p min 81 937
n 0 13
n 1 -13
a 0 2 0 1 0
a 0 3 0 1 0
a 0 4 0 1 0
a 0 5 0 1 0
a 0 6 0 1 0
a 0 7 0 1 0
a 0 8 0 1 0
a 0 9 0 1 0
a 0 10 0 1 0
a 0 11 0 1 0
a 0 12 0 1 0
a 0 13 0 1 0
a 0 14 0 1 0
a 2 15 0 1 7111731797056.226
a 2 16 0 1 18520515518576.504
a 2 17 0 1 17246312113544.81
a 2 18 0 1 10179381993668.66
a 2 19 0 1 6532030858872.371
a 2 20 0 1 9409512125624.299
a 2 21 0 1 9020714410534.945
a 2 22 0 1 8617697198119.277
a 2 23 0 1 11229455028683.9
a 2 24 0 1 14012578787803.713
a 2 25 0 1 17409822387985.004
a 2 26 0 1 7299942867853.5625
a 2 27 0 1 9094931523535.188
a 2 28 0 1 17794086672526.49
a 2 29 0 1 16926317354593.723
a 2 30 0 1 12212845322089.84
a 2 31 0 1 10994342590530.93
a 2 32 0 1 12695459966789.887
a 2 33 0 1 18164798579024.547
a 2 34 0 1 5693060617957.436
a 2 35 0 1 15659261729058.77
a 2 36 0 1 13928682775545.588
a 2 37 0 1 9066918792340.18
a 2 38 0 1 13223802024429.557
a 2 39 0 1 13953339930152.697
a 2 40 0 1 15406507398996.795
a 2 41 0 1 18998663862928.734
a 2 42 0 1 16387873031327.816
a 2 43 0 1 13241618469922.752
a 2 44 0 1 7073876232862.363
a 2 45 0 1 4263435517678.1006
a 2 46 0 1 18487460066260.156
a 2 47 0 1 16387395382545.785
a 2 48 0 1 4241710621501.7534
a 2 49 0 1 16037714035561.217
a 2 50 0 1 15145999962650.496
a 2 51 0 1 10591316896740.307
a 2 52 0 1 4130568774081.1846
a 2 53 0 1 8528932768210.386
a 2 54 0 1 13664341605359.031
a 2 55 0 1 5780313008386.113
a 2 56 0 1 7740768241095.974
a 2 57 0 1 11500039466081.336
a 2 58 0 1 16620872440527.57
a 2 59 0 1 15434687984613.906
a 2 60 0 1 15453667290885.643
a 2 61 0 1 7787623256093.273
a 2 62 0 1 5097300556535.928
a 2 63 0 1 16577029533742.434
a 2 64 0 1 8806881564011.518
a 2 65 0 1 4736890431920.168
a 2 66 0 1 7098796053126.206
a 2 67 0 1 9897437511221.982
a 2 68 0 1 8810695536266.71
a 2 69 0 1 16134541097914.053
a 2 70 0 1 18844615143508.402
a 2 71 0 1 12114701053653.918
a 2 72 0 1 18528467104992.36
a 2 73 0 1 6906710972884.567
a 2 74 0 1 14949288744548.068
a 2 75 0 1 6042202750392.066
a 2 76 0 1 7880834539632.973
a 2 77 0 1 13875326449317.84
a 2 78 0 1 3808871826035.6626
a 2 79 0 1 16986688221505.727
a 2 80 0 1 10472905867636.654
a 3 15 0 1 5855976181164.513
a 3 16 0 1 15246711790695.723
a 3 17 0 1 14198112968487.074
a 3 18 0 1 8381432476547.433
a 3 19 0 1 5378699459539.789
a 3 20 0 1 7747663412530.975
a 3 21 0 1 7427591430396.611
a 3 22 0 1 7095808110767.202
a 3 23 0 1 9245837201628.508
a 3 24 0 1 11536685071282.627
a 3 25 0 1 14332675913713.309
a 3 26 0 1 6010930837472.424
a 3 27 0 1 7488689964726.806
a 3 28 0 1 14648907763544.814
a 3 29 0 1 13934766449717.592
a 3 30 0 1 10055316159900.965
a 3 31 0 1 9052299300872.035
a 3 32 0 1 10452569154031.008
a 3 33 0 1 14953981934027.264
a 3 34 0 1 4687942390771.118
a 3 35 0 1 12891982244659.504
a 3 36 0 1 11467632290073.486
a 3 37 0 1 7465628771154.041
a 3 38 0 1 10887452648915.91
a 3 39 0 1 11487927022933.787
a 3 40 0 1 12683959502476.246
a 3 41 0 1 15640187336329.271
a 3 42 0 1 13491634445461.969
a 3 43 0 1 10902117375658.521
a 3 44 0 1 5824809454942.778
a 3 45 0 1 3510821729907.188
a 3 46 0 1 15219509672680.328
a 3 47 0 1 13491241343003.91
a 3 48 0 1 3492933418609.884
a 3 49 0 1 13203453363830.12
a 3 50 0 1 12469553529816.219
a 3 51 0 1 8720535653471.1875
a 3 52 0 1 3401418811616.1055
a 3 53 0 1 7022732194821.318
a 3 54 0 1 11250057914684.959
a 3 55 0 1 4759781800533.298
a 3 56 0 1 6373858851143.829
a 3 57 0 1 9468572354469.137
a 3 58 0 1 13683390832215.045
a 3 59 0 1 12707152891561.035
a 3 60 0 1 12722773362262.084
a 3 61 0 1 6412433828535.277
a 3 62 0 1 4197415478542.771
a 3 63 0 1 13647308659256.88
a 3 64 0 1 7251554535807.438
a 3 65 0 1 3900661274038.5283
a 3 66 0 1 5845326106499.594
a 3 67 0 1 8149333619782.021
a 3 68 0 1 7254694384114.818
a 3 69 0 1 13283142510604.646
a 3 70 0 1 15513419139544.715
a 3 71 0 1 9974530037903.0
a 3 72 0 1 15253255334834.273
a 3 73 0 1 5687180661624.823
a 3 74 0 1 12307652382099.85
a 3 75 0 1 4975407651039.891
a 3 76 0 1 6489172954730.011
a 3 77 0 1 11423715863984.408
a 3 78 0 1 3136530027345.9214
a 3 79 0 1 13984450206457.412
a 3 80 0 1 8623060746773.538
a 4 15 0 1 10330875776950.928
a 4 16 0 1 26919906102194.44
a 4 17 0 1 25066158562308.555
a 4 18 0 1 14789472100028.896
a 4 19 0 1 9488484911205.932
a 4 20 0 1 13670390548851.322
a 4 21 0 1 13105269033991.088
a 4 22 0 1 12519503548046.0
a 4 23 0 1 16316001606447.727
a 4 24 0 1 20362740768394.105
a 4 25 0 1 25304024149702.36
a 4 26 0 1 10604385148165.088
a 4 27 0 1 13213142606341.268
a 4 28 0 1 25863046336810.082
a 4 29 0 1 24600659896171.254
a 4 30 0 1 17745743868415.406
a 4 31 0 1 15974195520331.764
a 4 32 0 1 18447466700539.188
a 4 33 0 1 26402374038595.34
a 4 34 0 1 8269427770196.668
a 4 35 0 1 22757618113772.887
a 4 36 0 1 20240736424012.113
a 4 37 0 1 13172426381299.406
a 4 38 0 1 19215717897061.36
a 4 39 0 1 20276593559313.293
a 4 40 0 1 22389994362093.496
a 4 41 0 1 27615593823684.074
a 4 42 0 1 23817416281772.953
a 4 43 0 1 19241625159583.504
a 4 44 0 1 10275864510136.662
a 4 45 0 1 6192371349296.662
a 4 46 0 1 26871812959469.62
a 4 47 0 1 23816721493491.984
a 4 48 0 1 6160810333132.397
a 4 49 0 1 23308084062163.266
a 4 50 0 1 22011104119884.89
a 4 51 0 1 15388296944960.32
a 4 52 0 1 5999349246226.198
a 4 53 0 1 12390492173421.113
a 4 54 0 1 19856329787824.637
a 4 55 0 1 8396203994468.067
a 4 56 0 1 11245016051110.61
a 4 57 0 1 16709387221975.25
a 4 58 0 1 24156341540802.426
a 4 59 0 1 22430981714817.332
a 4 60 0 1 22458586302270.01
a 4 61 0 1 11313109986483.008
a 4 62 0 1 7403829467258.956
a 4 63 0 1 24092566204605.277
a 4 64 0 1 12794470550758.176
a 4 65 0 1 6880204506376.936
a 4 66 0 1 10312077679466.969
a 4 67 0 1 14379627629415.219
a 4 68 0 1 12800013963823.547
a 4 69 0 1 23448924335695.574
a 4 70 0 1 27391454969640.074
a 4 71 0 1 17603046202136.344
a 4 72 0 1 26931475074176.68
a 4 73 0 1 10032944491702.436
a 4 74 0 1 21725007955690.848
a 4 75 0 1 8776732219219.474
a 4 76 0 1 11448574024083.525
a 4 77 0 1 20163144453894.484
a 4 78 0 1 5532015219699.421
a 4 79 0 1 24688480634758.766
a 4 80 0 1 15216161608166.117
a 5 15 0 1 2526865853522.1553
a 5 16 0 1 6574944600877.354
a 5 17 0 1 6123170484880.158
a 5 18 0 1 3616007711555.876
a 5 19 0 1 2320992458701.9263
a 5 20 0 1 3342718912638.9937
a 5 21 0 1 3204691425651.7896
a 5 22 0 1 3061607447266.948
a 5 23 0 1 3988712797459.8867
a 5 24 0 1 4976252783911.8
a 5 25 0 1 6181148517525.078
a 5 26 0 1 2593702804245.064
a 5 27 0 1 3231039936716.166
a 5 28 0 1 6317396716598.327
a 5 29 0 1 6009701571684.702
a 5 30 0 1 4337697299795.648
a 5 31 0 1 3905268794041.755
a 5 32 0 1 4508948424001.588
a 5 33 0 1 6448832288727.6875
a 5 34 0 1 2023011495115.4707
a 5 35 0 1 5560355525749.431
a 5 36 0 1 4946489804068.018
a 5 37 0 1 3221094909274.04
a 5 38 0 1 4696411399509.745
a 5 39 0 1 4955237223705.171
a 5 40 0 1 5470709118925.829
a 5 41 0 1 6744452009709.467
a 5 42 0 1 5818759102613.267
a 5 43 0 1 4702732661165.221
a 5 44 0 1 2513422473519.318
a 5 45 0 1 1515159377413.9297
a 5 46 0 1 6563225733706.131
a 5 47 0 1 5818589712602.36
a 5 48 0 1 1507441113934.0076
a 5 49 0 1 5694577948028.765
a 5 50 0 1 5378309332292.132
a 5 51 0 1 3762223740773.361
a 5 52 0 1 1467955055396.9153
a 5 53 0 1 3030092089667.125
a 5 54 0 1 4852709608354.838
a 5 55 0 1 2054003061985.0667
a 5 56 0 1 2750240077094.0957
a 5 57 0 1 4084742598810.077
a 5 58 0 1 5901386944087.073
a 5 59 0 1 5480704320166.729
a 5 60 0 1 5487435951777.079
a 5 61 0 1 2766877709903.877
a 5 62 0 1 1811390084157.4258
a 5 63 0 1 5885839291629.793
a 5 64 0 1 3128775004121.721
a 5 65 0 1 1683358821553.8577
a 5 66 0 1 2522272082349.3584
a 5 67 0 1 3515926541621.4585
a 5 68 0 1 3130129088143.657
a 5 69 0 1 5728917556225.577
a 5 70 0 1 6689841823053.329
a 5 71 0 1 4302870256087.5674
a 5 72 0 1 6577763600301.451
a 5 73 0 1 2454057347989.458
a 5 74 0 1 5308535155188.832
a 5 75 0 1 2147022439973.03
a 5 76 0 1 2799975532655.6523
a 5 77 0 1 4927560901359.568
a 5 78 0 1 1353660098734.9106
a 5 79 0 1 6031109262327.59
a 5 80 0 1 3720194738239.67
a 6 15 0 1 11091921674937.562
a 6 16 0 1 28907092468669.047
a 6 17 0 1 26916079629381.29
a 6 18 0 1 15879570925734.402
a 6 19 0 1 10187401485234.379
a 6 20 0 1 14677864917005.494
a 6 21 0 1 14071027820941.73
a 6 22 0 1 13442029029254.148
a 6 23 0 1 17518844613726.66
a 6 24 0 1 21864667937704.723
a 6 25 0 1 27171555040554.95
a 6 26 0 1 11385606118447.31
a 6 27 0 1 14186863847867.773
a 6 28 0 1 27771967209281.336
a 6 29 0 1 26416121852701.395
a 6 30 0 1 19054221288397.754
a 6 31 0 1 17151790216359.578
a 6 32 0 1 19807803548408.87
a 6 33 0 1 28351232137452.95
a 6 34 0 1 8878457451162.262
a 6 35 0 1 24436685577032.508
a 6 36 0 1 21733642187429.95
a 6 37 0 1 14143142217728.854
a 6 38 0 1 20632841138783.5
a 6 39 0 1 21772150690007.242
a 6 40 0 1 24041863228332.184
a 6 41 0 1 29654310341869.664
a 6 42 0 1 25574906619607.69
a 6 43 0 1 20660663561970.49
a 6 44 0 1 11032852736508.084
a 6 45 0 1 6648312149286.041
a 6 46 0 1 28855437355624.6
a 6 47 0 1 25574160411696.918
a 6 48 0 1 6614425543254.387
a 6 49 0 1 25027882302861.67
a 6 50 0 1 23634943426577.887
a 6 51 0 1 16522617826908.678
a 6 52 0 1 6441067396165.769
a 6 53 0 1 13303496616791.219
a 6 54 0 1 21320813029230.35
a 6 55 0 1 9014580228524.898
a 6 56 0 1 12073497688995.334
a 6 57 0 1 17941291225248.28
a 6 58 0 1 25938915985369.25
a 6 59 0 1 24085882902720.53
a 6 60 0 1 24115529746938.902
a 6 61 0 1 12146615495051.754
a 6 62 0 1 7949050905469.377
a 6 63 0 1 25870420429226.055
a 6 64 0 1 13737289606821.193
a 6 65 0 1 7386833157145.648
a 6 66 0 1 11071737009710.146
a 6 67 0 1 15439464007953.922
a 6 68 0 1 13743242158321.465
a 6 69 0 1 25179144700089.965
a 6 70 0 1 29413568373694.41
a 6 71 0 1 18900978936339.215
a 6 72 0 1 28919518291264.367
a 6 73 0 1 10772015418255.752
a 6 74 0 1 23327684167519.867
a 6 75 0 1 9423164583877.871
a 6 76 0 1 12292074122177.9
a 6 77 0 1 21650312951269.508
a 6 78 0 1 5939301117187.341
a 6 79 0 1 26510443325737.316
a 6 80 0 1 16337769957939.357
a 7 15 0 1 13223138308455.781
a 7 16 0 1 34474954480821.79
a 7 17 0 1 32099028892707.19
a 7 18 0 1 18932699990894.363
a 7 19 0 1 12144579277115.625
a 7 20 0 1 17499478853794.857
a 7 21 0 1 16775760354745.404
a 7 22 0 1 16025632205609.533
a 7 23 0 1 20887911801713.51
a 7 24 0 1 26071996802167.65
a 7 25 0 1 32403882336780.305
a 7 26 0 1 13573339907861.709
a 7 27 0 1 16913905770292.285
a 7 28 0 1 33120355217402.684
a 7 29 0 1 31502449803105.184
a 7 30 0 1 22719331502712.6
a 7 31 0 1 20450102448470.58
a 7 32 0 1 23618261099546.75
a 7 33 0 1 33811611208254.617
a 7 34 0 1 10583857675339.686
a 7 35 0 1 29140600029192.234
a 7 36 0 1 25915682988500.457
a 7 37 0 1 16861763508665.076
a 7 38 0 1 24602462492172.66
a 7 39 0 1 25961623565139.887
a 7 40 0 1 28669525587927.434
a 7 41 0 1 35366682675172.01
a 7 42 0 1 30498692151101.492
a 7 43 0 1 24635652963353.574
a 7 44 0 1 13152702589090.791
a 7 45 0 1 7924948548091.611
a 7 46 0 1 34413310477058.977
a 7 47 0 1 30497801775080.457
a 7 48 0 1 7884548987011.495
a 7 49 0 1 29845990123057.31
a 7 50 0 1 28184025965340.215
a 7 51 0 1 19699664722351.945
a 7 52 0 1 7677872610846.024
a 7 53 0 1 15860424743743.094
a 7 54 0 1 25423183459261.598
a 7 55 0 1 10746159680659.654
a 7 56 0 1 14393628394351.24
a 7 57 0 1 21391799835416.086
a 7 58 0 1 30933032012266.156
a 7 59 0 1 28722046378204.906
a 7 60 0 1 28757418703412.242
a 7 61 0 1 14480820487523.314
a 7 62 0 1 9475733152788.963
a 7 63 0 1 30851301846207.367
a 7 64 0 1 16377749943624.38
a 7 65 0 1 8805427239930.334
a 7 66 0 1 13199069437776.848
a 7 67 0 1 18407795240463.984
a 7 68 0 1 16384848801805.299
a 7 69 0 1 30026472784213.75
a 7 70 0 1 35079378490892.402
a 7 71 0 1 22536536180521.742
a 7 72 0 1 34489783188039.277
a 7 73 0 1 12841673909220.31
a 7 74 0 1 27817438040127.836
a 7 75 0 1 11233329141489.22
a 7 76 0 1 14654278968956.238
a 7 77 0 1 25816271623731.223
a 7 78 0 1 7079679281666.5205
a 7 79 0 1 31614998728816.45
a 7 80 0 1 19479193653857.234
a 8 15 0 1 7120539381119.046
a 8 16 0 1 18543482606127.266
a 8 17 0 1 17267695932222.25
a 8 18 0 1 10191993195108.95
a 8 19 0 1 6540119966731.942
a 8 20 0 1 9421168503052.66
a 8 21 0 1 9031888649578.604
a 8 22 0 1 8628371711146.827
a 8 23 0 1 11243368846780.717
a 8 24 0 1 14029946599620.85
a 8 25 0 1 17431409351297.348
a 8 26 0 1 7308983739697.546
a 8 27 0 1 9106197794038.967
a 8 28 0 1 17816151074683.61
a 8 29 0 1 16947303634980.201
a 8 30 0 1 12227979322813.533
a 8 31 0 1 11007964724011.262
a 8 32 0 1 12711192893017.06
a 8 33 0 1 18187323621619.258
a 8 34 0 1 5700110083568.422
a 8 35 0 1 15678674199325.504
a 8 36 0 1 13945946435878.057
a 8 37 0 1 9078150326026.49
a 8 38 0 1 13240190700362.598
a 8 39 0 1 13970634200542.172
a 8 40 0 1 15425605978043.215
a 8 41 0 1 19022225196515.52
a 8 42 0 1 16408190453710.182
a 8 43 0 1 13258029260060.527
a 8 44 0 1 7082636896143.995
a 8 45 0 1 4268713871558.716
a 8 46 0 1 18510386074688.72
a 8 47 0 1 16407712211627.416
a 8 48 0 1 4246962065684.172
a 8 49 0 1 16057596533386.648
a 8 50 0 1 15164775041165.96
a 8 51 0 1 10604439066252.979
a 8 52 0 1 4135682553720.814
a 8 53 0 1 8539497222959.996
a 8 54 0 1 13681277116362.795
a 8 55 0 1 5787470586785.256
a 8 56 0 1 7750355555985.826
a 8 57 0 1 11514288995546.107
a 8 58 0 1 16641479285651.984
a 8 59 0 1 15453821559734.21
a 8 60 0 1 15472824435595.584
a 8 61 0 1 7797268655290.597
a 8 62 0 1 5103611885235.264
a 8 63 0 1 16597581917737.436
a 8 64 0 1 8817790652674.984
a 8 65 0 1 4742755267620.959
a 8 66 0 1 7107587603694.362
a 8 67 0 1 9909699013947.547
a 8 68 0 1 8821609354099.559
a 8 69 0 1 16154543858927.967
a 8 70 0 1 18867985017138.707
a 8 71 0 1 12129713265345.441
a 8 72 0 1 18551444074293.82
a 8 73 0 1 6915264444981.1455
a 8 74 0 1 14967819558138.947
a 8 75 0 1 6049684844478.486
a 8 76 0 1 7890595491033.667
a 8 77 0 1 13892523872262.646
a 8 78 0 1 3813587159414.2163
a 8 79 0 1 17007749500036.967
a 8 80 0 1 10485881153984.656
a 9 15 0 1 4359045464248.77
a 9 16 0 1 11346141379810.389
a 9 17 0 1 10566132283376.229
a 9 18 0 1 6238469575619.284
a 9 19 0 1 4003828587128.287
a 9 20 0 1 5766850050564.301
a 9 21 0 1 5528661653814.0
a 9 22 0 1 5281753275016.598
a 9 23 0 1 6881688340655.507
a 9 24 0 1 8586190079377.12
a 9 25 0 1 10666230765457.271
a 9 26 0 1 4474369514177.894
a 9 27 0 1 5574129778963.084
a 9 28 0 1 10901465713131.268
a 9 29 0 1 10370232171083.367
a 9 30 0 1 7484006171936.372
a 9 31 0 1 6737676229680.035
a 9 32 0 1 7779584027154.999
a 9 33 0 1 11128396655541.602
a 9 34 0 1 3489709637151.123
a 9 35 0 1 9594488444136.004
a 9 36 0 1 8534814830530.859
a 9 37 0 1 5556968187899.573
a 9 38 0 1 8103153089216.606
a 9 39 0 1 8549914127489.325
a 9 40 0 1 9439731316693.053
a 9 41 0 1 11638819042667.05
a 9 42 0 1 10040585065376.174
a 9 43 0 1 8114064032197.487
a 9 44 0 1 4335849692826.0996
a 9 45 0 1 2613550212652.743
a 9 46 0 1 11325907463900.037
a 9 47 0 1 10040292631562.064
a 9 48 0 1 2600235040850.197
a 9 49 0 1 9826201750924.373
a 9 50 0 1 9280223441329.115
a 9 51 0 1 6490806120921.194
a 9 52 0 1 2532115886498.6973
a 9 53 0 1 5227370580024.723
a 9 54 0 1 8372938191953.91
a 9 55 0 1 3543179484308.538
a 9 56 0 1 4744472337266.232
a 9 57 0 1 7047424178619.411
a 9 58 0 1 10183234221361.178
a 9 59 0 1 9456985977361.33
a 9 60 0 1 9468606772064.979
a 9 61 0 1 4773180749723.27
a 9 62 0 1 3124605952074.25
a 9 63 0 1 10156392518817.275
a 9 64 0 1 5397658127397.683
a 9 65 0 1 2903723953845.0645
a 9 66 0 1 4351119173031.2124
a 9 67 0 1 6065755153758.129
a 9 68 0 1 5399994758569.6045
a 9 69 0 1 9885484367005.785
a 9 70 0 1 11544526200013.535
a 9 71 0 1 7423896052234.54
a 9 72 0 1 11351008698965.283
a 9 73 0 1 4233419239435.1655
a 9 74 0 1 9159775329559.11
a 9 75 0 1 3703667769733.7705
a 9 76 0 1 4830291632333.331
a 9 77 0 1 8502140913687.431
a 9 78 0 1 2334943108832.2764
a 9 79 0 1 10407191516089.098
a 9 80 0 1 6418272721629.034
a 10 15 0 1 9815382647179.957
a 10 16 0 1 25574207455923.984
a 10 17 0 1 23813381122796.37
a 10 18 0 1 14051142449138.455
a 10 19 0 1 9015069292533.81
a 10 20 0 1 12988011989817.627
a 10 21 0 1 12451139838690.053
a 10 22 0 1 11894651984208.256
a 10 23 0 1 15501327465274.422
a 10 24 0 1 19345558506633.867
a 10 25 0 1 24039325533569.293
a 10 26 0 1 10075228529357.492
a 10 27 0 1 12553621283324.936
a 10 28 0 1 24570328606632.77
a 10 29 0 1 23371210189962.133
a 10 30 0 1 16859542618385.36
a 10 31 0 1 15176617932266.082
a 10 32 0 1 17526151494266.994
a 10 33 0 1 25082621067350.32
a 10 34 0 1 7856890453864.675
a 10 35 0 1 21620506232628.64
a 10 36 0 1 19229662160832.52
a 10 37 0 1 12514940299105.219
a 10 38 0 1 18255953498400.293
a 10 39 0 1 19263724169336.31
a 10 40 0 1 21271296264081.824
a 10 41 0 1 26235013314515.75
a 10 42 0 1 22627212237226.816
a 10 43 0 1 18280564049839.758
a 10 44 0 1 9763119435502.418
a 10 45 0 1 5883522436903.851
a 10 46 0 1 25528525512811.246
a 10 47 0 1 22626552259428.82
a 10 48 0 1 5853536609853.01
a 10 49 0 1 22143397307745.207
a 10 50 0 1 20911382579155.344
a 10 51 0 1 14620022023591.621
a 10 52 0 1 5700133767181.147
a 10 53 0 1 11772088330194.156
a 10 54 0 1 18864499307850.094
a 10 55 0 1 7977336376631.682
a 10 56 0 1 10683852746260.758
a 10 57 0 1 15875035026044.61
a 10 58 0 1 22949155934608.973
a 10 59 0 1 21310230688341.31
a 10 60 0 1 21336452637865.305
a 10 61 0 1 10748544363459.39
a 10 62 0 1 7034509272508.078
a 10 63 0 1 22888576103506.363
a 10 64 0 1 12155876099873.594
a 10 65 0 1 6537023601730.837
a 10 66 0 1 9797523601201.643
a 10 67 0 1 13661790698135.533
a 10 68 0 1 12161142443921.783
a 10 69 0 1 22277181838176.93
a 10 70 0 1 26022113388095.395
a 10 71 0 1 16723984832191.936
a 10 72 0 1 25585196401707.727
a 10 73 0 1 9532333946769.805
a 10 74 0 1 20639614378112.324
a 10 75 0 1 8338862678289.523
a 10 76 0 1 10877239780386.594
a 10 77 0 1 19155954653193.344
a 10 78 0 1 5256121971354.375
a 10 79 0 1 23454630112172.297
a 10 80 0 1 14456495013290.922
a 11 15 0 1 11098670211739.615
a 11 16 0 1 28924716255212.87
a 11 17 0 1 26932485787720.867
a 11 18 0 1 15889237692539.494
a 11 19 0 1 10193599048609.146
a 11 20 0 1 14686798901779.965
a 11 21 0 1 14079591842780.762
a 11 22 0 1 13450209631700.562
a 11 23 0 1 17529511311877.885
a 11 24 0 1 21877987348665.08
a 11 25 0 1 27188117406765.32
a 11 26 0 1 11392533572937.957
a 11 27 0 1 14195498486043.656
a 11 28 0 1 27788896727671.13
a 11 29 0 1 26432222343488.56
a 11 30 0 1 19065824884916.785
a 11 31 0 1 17162232984246.748
a 11 32 0 1 19819867107746.555
a 11 33 0 1 28368515924622.402
a 11 34 0 1 8883857896332.594
a 11 35 0 1 24451576212346.723
a 11 36 0 1 21746881580761.344
a 11 37 0 1 14151750201960.957
a 11 38 0 1 20645408366604.484
a 11 39 0 1 21785413600290.098
a 11 40 0 1 24056512609432.777
a 11 41 0 1 29672391242793.016
a 11 42 0 1 25590492882017.1
a 11 43 0 1 20673247776476.516
a 11 44 0 1 11039565288944.758
a 11 45 0 1 6652355038467.244
a 11 46 0 1 28873029544795.895
a 11 47 0 1 25589746217999.355
a 11 48 0 1 6618447810026.923
a 11 49 0 1 25043134227001.87
a 11 50 0 1 23649344184340.113
a 11 51 0 1 16532676797263.896
a 11 52 0 1 6444984164701.057
a 11 53 0 1 13311592781368.344
a 11 54 0 1 21333800322952.97
a 11 55 0 1 9020063558281.531
a 11 56 0 1 12080844266425.205
a 11 57 0 1 17952215670442.895
a 11 58 0 1 25954724751661.734
a 11 59 0 1 24100559180734.26
a 11 60 0 1 24130224139929.81
a 11 61 0 1 12154006626068.299
a 11 62 0 1 7953885508366.346
a 11 63 0 1 25886187325590.45
a 11 64 0 1 13745650184618.994
a 11 65 0 1 7391325528853.377
a 11 66 0 1 11078473250106.938
a 11 67 0 1 15448862380715.555
a 11 68 0 1 13751606364608.664
a 11 69 0 1 25194489070764.57
a 11 70 0 1 29431501990886.516
a 11 71 0 1 18912489008336.105
a 11 72 0 1 28937149678726.066
a 11 73 0 1 10778569076359.947
a 11 74 0 1 23341897208839.914
a 11 75 0 1 9428896714540.627
a 11 76 0 1 12299553889151.457
a 11 77 0 1 21663501456565.29
a 11 78 0 1 5942912556310.334
a 11 79 0 1 26526601480726.668
a 11 80 0 1 16347716180970.988
a 12 15 0 1 8303994088950.579
a 12 16 0 1 21630198327107.297
a 12 17 0 1 20141553567299.35
a 12 18 0 1 11886631642996.2
a 12 19 0 1 7627022516835.777
a 12 20 0 1 10987478537179.926
a 12 21 0 1 10533400702709.115
a 12 22 0 1 10062723085300.787
a 12 23 0 1 13113085224988.979
a 12 24 0 1 16363930737129.758
a 12 25 0 1 20332577601822.44
a 12 26 0 1 8523789204520.899
a 12 27 0 1 10620078529544.9
a 12 28 0 1 20781506534246.098
a 12 29 0 1 19767717014510.04
a 12 30 0 1 14261700552173.857
a 12 31 0 1 12838476672152.582
a 12 32 0 1 14825418033507.537
a 12 33 0 1 21214608806649.24
a 12 34 0 1 6647304524551.581
a 12 35 0 1 18287514186785.645
a 12 36 0 1 16265930344767.682
a 12 37 0 1 10587362559680.701
a 12 38 0 1 15442559438579.668
a 12 39 0 1 16294732763266.453
a 12 40 0 1 17992249594436.01
a 12 41 0 1 22188835350532.45
a 12 42 0 1 19138685391367.332
a 12 43 0 1 15463370544280.158
a 12 44 0 1 8259786106223.815
a 12 45 0 1 4977915068740.725
a 12 46 0 1 21591578897034.76
a 12 47 0 1 19138127389286.707
a 12 48 0 1 4952547371753.836
a 12 49 0 1 18729623059100.58
a 12 50 0 1 17687930940210.445
a 12 51 0 1 12367753227883.857
a 12 52 0 1 4822769744576.1045
a 12 53 0 1 9959057455210.24
a 12 54 0 1 15957150903467.842
a 12 55 0 1 6749193115501.447
a 12 56 0 1 9038596548391.02
a 12 57 0 1 13429127745382.307
a 12 58 0 1 19410882762802.082
a 12 59 0 1 18025169675131.79
a 12 60 0 1 18047340998079.29
a 12 61 0 1 9093315569977.404
a 12 62 0 1 5951617537983.43
a 12 63 0 1 19359663887413.98
a 12 64 0 1 10283667689698.076
a 12 65 0 1 5530763539072.794
a 12 66 0 1 8288887632826.582
a 12 67 0 1 11557337486856.174
a 12 68 0 1 10288121967567.951
a 12 69 0 1 18842737701603.414
a 12 70 0 1 22008853845553.734
a 12 71 0 1 14147064540207.36
a 12 72 0 1 21639488352142.91
a 12 73 0 1 8064570163403.938
a 12 74 0 1 17458139560456.803
a 12 75 0 1 7055015759360.351
a 12 76 0 1 9202171453191.78
a 12 77 0 1 16203604056858.121
a 12 78 0 1 4447135195321.114
a 12 79 0 1 19838245429866.727
a 12 80 0 1 12229453644826.617
a 13 15 0 1 3632538323936.7764
a 13 16 0 1 9453850713809.367
a 13 17 0 1 8804062132011.057
a 13 18 0 1 5198537752528.549
a 13 19 0 1 3336546967830.3022
a 13 20 0 1 4805579112125.768
a 13 21 0 1 4607115182452.993
a 13 22 0 1 4401383651406.262
a 13 23 0 1 5734463317122.89
a 13 24 0 1 7154578705948.334
a 13 25 0 1 8887450519393.846
a 13 26 0 1 3728633458506.2397
a 13 27 0 1 4645000387218.134
a 13 28 0 1 9083414894787.371
a 13 29 0 1 8640863979116.018
a 13 30 0 1 6236298493204.086
a 13 31 0 1 5614474541679.139
a 13 32 0 1 6482561843187.707
a 13 33 0 1 9272459872156.553
a 13 34 0 1 2908140227283.9014
a 13 35 0 1 7994604485601.987
a 13 36 0 1 7111776482293.835
a 13 37 0 1 4630700918391.233
a 13 38 0 1 6752143112867.39
a 13 39 0 1 7124356157339.406
a 13 40 0 1 7865676532141.428
a 13 41 0 1 9697661565729.172
a 13 42 0 1 8366242686183.561
a 13 43 0 1 6761233496677.046
a 13 44 0 1 3613210120454.165
a 13 45 0 1 2178031720385.2036
a 13 46 0 1 9436995044331.562
a 13 47 0 1 8365999064869.085
a 13 48 0 1 2166935924485.7502
a 13 49 0 1 8187643094380.053
a 13 50 0 1 7732789934573.389
a 13 51 0 1 5408784449306.065
a 13 52 0 1 2110170797769.0183
a 13 53 0 1 4356070082547.201
a 13 54 0 1 6976911763771.127
a 13 55 0 1 2952696152467.5776
a 13 56 0 1 3953698179219.074
a 13 57 0 1 5872551161319.812
a 13 58 0 1 8485080788368.135
a 13 59 0 1 7880051404575.851
a 13 60 0 1 7889732693126.616
a 13 61 0 1 3977619490717.4478
a 13 62 0 1 2603900285932.087
a 13 63 0 1 8462719563244.272
a 13 64 0 1 4497959323846.373
a 13 65 0 1 2419837827260.0854
a 13 66 0 1 3625933631994.543
a 13 67 0 1 5054630998805.576
a 13 68 0 1 4499906276107.72
a 13 69 0 1 8237030718680.098
a 13 70 0 1 9619112590030.264
a 13 71 0 1 6186216863883.856
a 13 72 0 1 9457905385366.826
a 13 73 0 1 3527858295582.8657
a 13 74 0 1 7632443629920.0
a 13 75 0 1 3086428995440.3335
a 13 76 0 1 4025207108600.5513
a 13 77 0 1 7084554841796.428
a 13 78 0 1 1945861730888.2397
a 13 79 0 1 8671653727989.102
a 13 80 0 1 5348349862104.892
a 14 15 0 1 3704810189843.1904
a 14 16 0 1 9642070267234.629
a 14 17 0 1 8979331471128.9
a 14 18 0 1 5301985285207.51
a 14 19 0 1 3402927573263.9106
a 14 20 0 1 4901202609319.683
a 14 21 0 1 4698787421583.422
a 14 22 0 1 4488960134736.425
a 14 23 0 1 5848582603964.998
a 14 24 0 1 7296982897710.541
a 14 25 0 1 9064381669285.215
a 14 26 0 1 3802818040850.499
a 14 27 0 1 4737426876243.908
a 14 28 0 1 9264251461286.234
a 14 29 0 1 8812881107648.592
a 14 30 0 1 6360411918444.036
a 14 31 0 1 5726204404806.632
a 14 32 0 1 6611580078467.112
a 14 33 0 1 9457064127406.268
a 14 34 0 1 2965994769448.1562
a 14 35 0 1 8153744187717.523
a 14 36 0 1 7253328030220.462
a 14 37 0 1 4722842721012.472
a 14 38 0 1 6886530904806.593
a 14 39 0 1 7266158298421.998
a 14 40 0 1 8022247437774.276
a 14 41 0 1 9890740752260.56
a 14 42 0 1 8532787446643.776
a 14 43 0 1 6895802358050.966
a 14 44 0 1 3685097275192.8647
a 14 45 0 1 2221357768956.0474
a 14 46 0 1 9624878641167.898
a 14 47 0 1 8532538970853.739
a 14 48 0 1 2210041196051.0347
a 14 49 0 1 8350629096956.674
a 14 50 0 1 7886713251990.831
a 14 51 0 1 5516418412726.781
a 14 52 0 1 2152146602376.4277
a 14 53 0 1 4442744478381.26
a 14 54 0 1 7115776788376.428
a 14 55 0 1 3011437397569.875
a 14 56 0 1 4032362709763.157
a 14 57 0 1 5989420375123.384
a 14 58 0 1 8653993587858.195
a 14 59 0 1 8036908715321.182
a 14 60 0 1 8046782894512.965
a 14 61 0 1 4056760192599.8403
a 14 62 0 1 2655700427921.8086
a 14 63 0 1 8631186774553.986
a 14 64 0 1 4587458435656.305
a 14 65 0 1 2467975321001.47
a 14 66 0 1 3698074037024.849
a 14 67 0 1 5155213180379.419
a 14 68 0 1 4589444148290.372
a 14 69 0 1 8401000799265.589
a 14 70 0 1 9810626109540.168
a 14 71 0 1 6309332851498.946
a 14 72 0 1 9646205754150.736
a 14 73 0 1 3598046616972.722
a 14 74 0 1 7784367735809.429
a 14 75 0 1 3147831699969.63
a 14 76 0 1 4105295085051.202
a 14 77 0 1 7225564124130.311
a 14 78 0 1 1984568330346.3484
a 14 79 0 1 8844284424681.475
a 14 80 0 1 5454780431283.408
a 15 1 0 1 0
a 16 1 0 1 0
a 17 1 0 1 0
a 18 1 0 1 0
a 19 1 0 1 0
a 20 1 0 1 0
a 21 1 0 1 0
a 22 1 0 1 0
a 23 1 0 1 0
a 24 1 0 1 0
a 25 1 0 1 0
a 26 1 0 1 0
a 27 1 0 1 0
a 28 1 0 1 0
a 29 1 0 1 0
a 30 1 0 1 0
a 31 1 0 1 0
a 32 1 0 1 0
a 33 1 0 1 0
a 34 1 0 1 0
a 35 1 0 1 0
a 36 1 0 1 0
a 37 1 0 1 0
a 38 1 0 1 0
a 39 1 0 1 0
a 40 1 0 1 0
a 41 1 0 1 0
a 42 1 0 1 0
a 43 1 0 1 0
a 44 1 0 1 0
a 45 1 0 1 0
a 46 1 0 1 0
a 47 1 0 1 0
a 48 1 0 1 0
a 49 1 0 1 0
a 50 1 0 1 0
a 51 1 0 1 0
a 52 1 0 1 0
a 53 1 0 1 0
a 54 1 0 1 0
a 55 1 0 1 0
a 56 1 0 1 0
a 57 1 0 1 0
a 58 1 0 1 0
a 59 1 0 1 0
a 60 1 0 1 0
a 61 1 0 1 0
a 62 1 0 1 0
a 63 1 0 1 0
a 64 1 0 1 0
a 65 1 0 1 0
a 66 1 0 1 0
a 67 1 0 1 0
a 68 1 0 1 0
a 69 1 0 1 0
a 70 1 0 1 0
a 71 1 0 1 0
a 72 1 0 1 0
a 73 1 0 1 0
a 74 1 0 1 0
a 75 1 0 1 0
a 76 1 0 1 0
a 77 1 0 1 0
a 78 1 0 1 0
a 79 1 0 1 0
a 80 1 0 1 0
