p min 81 937
n 0 13
n 1 -13
a 0 2 0 1 0
a 0 3 0 1 0
a 0 4 0 1 0
a 0 5 0 1 0
a 0 6 0 1 0
a 0 7 0 1 0
a 0 8 0 1 0
a 0 9 0 1 0
a 0 10 0 1 0
a 0 11 0 1 0
a 0 12 0 1 0
a 0 13 0 1 0
a 0 14 0 1 0
a 2 15 0 1 20988985325760.95
a 2 16 0 1 18300296232850.195
a 2 17 0 1 6222804621478.189
a 2 18 0 1 27742743728192.805
a 2 19 0 1 12078811234213.176
a 2 20 0 1 15405703456795.945
a 2 21 0 1 28607591120355.57
a 2 22 0 1 19011297638544.492
a 2 23 0 1 24454347887603.133
a 2 24 0 1 26860928485063.15
a 2 25 0 1 25635208706147.426
a 2 26 0 1 16083232158977.617
a 2 27 0 1 8852203118770.31
a 2 28 0 1 18068364233247.438
a 2 29 0 1 10167285984329.418
a 2 30 0 1 15916745380569.004
a 2 31 0 1 6541648799320.033
a 2 32 0 1 22981276475492.887
a 2 33 0 1 16355090262889.367
a 2 34 0 1 12750573070118.299
a 2 35 0 1 16436647067892.16
a 2 36 0 1 16700481092531.238
a 2 37 0 1 19317643167312.945
a 2 38 0 1 23204694421529.605
a 2 39 0 1 23422195864262.184
a 2 40 0 1 9197961586239.74
a 2 41 0 1 15987237099274.832
a 2 42 0 1 23640360013596.902
a 2 43 0 1 19182404751321.977
a 2 44 0 1 25404728645576.996
a 2 45 0 1 8724460470958.536
a 2 46 0 1 11398828408539.55
a 2 47 0 1 24609655587380.94
a 2 48 0 1 17533591262463.416
a 2 49 0 1 16597154990775.271
a 2 50 0 1 23517553781397.727
a 2 51 0 1 13589451514258.04
a 2 52 0 1 26035116501254.48
a 2 53 0 1 26287405848229.348
a 2 54 0 1 21499384821419.566
a 2 55 0 1 7967773503334.877
a 2 56 0 1 8086684099905.395
a 2 57 0 1 15972274127934.959
a 2 58 0 1 28250232544639.49
a 2 59 0 1 16877719890898.373
a 2 60 0 1 12087783903754.035
a 2 61 0 1 28137152346681.504
a 2 62 0 1 6544922327846.851
a 2 63 0 1 18503477079358.5
a 2 64 0 1 16525688260746.598
a 2 65 0 1 15815819875873.395
a 2 66 0 1 17551549792168.232
a 2 67 0 1 8513360446132.628
a 2 68 0 1 12631137744535.457
a 2 69 0 1 8656790245208.133
a 2 70 0 1 12437662428662.074
a 2 71 0 1 27418496520264.305
a 2 72 0 1 22544540277155.934
a 2 73 0 1 25876929793487.176
a 2 74 0 1 10166141164644.918
a 2 75 0 1 23788724593480.13
a 2 76 0 1 10097052454032.402
a 2 77 0 1 27331785060207.45
a 2 78 0 1 18765687497721.227
a 2 79 0 1 23775775529057.848
a 2 80 0 1 5833754191411.279
a 3 15 0 1 25737763509039.594
a 3 16 0 1 22439182902716.133
a 3 17 0 1 7627786559373.885
a 3 18 0 1 34025562602513.15
a 3 19 0 1 14808215643305.842
a 3 20 0 1 18888509796998.695
a 3 21 0 1 35087061947303.23
a 3 22 0 1 23311419983711.914
a 3 23 0 1 29989878736697.62
a 3 24 0 1 32943286680916.72
a 3 25 0 1 31439010296598.87
a 3 26 0 1 19719557188063.223
a 3 27 0 1 10851591538351.7
a 3 28 0 1 22154662072289.83
a 3 29 0 1 12464129941153.4
a 3 30 0 1 19515344072154.125
a 3 31 0 1 8018685711203.775
a 3 32 0 1 28182276946070.434
a 3 33 0 1 20053022859761.59
a 3 34 0 1 15632046409703.494
a 3 35 0 1 20153062715647.457
a 3 36 0 1 20476691818894.145
a 3 37 0 1 23687246283696.906
a 3 38 0 1 28456423522941.363
a 3 39 0 1 28723313288686.54
a 3 40 0 1 11275545608723.672
a 3 41 0 1 19601809181330.457
a 3 42 0 1 28991019291734.508
a 3 43 0 1 23521334345010.18
a 3 44 0 1 31156162202140.254
a 3 45 0 1 10694960962576.965
a 3 46 0 1 13974332249657.064
a 3 47 0 1 30180464493316.97
a 3 48 0 1 21498646494807.47
a 3 49 0 1 20349947462297.62
a 3 50 0 1 28840325203667.72
a 3 51 0 1 16660865028068.715
a 3 52 0 1 31929790379239.535
a 3 53 0 1 32239413499374.863
a 3 54 0 1 26363992316378.34
a 3 55 0 1 9767176948535.639
a 3 56 0 1 9912972401210.895
a 3 57 0 1 19583455581098.133
a 3 58 0 1 34648440131427.04
a 3 59 0 1 20694102342872.973
a 3 60 0 1 14819219295415.504
a 3 61 0 1 34509647237457.22
a 3 62 0 1 8022699051693.08
a 3 63 0 1 22688436304241.383
a 3 64 0 1 20262283616966.508
a 3 65 0 1 19391549448925.926
a 3 66 0 1 21520676247540.996
a 3 67 0 1 10436124721788.297
a 3 68 0 1 15485572009167.28
a 3 69 0 1 10611988105203.564
a 3 70 0 1 15248297570878.893
a 3 71 0 1 33627599344877.246
a 3 72 0 1 27646385940714.996
a 3 73 0 1 31735657188031.25
a 3 74 0 1 12462726129329.572
a 3 75 0 1 29173077019406.375
a 3 76 0 1 12378007659944.564
a 3 77 0 1 33521175594412.785
a 3 78 0 1 23010108518475.938
a 3 79 0 1 29157187205323.36
a 3 80 0 1 7150824165548.3545
a 4 15 0 1 23790440199650.19
a 4 16 0 1 20742027063868.293
a 4 17 0 1 7051778872753.603
a 4 18 0 1 31448909416084.723
a 4 19 0 1 13689126975198.684
a 4 20 0 1 17460444187361.068
a 4 21 0 1 32429724139455.02
a 4 22 0 1 21548129936908.684
a 4 23 0 1 27719811813788.81
a 4 24 0 1 30448878586218.152
a 4 25 0 1 29058884806634.953
a 4 26 0 1 18228528298698.74
a 4 27 0 1 10031858864731.559
a 4 28 0 1 20479076336755.582
a 4 29 0 1 11522423936253.928
a 4 30 0 1 18039788169416.477
a 4 31 0 1 7413134311544.222
a 4 32 0 1 26049446111655.418
a 4 33 0 1 18536726224677.633
a 4 34 0 1 14450595445628.764
a 4 35 0 1 18629185395482.297
a 4 36 0 1 18928289864090.492
a 4 37 0 1 21895456788767.652
a 4 38 0 1 26302782426844.477
a 4 39 0 1 26549411623838.324
a 4 40 0 1 10423748861835.238
a 4 41 0 1 18119702001463.67
a 4 42 0 1 26796793938723.082
a 4 43 0 1 21742126471691.016
a 4 44 0 1 28797521109727.176
a 4 45 0 1 9887073685213.434
a 4 46 0 1 12918355706426.973
a 4 47 0 1 27895924911396.227
a 4 48 0 1 19872789658748.03
a 4 49 0 1 18811150404351.242
a 4 50 0 1 26657540377746.156
a 4 51 0 1 15401519253666.516
a 4 52 0 1 29512383456420.008
a 4 53 0 1 29798484479981.746
a 4 54 0 1 24369155386506.78
a 4 55 0 1 9029446478077.986
a 4 56 0 1 9164218144995.605
a 4 57 0 1 18102739024501.895
a 4 58 0 1 32024444200155.844
a 4 59 0 1 19129224055825.605
a 4 60 0 1 13699297745501.957
a 4 61 0 1 31896201012408.48
a 4 62 0 1 7416844315579.036
a 4 63 0 1 20972382984419.457
a 4 64 0 1 18730129718572.242
a 4 65 0 1 17925372991226.324
a 4 66 0 1 19893149570859.242
a 4 67 0 1 9647811414968.186
a 4 68 0 1 14315209655422.502
a 4 69 0 1 9810375600869.695
a 4 70 0 1 14095896965658.977
a 4 71 0 1 31081190670678.188
a 4 72 0 1 25554230686289.83
a 4 73 0 1 29332997791029.723
a 4 74 0 1 11521126327770.885
a 4 75 0 1 26965029557459.37
a 4 76 0 1 11442817052132.162
a 4 77 0 1 30982854505332.707
a 4 78 0 1 21269665706719.676
a 4 79 0 1 26950346144371.984
a 4 80 0 1 6610861424412.221
a 5 15 0 1 21136772748971.445
a 5 16 0 1 18429111894476.008
a 5 17 0 1 6266545580603.991
a 5 18 0 1 27938238808269.383
a 5 19 0 1 12163772562699.979
a 5 20 0 1 15514107689232.207
a 5 21 0 1 28809200766256.98
a 5 22 0 1 19145129073983.367
a 5 23 0 1 24626604841019.082
a 5 24 0 1 27050190297198.594
a 5 25 0 1 25815808416802.453
a 5 26 0 1 16196412805784.203
a 5 27 0 1 8914445462799.81
a 5 28 0 1 18195543904751.812
a 5 29 0 1 10238785952708.895
a 5 30 0 1 16028752266092.273
a 5 31 0 1 6587632658760.314
a 5 32 0 1 23143129411702.49
a 5 33 0 1 16470187654900.406
a 5 34 0 1 12840266502829.086
a 5 35 0 1 16552319502611.291
a 5 36 0 1 16818013849116.875
a 5 37 0 1 19453635978409.96
a 5 38 0 1 23368125086670.65
a 5 39 0 1 23587162555797.14
a 5 40 0 1 9262637649370.37
a 5 41 0 1 16099740958372.355
a 5 42 0 1 23806867489479.266
a 5 43 0 1 19317443388808.633
a 5 44 0 1 25583699839945.492
a 5 45 0 1 8785803711467.629
a 5 46 0 1 11479000472175.734
a 5 47 0 1 24783009656017.727
a 5 48 0 1 17656999114935.816
a 5 49 0 1 16713959170430.59
a 5 50 0 1 23683193928651.246
a 5 51 0 1 13685055308857.678
a 5 52 0 1 26218542070068.85
a 5 53 0 1 26472614297573.93
a 5 54 0 1 21650775029963.453
a 5 55 0 1 8023791426340.336
a 5 56 0 1 8143538815251.111
a 5 57 0 1 16084672495928.48
a 5 58 0 1 28449315477590.703
a 5 59 0 1 16996502441078.723
a 5 60 0 1 12172808433725.418
a 5 61 0 1 28335435786809.715
a 5 62 0 1 6590929215690.467
a 5 63 0 1 18633725999989.71
a 5 64 0 1 16641988521695.396
a 5 65 0 1 15927115240769.492
a 5 66 0 1 17675084300753.82
a 5 67 0 1 8573217939146.396
a 5 68 0 1 12719989782912.896
a 5 69 0 1 8717657206566.908
a 5 70 0 1 12525151527492.387
a 5 71 0 1 27611699453090.6
a 5 72 0 1 22703309313392.047
a 5 73 0 1 26059237540312.99
a 5 74 0 1 10237633072752.584
a 5 75 0 1 23956279938768.26
a 5 76 0 1 10168057936853.219
a 5 77 0 1 27524375047231.344
a 5 78 0 1 18897786177955.52
a 5 79 0 1 23943239416253.297
a 5 80 0 1 5874758610938.68
a 6 15 0 1 11932909057123.623
a 6 16 0 1 10405693073116.977
a 6 17 0 1 3540458254887.7915
a 6 18 0 1 15767344067842.58
a 6 19 0 1 6870229810087.668
a 6 20 0 1 8761064156726.98
a 6 21 0 1 16258173553741.467
a 6 22 0 1 10809592325153.67
a 6 23 0 1 13900684809168.777
a 6 24 0 1 15266841243418.445
a 6 25 0 1 14571071260176.24
a 6 26 0 1 9146059975015.982
a 6 27 0 1 5035794574342.952
a 6 28 0 1 10273933061256.97
a 6 29 0 1 5783534408077.832
a 6 30 0 1 9051458690946.352
a 6 31 0 1 3721805426435.816
a 6 32 0 1 13064297036428.582
a 6 33 0 1 9300532093179.373
a 6 34 0 1 7252075047378.681
a 6 35 0 1 9346872558665.3
a 6 36 0 1 9496780117980.986
a 6 37 0 1 10983609520091.47
a 6 38 0 1 13191158271083.867
a 6 39 0 1 13314657285867.107
a 6 40 0 1 5232398022599.501
a 6 41 0 1 9091513757131.084
a 6 42 0 1 13438529905268.607
a 6 43 0 1 10906789043434.928
a 6 44 0 1 14440231622627.348
a 6 45 0 1 4963156481519.563
a 6 46 0 1 6483685608806.049
a 6 47 0 1 13988859037834.287
a 6 48 0 1 9970118238965.588
a 6 49 0 1 9438071844278.812
a 6 50 0 1 13368801411719.951
a 6 51 0 1 7728877506254.647
a 6 52 0 1 14798085037949.34
a 6 53 0 1 14941296296142.207
a 6 54 0 1 12222777546490.967
a 6 55 0 1 4532863910027.511
a 6 56 0 1 4600484959575.701
a 6 57 0 1 9083011465458.875
a 6 58 0 1 16055365872775.035
a 6 59 0 1 9597483024330.672
a 6 60 0 1 6875330254586.42
a 6 61 0 1 15991189240515.166
a 6 62 0 1 3723667262676.3716
a 6 63 0 1 10521117126610.156
a 6 64 0 1 9397465214054.44
a 6 65 0 1 8994109937191.662
a 6 66 0 1 9980321087677.096
a 6 67 0 1 4843116999788.466
a 6 68 0 1 7184187060572.277
a 6 69 0 1 4924676898330.903
a 6 70 0 1 7074212445889.261
a 6 71 0 1 15583312163314.857
a 6 72 0 1 12816301232174.734
a 6 73 0 1 14708289013704.236
a 6 74 0 1 5782883520260.104
a 6 75 0 1 13522769107739.932
a 6 76 0 1 5743602961501.906
a 6 77 0 1 15534096622703.432
a 6 78 0 1 10670071565326.822
a 6 79 0 1 13515416871038.98
a 6 80 0 1 3319172499666.3984
a 7 15 0 1 19616476858697.547
a 7 16 0 1 17103952493736.49
a 7 17 0 1 5816530300815.65
a 7 18 0 1 25927274664244.24
a 7 19 0 1 11289712833915.443
a 7 20 0 1 14398901503586.428
a 7 21 0 1 26735352571203.734
a 7 22 0 1 17768378518017.88
a 7 23 0 1 22854636144066.996
a 7 24 0 1 25103331818903.445
a 7 25 0 1 23958036213721.453
a 7 26 0 1 15032075307146.27
a 7 27 0 1 8274097096006.0
a 7 28 0 1 16887212061164.547
a 7 29 0 1 9503202557220.129
a 7 30 0 1 14876488303447.938
a 7 31 0 1 6114543129964.538
a 7 32 0 1 21478165991076.562
a 7 33 0 1 15286134208812.768
a 7 34 0 1 11917528803195.496
a 7 35 0 1 15362351091095.113
a 7 36 0 1 15608909970419.176
a 7 37 0 1 18054654154509.363
a 7 38 0 1 21686934577047.06
a 7 39 0 1 21890173924244.91
a 7 40 0 1 8597252945959.702
a 7 41 0 1 14942365025549.021
a 7 42 0 1 22094031852270.746
a 7 43 0 1 17928275898538.88
a 7 44 0 1 23742676464667.71
a 7 45 0 1 8154704702415.769
a 7 46 0 1 10654207212849.947
a 7 47 0 1 22999757272038.61
a 7 48 0 1 16387463879266.598
a 7 49 0 1 15512349501905.982
a 7 50 0 1 21979278781713.65
a 7 51 0 1 12701519888683.223
a 7 52 0 1 24331706856267.13
a 7 53 0 1 24567442841193.715
a 7 54 0 1 20093423122887.297
a 7 55 0 1 7447475980464.691
a 7 56 0 1 7558614927526.23
a 7 57 0 1 14928381665370.54
a 7 58 0 1 26401452665848.582
a 7 59 0 1 15774543096224.871
a 7 60 0 1 11298098563862.422
a 7 61 0 1 26295795199646.8
a 7 62 0 1 6117602778538.265
a 7 63 0 1 17293824353333.664
a 7 64 0 1 15445562214760.383
a 7 65 0 1 14782170131924.223
a 7 66 0 1 16404246286070.217
a 7 67 0 1 7957403315978.579
a 7 68 0 1 11805907260022.834
a 7 69 0 1 8091457836571.969
a 7 70 0 1 11625089197057.406
a 7 71 0 1 25624308659002.223
a 7 72 0 1 21070064249267.668
a 7 73 0 1 24183898732662.805
a 7 74 0 1 9502132594066.979
a 7 75 0 1 22232666968280.406
a 7 76 0 1 9437561365300.762
a 7 77 0 1 25543288050045.723
a 7 78 0 1 17538858301452.121
a 7 79 0 1 22220567090975.977
a 7 80 0 1 5452896134866.974
a 8 15 0 1 11512035575565.496
a 8 16 0 1 10038746744888.783
a 8 17 0 1 3415702735475.4644
a 8 18 0 1 15210993127927.36
a 8 19 0 1 6628053194351.64
a 8 20 0 1 8452170467078.291
a 8 21 0 1 15684472396802.041
a 8 22 0 1 10428385787643.795
a 8 23 0 1 13410300698569.428
a 8 24 0 1 14728180513364.193
a 8 25 0 1 14056999166328.996
a 8 26 0 1 8823578480747.682
a 8 27 0 1 4858318244398.6455
a 8 28 0 1 9911638421672.91
a 8 29 0 1 5579688577138.355
a 8 30 0 1 8732316103654.793
a 8 31 0 1 3590657114675.9355
a 8 32 0 1 12603461590361.418
a 8 33 0 1 8972598428718.262
a 8 34 0 1 6996427485625.918
a 8 35 0 1 9017303247960.828
a 8 36 0 1 9161919512117.967
a 8 37 0 1 10596258675829.262
a 8 38 0 1 12725841309622.986
a 8 39 0 1 12844977461892.256
a 8 40 0 1 5047988776633.584
a 8 41 0 1 8770957454043.494
a 8 42 0 1 12964473900181.527
a 8 43 0 1 10522150653358.336
a 8 44 0 1 13930783000601.766
a 8 45 0 1 4788241544787.7
a 8 46 0 1 6255144547967.137
a 8 47 0 1 13495359508367.652
a 8 48 0 1 9618549035513.385
a 8 49 0 1 9105283488490.135
a 8 50 0 1 12897208794851.879
a 8 51 0 1 7456407441213.563
a 8 52 0 1 14275990654073.021
a 8 53 0 1 14414140856059.703
a 8 54 0 1 11791666523181.531
a 8 55 0 1 4373121272912.2583
a 8 56 0 1 4438358071453.924
a 8 57 0 1 8762755245912.665
a 8 58 0 1 15488833946569.807
a 8 59 0 1 9259067803645.014
a 8 60 0 1 6632973710097.88
a 8 61 0 1 15426925884415.822
a 8 62 0 1 3592453316726.46
a 8 63 0 1 10150095726652.502
a 8 64 0 1 9066110151378.066
a 8 65 0 1 8676991412515.972
a 8 66 0 1 9628391709454.436
a 8 67 0 1 4672434852243.781
a 8 68 0 1 6930934572022.536
a 8 69 0 1 4751118827163.72
a 8 70 0 1 6824839760846.239
a 8 71 0 1 15033466036714.91
a 8 72 0 1 12364226151304.695
a 8 73 0 1 14189367920608.639
a 8 74 0 1 5579060645181.616
a 8 75 0 1 13045737025055.959
a 8 76 0 1 5541165448074.697
a 8 77 0 1 14985990029321.293
a 8 78 0 1 10293791141557.8
a 8 79 0 1 13038644536942.014
a 8 80 0 1 3202217325904.7563
a 9 15 0 1 26320741388330.426
a 9 16 0 1 22947248140877.91
a 9 17 0 1 7800192884654.23
a 9 18 0 1 34797018091888.77
a 9 19 0 1 15143200132361.139
a 9 20 0 1 19316002233898.44
a 9 21 0 1 35882684190291.68
a 9 22 0 1 23839288563108.406
a 9 23 0 1 30669510464797.62
a 9 24 0 1 33690108623242.14
a 9 25 0 1 32151604018266.508
a 9 26 0 1 20165901931121.42
a 9 27 0 1 11096956755121.43
a 9 28 0 1 22656268406277.535
a 9 29 0 1 12746009780390.377
a 9 30 0 1 19957055899729.83
a 9 31 0 1 8199935641399.683
a 9 32 0 1 28820808668701.01
a 9 33 0 1 20506933307275.367
a 9 34 0 1 15985701532103.742
a 9 35 0 1 20609242993852.043
a 9 36 0 1 20940215369529.68
a 9 37 0 1 24223648907789.5
a 9 38 0 1 29101187476324.617
a 9 39 0 1 29374144888764.6
a 9 40 0 1 11530509577700.184
a 9 41 0 1 20045482587072.258
a 9 42 0 1 29647937478500.848
a 9 43 0 1 24053969444329.58
a 9 44 0 1 31862321368305.56
a 9 45 0 1 10936780145889.328
a 9 46 0 1 14290421968933.656
a 9 47 0 1 30864430648840.676
a 9 48 0 1 21985362275623.03
a 9 49 0 1 20810595066655.766
a 9 50 0 1 29493817149494.07
a 9 51 0 1 17037841549019.877
a 9 52 0 1 32653549950797.688
a 9 53 0 1 32970218041272.016
a 9 54 0 1 26961198781464.38
a 9 55 0 1 9987994273618.17
a 9 56 0 1 10137089733061.545
a 9 57 0 1 20026712607209.46
a 9 58 0 1 35434075705216.35
a 9 59 0 1 21162559338603.8
a 9 60 0 1 15154453138466.486
a 9 61 0 1 35292122949081.125
a 9 62 0 1 8204039782924.881
a 9 63 0 1 23202160196692.66
a 9 64 0 1 20720942098083.914
a 9 65 0 1 19830452897251.887
a 9 66 0 1 22007892032822.31
a 9 67 0 1 10672084276032.531
a 9 68 0 1 15835907289624.785
a 9 69 0 1 10851928879865.328
a 9 70 0 1 15593255269727.3
a 9 71 0 1 34389996112380.22
a 9 72 0 1 28272736304335.207
a 9 73 0 1 32454999836684.62
a 9 74 0 1 12744574174358.355
a 9 75 0 1 29834134705527.83
a 9 76 0 1 12657936979575.633
a 9 77 0 1 34281150012913.566
a 9 78 0 1 23531135638120.508
a 9 79 0 1 29817883593063.9
a 9 80 0 1 7312440915089.297
a 10 15 0 1 9830386577767.654
a 10 16 0 1 8572524497289.476
a 10 17 0 1 2917142632189.953
a 10 18 0 1 12988201340892.506
a 10 19 0 1 5660308881106.558
a 10 20 0 1 7217870282002.972
a 10 21 0 1 13392384064480.898
a 10 22 0 1 8905195937876.06
a 10 23 0 1 11450992207453.643
a 10 24 0 1 12576044622148.664
a 10 25 0 1 12003074340165.773
a 10 26 0 1 7534993213526.397
a 10 27 0 1 4149091633114.6616
a 10 28 0 1 8463999241465.311
a 10 29 0 1 4765097159484.809
a 10 30 0 1 7457070134155.52
a 10 31 0 1 3066551441934.11
a 10 32 0 1 10762182223839.512
a 10 33 0 1 7662231256742.479
a 10 34 0 1 5974860822151.796
a 10 35 0 1 7700401550427.389
a 10 36 0 1 7823878790267.333
a 10 37 0 1 9048523441860.463
a 10 38 0 1 10866660729249.855
a 10 39 0 1 10968369709935.197
a 10 40 0 1 4311059952840.655
a 10 41 0 1 7490063529413.338
a 10 42 0 1 11070385864207.857
a 10 43 0 1 8985251157481.234
a 10 44 0 1 11895325392984.88
a 10 45 0 1 4089249681242.4
a 10 46 0 1 5341881119103.475
a 10 47 0 1 11523607028283.47
a 10 48 0 1 8213757362981.785
a 10 49 0 1 7775521507913.711
a 10 50 0 1 11012960543215.916
a 10 51 0 1 6367628654094.248
a 10 52 0 1 12190023174299.855
a 10 53 0 1 12307958643292.387
a 10 54 0 1 10069122376281.219
a 10 55 0 1 3734755104119.661
a 10 56 0 1 3790464807852.335
a 10 57 0 1 7483060188342.689
a 10 58 0 1 13225379262663.473
a 10 59 0 1 7906826266174.612
a 10 60 0 1 5664510496903.209
a 10 61 0 1 13172531836675.982
a 10 62 0 1 3068085371032.411
a 10 63 0 1 8667594024791.695
a 10 64 0 1 7742074259034.096
a 10 65 0 1 7409831818977.965
a 10 66 0 1 8222161150612.705
a 10 67 0 1 3990356322672.034
a 10 68 0 1 5918937217742.444
a 10 69 0 1 4057548703627.444
a 10 70 0 1 5828343884066.35
a 10 71 0 1 12836654747355.936
a 10 72 0 1 10557939940255.062
a 10 73 0 1 12116075172542.037
a 10 74 0 1 4764560951036.22
a 10 75 0 1 11139761349977.584
a 10 76 0 1 4732201174131.461
a 10 77 0 1 12796126541650.486
a 10 78 0 1 8790280342491.985
a 10 79 0 1 11133706399538.656
a 10 80 0 1 2734827623198.6616
a 11 15 0 1 22158396750262.234
a 11 16 0 1 19319572626336.418
a 11 17 0 1 6568889157514.407
a 11 18 0 1 29289714752687.027
a 11 19 0 1 12751059102860.732
a 11 20 0 1 16263456921542.291
a 11 21 0 1 30202955046315.24
a 11 22 0 1 20070266444802.484
a 11 23 0 1 25817408209329.617
a 11 24 0 1 28358567641198.727
a 11 25 0 1 27064294322291.06
a 11 26 0 1 16978782626073.309
a 11 27 0 1 9344680429619.523
a 11 28 0 1 19074694259173.492
a 11 29 0 1 10733016149710.844
a 11 30 0 1 16803007544406.99
a 11 31 0 1 6905480123175.443
a 11 32 0 1 24261999743793.5
a 11 33 0 1 17265808511366.855
a 11 34 0 1 13460265904803.828
a 11 35 0 1 17351915811326.246
a 11 36 0 1 17630471180233.316
a 11 37 0 1 20393716154916.26
a 11 38 0 1 24497903697498.516
a 11 39 0 1 24727561147823.008
a 11 40 0 1 9709696094866.37
a 11 41 0 1 16877431952704.752
a 11 42 0 1 24957918988743.617
a 11 43 0 1 20250926819173.98
a 11 44 0 1 26820925975635.902
a 11 45 0 1 9209823498000.51
a 11 46 0 1 12033179288379.76
a 11 47 0 1 25981398522726.57
a 11 48 0 1 18510073219778.484
a 11 49 0 1 17521379602265.707
a 11 50 0 1 24828248756736.633
a 11 51 0 1 14345913220544.65
a 11 52 0 1 27486566399409.61
a 11 53 0 1 27752965792610.46
a 11 54 0 1 22697307778943.652
a 11 55 0 1 8410999410947.64
a 11 56 0 1 8536531188846.051
a 11 57 0 1 16861634200770.373
a 11 58 0 1 29825599086719.75
a 11 59 0 1 17817600034535.027
a 11 60 0 1 12760531881550.994
a 11 61 0 1 29706191409988.734
a 11 62 0 1 6908935862620.151
a 11 63 0 1 19534095560416.0
a 11 64 0 1 17445925196610.037
a 11 65 0 1 16696451585252.266
a 11 66 0 1 18529034032288.793
a 11 67 0 1 8986967308219.906
a 11 68 0 1 13334172636309.469
a 11 69 0 1 9138384650216.62
a 11 70 0 1 13129912415634.566
a 11 71 0 1 28947326777789.99
a 11 72 0 1 23800857923505.25
a 11 73 0 1 27319533062133.414
a 11 74 0 1 10731807551001.293
a 11 75 0 1 25114576372669.7
a 11 76 0 1 10658869873555.064
a 11 77 0 1 28855764285048.44
a 11 78 0 1 19810944079890.344
a 11 79 0 1 25100903511357.492
a 11 80 0 1 6158186140017.945
a 12 15 0 1 15896270092666.926
a 12 16 0 1 13860999148412.904
a 12 17 0 1 4714862470375.882
a 12 18 0 1 21007346563226.46
a 12 19 0 1 9150315611676.957
a 12 20 0 1 11669521990568.049
a 12 21 0 1 21661701918497.402
a 12 22 0 1 14399239355232.652
a 12 23 0 1 18519011823272.53
a 12 24 0 1 20340120447259.137
a 12 25 0 1 19412623967371.125
a 12 26 0 1 12182506318948.398
a 12 27 0 1 6706599422561.789
a 12 28 0 1 13685418032448.205
a 12 29 0 1 7702648764383.468
a 12 30 0 1 12056454260074.39
a 12 31 0 1 4956398585259.494
a 12 32 0 1 17404187525280.754
a 12 33 0 1 12388335598742.537
a 12 34 0 1 9659028300203.26
a 12 35 0 1 12450083298368.562
a 12 36 0 1 12649833481778.541
a 12 37 0 1 14631141552147.197
a 12 38 0 1 17573276727237.172
a 12 39 0 1 17737886115358.44
a 12 40 0 1 6968485442546.556
a 12 41 0 1 12109825766280.092
a 12 42 0 1 17902995038975.63
a 12 43 0 1 14528767165390.748
a 12 44 0 1 19238213659262.434
a 12 45 0 1 6609842700323.472
a 12 46 0 1 8635357871106.286
a 12 47 0 1 18636543737634.742
a 12 48 0 1 13280566399915.623
a 12 49 0 1 12571605076003.004
a 12 50 0 1 17810054238487.2
a 12 51 0 1 10294268456085.246
a 12 52 0 1 19715239343733.39
a 12 53 0 1 19906146452620.285
a 12 54 0 1 16282595264379.05
a 12 55 0 1 6036687530443.997
a 12 56 0 1 6126758378583.347
a 12 57 0 1 12098496845769.91
a 12 58 0 1 21391323381640.88
a 12 59 0 1 12784020290504.531
a 12 60 0 1 9157110572538.451
a 12 61 0 1 21305765447403.02
a 12 62 0 1 4958878380431.247
a 12 63 0 1 14014812704238.14
a 12 64 0 1 12517497202109.148
a 12 65 0 1 11980040007211.107
a 12 66 0 1 13294162160291.467
a 12 67 0 1 6449946689930.658
a 12 68 0 1 9568583555399.367
a 12 69 0 1 6558586639174.357
a 12 70 0 1 9422069293391.559
a 12 71 0 1 20762008520764.89
a 12 72 0 1 17073646754721.207
a 12 73 0 1 19595538236151.492
a 12 74 0 1 7701781704918.965
a 12 75 0 1 18015277761754.71
a 12 76 0 1 7649455440117.351
a 12 77 0 1 20696398503789.34
a 12 78 0 1 14213310704678.678
a 12 79 0 1 18005477911283.777
a 12 80 0 1 4420136730461.326
a 13 15 0 1 22606698682061.61
a 13 16 0 1 19710309915142.66
a 13 17 0 1 6701545653826.424
a 13 18 0 1 29882792425572.863
a 13 19 0 1 13008749551989.822
a 13 20 0 1 16592266303572.371
a 13 21 0 1 30814590301927.12
a 13 22 0 1 20476222296281.258
a 13 23 0 1 26339962898498.863
a 13 24 0 1 28932727953261.457
a 13 25 0 1 27612166805719.664
a 13 26 0 1 17322083096961.482
a 13 27 0 1 9533454647966.738
a 13 28 0 1 19460467791923.395
a 13 29 0 1 10949871857308.49
a 13 30 0 1 17142746932917.389
a 13 31 0 1 7044939475042.6
a 13 32 0 1 24752982543166.938
a 13 33 0 1 17614924245590.562
a 13 34 0 1 13732311625610.2
a 13 35 0 1 17702776191580.613
a 13 36 0 1 17986975696768.414
a 13 37 0 1 20806230020694.52
a 13 38 0 1 24993674164828.76
a 13 39 0 1 25227992765297.168
a 13 40 0 1 9905852498460.072
a 13 41 0 1 17218679110639.842
a 13 42 0 1 25463026224204.816
a 13 43 0 1 20660545538202.164
a 13 44 0 1 27363856326808.75
a 13 45 0 1 9395870489833.188
a 13 46 0 1 12276341348255.332
a 13 47 0 1 26507282581639.816
a 13 48 0 1 18884402807281.63
a 13 49 0 1 17875673642685.09
a 13 50 0 1 25330724019101.273
a 13 51 0 1 14635888957955.553
a 13 52 0 1 28043014721342.777
a 13 53 0 1 28314824803813.086
a 13 54 0 1 23156541888985.754
a 13 55 0 1 8580893467207.697
a 13 56 0 1 8708963408890.266
a 13 57 0 1 17202561308711.133
a 13 58 0 1 30429565763411.336
a 13 59 0 1 18177896395163.4
a 13 60 0 1 13018414056330.623
a 13 61 0 1 30307731640942.81
a 13 62 0 1 7048465061386.928
a 13 63 0 1 19929181526439.715
a 13 64 0 1 17798690369732.15
a 13 65 0 1 17034032294836.275
a 13 66 0 1 18903747899827.86
a 13 67 0 1 9168507644246.832
a 13 68 0 1 13603665889906.375
a 13 69 0 1 9322986961403.719
a 13 70 0 1 13395271052918.125
a 13 71 0 1 29533447950736.43
a 13 72 0 1 24282482621336.62
a 13 73 0 1 27872589035976.707
a 13 74 0 1 10948638808618.297
a 13 75 0 1 25622863458135.67
a 13 76 0 1 10874225613065.2
a 13 77 0 1 29440025223250.668
a 13 78 0 1 20211642473065.074
a 13 79 0 1 25608913058815.406
a 13 80 0 1 6282542627230.646
a 14 15 0 1 27671440179248.34
a 14 16 0 1 24124348497618.992
a 14 17 0 1 8199577689350.745
a 14 18 0 1 36584528470593.99
a 14 19 0 1 15919250666351.316
a 14 20 0 1 20306398699924.73
a 14 21 0 1 37726207457934.68
a 14 22 0 1 25062279127709.734
a 14 23 0 1 32244204245976.01
a 14 24 0 1 35420525259125.336
a 14 25 0 1 33802690897571.785
a 14 26 0 1 21199982070638.535
a 14 27 0 1 11665369016934.37
a 14 28 0 1 23818401718890.438
a 14 29 0 1 13399020802855.768
a 14 30 0 1 20980400807992.656
a 14 31 0 1 8619808359541.242
a 14 32 0 1 30300251295593.516
a 14 33 0 1 21558544516720.41
a 14 34 0 1 16805011716253.242
a 14 35 0 1 21666113820597.44
a 14 36 0 1 22014101978406.727
a 14 37 0 1 25466415595962.734
a 14 38 0 1 30595073392470.168
a 14 39 0 1 30882092734176.176
a 14 40 0 1 12121160442553.268
a 14 41 0 1 21073372791667.273
a 14 42 0 1 31169991212586.707
a 14 43 0 1 25288005551191.957
a 14 44 0 1 33498495296138.426
a 14 45 0 1 11496976919595.832
a 14 46 0 1 15022694159163.596
a 14 47 0 1 32449169839384.03
a 14 48 0 1 23112990393040.22
a 14 49 0 1 21877817540537.355
a 14 50 0 1 31007930436025.93
a 14 51 0 1 17911188021200.656
a 14 52 0 1 34330515369330.84
a 14 53 0 1 34663511353447.58
a 14 54 0 1 28344871237079.16
a 14 55 0 1 10499534174455.453
a 14 56 0 1 10656275001401.996
a 14 57 0 1 21053637991765.945
a 14 58 0 1 37254452081412.2
a 14 59 0 1 22247877747303.38
a 14 60 0 1 15931081418830.754
a 14 61 0 1 37105175500104.75
a 14 62 0 1 8624122859865.456
a 14 63 0 1 24392373260814.67
a 14 64 0 1 21783555389499.457
a 14 65 0 1 20847290344903.594
a 14 66 0 1 23136678781262.137
a 14 67 0 1 11218705447425.303
a 14 68 0 1 16647525391762.691
a 14 69 0 1 11407773745405.98
a 14 70 0 1 16392413543326.963
a 14 71 0 1 36156510756583.6
a 14 72 0 1 29723948645589.23
a 14 73 0 1 34121728344599.85
a 14 74 0 1 13397511533507.746
a 14 75 0 1 31365781919198.38
a 14 76 0 1 13306428888653.893
a 14 77 0 1 36042050313922.79
a 14 78 0 1 24738272435391.58
a 14 79 0 1 31348693479961.953
a 14 80 0 1 7686829777658.701
a 15 1 0 1 0
a 16 1 0 1 0
a 17 1 0 1 0
a 18 1 0 1 0
a 19 1 0 1 0
a 20 1 0 1 0
a 21 1 0 1 0
a 22 1 0 1 0
a 23 1 0 1 0
a 24 1 0 1 0
a 25 1 0 1 0
a 26 1 0 1 0
a 27 1 0 1 0
a 28 1 0 1 0
a 29 1 0 1 0
a 30 1 0 1 0
a 31 1 0 1 0
a 32 1 0 1 0
a 33 1 0 1 0
a 34 1 0 1 0
a 35 1 0 1 0
a 36 1 0 1 0
a 37 1 0 1 0
a 38 1 0 1 0
a 39 1 0 1 0
a 40 1 0 1 0
a 41 1 0 1 0
a 42 1 0 1 0
a 43 1 0 1 0
a 44 1 0 1 0
a 45 1 0 1 0
a 46 1 0 1 0
a 47 1 0 1 0
a 48 1 0 1 0
a 49 1 0 1 0
a 50 1 0 1 0
a 51 1 0 1 0
a 52 1 0 1 0
a 53 1 0 1 0
a 54 1 0 1 0
a 55 1 0 1 0
a 56 1 0 1 0
a 57 1 0 1 0
a 58 1 0 1 0
a 59 1 0 1 0
a 60 1 0 1 0
a 61 1 0 1 0
a 62 1 0 1 0
a 63 1 0 1 0
a 64 1 0 1 0
a 65 1 0 1 0
a 66 1 0 1 0
a 67 1 0 1 0
a 68 1 0 1 0
a 69 1 0 1 0
a 70 1 0 1 0
a 71 1 0 1 0
a 72 1 0 1 0
a 73 1 0 1 0
a 74 1 0 1 0
a 75 1 0 1 0
a 76 1 0 1 0
a 77 1 0 1 0
a 78 1 0 1 0
a 79 1 0 1 0
a 80 1 0 1 0
