p min 82 951
n 0 13
n 1 -13
a 0 2 0 1 0
a 0 3 0 1 0
a 0 4 0 1 0
a 0 5 0 1 0
a 0 6 0 1 0
a 0 7 0 1 0
a 0 8 0 1 0
a 0 9 0 1 0
a 0 10 0 1 0
a 0 11 0 1 0
a 0 12 0 1 0
a 0 13 0 1 0
a 0 14 0 1 0
a 2 15 0 1 34470107180525.863
a 2 16 0 1 31793113111271.98
a 2 17 0 1 28442806272401.61
a 2 18 0 1 12648043940766.3
a 2 19 0 1 21566634891649.223
a 2 20 0 1 8776247620130.35
a 2 21 0 1 25131585466283.16
a 2 22 0 1 26494028407926.918
a 2 23 0 1 26994230337067.086
a 2 24 0 1 29653562504428.418
a 2 25 0 1 33206094934509.34
a 2 26 0 1 31188358825803.465
a 2 27 0 1 24630762318935.01
a 2 28 0 1 10357844566574.668
a 2 29 0 1 15599654767277.139
a 2 30 0 1 8025806526336.721
a 2 31 0 1 20303947573371.797
a 2 32 0 1 33051794050259.94
a 2 33 0 1 35399339782397.484
a 2 34 0 1 18586939400841.785
a 2 35 0 1 29779895178909.406
a 2 36 0 1 13173409184319.742
a 2 37 0 1 17574025876838.29
a 2 38 0 1 9369593486040.998
a 2 39 0 1 14459626036176.576
a 2 40 0 1 21064556508961.29
a 2 41 0 1 18912577870363.953
a 2 42 0 1 18316925239248.758
a 2 43 0 1 10233907094041.762
a 2 44 0 1 9815787223834.775
a 2 45 0 1 29909903946342.676
a 2 46 0 1 23507656740555.184
a 2 47 0 1 10324684103124.293
a 2 48 0 1 23542687914244.504
a 2 49 0 1 23514163757879.094
a 2 50 0 1 20658460451594.54
a 2 51 0 1 23741966929599.336
a 2 52 0 1 19697171802818.797
a 2 53 0 1 15935032168862.0
a 2 54 0 1 30005883392701.656
a 2 55 0 1 26841174186530.402
a 2 56 0 1 27827898091641.062
a 2 57 0 1 20980598461576.332
a 2 58 0 1 7988600247921.955
a 2 59 0 1 15515820182899.088
a 2 60 0 1 30980337070141.316
a 2 61 0 1 27586344609355.332
a 2 62 0 1 23950804700090.168
a 2 63 0 1 24064763569274.605
a 2 64 0 1 14286849459478.988
a 2 65 0 1 13659224216617.361
a 2 66 0 1 23265345232964.0
a 2 67 0 1 13093291635234.418
a 2 68 0 1 30719019299631.125
a 2 69 0 1 22100368771481.918
a 2 70 0 1 12308497446998.975
a 2 71 0 1 10660802928654.383
a 2 72 0 1 12388724371915.531
a 2 73 0 1 20065512835410.26
a 2 74 0 1 10800105767454.205
a 2 75 0 1 30677844319632.727
a 2 76 0 1 23620670817401.344
a 2 77 0 1 8723659978379.286
a 2 78 0 1 12384866921772.516
a 2 79 0 1 35529746837990.34
a 2 80 0 1 26576184618700.43
a 2 81 0 1 31953570655434.305
a 3 15 0 1 26536395145134.527
a 3 16 0 1 24477280878794.656
a 3 17 0 1 21899849201958.305
a 3 18 0 1 9742572976071.184
a 3 19 0 1 16608490921227.496
a 3 20 0 1 6760886469353.725
a 3 21 0 1 19352036290002.477
a 3 22 0 1 20400419794645.656
a 3 23 0 1 20785300153176.086
a 3 24 0 1 22831351580656.336
a 3 25 0 1 25564167394580.523
a 3 26 0 1 24012070000405.777
a 3 27 0 1 18966639828740.94
a 3 28 0 1 7978954708456.361
a 3 29 0 1 12015210197151.969
a 3 30 0 1 6182897956134.071
a 3 31 0 1 15636616709385.115
a 3 32 0 1 25445480841871.246
a 3 33 0 1 27251082097158.92
a 3 34 0 1 14314953166275.537
a 3 35 0 1 22928542910634.777
a 3 36 0 1 10147111851218.584
a 3 37 0 1 13535208625406.814
a 3 38 0 1 7217864244968.968
a 3 39 0 1 11137470015796.69
a 3 40 0 1 16222055432274.709
a 3 41 0 1 14565621959825.664
a 3 42 0 1 14107099368139.797
a 3 43 0 1 7883507840060.676
a 3 44 0 1 7561500267040.3955
a 3 45 0 1 23028561682874.562
a 3 46 0 1 18102343584064.277
a 3 47 0 1 7953417195691.542
a 3 48 0 1 18129302924707.562
a 3 49 0 1 18107351267532.824
a 3 50 0 1 15909487289389.785
a 3 51 0 1 18282663400485.664
a 3 52 0 1 15169566042311.955
a 3 53 0 1 12273416598900.344
a 3 54 0 1 23102400462821.21
a 3 55 0 1 20667532188159.285
a 3 56 0 1 21426743068430.742
a 3 57 0 1 16157434300599.281
a 3 58 0 1 6154241143699.66
a 3 59 0 1 11950665398762.518
a 3 60 0 1 23852044556232.9
a 3 61 0 1 21240889251307.07
a 3 62 0 1 18443378330901.832
a 3 63 0 1 18531076714414.457
a 3 64 0 1 11004439844729.168
a 3 65 0 1 10521186472642.85
a 3 66 0 1 17915863776261.746
a 3 67 0 1 10085420901003.385
a 3 68 0 1 23651017440076.816
a 3 69 0 1 17019279464495.057
a 3 70 0 1 9481111252144.367
a 3 71 0 1 8212266713434.04
a 3 72 0 1 9542888989498.762
a 3 73 0 1 15453089249399.78
a 3 74 0 1 8319544307489.747
a 3 75 0 1 23619342005306.96
a 3 76 0 1 18189316938690.113
a 3 77 0 1 6720384300790.865
a 3 78 0 1 9539918614401.617
a 3 79 0 1 27351377325361.688
a 3 80 0 1 20463635589866.06
a 3 81 0 1 24600711302359.63
a 4 15 0 1 29123312345035.418
a 4 16 0 1 26862842564501.74
a 4 17 0 1 24033518087570.645
a 4 18 0 1 10690319154180.662
a 4 19 0 1 18225548488463.484
a 4 20 0 1 7418329871340.279
a 4 21 0 1 21236868249544.3
a 4 22 0 1 22387624693504.18
a 4 23 0 1 22810094799031.645
a 4 24 0 1 25056037403029.52
a 4 25 0 1 28055999871036.633
a 4 26 0 1 26352154416777.992
a 4 27 0 1 20813845270593.375
a 4 28 0 1 8754965171052.976
a 4 29 0 1 13184371672731.229
a 4 30 0 1 6784092579459.767
a 4 31 0 1 17158862333344.496
a 4 32 0 1 27925707270144.156
a 4 33 0 1 29907911209599.496
a 4 34 0 1 15708300238315.77
a 4 35 0 1 25162726515757.008
a 4 36 0 1 11134261571085.545
a 4 37 0 1 14852529345285.545
a 4 38 0 1 7919785698460.544
a 4 39 0 1 12221101186030.299
a 4 40 0 1 17801411196501.043
a 4 41 0 1 15983412826401.484
a 4 42 0 1 15480178894668.127
a 4 43 0 1 8650226163364.892
a 4 44 0 1 8296871501940.666
a 4 45 0 1 25272519619165.758
a 4 46 0 1 19865180522362.72
a 4 47 0 1 8726941456009.914
a 4 48 0 1 19894771227631.113
a 4 49 0 1 19870676979082.137
a 4 50 0 1 17458350663414.342
a 4 51 0 1 20063100783390.582
a 4 52 0 1 16646256459634.55
a 4 53 0 1 13467742289034.725
a 4 54 0 1 25353574449962.33
a 4 55 0 1 22680824512981.566
a 4 56 0 1 23514193040513.883
a 4 57 0 1 17730485793122.29
a 4 58 0 1 6752647152494.538
a 4 59 0 1 13113536740129.201
a 4 60 0 1 26176486721928.906
a 4 61 0 1 23310184214237.88
a 4 62 0 1 20239503263802.082
a 4 63 0 1 20335762245637.47
a 4 64 0 1 12075109710028.643
a 4 65 0 1 11544775990872.29
a 4 66 0 1 19660499856407.027
a 4 67 0 1 11066561440097.857
a 4 68 0 1 25955810398880.15
a 4 69 0 1 18676418829213.66
a 4 70 0 1 10403392260590.555
a 4 71 0 1 9010991988297.352
a 4 72 0 1 10471186713702.123
a 4 73 0 1 16957433323316.54
a 4 74 0 1 9128714373932.893
a 4 75 0 1 25921038969506.258
a 4 76 0 1 19960642969779.637
a 4 77 0 1 7373885838602.373
a 4 78 0 1 10467927042877.225
a 4 79 0 1 30018018500969.16
a 4 80 0 1 22457014275206.97
a 4 81 0 1 26998339980670.504
a 5 15 0 1 5701791119376.635
a 5 16 0 1 5260334190733.347
a 5 17 0 1 4707522565119.588
a 5 18 0 1 2096534029426.9192
a 5 19 0 1 3571815812748.7173
a 5 20 0 1 1455287733110.084
a 5 21 0 1 4160810288731.962
a 5 22 0 1 4385803985541.684
a 5 23 0 1 4468392496487.062
a 5 24 0 1 4907342409211.593
a 5 25 0 1 5493374087059.16
a 5 26 0 1 5160574084438.525
a 5 27 0 1 4078089589378.825
a 5 28 0 1 1717289198802.132
a 5 29 0 1 2585059007577.2803
a 5 30 0 1 1330944603588.3687
a 5 31 0 1 3363100163429.899
a 5 32 0 1 5467928670671.485
a 5 33 0 1 5854975604704.81
a 5 34 0 1 3079206360495.0566
a 5 35 0 1 4928189323005.124
a 5 36 0 1 2183508189641.151
a 5 37 0 1 2911685134221.1875
a 5 38 0 1 1553588532452.247
a 5 39 0 1 2396404197221.176
a 5 40 0 1 3488830932347.7183
a 5 41 0 1 3133055320326.919
a 5 42 0 1 3034553116655.463
a 5 43 0 1 1696761052854.8008
a 5 44 0 1 1627502962595.696
a 5 45 0 1 4949642322326.54
a 5 46 0 1 3892557868253.829
a 5 47 0 1 1711796776828.9187
a 5 48 0 1 3898345457387.3223
a 5 49 0 1 3893632912050.8164
a 5 50 0 1 3421704413468.6865
a 5 51 0 1 3931268107998.7417
a 5 52 0 1 3262785263198.076
a 5 53 0 1 2640550233353.722
a 5 54 0 1 4965479733192.878
a 5 55 0 1 4443122186560.486
a 5 56 0 1 4606022016470.516
a 5 57 0 1 3474953336435.621
a 5 58 0 1 1324779302737.0989
a 5 59 0 1 2571187258299.7515
a 5 60 0 1 5126256189477.056
a 5 61 0 1 4566146421547.152
a 5 62 0 1 3965768595982.5806
a 5 63 0 1 3984594283570.0728
a 5 64 0 1 2367809090070.676
a 5 65 0 1 2263927003947.2524
a 5 66 0 1 3852523901868.017
a 5 67 0 1 2170245305243.8018
a 5 68 0 1 5083143965884.234
a 5 69 0 1 3660024018862.0347
a 5 70 0 1 2040317472595.0898
a 5 71 0 1 1767467069279.6003
a 5 72 0 1 2053600466011.737
a 5 73 0 1 3323682455120.1177
a 5 74 0 1 1790538301903.8691
a 5 75 0 1 5076350717331.884
a 5 76 0 1 3911229070846.218
a 5 77 0 1 1446574892487.3945
a 5 78 0 1 2052961801261.724
a 5 79 0 1 5876471086500.506
a 5 80 0 1 4399369370569.719
a 5 81 0 1 5286801277433.259
a 6 15 0 1 23944467154465.25
a 6 16 0 1 22086987525278.867
a 6 17 0 1 19761824172713.543
a 6 18 0 1 8792632259146.656
a 6 19 0 1 14987939014269.938
a 6 20 0 1 6101876637111.314
a 6 21 0 1 17463247912172.088
a 6 22 0 1 18409090567373.66
a 6 23 0 1 18756320739311.91
a 6 24 0 1 20602170546625.266
a 6 25 0 1 23067453604126.848
a 6 26 0 1 21667319547887.426
a 6 27 0 1 17115540898833.08
a 6 28 0 1 7201116576215.846
a 6 29 0 1 10843401292712.236
a 6 30 0 1 5580263107482.784
a 6 31 0 1 14111048292333.154
a 6 32 0 1 22960389189250.98
a 6 33 0 1 24589149656411.395
a 6 34 0 1 12918523179917.127
a 6 35 0 1 20689849802174.3
a 6 36 0 1 9157685338762.643
a 6 37 0 1 12214950072898.84
a 6 38 0 1 6514277601220.696
a 6 39 0 1 10051363678837.424
a 6 40 0 1 14639273046417.021
a 6 41 0 1 13144702099739.406
a 6 42 0 1 12730975343050.795
a 6 43 0 1 7114982085955.149
a 6 44 0 1 6824390171486.298
a 6 45 0 1 20780079578902.684
a 6 46 0 1 16335756639716.889
a 6 47 0 1 7178070676920.641
a 6 48 0 1 16360080091031.59
a 6 49 0 1 16340274709232.742
a 6 50 0 1 14357252542733.523
a 6 51 0 1 16498445807906.979
a 6 52 0 1 13689636732964.947
a 6 53 0 1 11076393441294.432
a 6 54 0 1 20846691510117.47
a 6 55 0 1 18650073520357.67
a 6 56 0 1 19335009036128.895
a 6 57 0 1 14580967573913.967
a 6 58 0 1 5554401204408.813
a 6 59 0 1 10785159182054.11
a 6 60 0 1 21522959149515.434
a 6 61 0 1 19167338812602.24
a 6 62 0 1 16643446387920.031
a 6 63 0 1 16722569596212.611
a 6 64 0 1 9931321212230.86
a 6 65 0 1 9495244733133.893
a 6 66 0 1 16167509074470.77
a 6 67 0 1 9102016066961.338
a 6 68 0 1 21341610034650.18
a 6 69 0 1 15358574486943.113
a 6 70 0 1 8556689244261.742
a 6 71 0 1 7411664462643.937
a 6 72 0 1 8612437588953.862
a 6 73 0 1 13945455238176.86
a 6 74 0 1 7508474672966.848
a 6 75 0 1 21313035147677.363
a 6 76 0 1 16414226315805.025
a 6 77 0 1 6065325129415.7705
a 6 78 0 1 8609757118730.842
a 6 79 0 1 24679620014377.324
a 6 80 0 1 18466122604669.766
a 6 81 0 1 22198333701690.684
a 7 15 0 1 33435092620402.7
a 7 16 0 1 30838764833228.215
a 7 17 0 1 27589345394873.277
a 7 18 0 1 12269193400719.12
a 7 19 0 1 20919999063615.547
a 7 20 0 1 8513483811433.237
a 7 21 0 1 24377760853985.31
a 7 22 0 1 25699216137433.1
a 7 23 0 1 26184366889205.047
a 7 24 0 1 28763650975298.344
a 7 25 0 1 32209175063031.555
a 7 26 0 1 30252227026717.555
a 7 27 0 1 23892001307975.76
a 7 28 0 1 10047672411197.975
a 7 29 0 1 15132239639237.834
a 7 30 0 1 7785531321326.275
a 7 31 0 1 19695257003765.36
a 7 32 0 1 32059523748688.387
a 7 33 0 1 34336313233633.785
a 7 34 0 1 18029829806753.004
a 7 35 0 1 28886179749581.586
a 7 36 0 1 12778799063164.354
a 7 37 0 1 17047336139243.105
a 7 38 0 1 9089046106081.32
a 7 39 0 1 14026424972104.764
a 7 40 0 1 20433010016105.797
a 7 41 0 1 18345687227765.633
a 7 42 0 1 17767925393214.65
a 7 43 0 1 9927450567491.842
a 7 44 0 1 9521865116185.47
a 7 45 0 1 29012273816928.66
a 7 46 0 1 22802670021382.594
a 7 47 0 1 10015506104080.281
a 7 48 0 1 22836647857474.75
a 7 49 0 1 22808981382568.14
a 7 50 0 1 20039117428000.504
a 7 51 0 1 23029934679320.816
a 7 52 0 1 19106711761806.125
a 7 53 0 1 15457550176458.559
a 7 54 0 1 29105363148751.754
a 7 55 0 1 26035916407768.484
a 7 56 0 1 26992945675524.234
a 7 57 0 1 20351575057259.387
a 7 58 0 1 7749439912097.733
a 7 59 0 1 15050921360005.24
a 7 60 0 1 30050470757927.02
a 7 61 0 1 26758662149786.05
a 7 62 0 1 23232492544413.355
a 7 63 0 1 23343024463038.742
a 7 64 0 1 13858832933380.07
a 7 65 0 1 13250039271333.98
a 7 66 0 1 22567644250746.387
a 7 67 0 1 12701084950184.584
a 7 68 0 1 29797023304884.168
a 7 69 0 1 21437690386558.18
a 7 70 0 1 11939831428549.596
a 7 71 0 1 10341547689139.936
a 7 72 0 1 12017652058003.627
a 7 73 0 1 19463986312747.254
a 7 74 0 1 10476673842100.553
a 7 75 0 1 29757088382987.586
a 7 76 0 1 22912285895990.28
a 7 77 0 1 8462472195854.024
a 7 78 0 1 12013910307719.64
a 7 79 0 1 34462788665237.473
a 7 80 0 1 25778900366581.61
a 7 81 0 1 30994388643579.875
a 8 15 0 1 17016638022729.023
a 8 16 0 1 15697552660826.756
a 8 17 0 1 14046112212518.162
a 8 18 0 1 6251822062738.053
a 8 19 0 1 10654671478688.682
a 8 20 0 1 4339003496309.0757
a 8 21 0 1 12413303385106.045
a 8 22 0 1 13085219269735.566
a 8 23 0 1 13331877006682.506
a 8 24 0 1 14642995321798.424
a 8 25 0 1 16393849020089.111
a 8 26 0 1 15399503658629.266
a 8 27 0 1 12166285616899.105
a 8 28 0 1 5120478385002.359
a 8 29 0 1 7709453472110.669
a 8 30 0 1 3968156469361.795
a 8 31 0 1 10031597603207.701
a 8 32 0 1 16317817435473.902
a 8 33 0 1 17474419754611.475
a 8 34 0 1 9184191577730.715
a 8 35 0 1 14705270412523.244
a 8 36 0 1 6511306526385.141
a 8 37 0 1 8684202312603.019
a 8 38 0 1 4632195503802.816
a 8 39 0 1 7146518058789.487
a 8 40 0 1 10406931565037.3
a 8 41 0 1 9344919053015.701
a 8 42 0 1 9050914321688.627
a 8 43 0 1 5059245464711.284
a 8 44 0 1 4852661382130.185
a 8 45 0 1 14769356656748.557
a 8 46 0 1 11612291017133.35
a 8 47 0 1 5104095113363.132
a 8 48 0 1 11629571950767.262
a 8 49 0 1 11615500944457.902
a 8 50 0 1 10206541477859.447
a 8 51 0 1 11727875261933.629
a 8 52 0 1 9732151062501.299
a 8 53 0 1 7875045423659.899
a 8 54 0 1 14816667935933.604
a 8 55 0 1 13256404049238.51
a 8 56 0 1 13742940185958.47
a 8 57 0 1 10365502833931.158
a 8 58 0 1 3949769322465.7427
a 8 59 0 1 7668059294795.14
a 8 60 0 1 15296976697582.473
a 8 61 0 1 13623839608319.186
a 8 62 0 1 11830891405061.799
a 8 63 0 1 11887104330909.557
a 8 64 0 1 7061196090619.598
a 8 65 0 1 6751242508997.137
a 8 66 0 1 11492756431567.59
a 8 67 0 1 6471736493571.278
a 8 68 0 1 15168178385251.775
a 8 69 0 1 10918015215547.775
a 8 70 0 1 6084107351855.725
a 8 71 0 1 5270155182262.421
a 8 72 0 1 6123735028932.5
a 8 73 0 1 9913931527246.914
a 8 74 0 1 5338976077252.448
a 8 75 0 1 15147883701182.586
a 8 76 0 1 11668040787164.45
a 8 77 0 1 4313017208776.684
a 8 78 0 1 6121829669745.169
a 8 79 0 1 17538660153230.002
a 8 80 0 1 13125732826793.742
a 8 81 0 1 15776629527768.986
a 9 15 0 1 9851263003520.102
a 9 16 0 1 9088199990924.186
a 9 17 0 1 8132738869190.692
a 9 18 0 1 3621190224146.673
a 9 19 0 1 6170099169866.749
a 9 20 0 1 2513477332419.1787
a 9 21 0 1 7187906768554.311
a 9 22 0 1 7576732011061.607
a 9 23 0 1 7719461902239.378
a 9 24 0 1 8478090580822.367
a 9 25 0 1 9491004897449.361
a 9 26 0 1 8915771409515.285
a 9 27 0 1 7044955802561.884
a 9 28 0 1 2966054111525.5415
a 9 29 0 1 4465166445174.436
a 9 30 0 1 2298696120009.323
a 9 31 0 1 5809453731026.783
a 9 32 0 1 9447022226724.768
a 9 33 0 1 10116057227964.305
a 9 34 0 1 5318926168877.516
a 9 35 0 1 8514121289429.809
a 9 36 0 1 3771441812733.0566
a 9 37 0 1 5029484590233.02
a 9 38 0 1 2683278097276.3843
a 9 39 0 1 4139238026712.377
a 9 40 0 1 6026705830367.085
a 9 41 0 1 5411967614414.252
a 9 42 0 1 5241773925331.4375
a 9 43 0 1 2930593431852.935
a 9 44 0 1 2810956690521.5947
a 9 45 0 1 8551199655884.024
a 9 46 0 1 6724342671949.778
a 9 47 0 1 2956566393444.5503
a 9 48 0 1 6734343921886.613
a 9 49 0 1 6726200401863.764
a 9 50 0 1 5910716332358.011
a 9 51 0 1 6791236130035.12
a 9 52 0 1 5636121379520.565
a 9 53 0 1 4561037509083.899
a 9 54 0 1 8578572385972.911
a 9 55 0 1 7675789412240.386
a 9 56 0 1 7957318341026.487
a 9 57 0 1 6002726297485.745
a 9 58 0 1 2288046747377.1094
a 9 59 0 1 4441200644906.6875
a 9 60 0 1 8856455921299.084
a 9 61 0 1 7888403294754.942
a 9 62 0 1 6850855267619.8545
a 9 63 0 1 6883387453131.028
a 9 64 0 1 4089836750300.926
a 9 65 0 1 3910370708319.37
a 9 66 0 1 6655162196854.393
a 9 67 0 1 3748529470162.3564
a 9 68 0 1 8781940686945.004
a 9 69 0 1 6322520317679.974
a 9 70 0 1 3524074878139.4014
a 9 71 0 1 3052732759103.9766
a 9 72 0 1 3547021460702.306
a 9 73 0 1 5741344218644.194
a 9 74 0 1 3092586891824.136
a 9 75 0 1 8770199274713.877
a 9 76 0 1 6756607499508.132
a 9 77 0 1 2498427264118.3027
a 9 78 0 1 3545918156013.2827
a 9 79 0 1 10153214795334.836
a 9 80 0 1 7600175643870.164
a 9 81 0 1 9133947040466.312
a 10 15 0 1 11419126317321.273
a 10 16 0 1 10534471775453.953
a 10 17 0 1 9426796049882.062
a 10 18 0 1 4197036338579.082
a 10 19 0 1 7151609778091.214
a 10 20 0 1 2913114499730.6797
a 10 21 0 1 8331480827474.667
a 10 22 0 1 8782229552774.686
a 10 23 0 1 8947691916125.545
a 10 24 0 1 9827161295996.115
a 10 25 0 1 11001459205126.998
a 10 26 0 1 10334570709055.387
a 10 27 0 1 8165765409796.341
a 10 28 0 1 3437678439536.6577
a 10 29 0 1 5175302680746.582
a 10 30 0 1 2664173088368.456
a 10 31 0 1 6733550057069.126
a 10 32 0 1 10950468044839.852
a 10 33 0 1 11726120401560.588
a 10 34 0 1 6164940018807.631
a 10 35 0 1 9868931885032.17
a 10 36 0 1 4371193145868.656
a 10 37 0 1 5829429748969.223
a 10 38 0 1 3109922866991.1157
a 10 39 0 1 4797510250483.951
a 10 40 0 1 6985387744606.678
a 10 41 0 1 6272791072682.952
a 10 42 0 1 6075507564531.703
a 10 43 0 1 3396577046834.246
a 10 44 0 1 3257910141242.1934
a 10 45 0 1 9911917086930.154
a 10 46 0 1 7794098895003.742
a 10 47 0 1 3426681509534.7
a 10 48 0 1 7805692645184.985
a 10 49 0 1 7796252431157.385
a 10 50 0 1 6850932974047.187
a 10 51 0 1 7871643887436.496
a 10 52 0 1 6532625388294.832
a 10 53 0 1 5286430278296.224
a 10 54 0 1 9943650516225.576
a 10 55 0 1 8897063652666.893
a 10 56 0 1 9223433478299.287
a 10 57 0 1 6957590676043.016
a 10 58 0 1 2651830021298.0376
a 10 59 0 1 5147523120875.854
a 10 60 0 1 10265804969361.1
a 10 61 0 1 9143541584335.496
a 10 62 0 1 7940756419923.301
a 10 63 0 1 7978468899800.438
a 10 64 0 1 4740248290840.632
a 10 65 0 1 4532226658316.646
a 10 66 0 1 7713902920850.002
a 10 67 0 1 4344635358528.091
a 10 68 0 1 10179418044387.91
a 10 69 0 1 7328297834850.774
a 10 70 0 1 4084470327632.607
a 10 71 0 1 3538145242059.2373
a 10 72 0 1 4111067583999.96
a 10 73 0 1 6654598219818.927
a 10 74 0 1 3584339162617.0806
a 10 75 0 1 10165806023953.307
a 10 76 0 1 7831501270245.584
a 10 77 0 1 2895670707025.1416
a 10 78 0 1 4109788749151.1035
a 10 79 0 1 11769199953580.67
a 10 80 0 1 8809406974219.57
a 10 81 0 1 10587507765845.322
a 11 15 0 1 19955620627961.19
a 11 16 0 1 18408229805219.016
a 11 17 0 1 16471074983031.85
a 11 18 0 1 7330019637402.824
a 11 19 0 1 12493283256002.28
a 11 20 0 1 5087120590060.853
a 11 21 0 1 14555900484825.89
a 11 22 0 1 15343997368861.219
a 11 23 0 1 15633309994445.438
a 11 24 0 1 17171209649053.186
a 11 25 0 1 19225030033839.4
a 11 26 0 1 18058606161436.39
a 11 27 0 1 14266176165336.18
a 11 28 0 1 6003428032356.603
a 11 29 0 1 9039297834093.146
a 11 30 0 1 4652299051785.172
a 11 31 0 1 11762543638345.518
a 11 32 0 1 19135839012813.863
a 11 33 0 1 20492653601681.598
a 11 34 0 1 10768736857722.186
a 11 35 0 1 17244258327364.385
a 11 36 0 1 7634294484478.593
a 11 37 0 1 10182383454985.643
a 11 38 0 1 5430895440239.474
a 11 39 0 1 8379165009517.892
a 11 40 0 1 12202732281752.438
a 11 41 0 1 10957229585397.57
a 11 42 0 1 10612437217018.951
a 11 43 0 1 5931629201522.244
a 11 44 0 1 5689399750196.611
a 11 45 0 1 17319431677839.496
a 11 46 0 1 13616412584788.277
a 11 47 0 1 5984217764556.396
a 11 48 0 1 13636680654872.672
a 11 49 0 1 13620177370600.617
a 11 50 0 1 11967715585725.768
a 11 51 0 1 13751976681440.727
a 11 52 0 1 11411359864413.926
a 11 53 0 1 9233483993379.191
a 11 54 0 1 17374928068769.22
a 11 55 0 1 15544785084713.594
a 11 56 0 1 16115465253605.584
a 11 57 0 1 12154144677282.686
a 11 58 0 1 4630740120172.803
a 11 59 0 1 8990755962593.928
a 11 60 0 1 17938338811470.844
a 11 61 0 1 15975765794722.94
a 11 62 0 1 13872800684432.67
a 11 63 0 1 13938731052605.168
a 11 64 0 1 8279112490643.798
a 11 65 0 1 7915649321680.472
a 11 66 0 1 13476215948849.016
a 11 67 0 1 7587893948069.9375
a 11 68 0 1 17787255036386.98
a 11 69 0 1 12802137635647.635
a 11 70 0 1 7133356862050.998
a 11 71 0 1 6178932712246.755
a 11 72 0 1 7179824277328.24
a 11 73 0 1 11624547166786.695
a 11 74 0 1 6259629532304.1
a 11 75 0 1 17763448914075.39
a 11 76 0 1 13681799162573.463
a 11 77 0 1 5056651221044.551
a 11 78 0 1 7177590051415.994
a 11 79 0 1 20568016091835.902
a 11 80 0 1 15391516800458.184
a 11 81 0 1 18500990894425.76
a 12 15 0 1 20375911345991.234
a 12 16 0 1 18795859935941.188
a 12 17 0 1 16817834571230.691
a 12 18 0 1 7484170081597.007
a 12 19 0 1 12756176803937.564
a 12 20 0 1 5194074617663.697
a 12 21 0 1 14862271571417.787
a 12 22 0 1 15666986176187.652
a 12 23 0 1 15962399987396.22
a 12 24 0 1 17532738693036.762
a 12 25 0 1 19629898785560.86
a 12 26 0 1 18438858474574.01
a 12 27 0 1 14566438932086.014
a 12 28 0 1 6129660539721.189
a 12 29 0 1 9229432641203.164
a 12 30 0 1 4750106185526.392
a 12 31 0 1 12010039114236.47
a 12 32 0 1 19538825221321.42
a 12 33 0 1 20924282186352.848
a 12 34 0 1 10995295181633.266
a 12 35 0 1 17607328485286.46
a 12 36 0 1 7794849578448.115
a 12 37 0 1 10396590997732.133
a 12 38 0 1 5545081767994.315
a 12 39 0 1 8555400739891.503
a 12 40 0 1 12459503051838.043
a 12 41 0 1 11187758628127.527
a 12 42 0 1 10835703123349.846
a 12 43 0 1 6056350960791.194
a 12 44 0 1 5809024850240.664
a 12 45 0 1 17684087801716.977
a 12 46 0 1 13902977759762.229
a 12 47 0 1 6110046058446.47
a 12 48 0 1 13923673067098.076
a 12 49 0 1 13906821904566.41
a 12 50 0 1 12219534157238.139
a 12 51 0 1 14041399494897.754
a 12 52 0 1 11651456172124.291
a 12 53 0 1 9427707794849.908
a 12 54 0 1 17740755042929.758
a 12 55 0 1 15872008171045.863
a 12 56 0 1 16454724127133.514
a 12 57 0 1 12409891602071.078
a 12 58 0 1 4728093765154.502
a 12 59 0 1 9179868648580.596
a 12 60 0 1 18316053362728.92
a 12 61 0 1 16312078222519.73
a 12 62 0 1 14164770497689.986
a 12 63 0 1 14232090724807.125
a 12 64 0 1 8453241806490.399
a 12 65 0 1 8082127032220.863
a 12 66 0 1 13759825929012.342
a 12 67 0 1 7747472332341.921
a 12 68 0 1 18161781669938.47
a 12 69 0 1 13071540127543.488
a 12 70 0 1 7283368015589.697
a 12 71 0 1 6308858191569.83
a 12 72 0 1 7330813443820.306
a 12 73 0 1 11869135091799.71
a 12 74 0 1 6391253086395.799
a 12 75 0 1 18137473240885.883
a 12 76 0 1 13969742649829.182
a 12 77 0 1 5162964265377.162
a 12 78 0 1 7328532193273.329
a 12 79 0 1 21001235847666.367
a 12 80 0 1 15715507695513.197
a 12 81 0 1 18890578587228.48
a 13 15 0 1 23132950720511.383
a 13 16 0 1 21338578825070.87
a 13 17 0 1 19092375986628.61
a 13 18 0 1 8495137933917.265
a 13 19 0 1 14480479847850.262
a 13 20 0 1 5895484485628.441
a 13 21 0 1 16871817234588.197
a 13 22 0 1 17785561243972.086
a 13 23 0 1 18121005923594.535
a 13 24 0 1 19904189645137.707
a 13 25 0 1 22285736890198.215
a 13 26 0 1 20933165425665.855
a 13 27 0 1 16535908503515.0
a 13 28 0 1 6957513531465.635
a 13 29 0 1 10476436490788.283
a 13 30 0 1 5391525160116.867
a 13 31 0 1 13633325369877.822
a 13 32 0 1 22182309979454.58
a 13 33 0 1 23755724085913.277
a 13 34 0 1 12481230673244.568
a 13 35 0 1 19988891574255.02
a 13 36 0 1 8847827038764.986
a 13 37 0 1 11801505914937.66
a 13 38 0 1 6293926135371.192
a 13 39 0 1 9711233168586.1
a 13 40 0 1 14143638187367.896
a 13 41 0 1 12699742228394.021
a 13 42 0 1 12300040331978.23
a 13 43 0 1 6874295149333.828
a 13 44 0 1 6593540896097.423
a 13 45 0 1 20076057355820.555
a 13 46 0 1 15782580314605.377
a 13 47 0 1 6935247863244.732
a 13 48 0 1 15806078603243.492
a 13 49 0 1 15786945110883.803
a 13 50 0 1 13871181172847.623
a 13 51 0 1 15939750237444.98
a 13 52 0 1 13226202235718.418
a 13 53 0 1 10701533948482.59
a 13 54 0 1 20140407259989.418
a 13 55 0 1 18018364984984.91
a 13 56 0 1 18680050683025.008
a 13 57 0 1 14087309938583.95
a 13 58 0 1 5366538509477.445
a 13 59 0 1 10420167788112.363
a 13 60 0 1 20793708111599.625
a 13 61 0 1 18518072274744.83
a 13 62 0 1 16079831490781.129
a 13 63 0 1 16156270278002.945
a 13 64 0 1 9595257336850.62
a 13 65 0 1 9173952747869.764
a 13 66 0 1 15620040353763.002
a 13 67 0 1 8794043293197.823
a 13 68 0 1 20618518149792.992
a 13 69 0 1 14838544955795.62
a 13 70 0 1 8267185533659.143
a 13 71 0 1 7160933022946.82
a 13 72 0 1 8321045902941.944
a 13 73 0 1 13473347091206.344
a 13 74 0 1 7254465475324.18
a 13 75 0 1 20590913727956.0
a 13 76 0 1 15858387924479.688
a 13 77 0 1 5860170144068.704
a 13 78 0 1 8318456210154.075
a 13 79 0 1 23843119613268.137
a 13 80 0 1 17840657594230.594
a 13 81 0 1 21446142757945.934
a 14 15 0 1 30139857860992.113
a 14 16 0 1 27800233879292.15
a 14 17 0 1 24871895853637.55
a 14 18 0 1 11062644128409.586
a 14 19 0 1 18860882675048.51
a 14 20 0 1 7676596491504.182
a 14 21 0 1 21977441518923.32
a 14 22 0 1 23168434348893.887
a 14 23 0 1 23605678959593.004
a 14 24 0 1 25930191012532.36
a 14 25 0 1 29035166308300.43
a 14 26 0 1 27271669020150.184
a 14 27 0 1 21539630246232.914
a 14 28 0 1 9059814850194.066
a 14 29 0 1 13643696630959.031
a 14 30 0 1 7020260593939.209
a 14 31 0 1 17756936266397.973
a 14 32 0 1 28900311292446.066
a 14 33 0 1 30951940762343.164
a 14 34 0 1 16255720000057.287
a 14 35 0 1 26040613459719.324
a 14 36 0 1 11522068797356.793
a 14 37 0 1 15370073478097.701
a 14 38 0 1 8195526810015.642
a 14 39 0 1 12646818270570.715
a 14 40 0 1 18421928772893.38
a 14 41 0 1 16540438277238.523
a 14 42 0 1 16019634166910.85
a 14 43 0 1 8951425048973.799
a 14 44 0 1 8585754493637.469
a 14 45 0 1 26154248613544.566
a 14 46 0 1 20557806920520.28
a 14 47 0 1 9030814328754.107
a 14 48 0 1 20588431793284.664
a 14 49 0 1 20563495472713.492
a 14 50 0 1 18066885021966.78
a 14 51 0 1 20762644448447.434
a 14 52 0 1 17226428003176.373
a 14 53 0 1 13936955330252.604
a 14 54 0 1 26238139905091.29
a 14 55 0 1 23471887711678.895
a 14 56 0 1 24334404031481.44
a 14 57 0 1 18348525841393.26
a 14 58 0 1 6987719607016.102
a 14 59 0 1 13570390051359.61
a 14 60 0 1 27089852555503.676
a 14 61 0 1 24123259283181.05
a 14 62 0 1 20945212429336.25
a 14 63 0 1 21044835899464.62
a 14 64 0 1 12495733921147.045
a 14 65 0 1 11946901143385.318
a 14 66 0 1 20345973056247.543
a 14 67 0 1 11452007555024.094
a 14 68 0 1 26861452422850.387
a 14 69 0 1 19327505147793.715
a 14 70 0 1 10765711685668.543
a 14 71 0 1 9324766147875.406
a 14 72 0 1 10835870166127.406
a 14 73 0 1 17548472233005.238
a 14 74 0 1 9446592236094.004
a 14 75 0 1 26825464008701.758
a 14 76 0 1 20656605717448.1
a 14 77 0 1 7630603795225.769
a 14 78 0 1 10832496828035.244
a 14 79 0 1 31065905458604.492
a 14 80 0 1 23240250501350.47
a 14 81 0 1 27940474767058.01
a 15 1 0 1 0
a 16 1 0 1 0
a 17 1 0 1 0
a 18 1 0 1 0
a 19 1 0 1 0
a 20 1 0 1 0
a 21 1 0 1 0
a 22 1 0 1 0
a 23 1 0 1 0
a 24 1 0 1 0
a 25 1 0 1 0
a 26 1 0 1 0
a 27 1 0 1 0
a 28 1 0 1 0
a 29 1 0 1 0
a 30 1 0 1 0
a 31 1 0 1 0
a 32 1 0 1 0
a 33 1 0 1 0
a 34 1 0 1 0
a 35 1 0 1 0
a 36 1 0 1 0
a 37 1 0 1 0
a 38 1 0 1 0
a 39 1 0 1 0
a 40 1 0 1 0
a 41 1 0 1 0
a 42 1 0 1 0
a 43 1 0 1 0
a 44 1 0 1 0
a 45 1 0 1 0
a 46 1 0 1 0
a 47 1 0 1 0
a 48 1 0 1 0
a 49 1 0 1 0
a 50 1 0 1 0
a 51 1 0 1 0
a 52 1 0 1 0
a 53 1 0 1 0
a 54 1 0 1 0
a 55 1 0 1 0
a 56 1 0 1 0
a 57 1 0 1 0
a 58 1 0 1 0
a 59 1 0 1 0
a 60 1 0 1 0
a 61 1 0 1 0
a 62 1 0 1 0
a 63 1 0 1 0
a 64 1 0 1 0
a 65 1 0 1 0
a 66 1 0 1 0
a 67 1 0 1 0
a 68 1 0 1 0
a 69 1 0 1 0
a 70 1 0 1 0
a 71 1 0 1 0
a 72 1 0 1 0
a 73 1 0 1 0
a 74 1 0 1 0
a 75 1 0 1 0
a 76 1 0 1 0
a 77 1 0 1 0
a 78 1 0 1 0
a 79 1 0 1 0
a 80 1 0 1 0
a 81 1 0 1 0
