p min 81 937
n 0 13
n 1 -13
a 0 2 0 1 0
a 0 3 0 1 0
a 0 4 0 1 0
a 0 5 0 1 0
a 0 6 0 1 0
a 0 7 0 1 0
a 0 8 0 1 0
a 0 9 0 1 0
a 0 10 0 1 0
a 0 11 0 1 0
a 0 12 0 1 0
a 0 13 0 1 0
a 0 14 0 1 0
a 2 15 0 1 16740259491173.13
a 2 16 0 1 9006291133711.645
a 2 17 0 1 9328228868927.432
a 2 18 0 1 15539111026817.094
a 2 19 0 1 9102291917875.521
a 2 20 0 1 15378514193598.895
a 2 21 0 1 4324646403515.458
a 2 22 0 1 4440915776735.23
a 2 23 0 1 4662579708372.897
a 2 24 0 1 9566323279755.969
a 2 25 0 1 13030684175522.625
a 2 26 0 1 13871843804444.832
a 2 27 0 1 10765799262210.994
a 2 28 0 1 8527479900790.5
a 2 29 0 1 3916037523287.285
a 2 30 0 1 14000930040634.117
a 2 31 0 1 17027843320463.375
a 2 32 0 1 16361126734554.395
a 2 33 0 1 5382919449731.825
a 2 34 0 1 11557661203297.402
a 2 35 0 1 8161343916879.007
a 2 36 0 1 13327004763033.676
a 2 37 0 1 8095662217597.004
a 2 38 0 1 11581891044994.072
a 2 39 0 1 3783623423769.7075
a 2 40 0 1 5459112706987.5625
a 2 41 0 1 3718718050752.3804
a 2 42 0 1 12763895846521.65
a 2 43 0 1 16009839267110.674
a 2 44 0 1 10192261313089.586
a 2 45 0 1 14145398212772.947
a 2 46 0 1 15308699809821.16
a 2 47 0 1 16152366806099.482
a 2 48 0 1 8496827672845.432
a 2 49 0 1 14577759188415.777
a 2 50 0 1 15446825530168.312
a 2 51 0 1 5953894130113.28
a 2 52 0 1 7824230217528.428
a 2 53 0 1 14047223058722.572
a 2 54 0 1 4267811144288.8374
a 2 55 0 1 15199323511612.953
a 2 56 0 1 17907859322572.527
a 2 57 0 1 12173376576097.105
a 2 58 0 1 8656715114366.844
a 2 59 0 1 13814190267397.605
a 2 60 0 1 13099103277859.016
a 2 61 0 1 15737349384714.533
a 2 62 0 1 10773431539309.008
a 2 63 0 1 3743003264849.3
a 2 64 0 1 10915877271463.082
a 2 65 0 1 9193652498188.97
a 2 66 0 1 5537017175464.373
a 2 67 0 1 9131147191730.814
a 2 68 0 1 9974564972392.998
a 2 69 0 1 5054869232213.543
a 2 70 0 1 12366489187592.166
a 2 71 0 1 16246967337027.807
a 2 72 0 1 4018900418872.1943
a 2 73 0 1 14020493080114.53
a 2 74 0 1 16436785710714.762
a 2 75 0 1 13074479791367.086
a 2 76 0 1 10796121640254.75
a 2 77 0 1 5475424145495.506
a 2 78 0 1 7427888167692.921
a 2 79 0 1 17174727335655.363
a 2 80 0 1 7255229562678.806
a 3 15 0 1 12096615324398.447
a 3 16 0 1 6509609292694.829
a 3 17 0 1 6742231669519.893
a 3 18 0 1 11229088832302.332
a 3 19 0 1 6578977028454.297
a 3 20 0 1 11113093118088.027
a 3 21 0 1 3126255229420.781
a 3 22 0 1 3210293599140.742
a 3 23 0 1 3370508400464.222
a 3 24 0 1 6914268342945.021
a 3 25 0 1 9417168888817.041
a 3 26 0 1 10024798781765.5
a 3 27 0 1 7780917758335.424
a 3 28 0 1 6163626068167.041
a 3 29 0 1 2830911766106.943
a 3 30 0 1 10118044130981.746
a 3 31 0 1 12304312141762.215
a 3 32 0 1 11822794831404.406
a 3 33 0 1 3891141675529.0024
a 3 34 0 1 8353020109417.349
a 3 35 0 1 5899053480751.917
a 3 36 0 1 9631226216640.744
a 3 37 0 1 5851590741407.813
a 3 38 0 1 8370525165826.129
a 3 39 0 1 2735200889866.0913
a 3 40 0 1 3946209769416.8105
a 3 41 0 1 2688286027597.447
a 3 42 0 1 9224441731078.074
a 3 43 0 1 11569079074453.412
a 3 44 0 1 7366531479305.517
a 3 45 0 1 10222399697952.562
a 3 46 0 1 11062667285857.732
a 3 47 0 1 11672019620853.844
a 3 48 0 1 6141476777397.062
a 3 49 0 1 10534706845640.87
a 3 50 0 1 11162433105039.049
a 3 51 0 1 4303802740811.031
a 3 52 0 1 5655447141267.34
a 3 53 0 1 10151483671599.787
a 3 54 0 1 3085175031056.886
a 3 55 0 1 10983666051954.17
a 3 56 0 1 12939847519172.1
a 3 57 0 1 8797840540292.256
a 3 58 0 1 6257010918095.186
a 3 59 0 1 9983152542441.75
a 3 60 0 1 9466594131326.844
a 3 61 0 1 11372270585134.512
a 3 62 0 1 7786432044164.307
a 3 63 0 1 2705839874042.0156
a 3 64 0 1 7889347950622.05
a 3 65 0 1 6644991475354.547
a 3 66 0 1 4002514351170.266
a 3 67 0 1 6599827035536.827
a 3 68 0 1 7209239957443.006
a 3 69 0 1 3654042830673.5586
a 3 70 0 1 8937350155672.768
a 3 71 0 1 11740344357044.666
a 3 72 0 1 2905262035343.8525
a 3 73 0 1 10132175411232.918
a 3 74 0 1 11877438432747.31
a 3 75 0 1 9448806407632.533
a 3 76 0 1 7802825524023.734
a 3 77 0 1 3957998702024.5977
a 3 78 0 1 5369034285482.624
a 3 79 0 1 12410392232051.389
a 3 80 0 1 5244261900984.94
a 4 15 0 1 29151831205997.68
a 4 16 0 1 15673384986861.086
a 4 17 0 1 16234089633133.596
a 4 18 0 1 27057348393530.742
a 4 19 0 1 15840582060719.752
a 4 20 0 1 26777342963617.66
a 4 21 0 1 7523052815450.952
a 4 22 0 1 7725388786536.26
a 4 23 0 1 8111147111078.936
a 4 24 0 1 16648787918418.756
a 4 25 0 1 22684708984134.777
a 4 26 0 1 24150792432979.16
a 4 27 0 1 18738218373341.344
a 4 28 0 1 14839517752117.672
a 4 29 0 1 6812009361964.096
a 4 30 0 1 24375799548276.03
a 4 31 0 1 29653364697280.977
a 4 32 0 1 28490678184104.656
a 4 33 0 1 9364843924528.654
a 4 34 0 1 20117839135819.766
a 4 35 0 1 14201924566213.041
a 4 36 0 1 23201151344417.266
a 4 37 0 1 14087549956177.75
a 4 38 0 1 20160056500181.86
a 4 39 0 1 6581598710634.102
a 4 40 0 1 9497461528300.207
a 4 41 0 1 6468660300725.417
a 4 42 0 1 22219759313932.62
a 4 43 0 1 27878121659012.016
a 4 44 0 1 17739088961814.31
a 4 45 0 1 24627624439805.32
a 4 46 0 1 26655621877363.8
a 4 47 0 1 28126649208306.0
a 4 48 0 1 14786138100288.068
a 4 49 0 1 25381317297710.59
a 4 50 0 1 26896444901536.55
a 4 51 0 1 10358691559017.598
a 4 52 0 1 13614906338581.584
a 4 53 0 1 24456493006007.37
a 4 54 0 1 7424147597314.245
a 4 55 0 1 26464927683596.566
a 4 56 0 1 31188227231526.93
a 4 57 0 1 21190697753418.875
a 4 58 0 1 15064578875740.684
a 4 59 0 1 24050299543859.95
a 4 60 0 1 22803950898107.066
a 4 61 0 1 27402993576203.93
a 4 62 0 1 18751514810258.81
a 4 63 0 1 6510917572267.143
a 4 64 0 1 18999677312057.223
a 4 65 0 1 15999700199150.803
a 4 66 0 1 9633059349470.896
a 4 67 0 1 15890837575073.258
a 4 68 0 1 17359877584591.838
a 4 69 0 1 8793878250844.359
a 4 70 0 1 21527211772771.043
a 4 71 0 1 28291609016448.33
a 4 72 0 1 6991002248603.94
a 4 73 0 1 24409899845784.17
a 4 74 0 1 28622613132568.18
a 4 75 0 1 22761036528365.965
a 4 76 0 1 18791044071791.9
a 4 77 0 1 9525852504454.258
a 4 78 0 1 12924796604980.307
a 4 79 0 1 29909533462540.77
a 4 80 0 1 12624178492676.943
a 5 15 0 1 6972352892430.447
a 5 16 0 1 3753087875650.4873
a 5 17 0 1 3887161243404.5225
a 5 18 0 1 6472594244776.005
a 5 19 0 1 3793068724132.065
a 5 20 0 1 6405769030261.5625
a 5 21 0 1 1802726613376.7256
a 5 22 0 1 1851178991281.74
a 5 23 0 1 1943549841508.4219
a 5 24 0 1 3986313703531.116
a 5 25 0 1 5428659466204.303
a 5 26 0 1 5778765030792.867
a 5 27 0 1 4485777372736.521
a 5 28 0 1 3553672643953.26
a 5 29 0 1 1632442993955.0422
a 5 30 0 1 5832489509419.866
a 5 31 0 1 7091995156235.442
a 5 32 0 1 6814616851821.389
a 5 33 0 1 2243707764355.187
a 5 34 0 1 4815465803327.817
a 5 35 0 1 3401175727477.6606
a 5 36 0 1 5551997869519.151
a 5 37 0 1 3373818276677.3
a 5 38 0 1 4825553244091.259
a 5 39 0 1 1577258752039.361
a 5 40 0 1 2275454987454.415
a 5 41 0 1 1550208753008.6067
a 5 42 0 1 5317609160418.416
a 5 43 0 1 6668458509385.577
a 5 44 0 1 4246965320487.804
a 5 45 0 1 5892614699750.167
a 5 46 0 1 6376718436046.194
a 5 47 0 1 6727760030624.229
a 5 48 0 1 3540906171646.7607
a 5 49 0 1 6072548990358.965
a 5 50 0 1 6434193924751.368
a 5 51 0 1 2481606219987.246
a 5 52 0 1 3260760060590.6206
a 5 53 0 1 5851756001473.166
a 5 54 0 1 1779041653242.231
a 5 55 0 1 6331205111161.222
a 5 56 0 1 7458075689816.507
a 5 57 0 1 5071792095630.93
a 5 58 0 1 3607497770684.287
a 5 59 0 1 5754769869207.134
a 5 60 0 1 5457138189753.355
a 5 61 0 1 6555080312364.082
a 5 62 0 1 4488955207064.044
a 5 63 0 1 1560329899826.8276
a 5 64 0 1 4548264423272.022
a 5 65 0 1 3831116616899.1416
a 5 66 0 1 2307914880029.3296
a 5 67 0 1 3805085799461.428
a 5 68 0 1 4156315218074.4424
a 5 69 0 1 2107016322591.3254
a 5 70 0 1 5152181755237.916
a 5 71 0 1 6767119904533.829
a 5 72 0 1 1675310945753.4185
a 5 73 0 1 5840631381291.8125
a 5 74 0 1 6846094983468.984
a 5 75 0 1 5446888955597.729
a 5 76 0 1 4498402614938.337
a 5 77 0 1 2282251384916.283
a 5 78 0 1 3095666279532.5986
a 5 79 0 1 7153100896464.574
a 5 80 0 1 3023743677710.993
a 6 15 0 1 5354793416056.847
a 6 16 0 1 2882633541263.6997
a 6 17 0 1 2985600559703.2036
a 6 18 0 1 4971043245147.201
a 6 19 0 1 2913338514059.283
a 6 20 0 1 4919729324104.463
a 6 21 0 1 1384692019923.4868
a 6 22 0 1 1421906927959.3306
a 6 23 0 1 1492854111953.4397
a 6 24 0 1 3061748192590.7056
a 6 25 0 1 4169402937670.745
a 6 26 0 1 4438254921116.032
a 6 27 0 1 3445322820114.3867
a 6 28 0 1 2729483254312.484
a 6 29 0 1 1253901199680.711
a 6 30 0 1 4479510411590.15
a 6 31 0 1 5446661719637.0
a 6 32 0 1 5233673592439.905
a 6 33 0 1 1723393682832.9702
a 6 34 0 1 3698509035047.733
a 6 35 0 1 2612364988844.027
a 6 36 0 1 4264117157148.512
a 6 37 0 1 2591354252028.9805
a 6 38 0 1 3706255675588.0566
a 6 39 0 1 1211515233604.2727
a 6 40 0 1 1747777268155.642
a 6 41 0 1 1190738598482.8862
a 6 42 0 1 4084124479195.8022
a 6 43 0 1 5121442954704.494
a 6 44 0 1 3261922881684.9253
a 6 45 0 1 4525680923324.75
a 6 46 0 1 4897421820447.1455
a 6 47 0 1 5166978932229.21
a 6 48 0 1 2719678587130.018
a 6 49 0 1 4663852710223.737
a 6 50 0 1 4941556329059.165
a 6 51 0 1 1906111564621.301
a 6 52 0 1 2504524329572.8804
a 6 53 0 1 4494305288141.819
a 6 54 0 1 1366500233489.8855
a 6 55 0 1 4862472769943.368
a 6 56 0 1 5727756041418.618
a 6 57 0 1 3895353272477.5806
a 6 58 0 1 2770820947478.011
a 6 59 0 1 4419828791328.212
a 6 60 0 1 4191272419006.805
a 6 61 0 1 5034382610402.7
a 6 62 0 1 3447763278402.049
a 6 63 0 1 1198512479333.2302
a 6 64 0 1 3493310469279.096
a 6 65 0 1 2942558931377.8237
a 6 66 0 1 1772708179456.1594
a 6 67 0 1 2922567519258.988
a 6 68 0 1 3192305919875.7593
a 6 69 0 1 1618406786356.5437
a 6 70 0 1 3957087473627.5444
a 6 71 0 1 5197202197510.359
a 6 72 0 1 1286827171490.5789
a 6 73 0 1 4485762614883.281
a 6 74 0 1 5257844597387.508
a 6 75 0 1 4183401794977.3906
a 6 76 0 1 3455018532989.7344
a 6 77 0 1 1752997263817.8723
a 6 78 0 1 2377729593204.002
a 6 79 0 1 5493582041914.231
a 6 80 0 1 2322491503638.7114
a 7 15 0 1 27077387239892.5
a 7 16 0 1 14559674762467.71
a 7 17 0 1 15080467973141.758
a 7 18 0 1 25132379399344.508
a 7 19 0 1 14714971106605.504
a 7 20 0 1 24872351779370.3
a 7 21 0 1 6988950083439.605
a 7 22 0 1 7176909243037.241
a 7 23 0 1 7535256111706.653
a 7 24 0 1 15465644601256.81
a 7 25 0 1 21071582320951.15
a 7 26 0 1 22433141987606.58
a 7 27 0 1 17406292262650.346
a 7 28 0 1 13785154058796.887
a 7 29 0 1 6328424286808.498
a 7 30 0 1 22642104417675.95
a 7 31 0 1 27543118330201.1
a 7 32 0 1 26463425330476.05
a 7 33 0 1 8699851332692.7
a 7 34 0 1 18687637447062.13
a 7 35 0 1 13192931393099.82
a 7 36 0 1 21551208886133.117
a 7 37 0 1 13086694916282.54
a 7 38 0 1 18726847052471.63
a 7 39 0 1 6114382022272.348
a 7 40 0 1 8823042262028.23
a 7 41 0 1 6009466469309.631
a 7 42 0 1 20639774191825.14
a 7 43 0 1 25894585292697.2
a 7 44 0 1 16478316497665.445
a 7 45 0 1 22875971401030.055
a 7 46 0 1 24759314868582.26
a 7 47 0 1 26125376799415.81
a 7 48 0 1 13735573089154.701
a 7 49 0 1 23575911819106.453
a 7 50 0 1 24982956185840.46
a 7 51 0 1 9623048157816.547
a 7 52 0 1 12647679350180.838
a 7 53 0 1 22717043642053.32
a 7 54 0 1 6897072265610.906
a 7 55 0 1 24582225273462.67
a 7 56 0 1 28968389521229.375
a 7 57 0 1 19684052264818.516
a 7 58 0 1 13994198571061.771
a 7 59 0 1 22339814741483.4
a 7 60 0 1 21182324158689.207
a 7 61 0 1 25453361861427.27
a 7 62 0 1 17418641682706.77
a 7 63 0 1 6048721914617.463
a 7 64 0 1 17649128724121.06
a 7 65 0 1 14862763161432.535
a 7 66 0 1 8949001293595.033
a 7 67 0 1 14761649457873.898
a 7 68 0 1 16126106923612.514
a 7 69 0 1 8169467771721.765
a 7 70 0 1 19996585223876.246
a 7 71 0 1 26278563814040.36
a 7 72 0 1 6494700951031.349
a 7 73 0 1 22673773042316.184
a 7 74 0 1 26585943692282.164
a 7 75 0 1 21142468934671.83
a 7 76 0 1 17455355521668.203
a 7 77 0 1 8849415126784.383
a 7 78 0 1 12006664027992.832
a 7 79 0 1 27780998785742.746
a 7 80 0 1 11727429624667.111
a 8 15 0 1 29113219522458.98
a 8 16 0 1 15652657717513.928
a 8 17 0 1 16212619474937.262
a 8 18 0 1 27021519496973.418
a 8 19 0 1 15819633278633.72
a 8 20 0 1 26741885988354.82
a 8 21 0 1 7513113276456.624
a 8 22 0 1 7715181681537.9
a 8 23 0 1 8100429850655.791
a 8 24 0 1 16626768256510.586
a 8 25 0 1 22654685377507.203
a 8 26 0 1 24118823046108.574
a 8 27 0 1 18713429275289.305
a 8 28 0 1 14819895113089.559
a 8 29 0 1 6803009997258.936
a 8 30 0 1 24343531474770.234
a 8 31 0 1 29614086463750.44
a 8 32 0 1 28452945071267.863
a 8 33 0 1 9352468369876.143
a 8 34 0 1 20091220689569.547
a 8 35 0 1 14183146408879.924
a 8 36 0 1 23170442392337.547
a 8 37 0 1 14068923273038.885
a 8 38 0 1 20133382065439.16
a 8 39 0 1 6572903972490.514
a 8 40 0 1 9484910529265.492
a 8 41 0 1 6460114872871.627
a 8 42 0 1 22190352649703.105
a 8 43 0 1 27841202420408.957
a 8 44 0 1 17715624326115.953
a 8 45 0 1 24595022061967.934
a 8 46 0 1 26620326572441.28
a 8 47 0 1 28089399776985.902
a 8 48 0 1 14766586166479.775
a 8 49 0 1 25347714256603.65
a 8 50 0 1 26860829730315.367
a 8 51 0 1 10345001078996.861
a 8 52 0 1 13596905567778.12
a 8 53 0 1 24424117811868.68
a 8 54 0 1 7414338844543.248
a 8 55 0 1 26429885650220.133
a 8 56 0 1 31146908651351.9
a 8 57 0 1 21162656317949.582
a 8 58 0 1 15044658117385.758
a 8 59 0 1 24018463551702.258
a 8 60 0 1 22773769058581.82
a 8 61 0 1 27366705538366.637
a 8 62 0 1 18726708084180.41
a 8 63 0 1 6502316278616.561
a 8 64 0 1 18974541569505.188
a 8 65 0 1 15978540599875.31
a 8 66 0 1 9620328957889.049
a 8 67 0 1 15869822209795.11
a 8 68 0 1 17336915558062.393
a 8 69 0 1 8782257985187.15
a 8 70 0 1 21498723928598.85
a 8 71 0 1 28254140409761.535
a 8 72 0 1 6981766225766.237
a 8 73 0 1 24377586504346.676
a 8 74 0 1 28584704709139.41
a 8 75 0 1 22730911636305.38
a 8 76 0 1 18766184938657.24
a 8 77 0 1 9513263945326.434
a 8 78 0 1 12907709610298.584
a 8 79 0 1 29869914744941.562
a 8 80 0 1 12607489501892.078
a 9 15 0 1 17724427124324.25
a 9 16 0 1 9535275973917.986
a 9 17 0 1 9876144242862.941
a 9 18 0 1 16452528741680.98
a 9 19 0 1 9636921626116.729
a 9 20 0 1 16282474021254.11
a 9 21 0 1 4578509720589.747
a 9 22 0 1 4701607977883.635
a 9 23 0 1 4936291500180.498
a 9 24 0 1 10128240000819.379
a 9 25 0 1 13796417601086.145
a 9 26 0 1 14687090658541.959
a 9 27 0 1 11398264564784.326
a 9 28 0 1 9028312503792.627
a 9 29 0 1 4145903427424.907
a 9 30 0 1 14823776234888.834
a 9 31 0 1 18028953260120.57
a 9 32 0 1 17322960492704.557
a 9 33 0 1 5698945773450.235
a 9 34 0 1 12236712098285.434
a 9 35 0 1 8640651365998.254
a 9 36 0 1 14110179436662.484
a 9 37 0 1 8571108439390.238
a 9 38 0 1 12262367534228.178
a 9 39 0 1 4005713221132.0557
a 9 40 0 1 5779615245013.232
a 9 41 0 1 3936996328240.1
a 9 42 0 1 13513927352558.475
a 9 43 0 1 16950981297471.0
a 9 44 0 1 10790990737065.473
a 9 45 0 1 14976749569363.412
a 9 46 0 1 16208548236230.396
a 9 47 0 1 17101903858363.637
a 9 48 0 1 8995858156048.965
a 9 49 0 1 15434566386447.797
a 9 50 0 1 16354808311667.824
a 9 51 0 1 6303466193632.749
a 9 52 0 1 8283720433305.079
a 9 53 0 1 14872794593207.463
a 9 54 0 1 4518336409418.688
a 9 55 0 1 16092730858102.88
a 9 56 0 1 18960820659237.59
a 9 57 0 1 12888656497950.059
a 9 58 0 1 9165145921218.453
a 9 59 0 1 14626043120102.22
a 9 60 0 1 13868863697946.738
a 9 61 0 1 16662442286521.402
a 9 62 0 1 11406345809237.059
a 9 63 0 1 3962707666455.499
a 9 64 0 1 11557171039758.738
a 9 65 0 1 9733654352110.703
a 9 66 0 1 5862096544292.107
a 9 67 0 1 9667473622487.658
a 9 68 0 1 10560490589752.973
a 9 69 0 1 5351624156112.474
a 9 70 0 1 13093133080778.934
a 9 71 0 1 17202076621112.082
a 9 72 0 1 4254807188757.747
a 9 73 0 1 14844490976439.389
a 9 74 0 1 17403076207492.426
a 9 75 0 1 13842790920667.303
a 9 76 0 1 11430370656302.11
a 9 77 0 1 5796884961463.3
a 9 78 0 1 7864081493717.426
a 9 79 0 1 18184491050549.227
a 9 80 0 1 7681274761586.323
a 10 15 0 1 27516273671355.723
a 10 16 0 1 14795321008001.148
a 10 17 0 1 15324558062454.814
a 10 18 0 1 25539647201599.547
a 10 19 0 1 14953135130731.436
a 10 20 0 1 25275393585304.793
a 10 21 0 1 7101965051172.261
a 10 22 0 1 7292966161129.596
a 10 23 0 1 7657112923040.939
a 10 24 0 1 15715980386480.164
a 10 25 0 1 21412882959480.688
a 10 26 0 1 22796554015544.758
a 10 27 0 1 17688104500568.69
a 10 28 0 1 14008244570751.549
a 10 29 0 1 6430750298246.14
a 10 30 0 1 23008910566959.395
a 10 31 0 1 27989577961295.305
a 10 32 0 1 26892329459123.2
a 10 33 0 1 8840560636244.904
a 10 34 0 1 18990240376827.773
a 10 35 0 1 13406422934926.297
a 10 36 0 1 21900297736761.695
a 10 37 0 1 13298464677606.693
a 10 38 0 1 19030086282891.414
a 10 39 0 1 6213244649932.462
a 10 40 0 1 8965746083434.75
a 10 41 0 1 6106631538470.3
a 10 42 0 1 20974063845270.59
a 10 43 0 1 26314242027231.715
a 10 44 0 1 16745075592983.613
a 10 45 0 1 23246576386529.98
a 10 46 0 1 25160519666898.63
a 10 47 0 1 26548785266365.484
a 10 48 0 1 13957859922881.05
a 10 49 0 1 23957887582535.613
a 10 50 0 1 25387795514835.445
a 10 51 0 1 9778705842007.451
a 10 52 0 1 12852334415622.342
a 10 53 0 1 23085067049720.996
a 10 54 0 1 7008600321976.694
a 10 55 0 1 24980552216301.855
a 10 56 0 1 29438030451437.652
a 10 57 0 1 20002827007676.08
a 10 58 0 1 14220677673593.658
a 10 59 0 1 22701710933320.824
a 10 60 0 1 21525422953866.89
a 10 61 0 1 25865846659162.11
a 10 62 0 1 17700654268565.887
a 10 63 0 1 6146522141302.838
a 10 64 0 1 17934880669064.055
a 10 65 0 1 15103323384057.484
a 10 66 0 1 9093744509151.27
a 10 67 0 1 15000570283656.941
a 10 68 0 1 16387153513179.96
a 10 69 0 1 8301590577843.833
a 10 70 0 1 20320433153706.395
a 10 71 0 1 26704462591471.434
a 10 72 0 1 6599717578394.635
a 10 73 0 1 23041093591154.25
a 10 74 0 1 27016839711709.207
a 10 75 0 1 21484920580300.68
a 10 76 0 1 17737963729363.34
a 10 77 0 1 8992545944483.832
a 10 78 0 1 12200932097635.781
a 10 79 0 1 28231326881983.234
a 10 80 0 1 11917173474347.244
a 11 15 0 1 10947261215657.596
a 11 16 0 1 5891461935714.947
a 11 17 0 1 6101979153633.034
a 11 18 0 1 10162258805761.361
a 11 19 0 1 5954238049632.284
a 11 20 0 1 10057296136847.518
a 11 21 0 1 2829493156874.1006
a 11 22 0 1 2905551453829.6836
a 11 23 0 1 3050552272347.4805
a 11 24 0 1 6257667192018.278
a 11 25 0 1 8522650945952.607
a 11 26 0 1 9072502989889.572
a 11 27 0 1 7041950050817.142
a 11 28 0 1 5578354108729.359
a 11 29 0 1 2562193659309.778
a 11 30 0 1 9156881248844.967
a 11 31 0 1 11135198510538.572
a 11 32 0 1 10699489705283.352
a 11 33 0 1 3521742752014.8257
a 11 34 0 1 7559671513997.052
a 11 35 0 1 5338919664096.143
a 11 36 0 1 8716354988008.908
a 11 37 0 1 5295966410563.298
a 11 38 0 1 7575512534266.473
a 11 39 0 1 2475570518200.941
a 11 40 0 1 3571580900072.1353
a 11 41 0 1 2433110149745.538
a 11 42 0 1 8348248153556.6455
a 11 43 0 1 10469909008739.16
a 11 44 0 1 6666948993286.806
a 11 45 0 1 9251313004186.938
a 11 46 0 1 10011666523593.117
a 11 47 0 1 10563057347863.967
a 11 48 0 1 5558309367425.515
a 11 49 0 1 9533919658347.36
a 11 50 0 1 10101943135486.695
a 11 51 0 1 3895210969302.7603
a 11 52 0 1 5118458151414.201
a 11 53 0 1 9187140841713.752
a 11 54 0 1 2792313780235.2695
a 11 55 0 1 9940179337380.059
a 11 56 0 1 11710266043844.027
a 11 57 0 1 7962205292961.167
a 11 58 0 1 5662865744437.273
a 11 59 0 1 9034817009997.488
a 11 60 0 1 8567376751908.699
a 11 61 0 1 10291821319033.334
a 11 62 0 1 7046940210049.806
a 11 63 0 1 2448997290643.78
a 11 64 0 1 7140073966133.687
a 11 65 0 1 6013979430196.759
a 11 66 0 1 3622538041792.748
a 11 67 0 1 5973106780369.843
a 11 68 0 1 6524606307258.311
a 11 69 0 1 3307161054191.232
a 11 70 0 1 8088451682810.364
a 11 71 0 1 10624882585659.832
a 11 72 0 1 2629484255148.055
a 11 73 0 1 9169668711519.34
a 11 74 0 1 10748935091893.076
a 11 75 0 1 8551280320967.341
a 11 76 0 1 7061775504734.829
a 11 77 0 1 3582250202343.9233
a 11 78 0 1 4859255629693.401
a 11 79 0 1 11231186195590.918
a 11 80 0 1 4746336598649.998
a 12 15 0 1 17583397927263.182
a 12 16 0 1 9459476937802.979
a 12 17 0 1 9797632475403.305
a 12 18 0 1 16321638775752.738
a 12 19 0 1 9560313685687.094
a 12 20 0 1 16152939462485.438
a 12 21 0 1 4542134249851.34
a 12 22 0 1 4664253987432.844
a 12 23 0 1 4897071911938.524
a 12 24 0 1 10047721844255.846
a 12 25 0 1 13686691940647.508
a 12 26 0 1 14570269408004.564
a 12 27 0 1 11307636732037.305
a 12 28 0 1 8956547643507.676
a 12 29 0 1 4112966566854.435
a 12 30 0 1 14705865944304.896
a 12 31 0 1 17885496025663.03
a 12 32 0 1 17185131997601.72
a 12 33 0 1 5653662835737.473
a 12 34 0 1 12139408430458.598
a 12 35 0 1 8571971014751.326
a 12 36 0 1 13997954342044.613
a 12 37 0 1 8502981392468.805
a 12 38 0 1 12164859574116.348
a 12 39 0 1 3973890602172.283
a 12 40 0 1 5733690896994.242
a 12 41 0 1 3905719862940.7065
a 12 42 0 1 13406451862857.89
a 12 43 0 1 16816118153103.23
a 12 44 0 1 10705197304095.184
a 12 45 0 1 14857620425971.363
a 12 46 0 1 16079602880431.451
a 12 47 0 1 16965837617065.963
a 12 48 0 1 8924351536223.17
a 12 49 0 1 15311789220060.416
a 12 50 0 1 16224697224822.73
a 12 51 0 1 6253376371467.968
a 12 52 0 1 8217879838114.299
a 12 53 0 1 14754493741389.738
a 12 54 0 1 4482439252021.324
a 12 55 0 1 15964708569462.926
a 12 56 0 1 18809932442159.69
a 12 57 0 1 12786161075088.357
a 12 58 0 1 9092292251260.793
a 12 59 0 1 14509708253824.564
a 12 60 0 1 13758560946097.922
a 12 61 0 1 16529879149343.133
a 12 62 0 1 11315653638607.309
a 12 63 0 1 3931226851512.8335
a 12 64 0 1 11465278069902.578
a 12 65 0 1 9656276587390.135
a 12 66 0 1 5815516367737.504
a 12 67 0 1 9590622543132.457
a 12 68 0 1 10476531952207.98
a 12 69 0 1 5309102669187.491
a 12 70 0 1 12989009150682.67
a 12 71 0 1 17065211817962.889
a 12 72 0 1 4221004728814.3813
a 12 73 0 1 14726415638530.986
a 12 74 0 1 17264609011451.791
a 12 75 0 1 13732695860552.842
a 12 76 0 1 11339487213961.633
a 12 77 0 1 5750823298820.868
a 12 78 0 1 7801579265758.741
a 12 79 0 1 18039793622322.723
a 12 80 0 1 7620226721874.436
a 13 15 0 1 20286166942079.016
a 13 16 0 1 10911937443629.832
a 13 17 0 1 11302082851494.938
a 13 18 0 1 18830040221072.098
a 13 19 0 1 11028276892489.297
a 13 20 0 1 18635358576665.848
a 13 21 0 1 5239103262312.072
a 13 22 0 1 5379973305260.891
a 13 23 0 1 5648539856876.796
a 13 24 0 1 11590625323661.262
a 13 25 0 1 15789403328358.322
a 13 26 0 1 16808989305225.201
a 13 27 0 1 13044300371418.562
a 13 28 0 1 10331693704194.154
a 13 29 0 1 4744045853869.72
a 13 30 0 1 16965460955114.057
a 13 31 0 1 20634811383891.312
a 13 32 0 1 19826543136054.96
a 13 33 0 1 6521318746785.503
a 13 34 0 1 14004024366267.615
a 13 35 0 1 9888003748578.365
a 13 36 0 1 16148574507530.686
a 13 37 0 1 9808410360751.234
a 13 38 0 1 14033391131401.152
a 13 39 0 1 4583619293664.596
a 13 40 0 1 6613637902960.144
a 13 41 0 1 4504983440463.137
a 13 42 0 1 15466032745335.14
a 13 43 0 1 19400683862287.746
a 13 44 0 1 12349204720686.385
a 13 45 0 1 17140578961156.771
a 13 46 0 1 18550727377878.574
a 13 47 0 1 19573466469679.74
a 13 48 0 1 10294548497164.021
a 13 49 0 1 17664675429197.25
a 13 50 0 1 18718168013686.22
a 13 51 0 1 7213145532054.774
a 13 52 0 1 9479490507953.627
a 13 53 0 1 17021575194407.479
a 13 54 0 1 5170242895853.448
a 13 55 0 1 18418138558680.613
a 13 56 0 1 21701705327357.2
a 13 57 0 1 14750287178572.299
a 13 58 0 1 10488305076495.584
a 13 59 0 1 16739104992344.943
a 13 60 0 1 15872333890529.184
a 13 61 0 1 19070354473391.41
a 13 62 0 1 13053550392031.777
a 13 63 0 1 4534406068400.43
a 13 64 0 1 13226189666958.623
a 13 65 0 1 11138993572857.111
a 13 66 0 1 6708030793569.832
a 13 67 0 1 11063245532690.412
a 13 68 0 1 12085374125892.885
a 13 69 0 1 6123842355086.108
a 13 70 0 1 14984349234513.002
a 13 71 0 1 19688149016202.02
a 13 72 0 1 4868670309539.61
a 13 73 0 1 16989174344460.281
a 13 74 0 1 19918264065028.953
a 13 75 0 1 15842487814046.635
a 13 76 0 1 13081049925140.682
a 13 77 0 1 6633401615493.173
a 13 78 0 1 8999213141721.473
a 13 79 0 1 20812884120123.688
a 13 80 0 1 8789992672325.537
a 14 15 0 1 9434899966738.963
a 14 16 0 1 5077966333998.927
a 14 17 0 1 5259397639478.816
a 14 18 0 1 8758454813671.811
a 14 19 0 1 5132069172615.487
a 14 20 0 1 8668006053574.578
a 14 21 0 1 2438914234076.026
a 14 22 0 1 2504470532139.803
a 14 23 0 1 2629449447706.3154
a 14 24 0 1 5393574405580.8545
a 14 25 0 1 7345532273423.271
a 14 26 0 1 7819372294301.883
a 14 27 0 1 6069483519984.019
a 14 28 0 1 4808116506435.71
a 14 29 0 1 2208521734097.8066
a 14 30 0 1 7892085295619.557
a 14 31 0 1 9596845078330.844
a 14 32 0 1 9221394375459.467
a 14 33 0 1 3035573350317.562
a 14 34 0 1 6515655973111.132
a 14 35 0 1 4601759763280.815
a 14 36 0 1 7512459447023.746
a 14 37 0 1 4564740305490.034
a 14 38 0 1 6529307651424.634
a 14 39 0 1 2133858539825.8325
a 14 40 0 1 3078529004981.386
a 14 41 0 1 2097260545302.784
a 14 42 0 1 7195237341810.81
a 14 43 0 1 9023562369564.268
a 14 44 0 1 5746302948733.2705
a 14 45 0 1 7973461670214.232
a 14 46 0 1 8628685865934.294
a 14 47 0 1 9103829408912.557
a 14 48 0 1 4790840992439.888
a 14 49 0 1 8216995922562.495
a 14 50 0 1 8706479442144.403
a 14 51 0 1 3357465110908.2695
a 14 52 0 1 4411753464970.614
a 14 53 0 1 7918161465342.945
a 14 54 0 1 2406868464163.563
a 14 55 0 1 8567083441193.387
a 14 56 0 1 10092373357782.16
a 14 57 0 1 6862554579025.078
a 14 58 0 1 4880952543348.004
a 14 59 0 1 7786896321658.967
a 14 60 0 1 7384075455060.635
a 14 61 0 1 8870101411920.318
a 14 62 0 1 6073784075219.95
a 14 63 0 1 2110954202760.848
a 14 64 0 1 6154047292980.451
a 14 65 0 1 5183556462460.15
a 14 66 0 1 3122449053375.646
a 14 67 0 1 5148330940103.196
a 14 68 0 1 5623629243467.186
a 14 69 0 1 2850623940717.078
a 14 70 0 1 6971351232694.225
a 14 71 0 1 9157104825276.59
a 14 72 0 1 2266521461117.3643
a 14 73 0 1 7903104880093.451
a 14 74 0 1 9264001775414.164
a 14 75 0 1 7370204103487.119
a 14 76 0 1 6086569235202.083
a 14 77 0 1 3087724900913.6094
a 14 78 0 1 4188356252580.71
a 14 79 0 1 9679557060010.559
a 14 80 0 1 4091034876698.383
a 15 1 0 1 0
a 16 1 0 1 0
a 17 1 0 1 0
a 18 1 0 1 0
a 19 1 0 1 0
a 20 1 0 1 0
a 21 1 0 1 0
a 22 1 0 1 0
a 23 1 0 1 0
a 24 1 0 1 0
a 25 1 0 1 0
a 26 1 0 1 0
a 27 1 0 1 0
a 28 1 0 1 0
a 29 1 0 1 0
a 30 1 0 1 0
a 31 1 0 1 0
a 32 1 0 1 0
a 33 1 0 1 0
a 34 1 0 1 0
a 35 1 0 1 0
a 36 1 0 1 0
a 37 1 0 1 0
a 38 1 0 1 0
a 39 1 0 1 0
a 40 1 0 1 0
a 41 1 0 1 0
a 42 1 0 1 0
a 43 1 0 1 0
a 44 1 0 1 0
a 45 1 0 1 0
a 46 1 0 1 0
a 47 1 0 1 0
a 48 1 0 1 0
a 49 1 0 1 0
a 50 1 0 1 0
a 51 1 0 1 0
a 52 1 0 1 0
a 53 1 0 1 0
a 54 1 0 1 0
a 55 1 0 1 0
a 56 1 0 1 0
a 57 1 0 1 0
a 58 1 0 1 0
a 59 1 0 1 0
a 60 1 0 1 0
a 61 1 0 1 0
a 62 1 0 1 0
a 63 1 0 1 0
a 64 1 0 1 0
a 65 1 0 1 0
a 66 1 0 1 0
a 67 1 0 1 0
a 68 1 0 1 0
a 69 1 0 1 0
a 70 1 0 1 0
a 71 1 0 1 0
a 72 1 0 1 0
a 73 1 0 1 0
a 74 1 0 1 0
a 75 1 0 1 0
a 76 1 0 1 0
a 77 1 0 1 0
a 78 1 0 1 0
a 79 1 0 1 0
a 80 1 0 1 0
