p min 82 159
n 0 1
n 1 -1
a 0 2 0 1 0
a 2 3 0 1 16553129982229.285
a 2 4 0 1 18576950395508.867
a 2 5 0 1 22319902149124.633
a 2 6 0 1 5938765928002.885
a 2 7 0 1 11455628821575.955
a 2 8 0 1 17454974177275.734
a 2 9 0 1 9915057659049.412
a 2 10 0 1 10272559395286.576
a 2 11 0 1 22951290832809.297
a 2 12 0 1 13262097576361.477
a 2 13 0 1 12937972556151.94
a 2 14 0 1 9264315907839.71
a 2 15 0 1 21355468191768.453
a 2 16 0 1 11359113567867.646
a 2 17 0 1 8418594032958.83
a 2 18 0 1 18776084047360.504
a 2 19 0 1 10852086830015.291
a 2 20 0 1 21271219097614.715
a 2 21 0 1 18119545148181.754
a 2 22 0 1 8151508202864.833
a 2 23 0 1 23059282436371.133
a 2 24 0 1 8568678326189.772
a 2 25 0 1 14490426662357.34
a 2 26 0 1 7900407121616.645
a 2 27 0 1 18935117853192.86
a 2 28 0 1 11219337802075.33
a 2 29 0 1 18635962638771.234
a 2 30 0 1 7556125803102.914
a 2 31 0 1 11544655897680.83
a 2 32 0 1 17154242765907.775
a 2 33 0 1 9697313339786.307
a 2 34 0 1 9325743016313.146
a 2 35 0 1 18868296976068.473
a 2 36 0 1 17551357845286.725
a 2 37 0 1 13636664209701.209
a 2 38 0 1 20915174999265.41
a 2 39 0 1 12144689603113.594
a 2 40 0 1 9544665883743.08
a 2 41 0 1 13776735670008.254
a 2 42 0 1 13779997599579.197
a 2 43 0 1 14881074182479.287
a 2 44 0 1 15044451402135.814
a 2 45 0 1 14273519847796.998
a 2 46 0 1 11923308835209.66
a 2 47 0 1 4940584940622.348
a 2 48 0 1 16657143670183.94
a 2 49 0 1 14889262540804.201
a 2 50 0 1 9937098033622.0
a 2 51 0 1 8884083944380.992
a 2 52 0 1 8602504995884.962
a 2 53 0 1 21831116711775.848
a 2 54 0 1 16226430133389.871
a 2 55 0 1 4801509187136.124
a 2 56 0 1 5284791318463.419
a 2 57 0 1 21763518924124.207
a 2 58 0 1 10033842077405.025
a 2 59 0 1 6635432323791.962
a 2 60 0 1 19658431023571.598
a 2 61 0 1 6547189730177.744
a 2 62 0 1 15233972220669.727
a 2 63 0 1 9183104240697.65
a 2 64 0 1 19506389586256.453
a 2 65 0 1 17355459589144.58
a 2 66 0 1 8784343369405.572
a 2 67 0 1 5768280744211.673
a 2 68 0 1 10487091608218.6
a 2 69 0 1 4726055918161.2
a 2 70 0 1 22125107042988.957
a 2 71 0 1 19037272143970.133
a 2 72 0 1 19877964985105.125
a 2 73 0 1 19199452793362.74
a 2 74 0 1 11799427053776.447
a 2 75 0 1 6349851897727.408
a 2 76 0 1 15342814198211.422
a 2 77 0 1 4981809956491.695
a 2 78 0 1 11414081458068.086
a 2 79 0 1 11831869902322.125
a 2 80 0 1 15957239706754.896
a 2 81 0 1 10020710654229.44
a 3 1 0 1 0
a 4 1 0 1 0
a 5 1 0 1 0
a 6 1 0 1 0
a 7 1 0 1 0
a 8 1 0 1 0
a 9 1 0 1 0
a 10 1 0 1 0
a 11 1 0 1 0
a 12 1 0 1 0
a 13 1 0 1 0
a 14 1 0 1 0
a 15 1 0 1 0
a 16 1 0 1 0
a 17 1 0 1 0
a 18 1 0 1 0
a 19 1 0 1 0
a 20 1 0 1 0
a 21 1 0 1 0
a 22 1 0 1 0
a 23 1 0 1 0
a 24 1 0 1 0
a 25 1 0 1 0
a 26 1 0 1 0
a 27 1 0 1 0
a 28 1 0 1 0
a 29 1 0 1 0
a 30 1 0 1 0
a 31 1 0 1 0
a 32 1 0 1 0
a 33 1 0 1 0
a 34 1 0 1 0
a 35 1 0 1 0
a 36 1 0 1 0
a 37 1 0 1 0
a 38 1 0 1 0
a 39 1 0 1 0
a 40 1 0 1 0
a 41 1 0 1 0
a 42 1 0 1 0
a 43 1 0 1 0
a 44 1 0 1 0
a 45 1 0 1 0
a 46 1 0 1 0
a 47 1 0 1 0
a 48 1 0 1 0
a 49 1 0 1 0
a 50 1 0 1 0
a 51 1 0 1 0
a 52 1 0 1 0
a 53 1 0 1 0
a 54 1 0 1 0
a 55 1 0 1 0
a 56 1 0 1 0
a 57 1 0 1 0
a 58 1 0 1 0
a 59 1 0 1 0
a 60 1 0 1 0
a 61 1 0 1 0
a 62 1 0 1 0
a 63 1 0 1 0
a 64 1 0 1 0
a 65 1 0 1 0
a 66 1 0 1 0
a 67 1 0 1 0
a 68 1 0 1 0
a 69 1 0 1 0
a 70 1 0 1 0
a 71 1 0 1 0
a 72 1 0 1 0
a 73 1 0 1 0
a 74 1 0 1 0
a 75 1 0 1 0
a 76 1 0 1 0
a 77 1 0 1 0
a 78 1 0 1 0
a 79 1 0 1 0
a 80 1 0 1 0
a 81 1 0 1 0
