p min 82 159
n 0 1
n 1 -1
a 0 2 0 1 0
a 2 3 0 1 27064435899247.492
a 2 4 0 1 16571093243208.344
a 2 5 0 1 18120793367660.742
a 2 6 0 1 8805864508554.984
a 2 7 0 1 24266550966872.223
a 2 8 0 1 9513920292749.68
a 2 9 0 1 16482853848251.516
a 2 10 0 1 22288919390395.957
a 2 11 0 1 10220412987748.434
a 2 12 0 1 14064675848134.314
a 2 13 0 1 10566922999235.588
a 2 14 0 1 7803410575670.521
a 2 15 0 1 15679514538167.512
a 2 16 0 1 10558078189163.777
a 2 17 0 1 27897465638437.062
a 2 18 0 1 28297559701278.527
a 2 19 0 1 16264905143755.406
a 2 20 0 1 14871189654424.66
a 2 21 0 1 21966178206570.99
a 2 22 0 1 28464846365888.598
a 2 23 0 1 21904491239855.754
a 2 24 0 1 29724311977752.547
a 2 25 0 1 16477145799461.217
a 2 26 0 1 21350825373658.25
a 2 27 0 1 20878629679999.473
a 2 28 0 1 15749628540096.867
a 2 29 0 1 14372821308248.809
a 2 30 0 1 15168635463534.594
a 2 31 0 1 22307395677967.098
a 2 32 0 1 14138030456987.705
a 2 33 0 1 13229953684271.268
a 2 34 0 1 27957137058598.688
a 2 35 0 1 23957638145900.26
a 2 36 0 1 24331761788110.91
a 2 37 0 1 27785438283029.117
a 2 38 0 1 13684866477362.416
a 2 39 0 1 18827388088652.227
a 2 40 0 1 6679283481423.36
a 2 41 0 1 25154756665562.297
a 2 42 0 1 23353306342932.918
a 2 43 0 1 22515202887610.824
a 2 44 0 1 19797146701783.797
a 2 45 0 1 28987981829008.156
a 2 46 0 1 22389554493561.25
a 2 47 0 1 8544575675295.836
a 2 48 0 1 24765766089455.895
a 2 49 0 1 6320577596802.938
a 2 50 0 1 14768155283062.078
a 2 51 0 1 11674314038420.213
a 2 52 0 1 24669035168684.293
a 2 53 0 1 29483335444255.76
a 2 54 0 1 20606489848621.867
a 2 55 0 1 12452624430470.236
a 2 56 0 1 28990062230447.176
a 2 57 0 1 8334289157329.504
a 2 58 0 1 25652114584255.79
a 2 59 0 1 18089681528404.457
a 2 60 0 1 17600906614025.21
a 2 61 0 1 27533973038449.496
a 2 62 0 1 15731386350862.562
a 2 63 0 1 21904295833952.91
a 2 64 0 1 13763607108623.422
a 2 65 0 1 19613378751267.62
a 2 66 0 1 23661712685551.04
a 2 67 0 1 14277218934989.342
a 2 68 0 1 11674469449451.543
a 2 69 0 1 18282885436037.516
a 2 70 0 1 14583715375532.115
a 2 71 0 1 16213752478866.219
a 2 72 0 1 21704604762015.543
a 2 73 0 1 8306856833355.733
a 2 74 0 1 17995158316191.188
a 2 75 0 1 12105136265800.912
a 2 76 0 1 26832900350235.99
a 2 77 0 1 17753044405968.242
a 2 78 0 1 25355946278609.934
a 2 79 0 1 16041164324353.482
a 2 80 0 1 28352101563024.086
a 2 81 0 1 28043611139901.297
a 3 1 0 1 0
a 4 1 0 1 0
a 5 1 0 1 0
a 6 1 0 1 0
a 7 1 0 1 0
a 8 1 0 1 0
a 9 1 0 1 0
a 10 1 0 1 0
a 11 1 0 1 0
a 12 1 0 1 0
a 13 1 0 1 0
a 14 1 0 1 0
a 15 1 0 1 0
a 16 1 0 1 0
a 17 1 0 1 0
a 18 1 0 1 0
a 19 1 0 1 0
a 20 1 0 1 0
a 21 1 0 1 0
a 22 1 0 1 0
a 23 1 0 1 0
a 24 1 0 1 0
a 25 1 0 1 0
a 26 1 0 1 0
a 27 1 0 1 0
a 28 1 0 1 0
a 29 1 0 1 0
a 30 1 0 1 0
a 31 1 0 1 0
a 32 1 0 1 0
a 33 1 0 1 0
a 34 1 0 1 0
a 35 1 0 1 0
a 36 1 0 1 0
a 37 1 0 1 0
a 38 1 0 1 0
a 39 1 0 1 0
a 40 1 0 1 0
a 41 1 0 1 0
a 42 1 0 1 0
a 43 1 0 1 0
a 44 1 0 1 0
a 45 1 0 1 0
a 46 1 0 1 0
a 47 1 0 1 0
a 48 1 0 1 0
a 49 1 0 1 0
a 50 1 0 1 0
a 51 1 0 1 0
a 52 1 0 1 0
a 53 1 0 1 0
a 54 1 0 1 0
a 55 1 0 1 0
a 56 1 0 1 0
a 57 1 0 1 0
a 58 1 0 1 0
a 59 1 0 1 0
a 60 1 0 1 0
a 61 1 0 1 0
a 62 1 0 1 0
a 63 1 0 1 0
a 64 1 0 1 0
a 65 1 0 1 0
a 66 1 0 1 0
a 67 1 0 1 0
a 68 1 0 1 0
a 69 1 0 1 0
a 70 1 0 1 0
a 71 1 0 1 0
a 72 1 0 1 0
a 73 1 0 1 0
a 74 1 0 1 0
a 75 1 0 1 0
a 76 1 0 1 0
a 77 1 0 1 0
a 78 1 0 1 0
a 79 1 0 1 0
a 80 1 0 1 0
a 81 1 0 1 0
