p min 82 159
n 0 1
n 1 -1
a 0 2 0 1 0
a 2 3 0 1 21511205128838.586
a 2 4 0 1 10556789026955.922
a 2 5 0 1 7102561553451.307
a 2 6 0 1 13178882030152.244
a 2 7 0 1 9617730056650.941
a 2 8 0 1 17861015194749.664
a 2 9 0 1 12183558570801.932
a 2 10 0 1 23072932815788.695
a 2 11 0 1 26848475981384.426
a 2 12 0 1 27747858286336.043
a 2 13 0 1 19409533336708.535
a 2 14 0 1 23872437308381.74
a 2 15 0 1 21126542605994.973
a 2 16 0 1 26394432917610.94
a 2 17 0 1 23007539787413.887
a 2 18 0 1 19044523956920.203
a 2 19 0 1 22678205252998.996
a 2 20 0 1 15923501715103.72
a 2 21 0 1 25119753695506.285
a 2 22 0 1 12197158505789.854
a 2 23 0 1 27868593936880.754
a 2 24 0 1 6667994819447.937
a 2 25 0 1 10557099870029.365
a 2 26 0 1 21035748857275.59
a 2 27 0 1 20683292393436.64
a 2 28 0 1 23844164608098.1
a 2 29 0 1 20681238143391.848
a 2 30 0 1 25709630662257.52
a 2 31 0 1 8577204909986.481
a 2 32 0 1 10433701819888.527
a 2 33 0 1 26311405216198.777
a 2 34 0 1 23179736305222.613
a 2 35 0 1 21820502156949.055
a 2 36 0 1 26953277253244.76
a 2 37 0 1 25141390340405.457
a 2 38 0 1 21495331131112.168
a 2 39 0 1 13495679105454.967
a 2 40 0 1 21889204446109.574
a 2 41 0 1 14678898884447.633
a 2 42 0 1 10761572342153.85
a 2 43 0 1 17069956020828.098
a 2 44 0 1 26794535076481.97
a 2 45 0 1 28412818590660.438
a 2 46 0 1 25320659745628.68
a 2 47 0 1 10270622841138.672
a 2 48 0 1 21543190557967.684
a 2 49 0 1 18522767693109.176
a 2 50 0 1 19136722864492.766
a 2 51 0 1 28705887211591.816
a 2 52 0 1 18525394330921.64
a 2 53 0 1 19797671775882.254
a 2 54 0 1 8469941507258.158
a 2 55 0 1 19090062160311.844
a 2 56 0 1 17753895350700.395
a 2 57 0 1 7875691046675.19
a 2 58 0 1 16057286710211.805
a 2 59 0 1 27381754892258.355
a 2 60 0 1 26441753659247.523
a 2 61 0 1 25482324869600.824
a 2 62 0 1 14571592901016.037
a 2 63 0 1 15568589717894.86
a 2 64 0 1 7023920007917.5625
a 2 65 0 1 22247658848100.074
a 2 66 0 1 10122349327143.996
a 2 67 0 1 7496873658874.354
a 2 68 0 1 12816075811454.541
a 2 69 0 1 27018610179631.285
a 2 70 0 1 28051217811967.06
a 2 71 0 1 18508048235017.86
a 2 72 0 1 19836984476202.35
a 2 73 0 1 7647804367490.996
a 2 74 0 1 9796246146469.092
a 2 75 0 1 19341122447156.29
a 2 76 0 1 12874614145649.807
a 2 77 0 1 10574633157976.402
a 2 78 0 1 7385352127693.44
a 2 79 0 1 28871613327285.758
a 2 80 0 1 5916974597435.2705
a 2 81 0 1 11332863524391.105
a 3 1 0 1 0
a 4 1 0 1 0
a 5 1 0 1 0
a 6 1 0 1 0
a 7 1 0 1 0
a 8 1 0 1 0
a 9 1 0 1 0
a 10 1 0 1 0
a 11 1 0 1 0
a 12 1 0 1 0
a 13 1 0 1 0
a 14 1 0 1 0
a 15 1 0 1 0
a 16 1 0 1 0
a 17 1 0 1 0
a 18 1 0 1 0
a 19 1 0 1 0
a 20 1 0 1 0
a 21 1 0 1 0
a 22 1 0 1 0
a 23 1 0 1 0
a 24 1 0 1 0
a 25 1 0 1 0
a 26 1 0 1 0
a 27 1 0 1 0
a 28 1 0 1 0
a 29 1 0 1 0
a 30 1 0 1 0
a 31 1 0 1 0
a 32 1 0 1 0
a 33 1 0 1 0
a 34 1 0 1 0
a 35 1 0 1 0
a 36 1 0 1 0
a 37 1 0 1 0
a 38 1 0 1 0
a 39 1 0 1 0
a 40 1 0 1 0
a 41 1 0 1 0
a 42 1 0 1 0
a 43 1 0 1 0
a 44 1 0 1 0
a 45 1 0 1 0
a 46 1 0 1 0
a 47 1 0 1 0
a 48 1 0 1 0
a 49 1 0 1 0
a 50 1 0 1 0
a 51 1 0 1 0
a 52 1 0 1 0
a 53 1 0 1 0
a 54 1 0 1 0
a 55 1 0 1 0
a 56 1 0 1 0
a 57 1 0 1 0
a 58 1 0 1 0
a 59 1 0 1 0
a 60 1 0 1 0
a 61 1 0 1 0
a 62 1 0 1 0
a 63 1 0 1 0
a 64 1 0 1 0
a 65 1 0 1 0
a 66 1 0 1 0
a 67 1 0 1 0
a 68 1 0 1 0
a 69 1 0 1 0
a 70 1 0 1 0
a 71 1 0 1 0
a 72 1 0 1 0
a 73 1 0 1 0
a 74 1 0 1 0
a 75 1 0 1 0
a 76 1 0 1 0
a 77 1 0 1 0
a 78 1 0 1 0
a 79 1 0 1 0
a 80 1 0 1 0
a 81 1 0 1 0
