p min 80 923
n 0 13
n 1 -13
a 0 2 0 1 0
a 0 3 0 1 0
a 0 4 0 1 0
a 0 5 0 1 0
a 0 6 0 1 0
a 0 7 0 1 0
a 0 8 0 1 0
a 0 9 0 1 0
a 0 10 0 1 0
a 0 11 0 1 0
a 0 12 0 1 0
a 0 13 0 1 0
a 0 14 0 1 0
a 2 15 0 1 6361336489713.707
a 2 16 0 1 1344595350035.5942
a 2 17 0 1 4150400107803.2285
a 2 18 0 1 3532089665288.055
a 2 19 0 1 1836091672369.5676
a 2 20 0 1 2770669116722.547
a 2 21 0 1 2017809782599.5354
a 2 22 0 1 4226924737952.9077
a 2 23 0 1 4137366908529.145
a 2 24 0 1 2247888007475.5713
a 2 25 0 1 6340276820169.06
a 2 26 0 1 6502421934197.928
a 2 27 0 1 5262003197746.26
a 2 28 0 1 1748311181091.7742
a 2 29 0 1 4723320678212.285
a 2 30 0 1 5792475895035.931
a 2 31 0 1 2870859705541.8467
a 2 32 0 1 2046114454894.8425
a 2 33 0 1 5194407274714.082
a 2 34 0 1 2170436554829.722
a 2 35 0 1 2688052473135.277
a 2 36 0 1 5816000008186.455
a 2 37 0 1 4828896902496.673
a 2 38 0 1 3144822624180.652
a 2 39 0 1 6561823083594.945
a 2 40 0 1 4474161048253.839
a 2 41 0 1 2934111094030.1504
a 2 42 0 1 3191429848618.81
a 2 43 0 1 2738529005670.612
a 2 44 0 1 3539027520172.2803
a 2 45 0 1 4838693481743.075
a 2 46 0 1 3672645822033.1035
a 2 47 0 1 3575498857390.798
a 2 48 0 1 2188846732435.667
a 2 49 0 1 3261925331629.3413
a 2 50 0 1 6086556266626.206
a 2 51 0 1 4371699109555.2544
a 2 52 0 1 4343576742411.643
a 2 53 0 1 3768824957182.4854
a 2 54 0 1 2718954914724.1997
a 2 55 0 1 6530789967719.974
a 2 56 0 1 1430531702190.0813
a 2 57 0 1 2665937147184.92
a 2 58 0 1 4966763201825.561
a 2 59 0 1 1690126585441.9128
a 2 60 0 1 6128508911098.821
a 2 61 0 1 1793650783399.3132
a 2 62 0 1 1691735736937.6328
a 2 63 0 1 1743313180949.8577
a 2 64 0 1 4367500771220.743
a 2 65 0 1 6002433769192.329
a 2 66 0 1 1751007625372.6687
a 2 67 0 1 2218916036577.2363
a 2 68 0 1 2835770323231.3403
a 2 69 0 1 2660667976600.7627
a 2 70 0 1 1872009661435.0955
a 2 71 0 1 1813416510835.6091
a 2 72 0 1 3546415117654.956
a 2 73 0 1 1396198953170.6846
a 2 74 0 1 1681695643527.8887
a 2 75 0 1 5218227756995.544
a 2 76 0 1 2305798949414.0137
a 2 77 0 1 4155810294571.9883
a 2 78 0 1 6436696394584.683
a 2 79 0 1 4438578234266.08
a 3 15 0 1 25961511375033.645
a 3 16 0 1 5477727665175.427
a 3 17 0 1 16925076618158.533
a 3 18 0 1 14400486189661.463
a 3 19 0 1 7481329356282.602
a 3 20 0 1 11293092156705.494
a 3 21 0 1 8222286175157.006
a 3 22 0 1 17237607335896.291
a 3 23 0 1 16871850021784.562
a 3 24 0 1 9160568590657.3
a 3 25 0 1 25875370254307.758
a 3 26 0 1 26538631517017.797
a 3 27 0 1 21466593074458.766
a 3 28 0 1 7123437985283.994
a 3 29 0 1 19265327658846.977
a 3 30 0 1 23635133869399.72
a 3 31 0 1 11701878899654.46
a 3 32 0 1 8337707255955.209
a 3 33 0 1 21190323709005.258
a 3 34 0 1 8844696600486.52
a 3 35 0 1 10956030563448.707
a 3 36 0 1 23731317986012.26
a 3 37 0 1 19696686613568.656
a 3 38 0 1 12819820934941.023
a 3 39 0 1 26781633519055.074
a 3 40 0 1 18247449857073.78
a 3 41 0 1 11959965293443.357
a 3 42 0 1 13010029523345.6
a 3 43 0 1 11161963724701.139
a 3 44 0 1 14428807629102.336
a 3 45 0 1 19736714711039.72
a 3 46 0 1 14974286233861.844
a 3 47 0 1 14577691786625.37
a 3 48 0 1 8919777668186.031
a 3 49 0 1 13297740355630.734
a 3 50 0 1 24837669429927.273
a 3 51 0 1 17828920143257.37
a 3 52 0 1 17714053095093.277
a 3 53 0 1 15366956537425.574
a 3 54 0 1 11082104859743.627
a 3 55 0 1 26654679992247.383
a 3 56 0 1 5827999846371.062
a 3 57 0 1 10865807215363.973
a 3 58 0 1 20260023738027.676
a 3 59 0 1 6886224822559.288
a 3 60 0 1 25009240134995.7
a 3 61 0 1 7308290088755.526
a 3 62 0 1 6892785051456.61
a 3 63 0 1 7103061221542.172
a 3 64 0 1 17811771699586.11
a 3 65 0 1 24493655145264.793
a 3 66 0 1 7134431373888.737
a 3 67 0 1 9042409524182.562
a 3 68 0 1 11558707713437.861
a 3 69 0 1 10844310919218.934
a 3 70 0 1 7627777633237.497
a 3 71 0 1 7388877927634.274
a 3 72 0 1 14458965143464.021
a 3 73 0 1 5688058757993.626
a 3 74 0 1 6851853470823.398
a 3 75 0 1 21287678206772.08
a 3 76 0 1 9396759410195.748
a 3 77 0 1 16947171554874.795
a 3 78 0 1 26269769268338.94
a 3 79 0 1 18102100092388.863
a 4 15 0 1 35421496303497.52
a 4 16 0 1 7467313428100.29
a 4 17 0 1 23083561746903.574
a 4 18 0 1 19638276146616.594
a 4 19 0 1 10199505731257.133
a 4 20 0 1 15398645958936.088
a 4 21 0 1 11210020542425.428
a 4 22 0 1 23510120392067.902
a 4 23 0 1 23010916356435.434
a 4 24 0 1 12489737458737.629
a 4 25 0 1 35303838854043.516
a 4 26 0 1 36209788591529.914
a 4 27 0 1 29283168138029.81
a 4 28 0 1 9711436954702.842
a 4 29 0 1 26277933716114.73
a 4 30 0 1 32244270136630.418
a 4 31 0 1 15956318539510.533
a 4 32 0 1 11367437131963.95
a 4 33 0 1 28905966274046.8
a 4 34 0 1 12058910595468.727
a 4 35 0 1 14938836208530.875
a 4 36 0 1 32375620271100.848
a 4 37 0 1 26866794242491.14
a 4 38 0 1 17481528320497.914
a 4 39 0 1 36541718130615.02
a 4 40 0 1 24888484066589.97
a 4 41 0 1 16308413446282.852
a 4 42 0 1 17741044385718.258
a 4 43 0 1 15219762771453.197
a 4 44 0 1 19676922107240.67
a 4 45 0 1 26921438833450.49
a 4 46 0 1 20421271716816.94
a 4 47 0 1 19880083182264.797
a 4 48 0 1 12161314783096.46
a 4 49 0 1 18133598059452.66
a 4 50 0 1 33886542998558.113
a 4 51 0 1 24317206392957.23
a 4 52 0 1 24160420608730.938
a 4 53 0 1 20957123160137.344
a 4 54 0 1 15110821623272.863
a 4 55 0 1 36368304614180.62
a 4 56 0 1 7944925682733.313
a 4 57 0 1 14815758311734.904
a 4 58 0 1 27635854127044.85
a 4 59 0 1 9387949264287.223
a 4 60 0 1 34120866393095.184
a 4 61 0 1 9963524301680.385
a 4 62 0 1 9396895364809.139
a 4 63 0 1 9683648901060.412
a 4 64 0 1 24293799826229.055
a 4 65 0 1 33416714277499.39
a 4 66 0 1 9726428799208.982
a 4 67 0 1 12328575585366.828
a 4 68 0 1 15761000233499.447
a 4 69 0 1 14786434344237.77
a 4 70 0 1 10399226503555.35
a 4 71 0 1 10073425135571.336
a 4 72 0 1 19718073581037.6
a 4 73 0 1 7754107882399.665
a 4 74 0 1 9341077570392.488
a 4 75 0 1 29038887351328.26
a 4 76 0 1 12811892340879.252
a 4 77 0 1 23113717730801.55
a 4 78 0 1 35842543066703.83
a 4 79 0 1 24690084703740.527
a 5 15 0 1 28770103111849.445
a 5 16 0 1 6068776549405.918
a 5 17 0 1 18753968832997.01
a 5 18 0 1 15956074436350.094
a 5 19 0 1 8288774011294.572
a 5 20 0 1 12512525644101.354
a 5 21 0 1 9109784699014.42
a 5 22 0 1 19100345361575.887
a 5 23 0 1 18694978280835.984
a 5 24 0 1 10149461997459.867
a 5 25 0 1 28674612192623.906
a 5 26 0 1 29409869453243.508
a 5 27 0 1 23787578628846.5
a 5 28 0 1 7892221044583.418
a 5 29 0 1 21347725168566.383
a 5 30 0 1 26191291656496.25
a 5 31 0 1 12965519301518.066
a 5 32 0 1 9237677375053.254
a 5 33 0 1 23481357963551.523
a 5 34 0 1 9799452794414.07
a 5 35 0 1 12139017087974.117
a 5 36 0 1 26297909688686.953
a 5 37 0 1 21825827167569.984
a 5 38 0 1 14204381097824.41
a 5 39 0 1 29679252002838.7
a 5 40 0 1 20219568192251.85
a 5 41 0 1 13251517984688.94
a 5 42 0 1 14415166617062.523
a 5 43 0 1 12367217730508.654
a 5 44 0 1 15987460886506.38
a 5 45 0 1 21870193062273.297
a 5 46 0 1 16591976750974.633
a 5 47 0 1 16152457991139.592
a 5 48 0 1 9882647844167.848
a 5 49 0 1 14734004155783.832
a 5 50 0 1 27524294977123.203
a 5 51 0 1 19755702336641.195
a 5 52 0 1 19628393461331.773
a 5 53 0 1 17027150928246.79
a 5 54 0 1 12278723615297.977
a 5 55 0 1 29538516066309.86
a 5 56 0 1 6456871334720.581
a 5 57 0 1 12039038289160.76
a 5 58 0 1 22450216541882.508
a 5 59 0 1 7629384623118.04
a 5 60 0 1 27714483319809.297
a 5 61 0 1 8097041552197.218
a 5 62 0 1 7636653453067.587
a 5 63 0 1 7869643165499.46
a 5 64 0 1 19736696435711.504
a 5 65 0 1 27142953155283.83
a 5 66 0 1 7904401953124.344
a 5 67 0 1 10018532811857.469
a 5 68 0 1 12806864807756.049
a 5 69 0 1 12015217726919.361
a 5 70 0 1 8451043536861.964
a 5 71 0 1 8186335080631.072
a 5 72 0 1 16020882140146.826
a 5 73 0 1 6301818916697.365
a 5 74 0 1 7591300680068.388
a 5 75 0 1 23589266751964.402
a 5 76 0 1 10411180449733.541
a 5 77 0 1 18778456473191.836
a 5 78 0 1 29111821148727.32
a 5 79 0 1 20058473243834.21
a 6 15 0 1 26839838748517.246
a 6 16 0 1 5662598074911.914
a 6 17 0 1 17497068124207.824
a 6 18 0 1 14887011583280.049
a 6 19 0 1 7733880494678.4795
a 6 20 0 1 11674492015023.654
a 6 21 0 1 8499874665589.457
a 6 22 0 1 17820182660364.9
a 6 23 0 1 17442039093466.951
a 6 24 0 1 9469868514520.703
a 6 25 0 1 26750774324626.523
a 6 26 0 1 27436545707231.695
a 6 27 0 1 22192459981163.438
a 6 28 0 1 7363897352371.162
a 6 29 0 1 19916590640704.9
a 6 30 0 1 24434533856437.992
a 6 31 0 1 12097103886943.773
a 6 32 0 1 8619196287848.558
a 6 33 0 1 21906825319826.09
a 6 34 0 1 9143320105961.324
a 6 35 0 1 11326032042487.285
a 6 36 0 1 24533980360928.81
a 6 37 0 1 20362565866353.434
a 6 38 0 1 13252861487272.49
a 6 39 0 1 27687795732531.67
a 6 40 0 1 18864228770872.94
a 6 41 0 1 12363919430984.09
a 6 42 0 1 13449505083056.28
a 6 43 0 1 11538929116835.12
a 6 44 0 1 14916291516494.414
a 6 45 0 1 20403950361643.777
a 6 46 0 1 15480232232171.414
a 6 47 0 1 15070214526236.975
a 6 48 0 1 9220938827977.271
a 6 49 0 1 13746950105915.174
a 6 50 0 1 25677862577779.562
a 6 51 0 1 18431522365432.465
a 6 52 0 1 18312764718155.2
a 6 53 0 1 15886194225253.137
a 6 54 0 1 11456369673994.78
a 6 55 0 1 27556533063829.53
a 6 56 0 1 6024699958534.168
a 6 57 0 1 11232757775334.963
a 6 58 0 1 20944993502069.703
a 6 59 0 1 7118670237944.429
a 6 60 0 1 25855254363282.027
a 6 61 0 1 7554994767991.702
a 6 62 0 1 7125452089931.852
a 6 63 0 1 7342832167241.453
a 6 64 0 1 18413793089426.71
a 6 65 0 1 25322177233517.05
a 6 66 0 1 7375262149910.8125
a 6 67 0 1 9347715598147.336
a 6 68 0 1 11949090511676.549
a 6 69 0 1 11210534587657.885
a 6 70 0 1 7885276992001.524
a 6 71 0 1 7638305389573.083
a 6 72 0 1 14947469670748.785
a 6 73 0 1 5880032537428.258
a 6 74 0 1 7083137730368.292
a 6 75 0 1 22007479981759.58
a 6 76 0 1 9714043067292.393
a 6 77 0 1 17519911277661.54
a 6 78 0 1 27158558237574.293
a 6 79 0 1 18713955470949.418
a 7 15 0 1 31857190194365.492
a 7 16 0 1 6718084773986.544
a 7 17 0 1 20763734985859.234
a 7 18 0 1 17665394469089.863
a 7 19 0 1 9175854392645.855
a 7 20 0 1 13852361403734.252
a 7 21 0 1 10084833271816.244
a 7 22 0 1 21147321356435.914
a 7 23 0 1 20698407642660.875
a 7 24 0 1 11235934486391.96
a 7 25 0 1 31751415411205.305
a 7 26 0 1 32565862427649.637
a 7 27 0 1 26338408602409.78
a 7 28 0 1 8736818868355.268
a 7 29 0 1 23636208024447.973
a 7 30 0 1 29000742398570.62
a 7 31 0 1 14353941632650.258
a 7 32 0 1 10226430822122.037
a 7 33 0 1 25999252366167.055
a 7 34 0 1 10848410927061.025
a 7 35 0 1 13438795800566.186
a 7 36 0 1 29118835371706.766
a 7 37 0 1 24165705449796.707
a 7 38 0 1 15725708227679.1
a 7 39 0 1 32864262129127.844
a 7 40 0 1 22386800278882.79
a 7 41 0 1 14670618459648.969
a 7 42 0 1 15959110946507.508
a 7 43 0 1 13691469442178.12
a 7 44 0 1 17700150099867.184
a 7 45 0 1 24214840945932.973
a 7 46 0 1 18369563021893.254
a 7 47 0 1 17882859273336.695
a 7 48 0 1 10940522606902.918
a 7 49 0 1 16312161932052.955
a 7 50 0 1 30477234831703.05
a 7 51 0 1 21873089696658.38
a 7 52 0 1 21732101871457.32
a 7 53 0 1 18851460980837.957
a 7 54 0 1 13593484753472.012
a 7 55 0 1 32708366253503.375
a 7 56 0 1 7147736628949.084
a 7 57 0 1 13328095389994.195
a 7 58 0 1 24857225414749.47
a 7 59 0 1 8445827254739.931
a 7 60 0 1 30687899685830.418
a 7 61 0 1 8963581177164.225
a 7 62 0 1 8453874700665.798
a 7 63 0 1 8711822359509.537
a 7 64 0 1 21852041641513.906
a 7 65 0 1 30054839068423.46
a 7 66 0 1 8750304648727.049
a 7 67 0 1 11090971780414.861
a 7 68 0 1 14178269754615.564
a 7 69 0 1 13301720378282.62
a 7 70 0 1 9355509024583.525
a 7 71 0 1 9062440809710.287
a 7 72 0 1 17737158989888.676
a 7 73 0 1 6976080752774.146
a 7 74 0 1 8403663893771.181
a 7 75 0 1 26118766993403.65
a 7 76 0 1 11525706386396.283
a 7 77 0 1 20790853127122.15
a 7 78 0 1 32235711497665.03
a 7 79 0 1 22208394197206.51
a 8 15 0 1 13847786257212.113
a 8 16 0 1 2925017206386.6284
a 8 17 0 1 9032163646969.818
a 8 18 0 1 7685943250350.924
a 8 19 0 1 3994478368480.759
a 8 20 0 1 6028445384314.427
a 8 21 0 1 4389920139057.628
a 8 22 0 1 9198793083754.604
a 8 23 0 1 9003784701720.879
a 8 24 0 1 4890627603515.885
a 8 25 0 1 13801902733654.068
a 8 26 0 1 14155181382872.25
a 8 27 0 1 11452976314492.986
a 8 28 0 1 3803463800932.844
a 8 29 0 1 10279760096454.791
a 8 30 0 1 12608479613164.176
a 8 31 0 1 6246525669568.073
a 8 32 0 1 4451516465540.632
a 8 33 0 1 11305747293599.785
a 8 34 0 1 4722070487565.86
a 8 35 0 1 5848621957324.851
a 8 36 0 1 12659724914547.02
a 8 37 0 1 10509684883623.398
a 8 38 0 1 6842878487317.504
a 8 39 0 1 14284607353678.824
a 8 40 0 1 9737164262862.945
a 8 41 0 1 6384205130549.914
a 8 42 0 1 6944335855887.338
a 8 43 0 1 5958488724485.422
a 8 44 0 1 7701047488024.961
a 8 45 0 1 10531020289896.76
a 8 46 0 1 7991950233294.9
a 8 47 0 1 7780448829709.635
a 8 48 0 1 4762136122533.875
a 8 49 0 1 7097797036466.588
a 8 50 0 1 13249132478199.428
a 8 51 0 1 9514043163140.174
a 8 52 0 1 9452804985549.475
a 8 53 0 1 8201350034241.591
a 8 54 0 1 5915883755667.479
a 8 55 0 1 14216990705619.857
a 8 56 0 1 3111998351270.073
a 8 57 0 1 5800486410908.218
a 8 58 0 1 10809941179057.547
a 8 59 0 1 3676853826796.738
a 8 60 0 1 13340530306592.191
a 8 61 0 1 3902124387525.0684
a 8 62 0 1 3680355321762.249
a 8 63 0 1 3792588049052.764
a 8 64 0 1 9504900994521.799
a 8 65 0 1 13065866747185.486
a 8 66 0 1 3809331325677.2744
a 8 67 0 1 4827575669010.498
a 8 68 0 1 6170147537844.726
a 8 69 0 1 5789017736875.183
a 8 70 0 1 4072638947898.4517
a 8 71 0 1 3945135692309.274
a 8 72 0 1 7717130880757.924
a 8 73 0 1 3037296302576.7036
a 8 74 0 1 3658508220054.792
a 8 75 0 1 11357629793367.648
a 8 76 0 1 5016661137634.297
a 8 77 0 1 9043944006858.355
a 8 78 0 1 14011977970131.05
a 8 79 0 1 9659678430791.908
a 9 15 0 1 17848242251106.5
a 9 16 0 1 3768649955510.0107
a 9 17 0 1 11639580171596.041
a 9 18 0 1 9904287820674.445
a 9 19 0 1 5146747666161.1455
a 9 20 0 1 7767968988772.186
a 9 21 0 1 5656335059380.196
a 9 22 0 1 11854378093650.957
a 9 23 0 1 11602997806404.39
a 9 24 0 1 6301592667489.763
a 9 25 0 1 17789076369212.816
a 9 26 0 1 18244626757657.453
a 9 27 0 1 14760424614704.867
a 9 28 0 1 4900600886014.921
a 9 29 0 1 13247884035873.662
a 9 30 0 1 16250244781297.994
a 9 31 0 1 8049035244023.557
a 9 32 0 1 5735712582297.423
a 9 33 0 1 14570606682283.352
a 9 34 0 1 6084372094797.943
a 9 35 0 1 7536212007748.738
a 9 36 0 1 16316319324422.668
a 9 37 0 1 13544299685699.186
a 9 38 0 1 8817647558973.174
a 9 39 0 1 18411523341976.945
a 9 40 0 1 12548395467204.996
a 9 41 0 1 8226481399976.742
a 9 42 0 1 8948414431097.557
a 9 43 0 1 7677808302912.021
a 9 44 0 1 9923756480770.016
a 9 45 0 1 13571805207384.324
a 9 46 0 1 10298720411216.326
a 9 47 0 1 10026101440233.059
a 9 48 0 1 6136004699890.804
a 9 49 0 1 9146209909183.516
a 9 50 0 1 17076304449462.785
a 9 51 0 1 12260765760295.23
a 9 52 0 1 12181823193330.027
a 9 53 0 1 10568634259053.344
a 9 54 0 1 7622898894110.221
a 9 55 0 1 18324330556917.55
a 9 56 0 1 4009585056162.5137
a 9 57 0 1 7474175238959.051
a 9 58 0 1 13931392513364.777
a 9 59 0 1 4737449410453.998
a 9 60 0 1 17194155949904.982
a 9 61 0 1 5027737321213.967
a 9 62 0 1 4741961469927.507
a 9 63 0 1 4886586178223.967
a 9 64 0 1 12248980505764.557
a 9 65 0 1 16839997481459.049
a 9 66 0 1 4908161898016.094
a 9 67 0 1 6220336973976.767
a 9 68 0 1 7950597108763.469
a 9 69 0 1 7459394518217.565
a 9 70 0 1 5247468502760.788
a 9 71 0 1 5083162997216.0625
a 9 72 0 1 9944487247720.846
a 9 73 0 1 3913327153974.752
a 9 74 0 1 4713809105540.411
a 9 75 0 1 14637497010721.564
a 9 76 0 1 6464014434033.719
a 9 77 0 1 11654765866475.064
a 9 78 0 1 18059965648905.54
a 9 79 0 1 12448506504499.658
a 10 15 0 1 16115332006013.557
a 10 16 0 1 3403281940052.782
a 10 17 0 1 10510206905459.7
a 10 18 0 1 8943461112075.557
a 10 19 0 1 4647702521479.381
a 10 20 0 1 7014556497540.042
a 10 21 0 1 5107849625636.979
a 10 22 0 1 10704137571658.162
a 10 23 0 1 10477178362484.916
a 10 24 0 1 5690496672093.148
a 10 25 0 1 16061921249014.943
a 10 26 0 1 16473157967023.498
a 10 27 0 1 13327774974969.846
a 10 28 0 1 4425435083802.867
a 10 29 0 1 11962244128190.525
a 10 30 0 1 14672748501671.447
a 10 31 0 1 7268339421258.682
a 10 32 0 1 5179525451018.886
a 10 33 0 1 13156408726016.385
a 10 34 0 1 5494354358807.213
a 10 35 0 1 6805295157151.0205
a 10 36 0 1 14732397958364.715
a 10 37 0 1 12229853623737.197
a 10 38 0 1 7962333767743.053
a 10 39 0 1 16623818633484.031
a 10 40 0 1 11330725958388.31
a 10 41 0 1 7428559912540.375
a 10 42 0 1 8080404420408.602
a 10 43 0 1 6933147445541.714
a 10 44 0 1 8961039145256.947
a 10 45 0 1 12254686024154.158
a 10 46 0 1 9299588347526.396
a 10 47 0 1 9053445126690.77
a 10 48 0 1 5540976818241.214
a 10 49 0 1 8258995183043.695
a 10 50 0 1 15418475809354.39
a 10 51 0 1 11071042812636.402
a 10 52 0 1 10999770139158.273
a 10 53 0 1 9543287678479.797
a 10 54 0 1 6883567851946.786
a 10 55 0 1 16545108146780.432
a 10 56 0 1 3620848810114.4956
a 10 57 0 1 6749279843375.464
a 10 58 0 1 12579325469047.816
a 10 59 0 1 4278110685827.1206
a 10 60 0 1 15524865404091.037
a 10 61 0 1 4540237833738.869
a 10 62 0 1 4282185044462.81
a 10 63 0 1 4412779942671.665
a 10 64 0 1 11060402596600.027
a 10 65 0 1 15205150546970.08
a 10 66 0 1 4432262600461.69
a 10 67 0 1 5617125833930.981
a 10 68 0 1 7179456937798.506
a 10 69 0 1 6735933767539.419
a 10 70 0 1 4738651814117.84
a 10 71 0 1 4590286484526.069
a 10 72 0 1 8979756712043.732
a 10 73 0 1 3533927076386.593
a 10 74 0 1 4256763646562.453
a 10 75 0 1 13216796911152.492
a 10 76 0 1 5837157025226.132
a 10 77 0 1 10523917366302.639
a 10 78 0 1 16306460275940.697
a 10 79 0 1 11240542556040.438
a 11 15 0 1 36259904728263.53
a 11 16 0 1 7643479041448.379
a 11 17 0 1 23629142851553.45
a 11 18 0 1 20102239177343.445
a 11 19 0 1 10440205553009.422
a 11 20 0 1 15762263986608.256
a 11 21 0 1 11474599189406.004
a 11 22 0 1 24065811191134.9
a 11 23 0 1 23554775823279.914
a 11 24 0 1 12784564435752.025
a 11 25 0 1 36139450784565.91
a 11 26 0 1 37066935228493.18
a 11 27 0 1 29975783635606.49
a 11 28 0 1 9940605573970.908
a 11 29 0 1 26899248045205.164
a 11 30 0 1 33007189152052.305
a 11 31 0 1 16333130023822.293
a 11 32 0 1 11635736101096.865
a 11 33 0 1 29589629636408.26
a 11 34 0 1 12343553213168.348
a 11 35 0 1 15291577329560.74
a 11 36 0 1 33141658984106.54
a 11 37 0 1 27502075697280.887
a 11 38 0 1 17894432182575.98
a 11 39 0 1 37406755987006.76
a 11 40 0 1 25476849857387.023
a 11 41 0 1 16693555709516.223
a 11 42 0 1 18160090696046.88
a 11 43 0 1 15579149135601.96
a 11 44 0 1 20141800284927.863
a 11 45 0 1 27558016496297.137
a 11 46 0 1 20903777924330.098
a 11 47 0 1 20349772407101.645
a 11 48 0 1 12448378049936.537
a 11 49 0 1 18561936380025.11
a 11 50 0 1 34688474590582.316
a 11 51 0 1 24892028393231.594
a 11 52 0 1 24731525867199.97
a 11 53 0 1 21452321562839.914
a 11 54 0 1 15467630961306.602
a 11 55 0 1 37229219698969.91
a 11 56 0 1 8132369469971.059
a 11 57 0 1 15165588196471.006
a 11 58 0 1 28289379758290.656
a 11 59 0 1 9609475834946.69
a 11 60 0 1 34928365623558.55
a 11 61 0 1 10198648617236.678
a 11 62 0 1 9618633269633.154
a 11 63 0 1 9912161034585.314
a 11 64 0 1 24868066944994.77
a 11 65 0 1 34207483435821.895
a 11 66 0 1 9955951598799.25
a 11 67 0 1 12619592719661.383
a 11 68 0 1 16133190666431.26
a 11 69 0 1 15135570623806.9
a 11 70 0 1 10644645347412.541
a 11 71 0 1 10311146026955.533
a 11 72 0 1 20183926246089.54
a 11 73 0 1 7937045610489.082
a 11 74 0 1 9561496896047.902
a 11 75 0 1 29725705239981.668
a 11 76 0 1 13114335445197.84
a 11 77 0 1 23660013516872.312
a 11 78 0 1 36690959609275.09
a 11 79 0 1 25273746656764.125
a 12 15 0 1 18715190433777.633
a 12 16 0 1 3951394747181.3022
a 12 17 0 1 12204529239377.648
a 12 18 0 1 10384910451300.932
a 12 19 0 1 5396359024575.143
a 12 20 0 1 8144825832405.733
a 12 21 0 1 5930677701051.992
a 12 22 0 1 12429767712327.621
a 12 23 0 1 12166168791554.39
a 12 24 0 1 6607255302079.818
a 12 25 0 1 18653144492893.957
a 12 26 0 1 19130871087300.766
a 12 27 0 1 15477119887252.82
a 12 28 0 1 5138267344526.604
a 12 29 0 1 13891020096419.998
a 12 30 0 1 17039420574111.2
a 12 31 0 1 8439541047312.492
a 12 32 0 1 6013907845928.093
a 12 33 0 1 15278069086923.865
a 12 34 0 1 6379490571123.618
a 12 35 0 1 7901815113870.876
a 12 36 0 1 17108710281748.682
a 12 37 0 1 14201849178031.281
a 12 38 0 1 9245482951794.418
a 12 39 0 1 19305892812708.17
a 12 40 0 1 13157522464232.01
a 12 41 0 1 8625604706936.997
a 12 42 0 1 9382601535424.428
a 12 43 0 1 8050287017214.257
a 12 44 0 1 10405324993913.037
a 12 45 0 1 14230692228502.553
a 12 46 0 1 10798507369485.012
a 12 47 0 1 10512642444092.504
a 12 48 0 1 6433629437342.887
a 12 49 0 1 9590004872341.248
a 12 50 0 1 17905679709602.92
a 12 51 0 1 12855909896510.4
a 12 52 0 1 12773129777129.979
a 12 53 0 1 11081536594747.344
a 12 54 0 1 7992711299023.439
a 12 55 0 1 19214455120536.395
a 12 56 0 1 4204018635507.073
a 12 57 0 1 7836766048542.838
a 12 58 0 1 14607766236088.416
a 12 59 0 1 4967198918940.6
a 12 60 0 1 18029267003284.844
a 12 61 0 1 5271573310661.536
a 12 62 0 1 4971929922590.512
a 12 63 0 1 5123572558677.033
a 12 64 0 1 12843551733086.945
a 12 65 0 1 17657872251995.574
a 12 66 0 1 5146195263340.259
a 12 67 0 1 6522055290843.305
a 12 68 0 1 8336322516919.486
a 12 69 0 1 7821267632443.142
a 12 70 0 1 5501967801160.2295
a 12 71 0 1 5329688679498.019
a 12 72 0 1 10427062967581.201
a 12 73 0 1 4103090771045.362
a 12 74 0 1 4942411490523.175
a 12 75 0 1 15348212956231.793
a 12 76 0 1 6777561585638.939
a 12 77 0 1 12220453038230.514
a 12 78 0 1 18937220376482.203
a 12 79 0 1 13052777378929.645
a 13 15 0 1 10955526249684.482
a 13 16 0 1 2314703396808.9106
a 13 17 0 1 7146526055854.386
a 13 18 0 1 6081551818586.101
a 13 19 0 1 3160936990085.77
a 13 20 0 1 4770236044918.132
a 13 21 0 1 3473827576191.052
a 13 22 0 1 7278339242144.337
a 13 23 0 1 7124076620648.251
a 13 24 0 1 3870000386641.487
a 13 25 0 1 10919238047575.143
a 13 26 0 1 11198635773594.48
a 13 27 0 1 9061420160481.879
a 13 28 0 1 3009795894651.3145
a 13 29 0 1 8133418827786.003
a 13 30 0 1 9975359544740.219
a 13 31 0 1 4942774436415.041
a 13 32 0 1 3522564711273.928
a 13 33 0 1 8944966473376.838
a 13 34 0 1 3736634663218.4873
a 13 35 0 1 4627963937997.932
a 13 36 0 1 10015890574730.584
a 13 37 0 1 8315290974438.81
a 13 38 0 1 5414581142784.377
a 13 39 0 1 11300993789674.742
a 13 40 0 1 7704213675619.432
a 13 41 0 1 5051701245296.776
a 13 42 0 1 5494848163095.939
a 13 43 0 1 4714888111312.596
a 13 44 0 1 6093500931097.511
a 13 45 0 1 8332167330951.565
a 13 46 0 1 6323635289863.518
a 13 47 0 1 6156315978732.071
a 13 48 0 1 3768335483826.3115
a 13 49 0 1 5616256754372.703
a 13 50 0 1 10482058722521.945
a 13 51 0 1 7527716762370.819
a 13 52 0 1 7479274802954.164
a 13 53 0 1 6489290340749.727
a 13 54 0 1 4681180050171.267
a 13 55 0 1 11247518466245.086
a 13 56 0 1 2462659290110.916
a 13 57 0 1 4589880006146.834
a 13 58 0 1 8552792815930.954
a 13 59 0 1 2909614445139.723
a 13 60 0 1 10554344965051.729
a 13 61 0 1 3087861680008.674
a 13 62 0 1 2912385047387.4575
a 13 63 0 1 3001190367598.6963
a 13 64 0 1 7520484933737.023
a 13 65 0 1 10337113498901.598
a 13 66 0 1 3014438619416.724
a 13 67 0 1 3820112575699.7915
a 13 68 0 1 4882346621579.59
a 13 69 0 1 4580806195654.021
a 13 70 0 1 3222781483538.6045
a 13 71 0 1 3121894518967.584
a 13 72 0 1 6106224653363.08
a 13 73 0 1 2403548632010.268
a 13 74 0 1 2895098243786.407
a 13 75 0 1 8986004050214.611
a 13 76 0 1 3969719905075.3325
a 13 77 0 1 7155845012857.177
a 13 78 0 1 11085380965828.748
a 13 79 0 1 7642919776111.244
a 14 15 0 1 11992764974864.637
a 14 16 0 1 2533614485783.7783
a 14 17 0 1 7822814392098.957
a 14 18 0 1 6656982510726.883
a 14 19 0 1 3459911780702.5205
a 14 20 0 1 5221516675706.862
a 14 21 0 1 3802409839647.5576
a 14 22 0 1 7967112737495.819
a 14 23 0 1 7798238619393.538
a 14 24 0 1 4236074107005.031
a 14 25 0 1 11953036376482.938
a 14 26 0 1 12258923933759.756
a 14 27 0 1 9919125333057.748
a 14 28 0 1 3294469698289.5234
a 14 29 0 1 8903194330353.36
a 14 30 0 1 10919682100788.799
a 14 31 0 1 5410387958321.14
a 14 32 0 1 3855758967646.909
a 14 33 0 1 9791636336702.67
a 14 34 0 1 4090087020518.3677
a 14 35 0 1 5065777289882.44
a 14 36 0 1 10964054867102.166
a 14 37 0 1 9102297544915.584
a 14 38 0 1 5926860627396.28
a 14 39 0 1 12370987028994.475
a 14 40 0 1 8433328232098.076
a 14 41 0 1 5529626401636.145
a 14 42 0 1 6014727058956.427
a 14 43 0 1 5160929526627.18
a 14 44 0 1 6670063105445.868
a 14 45 0 1 9120772853962.625
a 14 46 0 1 6921989951053.02
a 14 47 0 1 6738826275038.169
a 14 48 0 1 4124787880640.0063
a 14 49 0 1 6147630499069.162
a 14 50 0 1 11474411615266.76
a 14 51 0 1 8240112079578.501
a 14 52 0 1 8187081429434.764
a 14 53 0 1 7103332427388.653
a 14 54 0 1 5124030708361.831
a 14 55 0 1 12312441409516.805
a 14 56 0 1 2695567523845.81
a 14 57 0 1 5024088468181.129
a 14 58 0 1 9362302154162.719
a 14 59 0 1 3184809369292.1777
a 14 60 0 1 11553550416667.084
a 14 61 0 1 3379922008771.0527
a 14 62 0 1 3187842114705.4956
a 14 63 0 1 3285049931717.843
a 14 64 0 1 8232195208520.005
a 14 65 0 1 11315726315418.916
a 14 66 0 1 3299551710069.063
a 14 67 0 1 4181465001998.59
a 14 68 0 1 5344239823176.884
a 14 69 0 1 5014155768088.664
a 14 70 0 1 3527608163958.3174
a 14 71 0 1 3417175054510.3276
a 14 72 0 1 6683991662808.781
a 14 73 0 1 2630864728225.5386
a 14 74 0 1 3168919706732.885
a 14 75 0 1 9836562652986.617
a 14 76 0 1 4345231081971.42
a 14 77 0 1 7833016013939.664
a 14 78 0 1 12134931158951.7
a 14 79 0 1 8366227985994.233
a 15 1 0 2 0
a 16 1 0 2 0
a 17 1 0 2 0
a 18 1 0 2 0
a 19 1 0 2 0
a 20 1 0 2 0
a 21 1 0 2 0
a 22 1 0 2 0
a 23 1 0 2 0
a 24 1 0 2 0
a 25 1 0 2 0
a 26 1 0 2 0
a 27 1 0 2 0
a 28 1 0 2 0
a 29 1 0 2 0
a 30 1 0 2 0
a 31 1 0 2 0
a 32 1 0 2 0
a 33 1 0 2 0
a 34 1 0 2 0
a 35 1 0 2 0
a 36 1 0 2 0
a 37 1 0 2 0
a 38 1 0 2 0
a 39 1 0 2 0
a 40 1 0 2 0
a 41 1 0 2 0
a 42 1 0 2 0
a 43 1 0 2 0
a 44 1 0 2 0
a 45 1 0 2 0
a 46 1 0 2 0
a 47 1 0 2 0
a 48 1 0 2 0
a 49 1 0 2 0
a 50 1 0 2 0
a 51 1 0 2 0
a 52 1 0 2 0
a 53 1 0 2 0
a 54 1 0 2 0
a 55 1 0 2 0
a 56 1 0 2 0
a 57 1 0 2 0
a 58 1 0 2 0
a 59 1 0 2 0
a 60 1 0 2 0
a 61 1 0 2 0
a 62 1 0 2 0
a 63 1 0 2 0
a 64 1 0 2 0
a 65 1 0 2 0
a 66 1 0 2 0
a 67 1 0 2 0
a 68 1 0 2 0
a 69 1 0 2 0
a 70 1 0 2 0
a 71 1 0 2 0
a 72 1 0 2 0
a 73 1 0 2 0
a 74 1 0 2 0
a 75 1 0 2 0
a 76 1 0 2 0
a 77 1 0 2 0
a 78 1 0 2 0
a 79 1 0 2 0
