p min 81 937
n 0 13
n 1 -13
a 0 2 0 1 0
a 0 3 0 1 0
a 0 4 0 1 0
a 0 5 0 1 0
a 0 6 0 1 0
a 0 7 0 1 0
a 0 8 0 1 0
a 0 9 0 1 0
a 0 10 0 1 0
a 0 11 0 1 0
a 0 12 0 1 0
a 0 13 0 1 0
a 0 14 0 1 0
a 2 15 0 1 10819967974385.55
a 2 16 0 1 10233286670306.19
a 2 17 0 1 10891417562088.482
a 2 18 0 1 9079313437153.805
a 2 19 0 1 11101557208508.262
a 2 20 0 1 11243097303088.398
a 2 21 0 1 6115685833210.159
a 2 22 0 1 4027796259661.9463
a 2 23 0 1 3805618410374.5894
a 2 24 0 1 11042226644106.904
a 2 25 0 1 8194071279255.438
a 2 26 0 1 7898117021955.849
a 2 27 0 1 11197386037478.828
a 2 28 0 1 4512891451228.057
a 2 29 0 1 7081655223710.678
a 2 30 0 1 8620441583714.31
a 2 31 0 1 10023915509864.89
a 2 32 0 1 11369859744953.527
a 2 33 0 1 7926740484901.096
a 2 34 0 1 11659117077011.338
a 2 35 0 1 7520210197113.338
a 2 36 0 1 10973024506819.523
a 2 37 0 1 5534459108206.531
a 2 38 0 1 9666134584569.545
a 2 39 0 1 11296293187464.35
a 2 40 0 1 5104788362189.831
a 2 41 0 1 9327428282733.467
a 2 42 0 1 10257584287845.602
a 2 43 0 1 6569914051377.877
a 2 44 0 1 10266286839070.291
a 2 45 0 1 5098526562553.506
a 2 46 0 1 10861014365575.576
a 2 47 0 1 10186416656806.707
a 2 48 0 1 9903933340831.361
a 2 49 0 1 10571892467264.305
a 2 50 0 1 2452051577998.9746
a 2 51 0 1 5444936372684.66
a 2 52 0 1 6271295293780.86
a 2 53 0 1 7216337157356.297
a 2 54 0 1 3288644291086.0996
a 2 55 0 1 3824496444518.974
a 2 56 0 1 2975716144594.218
a 2 57 0 1 10528355300272.705
a 2 58 0 1 10435897551858.404
a 2 59 0 1 4074999181905.836
a 2 60 0 1 3905994213644.303
a 2 61 0 1 11116228372337.777
a 2 62 0 1 6506320632400.482
a 2 63 0 1 3618519643907.2817
a 2 64 0 1 4771060267697.917
a 2 65 0 1 3636122137737.96
a 2 66 0 1 5338954665281.172
a 2 67 0 1 8315211413716.825
a 2 68 0 1 8099366516316.08
a 2 69 0 1 5875858190371.507
a 2 70 0 1 9009747302322.965
a 2 71 0 1 3119761781828.8706
a 2 72 0 1 10319478307825.105
a 2 73 0 1 5519825403554.054
a 2 74 0 1 11262032600948.57
a 2 75 0 1 10729137589417.23
a 2 76 0 1 11831862069980.053
a 2 77 0 1 6399732667421.845
a 2 78 0 1 3872485983750.199
a 2 79 0 1 8118065919592.593
a 2 80 0 1 8445039906865.286
a 3 15 0 1 20918980689404.887
a 3 16 0 1 19783461160507.24
a 3 17 0 1 21057280909554.9
a 3 18 0 1 17550368758573.287
a 3 19 0 1 21464046600959.105
a 3 20 0 1 21738035049614.492
a 3 21 0 1 11817893725532.309
a 3 22 0 1 7781530769250.04
a 3 23 0 1 7352117292204.206
a 3 24 0 1 21349199019647.11
a 3 25 0 1 15837682867654.865
a 3 26 0 1 15265170299165.125
a 3 27 0 1 21649547839753.22
a 3 28 0 1 8719168057754.713
a 3 29 0 1 13685944118774.145
a 3 30 0 1 16662544561141.47
a 3 31 0 1 19378258781513.547
a 3 32 0 1 21983424519391.816
a 3 33 0 1 15320539737485.443
a 3 34 0 1 22543400203464.445
a 3 35 0 1 14534176511115.986
a 3 36 0 1 21215244655282.63
a 3 37 0 1 10694069044494.908
a 3 38 0 1 18685876751983.55
a 3 39 0 1 21841011974046.97
a 3 40 0 1 9863374045728.215
a 3 41 0 1 18030457316068.555
a 3 42 0 1 19830486262493.15
a 3 43 0 1 12696259566961.666
a 3 44 0 1 19847329058400.38
a 3 45 0 1 9851268492712.545
a 3 46 0 1 20998431201706.574
a 3 47 0 1 19692750609582.543
a 3 48 0 1 19146061873128.492
a 3 49 0 1 20438813937539.5
a 3 50 0 1 4736458171515.683
a 3 51 0 1 10520985799880.473
a 3 52 0 1 12118794553728.299
a 3 53 0 1 13946431063959.25
a 3 54 0 1 6353016633101.347
a 3 55 0 1 7388602951478.994
a 3 56 0 1 5748307711159.618
a 3 57 0 1 20354547482945.727
a 3 58 0 1 20175597563096.25
a 3 59 0 1 7872764694717.368
a 3 60 0 1 7546115744590.001
a 3 61 0 1 21492446147307.125
a 3 62 0 1 12573280345188.22
a 3 63 0 1 6990518684487.432
a 3 64 0 1 9218220696282.146
a 3 65 0 1 7024537729829.846
a 3 66 0 1 10316085086036.016
a 3 67 0 1 16072034495022.086
a 3 68 0 1 15654476038635.262
a 3 69 0 1 11354160551668.127
a 3 70 0 1 17415766722769.521
a 3 71 0 1 6026659479171.839
a 3 72 0 1 19950275769154.14
a 3 73 0 1 10665776014227.438
a 3 74 0 1 21774689981895.305
a 3 75 0 1 20743169420810.78
a 3 76 0 1 22877835326392.242
a 3 77 0 1 12367160508119.143
a 3 78 0 1 7481353210122.66
a 3 79 0 1 15690649830305.111
a 3 80 0 1 16323200967548.197
a 4 15 0 1 16630682931708.6
a 4 16 0 1 15728361519476.25
a 4 17 0 1 16740577555461.799
a 4 18 0 1 13953731050009.244
a 4 19 0 1 17063793139648.502
a 4 20 0 1 17281500563639.113
a 4 21 0 1 9397296389683.0
a 4 22 0 1 6188269548404.302
a 4 23 0 1 5846837275913.899
a 4 24 0 1 16972536004103.436
a 4 25 0 1 12592538833556.682
a 4 26 0 1 12137498168280.072
a 4 27 0 1 17211190161510.82
a 4 28 0 1 6933773179119.741
a 4 29 0 1 10882244230433.342
a 4 30 0 1 13248128323791.51
a 4 31 0 1 15406362564790.98
a 4 32 0 1 17476481240389.244
a 4 33 0 1 12181507077831.29
a 4 34 0 1 17921416217558.496
a 4 35 0 1 11556476615044.271
a 4 36 0 1 16866096117691.268
a 4 37 0 1 8503884244381.905
a 4 38 0 1 14856138563309.03
a 4 39 0 1 17363323871133.922
a 4 40 0 1 7843472304024.052
a 4 41 0 1 14335271501278.855
a 4 42 0 1 15765730184087.562
a 4 43 0 1 10095541973903.957
a 4 44 0 1 15779114351575.045
a 4 45 0 1 7833848060733.896
a 4 46 0 1 16693815125548.21
a 4 47 0 1 15656277822707.883
a 4 48 0 1 15221841712361.549
a 4 49 0 1 16249132445639.807
a 4 50 0 1 3766943129185.029
a 4 51 0 1 8366283238521.854
a 4 52 0 1 9636496878847.766
a 4 53 0 1 11089299718550.13
a 4 54 0 1 5052412506307.831
a 4 55 0 1 5875847769731.449
a 4 56 0 1 4571566144745.048
a 4 57 0 1 16182171674863.479
a 4 58 0 1 16039971564581.436
a 4 59 0 1 6260809945004.504
a 4 60 0 1 6001088839544.366
a 4 61 0 1 17086359156637.166
a 4 62 0 1 9997782972921.053
a 4 63 0 1 5559320128595.734
a 4 64 0 1 7330550214330.658
a 4 65 0 1 5586369830215.796
a 4 66 0 1 8203385923355.959
a 4 67 0 1 12778801098597.521
a 4 68 0 1 12446924928710.242
a 4 69 0 1 9028646010886.67
a 4 70 0 1 13846757312129.566
a 4 71 0 1 4792904808869.378
a 4 72 0 1 15860920966365.639
a 4 73 0 1 8481391390562.917
a 4 74 0 1 17310625850843.436
a 4 75 0 1 16490980647081.459
a 4 76 0 1 18187139783926.434
a 4 77 0 1 9833932318874.25
a 4 78 0 1 5949595172299.422
a 4 79 0 1 12475676178772.412
a 4 80 0 1 12978425483466.88
a 5 15 0 1 12125881919911.09
a 5 16 0 1 11468297693160.252
a 5 17 0 1 12205967226549.441
a 5 18 0 1 10174893224517.717
a 5 19 0 1 12441506219915.35
a 5 20 0 1 12600154885795.344
a 5 21 0 1 6853369301115.658
a 5 22 0 1 4513504380044.778
a 5 23 0 1 4264521158719.4097
a 5 24 0 1 12375004296169.885
a 5 25 0 1 9182717968652.719
a 5 26 0 1 8851019274589.033
a 5 27 0 1 12548918230928.611
a 5 28 0 1 5057130805735.841
a 5 29 0 1 7935961907184.047
a 5 30 0 1 9660588755227.936
a 5 31 0 1 11233625739577.006
a 5 32 0 1 12742240189857.762
a 5 33 0 1 8883099671312.709
a 5 34 0 1 13066464410604.56
a 5 35 0 1 8427474004658.755
a 5 36 0 1 12297437748945.148
a 5 37 0 1 6201984039372.243
a 5 38 0 1 10832613078359.94
a 5 39 0 1 12659780951348.125
a 5 40 0 1 5720455493458.5
a 5 41 0 1 10452983562355.584
a 5 42 0 1 11495531567682.424
a 5 43 0 1 7362433685024.89
a 5 44 0 1 11505285787270.162
a 5 45 0 1 5713437987525.066
a 5 46 0 1 12171889343325.006
a 5 47 0 1 11415763702920.818
a 5 48 0 1 11099145322456.375
a 5 49 0 1 11847824126090.338
a 5 50 0 1 2747682032099.273
a 5 51 0 1 6101656156197.391
a 5 52 0 1 7027763806411.724
a 5 53 0 1 8086906541403.911
a 5 54 0 1 3685180956638.837
a 5 55 0 1 4285676735190.0684
a 5 56 0 1 3334506214250.1113
a 5 57 0 1 11799025276000.648
a 5 58 0 1 11695393745086.084
a 5 59 0 1 4566402450891.459
a 5 60 0 1 4377006938192.0723
a 5 61 0 1 12457950722556.213
a 5 62 0 1 7291162638607.752
a 5 63 0 1 4054850442626.9614
a 5 64 0 1 5346453071791.635
a 5 65 0 1 4074576488220.5635
a 5 66 0 1 5982883071226.858
a 5 67 0 1 9318489820069.285
a 5 68 0 1 9076574761314.494
a 5 69 0 1 6584591341739.726
a 5 70 0 1 10096922942602.975
a 5 71 0 1 3495926811362.0615
a 5 72 0 1 11564905282717.934
a 5 73 0 1 6185584069799.19
a 5 74 0 1 12621379023458.875
a 5 75 0 1 12024073595464.16
a 5 76 0 1 13260092936701.45
a 5 77 0 1 7171706601293.709
a 5 78 0 1 4339456027151.49
a 5 79 0 1 9097532656987.375
a 5 80 0 1 9463999947471.893
a 6 15 0 1 16723292656922.5
a 6 16 0 1 15815937417437.93
a 6 17 0 1 16833800427358.111
a 6 18 0 1 14031409792645.678
a 6 19 0 1 17158819452821.982
a 6 20 0 1 17377741691822.12
a 6 21 0 1 9449582407966.45
a 6 22 0 1 6222687932390.921
a 6 23 0 1 5879355370471.634
a 6 24 0 1 17067053117496.725
a 6 25 0 1 12662628931089.768
a 6 26 0 1 12205051947977.39
a 6 27 0 1 17307038948506.812
a 6 28 0 1 6972341290778.639
a 6 29 0 1 10942802827321.584
a 6 30 0 1 13321873033445.854
a 6 31 0 1 15492142365091.041
a 6 32 0 1 17573810419523.861
a 6 33 0 1 12249306143894.027
a 6 34 0 1 18021228451935.75
a 6 35 0 1 11620792269682.717
a 6 36 0 1 16960019327647.81
a 6 37 0 1 8551194473459.98
a 6 38 0 1 14938849545396.65
a 6 39 0 1 17460021592056.225
a 6 40 0 1 7887105081937.674
a 6 41 0 1 14415077760701.916
a 6 42 0 1 15853514531681.742
a 6 43 0 1 10151717533110.53
a 6 44 0 1 15866973359080.477
a 6 45 0 1 7877427250973.775
a 6 46 0 1 16786777088973.223
a 6 47 0 1 15743451628975.926
a 6 48 0 1 15306592322867.07
a 6 49 0 1 16339613467039.207
a 6 50 0 1 3787888524116.09
a 6 51 0 1 8412827201006.665
a 6 52 0 1 9690115280276.79
a 6 53 0 1 11151012038354.414
a 6 54 0 1 5080509699224.305
a 6 55 0 1 5908527320439.893
a 6 56 0 1 4596987866395.392
a 6 57 0 1 16272279135614.477
a 6 58 0 1 16129285738778.406
a 6 59 0 1 6295632082143.114
a 6 60 0 1 6034465424314.52
a 6 61 0 1 17181511386128.115
a 6 62 0 1 10053413932808.64
a 6 63 0 1 5590238122463.368
a 6 64 0 1 7371327214486.426
a 6 65 0 1 5617438357508.257
a 6 66 0 1 8249022781802.171
a 6 67 0 1 12849929466810.148
a 6 68 0 1 12516203370490.186
a 6 69 0 1 9078878734925.83
a 6 70 0 1 13923839589695.516
a 6 71 0 1 4819558041231.207
a 6 72 0 1 15949236314686.502
a 6 73 0 1 8528576360729.823
a 6 74 0 1 17407029503788.049
a 6 75 0 1 16582810939105.107
a 6 76 0 1 18288435067773.195
a 6 77 0 1 9888650521358.664
a 6 78 0 1 5982685164607.28
a 6 79 0 1 12545114878612.275
a 6 80 0 1 13050666655742.592
a 7 15 0 1 13438363023733.955
a 7 16 0 1 12709499001005.809
a 7 17 0 1 13527130110533.475
a 7 18 0 1 11275928978610.512
a 7 19 0 1 13788204126612.533
a 7 20 0 1 13964052921500.021
a 7 21 0 1 7594665169746.045
a 7 22 0 1 5001562601274.704
a 7 23 0 1 4725641456846.977
a 7 24 0 1 13714492505910.574
a 7 25 0 1 10176263572611.738
a 7 26 0 1 9808635419894.89
a 7 27 0 1 13907261293017.482
a 7 28 0 1 5604010853442.7295
a 7 29 0 1 8794475202193.748
a 7 30 0 1 10705902462964.305
a 7 31 0 1 12449392336828.855
a 7 32 0 1 14121543204465.754
a 7 33 0 1 9844190618425.37
a 7 34 0 1 14480922113023.15
a 7 35 0 1 9339216331057.184
a 7 36 0 1 13628516863327.193
a 7 37 0 1 6872766944568.988
a 7 38 0 1 12004919801128.014
a 7 39 0 1 14030143614921.209
a 7 40 0 1 6339120091665.951
a 7 41 0 1 11584151913976.852
a 7 42 0 1 12739684693404.02
a 7 43 0 1 8158844330837.23
a 7 44 0 1 12750496155713.395
a 7 45 0 1 6331343092376.907
a 7 46 0 1 13489357936309.592
a 7 47 0 1 12651271028704.236
a 7 48 0 1 12300337066109.285
a 7 49 0 1 13130163292335.275
a 7 50 0 1 3044729862359.6064
a 7 51 0 1 6761579531291.953
a 7 52 0 1 7787940005644.523
a 7 53 0 1 8961765899041.018
a 7 54 0 1 4083628065207.1113
a 7 55 0 1 4749085825004.735
a 7 56 0 1 3695021729442.8506
a 7 57 0 1 13076074784570.996
a 7 58 0 1 12961210106577.037
a 7 59 0 1 5060184025854.357
a 7 60 0 1 4850297054397.196
a 7 61 0 1 13806431451897.607
a 7 62 0 1 8079856564506.077
a 7 63 0 1 4493287432639.02
a 7 64 0 1 5924641886004.793
a 7 65 0 1 4515147496444.53
a 7 66 0 1 6629950759604.99
a 7 67 0 1 10326743049349.914
a 7 68 0 1 10058622648191.488
a 7 69 0 1 7296790365925.246
a 7 70 0 1 11189510577290.375
a 7 71 0 1 3873902359658.29
a 7 72 0 1 12816577760724.242
a 7 73 0 1 6854591816738.272
a 7 74 0 1 13987578158158.59
a 7 75 0 1 13325518255614.846
a 7 76 0 1 14695546603638.121
a 7 77 0 1 7947466995334.677
a 7 78 0 1 4808683477594.025
a 7 79 0 1 10081850734693.336
a 7 80 0 1 10488016276581.986
a 8 15 0 1 22859292360251.117
a 8 16 0 1 21618186894199.223
a 8 17 0 1 23010454445638.355
a 8 18 0 1 19177539071224.812
a 8 19 0 1 23455051778652.848
a 8 20 0 1 23754524974417.332
a 8 21 0 1 12912791186526.19
a 8 22 0 1 8502103458804.404
a 8 23 0 1 8032889345352.029
a 8 24 0 1 23329522293153.168
a 8 25 0 1 17305746108479.605
a 8 26 0 1 16680062897017.775
a 8 27 0 1 23657807027758.965
a 8 28 0 1 9526661585461.824
a 8 29 0 1 14954209818510.504
a 8 30 0 1 18207228195966.54
a 8 31 0 1 21175314199688.42
a 8 32 0 1 24022740579202.594
a 8 33 0 1 16740574295952.246
a 8 34 0 1 24634810495642.363
a 8 35 0 1 15881191060809.541
a 8 36 0 1 23183109304315.145
a 8 37 0 1 11684706909457.078
a 8 38 0 1 20418572608386.613
a 8 39 0 1 23867080643437.004
a 8 40 0 1 10776965523986.281
a 8 41 0 1 19702239756790.277
a 8 42 0 1 21669584012065.184
a 8 43 0 1 13872665416661.646
a 8 44 0 1 21687992728297.824
a 8 45 0 1 10763737308344.879
a 8 46 0 1 22946131683746.9
a 8 47 0 1 21519042951768.707
a 8 48 0 1 20921532449430.457
a 8 49 0 1 22334473767391.13
a 8 50 0 1 5174887974274.143
a 8 51 0 1 11495568985431.246
a 8 52 0 1 13241612225941.217
a 8 53 0 1 15238878262368.574
a 8 54 0 1 6941202638186.366
a 8 55 0 1 8072756548890.301
a 8 56 0 1 6280467014552.032
a 8 57 0 1 22242371732594.93
a 8 58 0 1 22046782569829.992
a 8 59 0 1 8601794049767.65
a 8 60 0 1 8244868214312.873
a 8 61 0 1 23486092797271.617
a 8 62 0 1 13738273193146.988
a 8 63 0 1 7637778928085.793
a 8 64 0 1 10071985756628.986
a 8 65 0 1 7674950620492.985
a 8 66 0 1 11271663203530.184
a 8 67 0 1 17561864754545.104
a 8 68 0 1 17105523579558.182
a 8 69 0 1 12406032931088.338
a 8 70 0 1 19030430136987.375
a 8 71 0 1 6584607208463.401
a 8 72 0 1 21800510817673.344
a 8 73 0 1 11653789455284.984
a 8 74 0 1 23794589459913.875
a 8 75 0 1 22667131360157.316
a 8 76 0 1 25000361437550.68
a 8 77 0 1 13513025338971.154
a 8 78 0 1 8174103176910.469
a 8 79 0 1 17145057022172.748
a 8 80 0 1 17836361465312.363
a 9 15 0 1 31445572673779.645
a 9 16 0 1 29736691812776.727
a 9 17 0 1 31653720659039.344
a 9 18 0 1 26376695086572.35
a 9 19 0 1 32265940528363.938
a 9 20 0 1 32678334731082.027
a 9 21 0 1 17755380127168.598
a 9 22 0 1 11688357756224.486
a 9 23 0 1 11043076948612.102
a 9 24 0 1 32093081395226.8
a 9 25 0 1 23800312513806.574
a 9 26 0 1 22939199710751.84
a 9 27 0 1 32545146612286.316
a 9 28 0 1 13097459374608.625
a 9 29 0 1 20564191395551.137
a 9 30 0 1 25041082791690.254
a 9 31 0 1 29126943972613.723
a 9 32 0 1 33047694286817.676
a 9 33 0 1 23022478059410.387
a 9 34 0 1 33890607634456.297
a 9 35 0 1 21839799396213.582
a 9 36 0 1 31891467220847.418
a 9 37 0 1 16065883933100.744
a 9 38 0 1 28085115141879.008
a 9 39 0 1 32833334030935.17
a 9 40 0 1 14817204191750.084
a 9 41 0 1 27098981234230.42
a 9 42 0 1 29807456964918.52
a 9 43 0 1 19076020251942.965
a 9 44 0 1 29832802735346.953
a 9 45 0 1 14799008318579.768
a 9 46 0 1 31565148820923.836
a 9 47 0 1 29600188237473.934
a 9 48 0 1 28777547408433.848
a 9 49 0 1 30722926332102.39
a 9 50 0 1 7113211230905.772
a 9 51 0 1 15805699659494.758
a 9 52 0 1 18207775229831.516
a 9 53 0 1 20955909403629.105
a 9 54 0 1 9541849755937.607
a 9 55 0 1 11097902801906.455
a 9 56 0 1 8633311421941.712
a 9 57 0 1 30596110290183.34
a 9 58 0 1 30326805340708.258
a 9 59 0 1 11825459357142.809
a 9 60 0 1 11334594982218.68
a 9 61 0 1 32308685545738.086
a 9 62 0 1 18891110503175.83
a 9 63 0 1 10499726604561.71
a 9 64 0 1 13847508870158.104
a 9 65 0 1 10550843808032.303
a 9 66 0 1 15497693092608.963
a 9 67 0 1 24152815932033.71
a 9 68 0 1 23524745968644.33
a 9 69 0 1 17058202519682.213
a 9 70 0 1 26174195540156.984
a 9 71 0 1 9051510109323.342
a 9 72 0 1 29987722493242.742
a 9 73 0 1 16023352587576.588
a 9 74 0 1 32733506964621.496
a 9 75 0 1 31180973724062.062
a 9 76 0 1 34394048239776.438
a 9 77 0 1 18581197661397.543
a 9 78 0 1 11237276742443.178
a 9 79 0 1 23579155521949.62
a 9 80 0 1 24530622292284.02
a 10 15 0 1 32577976720537.113
a 10 16 0 1 30807337875280.04
a 10 17 0 1 32793648776204.605
a 10 18 0 1 27325986172902.656
a 10 19 0 1 33428001150032.24
a 10 20 0 1 33855305734921.363
a 10 21 0 1 18393734770100.38
a 10 22 0 1 12108282145299.02
a 10 23 0 1 11439787966806.371
a 10 24 0 1 33248892618183.582
a 10 25 0 1 24656616747675.36
a 10 26 0 1 23764437385237.01
a 10 27 0 1 33717301952173.188
a 10 28 0 1 13568087293215.67
a 10 29 0 1 21303778430768.07
a 10 30 0 1 25942161797252.336
a 10 31 0 1 30175560188470.945
a 10 32 0 1 34238020972466.23
a 10 33 0 1 23850719906773.027
a 10 34 0 1 35111417653899.92
a 10 35 0 1 22625383033732.184
a 10 36 0 1 33039989785950.24
a 10 37 0 1 16643380091395.453
a 10 38 0 1 29096098082774.207
a 10 39 0 1 34015909515181.848
a 10 40 0 1 15349736573468.734
a 10 41 0 1 28074351346197.082
a 10 42 0 1 30880659940136.977
a 10 43 0 1 19761963648757.414
a 10 44 0 1 30906921523839.832
a 10 45 0 1 15330885583114.793
a 10 46 0 1 32701875224407.746
a 10 47 0 1 30665902224131.74
a 10 48 0 1 29813541567111.29
a 10 49 0 1 31829211277760.656
a 10 50 0 1 7368626139435.036
a 10 51 0 1 16373825723497.26
a 10 52 0 1 18862430066318.27
a 10 53 0 1 21709619741488.906
a 10 54 0 1 9884569360250.842
a 10 55 0 1 11496585989775.229
a 10 56 0 1 8943364969535.066
a 10 57 0 1 31697812101332.4
a 10 58 0 1 31418774925021.38
a 10 59 0 1 12250316307776.516
a 10 60 0 1 11741792645334.418
a 10 61 0 1 33472291573322.895
a 10 62 0 1 19570389846347.65
a 10 63 0 1 10876893875443.73
a 10 64 0 1 14345132678333.598
a 10 65 0 1 10929849603669.861
a 10 66 0 1 16054727575439.582
a 10 67 0 1 25021839351768.215
a 10 68 0 1 24371107832178.49
a 10 69 0 1 17671440684193.64
a 10 70 0 1 27116175938972.527
a 10 71 0 1 9376598909271.281
a 10 72 0 1 31067439084415.258
a 10 73 0 1 16599317012002.842
a 10 74 0 1 33912472867921.43
a 10 75 0 1 32303813667398.94
a 10 76 0 1 35633067738359.66
a 10 77 0 1 19249308561995.85
a 10 78 0 1 11640973539932.098
a 10 79 0 1 24427480416437.586
a 10 80 0 1 25413279077550.668
a 11 15 0 1 12441644128327.32
a 11 16 0 1 11766912970251.936
a 11 17 0 1 12523817892786.912
a 11 18 0 1 10439789920842.387
a 11 19 0 1 12765499481033.064
a 11 20 0 1 12928285720267.648
a 11 21 0 1 7031722276480.815
a 11 22 0 1 4630931937427.763
a 11 23 0 1 4375467671737.351
a 11 24 0 1 12697263226475.822
a 11 25 0 1 9421756002180.318
a 11 26 0 1 9081413730960.184
a 11 27 0 1 12875712791272.234
a 11 28 0 1 5188710308209.734
a 11 29 0 1 8142514834114.514
a 11 30 0 1 9912080585306.174
a 11 31 0 1 11526122439618.635
a 11 32 0 1 13074076755171.33
a 11 33 0 1 9114330065765.318
a 11 34 0 1 13406757542834.193
a 11 35 0 1 8646832482641.948
a 11 36 0 1 12617673824036.523
a 11 37 0 1 6363372858016.443
a 11 38 0 1 11114655002774.098
a 11 39 0 1 12989466879777.568
a 11 40 0 1 5869305445993.692
a 11 41 0 1 10725129102430.059
a 11 42 0 1 11794856932676.594
a 11 43 0 1 7554046143507.378
a 11 44 0 1 11804865481979.426
a 11 45 0 1 5862105216751.983
a 11 46 0 1 12488851324589.842
a 11 47 0 1 11713009237363.682
a 11 48 0 1 11388135881692.617
a 11 49 0 1 12156335473760.33
a 11 50 0 1 2819153389679.4775
a 11 51 0 1 6260432347713.701
a 11 52 0 1 7210659015834.073
a 11 53 0 1 8297391927916.179
a 11 54 0 1 3781048693804.5713
a 11 55 0 1 4397173913988.3687
a 11 56 0 1 3421247767967.89
a 11 57 0 1 12106264154376.809
a 11 58 0 1 11999930396540.385
a 11 59 0 1 4685206996523.429
a 11 60 0 1 4490881413861.882
a 11 61 0 1 12782372850771.824
a 11 62 0 1 7480918620504.362
a 11 63 0 1 4160339513232.9497
a 11 64 0 1 5485565092031.776
a 11 65 0 1 4180578989335.0225
a 11 66 0 1 6138566386235.851
a 11 67 0 1 9561066062525.93
a 11 68 0 1 9312846786219.062
a 11 69 0 1 6755944162554.772
a 11 70 0 1 10359787311510.346
a 11 71 0 1 3586869183872.7305
a 11 72 0 1 11866039497858.842
a 11 73 0 1 6346545814445.841
a 11 74 0 1 12950063397364.47
a 11 75 0 1 12337180912093.328
a 11 76 0 1 13605436687163.426
a 11 77 0 1 7358351048407.06
a 11 78 0 1 4452353058038.146
a 11 79 0 1 9334350822697.348
a 11 80 0 1 9710368303934.38
a 12 15 0 1 18297160183391.98
a 12 16 0 1 17304241415967.373
a 12 17 0 1 18418090164320.465
a 12 18 0 1 15351490035075.623
a 12 19 0 1 18773764070981.812
a 12 20 0 1 19013335855472.44
a 12 21 0 1 10338089435049.605
a 12 22 0 1 6807544938167.383
a 12 23 0 1 6431919388462.581
a 12 24 0 1 18673342338416.17
a 12 25 0 1 13853728260252.22
a 12 26 0 1 13353043485984.742
a 12 27 0 1 18935964046534.49
a 12 28 0 1 7627718493323.924
a 12 29 0 1 11971905115555.45
a 12 30 0 1 14575087715263.797
a 12 31 0 1 16949917251268.08
a 12 32 0 1 19227899468941.99
a 12 33 0 1 13401466600741.49
a 12 34 0 1 19717525233305.676
a 12 35 0 1 12713748611887.434
a 12 36 0 1 18556213378451.168
a 12 37 0 1 9355138607290.508
a 12 38 0 1 16344462818377.828
a 12 39 0 1 19103376991052.723
a 12 40 0 1 8628552529808.256
a 12 41 0 1 15771319212242.03
a 12 42 0 1 17345361660855.254
a 12 43 0 1 11106328018639.27
a 12 44 0 1 17360089523710.926
a 12 45 0 1 8617964006641.087
a 12 46 0 1 18366631924673.676
a 12 47 0 1 17224921067099.95
a 12 48 0 1 16746873690976.533
a 12 49 0 1 17877297688904.984
a 12 50 0 1 4143794806038.4478
a 12 51 0 1 9203748888237.502
a 12 52 0 1 10601266282322.479
a 12 53 0 1 12199722619266.756
a 12 54 0 1 5557947133396.546
a 12 55 0 1 6463835069295.011
a 12 56 0 1 5028960352928.739
a 12 57 0 1 17803613677193.758
a 12 58 0 1 17647136248145.71
a 12 59 0 1 6887350388919.451
a 12 60 0 1 6601618353689.096
a 12 61 0 1 18798596337433.34
a 12 62 0 1 10998768789309.566
a 12 63 0 1 6115610673455.063
a 12 64 0 1 8064242616088.411
a 12 65 0 1 6145369005255.056
a 12 66 0 1 9024528590174.432
a 12 67 0 1 14058675593410.246
a 12 68 0 1 13693507578529.068
a 12 69 0 1 9932490080935.906
a 12 70 0 1 15233781826861.797
a 12 71 0 1 5272457832513.612
a 12 72 0 1 17450109162973.307
a 12 73 0 1 9330391758085.84
a 12 74 0 1 19045386287266.547
a 12 75 0 1 18143429770659.75
a 12 76 0 1 20009941384486.016
a 12 77 0 1 10818492838392.623
a 12 78 0 1 6544967826494.778
a 12 79 0 1 13725142872378.45
a 12 80 0 1 14278326458513.701
a 13 15 0 1 25912753419100.508
a 13 16 0 1 24505397410636.38
a 13 17 0 1 26084167890399.617
a 13 18 0 1 21737973127083.07
a 13 19 0 1 26588336094702.67
a 13 20 0 1 26927939113497.008
a 13 21 0 1 14635395492858.693
a 13 22 0 1 9635656143727.992
a 13 23 0 1 9103817927855.81
a 13 24 0 1 26445986417603.695
a 13 25 0 1 19615708286881.105
a 13 26 0 1 18906327268665.77
a 13 27 0 1 26818260484946.797
a 13 28 0 1 10796984541890.691
a 13 29 0 1 16949677222676.645
a 13 30 0 1 20637805910541.734
a 13 31 0 1 24003213366179.56
a 13 32 0 1 27232098644744.0
a 13 33 0 1 18974932696112.52
a 13 34 0 1 27926202284427.477
a 13 35 0 1 18000610007268.465
a 13 36 0 1 26279955670578.047
a 13 37 0 1 13243231242160.775
a 13 38 0 1 23145141669153.01
a 13 39 0 1 27055578209427.043
a 13 40 0 1 12214243559522.336
a 13 41 0 1 22332908014197.18
a 13 42 0 1 24563678288078.3
a 13 43 0 1 15723551732399.97
a 13 44 0 1 24584552557570.33
a 13 45 0 1 12199248673962.914
a 13 46 0 1 26011227199201.492
a 13 47 0 1 24392975103993.56
a 13 48 0 1 23715447201199.137
a 13 49 0 1 25317626913451.004
a 13 50 0 1 5864536287433.485
a 13 51 0 1 13028827946283.137
a 13 52 0 1 15008158069825.48
a 13 53 0 1 17272406991727.482
a 13 54 0 1 7866457903216.251
a 13 55 0 1 9149005747051.602
a 13 56 0 1 7117574698688.012
a 13 57 0 1 25213187319743.438
a 13 58 0 1 24991398929205.066
a 13 59 0 1 9748653020868.307
a 13 60 0 1 9344087805989.379
a 13 61 0 1 26623536507038.566
a 13 62 0 1 15571196778538.508
a 13 63 0 1 8655979675078.208
a 13 64 0 1 11415120020079.21
a 13 65 0 1 8698111731096.335
a 13 66 0 1 12775014054041.137
a 13 67 0 1 19906091934906.402
a 13 68 0 1 19388700450459.26
a 13 69 0 1 14060924694759.645
a 13 70 0 1 21571174543577.04
a 13 71 0 1 7462287814528.361
a 13 72 0 1 24712140903899.297
a 13 73 0 1 13208183695567.875
a 13 74 0 1 26973372533536.652
a 13 75 0 1 25694848236590.67
a 13 76 0 1 28340753073877.066
a 13 77 0 1 15315843934309.639
a 13 78 0 1 9263878189396.188
a 13 79 0 1 19433522474794.41
a 13 80 0 1 20217314912803.863
a 14 15 0 1 18106363600472.266
a 14 16 0 1 17123819077864.135
a 14 17 0 1 18226029916660.855
a 14 18 0 1 15191463649117.756
a 14 19 0 1 18577986986723.316
a 14 20 0 1 18815055046460.695
a 14 21 0 1 10230385103508.443
a 14 22 0 1 6736651072689.535
a 14 23 0 1 6364940159722.999
a 14 24 0 1 18478614704280.336
a 14 25 0 1 13709339436408.258
a 14 26 0 1 13213880931737.467
a 14 27 0 1 18738491852332.516
a 14 28 0 1 7548275904312.9795
a 14 29 0 1 11847156129512.076
a 14 30 0 1 14423168117371.162
a 14 31 0 1 16773196405767.83
a 14 32 0 1 19027376175383.348
a 14 33 0 1 13261798620273.678
a 14 34 0 1 19511884267264.062
a 14 35 0 1 12581258306598.098
a 14 36 0 1 18362709761784.918
a 14 37 0 1 9257685776790.207
a 14 38 0 1 16174066238316.992
a 14 39 0 1 18904155141818.035
a 14 40 0 1 8538676016583.001
a 14 41 0 1 15606908591538.482
a 14 42 0 1 17164509735513.11
a 14 43 0 1 10990609888411.066
a 14 44 0 1 17179083733959.518
a 14 45 0 1 8528197893649.447
a 14 46 0 1 18175109397083.1
a 14 47 0 1 17045327385105.127
a 14 48 0 1 16572273831254.957
a 14 49 0 1 17690888212787.984
a 14 50 0 1 4100654367671.332
a 14 51 0 1 9107874744342.664
a 14 52 0 1 10490816807588.387
a 14 53 0 1 12072596440789.363
a 14 54 0 1 5500074838050.943
a 14 55 0 1 6396523239632.273
a 14 56 0 1 4976599305096.154
a 14 57 0 1 17617974075637.168
a 14 58 0 1 17463131530877.014
a 14 59 0 1 6815624776080.686
a 14 60 0 1 6532870623794.545
a 14 61 0 1 18602559741649.2
a 14 62 0 1 10884172736142.08
a 14 63 0 1 6051927642508.145
a 14 64 0 1 7980249455628.268
a 14 65 0 1 6081375878060.878
a 14 66 0 1 8930523278779.156
a 14 67 0 1 13912147307409.941
a 14 68 0 1 13550791242047.646
a 14 69 0 1 9829016149923.93
a 14 70 0 1 15074984580853.322
a 14 71 0 1 5217559989282.973
a 14 72 0 1 17268162911999.775
a 14 73 0 1 9233196990572.19
a 14 74 0 1 18846770514173.61
a 14 75 0 1 17954239552197.29
a 14 76 0 1 19801243750404.477
a 14 77 0 1 10705777394422.074
a 14 78 0 1 6476810482128.212
a 14 79 0 1 13582096311024.709
a 14 80 0 1 14129505108051.775
a 15 1 0 2 0
a 16 1 0 2 0
a 17 1 0 2 0
a 18 1 0 2 0
a 19 1 0 2 0
a 20 1 0 2 0
a 21 1 0 2 0
a 22 1 0 2 0
a 23 1 0 2 0
a 24 1 0 2 0
a 25 1 0 2 0
a 26 1 0 2 0
a 27 1 0 2 0
a 28 1 0 2 0
a 29 1 0 2 0
a 30 1 0 2 0
a 31 1 0 2 0
a 32 1 0 2 0
a 33 1 0 2 0
a 34 1 0 2 0
a 35 1 0 2 0
a 36 1 0 2 0
a 37 1 0 2 0
a 38 1 0 2 0
a 39 1 0 2 0
a 40 1 0 2 0
a 41 1 0 2 0
a 42 1 0 2 0
a 43 1 0 2 0
a 44 1 0 2 0
a 45 1 0 2 0
a 46 1 0 2 0
a 47 1 0 2 0
a 48 1 0 2 0
a 49 1 0 2 0
a 50 1 0 2 0
a 51 1 0 2 0
a 52 1 0 2 0
a 53 1 0 2 0
a 54 1 0 2 0
a 55 1 0 2 0
a 56 1 0 2 0
a 57 1 0 2 0
a 58 1 0 2 0
a 59 1 0 2 0
a 60 1 0 2 0
a 61 1 0 2 0
a 62 1 0 2 0
a 63 1 0 2 0
a 64 1 0 2 0
a 65 1 0 2 0
a 66 1 0 2 0
a 67 1 0 2 0
a 68 1 0 2 0
a 69 1 0 2 0
a 70 1 0 2 0
a 71 1 0 2 0
a 72 1 0 2 0
a 73 1 0 2 0
a 74 1 0 2 0
a 75 1 0 2 0
a 76 1 0 2 0
a 77 1 0 2 0
a 78 1 0 2 0
a 79 1 0 2 0
a 80 1 0 2 0
