p min 82 951
n 0 13
n 1 -13
a 0 2 0 1 0
a 0 3 0 1 0
a 0 4 0 1 0
a 0 5 0 1 0
a 0 6 0 1 0
a 0 7 0 1 0
a 0 8 0 1 0
a 0 9 0 1 0
a 0 10 0 1 0
a 0 11 0 1 0
a 0 12 0 1 0
a 0 13 0 1 0
a 0 14 0 1 0
a 2 15 0 1 21116128103903.65
a 2 16 0 1 22946202391078.887
a 2 17 0 1 24043108476949.96
a 2 18 0 1 10594322417611.348
a 2 19 0 1 15518331159228.508
a 2 20 0 1 20696958045802.4
a 2 21 0 1 13385377730633.168
a 2 22 0 1 15735449155582.105
a 2 23 0 1 10354359978795.508
a 2 24 0 1 5661546439514.38
a 2 25 0 1 24465783335264.99
a 2 26 0 1 16560570778129.244
a 2 27 0 1 15588786177774.352
a 2 28 0 1 6444525349683.564
a 2 29 0 1 16861509192733.312
a 2 30 0 1 21958518505480.168
a 2 31 0 1 9234019680182.602
a 2 32 0 1 14426595396348.438
a 2 33 0 1 9682216074544.424
a 2 34 0 1 18775829999708.43
a 2 35 0 1 25360298858768.918
a 2 36 0 1 12385628339759.627
a 2 37 0 1 12602848442598.74
a 2 38 0 1 25055473478500.15
a 2 39 0 1 8891615267849.734
a 2 40 0 1 14434328701220.352
a 2 41 0 1 20185371099552.83
a 2 42 0 1 12030613816245.9
a 2 43 0 1 23693142839330.688
a 2 44 0 1 23978801811249.145
a 2 45 0 1 8628819998839.241
a 2 46 0 1 25230741684921.47
a 2 47 0 1 21176387339252.43
a 2 48 0 1 23204978008291.723
a 2 49 0 1 13966832460793.271
a 2 50 0 1 18816522091124.418
a 2 51 0 1 14894706270111.945
a 2 52 0 1 18443359412703.273
a 2 53 0 1 20120992872228.58
a 2 54 0 1 17568037195703.646
a 2 55 0 1 7886687975384.566
a 2 56 0 1 13336158324906.799
a 2 57 0 1 21349778097188.61
a 2 58 0 1 9131130733182.014
a 2 59 0 1 11067890724176.898
a 2 60 0 1 5846974486670.568
a 2 61 0 1 8142245706642.114
a 2 62 0 1 9315592653222.031
a 2 63 0 1 23142380264468.98
a 2 64 0 1 16667532236566.629
a 2 65 0 1 13224366935127.703
a 2 66 0 1 9383389184372.69
a 2 67 0 1 16371223791775.438
a 2 68 0 1 7875113579081.722
a 2 69 0 1 15200326553352.89
a 2 70 0 1 7745431573879.718
a 2 71 0 1 19327869319697.79
a 2 72 0 1 17206334746564.83
a 2 73 0 1 10529555487307.541
a 2 74 0 1 16516706144749.057
a 2 75 0 1 22966601590915.31
a 2 76 0 1 18337102152143.18
a 2 77 0 1 18332907275050.74
a 2 78 0 1 10043351749091.389
a 2 79 0 1 13846326226941.115
a 2 80 0 1 13553405125791.145
a 2 81 0 1 20159152680155.906
a 3 15 0 1 12951225012106.336
a 3 16 0 1 14072523744301.041
a 3 17 0 1 14744517708599.877
a 3 18 0 1 6500894535242.427
a 3 19 0 1 9520281633177.547
a 3 20 0 1 12694370962393.295
a 3 21 0 1 8212523680722.662
a 3 22 0 1 9653387241930.004
a 3 23 0 1 6353716465547.883
a 3 24 0 1 3474803858498.159
a 3 25 0 1 15003442066718.309
a 3 26 0 1 10159209966313.598
a 3 27 0 1 9563474825647.135
a 3 28 0 1 3955223551660.7515
a 3 29 0 1 10343684409651.98
a 3 30 0 1 13467385964936.686
a 3 31 0 1 5666527636752.936
a 3 32 0 1 8850946853938.834
a 3 33 0 1 5941448364318.718
a 3 34 0 1 11517042116900.76
a 3 35 0 1 15551376834201.951
a 3 36 0 1 7599471082667.996
a 3 37 0 1 7732676454008.345
a 3 38 0 1 15364661203217.35
a 3 39 0 1 5456491626120.298
a 3 40 0 1 8855688312467.857
a 3 41 0 1 12380873781815.264
a 3 42 0 1 7381760816458.225
a 3 43 0 1 14530126554206.154
a 3 44 0 1 14705123541966.549
a 3 45 0 1 5295284717927.86
a 3 46 0 1 15472019399102.557
a 3 47 0 1 12988149161413.682
a 3 48 0 1 14231062524528.262
a 3 49 0 1 8569050262447.664
a 3 50 0 1 11541981625045.1
a 3 51 0 1 9137949994062.887
a 3 52 0 1 11313273017700.084
a 3 53 0 1 12341422206473.023
a 3 54 0 1 10776764744699.875
a 3 55 0 1 4840017162870.17
a 3 56 0 1 8182343309918.7
a 3 57 0 1 13094394113002.273
a 3 58 0 1 5603414683714.771
a 3 59 0 1 6791342722307.118
a 3 60 0 1 3588581704295.0254
a 3 61 0 1 4996794743057.27
a 3 62 0 1 5716564779699.445
a 3 63 0 1 14192712376880.586
a 3 64 0 1 10224777620960.293
a 3 65 0 1 8113794538577.01
a 3 66 0 1 5758151129208.927
a 3 67 0 1 10043138234561.309
a 3 68 0 1 4832916507348.132
a 3 69 0 1 9325322180655.543
a 3 70 0 1 4753358748096.156
a 3 71 0 1 11855370152459.004
a 3 72 0 1 10555055470124.01
a 3 73 0 1 6461170828953.952
a 3 74 0 1 10132320650272.633
a 3 75 0 1 14085021438922.465
a 3 76 0 1 11248147348030.492
a 3 77 0 1 11245576271727.908
a 3 78 0 1 6162958637711.604
a 3 79 0 1 8495161804063.984
a 3 80 0 1 8315553775320.949
a 3 81 0 1 12364806918347.395
a 4 15 0 1 13592833431783.04
a 4 16 0 1 14769776231156.504
a 4 17 0 1 15475124894105.379
a 4 18 0 1 6822700210875.302
a 4 19 0 1 9991724286658.014
a 4 20 0 1 13323235210063.793
a 4 21 0 1 8619142111477.827
a 4 22 0 1 10131428952979.842
a 4 23 0 1 6668230974061.082
a 4 24 0 1 3646749846768.2417
a 4 25 0 1 15746902515790.406
a 4 26 0 1 10662331093871.982
a 4 27 0 1 10037058870986.686
a 4 28 0 1 4150953824390.069
a 4 29 0 1 10855952807796.807
a 4 30 0 1 14134606822792.225
a 4 31 0 1 5947002403527.311
a 4 32 0 1 9289208708208.59
a 4 33 0 1 6235540588177.681
a 4 34 0 1 12087501674139.201
a 4 35 0 1 16322039964293.453
a 4 36 0 1 7975708176315.034
a 4 37 0 1 8115514486392.681
a 4 38 0 1 16126054274595.367
a 4 39 0 1 5726563434954.794
a 4 40 0 1 9294185195238.04
a 4 41 0 1 12994184501537.783
a 4 42 0 1 7747209822656.212
a 4 43 0 1 15250091757538.88
a 4 44 0 1 15433775232218.682
a 4 45 0 1 5557372403209.741
a 4 46 0 1 16238742539687.412
a 4 47 0 1 13631589689309.725
a 4 48 0 1 14936183661125.383
a 4 49 0 1 8993339319521.732
a 4 50 0 1 12113678204065.223
a 4 51 0 1 9590438740321.062
a 4 52 0 1 11873625725747.27
a 4 53 0 1 12952775699633.963
a 4 54 0 1 11310509281087.082
a 4 55 0 1 5079558409543.675
a 4 56 0 1 8587465972441.871
a 4 57 0 1 13743106410738.807
a 4 58 0 1 5880763448191.875
a 4 59 0 1 7127537894027.791
a 4 60 0 1 3766160277584.7036
a 4 61 0 1 5244099882765.528
a 4 62 0 1 5999517934108.84
a 4 63 0 1 14895930078483.438
a 4 64 0 1 10731149911391.807
a 4 65 0 1 8515519898529.477
a 4 66 0 1 6043164118160.839
a 4 67 0 1 10540504088058.473
a 4 68 0 1 5072106124417.926
a 4 69 0 1 9787099594163.182
a 4 70 0 1 4988608648570.728
a 4 71 0 1 12442611716637.238
a 4 72 0 1 11077805324322.262
a 4 73 0 1 6781008575925.181
a 4 74 0 1 10634108489798.979
a 4 75 0 1 14782894204587.516
a 4 76 0 1 11805269959182.3
a 4 77 0 1 11802571363919.953
a 4 78 0 1 6468023433963.701
a 4 79 0 1 8915788581812.082
a 4 80 0 1 8727278558946.624
a 4 81 0 1 12977320544911.414
a 5 15 0 1 7423238131938.2
a 5 16 0 1 8065487101079.365
a 5 17 0 1 8450352747936.291
a 5 18 0 1 3727291017031.5747
a 5 19 0 1 5457648454938.422
a 5 20 0 1 7276109248139.591
a 5 21 0 1 4708258511097.992
a 5 22 0 1 5533917109638.819
a 5 23 0 1 3642932736604.5723
a 5 24 0 1 1992576603584.8872
a 5 25 0 1 8598637602298.376
a 5 26 0 1 5823741162125.762
a 5 27 0 1 5482397984835.036
a 5 28 0 1 2268012896687.261
a 5 29 0 1 5929436920169.297
a 5 30 0 1 7718889680810.868
a 5 31 0 1 3249039510080.9663
a 5 32 0 1 5074108817153.949
a 5 33 0 1 3406625899146.02
a 5 34 0 1 6601674497836.864
a 5 35 0 1 8912425005843.928
a 5 36 0 1 4356925278143.8555
a 5 37 0 1 4433265510040.117
a 5 38 0 1 8805499920366.475
a 5 39 0 1 3128642603336.806
a 5 40 0 1 5076825838225.397
a 5 41 0 1 7096529505735.54
a 5 42 0 1 4232152990915.5996
a 5 43 0 1 8327569006837.159
a 5 44 0 1 8427791548850.12
a 5 45 0 1 3036233844151.865
a 5 46 0 1 8866980199387.406
a 5 47 0 1 7444388393673.956
a 5 48 0 1 8156288022794.664
a 5 49 0 1 4912569964495.838
a 5 50 0 1 6615961945412.598
a 5 51 0 1 5238569342282.548
a 5 52 0 1 6484937108815.361
a 5 53 0 1 7073930174218.813
a 5 54 0 1 6177565406945.819
a 5 55 0 1 2775252570895.2886
a 5 56 0 1 4690962991085.937
a 5 57 0 1 7505245387086.766
a 5 58 0 1 3212862144857.4624
a 5 59 0 1 3893764070726.2793
a 5 60 0 1 2057809384320.8835
a 5 61 0 1 2865126343111.436
a 5 62 0 1 3277721450058.8735
a 5 63 0 1 8134323629213.253
a 5 64 0 1 5861308769596.157
a 5 65 0 1 4651679431332.2705
a 5 66 0 1 3301559178203.925
a 5 67 0 1 5757236172415.987
a 5 68 0 1 2771182040948.4883
a 5 69 0 1 5345936145326.963
a 5 70 0 1 2725574474256.007
a 5 71 0 1 6795494261696.403
a 5 72 0 1 6050540902171.565
a 5 73 0 1 3704522639466.6943
a 5 74 0 1 5808334604312.627
a 5 75 0 1 8072645036452.494
a 5 76 0 1 6447626735509.94
a 5 77 0 1 6446153765842.985
a 5 78 0 1 3533593963540.2524
a 5 79 0 1 4870227964292.387
a 5 80 0 1 4767301768288.634
a 5 81 0 1 7087325818602.557
a 6 15 0 1 21993668950120.94
a 6 16 0 1 23900006669739.637
a 6 17 0 1 25042639419912.125
a 6 18 0 1 11034044157027.97
a 6 19 0 1 16162806534731.383
a 6 20 0 1 21557035816581.562
a 6 21 0 1 13941129432415.852
a 6 22 0 1 16388958453420.91
a 6 23 0 1 10784109606919.91
a 6 24 0 1 5896392276572.576
a 6 25 0 1 25482937513395.527
a 6 26 0 1 17248416319400.865
a 6 27 0 1 16236193019033.99
a 6 28 0 1 6711874933083.447
a 6 29 0 1 17561879542246.748
a 6 30 0 1 22871159551907.7
a 6 31 0 1 9617218956528.002
a 6 32 0 1 15025652573461.955
a 6 33 0 1 10084036495088.627
a 6 34 0 1 19555893969062.68
a 6 35 0 1 26414755345357.06
a 6 36 0 1 12899809456369.748
a 6 37 0 1 13126060942005.242
a 6 38 0 1 26097217503172.484
a 6 39 0 1 9260590071206.375
a 6 40 0 1 15033707556098.219
a 6 41 0 1 21024137986821.234
a 6 42 0 1 12530035469930.252
a 6 43 0 1 24678083476906.363
a 6 44 0 1 24975651673745.09
a 6 45 0 1 8986878316304.266
a 6 46 0 1 26279794995248.83
a 6 47 0 1 22056438794367.297
a 6 48 0 1 24169568767727.15
a 6 49 0 1 14546766219814.395
a 6 50 0 1 19598280478891.227
a 6 51 0 1 15513236256758.176
a 6 52 0 1 19209579928571.5
a 6 53 0 1 20957078177898.203
a 6 54 0 1 18297816209977.54
a 6 55 0 1 8213921926726.902
a 6 56 0 1 13889863201007.988
a 6 57 0 1 22237053815525.54
a 6 58 0 1 9510055581310.373
a 6 59 0 1 11527294210310.81
a 6 60 0 1 6089517433175.238
a 6 61 0 1 8480093598922.374
a 6 62 0 1 9702180879891.06
a 6 63 0 1 24104361716066.5
a 6 64 0 1 17359829321835.643
a 6 65 0 1 13773422972704.107
a 6 66 0 1 9772794069340.98
a 6 67 0 1 17051189331197.0
a 6 68 0 1 8201866832685.732
a 6 69 0 1 15831571129879.398
a 6 70 0 1 8066799078696.507
a 6 71 0 1 20130921612291.785
a 6 72 0 1 17921057562226.203
a 6 73 0 1 10966585652955.926
a 6 74 0 1 17202726151697.791
a 6 75 0 1 23921256140125.473
a 6 76 0 1 19098898547170.19
a 6 77 0 1 19094529014743.105
a 6 78 0 1 10460177672175.709
a 6 79 0 1 14421247988339.865
a 6 80 0 1 14116144554104.99
a 6 81 0 1 20996827472228.242
a 7 15 0 1 11692253220147.396
a 7 16 0 1 12704392450940.025
a 7 17 0 1 13310954969120.93
a 7 18 0 1 5869374682025.863
a 7 19 0 1 8595157481880.035
a 7 20 0 1 11460400576217.523
a 7 21 0 1 7414588144163.1455
a 7 22 0 1 8715315699784.444
a 7 23 0 1 5736503454145.45
a 7 24 0 1 3137355318819.649
a 7 25 0 1 13544665657026.05
a 7 26 0 1 9171932988913.057
a 7 27 0 1 8634149244190.036
a 7 28 0 1 3571100842028.4497
a 7 29 0 1 9338460835402.768
a 7 30 0 1 12158168571725.365
a 7 31 0 1 5116108878868.983
a 7 32 0 1 7990924514427.706
a 7 33 0 1 5364308657058.06
a 7 34 0 1 10397652324207.541
a 7 35 0 1 14039238874972.098
a 7 36 0 1 6861147300457.236
a 7 37 0 1 6981400749098.961
a 7 38 0 1 13870707542524.447
a 7 39 0 1 4926486311654.032
a 7 40 0 1 7995204834181.238
a 7 41 0 1 11177416465899.06
a 7 42 0 1 6664604827020.228
a 7 43 0 1 13117439880730.299
a 7 44 0 1 13275396829123.32
a 7 45 0 1 4780946531729.695
a 7 46 0 1 13967610173576.498
a 7 47 0 1 11725583173352.447
a 7 48 0 1 12847495276814.12
a 7 49 0 1 7736443448249.374
a 7 50 0 1 10420164947596.072
a 7 51 0 1 8250013847376.476
a 7 52 0 1 10213711698110.49
a 7 53 0 1 11141804620580.035
a 7 54 0 1 9729406244371.0
a 7 55 0 1 4369921982359.3447
a 7 56 0 1 7387342617529.394
a 7 57 0 1 11821486089179.023
a 7 58 0 1 5059129980494.064
a 7 59 0 1 6131587784255.63
a 7 60 0 1 3240079737363.8613
a 7 61 0 1 4511464353943.873
a 7 62 0 1 5161282770057.732
a 7 63 0 1 12812879095843.3
a 7 64 0 1 9231121972882.158
a 7 65 0 1 7325459698599.693
a 7 66 0 1 5198827185886.116
a 7 67 0 1 9067152943273.193
a 7 68 0 1 4363511337011.381
a 7 69 0 1 8419161393791.46
a 7 70 0 1 4291684577901.5796
a 7 71 0 1 10703056298484.428
a 7 72 0 1 9529267815553.66
a 7 73 0 1 5833512469033.86
a 7 74 0 1 9147659542611.914
a 7 75 0 1 12715673339706.537
a 7 76 0 1 10154923135038.059
a 7 77 0 1 10152602237659.63
a 7 78 0 1 5564288104924.211
a 7 79 0 1 7669740660278.847
a 7 80 0 1 7507599095496.535
a 7 81 0 1 11162913356665.037
a 8 15 0 1 25981830799337.727
a 8 16 0 1 28234974225757.344
a 8 17 0 1 29585563833585.46
a 8 18 0 1 13031890006394.895
a 8 19 0 1 19091319381514.89
a 8 20 0 1 25465789599492.086
a 8 21 0 1 16466336563450.238
a 8 22 0 1 19358538805350.914
a 8 23 0 1 12736635417527.652
a 8 24 0 1 6963258865329.948
a 8 25 0 1 30106012555999.742
a 8 26 0 1 20374090873928.74
a 8 27 0 1 19178032028195.24
a 8 28 0 1 7926425969972.964
a 8 29 0 1 20744494176957.98
a 8 30 0 1 27018934328671.527
a 8 31 0 1 11358196021990.26
a 8 32 0 1 17747705016837.64
a 8 33 0 1 11909636110278.543
a 8 34 0 1 23100831781572.66
a 8 35 0 1 31207487567804.266
a 8 36 0 1 15236067468309.639
a 8 37 0 1 15503368084414.979
a 8 38 0 1 30832130400148.96
a 8 39 0 1 10936926321737.78
a 8 40 0 1 17757222228516.562
a 8 41 0 1 24835989356802.453
a 8 42 0 1 14799210297499.459
a 8 43 0 1 29154652418380.953
a 8 44 0 1 29506382667960.676
a 8 45 0 1 10613607159878.82
a 8 46 0 1 31047952161545.55
a 8 47 0 1 26056017025633.46
a 8 48 0 1 28553590253709.508
a 8 49 0 1 17181891703107.172
a 8 50 0 1 23150922282916.445
a 8 51 0 1 18323806026992.043
a 8 52 0 1 22691576504584.42
a 8 53 0 1 24756736353462.91
a 8 54 0 1 21614131619605.445
a 8 55 0 1 9700580407954.928
a 8 56 0 1 16405766742342.049
a 8 57 0 1 26269482827258.29
a 8 58 0 1 11231608076286.467
a 8 59 0 1 13614588962029.91
a 8 60 0 1 7191356155655.136
a 8 61 0 1 10014982735362.986
a 8 62 0 1 11458558654668.416
a 8 63 0 1 28476516730018.004
a 8 64 0 1 20505741309192.55
a 8 65 0 1 16268195891262.336
a 8 66 0 1 11541971886429.146
a 8 67 0 1 20141040415808.742
a 8 68 0 1 9686340997749.975
a 8 69 0 1 18699938653215.75
a 8 70 0 1 9526800205689.932
a 8 71 0 1 23780381574813.742
a 8 72 0 1 21168922265680.453
a 8 73 0 1 12952199108315.48
a 8 74 0 1 20320101567725.402
a 8 75 0 1 28260090466799.402
a 8 76 0 1 22560780461178.242
a 8 77 0 1 22555616844949.656
a 8 78 0 1 12353970258106.39
a 8 79 0 1 17033591404027.54
a 8 80 0 1 16673113703865.594
a 8 81 0 1 24803713062848.914
a 9 15 0 1 15545738266083.164
a 9 16 0 1 16892103482994.61
a 9 17 0 1 17699013160033.105
a 9 18 0 1 7802055019945.185
a 9 19 0 1 11426570939064.406
a 9 20 0 1 15237338429371.03
a 9 21 0 1 9856657388534.918
a 9 22 0 1 11586364460387.572
a 9 23 0 1 7625393243802.734
a 9 24 0 1 4169998489800.3096
a 9 25 0 1 18009928253356.887
a 9 26 0 1 12193614502125.346
a 9 27 0 1 11478424336239.469
a 9 28 0 1 4746586991270.259
a 9 29 0 1 12415083197147.275
a 9 30 0 1 16165494103932.877
a 9 31 0 1 6800557972249.384
a 9 32 0 1 10623048222634.64
a 9 33 0 1 7130543192597.756
a 9 34 0 1 13823788615376.045
a 9 35 0 1 18667897895511.203
a 9 36 0 1 9120743743725.969
a 9 37 0 1 9280642854100.303
a 9 38 0 1 18443684631092.473
a 9 39 0 1 6548456194322.593
a 9 40 0 1 10628740159339.273
a 9 41 0 1 14860933208470.178
a 9 42 0 1 8859407464974.082
a 9 43 0 1 17441576135051.93
a 9 44 0 1 17651709165084.613
a 9 45 0 1 6354964610807.753
a 9 46 0 1 18572603068548.13
a 9 47 0 1 15590072700068.146
a 9 48 0 1 17082469713224.617
a 9 49 0 1 10284644558024.045
a 9 50 0 1 13853731225595.012
a 9 51 0 1 10967586583501.438
a 9 52 0 1 13579142792839.174
a 9 53 0 1 14813565452812.64
a 9 54 0 1 12935020281787.123
a 9 55 0 1 5808529044858.333
a 9 56 0 1 9820428122965.54
a 9 57 0 1 15717640307244.26
a 9 58 0 1 6724804573937.333
a 9 59 0 1 8150691271413.57
a 9 60 0 1 4306550850630.772
a 9 61 0 1 5996700275752.318
a 9 62 0 1 6860616856001.294
a 9 63 0 1 17036420454448.324
a 9 64 0 1 12272330788146.22
a 9 65 0 1 9738140665336.932
a 9 66 0 1 6910532475890.067
a 9 67 0 1 12054266871506.643
a 9 68 0 1 5800006563263.232
a 9 69 0 1 11192523540077.867
a 9 70 0 1 5704518452002.145
a 9 71 0 1 14229991406664.387
a 9 72 0 1 12668844639225.898
a 9 73 0 1 7754373473950.107
a 9 74 0 1 12161332997081.691
a 9 75 0 1 16907110101422.967
a 9 76 0 1 13500953194202.04
a 9 77 0 1 13497866375887.625
a 9 78 0 1 7396423302139.117
a 9 79 0 1 10195945650181.246
a 9 80 0 1 9980337649353.354
a 9 81 0 1 14841642428128.045
a 10 15 0 1 29919718375112.098
a 10 16 0 1 32515635550782.0
a 10 17 0 1 34071790418173.85
a 10 18 0 1 15003652910921.033
a 10 19 0 1 21982214526211.734
a 10 20 0 1 29325199963095.2
a 10 21 0 1 18958876526826.44
a 10 22 0 1 22290001481203.484
a 10 23 0 1 14663649978300.248
a 10 24 0 1 8015972696757.373
a 10 25 0 1 34671473226941.93
a 10 26 0 1 23459754350227.47
a 10 27 0 1 22082091013094.418
a 10 28 0 1 9124905598080.736
a 10 29 0 1 23886409800305.555
a 10 30 0 1 31114572414452.844
a 10 31 0 1 13076342720248.678
a 10 32 0 1 20434664851172.176
a 10 33 0 1 13711330540200.367
a 10 34 0 1 26600727451727.08
a 10 35 0 1 35940674938574.98
a 10 36 0 1 17542002935336.486
a 10 37 0 1 17849841941424.953
a 10 38 0 1 35508154891209.52
a 10 39 0 1 12591255408175.29
a 10 40 0 1 20445626340490.215
a 10 41 0 1 28599637102486.156
a 10 42 0 1 17038898880095.348
a 10 43 0 1 33575284522412.12
a 10 44 0 1 33980555522740.867
a 10 45 0 1 12218961871635.037
a 10 46 0 1 35756843301609.61
a 10 47 0 1 30005187390486.855
a 10 48 0 1 32882739602321.06
a 10 49 0 1 19782993493536.902
a 10 50 0 1 26658430242293.758
a 10 51 0 1 21098198226014.344
a 10 52 0 1 26129281147145.582
a 10 53 0 1 28508334625618.254
a 10 54 0 1 24888138448122.07
a 10 55 0 1 11167658173841.652
a 10 56 0 1 18889118184236.652
a 10 57 0 1 30251119886146.844
a 10 58 0 1 12930577378274.232
a 10 59 0 1 15674675128639.447
a 10 60 0 1 8278586888199.335
a 10 61 0 1 11529672626037.652
a 10 62 0 1 13191910212095.662
a 10 63 0 1 32793936403257.645
a 10 64 0 1 23611397547727.977
a 10 65 0 1 18730678202499.207
a 10 66 0 1 13287960790129.24
a 10 67 0 1 23191313982065.457
a 10 68 0 1 11151262484943.3
a 10 69 0 1 21531422086439.07
a 10 70 0 1 10967562933442.61
a 10 71 0 1 27383557533751.95
a 10 72 0 1 24375301428557.76
a 10 73 0 1 14911883834380.418
a 10 74 0 1 23397566295669.3
a 10 75 0 1 32544573914278.992
a 10 76 0 1 25978610570147.984
a 10 77 0 1 25972662353627.844
a 10 78 0 1 14222993872088.723
a 10 79 0 1 19612191836405.75
a 10 80 0 1 19197023143246.766
a 10 81 0 1 28562453552575.254
a 11 15 0 1 12113650042434.102
a 11 16 0 1 13162322773896.803
a 11 17 0 1 13790783594853.984
a 11 18 0 1 6080764047945.976
a 11 19 0 1 8904818388156.111
a 11 20 0 1 11873429842317.107
a 11 21 0 1 7681678618573.941
a 11 22 0 1 9029310092237.559
a 11 23 0 1 5943104100858.022
a 11 24 0 1 3250312400274.9175
a 11 25 0 1 14032932622174.293
a 11 26 0 1 9502396341087.383
a 11 27 0 1 8945216368285.746
a 11 28 0 1 3699681114249.584
a 11 29 0 1 9674930846371.55
a 11 30 0 1 12596381667144.812
a 11 31 0 1 5300352326432.006
a 11 32 0 1 8278795741894.565
a 11 33 0 1 5557496098885.233
a 11 34 0 1 10772332954517.625
a 11 35 0 1 14545364412585.967
a 11 36 0 1 7108285246557.735
a 11 37 0 1 7232873822234.8545
a 11 38 0 1 14370747335985.504
a 11 39 0 1 5103896978787.583
a 11 40 0 1 8283230406286.554
a 11 41 0 1 11580233469627.133
a 11 42 0 1 6904657700681.014
a 11 43 0 1 13590281822215.229
a 11 44 0 1 13753941636732.473
a 11 45 0 1 4953113088839.086
a 11 46 0 1 14471149135844.559
a 11 47 0 1 12148182910875.145
a 11 48 0 1 13310591655491.26
a 11 49 0 1 8015138591245.506
a 11 50 0 1 10795657831677.104
a 11 51 0 1 8547227896625.838
a 11 52 0 1 10581755927797.453
a 11 53 0 1 11543336521455.453
a 11 54 0 1 10079978592495.531
a 11 55 0 1 4527279427657.24
a 11 56 0 1 7653450780517.77
a 11 57 0 1 12247547123405.049
a 11 58 0 1 5241320241735.7
a 11 59 0 1 6352427834976.285
a 11 60 0 1 3356736729795.0835
a 11 61 0 1 4673921371602.039
a 11 62 0 1 5347154040346.542
a 11 63 0 1 13274725803642.844
a 11 64 0 1 9563720244149.924
a 11 65 0 1 7589336755813.734
a 11 66 0 1 5386051367219.289
a 11 67 0 1 9393837001904.676
a 11 68 0 1 4520637819859.944
a 11 69 0 1 8722475254592.91
a 11 70 0 1 4446223313565.392
a 11 71 0 1 11088756253214.492
a 11 72 0 1 9872620526935.34
a 11 73 0 1 6043609335003.718
a 11 74 0 1 9477247371596.79
a 11 75 0 1 13174010899789.572
a 11 76 0 1 10520846391403.754
a 11 77 0 1 10518441761317.857
a 11 78 0 1 5764682284266.233
a 11 79 0 1 7946030724666.862
a 11 80 0 1 7778043038962.059
a 11 81 0 1 11565206994254.6
a 12 15 0 1 19964007354561.67
a 12 16 0 1 21693981036107.957
a 12 17 0 1 22730869916074.113
a 12 18 0 1 10016945757941.879
a 12 19 0 1 14672148859713.559
a 12 20 0 1 19567759265658.21
a 12 21 0 1 12655670466665.0
a 12 22 0 1 14877407574411.045
a 12 23 0 1 9790075702126.916
a 12 24 0 1 5353165273493.244
a 12 25 0 1 23130414298749.145
a 12 26 0 1 15657454813488.965
a 12 27 0 1 14738755590299.836
a 12 28 0 1 6093465847512.979
a 12 29 0 1 15941951680938.87
a 12 30 0 1 20760326005984.17
a 12 31 0 1 8730852271295.393
a 12 32 0 1 13640036701792.291
a 12 33 0 1 9154600419224.223
a 12 34 0 1 17751659769615.844
a 12 35 0 1 23975971301766.977
a 12 36 0 1 11710496175868.201
a 12 37 0 1 11915859508142.54
a 12 38 0 1 23687830659743.35
a 12 39 0 1 8407123750140.186
a 12 40 0 1 13647347712982.234
a 12 41 0 1 19084145196246.004
a 12 42 0 1 11374858604708.316
a 12 43 0 1 22400054201522.812
a 12 44 0 1 22670082184384.78
a 12 45 0 1 8158661276983.809
a 12 46 0 1 23853505626541.734
a 12 47 0 1 20020971191342.598
a 12 48 0 1 21938599039382.05
a 12 49 0 1 13205378828993.057
a 12 50 0 1 17790127669493.84
a 12 51 0 1 14082584097365.902
a 12 52 0 1 17437360974924.979
a 12 53 0 1 19023286861979.57
a 12 54 0 1 16609874817430.38
a 12 55 0 1 7457000542732.316
a 12 56 0 1 12609138166263.502
a 12 57 0 1 20184879482695.656
a 12 58 0 1 8633575380698.32
a 12 59 0 1 10464674107059.63
a 12 60 0 1 5528486731984.233
a 12 61 0 1 7698622474517.804
a 12 62 0 1 8807975773998.254
a 12 63 0 1 21879426091223.785
a 12 64 0 1 15758572635325.664
a 12 65 0 1 12503449856556.654
a 12 66 0 1 8872074222957.363
a 12 67 0 1 15478452107335.605
a 12 68 0 1 7446057290613.709
a 12 69 0 1 14371513088327.338
a 12 70 0 1 7323446650753.798
a 12 71 0 1 18273523458980.36
a 12 72 0 1 16267936622147.697
a 12 73 0 1 9955712587469.432
a 12 74 0 1 15615986601895.68
a 12 75 0 1 21713264224679.895
a 12 76 0 1 17336911123347.79
a 12 77 0 1 17332945511285.057
a 12 78 0 1 9496035105737.752
a 12 79 0 1 13091452345836.104
a 12 80 0 1 12814524285305.244
a 12 81 0 1 19059360280371.797
a 13 15 0 1 24930079085168.926
a 13 16 0 1 27091729850112.96
a 13 17 0 1 28387454671580.492
a 13 18 0 1 12505110159583.19
a 13 19 0 1 18319085994297.01
a 13 20 0 1 24434986193659.723
a 13 21 0 1 15800475532019.361
a 13 22 0 1 18575473407465.242
a 13 23 0 1 12221807260987.947
a 13 24 0 1 6681976170760.065
a 13 25 0 1 28886756918891.45
a 13 26 0 1 19549853208122.832
a 13 27 0 1 18402283725886.258
a 13 28 0 1 7606201802044.093
a 13 29 0 1 19905237410311.805
a 13 30 0 1 25925074945665.996
a 13 31 0 1 10899155770670.914
a 13 32 0 1 17029926711876.28
a 13 33 0 1 11428280132214.719
a 13 34 0 1 22166001532841.46
a 13 35 0 1 29943469620820.016
a 13 36 0 1 14620039486965.217
a 13 37 0 1 14876514025980.4
a 13 38 0 1 29583367634808.496
a 13 39 0 1 10494932218467.027
a 13 40 0 1 17039058259195.746
a 13 41 0 1 23830748987377.08
a 13 42 0 1 14200874312561.895
a 13 43 0 1 27974049880294.1
a 13 44 0 1 28311490521546.688
a 13 45 0 1 10184694683357.873
a 13 46 0 1 29790418171244.344
a 13 47 0 1 25001253580498.168
a 13 48 0 1 27397404265214.44
a 13 49 0 1 16487040298250.91
a 13 50 0 1 22214059814240.773
a 13 51 0 1 17582681017060.334
a 13 52 0 1 21773349294676.418
a 13 53 0 1 23754712541615.53
a 13 54 0 1 20739607992374.297
a 13 55 0 1 9308604325604.152
a 13 56 0 1 15742359457791.375
a 13 57 0 1 25206053056522.785
a 13 58 0 1 10777690213566.93
a 13 59 0 1 13064219599001.176
a 13 60 0 1 6900852087958.666
a 13 61 0 1 9610288383471.854
a 13 62 0 1 10995457121750.428
a 13 63 0 1 27323461413643.707
a 13 64 0 1 19676165626688.49
a 13 65 0 1 15610361623970.02
a 13 66 0 1 11075494879075.576
a 13 67 0 1 19326251842363.652
a 13 68 0 1 9294940910123.766
a 13 69 0 1 17943569127064.723
a 13 70 0 1 9141853537776.664
a 13 71 0 1 22817979418639.613
a 13 72 0 1 20312454291936.984
a 13 73 0 1 12428645167713.523
a 13 74 0 1 19498052955892.516
a 13 75 0 1 27115825947464.42
a 13 76 0 1 21647859187119.87
a 13 77 0 1 21642905037510.68
a 13 78 0 1 11854630947951.52
a 13 79 0 1 16344748691185.87
a 13 80 0 1 15998875666552.438
a 13 81 0 1 23799782663926.16
a 14 15 0 1 14247167612073.766
a 14 16 0 1 15480867333571.541
a 14 17 0 1 16220238477499.562
a 14 18 0 1 7150864223461.267
a 14 19 0 1 10472498580640.062
a 14 20 0 1 13964570547697.271
a 14 21 0 1 9033802814223.89
a 14 22 0 1 10618933673073.62
a 14 23 0 1 6988959214578.006
a 14 24 0 1 3822087087258.0605
a 14 25 0 1 16505126834171.238
a 14 26 0 1 11175414679040.887
a 14 27 0 1 10520017183609.16
a 14 28 0 1 4350545545327.9814
a 14 29 0 1 11378365902782.459
a 14 30 0 1 14815065495415.414
a 14 31 0 1 6233016129335.343
a 14 32 0 1 9736141980327.334
a 14 33 0 1 6535441645238.544
a 14 34 0 1 12669266188381.52
a 14 35 0 1 17108012135378.654
a 14 36 0 1 8359383936268.935
a 14 37 0 1 8505922292977.524
a 14 38 0 1 16902570565346.783
a 14 39 0 1 6001968093660.945
a 14 40 0 1 9741358170554.682
a 14 41 0 1 13619655604757.863
a 14 42 0 1 8119883266578.897
a 14 43 0 1 15984350242154.717
a 14 44 0 1 16176894155532.957
a 14 45 0 1 5824634787300.743
a 14 46 0 1 17020695737794.715
a 14 47 0 1 14287792595728.74
a 14 48 0 1 15655300901093.664
a 14 49 0 1 9426021923737.752
a 14 50 0 1 12696704422217.535
a 14 51 0 1 10051881923357.836
a 14 52 0 1 12445081757380.592
a 14 53 0 1 13576250485706.518
a 14 54 0 1 11854826535080.055
a 14 55 0 1 5323827914053.491
a 14 56 0 1 9000601179313.244
a 14 57 0 1 14404686461484.996
a 14 58 0 1 6163589232219.262
a 14 59 0 1 7470376862051.549
a 14 60 0 1 3947241430481.5176
a 14 61 0 1 5496286985575.243
a 14 62 0 1 6288059158309.962
a 14 63 0 1 15613105784290.445
a 14 64 0 1 11247549427149.348
a 14 65 0 1 8925190287090.852
a 14 66 0 1 6333805995995.263
a 14 67 0 1 11047717758342.82
a 14 68 0 1 5316017038633.26
a 14 69 0 1 10258016277911.904
a 14 70 0 1 5228501861448.734
a 14 71 0 1 13041493148839.312
a 14 72 0 1 11610908744095.314
a 14 73 0 1 7107165627642.542
a 14 74 0 1 11145832227420.12
a 14 75 0 1 15494617999373.686
a 14 76 0 1 12373431463138.994
a 14 77 0 1 12370602805396.023
a 14 78 0 1 6779114584586.568
a 14 79 0 1 9344736091923.268
a 14 80 0 1 9147147108757.836
a 14 81 0 1 13601978634859.986
a 15 1 0 3 0
a 16 1 0 3 0
a 17 1 0 3 0
a 18 1 0 3 0
a 19 1 0 3 0
a 20 1 0 3 0
a 21 1 0 3 0
a 22 1 0 3 0
a 23 1 0 3 0
a 24 1 0 3 0
a 25 1 0 3 0
a 26 1 0 3 0
a 27 1 0 3 0
a 28 1 0 3 0
a 29 1 0 3 0
a 30 1 0 3 0
a 31 1 0 3 0
a 32 1 0 3 0
a 33 1 0 3 0
a 34 1 0 3 0
a 35 1 0 3 0
a 36 1 0 3 0
a 37 1 0 3 0
a 38 1 0 3 0
a 39 1 0 3 0
a 40 1 0 3 0
a 41 1 0 3 0
a 42 1 0 3 0
a 43 1 0 3 0
a 44 1 0 3 0
a 45 1 0 3 0
a 46 1 0 3 0
a 47 1 0 3 0
a 48 1 0 3 0
a 49 1 0 3 0
a 50 1 0 3 0
a 51 1 0 3 0
a 52 1 0 3 0
a 53 1 0 3 0
a 54 1 0 3 0
a 55 1 0 3 0
a 56 1 0 3 0
a 57 1 0 3 0
a 58 1 0 3 0
a 59 1 0 3 0
a 60 1 0 3 0
a 61 1 0 3 0
a 62 1 0 3 0
a 63 1 0 3 0
a 64 1 0 3 0
a 65 1 0 3 0
a 66 1 0 3 0
a 67 1 0 3 0
a 68 1 0 3 0
a 69 1 0 3 0
a 70 1 0 3 0
a 71 1 0 3 0
a 72 1 0 3 0
a 73 1 0 3 0
a 74 1 0 3 0
a 75 1 0 3 0
a 76 1 0 3 0
a 77 1 0 3 0
a 78 1 0 3 0
a 79 1 0 3 0
a 80 1 0 3 0
a 81 1 0 3 0
