p min 82 951
n 0 13
n 1 -13
a 0 2 0 1 0
a 0 3 0 1 0
a 0 4 0 1 0
a 0 5 0 1 0
a 0 6 0 1 0
a 0 7 0 1 0
a 0 8 0 1 0
a 0 9 0 1 0
a 0 10 0 1 0
a 0 11 0 1 0
a 0 12 0 1 0
a 0 13 0 1 0
a 0 14 0 1 0
a 2 15 0 1 10467402315778.2
a 2 16 0 1 7493603894314.4
a 2 17 0 1 4732353775421.047
a 2 18 0 1 9392832403175.547
a 2 19 0 1 3372761145353.0986
a 2 20 0 1 7105781281708.8125
a 2 21 0 1 5320498280894.663
a 2 22 0 1 4910231924331.539
a 2 23 0 1 8304179192205.353
a 2 24 0 1 3879206753457.063
a 2 25 0 1 5193341590334.89
a 2 26 0 1 11330928259879.982
a 2 27 0 1 8066940969235.022
a 2 28 0 1 10264634826027.164
a 2 29 0 1 2829232151808.622
a 2 30 0 1 3497781212056.551
a 2 31 0 1 3644415394493.7266
a 2 32 0 1 3014498260994.405
a 2 33 0 1 5870017822986.682
a 2 34 0 1 7936849924447.298
a 2 35 0 1 7613744632710.843
a 2 36 0 1 9602986187210.947
a 2 37 0 1 6006353753236.502
a 2 38 0 1 4993857986635.847
a 2 39 0 1 4063993918221.749
a 2 40 0 1 6398400901857.372
a 2 41 0 1 4326173285312.3105
a 2 42 0 1 8136972490203.328
a 2 43 0 1 5219788523020.285
a 2 44 0 1 4390533952274.5225
a 2 45 0 1 7639970633928.912
a 2 46 0 1 7122475774018.632
a 2 47 0 1 2529211012079.06
a 2 48 0 1 3552174913232.321
a 2 49 0 1 9584031293473.545
a 2 50 0 1 5616827200884.421
a 2 51 0 1 5572899539857.739
a 2 52 0 1 2449955956332.065
a 2 53 0 1 11485469054227.19
a 2 54 0 1 11888778186406.152
a 2 55 0 1 11868287725303.63
a 2 56 0 1 4797217032983.042
a 2 57 0 1 4377690174346.681
a 2 58 0 1 6533147515574.825
a 2 59 0 1 10688453796793.695
a 2 60 0 1 9135797929709.213
a 2 61 0 1 4092696963650.233
a 2 62 0 1 4582934127678.568
a 2 63 0 1 7778458057248.681
a 2 64 0 1 2835031601094.323
a 2 65 0 1 5437457762025.298
a 2 66 0 1 4319246819969.4316
a 2 67 0 1 3468988791250.189
a 2 68 0 1 8932107745703.059
a 2 69 0 1 2883018367430.3574
a 2 70 0 1 3470540075660.617
a 2 71 0 1 9637290400131.385
a 2 72 0 1 2669020617077.488
a 2 73 0 1 8940135379431.8
a 2 74 0 1 6063617475703.607
a 2 75 0 1 10231947798618.846
a 2 76 0 1 11493047476506.787
a 2 77 0 1 7591972125557.691
a 2 78 0 1 10912748984439.795
a 2 79 0 1 8031483054478.707
a 2 80 0 1 9589868073243.578
a 2 81 0 1 3743712667786.439
a 3 15 0 1 11663820552083.05
a 3 16 0 1 8349791799152.623
a 3 17 0 1 5272861220704.062
a 3 18 0 1 10466279840389.22
a 3 19 0 1 3757915050230.317
a 3 20 0 1 7917617788829.45
a 3 21 0 1 5928226717305.022
a 3 22 0 1 5471068584688.572
a 3 23 0 1 9253078749409.396
a 3 24 0 1 4322223216335.934
a 3 25 0 1 5786536006289.879
a 3 26 0 1 12626190585430.145
a 3 27 0 1 8988703793279.428
a 3 28 0 1 11437846317835.527
a 3 29 0 1 3152295001677.406
a 3 30 0 1 3897218243863.1294
a 3 31 0 1 4060605477895.9233
a 3 32 0 1 3358724360001.362
a 3 33 0 1 6540561842252.084
a 3 34 0 1 8843732854535.846
a 3 35 0 1 8483672728959.598
a 3 36 0 1 10700480373138.4
a 3 37 0 1 6692483704991.745
a 3 38 0 1 5564252365298.007
a 3 39 0 1 4528124605464.514
a 3 40 0 1 7129352747614.58
a 3 41 0 1 4820262933226.58
a 3 42 0 1 9066745768487.484
a 3 43 0 1 5816005786556.275
a 3 44 0 1 4891978334029.696
a 3 45 0 1 8512898187715.761
a 3 46 0 1 7936221372539.687
a 3 47 0 1 2818004092376.674
a 3 48 0 1 3957826387567.5103
a 3 49 0 1 10679356521319.512
a 3 50 0 1 6258427898027.627
a 3 51 0 1 6209478866261.354
a 3 52 0 1 2729696606665.566
a 3 53 0 1 12798423308606.508
a 3 54 0 1 13247906832750.408
a 3 55 0 1 13225070327430.979
a 3 56 0 1 5345137417987.003
a 3 57 0 1 4877666839918.19
a 3 58 0 1 7279505688472.195
a 3 59 0 1 11910172756651.78
a 3 60 0 1 10179836080073.11
a 3 61 0 1 4560107419485.493
a 3 62 0 1 5106365520426.413
a 3 63 0 1 8667224698381.428
a 3 64 0 1 3158756916239.9507
a 3 65 0 1 6058555095663.633
a 3 66 0 1 4812544962053.012
a 3 67 0 1 3865136344109.469
a 3 68 0 1 9952841516396.707
a 3 69 0 1 3212225200608.5938
a 3 70 0 1 3866864859173.449
a 3 71 0 1 10738709952736.465
a 3 72 0 1 2973783053675.7417
a 3 73 0 1 9961787575963.406
a 3 74 0 1 6756293982563.091
a 3 75 0 1 11401418372303.133
a 3 76 0 1 12806869331555.938
a 3 77 0 1 8459410123982.932
a 3 78 0 1 12160141397314.672
a 3 79 0 1 8949190131118.531
a 3 80 0 1 10685861187151.652
a 3 81 0 1 4171247887759.8735
a 4 15 0 1 9774545561851.08
a 4 16 0 1 6997746972424.867
a 4 17 0 1 4419303639698.122
a 4 18 0 1 8771175268261.989
a 4 19 0 1 3149682094870.6255
a 4 20 0 1 6635606457989.055
a 4 21 0 1 4968519513217.331
a 4 22 0 1 4585408750680.3
a 4 23 0 1 7754638044972.512
a 4 24 0 1 3622616722812.3823
a 4 25 0 1 4849779599979.018
a 4 26 0 1 10580843466669.668
a 4 27 0 1 7533113026264.711
a 4 28 0 1 9585214444090.742
a 4 29 0 1 2642113790974.502
a 4 30 0 1 3266430052770.038
a 4 31 0 1 3403361718082.3813
a 4 32 0 1 2815122889918.0796
a 4 33 0 1 5481662517918.142
a 4 34 0 1 7411638073830.387
a 4 35 0 1 7109931406484.451
a 4 36 0 1 8967405827032.666
a 4 37 0 1 5608972755033.908
a 4 38 0 1 4663499785276.19
a 4 39 0 1 3795175804013.7075
a 4 40 0 1 5975064176050.149
a 4 41 0 1 4040004911552.598
a 4 42 0 1 7598506172356.08
a 4 43 0 1 4874475971745.381
a 4 44 0 1 4100106229305.8345
a 4 45 0 1 7134420566948.636
a 4 46 0 1 6651195464258.538
a 4 47 0 1 2361940697599.767
a 4 48 0 1 3317224657373.64
a 4 49 0 1 8949706769259.285
a 4 50 0 1 5245232885814.0205
a 4 51 0 1 5204213103297.638
a 4 52 0 1 2287928585327.7505
a 4 53 0 1 10725141332410.398
a 4 54 0 1 11101717624211.53
a 4 55 0 1 11082585403536.668
a 4 56 0 1 4479873911765.543
a 4 57 0 1 4088112449380.3755
a 4 58 0 1 6100889300368.697
a 4 59 0 1 9980948416227.506
a 4 60 0 1 8531169130297.746
a 4 61 0 1 3821979413979.7393
a 4 62 0 1 4279773128383.0566
a 4 63 0 1 7263736372457.912
a 4 64 0 1 2647529562218.4683
a 4 65 0 1 5077736989266.937
a 4 66 0 1 4033536831897.033
a 4 67 0 1 3239542738143.639
a 4 68 0 1 8340972595442.029
a 4 69 0 1 2692341617640.718
a 4 70 0 1 3240991379122.453
a 4 71 0 1 8999437238451.623
a 4 72 0 1 2492501288593.3145
a 4 73 0 1 8348468442157.245
a 4 74 0 1 5662445433254.654
a 4 75 0 1 9554693365194.914
a 4 76 0 1 10732217449836.467
a 4 77 0 1 7089600795954.958
a 4 78 0 1 10190379311868.87
a 4 79 0 1 7500003557374.526
a 4 80 0 1 8955156840049.607
a 4 81 0 1 3496088497698.7793
a 5 15 0 1 11793789322487.438
a 5 16 0 1 8442796781385.014
a 5 17 0 1 5331572468042.676
a 5 18 0 1 10582888271644.607
a 5 19 0 1 3799750584569.844
a 5 20 0 1 8005804519872.743
a 5 21 0 1 5994240240328.595
a 5 22 0 1 5531988199412.689
a 5 23 0 1 9356155924787.844
a 5 24 0 1 4370344154722.7324
a 5 25 0 1 5850970675207.893
a 5 26 0 1 12766898717977.28
a 5 27 0 1 9088832809516.816
a 5 28 0 1 11565293726036.047
a 5 29 0 1 3187385908630.017
a 5 30 0 1 3940605294892.991
a 5 31 0 1 4105812350470.524
a 5 32 0 1 3396114108293.5977
a 5 33 0 1 6613399190823.854
a 5 34 0 1 8942245314355.584
a 5 35 0 1 8578170430426.263
a 5 36 0 1 10819701364969.895
a 5 37 0 1 6767014212231.26
a 5 38 0 1 5626210241156.93
a 5 39 0 1 4578539130130.277
a 5 40 0 1 7208752463900.368
a 5 41 0 1 4873931847343.171
a 5 42 0 1 9167745045565.227
a 5 43 0 1 5880768831804.808
a 5 44 0 1 4946446183812.662
a 5 45 0 1 8607721747635.77
a 5 46 0 1 8024615502504.565
a 5 47 0 1 2849372498823.2866
a 5 48 0 1 4001888489415.2275
a 5 49 0 1 10798341865901.824
a 5 50 0 1 6328121042154.391
a 5 51 0 1 6278626525399.197
a 5 52 0 1 2760081712400.2285
a 5 53 0 1 12941053689193.342
a 5 54 0 1 13395554154047.719
a 5 55 0 1 13372462744872.357
a 5 56 0 1 5404653933373.11
a 5 57 0 1 4931975253382.923
a 5 58 0 1 7360579077989.336
a 5 59 0 1 12042890412540.412
a 5 60 0 1 10293249359248.113
a 5 61 0 1 4610878218458.8
a 5 62 0 1 5163221801041.694
a 5 63 0 1 8763769007089.382
a 5 64 0 1 3193919782775.422
a 5 65 0 1 6126020908749.247
a 5 66 0 1 4866127895956.155
a 5 67 0 1 3908166072216.518
a 5 68 0 1 10063722924038.654
a 5 69 0 1 3247983491649.651
a 5 70 0 1 3909913839128.54
a 5 71 0 1 10858357417808.635
a 5 72 0 1 3006886102601.672
a 5 73 0 1 10072768764403.293
a 5 74 0 1 6831535668799.766
a 5 75 0 1 11528459339301.064
a 5 76 0 1 12949593978157.748
a 5 77 0 1 8553637303580.79
a 5 78 0 1 12295648453330.88
a 5 79 0 1 9048878529056.826
a 5 80 0 1 10804919094447.03
a 5 81 0 1 4217687144650.922
a 6 15 0 1 8543046500456.432
a 6 16 0 1 6116344294259.935
a 6 17 0 1 3862813762973.496
a 6 18 0 1 7666202845238.545
a 6 19 0 1 2753116846055.2324
a 6 20 0 1 5799847726700.387
a 6 21 0 1 4342836402257.058
a 6 22 0 1 4007992845892.5396
a 6 23 0 1 6777826583141.908
a 6 24 0 1 3166484249959.1235
a 6 25 0 1 4239056643882.078
a 6 26 0 1 9247650404343.352
a 6 27 0 1 6584227076918.518
a 6 28 0 1 8377592302356.819
a 6 29 0 1 2309471651375.214
a 6 30 0 1 2855160652273.478
a 6 31 0 1 2974845631543.3643
a 6 32 0 1 2460692732598.32
a 6 33 0 1 4791323919780.53
a 6 34 0 1 6478064766149.0
a 6 35 0 1 6214388402864.255
a 6 36 0 1 7837690418400.909
a 6 37 0 1 4902592165092.472
a 6 38 0 1 4076245680288.208
a 6 39 0 1 3317307698956.9673
a 6 40 0 1 5222551183202.301
a 6 41 0 1 3531296708663.8745
a 6 42 0 1 6641376872254.746
a 6 43 0 1 4260641525670.9663
a 6 44 0 1 3583827082697.257
a 6 45 0 1 6235790776252.398
a 6 46 0 1 5813471973616.697
a 6 47 0 1 2064580736692.5269
a 6 48 0 1 2899557678910.6245
a 6 49 0 1 7822223099663.608
a 6 50 0 1 4584685005937.177
a 6 51 0 1 4548833673151.726
a 6 52 0 1 1999888632518.7512
a 6 53 0 1 9373747018827.016
a 6 54 0 1 9702820744587.863
a 6 55 0 1 9686102011641.205
a 6 56 0 1 3915753434479.617
a 6 57 0 1 3573344162695.4067
a 6 58 0 1 5332519878455.638
a 6 59 0 1 8723418448495.858
a 6 60 0 1 7456458088660.159
a 6 61 0 1 3340735044447.6475
a 6 62 0 1 3740860854063.7417
a 6 63 0 1 6348806450317.562
a 6 64 0 1 2314205395312.6147
a 6 65 0 1 4438293148742.83
a 6 66 0 1 3525643405468.905
a 6 67 0 1 2831659767138.2017
a 6 68 0 1 7290241610342.7295
a 6 69 0 1 2353374080922.3633
a 6 70 0 1 2832925953749.593
a 6 71 0 1 7865682851596.714
a 6 72 0 1 2178700088833.4624
a 6 73 0 1 7296792395025.228
a 6 74 0 1 4949326784460.754
a 6 75 0 1 8350920211615.051
a 6 76 0 1 9379930564821.072
a 6 77 0 1 6196620394793.511
a 6 78 0 1 8906435445307.04
a 6 79 0 1 6555291290999.646
a 6 80 0 1 7826985951908.426
a 6 81 0 1 3055893106661.1714
a 7 15 0 1 22671221429274.082
a 7 16 0 1 16223824674677.424
a 7 17 0 1 10241859147225.97
a 7 18 0 1 20340885855165.57
a 7 19 0 1 7298069761825.907
a 7 20 0 1 15383378863102.02
a 7 21 0 1 11515642223536.414
a 7 22 0 1 10627080292424.424
a 7 23 0 1 17980695771985.39
a 7 24 0 1 8394500083933.452
a 7 25 0 1 11240233611154.732
a 7 26 0 1 24544370968250.848
a 7 27 0 1 17466457183695.969
a 7 28 0 1 22231443879750.188
a 7 29 0 1 6121521372527.127
a 7 30 0 1 7568718332338.637
a 7 31 0 1 7886169592717.157
a 7 32 0 1 6522537830136.218
a 7 33 0 1 12705954447255.121
a 7 34 0 1 17184485200909.828
a 7 35 0 1 16484198023945.662
a 7 36 0 1 20796576901576.836
a 7 37 0 1 13001298390411.775
a 7 38 0 1 10808191116144.719
a 7 39 0 1 8794592478256.057
a 7 40 0 1 13850648716263.938
a 7 41 0 1 9362284832455.03
a 7 42 0 1 17618254396564.363
a 7 43 0 1 11297514235076.229
a 7 44 0 1 9501649953538.572
a 7 45 0 1 16541037079382.975
a 7 46 0 1 15419555496540.729
a 7 47 0 1 5472154967001.355
a 7 48 0 1 7686474881973.22
a 7 49 0 1 20755474631852.64
a 7 50 0 1 12157497369859.734
a 7 51 0 1 12062345838022.355
a 7 52 0 1 5300623873803.028
a 7 53 0 1 24879644848058.38
a 7 54 0 1 25754683543351.176
a 7 55 0 1 25710224171466.965
a 7 56 0 1 10382327886930.287
a 7 57 0 1 9473838137365.078
a 7 58 0 1 14142591095769.688
a 7 59 0 1 23150682035604.836
a 7 60 0 1 19783575175804.777
a 7 61 0 1 8856740729043.635
a 7 62 0 1 9918283260510.129
a 7 63 0 1 16841184574704.201
a 7 64 0 1 6134074227769.831
a 7 65 0 1 11768973006251.715
a 7 66 0 1 9347286565746.56
a 7 67 0 1 7506386513921.898
a 7 68 0 1 19341954720999.223
a 7 69 0 1 6237941896153.264
a 7 70 0 1 7509744829137.772
a 7 71 0 1 20870963555148.96
a 7 72 0 1 5774752680136.689
a 7 73 0 1 19359358966535.82
a 7 74 0 1 13125351772568.068
a 7 75 0 1 22160552015536.688
a 7 76 0 1 24896086477689.297
a 7 77 0 1 16437011235982.807
a 7 78 0 1 23637207402643.89
a 7 79 0 1 17389601273113.006
a 7 80 0 1 20768131230005.516
a 7 81 0 1 8101147327007.112
a 8 15 0 1 26760895198033.438
a 8 16 0 1 19147883519715.81
a 8 17 0 1 12086273254266.775
a 8 18 0 1 24009026029734.715
a 8 19 0 1 8611823232773.159
a 8 20 0 1 18155645275985.582
a 8 21 0 1 13589805793771.586
a 8 22 0 1 12540967503839.857
a 8 23 0 1 21222174136139.645
a 8 24 0 1 9905851374380.96
a 8 25 0 1 13264715593431.395
a 8 26 0 1 28973071807348.273
a 8 27 0 1 20615010723739.97
a 8 28 0 1 26241545991370.555
a 8 29 0 1 7223303683387.288
a 8 30 0 1 8931242405288.242
a 8 31 0 1 9305902636946.514
a 8 32 0 1 7696561085438.756
a 8 33 0 1 14994883931555.191
a 8 34 0 1 20282090870156.19
a 8 35 0 1 19455289785878.297
a 8 36 0 1 24547125864472.62
a 8 37 0 1 15343527016345.338
a 8 38 0 1 12754743459506.58
a 8 39 0 1 10378062772137.834
a 8 40 0 1 16346178900373.55
a 8 41 0 1 11048098464611.182
a 8 42 0 1 20794236905719.336
a 8 43 0 1 13332328893494.666
a 8 44 0 1 11212590685010.875
a 8 45 0 1 19522396489086.72
a 8 46 0 1 18198355036034.008
a 8 47 0 1 6456974127683.316
a 8 48 0 1 9070219687405.914
a 8 49 0 1 24498590095256.688
a 8 50 0 1 14347461088721.58
a 8 51 0 1 14235141539677.729
a 8 52 0 1 6254550491680.195
a 8 53 0 1 29369046156841.547
a 8 54 0 1 30402534421653.258
a 8 55 0 1 30350023561286.04
a 8 56 0 1 12252074131006.805
a 8 57 0 1 11179764408582.365
a 8 58 0 1 16690822930677.05
a 8 59 0 1 27327118404082.332
a 8 60 0 1 23350943185309.145
a 8 61 0 1 10451414313722.047
a 8 62 0 1 11704347361354.795
a 8 63 0 1 19876766530578.375
a 8 64 0 1 7238117748211.733
a 8 65 0 1 13888838778183.043
a 8 66 0 1 11030396113628.812
a 8 67 0 1 8857678137539.305
a 8 68 0 1 22829480359109.574
a 8 69 0 1 7360695923294.759
a 8 70 0 1 8861641630081.932
a 8 71 0 1 24634965834300.85
a 8 72 0 1 6814072834351.684
a 8 73 0 1 22850031008046.6
a 8 74 0 1 15489968924899.73
a 8 75 0 1 26157828116658.95
a 8 76 0 1 29388464643396.387
a 8 77 0 1 19399579097162.023
a 8 78 0 1 27901696365254.348
a 8 79 0 1 20524267780341.71
a 8 80 0 1 24513535677758.06
a 8 81 0 1 9559625042754.912
a 9 15 0 1 18870259317753.13
a 9 16 0 1 13505487065463.805
a 9 17 0 1 8526796983112.38
a 9 18 0 1 16931379948775.568
a 9 19 0 1 6076308066219.211
a 9 20 0 1 12806067493283.344
a 9 21 0 1 9587041751269.13
a 9 22 0 1 8847444757187.693
a 9 23 0 1 14967483009800.914
a 9 24 0 1 6989038481674.747
a 9 25 0 1 9357807339894.832
a 9 26 0 1 20428625308191.383
a 9 27 0 1 14539565060208.617
a 9 28 0 1 18504370194420.406
a 9 29 0 1 5096839916661.328
a 9 30 0 1 6301614783855.091
a 9 31 0 1 6565880322118.745
a 9 32 0 1 5430688252774.683
a 9 33 0 1 10577761683333.402
a 9 34 0 1 14304921585245.846
a 9 35 0 1 13722165334424.773
a 9 36 0 1 17310536500156.46
a 9 37 0 1 10823575120414.135
a 9 38 0 1 8998194913280.297
a 9 39 0 1 7322088332615.856
a 9 40 0 1 11530469956473.408
a 9 41 0 1 7794644988210.548
a 9 42 0 1 14665882315558.236
a 9 43 0 1 9405484662977.764
a 9 44 0 1 7910653274389.967
a 9 45 0 1 13769465538901.297
a 9 46 0 1 12836174179833.74
a 9 47 0 1 4556227977153.226
a 9 48 0 1 6399642801769.683
a 9 49 0 1 17276337737569.658
a 9 50 0 1 10121275885102.197
a 9 51 0 1 10042079418408.014
a 9 52 0 1 4413422276193.268
a 9 53 0 1 20707544356143.23
a 9 54 0 1 21435484281796.137
a 9 55 0 1 21398499366977.633
a 9 56 0 1 8643719955855.419
a 9 57 0 1 7887502616892.096
a 9 58 0 1 11773441561927.055
a 9 59 0 1 19269157127986.203
a 9 60 0 1 16467661963173.115
a 9 61 0 1 7373822085552.342
a 9 62 0 1 8257457388663.612
a 9 63 0 1 14019239921458.51
a 9 64 0 1 5107290313768.337
a 9 65 0 1 9797897685181.236
a 9 66 0 1 7782160312093.345
a 9 67 0 1 6249725646004.572
a 9 68 0 1 16100198517115.549
a 9 69 0 1 5193761154343.527
a 9 70 0 1 6252521333405.8125
a 9 71 0 1 17372429087623.426
a 9 72 0 1 4808148971195.487
a 9 73 0 1 16114680356489.506
a 9 74 0 1 10926823357002.85
a 9 75 0 1 18445388515401.867
a 9 76 0 1 20721222285579.977
a 9 77 0 1 13682897454478.453
a 9 78 0 1 19673925057177.703
a 9 79 0 1 14475609534302.438
a 9 80 0 1 17286868548553.158
a 9 81 0 1 6744838890887.838
a 10 15 0 1 21108767453355.348
a 10 16 0 1 15106485037043.494
a 10 17 0 1 9536951645801.684
a 10 18 0 1 18939384207531.81
a 10 19 0 1 6795930426383.924
a 10 20 0 1 14324016477699.24
a 10 21 0 1 10722956888700.74
a 10 22 0 1 9895629294368.146
a 10 23 0 1 16742126521736.088
a 10 24 0 1 7816853601039.634
a 10 25 0 1 10466529026672.508
a 10 26 0 1 22852483430865.27
a 10 27 0 1 16263376734208.78
a 10 28 0 1 20699370748746.605
a 10 29 0 1 5700386882293.473
a 10 30 0 1 7047942069343.84
a 10 31 0 1 7343532179169.079
a 10 32 0 1 6073795826526.442
a 10 33 0 1 11831221681017.023
a 10 34 0 1 16000862633000.137
a 10 35 0 1 15348894690832.193
a 10 36 0 1 19363607769154.254
a 10 37 0 1 12106204519998.365
a 10 38 0 1 10064259997378.773
a 10 39 0 1 8189388674462.741
a 10 40 0 1 12896993182459.85
a 10 41 0 1 8717975802739.443
a 10 42 0 1 16404698475398.395
a 10 43 0 1 10519862047823.137
a 10 44 0 1 8847740094085.555
a 10 45 0 1 15401812169032.37
a 10 46 0 1 14357697720043.484
a 10 47 0 1 5095720320861.222
a 10 48 0 1 7157589536192.808
a 10 49 0 1 19325343919298.383
a 10 50 0 1 11320571986954.967
a 10 51 0 1 11231979185793.469
a 10 52 0 1 4935995718298.075
a 10 53 0 1 23164584593590.95
a 10 54 0 1 23979136457997.215
a 10 55 0 1 23937750602640.566
a 10 56 0 1 9667741701606.408
a 10 57 0 1 8821844250163.85
a 10 58 0 1 13168804030275.729
a 10 59 0 1 21555102554549.473
a 10 60 0 1 18420554120465.164
a 10 61 0 1 8247256103668.089
a 10 62 0 1 9235669921814.32
a 10 63 0 1 15681250371839.914
a 10 64 0 1 5712075586749.595
a 10 65 0 1 10958827502540.549
a 10 66 0 1 8704010745927.128
a 10 67 0 1 6989902531224.42
a 10 68 0 1 18009422938405.758
a 10 69 0 1 5808792814392.39
a 10 70 0 1 6993029588321.63
a 10 71 0 1 19432857403035.31
a 10 72 0 1 5377489165035.5625
a 10 73 0 1 18025625657481.96
a 10 74 0 1 12221705238554.596
a 10 75 0 1 20633375989579.75
a 10 76 0 1 23179889804263.957
a 10 77 0 1 15304963491282.594
a 10 78 0 1 22008010838272.47
a 10 79 0 1 16191824492700.121
a 10 80 0 1 19337126487126.863
a 10 81 0 1 7543704715149.952
a 11 15 0 1 19202325514252.195
a 11 16 0 1 13742998169154.242
a 11 17 0 1 8676664036126.253
a 11 18 0 1 17229259324596.793
a 11 19 0 1 6183074642199.673
a 11 20 0 1 13031259954914.256
a 11 21 0 1 9755564613517.236
a 11 22 0 1 9002953361636.018
a 11 23 0 1 15230750278511.84
a 11 24 0 1 7111855744144.213
a 11 25 0 1 9522296256454.578
a 11 26 0 1 20788180276169.105
a 11 27 0 1 14795292731659.547
a 11 28 0 1 18829983750611.543
a 11 29 0 1 5186386017360.582
a 11 30 0 1 6412343138904.33
a 11 31 0 1 6681255772201.579
a 11 32 0 1 5526103449054.1
a 11 33 0 1 10763721201893.82
a 11 34 0 1 14556515333404.885
a 11 35 0 1 13963493129315.766
a 11 36 0 1 17615100040397.324
a 11 37 0 1 11013861578646.209
a 11 38 0 1 9156355997482.396
a 11 39 0 1 7450763249100.898
a 11 40 0 1 11733200944860.074
a 11 41 0 1 7931631977640.36
a 11 42 0 1 14923835524828.451
a 11 43 0 1 9570812561957.115
a 11 44 0 1 8049680941517.06
a 11 45 0 1 14011626531594.168
a 11 46 0 1 13061896858845.287
a 11 47 0 1 4636271025808.662
a 11 48 0 1 6512094940578.484
a 11 49 0 1 17580298362234.164
a 11 50 0 1 10299200757444.15
a 11 51 0 1 10218610434334.977
a 11 52 0 1 4490955240890.843
a 11 53 0 1 21072020371266.906
a 11 54 0 1 21812805060746.2
a 11 55 0 1 21775167480868.066
a 11 56 0 1 8795644129717.692
a 11 57 0 1 8026123041176.507
a 11 58 0 1 11980450419967.543
a 11 59 0 1 19608258720091.48
a 11 60 0 1 16757367245256.287
a 11 61 0 1 7503406932144.633
a 11 62 0 1 8402585945811.987
a 11 63 0 1 14265800867857.42
a 11 64 0 1 5197020126798.331
a 11 65 0 1 9970131269727.803
a 11 66 0 1 7918927689481.017
a 11 67 0 1 6359541567199.879
a 11 68 0 1 16383427043365.494
a 11 69 0 1 5285011095252.292
a 11 70 0 1 6362386414506.209
a 11 71 0 1 17678083790886.37
a 11 72 0 1 4892620219034.799
a 11 73 0 1 16398164122981.348
a 11 74 0 1 11118927320276.277
a 11 75 0 1 18769961951538.484
a 11 76 0 1 21085939632530.227
a 11 77 0 1 13923533548776.479
a 11 78 0 1 20020166248906.535
a 11 79 0 1 14730210421702.873
a 11 80 0 1 17591014828249.479
a 11 81 0 1 6863361481025.117
a 12 15 0 1 24505559806360.22
a 12 16 0 1 17535447703913.328
a 12 17 0 1 11069250784485.94
a 12 18 0 1 21986198110616.074
a 12 19 0 1 7887430496732.094
a 12 20 0 1 16626925489085.752
a 12 21 0 1 12446084338285.135
a 12 22 0 1 11485633305779.055
a 12 23 0 1 19434671981086.574
a 12 24 0 1 9072496339614.01
a 12 25 0 1 12148392092421.678
a 12 26 0 1 26530730152197.715
a 12 27 0 1 18878759976893.113
a 12 28 0 1 24030101126495.594
a 12 29 0 1 6615796732795.061
a 12 30 0 1 8179956072576.938
a 12 31 0 1 8523069360850.414
a 12 32 0 1 7049219099761.72
a 12 33 0 1 13732723687560.926
a 12 34 0 1 18573939511733.82
a 12 35 0 1 17816914274691.83
a 12 36 0 1 22478844098044.06
a 12 37 0 1 14051973033715.64
a 12 38 0 1 11681395610389.531
a 12 39 0 1 9504938260798.336
a 12 40 0 1 14970080329079.457
a 12 41 0 1 10118536988389.705
a 12 42 0 1 19042858139505.53
a 12 43 0 1 12210307232925.598
a 12 44 0 1 10269172844705.953
a 12 45 0 1 17878358125985.62
a 12 46 0 1 16666032149123.047
a 12 47 0 1 5913962259479.1045
a 12 48 0 1 8307231553612.489
a 12 49 0 1 22434408406812.734
a 12 50 0 1 13139878664971.271
a 12 51 0 1 13037026908490.117
a 12 52 0 1 5728573064461.23
a 12 53 0 1 26893221622997.77
a 12 54 0 1 27839306812298.773
a 12 55 0 1 27791237303976.53
a 12 56 0 1 11221081999911.088
a 12 57 0 1 10239111800279.23
a 12 58 0 1 15285659509440.229
a 12 59 0 1 25023925659110.633
a 12 60 0 1 21383697193531.965
a 12 61 0 1 9572111806197.96
a 12 62 0 1 10719502449300.725
a 12 63 0 1 18202823044252.035
a 12 64 0 1 6629363928019.823
a 12 65 0 1 12719913760160.43
a 12 66 0 1 10102325805245.451
a 12 67 0 1 8112585731808.391
a 12 68 0 1 20906271840387.473
a 12 69 0 1 6741624798834.886
a 12 70 0 1 8116215510660.949
a 12 71 0 1 22559263645588.6
a 12 72 0 1 6241008469068.747
a 12 73 0 1 20925087081120.773
a 12 74 0 1 14186067931696.344
a 12 75 0 1 23953457852119.047
a 12 76 0 1 26910998045373.797
a 12 77 0 1 17765904715380.996
a 12 78 0 1 25549934281070.426
a 12 79 0 1 18795676193135.832
a 12 80 0 1 22448091459888.26
a 12 81 0 1 8755426550884.5625
a 13 15 0 1 20627364715519.613
a 13 16 0 1 14762201989462.229
a 13 17 0 1 9319736782329.496
a 13 18 0 1 18507561514795.47
a 13 19 0 1 6641193162609.2295
a 13 20 0 1 13997594964805.959
a 13 21 0 1 10478696811565.889
a 13 22 0 1 9670236043140.408
a 13 23 0 1 16360496266244.156
a 13 24 0 1 7638850378698.489
a 13 25 0 1 10228117044781.824
a 13 26 0 1 22331211489152.723
a 13 27 0 1 15892679372735.152
a 13 28 0 1 20227326397078.684
a 13 29 0 1 5570610166763.175
a 13 30 0 1 6887462174405.884
a 13 31 0 1 7176316208319.794
a 13 32 0 1 5935512160462.501
a 13 33 0 1 11561682629970.41
a 13 34 0 1 15636159633489.727
a 13 35 0 1 14999077481350.303
a 13 36 0 1 18922091586709.117
a 13 37 0 1 11830392269728.168
a 13 38 0 1 9835021485370.389
a 13 39 0 1 8002894368082.943
a 13 40 0 1 12603138462007.412
a 13 41 0 1 8519432341535.602
a 13 42 0 1 16030773964778.727
a 13 43 0 1 10280233780547.791
a 13 44 0 1 8646238434005.372
a 13 45 0 1 15050786824406.502
a 13 46 0 1 14030507424822.062
a 13 47 0 1 4979717518918.168
a 13 48 0 1 6994610984551.865
a 13 49 0 1 18884702102102.184
a 13 50 0 1 11062681386969.842
a 13 51 0 1 10976109343580.973
a 13 52 0 1 4823631026711.4795
a 13 53 0 1 22636174962554.293
a 13 54 0 1 23432095832310.734
a 13 55 0 1 23391656665250.074
a 13 56 0 1 9447544705371.836
a 13 57 0 1 8620932937017.044
a 13 58 0 1 12868746988464.87
a 13 59 0 1 21063496074675.71
a 13 60 0 1 18000585414696.332
a 13 61 0 1 8059442777865.674
a 13 62 0 1 9025324222984.531
a 13 63 0 1 15323845060747.537
a 13 64 0 1 5582032591620.553
a 13 65 0 1 10709187860937.016
a 13 66 0 1 8505785636920.929
a 13 67 0 1 6830745221743.257
a 13 68 0 1 17598846582758.645
a 13 69 0 1 5676546483654.594
a 13 70 0 1 6833801020955.822
a 13 71 0 1 18989758781658.77
a 13 72 0 1 5255068084048.334
a 13 73 0 1 17614679164866.18
a 13 74 0 1 11943257948034.088
a 13 75 0 1 20162840129321.68
a 13 76 0 1 22651130133317.1
a 13 77 0 1 14956149244330.576
a 13 78 0 1 21506049298238.707
a 13 79 0 1 15822761021547.223
a 13 80 0 1 18896215427885.82
a 13 81 0 1 7371926844013.122
a 14 15 0 1 28701900193702.77
a 14 16 0 1 20535399949208.527
a 14 17 0 1 12961319189289.371
a 14 18 0 1 25749841839143.152
a 14 19 0 1 9235051535359.996
a 14 20 0 1 19471099669961.156
a 14 21 0 1 14573890219549.732
a 14 22 0 1 13448984294258.475
a 14 23 0 1 22760394515119.16
a 14 24 0 1 10622841675312.436
a 14 25 0 1 14225220547469.623
a 14 26 0 1 31075103872115.133
a 14 27 0 1 22109110716429.977
a 14 28 0 1 28144759668629.31
a 14 29 0 1 7745956697155.001
a 14 30 0 1 9577612226263.39
a 14 31 0 1 9979418448025.336
a 14 32 0 1 8253489901202.495
a 14 33 0 1 16080903387426.934
a 14 34 0 1 21752001580258.57
a 14 35 0 1 20865135405938.496
a 14 36 0 1 26327075917321.574
a 14 37 0 1 16454845164962.469
a 14 38 0 1 13678262882585.74
a 14 39 0 1 11129275776121.457
a 14 40 0 1 17530264919882.791
a 14 41 0 1 11847877993964.094
a 14 42 0 1 22301359933602.277
a 14 43 0 1 14297737825595.074
a 14 44 0 1 12024294413194.518
a 14 45 0 1 20937116790739.74
a 14 46 0 1 19516910894188.51
a 14 47 0 1 6924133999049.902
a 14 48 0 1 9726658808034.354
a 14 49 0 1 26275010086710.812
a 14 50 0 1 15386507184544.135
a 14 51 0 1 15266039125255.436
a 14 52 0 1 6707053770372.689
a 14 53 0 1 31499910970015.316
a 14 54 0 1 32608665647431.32
a 14 55 0 1 32552330086663.812
a 14 56 0 1 13139142214393.875
a 14 57 0 1 11989088489816.402
a 14 58 0 1 17899925793439.51
a 14 59 0 1 29309331108164.848
a 14 60 0 1 25043905848742.434
a 14 61 0 1 11207943701726.945
a 14 62 0 1 12551701891386.447
a 14 63 0 1 21317229879512.363
a 14 64 0 1 7761843614111.553
a 14 65 0 1 14894614362969.629
a 14 66 0 1 11828892411449.178
a 14 67 0 1 9498718157804.936
a 14 68 0 1 24484529859932.34
a 14 69 0 1 7893299196493.954
a 14 70 0 1 9502968806659.582
a 14 71 0 1 26421304695117.08
a 14 72 0 1 7307090416648.653
a 14 73 0 1 24506574559560.85
a 14 74 0 1 16611914031312.18
a 14 75 0 1 28054950375703.004
a 14 76 0 1 31520743480141.75
a 14 77 0 1 20805377912104.855
a 14 78 0 1 29925730699271.992
a 14 79 0 1 22011774377279.44
a 14 80 0 1 26291042673823.867
a 14 81 0 1 10251525725618.36
a 15 1 0 3 0
a 16 1 0 3 0
a 17 1 0 3 0
a 18 1 0 3 0
a 19 1 0 3 0
a 20 1 0 3 0
a 21 1 0 3 0
a 22 1 0 3 0
a 23 1 0 3 0
a 24 1 0 3 0
a 25 1 0 3 0
a 26 1 0 3 0
a 27 1 0 3 0
a 28 1 0 3 0
a 29 1 0 3 0
a 30 1 0 3 0
a 31 1 0 3 0
a 32 1 0 3 0
a 33 1 0 3 0
a 34 1 0 3 0
a 35 1 0 3 0
a 36 1 0 3 0
a 37 1 0 3 0
a 38 1 0 3 0
a 39 1 0 3 0
a 40 1 0 3 0
a 41 1 0 3 0
a 42 1 0 3 0
a 43 1 0 3 0
a 44 1 0 3 0
a 45 1 0 3 0
a 46 1 0 3 0
a 47 1 0 3 0
a 48 1 0 3 0
a 49 1 0 3 0
a 50 1 0 3 0
a 51 1 0 3 0
a 52 1 0 3 0
a 53 1 0 3 0
a 54 1 0 3 0
a 55 1 0 3 0
a 56 1 0 3 0
a 57 1 0 3 0
a 58 1 0 3 0
a 59 1 0 3 0
a 60 1 0 3 0
a 61 1 0 3 0
a 62 1 0 3 0
a 63 1 0 3 0
a 64 1 0 3 0
a 65 1 0 3 0
a 66 1 0 3 0
a 67 1 0 3 0
a 68 1 0 3 0
a 69 1 0 3 0
a 70 1 0 3 0
a 71 1 0 3 0
a 72 1 0 3 0
a 73 1 0 3 0
a 74 1 0 3 0
a 75 1 0 3 0
a 76 1 0 3 0
a 77 1 0 3 0
a 78 1 0 3 0
a 79 1 0 3 0
a 80 1 0 3 0
a 81 1 0 3 0
