p min 82 951
n 0 13
n 1 -13
a 0 2 0 1 0
a 0 3 0 1 0
a 0 4 0 1 0
a 0 5 0 1 0
a 0 6 0 1 0
a 0 7 0 1 0
a 0 8 0 1 0
a 0 9 0 1 0
a 0 10 0 1 0
a 0 11 0 1 0
a 0 12 0 1 0
a 0 13 0 1 0
a 0 14 0 1 0
a 2 15 0 1 16857853970469.146
a 2 16 0 1 11099650985694.244
a 2 17 0 1 4122636131286.645
a 2 18 0 1 14792692456999.963
a 2 19 0 1 18648003366907.6
a 2 20 0 1 4451411596473.391
a 2 21 0 1 17630677533474.188
a 2 22 0 1 14602430833280.21
a 2 23 0 1 14384252259490.045
a 2 24 0 1 5497190193941.802
a 2 25 0 1 4543002053257.269
a 2 26 0 1 19086550638075.867
a 2 27 0 1 18341138678757.66
a 2 28 0 1 11971653897984.586
a 2 29 0 1 6199145555163.757
a 2 30 0 1 10425471499213.611
a 2 31 0 1 20442791556028.766
a 2 32 0 1 18990354075243.836
a 2 33 0 1 16153411154662.092
a 2 34 0 1 19996321231698.992
a 2 35 0 1 12768749133714.848
a 2 36 0 1 9519530388439.72
a 2 37 0 1 14337324991288.941
a 2 38 0 1 5606206542671.699
a 2 39 0 1 11056997044727.328
a 2 40 0 1 10300082011393.105
a 2 41 0 1 18732998084203.434
a 2 42 0 1 4275458775976.8574
a 2 43 0 1 17024683450974.883
a 2 44 0 1 17207711518934.873
a 2 45 0 1 16317318018789.453
a 2 46 0 1 13723838290558.17
a 2 47 0 1 5221685122927.889
a 2 48 0 1 16590767039378.908
a 2 49 0 1 16596495792313.865
a 2 50 0 1 13927808082493.988
a 2 51 0 1 17433582454464.91
a 2 52 0 1 6372632548267.348
a 2 53 0 1 18348901401981.78
a 2 54 0 1 10781535094894.121
a 2 55 0 1 14245991695881.613
a 2 56 0 1 20096865889081.21
a 2 57 0 1 12756496578322.818
a 2 58 0 1 8908117745533.54
a 2 59 0 1 13410456257778.037
a 2 60 0 1 8902423417248.398
a 2 61 0 1 20385286713519.18
a 2 62 0 1 8654614231426.617
a 2 63 0 1 11014627821473.477
a 2 64 0 1 16901577543500.898
a 2 65 0 1 11439238135254.205
a 2 66 0 1 15546001150225.531
a 2 67 0 1 12070353305531.41
a 2 68 0 1 15462711494257.979
a 2 69 0 1 20109256157914.395
a 2 70 0 1 5365184534682.41
a 2 71 0 1 11688834981057.168
a 2 72 0 1 13451745159329.502
a 2 73 0 1 10249020857411.945
a 2 74 0 1 12437889453594.355
a 2 75 0 1 14148892245093.174
a 2 76 0 1 16863232694116.238
a 2 77 0 1 12527284188556.605
a 2 78 0 1 19878943074238.227
a 2 79 0 1 18447176355716.38
a 2 80 0 1 8461165691946.473
a 2 81 0 1 7969916399864.997
a 3 15 0 1 28167905087511.805
a 3 16 0 1 18538230931583.387
a 3 17 0 1 6881770416296.112
a 3 18 0 1 24713265113655.777
a 3 19 0 1 31163394509045.8
a 3 20 0 1 7430771968958.657
a 3 21 0 1 29460982778520.004
a 3 22 0 1 24395047580014.55
a 3 23 0 1 24030149757851.297
a 3 24 0 1 9177237285069.049
a 3 25 0 1 7583718093149.097
a 3 26 0 1 31897350414906.016
a 3 27 0 1 30649853218594.56
a 3 28 0 1 19995965074335.2
a 3 29 0 1 10349670923510.13
a 3 30 0 1 17411334502912.686
a 3 31 0 1 34167481112756.906
a 3 32 0 1 31736350872482.918
a 3 33 0 1 26989376038939.9
a 3 34 0 1 33420108346298.027
a 3 35 0 1 21328647497923.17
a 3 36 0 1 15897231600293.977
a 3 37 0 1 23951666769267.4
a 3 38 0 1 9359312376631.893
a 3 39 0 1 18466931045417.668
a 3 40 0 1 17201757921187.256
a 3 41 0 1 31305638386563.836
a 3 42 0 1 7136955914171.646
a 3 43 0 1 28447028756057.496
a 3 44 0 1 28753262706854.812
a 3 45 0 1 27263579858431.01
a 3 46 0 1 22925700201089.266
a 3 47 0 1 8717112510352.066
a 3 48 0 1 27721054943733.008
a 3 49 0 1 27730639247316.44
a 3 50 0 1 23266798962713.668
a 3 51 0 1 29131191304347.387
a 3 52 0 1 10639455344927.824
a 3 53 0 1 30662843916453.87
a 3 54 0 1 18006483026795.312
a 3 55 0 1 23798919048562.74
a 3 56 0 1 33588411406384.293
a 3 57 0 1 21308160916226.96
a 3 58 0 1 14875495083242.287
a 3 59 0 1 22401652291086.707
a 3 60 0 1 14865979699771.447
a 3 61 0 1 34071217491140.016
a 3 62 0 1 14451891657323.63
a 3 63 0 1 18396107556022.844
a 3 64 0 1 28241058631124.984
a 3 65 0 1 19105898073216.09
a 3 66 0 1 25973285635105.344
a 3 67 0 1 20160974039089.426
a 3 68 0 1 25833964102814.78
a 3 69 0 1 33609151826478.016
a 3 70 0 1 8956770393322.393
a 3 71 0 1 19523152918766.367
a 3 72 0 1 22470695518407.2
a 3 73 0 1 17116415231446.328
a 3 74 0 1 20775455402561.82
a 3 75 0 1 23636530257378.99
a 3 76 0 1 28176904158230.01
a 3 77 0 1 20924919178035.87
a 3 78 0 1 33223630785055.242
a 3 79 0 1 30827305625430.312
a 3 80 0 1 14128651030337.61
a 3 81 0 1 13307847047442.17
a 4 15 0 1 26502015207654.35
a 4 16 0 1 17442997610450.81
a 4 17 0 1 6475710713274.227
a 4 18 0 1 23252234871231.62
a 4 19 0 1 29319748424544.816
a 4 20 0 1 6992292277544.425
a 4 21 0 1 27718374147982.152
a 4 22 0 1 22952879880602.86
a 4 23 0 1 22609610004502.29
a 4 24 0 1 8635598564914.365
a 4 25 0 1 7136205843239.3
a 4 26 0 1 30010132847000.164
a 4 27 0 1 28836689528082.613
a 4 28 0 1 18814422555264.316
a 4 29 0 1 9738757787660.463
a 4 30 0 1 16382803538047.639
a 4 31 0 1 32145452794005.215
a 4 32 0 1 29858691677372.504
a 4 33 0 1 25393389984866.98
a 4 34 0 1 31442469762005.953
a 4 35 0 1 20068175963775.72
a 4 36 0 1 14958296575604.33
a 4 37 0 1 22535778576522.605
a 4 38 0 1 8806916721469.166
a 4 39 0 1 17375918532938.033
a 4 40 0 1 16185630250839.195
a 4 41 0 1 29453548498345.883
a 4 42 0 1 6715827314691.993
a 4 43 0 1 26764580189993.613
a 4 44 0 1 27052646016989.67
a 4 45 0 1 25651331143027.434
a 4 46 0 1 21570612124874.05
a 4 47 0 1 8202655915655.184
a 4 48 0 1 26081671843562.32
a 4 49 0 1 26090687641134.92
a 4 50 0 1 21891498428511.535
a 4 51 0 1 27408151358352.4
a 4 52 0 1 10011417294054.365
a 4 53 0 1 28848909175760.29
a 4 54 0 1 16942726533284.283
a 4 55 0 1 22392083741025.094
a 4 56 0 1 31600777194743.117
a 4 57 0 1 20048902886145.438
a 4 58 0 1 13997003970372.443
a 4 59 0 1 21077614764119.86
a 4 60 0 1 13988051435292.977
a 4 61 0 1 32054907092674.902
a 4 62 0 1 13598456162439.74
a 4 63 0 1 17309287585932.49
a 4 64 0 1 26570829099386.66
a 4 65 0 1 17977057682780.586
a 4 66 0 1 24437554121672.746
a 4 67 0 1 18969659988761.14
a 4 68 0 1 24306493374523.797
a 4 69 0 1 31620285802686.035
a 4 70 0 1 8428156214818.419
a 4 71 0 1 18369607542786.246
a 4 72 0 1 21142567288203.74
a 4 73 0 1 16105338205085.002
a 4 74 0 1 19547749809364.87
a 4 75 0 1 22239318903009.836
a 4 76 0 1 26510480434611.613
a 4 77 0 1 19688361131712.67
a 4 78 0 1 31257660668971.67
a 4 79 0 1 29003609233062.355
a 4 80 0 1 13294333271535.623
a 4 81 0 1 12522068884690.766
a 5 15 0 1 17857777504941.43
a 5 16 0 1 11757564278656.871
a 5 17 0 1 4366790614363.5083
a 5 18 0 1 15669899832610.84
a 5 19 0 1 19754351305706.94
a 5 20 0 1 4715047689104.301
a 5 21 0 1 18676539737531.95
a 5 22 0 1 15468335580405.434
a 5 23 0 1 15237196597310.57
a 5 24 0 1 5822804347593.177
a 5 25 0 1 4812065622026.559
a 5 26 0 1 20218977305898.41
a 5 27 0 1 19429240207213.3
a 5 28 0 1 12681329211742.828
a 5 29 0 1 6566369956089.185
a 5 30 0 1 11043373099595.088
a 5 31 0 1 21655886342802.008
a 5 32 0 1 20117060062492.637
a 5 33 0 1 17111468295805.328
a 5 34 0 1 21182857375710.113
a 5 35 0 1 13525749587758.967
a 5 36 0 1 10083675899939.209
a 5 37 0 1 15187481810026.672
a 5 38 0 1 5938282459373.599
a 5 39 0 1 11712378685717.662
a 5 40 0 1 10910542631276.443
a 5 41 0 1 19844400115821.117
a 5 42 0 1 4528668579555.981
a 5 43 0 1 18034523036513.348
a 5 44 0 1 18228430435345.457
a 5 45 0 1 17285115818324.8
a 5 46 0 1 14537556420008.408
a 5 47 0 1 5530969936724.095
a 5 48 0 1 17574816236339.188
a 5 49 0 1 17580885467402.855
a 5 50 0 1 14753640607636.047
a 5 51 0 1 18467727984786.55
a 5 52 0 1 6750141944254.868
a 5 53 0 1 19437464491089.414
a 5 54 0 1 11420567795628.057
a 5 55 0 1 15090723331769.682
a 5 56 0 1 21289382759733.523
a 5 57 0 1 13512769503981.33
a 5 58 0 1 9435990401958.334
a 5 59 0 1 14205562835167.174
a 5 60 0 1 9429958275620.766
a 5 61 0 1 21594960616645.598
a 5 62 0 1 9167449046519.986
a 5 63 0 1 11667494735502.814
a 5 64 0 1 17904099891272.848
a 5 65 0 1 12117307984401.473
a 5 66 0 1 16467964520677.826
a 5 67 0 1 12785888101618.05
a 5 68 0 1 16379726008963.512
a 5 69 0 1 21302510052627.684
a 5 70 0 1 5682974502058.17
a 5 71 0 1 12381720980894.127
a 5 72 0 1 14249303775950.45
a 5 73 0 1 10856451423649.518
a 5 74 0 1 13175244988863.348
a 5 75 0 1 14987856321999.266
a 5 76 0 1 17863475924171.43
a 5 77 0 1 13269947413745.047
a 5 78 0 1 21058497365296.73
a 5 79 0 1 19541582811541.76
a 5 80 0 1 8962525755355.678
a 5 81 0 1 8442139551888.288
a 6 15 0 1 18438278458231.023
a 6 16 0 1 12139489007270.498
a 6 17 0 1 4508513870625.013
a 6 18 0 1 16179147118511.195
a 6 19 0 1 20396648891094.32
a 6 20 0 1 4868079890252.725
a 6 21 0 1 19283715247597.28
a 6 22 0 1 15971020290543.771
a 6 23 0 1 15732356217818.28
a 6 24 0 1 6011814934595.85
a 6 25 0 1 4968248451287.772
a 6 26 0 1 20876418189419.16
a 6 27 0 1 20060942621238.184
a 6 28 0 1 13093306150888.586
a 6 29 0 1 6779535828463.864
a 6 30 0 1 11402068060322.002
a 6 31 0 1 22360170195738.62
a 6 32 0 1 20771179070460.688
a 6 33 0 1 17667659671748.477
a 6 34 0 1 21871718804555.9
a 6 35 0 1 13965203250223.21
a 6 36 0 1 10411161979467.223
a 6 37 0 1 15681022942234.06
a 6 38 0 1 6131044159202.939
a 6 39 0 1 12092833591761.639
a 6 40 0 1 11264917585870.62
a 6 41 0 1 20489632481559.246
a 6 42 0 1 4675648379221.561
a 6 43 0 1 18620781765019.05
a 6 44 0 1 18821006293352.53
a 6 45 0 1 17846963041008.34
a 6 46 0 1 15009940684915.043
a 6 47 0 1 5710501231209.557
a 6 48 0 1 18146099766530.105
a 6 49 0 1 18152366695425.742
a 6 50 0 1 15233058647153.96
a 6 51 0 1 19068100097452.176
a 6 52 0 1 6969278445336.205
a 6 53 0 1 20069434919387.35
a 6 54 0 1 11791530891946.65
a 6 55 0 1 15581114501020.318
a 6 56 0 1 21981717143052.297
a 6 57 0 1 13951800763774.957
a 6 58 0 1 9742418091583.914
a 6 59 0 1 14667141052974.854
a 6 60 0 1 9736189856181.227
a 6 61 0 1 22297257977238.44
a 6 62 0 1 9465146522638.201
a 6 63 0 1 12046489646614.068
a 6 64 0 1 18486109848780.45
a 6 65 0 1 12510935223405.484
a 6 66 0 1 17003198470087.01
a 6 67 0 1 13201266999191.71
a 6 68 0 1 16912086484526.31
a 6 69 0 1 21995272419750.695
a 6 70 0 1 5867443088841.774
a 6 71 0 1 12783950247905.797
a 6 72 0 1 14712305667260.69
a 6 73 0 1 11209067224946.56
a 6 74 0 1 13603292859112.293
a 6 75 0 1 15474898745107.922
a 6 76 0 1 18444162509026.742
a 6 77 0 1 13701076907852.018
a 6 78 0 1 21743304504134.266
a 6 79 0 1 20176946309555.098
a 6 80 0 1 9253561600549.996
a 6 81 0 1 8716260180012.31
a 7 15 0 1 13851147287981.47
a 7 16 0 1 9121035319575.97
a 7 17 0 1 3388223080064.1206
a 7 18 0 1 12154836192575.176
a 7 19 0 1 15321448519630.6
a 7 20 0 1 3658405281935.5205
a 7 21 0 1 14485902810226.105
a 7 22 0 1 11998549205606.697
a 7 23 0 1 11819328837524.236
a 7 24 0 1 4517784477731.899
a 7 25 0 1 3733672144781.3467
a 7 26 0 1 15681623503698.664
a 7 27 0 1 15069419407921.861
a 7 28 0 1 9837419521181.855
a 7 29 0 1 5094602743856.653
a 7 30 0 1 8567153138028.274
a 7 31 0 1 16795451005169.752
a 7 32 0 1 15602618676367.53
a 7 33 0 1 13272538437690.857
a 7 34 0 1 16428789293981.482
a 7 35 0 1 10492241703922.453
a 7 36 0 1 7822839589377.248
a 7 37 0 1 11780780743780.375
a 7 38 0 1 4607367647784.488
a 7 39 0 1 9085992794786.717
a 7 40 0 1 8464135847825.967
a 7 41 0 1 15391254434852.346
a 7 42 0 1 3513810637758.8325
a 7 43 0 1 13988173718069.297
a 7 44 0 1 14138503876847.4
a 7 45 0 1 13407168267567.615
a 7 46 0 1 11276829314108.947
a 7 47 0 1 4291388962947.7754
a 7 48 0 1 13631771820355.523
a 7 49 0 1 13636477234446.35
a 7 50 0 1 11444382634200.85
a 7 51 0 1 14324021477546.326
a 7 52 0 1 5237159769578.391
a 7 53 0 1 15075795000659.242
a 7 54 0 1 8859684391105.648
a 7 55 0 1 11705755399773.887
a 7 56 0 1 16511361721684.709
a 7 57 0 1 10482176262173.055
a 7 58 0 1 7320492481922.617
a 7 59 0 1 11019395319000.545
a 7 60 0 1 7315813864906.023
a 7 61 0 1 16748225794389.734
a 7 62 0 1 7112205949907.65
a 7 63 0 1 9051184120231.959
a 7 64 0 1 13887060007211.291
a 7 65 0 1 9400022381170.148
a 7 66 0 1 12773616058514.64
a 7 67 0 1 9918503294017.773
a 7 68 0 1 12705201539164.965
a 7 69 0 1 16521537222066.574
a 7 70 0 1 4409309519132.696
a 7 71 0 1 9605075628195.912
a 7 72 0 1 11053313110107.865
a 7 73 0 1 8422184956446.873
a 7 74 0 1 10220439574805.07
a 7 75 0 1 11625993163186.672
a 7 76 0 1 13855565150729.445
a 7 77 0 1 10293877957670.84
a 7 78 0 1 16332391900631.527
a 7 79 0 1 15156508906909.303
a 7 80 0 1 6953261032050.53
a 7 81 0 1 6549625644683.991
a 8 15 0 1 11688954285483.703
a 8 16 0 1 7697877078605.781
a 8 17 0 1 2859851946767.891
a 8 18 0 1 10257753686936.756
a 8 19 0 1 12929396617472.457
a 8 20 0 1 3087886028778.6475
a 8 21 0 1 12224483634432.535
a 8 22 0 1 10125887848410.969
a 8 23 0 1 9974671248629.695
a 8 24 0 1 3813188320548.8467
a 8 25 0 1 3151410951472.204
a 8 26 0 1 13233253791180.055
a 8 27 0 1 12716773029137.188
a 8 28 0 1 8302376736320.499
a 8 29 0 1 4300001149163.3354
a 8 30 0 1 7230489278154.255
a 8 31 0 1 14172895660800.049
a 8 32 0 1 13166602682431.166
a 8 33 0 1 11200783995931.707
a 8 34 0 1 13863578409626.604
a 8 35 0 1 8854915477851.967
a 8 36 0 1 6602393262413.793
a 8 37 0 1 9942146293114.078
a 8 38 0 1 3888793794030.6304
a 8 39 0 1 7668307079156.181
a 8 40 0 1 7143558167323.126
a 8 41 0 1 12988287822911.055
a 8 42 0 1 2965848261861.7056
a 8 43 0 1 11804561522678.527
a 8 44 0 1 11931392269395.324
a 8 45 0 1 11314371626124.79
a 8 46 0 1 9516933106274.295
a 8 47 0 1 3622116300717.1416
a 8 48 0 1 11503869157245.611
a 8 49 0 1 11507839088544.047
a 8 50 0 1 9658308461364.46
a 8 51 0 1 12087909057504.111
a 8 52 0 1 4420312339241.614
a 8 53 0 1 12722151802212.615
a 8 54 0 1 7477339936886.233
a 8 55 0 1 9878843527015.863
a 8 56 0 1 13933237188355.006
a 8 57 0 1 8846422359906.549
a 8 58 0 1 6178473413129.41
a 8 59 0 1 9299718068919.197
a 8 60 0 1 6174525193528.969
a 8 61 0 1 14133056517742.322
a 8 62 0 1 6002702672655.703
a 8 63 0 1 7638934373100.639
a 8 64 0 1 11719253387653.074
a 8 65 0 1 7933293925083.967
a 8 66 0 1 10779836745182.594
a 8 67 0 1 8370795902970.454
a 8 68 0 1 10722113942971.729
a 8 69 0 1 13941821309782.023
a 8 70 0 1 3721638425856.233
a 8 71 0 1 8106321908416.123
a 8 72 0 1 9328336992687.787
a 8 73 0 1 7108157827390.383
a 8 74 0 1 8625570510798.103
a 8 75 0 1 9811543812070.838
a 8 76 0 1 11692681581925.352
a 8 77 0 1 8687537588235.535
a 8 78 0 1 13782256514191.979
a 8 79 0 1 12790246036418.822
a 8 80 0 1 5868569898782.121
a 8 81 0 1 5527940690461.036
a 9 15 0 1 15561406260742.285
a 9 16 0 1 10246558444942.299
a 9 17 0 1 3806015144476.8037
a 9 18 0 1 13655315098150.668
a 9 19 0 1 17213611787027.246
a 9 20 0 1 4109528503598.1177
a 9 21 0 1 16274684654205.07
a 9 22 0 1 13479704982405.244
a 9 23 0 1 13278326992529.082
a 9 24 0 1 5074940916580.97
a 9 25 0 1 4194081114026.615
a 9 26 0 1 17618357837267.094
a 9 27 0 1 16930396954416.193
a 9 28 0 1 11051455996881.992
a 9 29 0 1 5722942263097.814
a 9 30 0 1 9624252207547.611
a 9 31 0 1 18870045961749.73
a 9 32 0 1 17529575935906.5
a 9 33 0 1 14911231436989.152
a 9 34 0 1 18457997421510.09
a 9 35 0 1 11787199543688.232
a 9 36 0 1 8788005027224.9795
a 9 37 0 1 13235013201506.887
a 9 38 0 1 5175578528781.785
a 9 39 0 1 10207186637361.906
a 9 40 0 1 9508509716705.908
a 9 41 0 1 17292055745762.041
a 9 42 0 1 3947095581881.2285
a 9 43 0 1 15715382548719.44
a 9 44 0 1 15884308897693.244
a 9 45 0 1 15062512172625.527
a 9 46 0 1 12668762675200.29
a 9 47 0 1 4820609642837.935
a 9 48 0 1 15314895797650.703
a 9 49 0 1 15320183217769.158
a 9 50 0 1 12857028241791.043
a 9 51 0 1 16092776454106.541
a 9 52 0 1 5883093378696.653
a 9 53 0 1 16937561428785.688
a 9 54 0 1 9952920203765.896
a 9 55 0 1 13150712617407.098
a 9 56 0 1 18550790613472.89
a 9 57 0 1 11775890134900.11
a 9 58 0 1 8223620694346.1
a 9 59 0 1 12379507506797.252
a 9 60 0 1 8218364330627.913
a 9 61 0 1 18816974786995.883
a 9 62 0 1 7989614235462.127
a 9 63 0 1 10168077609592.299
a 9 64 0 1 15601761243586.906
a 9 65 0 1 10560013997477.174
a 9 66 0 1 14350607808805.69
a 9 67 0 1 11142559165392.025
a 9 68 0 1 14273733152847.482
a 9 69 0 1 18562225646140.902
a 9 70 0 1 4953080637534.642
a 9 71 0 1 10790402894466.498
a 9 72 0 1 12417617722844.809
a 9 73 0 1 9461376942766.137
a 9 74 0 1 11481807091306.506
a 9 75 0 1 13061089725185.059
a 9 76 0 1 15566370593693.283
a 9 77 0 1 11564321031198.838
a 9 78 0 1 18349668294449.113
a 9 79 0 1 17028262553176.395
a 9 80 0 1 7811043192732.442
a 9 81 0 1 7357571533763.458
a 10 15 0 1 13054373711466.863
a 10 16 0 1 8596626095790.863
a 10 17 0 1 3193540112320.004
a 10 18 0 1 11455769977680.15
a 10 19 0 1 14439956627365.121
a 10 20 0 1 3448191826388.7573
a 10 21 0 1 13652558126557.854
a 10 22 0 1 11308483297324.236
a 10 23 0 1 11139583555278.652
a 10 24 0 1 4258166531319.6616
a 10 25 0 1 3519132072212.906
a 10 26 0 1 14779374315077.908
a 10 27 0 1 14202451276959.703
a 10 28 0 1 9271778174654.312
a 10 29 0 1 4801819165422.094
a 10 30 0 1 8074618696752.276
a 10 31 0 1 15829000397076.729
a 10 32 0 1 14704922765219.676
a 10 33 0 1 12509096718917.371
a 10 34 0 1 15483474912586.758
a 10 35 0 1 9888905883058.33
a 10 36 0 1 7373132831755.8125
a 10 37 0 1 11103255248628.094
a 10 38 0 1 4342599161679.7104
a 10 39 0 1 8563600309895.176
a 10 40 0 1 7977529417577.152
a 10 41 0 1 14505739674574.11
a 10 42 0 1 3311908817638.046
a 10 43 0 1 13183505861832.36
a 10 44 0 1 13325175024895.098
a 10 45 0 1 12635971316266.537
a 10 46 0 1 10628322090090.668
a 10 47 0 1 4044787067485.0264
a 10 48 0 1 12847636275343.525
a 10 49 0 1 12852070620901.22
a 10 50 0 1 10786227793520.156
a 10 51 0 1 13500003980635.918
a 10 52 0 1 4936178872837.891
a 10 53 0 1 14208459471191.855
a 10 54 0 1 8350315854126.301
a 10 55 0 1 11032550176311.121
a 10 56 0 1 15561287596618.592
a 10 57 0 1 9879419893393.607
a 10 58 0 1 6899686787566.982
a 10 59 0 1 10385710301901.773
a 10 60 0 1 6895277326209.569
a 10 61 0 1 15784497579509.67
a 10 62 0 1 6703382484568.689
a 10 63 0 1 8530794900692.853
a 10 64 0 1 13088217472606.887
a 10 65 0 1 8859556573760.715
a 10 66 0 1 12038912347578.623
a 10 67 0 1 9348194695811.898
a 10 68 0 1 11974438272786.326
a 10 69 0 1 15570876542115.125
a 10 70 0 1 4155928152343.2607
a 10 71 0 1 9052807741102.047
a 10 72 0 1 10417675264961.523
a 10 73 0 1 7937992503837.333
a 10 74 0 1 9632750542391.844
a 10 75 0 1 10957380904274.83
a 10 76 0 1 13058537058771.72
a 10 77 0 1 9701961400942.932
a 10 78 0 1 15392634071064.492
a 10 79 0 1 14284522131665.283
a 10 80 0 1 6553580925626.895
a 10 81 0 1 6173163379938.357
a 11 15 0 1 15351395424937.588
a 11 16 0 1 10108358267547.105
a 11 17 0 1 3754719165552.9546
a 11 18 0 1 13471068058528.775
a 11 19 0 1 16981259788789.975
a 11 20 0 1 4054139981076.9473
a 11 21 0 1 16055029879490.283
a 11 22 0 1 13297831026364.055
a 11 23 0 1 13099174214243.418
a 11 24 0 1 5006532993963.302
a 11 25 0 1 4137552442362.9536
a 11 26 0 1 17380531574629.463
a 11 27 0 1 16701875189337.404
a 11 28 0 1 10902386153354.49
a 11 29 0 1 5645793894653.333
a 11 30 0 1 9494454546290.287
a 11 31 0 1 18615287202998.664
a 11 32 0 1 17292950507822.828
a 11 33 0 1 14710009981963.318
a 11 34 0 1 18208813274760.766
a 11 35 0 1 11628192179344.908
a 11 36 0 1 8669496689647.052
a 11 37 0 1 13056445696959.404
a 11 38 0 1 5105813258807.205
a 11 39 0 1 10069518101996.49
a 11 40 0 1 9380274705106.812
a 11 41 0 1 17058642817944.7
a 11 42 0 1 3893897323628.679
a 11 43 0 1 15503289996148.62
a 11 44 0 1 15669932423914.854
a 11 45 0 1 14859245746613.145
a 11 46 0 1 12497846050715.818
a 11 47 0 1 4755631868821.076
a 11 48 0 1 15108217563447.766
a 11 49 0 1 15113433504319.615
a 11 50 0 1 12683567980932.889
a 11 51 0 1 15875581332533.818
a 11 52 0 1 5803784643387.197
a 11 53 0 1 16708942773488.244
a 11 54 0 1 9818684942697.13
a 11 55 0 1 12973284200477.025
a 11 56 0 1 18300351111503.297
a 11 57 0 1 11617035536738.988
a 11 58 0 1 8112730324371.057
a 11 59 0 1 12212498766685.863
a 11 60 0 1 8107544905601.529
a 11 61 0 1 18562934058381.61
a 11 62 0 1 7881882160071.252
a 11 63 0 1 10030937163204.646
a 11 64 0 1 15391204826632.049
a 11 65 0 1 10417581024211.8
a 11 66 0 1 14156964095645.92
a 11 67 0 1 10992258902170.371
a 11 68 0 1 14081128450698.387
a 11 69 0 1 18311631443189.8
a 11 70 0 1 4886316260945.074
a 11 71 0 1 10644858636683.408
a 11 72 0 1 12250094122201.865
a 11 73 0 1 9333778263166.863
a 11 74 0 1 11326924794998.2
a 11 75 0 1 12884872288122.117
a 11 76 0 1 15356292642617.924
a 11 77 0 1 11408324211603.91
a 11 78 0 1 18101949647763.984
a 11 79 0 1 16798417269243.209
a 11 80 0 1 7705721108643.404
a 11 81 0 1 7258369055012.043
a 12 15 0 1 13403468239122.441
a 12 16 0 1 8826392269080.422
a 12 17 0 1 3278840889924.203
a 12 18 0 1 11762057409530.174
a 12 19 0 1 14826167112323.684
a 12 20 0 1 3540297229418.6504
a 12 21 0 1 14017674878774.36
a 12 22 0 1 11610827529393.53
a 12 23 0 1 11437406125703.975
a 12 24 0 1 4371918237217.7505
a 12 25 0 1 3613133163952.637
a 12 26 0 1 15174678721010.385
a 12 27 0 1 14582298783006.121
a 12 28 0 1 9519609248395.45
a 12 29 0 1 4930102130897.925
a 12 30 0 1 8290419605637.244
a 12 31 0 1 16252431752505.217
a 12 32 0 1 15098232349600.2
a 12 33 0 1 12843588108568.896
a 12 34 0 1 15897646411620.059
a 12 35 0 1 10153251834145.943
a 12 36 0 1 7570169602686.198
a 12 37 0 1 11400105287516.44
a 12 38 0 1 4458607539931.28
a 12 39 0 1 8792482893234.418
a 12 40 0 1 8190733086973.265
a 12 41 0 1 14893712608879.287
a 12 42 0 1 3400372510242.6187
a 12 43 0 1 13536058971055.113
a 12 44 0 1 13681522619379.389
a 12 45 0 1 12973860383872.432
a 12 46 0 1 10912458639053.771
a 12 47 0 1 4152835876483.2495
a 12 48 0 1 13191193917761.646
a 12 49 0 1 13195747022048.33
a 12 50 0 1 11074591163246.818
a 12 51 0 1 13861034391775.943
a 12 52 0 1 5068053418940.676
a 12 53 0 1 14588467937683.566
a 12 54 0 1 8573492274551.157
a 12 55 0 1 11327507420051.12
a 12 56 0 1 15977544358560.79
a 12 57 0 1 10143511972863.6
a 12 58 0 1 7084061046585.49
a 12 59 0 1 10663352924610.887
a 12 60 0 1 7079533659007.244
a 12 61 0 1 16206736246170.598
a 12 62 0 1 6882506918779.939
a 12 63 0 1 8758799796991.042
a 12 64 0 1 13438218436728.557
a 12 65 0 1 9096357579065.912
a 12 66 0 1 12360813176489.633
a 12 67 0 1 9598070611802.818
a 12 68 0 1 12294612729023.479
a 12 69 0 1 15987390276030.197
a 12 70 0 1 4266947343199.5107
a 12 71 0 1 9294779553618.494
a 12 72 0 1 10696173464168.006
a 12 73 0 1 8150138536632.465
a 12 74 0 1 9890241259969.13
a 12 75 0 1 11250325879651.54
a 12 76 0 1 13407743092845.482
a 12 77 0 1 9961304299742.277
a 12 78 0 1 15804371220695.625
a 12 79 0 1 14666568348272.322
a 12 80 0 1 6728699335750.386
a 12 81 0 1 6338109223440.46
a 13 15 0 1 29573233097853.81
a 13 16 0 1 19462046872485.2
a 13 17 0 1 7224226723648.338
a 13 18 0 1 25945721987981.06
a 13 19 0 1 32718734563876.777
a 13 20 0 1 7800572685592.534
a 13 21 0 1 30931053900424.35
a 13 22 0 1 25611588022865.164
a 13 23 0 1 25228440447078.523
a 13 24 0 1 9634049256565.258
a 13 25 0 1 7961137324209.98
a 13 26 0 1 33489463050684.105
a 13 27 0 1 32179467762357.992
a 13 28 0 1 20992600029060.24
a 13 29 0 1 10864915729351.77
a 13 30 0 1 18278875537237.465
a 13 31 0 1 35873372913211.68
a 13 32 0 1 33320396567503.08
a 13 33 0 1 28335713903009.29
a 13 34 0 1 35088534856868.914
a 13 35 0 1 22391877146746.523
a 13 36 0 1 16689185561297.785
a 13 37 0 1 25146032473609.19
a 13 38 0 1 9825197689110.502
a 13 39 0 1 19387185961252.06
a 13 40 0 1 18058834819620.168
a 13 41 0 1 32868104619248.89
a 13 42 0 1 7492121928566.754
a 13 43 0 1 29866330497298.254
a 13 44 0 1 30187896482375.664
a 13 45 0 1 28623641232421.395
a 13 46 0 1 24068763505390.773
a 13 47 0 1 9150996881488.713
a 13 48 0 1 29104014318332.598
a 13 49 0 1 29114078372154.0
a 13 50 0 1 24426917146685.914
a 13 51 0 1 30584748172746.75
a 13 52 0 1 11169145248031.562
a 13 53 0 1 32193109181250.19
a 13 54 0 1 18903742652788.582
a 13 55 0 1 24985645954385.973
a 13 56 0 1 35265274244549.31
a 13 57 0 1 22370366679662.32
a 13 58 0 1 15616457527369.383
a 13 59 0 1 23518516029802.453
a 13 60 0 1 15606467321524.941
a 13 61 0 1 35772283281653.99
a 13 62 0 1 15171717137556.242
a 13 63 0 1 19312825300874.74
a 13 64 0 1 29650048826348.496
a 13 65 0 1 20058067959305.812
a 13 66 0 1 27268777555949.684
a 13 67 0 1 21165853396481.46
a 13 68 0 1 27122485241062.336
a 13 69 0 1 35287054318809.26
a 13 70 0 1 9402596381269.152
a 13 71 0 1 20496166409813.914
a 13 72 0 1 23591010855792.973
a 13 73 0 1 17969231130583.3
a 13 74 0 1 21811039207915.688
a 13 75 0 1 24815136531374.55
a 13 76 0 1 29582682673133.16
a 13 77 0 1 21967972089542.242
a 13 78 0 1 34882209132607.516
a 13 79 0 1 32365809168880.723
a 13 80 0 1 14832348905620.715
a 13 81 0 1 13970597805109.246
a 14 15 0 1 22810933937789.207
a 14 16 0 1 15015796854952.914
a 14 17 0 1 5575592064126.783
a 14 18 0 1 20014811842855.336
a 14 19 0 1 25235084744099.3
a 14 20 0 1 6020319421509.307
a 14 21 0 1 23857418190229.32
a 14 22 0 1 19757231096914.902
a 14 23 0 1 19461860629176.703
a 14 24 0 1 7435000146575.135
a 14 25 0 1 6144213937326.954
a 14 26 0 1 25829002407140.79
a 14 27 0 1 24819515364060.42
a 14 28 0 1 16196031374600.336
a 14 29 0 1 8384640174280.966
a 14 30 0 1 14103368889762.207
a 14 31 0 1 27665872613180.426
a 14 32 0 1 25698723097793.965
a 14 33 0 1 21857101836931.11
a 14 34 0 1 27061158164640.86
a 14 35 0 1 17274953486417.018
a 14 36 0 1 12877355804831.658
a 14 37 0 1 19398331111852.37
a 14 38 0 1 7582479317721.4375
a 14 39 0 1 14958067942464.184
a 14 40 0 1 13933673495697.021
a 14 41 0 1 25350190091311.332
a 14 42 0 1 5782310425316.685
a 14 43 0 1 23036832991018.523
a 14 44 0 1 23284669625282.71
a 14 45 0 1 22079030687293.414
a 14 46 0 1 18567823239329.12
a 14 47 0 1 7062298020728.134
a 14 48 0 1 22449285519780.594
a 14 49 0 1 22457042441307.168
a 14 50 0 1 18843942823501.242
a 14 51 0 1 23590524493517.58
a 14 52 0 1 8619350330385.626
a 14 53 0 1 24830027850023.03
a 14 54 0 1 14585255662834.89
a 14 55 0 1 19274685996340.21
a 14 56 0 1 27197337313612.51
a 14 57 0 1 17258368297217.293
a 14 58 0 1 12049980125185.908
a 14 59 0 1 18143598197234.18
a 14 60 0 1 12042274640906.807
a 14 61 0 1 27587984880946.26
a 14 62 0 1 11706946221564.797
a 14 63 0 1 14900724572444.148
a 14 64 0 1 22870138486982.832
a 14 65 0 1 15475409760929.305
a 14 66 0 1 21034698409324.555
a 14 67 0 1 16329623875484.941
a 14 68 0 1 20921931464088.832
a 14 69 0 1 27214118951587.7
a 14 70 0 1 7256422393339.84
a 14 71 0 1 15813233740110.186
a 14 72 0 1 18199490335569.414
a 14 73 0 1 13864570570078.672
a 14 74 0 1 16827104115776.871
a 14 75 0 1 19143235788475.727
a 14 76 0 1 22818217066521.684
a 14 77 0 1 16948107020217.17
a 14 78 0 1 26902180891494.977
a 14 79 0 1 24963114978017.363
a 14 80 0 1 11445181796072.098
a 14 81 0 1 10780467502646.787
a 15 1 0 3 0
a 16 1 0 3 0
a 17 1 0 3 0
a 18 1 0 3 0
a 19 1 0 3 0
a 20 1 0 3 0
a 21 1 0 3 0
a 22 1 0 3 0
a 23 1 0 3 0
a 24 1 0 3 0
a 25 1 0 3 0
a 26 1 0 3 0
a 27 1 0 3 0
a 28 1 0 3 0
a 29 1 0 3 0
a 30 1 0 3 0
a 31 1 0 3 0
a 32 1 0 3 0
a 33 1 0 3 0
a 34 1 0 3 0
a 35 1 0 3 0
a 36 1 0 3 0
a 37 1 0 3 0
a 38 1 0 3 0
a 39 1 0 3 0
a 40 1 0 3 0
a 41 1 0 3 0
a 42 1 0 3 0
a 43 1 0 3 0
a 44 1 0 3 0
a 45 1 0 3 0
a 46 1 0 3 0
a 47 1 0 3 0
a 48 1 0 3 0
a 49 1 0 3 0
a 50 1 0 3 0
a 51 1 0 3 0
a 52 1 0 3 0
a 53 1 0 3 0
a 54 1 0 3 0
a 55 1 0 3 0
a 56 1 0 3 0
a 57 1 0 3 0
a 58 1 0 3 0
a 59 1 0 3 0
a 60 1 0 3 0
a 61 1 0 3 0
a 62 1 0 3 0
a 63 1 0 3 0
a 64 1 0 3 0
a 65 1 0 3 0
a 66 1 0 3 0
a 67 1 0 3 0
a 68 1 0 3 0
a 69 1 0 3 0
a 70 1 0 3 0
a 71 1 0 3 0
a 72 1 0 3 0
a 73 1 0 3 0
a 74 1 0 3 0
a 75 1 0 3 0
a 76 1 0 3 0
a 77 1 0 3 0
a 78 1 0 3 0
a 79 1 0 3 0
a 80 1 0 3 0
a 81 1 0 3 0
