p min 81 937
n 0 13
n 1 -13
a 0 2 0 1 0
a 0 3 0 1 0
a 0 4 0 1 0
a 0 5 0 1 0
a 0 6 0 1 0
a 0 7 0 1 0
a 0 8 0 1 0
a 0 9 0 1 0
a 0 10 0 1 0
a 0 11 0 1 0
a 0 12 0 1 0
a 0 13 0 1 0
a 0 14 0 1 0
a 2 15 0 1 22207436342598.44
a 2 16 0 1 24043448728652.527
a 2 17 0 1 12325997226036.07
a 2 18 0 1 20920782208161.734
a 2 19 0 1 27382213633849.0
a 2 20 0 1 29769059914378.42
a 2 21 0 1 8594038060084.392
a 2 22 0 1 21968139195223.82
a 2 23 0 1 27617744951116.83
a 2 24 0 1 8386039883643.321
a 2 25 0 1 24997755547490.73
a 2 26 0 1 29098186571596.05
a 2 27 0 1 10514116449988.514
a 2 28 0 1 24705218159448.37
a 2 29 0 1 7732725336012.161
a 2 30 0 1 27356850890548.293
a 2 31 0 1 8068410441574.845
a 2 32 0 1 25026101633239.535
a 2 33 0 1 29422574701203.367
a 2 34 0 1 31516999741277.887
a 2 35 0 1 16055962598202.398
a 2 36 0 1 14763513015827.055
a 2 37 0 1 18660743133301.49
a 2 38 0 1 11231881081995.467
a 2 39 0 1 17803873008778.098
a 2 40 0 1 16142523282131.992
a 2 41 0 1 8560193227393.748
a 2 42 0 1 9079042027013.19
a 2 43 0 1 25335461321924.188
a 2 44 0 1 24339940487824.824
a 2 45 0 1 27731578065605.8
a 2 46 0 1 29550444804552.1
a 2 47 0 1 8724526052493.531
a 2 48 0 1 30259861694869.383
a 2 49 0 1 18215275238164.297
a 2 50 0 1 31479343329735.69
a 2 51 0 1 27001075656275.32
a 2 52 0 1 12905578365780.324
a 2 53 0 1 26462250352365.54
a 2 54 0 1 8261833326301.498
a 2 55 0 1 31071854069628.27
a 2 56 0 1 10032133462460.441
a 2 57 0 1 21592825967655.504
a 2 58 0 1 7472647403093.563
a 2 59 0 1 23476640946038.723
a 2 60 0 1 21981751905369.812
a 2 61 0 1 21015860577443.293
a 2 62 0 1 9249689718609.607
a 2 63 0 1 15866842286229.512
a 2 64 0 1 24496088727031.84
a 2 65 0 1 16054113516668.63
a 2 66 0 1 18637750412208.93
a 2 67 0 1 20793840170014.598
a 2 68 0 1 21841863997538.844
a 2 69 0 1 7547953120332.915
a 2 70 0 1 16746216113948.373
a 2 71 0 1 21540074546389.605
a 2 72 0 1 30988703050322.58
a 2 73 0 1 30477181852066.21
a 2 74 0 1 20906251703293.68
a 2 75 0 1 26517658350992.414
a 2 76 0 1 32073812732172.094
a 2 77 0 1 6764969049571.31
a 2 78 0 1 16117336516094.54
a 2 79 0 1 19153371275173.29
a 2 80 0 1 24787253382574.66
a 3 15 0 1 22242359489607.85
a 3 16 0 1 24081267179501.3
a 3 17 0 1 12345358852378.24
a 3 18 0 1 20953677093524.01
a 3 19 0 1 27425300300224.836
a 3 20 0 1 29815915257358.4
a 3 21 0 1 8607531729785.449
a 3 22 0 1 22002685072356.52
a 3 23 0 1 27661203414030.83
a 3 24 0 1 8399206655376.803
a 3 25 0 1 25037079378888.91
a 3 26 0 1 29143982439154.645
a 3 27 0 1 10530628529657.746
a 3 28 0 1 24744080489691.133
a 3 29 0 1 7744865435343.593
a 3 30 0 1 27399897521923.984
a 3 31 0 1 8081078044866.5205
a 3 32 0 1 25065470184513.3
a 3 33 0 1 29468882837616.08
a 3 34 0 1 31566616284879.207
a 3 35 0 1 16081194094720.865
a 3 36 0 1 14786710004530.828
a 3 37 0 1 18690076784790.375
a 3 38 0 1 11249521848390.291
a 3 39 0 1 17831856940980.93
a 3 40 0 1 16167891059705.617
a 3 41 0 1 8573633704179.492
a 3 42 0 1 9093298008593.883
a 3 43 0 1 25375317949943.24
a 3 44 0 1 24378226606999.555
a 3 45 0 1 27775216226334.12
a 3 46 0 1 29596954882040.203
a 3 47 0 1 8738224810166.549
a 3 48 0 1 30307492239439.223
a 3 49 0 1 18243907167052.133
a 3 50 0 1 31528900376200.887
a 3 51 0 1 27043560722380.082
a 3 52 0 1 12925851751336.744
a 3 53 0 1 26503885009739.496
a 3 54 0 1 8274804897690.445
a 3 55 0 1 31120767316045.223
a 3 56 0 1 10047887727490.525
a 3 57 0 1 21626780177308.87
a 3 58 0 1 7484378837540.115
a 3 59 0 1 23513565437269.008
a 3 60 0 1 22016319243401.51
a 3 61 0 1 21048905322281.355
a 3 62 0 1 9264213938403.99
a 3 63 0 1 15891776041380.104
a 3 64 0 1 24534621157933.477
a 3 65 0 1 16079342102024.383
a 3 66 0 1 18667047842685.832
a 3 67 0 1 20826534978531.07
a 3 68 0 1 21876210800757.516
a 3 69 0 1 7559802881414.62
a 3 70 0 1 16772534420576.377
a 3 71 0 1 21573945599474.707
a 3 72 0 1 31037484932290.93
a 3 73 0 1 30525155673077.805
a 3 74 0 1 20939123686430.004
a 3 75 0 1 26559380451957.49
a 3 76 0 1 32124309100697.33
a 3 77 0 1 6775588621050.589
a 3 78 0 1 16142664639367.955
a 3 79 0 1 19183481022315.242
a 3 80 0 1 24826245126810.695
a 4 15 0 1 20187878125833.867
a 4 16 0 1 21856501896582.465
a 4 17 0 1 11206222633561.602
a 4 18 0 1 19018489482760.527
a 4 19 0 1 24890707899286.574
a 4 20 0 1 27059697909785.355
a 4 21 0 1 7813604186540.721
a 4 22 0 1 19970392879714.254
a 4 23 0 1 25104746242146.273
a 4 24 0 1 7624511133699.381
a 4 25 0 1 22723779487680.465
a 4 26 0 1 26450068646576.598
a 4 27 0 1 9559126212198.734
a 4 28 0 1 22457922267177.715
a 4 29 0 1 7030571524363.515
a 4 30 0 1 24867659523008.91
a 4 31 0 1 7335749702006.159
a 4 32 0 1 22749540250188.562
a 4 33 0 1 26744844432089.434
a 4 34 0 1 28648027789115.54
a 4 35 0 1 14596763612455.752
a 4 36 0 1 13421956094209.086
a 4 37 0 1 16964353648969.354
a 4 38 0 1 10211620082603.629
a 4 39 0 1 16185524121528.719
a 4 40 0 1 14675444184614.969
a 4 41 0 1 7782835594320.281
a 4 42 0 1 8254522550493.565
a 4 43 0 1 23030683589691.695
a 4 44 0 1 22125956572538.156
a 4 45 0 1 25208191346777.188
a 4 46 0 1 26861041134604.22
a 4 47 0 1 7932231598897.261
a 4 48 0 1 27505688911986.07
a 4 49 0 1 16559459087128.277
a 4 50 0 1 28613810519601.043
a 4 51 0 1 24544347718533.848
a 4 52 0 1 11733079658400.375
a 4 53 0 1 24054684016139.22
a 4 54 0 1 7511593418954.683
a 4 55 0 1 28243535325375.71
a 4 56 0 1 9120967405007.1
a 4 57 0 1 19629287199983.21
a 4 58 0 1 6794127896001.845
a 4 59 0 1 21341376646517.883
a 4 60 0 1 19982764822549.81
a 4 61 0 1 19104903502153.168
a 4 62 0 1 8409657744940.488
a 4 63 0 1 14424859502284.59
a 4 64 0 1 22267864979591.438
a 4 65 0 1 14595082861780.879
a 4 66 0 1 16943455203556.912
a 4 67 0 1 18903115214346.375
a 4 68 0 1 19855627208231.0
a 4 69 0 1 6862590418911.731
a 4 70 0 1 15224175451714.707
a 4 71 0 1 19581343538769.812
a 4 72 0 1 28167977705421.676
a 4 73 0 1 27703166013954.977
a 4 74 0 1 19005283105926.29
a 4 75 0 1 24105036928895.02
a 4 76 0 1 29153984153581.66
a 4 77 0 1 6150752543800.0625
a 4 78 0 1 14652550327982.111
a 4 79 0 1 17412108685090.084
a 4 80 0 1 22532475830246.715
a 5 15 0 1 15852509110933.375
a 5 16 0 1 17162085672717.623
a 5 17 0 1 8801628189214.826
a 5 18 0 1 14934679913562.107
a 5 19 0 1 19543126940072.117
a 5 20 0 1 21244985230656.812
a 5 21 0 1 6137501064499.4
a 5 22 0 1 15681813419648.957
a 5 23 0 1 19711076346444.84
a 5 24 0 1 5988998501759.811
a 5 25 0 1 17842703478505.73
a 5 26 0 1 20766669288561.793
a 5 27 0 1 7508265859397.032
a 5 28 0 1 17634068477025.34
a 5 29 0 1 5522544237291.184
a 5 30 0 1 19525041470834.508
a 5 31 0 1 5762219577915.571
a 5 32 0 1 17862919434555.918
a 5 33 0 1 20997952573261.008
a 5 34 0 1 22491123064161.293
a 5 35 0 1 11463677363806.105
a 5 36 0 1 10541339604836.982
a 5 37 0 1 13322302064874.043
a 5 38 0 1 8020641294582.535
a 5 39 0 1 12710923044462.465
a 5 40 0 1 11525447322516.271
a 5 41 0 1 6113337316283.445
a 5 42 0 1 6483767024710.795
a 5 43 0 1 18083547149574.87
a 5 44 0 1 17373550109087.816
a 5 45 0 1 19792245948769.582
a 5 46 0 1 21089120445461.46
a 5 47 0 1 6230663348939.827
a 5 48 0 1 21594901211833.746
a 5 49 0 1 13004463898000.104
a 5 50 0 1 22464278646666.97
a 5 51 0 1 19271344818657.21
a 5 52 0 1 9215313988457.48
a 5 53 0 1 18887107238215.375
a 5 54 0 1 5900318907656.324
a 5 55 0 1 22173784350081.223
a 5 56 0 1 7164189274075.031
a 5 57 0 1 15414089165206.51
a 5 58 0 1 5336847913711.033
a 5 59 0 1 16757814387352.178
a 5 60 0 1 15691523724607.66
a 5 61 0 1 15002506326790.197
a 5 62 0 1 6605597390836.337
a 5 63 0 1 11328719326056.682
a 5 64 0 1 17484916799390.574
a 5 65 0 1 11462357849936.895
a 5 66 0 1 13305897150933.941
a 5 67 0 1 14844122131795.756
a 5 68 0 1 15591737576839.553
a 5 69 0 1 5390616719686.374
a 5 70 0 1 11956234498409.252
a 5 71 0 1 15376459171344.654
a 5 72 0 1 22114506005911.36
a 5 73 0 1 21749835483562.61
a 5 74 0 1 14924314195262.947
a 5 75 0 1 18926619442108.543
a 5 76 0 1 22888054849422.426
a 5 77 0 1 4831547619995.001
a 5 78 0 1 11507474008545.928
a 5 79 0 1 13673777855071.795
a 5 80 0 1 17692575657863.992
a 6 15 0 1 8758229769387.19
a 6 16 0 1 9481107759159.617
a 6 17 0 1 4864509813018.287
a 6 18 0 1 8251535645261.879
a 6 19 0 1 10795177302129.525
a 6 20 0 1 11734215654604.76
a 6 21 0 1 3392557584111.021
a 6 22 0 1 8663999632134.43
a 6 23 0 1 10887854476505.746
a 6 24 0 1 3310496803150.057
a 6 25 0 1 9856765922383.172
a 6 26 0 1 11470310806042.035
a 6 27 0 1 4149966914313.8945
a 6 28 0 1 9741615345156.912
a 6 29 0 1 3052731462171.9546
a 6 30 0 1 10785197354526.19
a 6 31 0 1 3185178997238.1514
a 6 32 0 1 9867923453523.963
a 6 33 0 1 11597920097314.82
a 6 34 0 1 12421695455347.44
a 6 35 0 1 6334910353694.771
a 6 36 0 1 5825496645027.557
a 6 37 0 1 7361294860528.472
a 6 38 0 1 4433049970369.385
a 6 39 0 1 7023695986202.44
a 6 40 0 1 6369024611028.046
a 6 41 0 1 3379205064711.7085
a 6 42 0 1 3583895231206.7383
a 6 43 0 1 9989690141671.984
a 6 44 0 1 9597825634582.988
a 6 45 0 1 10932644588322.855
a 6 46 0 1 11648220636653.818
a 6 47 0 1 3444037333078.1226
a 6 48 0 1 11927269175820.924
a 6 49 0 1 7185789683057.025
a 6 50 0 1 12406886633343.781
a 6 51 0 1 10645200168477.045
a 6 52 0 1 5093038388738.497
a 6 53 0 1 10433159724965.54
a 6 54 0 1 3261492896957.543
a 6 55 0 1 12246631757329.932
a 6 56 0 1 3959859148586.379
a 6 57 0 1 8516202909948.614
a 6 58 0 1 2950111146141.0093
a 6 59 0 1 9257962983458.797
a 6 60 0 1 8669360112877.214
a 6 61 0 1 8288981339572.2705
a 6 62 0 1 3651213928960.826
a 6 63 0 1 6260375093969.688
a 6 64 0 1 9659293497675.717
a 6 65 0 1 6334181611390.275
a 6 66 0 1 7352236468907.4
a 6 67 0 1 8201539979142.341
a 6 68 0 1 8614273870927.863
a 6 69 0 1 2979825301214.4985
a 6 70 0 1 6606933325228.349
a 6 71 0 1 8495429008297.893
a 6 72 0 1 12213929513896.512
a 6 73 0 1 12012746344564.48
a 6 74 0 1 8245812902964.386
a 6 75 0 1 10454964812964.95
a 6 76 0 1 12640659550087.984
a 6 77 0 1 2670859945391.982
a 6 78 0 1 6359098347735.523
a 6 79 0 1 7555367501022.647
a 6 80 0 1 9773907088028.273
a 7 15 0 1 13035024407267.854
a 7 16 0 1 14111470095651.348
a 7 17 0 1 7238348884036.359
a 7 18 0 1 12280552762946.344
a 7 19 0 1 16068490235493.97
a 7 20 0 1 17467160705879.488
a 7 21 0 1 5047679065793.71
a 7 22 0 1 12894711713373.758
a 7 23 0 1 16206523623264.639
a 7 24 0 1 4925560718289.068
a 7 25 0 1 14670901470202.268
a 7 26 0 1 17074067110381.77
a 7 27 0 1 6174867217068.256
a 7 28 0 1 14499416335092.232
a 7 29 0 1 4541975819707.771
a 7 30 0 1 16053626187051.752
a 7 31 0 1 4739071815327.306
a 7 32 0 1 14687517664349.082
a 7 33 0 1 17264143230912.61
a 7 34 0 1 18491235861014.02
a 7 35 0 1 9427071447279.889
a 7 36 0 1 8668757292719.023
a 7 37 0 1 10955081275800.83
a 7 38 0 1 6596180392453.2295
a 7 39 0 1 10452468085882.79
a 7 40 0 1 9477855544272.723
a 7 41 0 1 5027808503008.166
a 7 42 0 1 5332421619209.249
a 7 43 0 1 14868858326007.52
a 7 44 0 1 14285284205440.184
a 7 45 0 1 16273234534574.49
a 7 46 0 1 17339067455850.535
a 7 47 0 1 5124288975933.488
a 7 48 0 1 17754726689178.258
a 7 49 0 1 10693788871016.791
a 7 50 0 1 18469175690329.33
a 7 51 0 1 15845117339691.305
a 7 52 0 1 7578494784793.561
a 7 53 0 1 15529315052308.887
a 7 54 0 1 4852636333497.629
a 7 55 0 1 18230452108658.035
a 7 56 0 1 5891936910325.471
a 7 57 0 1 12674639088404.658
a 7 58 0 1 4389267910306.419
a 7 59 0 1 13779173366932.287
a 7 60 0 1 12902693657919.662
a 7 61 0 1 12336308231336.51
a 7 62 0 1 5432604603812.196
a 7 63 0 1 9316115412503.904
a 7 64 0 1 14376821933348.566
a 7 65 0 1 9425986609144.115
a 7 66 0 1 10941595000723.7
a 7 67 0 1 12206111145239.77
a 7 68 0 1 12820668533937.918
a 7 69 0 1 4433484962901.792
a 7 70 0 1 9832023128850.215
a 7 71 0 1 12643706577782.596
a 7 72 0 1 18181737760878.57
a 7 73 0 1 17882052582124.19
a 7 74 0 1 12272031799247.316
a 7 75 0 1 15561790096935.475
a 7 76 0 1 18817423113724.94
a 7 77 0 1 3973726878225.653
a 7 78 0 1 9463078819138.3
a 7 79 0 1 11244022960487.662
a 7 80 0 1 14547505786133.271
a 8 15 0 1 13617241901615.174
a 8 16 0 1 14741849361804.14
a 8 17 0 1 7561428837032.116
a 8 18 0 1 12829021513405.172
a 8 19 0 1 16786461430833.215
a 8 20 0 1 18247758596634.227
a 8 21 0 1 5272920239766.289
a 8 22 0 1 13470652329036.88
a 8 23 0 1 16930674447300.518
a 8 24 0 1 5145349410648.877
a 8 25 0 1 15326315448674.332
a 8 26 0 1 17837061762086.914
a 8 27 0 1 6450443957660.167
a 8 28 0 1 15147155947148.379
a 8 29 0 1 4744638810253.551
a 8 30 0 1 16770931944756.17
a 8 31 0 1 4950534243899.941
a 8 32 0 1 15343675273734.322
a 8 33 0 1 18035649528998.324
a 8 34 0 1 19317700978409.473
a 8 35 0 1 9847954713234.994
a 8 36 0 1 9055749375893.838
a 8 37 0 1 11444274361422.32
a 8 38 0 1 6890574743295.491
a 8 39 0 1 10919189031481.143
a 8 40 0 1 9901008714592.422
a 8 41 0 1 5252162462137.072
a 8 42 0 1 5570376931082.554
a 8 43 0 1 15533131736844.848
a 8 44 0 1 14923441341421.402
a 8 45 0 1 17000372018731.334
a 8 46 0 1 18113928982538.477
a 8 47 0 1 5352950799782.768
a 8 48 0 1 18548203210545.684
a 8 49 0 1 11171299075935.16
a 8 50 0 1 19294652637272.15
a 8 51 0 1 16553088769214.598
a 8 52 0 1 7916770816309.122
a 8 53 0 1 16223149833295.451
a 8 54 0 1 5069169089724.076
a 8 55 0 1 19045235929370.64
a 8 56 0 1 6154877869226.516
a 8 57 0 1 13240735197104.97
a 8 58 0 1 4585113475415.544
a 8 59 0 1 14394683855329.943
a 8 60 0 1 13478991339637.973
a 8 61 0 1 12887270804993.86
a 8 62 0 1 5675033427758.432
a 8 63 0 1 9732039356482.387
a 8 64 0 1 15019075349298.08
a 8 65 0 1 9846821386228.295
a 8 66 0 1 11430185071347.38
a 8 67 0 1 12751250333031.203
a 8 68 0 1 13393296918474.555
a 8 69 0 1 4631304509102.534
a 8 70 0 1 10271007351626.38
a 8 71 0 1 13208419024508.574
a 8 72 0 1 18994339599165.695
a 8 73 0 1 18681231672896.72
a 8 74 0 1 12820119428117.863
a 8 75 0 1 16257078548984.768
a 8 76 0 1 19658500180954.4
a 8 77 0 1 4151022478165.976
a 8 78 0 1 9885571509108.16
a 8 79 0 1 11746136033762.762
a 8 80 0 1 15197397483209.338
a 9 15 0 1 9192417105271.215
a 9 16 0 1 9951172688528.273
a 9 17 0 1 5105553358857.184
a 9 18 0 1 8660578675842.031
a 9 19 0 1 11330477665625.959
a 9 20 0 1 12316146165197.51
a 9 21 0 1 3560633851157.701
a 9 22 0 1 9093510637024.445
a 9 23 0 1 11427756471309.404
a 9 24 0 1 3474505935779.0947
a 9 25 0 1 10345477843840.414
a 9 26 0 1 12039135434537.502
a 9 27 0 1 4355586061376.156
a 9 28 0 1 10224611220193.037
a 9 29 0 1 3203965634220.329
a 9 30 0 1 11320002197201.17
a 9 31 0 1 3342977226390.8374
a 9 32 0 1 10357189240545.78
a 9 33 0 1 12173081876448.467
a 9 34 0 1 13037771095265.08
a 9 35 0 1 6648870178899.479
a 9 36 0 1 6114192016956.924
a 9 37 0 1 7726167835289.716
a 9 38 0 1 4652702598501.88
a 9 39 0 1 7371821190014.396
a 9 40 0 1 6684676449334.882
a 9 41 0 1 3546619542516.908
a 9 42 0 1 3761454976596.188
a 9 43 0 1 10485000586592.568
a 9 44 0 1 10073684046988.684
a 9 45 0 1 11474770550421.086
a 9 46 0 1 12225880423143.879
a 9 47 0 1 3614665104449.356
a 9 48 0 1 12518787522424.945
a 9 49 0 1 7541955940141.995
a 9 50 0 1 13022226702198.082
a 9 51 0 1 11173054046460.576
a 9 52 0 1 5345412828780.254
a 9 53 0 1 10950486084668.535
a 9 54 0 1 3423073313764.8516
a 9 55 0 1 12854011952284.992
a 9 56 0 1 4156054484746.5063
a 9 57 0 1 8938379465380.133
a 9 58 0 1 3096259632894.5493
a 9 59 0 1 9716952211061.488
a 9 60 0 1 9099137137892.799
a 9 61 0 1 8699882478497.144
a 9 62 0 1 3832110369329.7534
a 9 63 0 1 6570638136946.59
a 9 64 0 1 10138203033903.22
a 9 65 0 1 6648105292283.93
a 9 66 0 1 7716660052681.901
a 9 67 0 1 8608102180229.966
a 9 68 0 1 9041317193183.215
a 9 69 0 1 3127446357104.4116
a 9 70 0 1 6934385446624.459
a 9 71 0 1 8916574674641.533
a 9 72 0 1 12819685423398.344
a 9 73 0 1 12608509983651.436
a 9 74 0 1 8654571964454.494
a 9 75 0 1 10973373740603.45
a 9 76 0 1 13267611693367.605
a 9 77 0 1 2803169864405.3696
a 9 78 0 1 6674257857674.526
a 9 79 0 1 7929868745326.514
a 9 80 0 1 10258505901212.686
a 10 15 0 1 22015211906832.336
a 10 16 0 1 23835288375482.22
a 10 17 0 1 12219425470989.477
a 10 18 0 1 20739721481291.707
a 10 19 0 1 27145056899313.676
a 10 20 0 1 29511160436119.734
a 10 21 0 1 8519764837602.372
a 10 22 0 1 21777991279450.375
a 10 23 0 1 27378541848391.676
a 10 24 0 1 8313565988295.791
a 10 25 0 1 24781309521254.617
a 10 26 0 1 28846118419521.812
a 10 27 0 1 10423229195293.912
a 10 28 0 1 24491312251525.992
a 10 29 0 1 7665902504822.32
a 10 30 0 1 27119914508730.652
a 10 31 0 1 7998684094298.635
a 10 32 0 1 24809409467360.023
a 10 33 0 1 29167687033026.01
a 10 34 0 1 31243902727425.77
a 10 35 0 1 15917082062055.408
a 10 36 0 1 14635830730559.648
a 10 37 0 1 18499283795013.016
a 10 38 0 1 11134781291693.87
a 10 39 0 1 17649842688193.086
a 10 40 0 1 16002892634848.092
a 10 41 0 1 8486212791787.182
a 10 42 0 1 9000572855123.916
a 10 43 0 1 25116082766849.316
a 10 44 0 1 24129206068009.31
a 10 45 0 1 27491385906498.63
a 10 46 0 1 29294445657896.418
a 10 47 0 1 8649123975614.45
a 10 48 0 1 29997695532329.695
a 10 49 0 1 18057678263812.426
a 10 50 0 1 31206573785032.652
a 10 51 0 1 26767230132120.492
a 10 52 0 1 12793988111632.715
a 10 53 0 1 26233085486469.773
a 10 54 0 1 8190433862274.214
a 10 55 0 1 30802627968832.766
a 10 56 0 1 9945417389164.473
a 10 57 0 1 21405934633765.82
a 10 58 0 1 7408073969044.8955
a 10 59 0 1 23273400990204.76
a 10 60 0 1 21791485867265.633
a 10 61 0 1 20833975011274.44
a 10 62 0 1 9169744099696.184
a 10 63 0 1 15729600563250.791
a 10 64 0 1 24283998597567.875
a 10 65 0 1 15915249003992.213
a 10 66 0 1 18476490438543.28
a 10 67 0 1 20613880683409.54
a 10 68 0 1 21652811799100.184
a 10 69 0 1 7482728385764.175
a 10 70 0 1 16601353618074.725
a 10 71 0 1 21353640912676.055
a 10 72 0 1 30720199973427.523
a 10 73 0 1 30213126308774.188
a 10 74 0 1 20725317032239.973
a 10 75 0 1 26288012194414.613
a 10 76 0 1 31795873211026.05
a 10 77 0 1 6706515603609.502
a 10 78 0 1 15977924131942.63
a 10 79 0 1 18987640219626.832
a 10 80 0 1 24572635175388.09
a 11 15 0 1 15827014619375.43
a 11 16 0 1 17134480922349.895
a 11 17 0 1 8787484613524.846
a 11 18 0 1 14910664038359.701
a 11 19 0 1 19511683738819.688
a 11 20 0 1 21210797194210.844
a 11 21 0 1 6127641567695.961
a 11 22 0 1 15656593941260.516
a 11 23 0 1 19679362316433.7
a 11 24 0 1 5979377728938.24
a 11 25 0 1 17814001725977.746
a 11 26 0 1 20733252810527.523
a 11 27 0 1 7496202416905.597
a 11 28 0 1 17605703015234.637
a 11 29 0 1 5513673255900.408
a 11 30 0 1 19493627432889.695
a 11 31 0 1 5752963345824.465
a 11 32 0 1 17834185095848.312
a 11 33 0 1 20964163029055.977
a 11 34 0 1 22454924518254.41
a 11 35 0 1 11445250429176.838
a 11 36 0 1 10524397050648.191
a 11 37 0 1 13300882963675.5
a 11 38 0 1 8007753865299.954
a 11 39 0 1 12690488332490.617
a 11 40 0 1 11506920966076.2
a 11 41 0 1 6103516664254.909
a 11 42 0 1 6473350859464.362
a 11 43 0 1 18054457170335.11
a 11 44 0 1 17345604544195.588
a 11 45 0 1 19760401024029.97
a 11 46 0 1 21055183839571.637
a 11 47 0 1 6220654085768.29
a 11 48 0 1 21560148681716.18
a 11 49 0 1 12983556569389.54
a 11 50 0 1 22428123417413.1
a 11 51 0 1 19240339860655.207
a 11 52 0 1 9200504945398.812
a 11 53 0 1 18856721808933.22
a 11 54 0 1 5890840687047.6
a 11 55 0 1 22138097850743.73
a 11 56 0 1 7152679110747.868
a 11 57 0 1 15389301004004.88
a 11 58 0 1 5328275403330.175
a 11 59 0 1 16730861149727.371
a 11 60 0 1 15666288601932.742
a 11 61 0 1 14978381194390.398
a 11 62 0 1 6594985356584.748
a 11 63 0 1 11310509608170.084
a 11 64 0 1 17456791739569.344
a 11 65 0 1 11443933039115.32
a 11 66 0 1 13284504465304.768
a 11 67 0 1 14820252127630.955
a 11 68 0 1 15566663218109.29
a 11 69 0 1 5381957787635.485
a 11 70 0 1 11937014729390.56
a 11 71 0 1 15351731631820.648
a 11 72 0 1 22078915151881.227
a 11 73 0 1 21714832994896.082
a 11 74 0 1 14900315017377.783
a 11 75 0 1 18896170307513.75
a 11 76 0 1 22851215775784.766
a 11 77 0 1 4823787217833.27
a 11 78 0 1 11488976581190.559
a 11 79 0 1 13651792775544.707
a 11 80 0 1 17664115892225.023
a 12 15 0 1 20445791804989.004
a 12 16 0 1 22135787741294.73
a 12 17 0 1 11349239695121.047
a 12 18 0 1 19261430284942.76
a 12 19 0 1 25208877958238.87
a 12 20 0 1 27405681062909.836
a 12 21 0 1 7913284214734.828
a 12 22 0 1 20225521564072.75
a 12 23 0 1 25425660302499.09
a 12 24 0 1 7721776711158.39
a 12 25 0 1 23014176933595.457
a 12 26 0 1 26788233064161.926
a 12 27 0 1 9681099115211.78
a 12 28 0 1 22744913299033.812
a 12 29 0 1 7120254025749.782
a 12 30 0 1 25185534106731.707
a 12 31 0 1 7429328409980.982
a 12 32 0 1 23040267778571.047
a 12 33 0 1 27086789326486.65
a 12 34 0 1 29014387120604.766
a 12 35 0 1 14783125438644.59
a 12 36 0 1 13593295269969.691
a 12 37 0 1 17181003136277.938
a 12 38 0 1 10341928619088.56
a 12 39 0 1 16392208498963.678
a 12 40 0 1 14862812272237.938
a 12 41 0 1 7882122743873.083
a 12 42 0 1 8359832895919.518
a 12 43 0 1 23325013643754.688
a 12 44 0 1 22408694442555.31
a 12 45 0 1 25530431636892.004
a 12 46 0 1 27204476314202.98
a 12 47 0 1 8033426385648.956
a 12 48 0 1 27857392779590.523
a 12 49 0 1 16770927729876.684
a 12 50 0 1 28979730809080.457
a 12 51 0 1 24858077681820.438
a 12 52 0 1 11882829825171.992
a 12 53 0 1 24362137444568.938
a 12 54 0 1 7607417247735.373
a 12 55 0 1 28604704835480.125
a 12 56 0 1 9237343524746.17
a 12 57 0 1 19880048159694.793
a 12 58 0 1 6880791914697.27
a 12 59 0 1 21614063746120.344
a 12 60 0 1 20238051931321.094
a 12 61 0 1 19348950611557.332
a 12 62 0 1 8516949230497.982
a 12 63 0 1 14609022876968.191
a 12 64 0 1 22552420947248.035
a 12 65 0 1 14781423192717.566
a 12 66 0 1 17159837271998.762
a 12 67 0 1 19144578983243.957
a 12 68 0 1 20109286324326.92
a 12 69 0 1 6950128425602.748
a 12 70 0 1 15418561885715.97
a 12 71 0 1 19831490626524.17
a 12 72 0 1 28528177831329.42
a 12 73 0 1 28057403105052.5
a 12 74 0 1 19248054836697.375
a 12 75 0 1 24413135750522.777
a 12 76 0 1 29526835823443.637
a 12 77 0 1 6229203957382.537
a 12 78 0 1 14839625619629.205
a 12 79 0 1 17634488009509.855
a 12 80 0 1 22820422091528.703
a 13 15 0 1 20722582947292.816
a 13 16 0 1 22435516870043.46
a 13 17 0 1 11502720388184.037
a 13 18 0 1 19522151709435.914
a 13 19 0 1 25550340733737.598
a 13 20 0 1 27776995549431.035
a 13 21 0 1 8020256078056.911
a 13 22 0 1 20499323687581.32
a 13 23 0 1 25770068188894.445
a 13 24 0 1 7826157440680.401
a 13 25 0 1 23325831841848.336
a 13 26 0 1 27151155685099.63
a 13 27 0 1 9811995327549.266
a 13 28 0 1 23052912188955.285
a 13 29 0 1 7216496789340.155
a 13 30 0 1 25526679751676.39
a 13 31 0 1 7529752480509.192
a 13 32 0 1 23352276956332.55
a 13 33 0 1 27453769537363.746
a 13 34 0 1 29407571550156.223
a 13 35 0 1 14983124220992.127
a 13 36 0 1 13777171465794.723
a 13 37 0 1 17413507548742.592
a 13 38 0 1 10481770562473.21
a 13 39 0 1 16614018003504.111
a 13 40 0 1 15063890997115.846
a 13 41 0 1 7988672978540.862
a 13 42 0 1 8472847099672.498
a 13 43 0 1 23640889328583.734
a 13 44 0 1 22712128529448.168
a 13 45 0 1 25876262954601.29
a 13 46 0 1 27573056051846.59
a 13 47 0 1 8142023855043.783
a 13 48 0 1 28234847341050.223
a 13 49 0 1 16997871870601.658
a 13 50 0 1 29372444008487.547
a 13 51 0 1 25194774952572.707
a 13 52 0 1 12043536499388.027
a 13 53 0 1 24692098198274.48
a 13 54 0 1 7710250726681.48
a 13 55 0 1 28992318960952.844
a 13 56 0 1 9362233336782.955
a 13 57 0 1 20149162594456.418
a 13 58 0 1 6973795327014.86
a 13 59 0 1 21906710651066.074
a 13 60 0 1 20512024085039.746
a 13 61 0 1 19610859382078.555
a 13 62 0 1 8632089556876.908
a 13 63 0 1 14806662233243.506
a 13 64 0 1 22857806347798.746
a 13 65 0 1 14981398905879.992
a 13 66 0 1 17392054680423.822
a 13 67 0 1 19403715180331.04
a 13 68 0 1 20381511223093.195
a 13 69 0 1 7044069776933.821
a 13 70 0 1 15627172873088.371
a 13 71 0 1 20099946220015.957
a 13 72 0 1 28914751505425.023
a 13 73 0 1 28437576594853.0
a 13 74 0 1 19508594805076.445
a 13 75 0 1 24743789194787.473
a 13 76 0 1 29926988585251.445
a 13 77 0 1 6313393855012.314
a 13 78 0 1 15040390109190.684
a 13 79 0 1 17873141908601.3
a 13 80 0 1 23129446204513.223
a 14 15 0 1 11581354502780.889
a 14 16 0 1 12537581279411.846
a 14 17 0 1 6431604661783.167
a 14 18 0 1 10911127496490.686
a 14 19 0 1 14275970944349.19
a 14 20 0 1 15518333904707.072
a 14 21 0 1 4485220232775.343
a 14 22 0 1 11456710170564.184
a 14 23 0 1 14398580489096.629
a 14 24 0 1 4376716292519.7017
a 14 25 0 1 13034524147220.533
a 14 26 0 1 15169174746217.627
a 14 27 0 1 5486727352850.731
a 14 28 0 1 12882194668484.738
a 14 29 0 1 4035893280146.893
a 14 30 0 1 14262767777877.527
a 14 31 0 1 4211017514665.39
a 14 32 0 1 13049284202477.408
a 14 33 0 1 15338007289983.059
a 14 34 0 1 16427935848514.943
a 14 35 0 1 8376149620322.25
a 14 36 0 1 7702446658021.559
a 14 37 0 1 9733627262262.87
a 14 38 0 1 5861056835037.1
a 14 39 0 1 9287113656319.73
a 14 40 0 1 8421266859354.24
a 14 41 0 1 4467564969893.682
a 14 42 0 1 4738216840493.493
a 14 43 0 1 13210367501600.654
a 14 44 0 1 12691981111901.127
a 14 45 0 1 14457836970831.021
a 14 46 0 1 15404557492696.398
a 14 47 0 1 4553289086306.08
a 14 48 0 1 15773757596331.379
a 14 49 0 1 9501499943666.8
a 14 50 0 1 16408341861422.428
a 14 51 0 1 14077556800948.137
a 14 52 0 1 6733810483248.123
a 14 53 0 1 13797038993695.69
a 14 54 0 1 4311921746403.1865
a 14 55 0 1 16196305311728.553
a 14 56 0 1 5235346387391.416
a 14 57 0 1 11261211590166.105
a 14 58 0 1 3900208251566.2417
a 14 59 0 1 12242398723615.676
a 14 60 0 1 11463800803725.168
a 14 61 0 1 10960657729462.46
a 14 62 0 1 4827229984893.572
a 14 63 0 1 8277574660024.888
a 14 64 0 1 12773294197731.498
a 14 65 0 1 8375185835652.539
a 14 66 0 1 9721646344160.35
a 14 67 0 1 10844997358137.988
a 14 68 0 1 11390935023405.295
a 14 69 0 1 3939496330501.041
a 14 70 0 1 8735912218544.364
a 14 71 0 1 11233733018358.44
a 14 72 0 1 16153036605876.0
a 14 73 0 1 15886851209156.893
a 14 74 0 1 10903557913129.045
a 14 75 0 1 13825885717972.354
a 14 76 0 1 16717656189435.277
a 14 77 0 1 3530986328400.404
a 14 78 0 1 8408139034482.058
a 14 79 0 1 9990315872449.588
a 14 80 0 1 12924912380605.584
a 15 1 0 4 0
a 16 1 0 4 0
a 17 1 0 4 0
a 18 1 0 4 0
a 19 1 0 4 0
a 20 1 0 4 0
a 21 1 0 4 0
a 22 1 0 4 0
a 23 1 0 4 0
a 24 1 0 4 0
a 25 1 0 4 0
a 26 1 0 4 0
a 27 1 0 4 0
a 28 1 0 4 0
a 29 1 0 4 0
a 30 1 0 4 0
a 31 1 0 4 0
a 32 1 0 4 0
a 33 1 0 4 0
a 34 1 0 4 0
a 35 1 0 4 0
a 36 1 0 4 0
a 37 1 0 4 0
a 38 1 0 4 0
a 39 1 0 4 0
a 40 1 0 4 0
a 41 1 0 4 0
a 42 1 0 4 0
a 43 1 0 4 0
a 44 1 0 4 0
a 45 1 0 4 0
a 46 1 0 4 0
a 47 1 0 4 0
a 48 1 0 4 0
a 49 1 0 4 0
a 50 1 0 4 0
a 51 1 0 4 0
a 52 1 0 4 0
a 53 1 0 4 0
a 54 1 0 4 0
a 55 1 0 4 0
a 56 1 0 4 0
a 57 1 0 4 0
a 58 1 0 4 0
a 59 1 0 4 0
a 60 1 0 4 0
a 61 1 0 4 0
a 62 1 0 4 0
a 63 1 0 4 0
a 64 1 0 4 0
a 65 1 0 4 0
a 66 1 0 4 0
a 67 1 0 4 0
a 68 1 0 4 0
a 69 1 0 4 0
a 70 1 0 4 0
a 71 1 0 4 0
a 72 1 0 4 0
a 73 1 0 4 0
a 74 1 0 4 0
a 75 1 0 4 0
a 76 1 0 4 0
a 77 1 0 4 0
a 78 1 0 4 0
a 79 1 0 4 0
a 80 1 0 4 0
