p min 81 937
n 0 13
n 1 -13
a 0 2 0 1 0
a 0 3 0 1 0
a 0 4 0 1 0
a 0 5 0 1 0
a 0 6 0 1 0
a 0 7 0 1 0
a 0 8 0 1 0
a 0 9 0 1 0
a 0 10 0 1 0
a 0 11 0 1 0
a 0 12 0 1 0
a 0 13 0 1 0
a 0 14 0 1 0
a 2 15 0 1 26047451815642.74
a 2 16 0 1 13797406433747.56
a 2 17 0 1 8862615737102.633
a 2 18 0 1 18295054763322.32
a 2 19 0 1 11348995722177.395
a 2 20 0 1 13341333779449.158
a 2 21 0 1 12109388090677.014
a 2 22 0 1 18729272649825.348
a 2 23 0 1 7003693657711.854
a 2 24 0 1 20347301927539.65
a 2 25 0 1 22528220022946.188
a 2 26 0 1 16548081344856.963
a 2 27 0 1 27252771694956.836
a 2 28 0 1 9171919881638.9
a 2 29 0 1 20841129278152.203
a 2 30 0 1 26338104674970.418
a 2 31 0 1 13263792765987.234
a 2 32 0 1 10501221190118.246
a 2 33 0 1 22379921968628.01
a 2 34 0 1 26752396151971.49
a 2 35 0 1 11240562836854.06
a 2 36 0 1 21181540918856.016
a 2 37 0 1 11908938430591.99
a 2 38 0 1 25175435988702.227
a 2 39 0 1 25944461335239.926
a 2 40 0 1 23055275692897.08
a 2 41 0 1 19422444956910.453
a 2 42 0 1 12894263945042.57
a 2 43 0 1 26134270857513.29
a 2 44 0 1 17998245791577.473
a 2 45 0 1 22083654052137.29
a 2 46 0 1 24236712987119.13
a 2 47 0 1 24675136724193.04
a 2 48 0 1 14975561631666.258
a 2 49 0 1 15602834447605.791
a 2 50 0 1 23934647557521.57
a 2 51 0 1 10032282914925.238
a 2 52 0 1 10052660840868.521
a 2 53 0 1 20017593919711.62
a 2 54 0 1 29017343927420.87
a 2 55 0 1 11973510023470.258
a 2 56 0 1 11447514488003.05
a 2 57 0 1 23173954918046.312
a 2 58 0 1 11873451345353.277
a 2 59 0 1 13051784853727.652
a 2 60 0 1 24492994518508.37
a 2 61 0 1 27024850941696.02
a 2 62 0 1 12289387547786.424
a 2 63 0 1 18858600046520.305
a 2 64 0 1 27412185238378.008
a 2 65 0 1 20895393789056.223
a 2 66 0 1 24348253106512.438
a 2 67 0 1 17911882550654.438
a 2 68 0 1 7155888447974.733
a 2 69 0 1 10468566147583.547
a 2 70 0 1 20057026040556.55
a 2 71 0 1 23416106812144.715
a 2 72 0 1 13503636495027.408
a 2 73 0 1 11160769882040.582
a 2 74 0 1 28331095276574.06
a 2 75 0 1 23837609072523.535
a 2 76 0 1 21586157195098.504
a 2 77 0 1 29127157599885.773
a 2 78 0 1 9041611950785.455
a 2 79 0 1 8868152465181.367
a 2 80 0 1 9174724357454.938
a 3 15 0 1 14470346677143.377
a 3 16 0 1 7669786956111.93
a 3 17 0 1 4927848314827.245
a 3 18 0 1 10167628324730.83
a 3 19 0 1 6309539197753.547
a 3 20 0 1 7416435441349.594
a 3 21 0 1 6732021972334.747
a 3 22 0 1 10408717331655.93
a 3 23 0 1 3894608594174.234
a 3 24 0 1 11306994646760.344
a 3 25 0 1 12517533985657.68
a 3 26 0 1 9197555141299.404
a 3 27 0 1 15139013653499.729
a 3 28 0 1 5099748953562.242
a 3 29 0 1 11581121904723.57
a 3 30 0 1 14631597714441.299
a 3 31 0 1 7373359695666.133
a 3 32 0 1 5838467129838.915
a 3 33 0 1 12435228310465.326
a 3 34 0 1 14861433803713.607
a 3 35 0 1 6249289957388.822
a 3 36 0 1 11770078879518.414
a 3 37 0 1 6620653018656.168
a 3 38 0 1 13986532973396.22
a 3 39 0 1 14413207528679.902
a 3 40 0 1 12810040667806.156
a 3 41 0 1 10793562315453.746
a 3 42 0 1 7168073577239.674
a 3 43 0 1 14518513438199.053
a 3 44 0 1 10002826134196.834
a 3 45 0 1 12270795362233.252
a 3 46 0 1 13465660316045.04
a 3 47 0 1 13708936332032.848
a 3 48 0 1 8324205585107.993
a 3 49 0 1 8672598637281.895
a 3 50 0 1 13298041511276.8
a 3 51 0 1 5577880624371.848
a 3 52 0 1 5589204789264.616
a 3 53 0 1 11123963544008.63
a 3 54 0 1 16117784161555.299
a 3 55 0 1 6656528962407.8955
a 3 56 0 1 6364279214502.471
a 3 57 0 1 12875903383781.855
a 3 58 0 1 6600936311434.194
a 3 59 0 1 7255582872572.662
a 3 60 0 1 13607869157859.527
a 3 61 0 1 15012577967891.201
a 3 62 0 1 6832026936094.951
a 3 63 0 1 10480521176807.203
a 3 64 0 1 15227444216146.479
a 3 65 0 1 11611243695178.648
a 3 66 0 1 13527553612690.773
a 3 67 0 1 9954872292203.291
a 3 68 0 1 3979210003193.3623
a 3 69 0 1 5820321301348.584
a 3 70 0 1 11145853858140.426
a 3 71 0 1 13010286520728.537
a 3 72 0 1 7506597078148.461
a 3 73 0 1 6204953673307.846
a 3 74 0 1 15737157744392.342
a 3 75 0 1 13244192888007.385
a 3 76 0 1 11994666233890.217
a 3 77 0 1 16178689605374.006
a 3 78 0 1 5027328936316.704
a 3 79 0 1 4930925486267.352
a 3 80 0 1 5101307560187.094
a 4 15 0 1 20073356151742.04
a 4 16 0 1 10636351136545.295
a 4 17 0 1 6833035208134.593
a 4 18 0 1 14101891641702.49
a 4 19 0 1 8749448765021.653
a 4 20 0 1 10284890779778.578
a 4 21 0 1 9335482024336.738
a 4 22 0 1 14436422816617.645
a 4 23 0 1 5400079672000.816
a 4 24 0 1 15682921150996.922
a 4 25 0 1 17362889344751.21
a 4 26 0 1 12755906646516.703
a 4 27 0 1 21001561875133.434
a 4 28 0 1 7071449575921.822
a 4 29 0 1 16063334911675.12
a 4 30 0 1 20297190657220.793
a 4 31 0 1 10225135001773.469
a 4 32 0 1 8096042465709.671
a 4 33 0 1 17248661019155.99
a 4 34 0 1 20616234474160.37
a 4 35 0 1 8665877786004.716
a 4 36 0 1 16325561002913.62
a 4 37 0 1 9180998055236.697
a 4 38 0 1 19401787883016.832
a 4 39 0 1 19994041386082.56
a 4 40 0 1 17768852939474.125
a 4 41 0 1 14970442357095.914
a 4 42 0 1 9940359991928.574
a 4 43 0 1 20140216674592.55
a 4 44 0 1 13873218950893.61
a 4 45 0 1 17020454478521.656
a 4 46 0 1 18678811568337.633
a 4 47 0 1 19016476857464.402
a 4 48 0 1 11544226167394.215
a 4 49 0 1 12027573498130.426
a 4 50 0 1 18446162192089.406
a 4 51 0 1 7734604535803.389
a 4 52 0 1 7750311171309.272
a 4 53 0 1 15428929155414.293
a 4 54 0 1 22360335844839.05
a 4 55 0 1 9230762728016.783
a 4 56 0 1 8825378356940.066
a 4 57 0 1 17860263818187.523
a 4 58 0 1 9153648445739.861
a 4 59 0 1 10061753146949.398
a 4 60 0 1 18876195485142.73
a 4 61 0 1 20826046745921.03
a 4 62 0 1 9474203892254.844
a 4 63 0 1 14536058052469.635
a 4 64 0 1 21124320340016.402
a 4 65 0 1 16105136297274.053
a 4 66 0 1 18764718304737.535
a 4 67 0 1 13806680818410.303
a 4 68 0 1 5517404754660.861
a 4 69 0 1 8070873620056.347
a 4 70 0 1 15459306094068.287
a 4 71 0 1 18046775872935.15
a 4 72 0 1 10409966055205.182
a 4 73 0 1 8604379759229.53
a 4 74 0 1 21831918722242.465
a 4 75 0 1 18371422817187.312
a 4 76 0 1 16637239105474.625
a 4 77 0 1 22444891496183.824
a 4 78 0 1 6971007545748.924
a 4 79 0 1 6837303001270.142
a 4 80 0 1 7073611272859.275
a 5 15 0 1 23282275600243.45
a 5 16 0 1 12334531572876.4
a 5 17 0 1 7923431104727.318
a 5 18 0 1 16354416615916.732
a 5 19 0 1 10146017771237.578
a 5 20 0 1 11926880605557.34
a 5 21 0 1 10825709096609.46
a 5 22 0 1 16742486238631.355
a 5 23 0 1 6261643806353.721
a 5 24 0 1 18188516588259.023
a 5 25 0 1 20137509198551.92
a 5 26 0 1 14793068205720.61
a 5 27 0 1 24359280543881.953
a 5 28 0 1 8199926874335.787
a 5 29 0 1 18629837946689.29
a 5 30 0 1 23541989291975.977
a 5 31 0 1 11857571746498.459
a 5 32 0 1 9388203330889.393
a 5 33 0 1 20004984910085.008
a 5 34 0 1 23912177425018.56
a 5 35 0 1 10049091924825.156
a 5 36 0 1 18934052351389.387
a 5 37 0 1 10646534543295.938
a 5 38 0 1 22503072268271.38
a 5 39 0 1 23190247718681.016
a 5 40 0 1 20608500542893.68
a 5 41 0 1 17361980306293.023
a 5 42 0 1 11527272208560.537
a 5 43 0 1 23359853196605.4
a 5 44 0 1 16089149846610.73
a 5 45 0 1 19740228175734.22
a 5 46 0 1 21664243090592.477
a 5 47 0 1 22056014546472.6
a 5 48 0 1 13387579824825.508
a 5 49 0 1 13948230885638.664
a 5 50 0 1 21394317727020.8
a 5 51 0 1 8969018867031.877
a 5 52 0 1 8987234818289.889
a 5 53 0 1 17893861679981.633
a 5 54 0 1 25935944020541.684
a 5 55 0 1 10704252802910.232
a 5 56 0 1 10234081374747.48
a 5 57 0 1 20714554701759.297
a 5 58 0 1 10614813856043.355
a 5 59 0 1 11668071018349.342
a 5 60 0 1 21893254442435.6
a 5 61 0 1 24155626027285.875
a 5 62 0 1 10986603220228.887
a 5 63 0 1 16858068045660.984
a 5 64 0 1 24501720990919.973
a 5 65 0 1 18678332480174.99
a 5 66 0 1 21763914723901.95
a 5 67 0 1 16011964156533.318
a 5 68 0 1 6397701493812.403
a 5 69 0 1 9359013106352.168
a 5 70 0 1 17929101677059.36
a 5 71 0 1 20930945581631.08
a 5 72 0 1 12071952001443.176
a 5 73 0 1 9977766538199.219
a 5 74 0 1 25322781884447.35
a 5 75 0 1 21307603810656.066
a 5 76 0 1 19295640975811.414
a 5 77 0 1 26034061413771.453
a 5 78 0 1 8083441164373.251
a 5 79 0 1 7928380561749.693
a 5 80 0 1 8202433865454.065
a 6 15 0 1 5032891301278.653
a 6 16 0 1 2668969558642.27
a 6 17 0 1 1715169434840.2974
a 6 18 0 1 3537517157105.688
a 6 19 0 1 2195848143737.1157
a 6 20 0 1 2580856151158.665
a 6 21 0 1 2342806461663.656
a 6 22 0 1 3621331210460.068
a 6 23 0 1 1355648798920.858
a 6 24 0 1 3933588585312.198
a 6 25 0 1 4354327215656.2812
a 6 26 0 1 3200242709434.413
a 6 27 0 1 5265194196606.984
a 6 28 0 1 1774977661955.1238
a 6 29 0 1 4028871766894.7363
a 6 30 0 1 5088913973592.713
a 6 31 0 1 2565874455793.0576
a 6 32 0 1 2031977312856.21
a 6 33 0 1 4325723236205.8877
a 6 34 0 1 5168762474433.847
a 6 35 0 1 2174890016047.1765
a 6 36 0 1 4094548546468.2715
a 6 37 0 1 2304068286337.5674
a 6 38 0 1 4864794086824.728
a 6 39 0 1 5013039396032.416
a 6 40 0 1 4455980224851.124
a 6 41 0 1 3755115417736.577
a 6 42 0 1 2494474845739.4077
a 6 43 0 1 5049625789580.394
a 6 44 0 1 3480222298072.8457
a 6 45 0 1 4268576218853.0654
a 6 46 0 1 4683807374173.682
a 6 47 0 1 4768339829469.711
a 6 48 0 1 2896555033962.821
a 6 49 0 1 3017705661876.9937
a 6 50 0 1 4625562148285.231
a 6 51 0 1 1941322663893.2744
a 6 52 0 1 1945262266992.363
a 6 53 0 1 3869967095133.568
a 6 54 0 1 5605188676461.896
a 6 55 0 1 2316547316002.129
a 6 56 0 1 2214889684328.537
a 6 57 0 1 4478868464492.029
a 6 58 0 1 2297210030482.3325
a 6 59 0 1 2524911315899.999
a 6 60 0 1 4733221837771.584
a 6 61 0 1 5221270718514.229
a 6 62 0 1 2377591275643.4785
a 6 63 0 1 3646293069817.6045
a 6 64 0 1 5295914282932.67
a 6 65 0 1 4039341482535.28
a 6 66 0 1 4705314071425.653
a 6 67 0 1 3463550477691.8066
a 6 68 0 1 1385088354736.454
a 6 69 0 1 2025664730526.3745
a 6 70 0 1 3877576245933.2305
a 6 71 0 1 4525567831944.122
a 6 72 0 1 2612213952191.387
a 6 73 0 1 2159467202516.7112
a 6 74 0 1 5472976821285.938
a 6 75 0 1 4606850182092.709
a 6 76 0 1 4172607141597.001
a 6 77 0 1 5626343683597.335
a 6 78 0 1 1749781243120.5708
a 6 79 0 1 1716240067865.6697
a 6 80 0 1 1775519930359.5288
a 7 15 0 1 21376679749275.67
a 7 16 0 1 11326149454773.557
a 7 17 0 1 7275970771308.229
a 7 18 0 1 15016829196492.03
a 7 19 0 1 9316744674616.107
a 7 20 0 1 10951867119295.713
a 7 21 0 1 9940818606982.041
a 7 22 0 1 15373103355192.84
a 7 23 0 1 5750065733040.307
a 7 24 0 1 16700634040756.262
a 7 25 0 1 18489852785494.5
a 7 26 0 1 13583379406811.102
a 7 27 0 1 22365307374589.426
a 7 28 0 1 7529853196132.552
a 7 29 0 1 17105782668956.045
a 7 30 0 1 21615083587902.54
a 7 31 0 1 10888231312398.494
a 7 32 0 1 8620930818674.929
a 7 33 0 1 18368194614746.42
a 7 34 0 1 21954895271223.18
a 7 35 0 1 9227749369831.307
a 7 36 0 1 17385060295674.367
a 7 37 0 1 9776306222260.656
a 7 38 0 1 20661404065534.895
a 7 39 0 1 21292202596847.26
a 7 40 0 1 18922223482211.31
a 7 41 0 1 15941835399875.44
a 7 42 0 1 10584966231293.043
a 7 43 0 1 21447892123417.285
a 7 44 0 1 14773294861546.133
a 7 45 0 1 18125145275189.574
a 7 46 0 1 19891382611542.09
a 7 47 0 1 20251019242884.484
a 7 48 0 1 12292986196782.271
a 7 49 0 1 12807729750873.047
a 7 50 0 1 19643596169768.35
a 7 51 0 1 8236037662645.08
a 7 52 0 1 8252763524528.424
a 7 53 0 1 16430128526650.803
a 7 54 0 1 23812556057348.99
a 7 55 0 1 9829301355891.94
a 7 56 0 1 9397602710606.523
a 7 57 0 1 19019580814372.63
a 7 58 0 1 9747181236725.334
a 7 59 0 1 10714241128207.453
a 7 60 0 1 20101609764311.87
a 7 61 0 1 22178365967242.94
a 7 62 0 1 10088546008392.05
a 7 63 0 1 15479214766681.457
a 7 64 0 1 22496057877957.57
a 7 65 0 1 17150302161444.166
a 7 66 0 1 19982878989806.547
a 7 67 0 1 14702432512427.074
a 7 68 0 1 5874999948638.31
a 7 69 0 1 8594128593523.761
a 7 70 0 1 16462480395200.041
a 7 71 0 1 19218226250437.4
a 7 72 0 1 11085063896877.705
a 7 73 0 1 9162259773227.096
a 7 74 0 1 23249728271323.656
a 7 75 0 1 19563994146222.19
a 7 76 0 1 17717007030541.69
a 7 77 0 1 23902618409077.965
a 7 78 0 1 7422894489359.2705
a 7 79 0 1 7280515446131.475
a 7 80 0 1 7532155145682.73
a 8 15 0 1 25847809020917.945
a 8 16 0 1 13691803110207.35
a 8 17 0 1 8794820826531.689
a 8 18 0 1 18154955084787.98
a 8 19 0 1 11262156481003.885
a 8 20 0 1 13239226492270.314
a 8 21 0 1 12016722493062.082
a 8 22 0 1 18585840701889.008
a 8 23 0 1 6950130021546.738
a 8 24 0 1 20191450008113.297
a 8 25 0 1 22355620137537.656
a 8 26 0 1 16421384927270.566
a 8 27 0 1 27043861834138.29
a 8 28 0 1 9101756457239.832
a 8 29 0 1 20681485831815.355
a 8 30 0 1 26136227437876.207
a 8 31 0 1 13162279835154.164
a 8 32 0 1 10420876660596.191
a 8 33 0 1 22208461175774.496
a 8 34 0 1 26547333723486.86
a 8 35 0 1 11154554358794.887
a 8 36 0 1 21019283597624.836
a 8 37 0 1 11817808837190.48
a 8 38 0 1 24982496070813.926
a 8 39 0 1 25745610261417.195
a 8 40 0 1 22878627126499.777
a 8 41 0 1 19273692789639.965
a 8 42 0 1 12795583329296.496
a 8 43 0 1 25933960642455.92
a 8 44 0 1 17860423690466.94
a 8 45 0 1 21914468807939.2
a 8 46 0 1 24050987207977.637
a 8 47 0 1 24486041826698.867
a 8 48 0 1 14860925443584.303
a 8 49 0 1 15483387994119.266
a 8 50 0 1 23751242839047.7
a 8 51 0 1 9955530331895.28
a 8 52 0 1 9975752176168.854
a 8 53 0 1 19864273207138.4
a 8 54 0 1 28794862601440.453
a 8 55 0 1 11881885639013.049
a 8 56 0 1 11359920423313.068
a 8 57 0 1 22996394626762.3
a 8 58 0 1 11782593674802.63
a 8 59 0 1 12951896922030.672
a 8 60 0 1 24305299355022.61
a 8 61 0 1 26817693638497.527
a 8 62 0 1 12195342591674.389
a 8 63 0 1 18714175552015.027
a 8 64 0 1 27202049540160.555
a 8 65 0 1 20735333682449.92
a 8 66 0 1 24161670216320.49
a 8 67 0 1 17774723132873.668
a 8 68 0 1 7101159887502.266
a 8 69 0 1 10388471759750.393
a 8 70 0 1 19903402613028.996
a 8 71 0 1 23236686169909.906
a 8 72 0 1 13400285114069.795
a 8 73 0 1 11075372727917.111
a 8 74 0 1 28113892593676.44
a 8 75 0 1 23654949960528.484
a 8 76 0 1 21420792734675.87
a 8 77 0 1 28903831507360.47
a 8 78 0 1 8972446387078.95
a 8 79 0 1 8800315158275.639
a 8 80 0 1 9104539456858.809
a 9 15 0 1 30058689996128.848
a 9 16 0 1 15918711888076.389
a 9 17 0 1 10224320154674.246
a 9 18 0 1 21109541079522.293
a 9 19 0 1 13093298430031.275
a 9 20 0 1 15392395235146.527
a 9 21 0 1 13970748661024.338
a 9 22 0 1 21610724812014.773
a 9 23 0 1 8079516597781.606
a 9 24 0 1 23478357473978.477
a 9 25 0 1 25995882233190.598
a 9 26 0 1 19093224424100.953
a 9 27 0 1 31450298959484.887
a 9 28 0 1 10581205527926.088
a 9 29 0 1 24048385902397.715
a 9 30 0 1 30394259456473.816
a 9 31 0 1 15302912254445.15
a 9 32 0 1 12115041953327.482
a 9 33 0 1 25824689417632.47
a 9 34 0 1 30872580266530.164
a 9 35 0 1 12968174876459.596
a 9 36 0 1 24441331307961.598
a 9 37 0 1 13739438677703.117
a 9 38 0 1 29051936342942.207
a 9 39 0 1 29939784515659.027
a 9 40 0 1 26604313865368.992
a 9 41 0 1 22410815387982.027
a 9 42 0 1 14876476272103.506
a 9 43 0 1 30158925422819.97
a 9 44 0 1 20766962152640.74
a 9 45 0 1 25482685348437.168
a 9 46 0 1 27968203290637.926
a 9 47 0 1 28474348411622.773
a 9 48 0 1 17278365149595.857
a 9 49 0 1 18002294259096.723
a 9 50 0 1 27619483736315.098
a 9 51 0 1 11573941477605.79
a 9 52 0 1 11597455057921.197
a 9 53 0 1 23097778739731.8
a 9 54 0 1 33487703615586.95
a 9 55 0 1 13813951241571.898
a 9 56 0 1 13206982237730.982
a 9 57 0 1 26741318412787.906
a 9 58 0 1 13698488332541.709
a 9 59 0 1 15058254599355.074
a 9 60 0 1 28264070543195.32
a 9 61 0 1 31187147172915.75
a 9 62 0 1 14178461421311.227
a 9 63 0 1 21759998800911.215
a 9 64 0 1 31634355248026.125
a 9 65 0 1 24111024423792.59
a 9 66 0 1 28096971772522.07
a 9 67 0 1 20667281792708.926
a 9 68 0 1 8255111942890.215
a 9 69 0 1 12077361523803.244
a 9 70 0 1 23143294617126.668
a 9 71 0 1 27020862902829.08
a 9 72 0 1 15579694728420.893
a 9 73 0 1 12876099997846.799
a 9 74 0 1 32695334219036.715
a 9 75 0 1 27507458414044.312
a 9 76 0 1 24908395862952.844
a 9 77 0 1 33614500552147.508
a 9 78 0 1 10430851441859.564
a 9 79 0 1 10230708580665.969
a 9 80 0 1 10584441442957.926
a 10 15 0 1 11559220461837.23
a 10 16 0 1 6127753884583.02
a 10 17 0 1 3937339907705.2666
a 10 18 0 1 8122927136929.6455
a 10 19 0 1 5041146648748.432
a 10 20 0 1 5925374185871.812
a 10 21 0 1 5378646054713.691
a 10 22 0 1 8315486927966.27
a 10 23 0 1 3111858064483.165
a 10 24 0 1 9032929530895.926
a 10 25 0 1 9999724559506.357
a 10 26 0 1 7348099886771.742
a 10 27 0 1 12093178491325.625
a 10 28 0 1 4074671926927.726
a 10 29 0 1 9251865516377.967
a 10 30 0 1 11687987549915.736
a 10 31 0 1 5890964617422.528
a 10 32 0 1 4664824009048.889
a 10 33 0 1 9933993001811.527
a 10 34 0 1 11871521597210.889
a 10 35 0 1 4993016141717.097
a 10 36 0 1 9402777314528.035
a 10 37 0 1 5289679859739.193
a 10 38 0 1 11172865031996.549
a 10 39 0 1 11513591738123.236
a 10 40 0 1 10233326346162.393
a 10 41 0 1 8622861352142.094
a 10 42 0 1 5726977963990.158
a 10 43 0 1 11597684151338.3
a 10 44 0 1 7991297021246.594
a 10 45 0 1 9802671612053.184
a 10 46 0 1 10756906024122.783
a 10 47 0 1 10951182878982.705
a 10 48 0 1 6650498973407.034
a 10 49 0 1 6928786476468.289
a 10 50 0 1 10623046694231.14
a 10 51 0 1 4456647235832.476
a 10 52 0 1 4465693911939.058
a 10 53 0 1 8886747353399.295
a 10 54 0 1 12874737054088.38
a 10 55 0 1 5318339119628.241
a 10 56 0 1 5084875959345.545
a 10 57 0 1 10285925213913.512
a 10 58 0 1 5273929278575.021
a 10 59 0 1 5796882328407.653
a 10 60 0 1 10870472300509.354
a 10 61 0 1 11992215675944.646
a 10 62 0 1 5458533826457.21
a 10 63 0 1 8372836839250.488
a 10 64 0 1 12163792685655.371
a 10 65 0 1 9275922581763.682
a 10 66 0 1 10806333360949.725
a 10 67 0 1 7952995340488.45
a 10 68 0 1 3179449794926.704
a 10 69 0 1 4650327790953.199
a 10 70 0 1 8904230642794.623
a 10 71 0 1 10393244930782.107
a 10 72 0 1 5997396466376.846
a 10 73 0 1 4957597720042.295
a 10 74 0 1 12570807067012.928
a 10 75 0 1 10580043299401.621
a 10 76 0 1 9582143842912.684
a 10 77 0 1 12923369519701.463
a 10 78 0 1 4016815456077.314
a 10 79 0 1 3939798280298.547
a 10 80 0 1 4075917098189.8105
a 11 15 0 1 25664498789887.49
a 11 16 0 1 13594837068002.01
a 11 17 0 1 8732570332622.902
a 11 18 0 1 18026315119726.824
a 11 19 0 1 11182419479026.738
a 11 20 0 1 13145470473706.117
a 11 21 0 1 11931635758849.113
a 11 22 0 1 18454141133509.625
a 11 23 0 1 6900946782595.604
a 11 24 0 1 20048346783780.78
a 11 25 0 1 22197139517862.188
a 11 26 0 1 16305051534187.43
a 11 27 0 1 26852043058344.094
a 11 28 0 1 9037331185464.75
a 11 29 0 1 20534901350407.36
a 11 30 0 1 25950865653285.58
a 11 31 0 1 13069069548800.273
a 11 32 0 1 10347103087595.746
a 11 33 0 1 22051026427352.34
a 11 34 0 1 26359047458492.453
a 11 35 0 1 11075580160603.379
a 11 36 0 1 20870299144433.453
a 11 37 0 1 11734132453262.434
a 11 38 0 1 24805340099197.707
a 11 39 0 1 25563026949524.996
a 11 40 0 1 22716429166919.53
a 11 41 0 1 19137108343219.152
a 11 42 0 1 12704973649041.008
a 11 43 0 1 25750037619145.55
a 11 44 0 1 17733874940503.76
a 11 45 0 1 21759123382907.316
a 11 46 0 1 23880454932249.688
a 11 47 0 1 24312416176265.105
a 11 48 0 1 14755665543563.633
a 11 49 0 1 15373711384958.986
a 11 50 0 1 23582841660726.418
a 11 51 0 1 9885054883067.947
a 11 52 0 1 9905133413091.637
a 11 53 0 1 19723494058113.69
a 11 54 0 1 28590583265285.715
a 11 55 0 1 11797754940661.328
a 11 56 0 1 11279490345265.787
a 11 57 0 1 22833359558109.23
a 11 58 0 1 11699166968981.3
a 11 59 0 1 12860178694789.059
a 11 60 0 1 24132958877575.496
a 11 61 0 1 26627483968548.453
a 11 62 0 1 12108989339193.043
a 11 63 0 1 18581564653995.812
a 11 64 0 1 27009105265949.918
a 11 65 0 1 20588366637448.176
a 11 66 0 1 23990350978891.152
a 11 67 0 1 17648782842700.355
a 11 68 0 1 7050907003879.325
a 11 69 0 1 10314927866602.256
a 11 70 0 1 19762345520422.945
a 11 71 0 1 23071943002979.785
a 11 72 0 1 13305386781179.285
a 11 73 0 1 10996959845403.686
a 11 74 0 1 27914459803529.008
a 11 75 0 1 23487233366257.145
a 11 76 0 1 21268955414662.105
a 11 77 0 1 28698776556273.8
a 11 78 0 1 8908937354281.777
a 11 79 0 1 8738025735881.756
a 11 80 0 1 9040094465574.646
a 12 15 0 1 23013263815757.86
a 12 16 0 1 12192191523259.295
a 12 17 0 1 7832040901165.429
a 12 18 0 1 16165600834674.77
a 12 19 0 1 10028962261124.602
a 12 20 0 1 11789251221215.953
a 12 21 0 1 10700802262269.832
a 12 22 0 1 16549181555803.945
a 12 23 0 1 6189434601142.074
a 12 24 0 1 17978481807250.17
a 12 25 0 1 19904916497008.273
a 12 26 0 1 14622308938920.691
a 12 27 0 1 24077790128270.348
a 12 28 0 1 8105344544545.242
a 12 29 0 1 18414696125181.188
a 12 30 0 1 23269968635554.113
a 12 31 0 1 11720743226478.428
a 12 32 0 1 9279900137327.783
a 12 33 0 1 19773926380779.746
a 12 34 0 1 23635867705048.758
a 12 35 0 1 9933155936124.795
a 12 36 0 1 18715389814034.457
a 12 37 0 1 10523697527397.312
a 12 38 0 1 22243086753685.21
a 12 39 0 1 22922302066000.96
a 12 40 0 1 20370455018469.64
a 12 41 0 1 17161508953862.678
a 12 42 0 1 11394260128309.3
a 12 43 0 1 23089942667763.74
a 12 44 0 1 15903402246499.328
a 12 45 0 1 19512234473818.402
a 12 46 0 1 21413972761084.516
a 12 47 0 1 21801207013594.23
a 12 48 0 1 13233069112353.07
a 12 49 0 1 13787239227801.266
a 12 50 0 1 21147173235386.363
a 12 51 0 1 8865556362092.297
a 12 52 0 1 8883561967470.9
a 12 53 0 1 17687236406566.383
a 12 54 0 1 25636180203092.246
a 12 55 0 1 10580749036824.867
a 12 56 0 1 10116008683265.31
a 12 57 0 1 20475281272563.188
a 12 58 0 1 10492343267667.205
a 12 59 0 1 11533432115994.238
a 12 60 0 1 21640331924218.195
a 12 61 0 1 23876495472858.09
a 12 62 0 1 10859837670431.61
a 12 63 0 1 16663426321582.172
a 12 64 0 1 24218579971499.68
a 12 65 0 1 18462629440981.97
a 12 66 0 1 21512490110609.816
a 12 67 0 1 15827109282073.0
a 12 68 0 1 6323922130264.802
a 12 69 0 1 9251047012732.492
a 12 70 0 1 17722068647018.98
a 12 71 0 1 20689166667062.297
a 12 72 0 1 11932646275277.043
a 12 73 0 1 9862654362462.705
a 12 74 0 1 25030125345609.336
a 12 75 0 1 21061463458239.113
a 12 76 0 1 19072793405669.65
a 12 77 0 1 25733160206952.676
a 12 78 0 1 7990203679249.6875
a 12 79 0 1 7836933218784.087
a 12 80 0 1 8107822591690.921
a 13 15 0 1 27918233081596.633
a 13 16 0 1 14786866320368.707
a 13 17 0 1 9497797608119.91
a 13 18 0 1 19607785434022.61
a 13 19 0 1 12162625614982.7
a 13 20 0 1 14298033244031.611
a 13 21 0 1 12977613373356.725
a 13 22 0 1 20073231953237.617
a 13 23 0 1 7505531809217.778
a 13 24 0 1 21807658189527.535
a 13 25 0 1 24145539624428.695
a 13 26 0 1 17735204779558.79
a 13 27 0 1 29210412988465.508
a 13 28 0 1 9829294614204.059
a 13 29 0 1 22337019498039.734
a 13 30 0 1 28229829149241.875
a 13 31 0 1 14214922703354.965
a 13 32 0 1 11253993821227.703
a 13 33 0 1 23986565700323.75
a 13 34 0 1 28673975304761.03
a 13 35 0 1 12046408194660.014
a 13 36 0 1 22701928401472.86
a 13 37 0 1 12762770639445.207
a 13 38 0 1 26983392520569.64
a 13 39 0 1 27807821905945.406
a 13 40 0 1 24710540813942.594
a 13 41 0 1 20816263642051.668
a 13 42 0 1 13818853253182.928
a 13 43 0 1 28011307776826.117
a 13 44 0 1 19289632103860.496
a 13 45 0 1 23668970840750.074
a 13 46 0 1 25977053952272.71
a 13 47 0 1 26447055097087.082
a 13 48 0 1 16049667343123.363
a 13 49 0 1 16722017289472.447
a 13 50 0 1 25653234291029.53
a 13 51 0 1 10751398409755.957
a 13 52 0 1 10773238840906.58
a 13 53 0 1 21454228045265.83
a 13 54 0 1 31102193765517.543
a 13 55 0 1 12831978648869.271
a 13 56 0 1 12268217349154.818
a 13 57 0 1 24837765063884.668
a 13 58 0 1 12724735516122.643
a 13 59 0 1 13987687473369.305
a 13 60 0 1 26251793709806.375
a 13 61 0 1 28966065399815.074
a 13 62 0 1 13170538106078.197
a 13 63 0 1 20211861128567.133
a 13 64 0 1 29381316425605.195
a 13 65 0 1 22395188943079.43
a 13 66 0 1 26096627408900.98
a 13 67 0 1 19197058535829.965
a 13 68 0 1 7668641498064.658
a 13 69 0 1 11218994900097.71
a 13 70 0 1 21496497163146.78
a 13 71 0 1 25097352916860.582
a 13 72 0 1 14471993998435.248
a 13 73 0 1 11960886934997.664
a 13 74 0 1 30366466657760.055
a 13 75 0 1 25549207605815.254
a 13 76 0 1 23135665017515.93
a 13 77 0 1 31219925770429.79
a 13 78 0 1 9689636760982.018
a 13 79 0 1 9503731586724.95
a 13 80 0 1 9832300321530.88
a 14 15 0 1 16223597241584.893
a 14 16 0 1 8598254961391.232
a 14 17 0 1 5524179109189.798
a 14 18 0 1 11398870198494.582
a 14 19 0 1 7073207939187.033
a 14 20 0 1 8314204547496.246
a 14 21 0 1 7546869936314.545
a 14 22 0 1 11669192952472.512
a 14 23 0 1 4365841704666.5044
a 14 24 0 1 12676408766481.547
a 14 25 0 1 14033796124484.781
a 14 26 0 1 10311187170351.473
a 14 27 0 1 16973439424232.787
a 14 28 0 1 5716895553260.033
a 14 29 0 1 12983785814341.06
a 14 30 0 1 16404422639799.215
a 14 31 0 1 8265909463076.943
a 14 32 0 1 6545077162200.196
a 14 33 0 1 13941504664075.014
a 14 34 0 1 16662160079661.242
a 14 35 0 1 7005660609193.376
a 14 36 0 1 13195663367564.584
a 14 37 0 1 7422009295641.218
a 14 38 0 1 15681057990670.826
a 14 39 0 1 16159522132905.018
a 14 40 0 1 14361793071856.738
a 14 41 0 1 12100706882949.41
a 14 42 0 1 8035750334920.598
a 14 43 0 1 16277610909524.217
a 14 44 0 1 11214085623919.111
a 14 45 0 1 13757122425615.18
a 14 46 0 1 15096969752076.412
a 14 47 0 1 15369769843452.934
a 14 48 0 1 9331979552722.674
a 14 49 0 1 9722598210611.135
a 14 50 0 1 14909009740646.395
a 14 51 0 1 6252930038932.277
a 14 52 0 1 6265625672163.282
a 14 53 0 1 12471178533993.098
a 14 54 0 1 18071056535676.223
a 14 55 0 1 7462231354456.676
a 14 56 0 1 7134578802656.843
a 14 57 0 1 14435647377585.453
a 14 58 0 1 7399904066909.369
a 14 59 0 1 8133862327021.717
a 14 60 0 1 15256436891083.402
a 14 61 0 1 16831653554252.135
a 14 62 0 1 7658990237756.671
a 14 63 0 1 11749703873321.592
a 14 64 0 1 17072606378987.559
a 14 65 0 1 13017561318583.984
a 14 66 0 1 15166374268266.457
a 14 67 0 1 11160317503808.785
a 14 68 0 1 4460684826556.829
a 14 69 0 1 6524733554980.348
a 14 70 0 1 12495723783857.082
a 14 71 0 1 14586336593738.992
a 14 72 0 1 8415290945068.568
a 14 73 0 1 6955953870562.271
a 14 74 0 1 17644209222098.742
a 14 75 0 1 14848626560240.803
a 14 76 0 1 13447494738194.16
a 14 77 0 1 18139358378076.9
a 14 78 0 1 5635705933127.749
a 14 79 0 1 5527628893591.349
a 14 80 0 1 5718642899022.183
a 15 1 0 4 0
a 16 1 0 4 0
a 17 1 0 4 0
a 18 1 0 4 0
a 19 1 0 4 0
a 20 1 0 4 0
a 21 1 0 4 0
a 22 1 0 4 0
a 23 1 0 4 0
a 24 1 0 4 0
a 25 1 0 4 0
a 26 1 0 4 0
a 27 1 0 4 0
a 28 1 0 4 0
a 29 1 0 4 0
a 30 1 0 4 0
a 31 1 0 4 0
a 32 1 0 4 0
a 33 1 0 4 0
a 34 1 0 4 0
a 35 1 0 4 0
a 36 1 0 4 0
a 37 1 0 4 0
a 38 1 0 4 0
a 39 1 0 4 0
a 40 1 0 4 0
a 41 1 0 4 0
a 42 1 0 4 0
a 43 1 0 4 0
a 44 1 0 4 0
a 45 1 0 4 0
a 46 1 0 4 0
a 47 1 0 4 0
a 48 1 0 4 0
a 49 1 0 4 0
a 50 1 0 4 0
a 51 1 0 4 0
a 52 1 0 4 0
a 53 1 0 4 0
a 54 1 0 4 0
a 55 1 0 4 0
a 56 1 0 4 0
a 57 1 0 4 0
a 58 1 0 4 0
a 59 1 0 4 0
a 60 1 0 4 0
a 61 1 0 4 0
a 62 1 0 4 0
a 63 1 0 4 0
a 64 1 0 4 0
a 65 1 0 4 0
a 66 1 0 4 0
a 67 1 0 4 0
a 68 1 0 4 0
a 69 1 0 4 0
a 70 1 0 4 0
a 71 1 0 4 0
a 72 1 0 4 0
a 73 1 0 4 0
a 74 1 0 4 0
a 75 1 0 4 0
a 76 1 0 4 0
a 77 1 0 4 0
a 78 1 0 4 0
a 79 1 0 4 0
a 80 1 0 4 0
