p min 82 951
n 0 13
n 1 -13
a 0 2 0 1 0
a 0 3 0 1 0
a 0 4 0 1 0
a 0 5 0 1 0
a 0 6 0 1 0
a 0 7 0 1 0
a 0 8 0 1 0
a 0 9 0 1 0
a 0 10 0 1 0
a 0 11 0 1 0
a 0 12 0 1 0
a 0 13 0 1 0
a 0 14 0 1 0
a 2 15 0 1 12032116873009.83
a 2 16 0 1 3995774772907.1787
a 2 17 0 1 10829566729499.117
a 2 18 0 1 10093828255303.975
a 2 19 0 1 8709945704926.663
a 2 20 0 1 3826588439356.116
a 2 21 0 1 14251436815926.523
a 2 22 0 1 15104525827588.508
a 2 23 0 1 14817544927329.863
a 2 24 0 1 8597422782412.024
a 2 25 0 1 8474135346245.019
a 2 26 0 1 7846209427390.069
a 2 27 0 1 8088762992190.181
a 2 28 0 1 6795349137911.351
a 2 29 0 1 3201713911462.738
a 2 30 0 1 13697663444278.695
a 2 31 0 1 4874341719764.681
a 2 32 0 1 7736268078229.521
a 2 33 0 1 7575648302626.283
a 2 34 0 1 13134300839413.252
a 2 35 0 1 8761377354461.498
a 2 36 0 1 13414368645327.016
a 2 37 0 1 5266282133843.714
a 2 38 0 1 8762837972124.575
a 2 39 0 1 15075602009628.479
a 2 40 0 1 14603968045128.61
a 2 41 0 1 12411758596097.395
a 2 42 0 1 3930609451362.8296
a 2 43 0 1 7741285676579.915
a 2 44 0 1 10507536530189.459
a 2 45 0 1 9825831485695.342
a 2 46 0 1 12795654647203.525
a 2 47 0 1 10434098322211.738
a 2 48 0 1 9950235379606.727
a 2 49 0 1 11639655642711.693
a 2 50 0 1 4402242575488.69
a 2 51 0 1 14145341978094.557
a 2 52 0 1 14050891410142.48
a 2 53 0 1 10708926463281.354
a 2 54 0 1 9872992067741.5
a 2 55 0 1 12538205402244.467
a 2 56 0 1 11331860254235.543
a 2 57 0 1 6112743771713.072
a 2 58 0 1 9770091829050.615
a 2 59 0 1 3824287521339.05
a 2 60 0 1 9591896836096.707
a 2 61 0 1 10959007567927.76
a 2 62 0 1 10563533508604.785
a 2 63 0 1 10593434394032.795
a 2 64 0 1 3352621665554.868
a 2 65 0 1 7114981757024.279
a 2 66 0 1 8047976676327.792
a 2 67 0 1 9796084888661.496
a 2 68 0 1 3616240186462.567
a 2 69 0 1 14811817704967.635
a 2 70 0 1 14940335727358.191
a 2 71 0 1 4928562980867.984
a 2 72 0 1 10839710552168.215
a 2 73 0 1 14986064900244.887
a 2 74 0 1 5787392839958.557
a 2 75 0 1 14005784840552.533
a 2 76 0 1 15284858222084.285
a 2 77 0 1 15212107165326.137
a 2 78 0 1 4380763701520.0737
a 2 79 0 1 14748032791796.92
a 2 80 0 1 8482394574594.552
a 2 81 0 1 10192457243630.389
a 3 15 0 1 27274740579981.09
a 3 16 0 1 9047123844473.12
a 3 17 0 1 24544454878200.67
a 3 18 0 1 22874497936177.188
a 3 19 0 1 19734376012356.3
a 3 20 0 1 8663843331224.552
a 3 21 0 1 32316037624090.254
a 3 22 0 1 34254744347730.4
a 3 23 0 1 33602505318867.34
a 3 24 0 1 19479109796890.695
a 3 25 0 1 19199433152088.65
a 3 26 0 1 17775144053455.402
a 3 27 0 1 18325283726215.484
a 3 28 0 1 15392120733452.346
a 3 29 0 1 7248394913361.36
a 3 30 0 1 31057806757010.973
a 3 31 0 1 11037763384791.258
a 3 32 0 1 17525797129054.426
a 3 33 0 1 17161525946606.77
a 3 34 0 1 29777997529976.87
a 3 35 0 1 19851055144240.31
a 3 36 0 1 30414210320702.89
a 3 37 0 1 11925978649976.97
a 3 38 0 1 19854368763754.13
a 3 39 0 1 34189004933346.117
a 3 40 0 1 33117131687635.805
a 3 41 0 1 28136883672850.8
a 3 42 0 1 8899493856415.883
a 3 43 0 1 17537176865276.344
a 3 44 0 1 23813476262351.816
a 3 45 0 1 22266296213366.48
a 3 46 0 1 29008785499396.113
a 3 47 0 1 23646787994875.17
a 3 48 0 1 22548617059467.918
a 3 49 0 1 26383585846053.48
a 3 50 0 1 9968027159026.324
a 3 51 0 1 32074963279451.777
a 3 52 0 1 31860353969390.81
a 3 53 0 1 24270604625781.01
a 3 54 0 1 22373320718036.22
a 3 55 0 1 28424057888420.992
a 3 56 0 1 25684751920753.793
a 3 57 0 1 13844576195090.809
a 3 58 0 1 22139804571890.613
a 3 59 0 1 8658630882986.526
a 3 60 0 1 21735435259415.87
a 3 61 0 1 24838292943856.46
a 3 62 0 1 23940579254042.707
a 3 63 0 1 24008449696801.15
a 3 64 0 1 7590203366719.893
a 3 65 0 1 16116870453906.139
a 3 66 0 1 18232772896840.285
a 3 67 0 1 22198791129796.547
a 3 68 0 1 8187339543512.419
a 3 69 0 1 33589489268900.246
a 3 70 0 1 33881572759359.195
a 3 71 0 1 11160633543547.893
a 3 72 0 1 24567481530955.56
a 3 73 0 1 33985504310860.31
a 3 74 0 1 13107076813216.861
a 3 75 0 1 31757865523579.934
a 3 76 0 1 34664624868146.957
a 3 77 0 1 34499265165460.984
a 3 78 0 1 9919361371098.994
a 3 79 0 1 33444529092949.977
a 3 80 0 1 19218168836291.98
a 3 81 0 1 23098342182890.676
a 4 15 0 1 9252735074475.617
a 4 16 0 1 3073419817729.845
a 4 17 0 1 8328236687824.695
a 4 18 0 1 7762585325999.781
a 4 19 0 1 6698567017054.738
a 4 20 0 1 2943300434840.0347
a 4 21 0 1 10958751909604.496
a 4 22 0 1 11614477616214.6
a 4 23 0 1 11393893464338.615
a 4 24 0 1 6612048679895.734
a 4 25 0 1 6517252964894.887
a 4 26 0 1 6034431049009.713
a 4 27 0 1 6220936135094.931
a 4 28 0 1 5226372290742.128
a 4 29 0 1 2462706035776.2197
a 4 30 0 1 10533078812246.39
a 4 31 0 1 3749097351406.106
a 4 32 0 1 5949893791889.753
a 4 33 0 1 5826387457788.909
a 4 34 0 1 10100021804362.62
a 4 35 0 1 6738112393980.395
a 4 36 0 1 10315311637158.867
a 4 37 0 1 4050515914244.142
a 4 38 0 1 6739235449438.757
a 4 39 0 1 11592245850992.594
a 4 40 0 1 11229728171395.754
a 4 41 0 1 9544584341062.63
a 4 42 0 1 3023302010936.053
a 4 43 0 1 5953751987092.908
a 4 44 0 1 8080655758677.769
a 4 45 0 1 7556538214583.557
a 4 46 0 1 9839698119458.426
a 4 47 0 1 8024194932379.175
a 4 48 0 1 7652185490415.388
a 4 49 0 1 8951024620358.57
a 4 50 0 1 3386025033035.754
a 4 51 0 1 10877200173645.018
a 4 52 0 1 10804598630754.719
a 4 53 0 1 8235487407898.037
a 4 54 0 1 7592797453181.804
a 4 55 0 1 9641788910924.766
a 4 56 0 1 8714397890291.803
a 4 57 0 1 4701458862034.768
a 4 58 0 1 7513682868942.167
a 4 59 0 1 2941530815561.875
a 4 60 0 1 7376677081391.257
a 4 61 0 1 8427751261354.974
a 4 62 0 1 8123707255531.46
a 4 63 0 1 8146695548262.511
a 4 64 0 1 2578771472787.7207
a 4 65 0 1 5472158494408.153
a 4 66 0 1 6189574755082.2295
a 4 67 0 1 7533667606968.907
a 4 68 0 1 2781522231828.038
a 4 69 0 1 11389491274729.625
a 4 70 0 1 11488275435112.162
a 4 71 0 1 3790796142271.3525
a 4 72 0 1 8336035319265.995
a 4 73 0 1 11523424567494.117
a 4 74 0 1 4451262101535.255
a 4 75 0 1 10769926327672.428
a 4 76 0 1 11753086050102.555
a 4 77 0 1 11697167748948.467
a 4 78 0 1 3369506284799.014
a 4 79 0 1 11340463354362.852
a 4 80 0 1 6523603505366.108
a 4 81 0 1 7838414672336.57
a 5 15 0 1 15423037046812.322
a 5 16 0 1 5120538458928.419
a 5 17 0 1 13881039380064.828
a 5 18 0 1 12937681163181.27
a 5 19 0 1 11163399759259.51
a 5 20 0 1 4903701266214.18
a 5 21 0 1 18269127815175.72
a 5 22 0 1 19363251883697.527
a 5 23 0 1 18995179515928.6
a 5 24 0 1 11019140676886.115
a 5 25 0 1 10861082249039.584
a 5 26 0 1 10056080815450.713
a 5 27 0 1 10367030751676.705
a 5 28 0 1 8708950661953.446
a 5 29 0 1 4102853188732.3086
a 5 30 0 1 17558921680527.984
a 5 31 0 1 6246589596867.602
a 5 32 0 1 9915139311109.943
a 5 33 0 1 9709231396173.691
a 5 34 0 1 16836443743780.088
a 5 35 0 1 11229337631308.123
a 5 36 0 1 17195610193347.482
a 5 37 0 1 6748956704673.791
a 5 38 0 1 11231210217290.514
a 5 39 0 1 19326154824181.96
a 5 40 0 1 18721257214477.46
a 5 41 0 1 15909866438736.197
a 5 42 0 1 5037019224540.192
a 5 43 0 1 9921571699437.744
a 5 44 0 1 13468129183765.666
a 5 45 0 1 12594068969639.451
a 5 46 0 1 16402163540386.586
a 5 47 0 1 13373967222177.598
a 5 48 0 1 12753572741065.959
a 5 49 0 1 14919781330615.139
a 5 50 0 1 5641496509527.499
a 5 51 0 1 18133060778346.53
a 5 52 0 1 18011928352436.14
a 5 53 0 1 13726352266688.71
a 5 54 0 1 12654535499973.828
a 5 55 0 1 16072016778678.992
a 5 56 0 1 14525102184064.023
a 5 57 0 1 7833947058812.585
a 5 58 0 1 12522603092252.447
a 5 59 0 1 4900752317449.767
a 5 60 0 1 12294134430661.035
a 5 61 0 1 14047012093625.744
a 5 62 0 1 13539928423550.078
a 5 63 0 1 13578267399950.521
a 5 64 0 1 4296255739517.991
a 5 65 0 1 9118687830665.705
a 5 66 0 1 10314742980101.133
a 5 67 0 1 12555929724097.996
a 5 68 0 1 4634112332011.711
a 5 69 0 1 18987834036767.71
a 5 70 0 1 19152666160709.336
a 5 71 0 1 6316086588648.504
a 5 72 0 1 13894046026719.496
a 5 73 0 1 19211316918635.043
a 5 74 0 1 7416906787976.079
a 5 75 0 1 17954079643658.062
a 5 76 0 1 19594543863343.02
a 5 77 0 1 19501233979223.38
a 5 78 0 1 5613967313016.522
a 5 79 0 1 18906026545905.152
a 5 80 0 1 10871670803826.31
a 5 81 0 1 13064139876459.525
a 6 15 0 1 28717388234434.277
a 6 16 0 1 9524598042397.861
a 6 17 0 1 25842258986639.492
a 6 18 0 1 24083756922493.434
a 6 19 0 1 20777235262102.535
a 6 20 0 1 9121068132516.111
a 6 21 0 1 34026381699543.86
a 6 22 0 1 36068122268784.39
a 6 23 0 1 35381214160151.74
a 6 24 0 1 20508447676911.887
a 6 25 0 1 20213957610435.8
a 6 26 0 1 18714244847718.297
a 6 27 0 1 19293514247667.785
a 6 28 0 1 16205086029013.945
a 6 29 0 1 7630855339209.972
a 6 30 0 1 32701307239585.51
a 6 31 0 1 11620436905991.527
a 6 32 0 1 18451696359569.426
a 6 33 0 1 18068140433404.008
a 6 34 0 1 31353528986841.246
a 6 35 0 1 20900095128935.9
a 6 36 0 1 32023527585873.74
a 6 37 0 1 12555608063726.844
a 6 38 0 1 20903584280282.105
a 6 39 0 1 35998888296457.29
a 6 40 0 1 34870044562299.707
a 6 41 0 1 29625288538998.82
a 6 42 0 1 9369168274626.55
a 6 43 0 1 18463678573563.676
a 6 44 0 1 25072517719358.285
a 6 45 0 1 23443315791245.81
a 6 46 0 1 30543475240065.184
a 6 47 0 1 24896991195970.555
a 6 48 0 1 23740601240601.125
a 6 49 0 1 27778946583468.156
a 6 50 0 1 10494162021893.812
a 6 51 0 1 33772498685895.918
a 6 52 0 1 33546487466795.586
a 6 53 0 1 25553886079325.27
a 6 54 0 1 23556013080044.035
a 6 55 0 1 29927706305901.254
a 6 56 0 1 27043037915621.848
a 6 57 0 1 14575667631563.11
a 6 58 0 1 23310119708905.156
a 6 59 0 1 9115580314260.105
a 6 60 0 1 22884318975018.79
a 6 61 0 1 26151680760859.64
a 6 62 0 1 25206360290246.984
a 6 63 0 1 25277829617896.688
a 6 64 0 1 7990715859793.763
a 6 65 0 1 16968189671857.656
a 6 66 0 1 19196104726458.867
a 6 67 0 1 23372232707802.9
a 6 68 0 1 8619392418896.255
a 6 69 0 1 35367506311538.695
a 6 70 0 1 35675114465847.58
a 6 71 0 1 11749802047405.064
a 6 72 0 1 25866506818357.4
a 6 73 0 1 35784570396264.24
a 6 74 0 1 13799161167363.443
a 6 75 0 1 33438554154638.316
a 6 76 0 1 36499792363178.09
a 6 77 0 1 36325641746747.88
a 6 78 0 1 10442924454776.059
a 6 79 0 1 35214841698926.54
a 6 80 0 1 20233685622086.844
a 6 81 0 1 24319467847319.688
a 7 15 0 1 10733075327934.594
a 7 16 0 1 3564728930953.093
a 7 17 0 1 9660502356139.213
a 7 18 0 1 9004270066829.22
a 7 19 0 1 7769901616635.713
a 7 20 0 1 3413800816455.492
a 7 21 0 1 12712436624220.193
a 7 22 0 1 13473258329693.844
a 7 23 0 1 13217318145436.47
a 7 24 0 1 7669533756249.745
a 7 25 0 1 7559563874620.037
a 7 26 0 1 6999461513804.881
a 7 27 0 1 7215817410631.725
a 7 28 0 1 6062087218685.287
a 7 29 0 1 2856355881460.4224
a 7 30 0 1 12218548910619.73
a 7 31 0 1 4348472651258.031
a 7 32 0 1 6901394254000.702
a 7 33 0 1 6758121551091.915
a 7 34 0 1 11716101966101.35
a 7 35 0 1 7815777372249.027
a 7 36 0 1 11965887288013.89
a 7 37 0 1 4698105641237.105
a 7 38 0 1 7817080206116.994
a 7 39 0 1 13447463081639.547
a 7 40 0 1 13026841192934.97
a 7 41 0 1 11071676953751.512
a 7 42 0 1 3506596183504.3403
a 7 43 0 1 6905869938233.776
a 7 44 0 1 9373273218853.322
a 7 45 0 1 8765230875703.512
a 7 46 0 1 11414069751634.861
a 7 47 0 1 9307770986603.459
a 7 48 0 1 8876192882209.258
a 7 49 0 1 10383036648057.068
a 7 50 0 1 3927329023864.058
a 7 51 0 1 12617815525578.973
a 7 52 0 1 12533579204524.564
a 7 53 0 1 9552899675280.37
a 7 54 0 1 8807295779587.73
a 7 55 0 1 11184453874344.848
a 7 56 0 1 10108509581400.688
a 7 57 0 1 5453185616903.16
a 7 58 0 1 8715513798457.23
a 7 59 0 1 3411748204103.8755
a 7 60 0 1 8556572022643.811
a 7 61 0 1 9775954172734.451
a 7 62 0 1 9423218898083.824
a 7 63 0 1 9449888523454.885
a 7 64 0 1 2990980121611.053
a 7 65 0 1 6347204210884.66
a 7 66 0 1 7179436424791.611
a 7 67 0 1 8738698358759.781
a 7 68 0 1 3226152002073.422
a 7 69 0 1 13212210378026.324
a 7 70 0 1 13326827747685.398
a 7 71 0 1 4396841282108.731
a 7 72 0 1 9669549921860.08
a 7 73 0 1 13367610713706.51
a 7 74 0 1 5162960553560.804
a 7 75 0 1 12493350562579.352
a 7 76 0 1 13634084494924.719
a 7 77 0 1 13569202875444.545
a 7 78 0 1 3908168331698.023
a 7 79 0 1 13155324376028.787
a 7 80 0 1 7566930948602.425
a 7 81 0 1 9092241597596.262
a 8 15 0 1 12550192442496.424
a 8 16 0 1 4167657732044.348
a 8 17 0 1 11295795861717.93
a 8 18 0 1 10528344331270.193
a 8 19 0 1 9084826493478.426
a 8 20 0 1 3991190304383.5405
a 8 21 0 1 14865234903544.582
a 8 22 0 1 15755132472028.754
a 8 23 0 1 15455768255590.396
a 8 24 0 1 8967455521518.225
a 8 25 0 1 8838856397320.016
a 8 26 0 1 8183879500539.46
a 8 27 0 1 8436881762042.831
a 8 28 0 1 7087757393796.173
a 8 29 0 1 3339426273448.536
a 8 30 0 1 14287571697876.414
a 8 31 0 1 5084039397159.508
a 8 32 0 1 8069202310092.169
a 8 33 0 1 7901663890540.975
a 8 34 0 1 13699908839006.89
a 8 35 0 1 9138474118956.842
a 8 36 0 1 13992056763864.111
a 8 37 0 1 5492852034551.236
a 8 38 0 1 9139997668962.578
a 8 39 0 1 15724960543539.588
a 8 40 0 1 15232976017696.564
a 8 41 0 1 12946205051382.277
a 8 42 0 1 4099687924134.498
a 8 43 0 1 8074436044139.503
a 8 44 0 1 10959884277138.277
a 8 45 0 1 10248797299563.402
a 8 46 0 1 13346656961186.408
a 8 47 0 1 10883280603168.883
a 8 48 0 1 10378562723781.262
a 8 49 0 1 12140809093608.697
a 8 50 0 1 4591619470759.868
a 8 51 0 1 14754562878601.77
a 8 52 0 1 14656037583557.715
a 8 53 0 1 11169955168583.57
a 8 54 0 1 10297990378634.639
a 8 55 0 1 13078104819924.14
a 8 56 0 1 11819743319010.354
a 8 57 0 1 6375757512700.728
a 8 58 0 1 10190655440029.457
a 8 59 0 1 3988790366218.8413
a 8 60 0 1 10004781022281.227
a 8 61 0 1 11430816659957.498
a 8 62 0 1 11018294975754.662
a 8 63 0 1 11049484736363.791
a 8 64 0 1 3496827496838.1064
a 8 65 0 1 7421155765578.761
a 8 66 0 1 8394338415025.399
a 8 67 0 1 10217768714287.896
a 8 68 0 1 3771789927764.301
a 8 69 0 1 15449793910468.518
a 8 70 0 1 15583857412811.543
a 8 71 0 1 5140594676629.031
a 8 72 0 1 11306376959922.227
a 8 73 0 1 15631559814929.145
a 8 74 0 1 6036397937366.505
a 8 75 0 1 14608985087281.541
a 8 76 0 1 15943246702838.906
a 8 77 0 1 15867356198330.748
a 8 78 0 1 4569216126467.397
a 8 79 0 1 15383256777945.643
a 8 80 0 1 8847471459481.033
a 8 81 0 1 10631224269430.564
a 9 15 0 1 13699178060645.14
a 9 16 0 1 4548810081454.574
a 9 17 0 1 12329776827528.79
a 9 18 0 1 11491982255387.701
a 9 19 0 1 9916191277314.824
a 9 20 0 1 4356195763149.0513
a 9 21 0 1 16226561762943.514
a 9 22 0 1 17198115754780.977
a 9 23 0 1 16871280033146.068
a 9 24 0 1 9788067420070.875
a 9 25 0 1 9647687113000.521
a 9 26 0 1 8932712585547.156
a 9 27 0 1 9208889358213.389
a 9 28 0 1 7736204864169.615
a 9 29 0 1 3644801082928.7524
a 9 30 0 1 15595902333143.154
a 9 31 0 1 5549052813580.172
a 9 32 0 1 8807531674639.744
a 9 33 0 1 8624648317657.3955
a 9 34 0 1 14954333753878.514
a 9 35 0 1 9974753909901.004
a 9 36 0 1 15273279117378.814
a 9 37 0 1 5995283455916.954
a 9 38 0 1 9976417043176.324
a 9 39 0 1 17165174970528.752
a 9 40 0 1 16628044348434.39
a 9 41 0 1 14131505134240.8
a 9 42 0 1 4474620904714.913
a 9 43 0 1 8813244779720.178
a 9 44 0 1 11963074602460.775
a 9 45 0 1 11186815884479.854
a 9 46 0 1 14568682270074.484
a 9 47 0 1 11879449575228.586
a 9 48 0 1 11328473553866.72
a 9 49 0 1 13252257946456.338
a 9 50 0 1 5011567537136.607
a 9 51 0 1 16105735821920.674
a 9 52 0 1 15998171284366.395
a 9 53 0 1 12192400903040.492
a 9 54 0 1 11240517177017.53
a 9 55 0 1 14275500950250.24
a 9 56 0 1 12901756035099.062
a 9 57 0 1 6959013061681.361
a 9 58 0 1 11123345788065.758
a 9 59 0 1 4353576233932.2134
a 9 60 0 1 10920437987425.57
a 9 61 0 1 12477174760469.496
a 9 62 0 1 12026839210197.102
a 9 63 0 1 12060887848172.84
a 9 64 0 1 3816602232718.4526
a 9 65 0 1 8100133769230.125
a 9 66 0 1 9162449020941.523
a 9 67 0 1 11152943767588.645
a 9 68 0 1 4116721100252.1084
a 9 69 0 1 16864757466342.023
a 9 70 0 1 17011123187676.592
a 9 71 0 1 5610784283453.247
a 9 72 0 1 12341327862448.045
a 9 73 0 1 17063203058641.49
a 9 74 0 1 6588585250997.271
a 9 75 0 1 15946802017031.104
a 9 76 0 1 17403493564342.428
a 9 77 0 1 17320638354527.232
a 9 78 0 1 4987114013347.765
a 9 79 0 1 16792114766516.137
a 9 80 0 1 9657091403649.688
a 9 81 0 1 11604291171209.838
a 10 15 0 1 6483672635314.129
a 10 16 0 1 2154097161641.273
a 10 17 0 1 5836034434720.9
a 10 18 0 1 5439758728672.287
a 10 19 0 1 4694302565378.565
a 10 20 0 1 2062908388681.8528
a 10 21 0 1 7678679004042.748
a 10 22 0 1 8137954994988.02
a 10 23 0 1 7983458254370.794
a 10 24 0 1 4633685013168.449
a 10 25 0 1 4567267646616.4795
a 10 26 0 1 4228978109407.826
a 10 27 0 1 4359654372225.4907
a 10 28 0 1 3662785947604.9043
a 10 29 0 1 1726096651093.015
a 10 30 0 1 7380522742154.862
a 10 31 0 1 2627604594788.843
a 10 32 0 1 4169745858693.8525
a 10 33 0 1 4083208740680.7925
a 10 34 0 1 7077185548841.269
a 10 35 0 1 4722009218254.015
a 10 36 0 1 7227987643908.608
a 10 37 0 1 2838828320380.8433
a 10 38 0 1 4722796062799.421
a 10 39 0 1 8122384013410.422
a 10 40 0 1 7868475654490.386
a 10 41 0 1 6688113021330.988
a 10 42 0 1 2118974272112.6978
a 10 43 0 1 4172449166427.465
a 10 44 0 1 5662589733025.479
a 10 45 0 1 5295405435757.368
a 10 46 0 1 6894836013537.845
a 10 47 0 1 5623035257430.316
a 10 48 0 1 5362414634160.348
a 10 49 0 1 6272320162752.456
a 10 50 0 1 2373170220932.3813
a 10 51 0 1 7621558005994.559
a 10 52 0 1 7570705690104.551
a 10 53 0 1 5771058568539.383
a 10 54 0 1 5320808223930.418
a 10 55 0 1 6756203900655.434
a 10 56 0 1 6106556689602.476
a 10 57 0 1 3294971704680.667
a 10 58 0 1 5265381412131.786
a 10 59 0 1 2061668218769.0752
a 10 60 0 1 5169395941852.7
a 10 61 0 1 5905749291362.947
a 10 62 0 1 5692749999027.061
a 10 63 0 1 5708854699115.838
a 10 64 0 1 1807439031327.9712
a 10 65 0 1 3835007233462.3433
a 10 66 0 1 4337680890906.3115
a 10 67 0 1 5279382529395.817
a 10 68 0 1 1949531704711.4136
a 10 69 0 1 7980374944811.63
a 10 70 0 1 8049563503586.936
a 10 71 0 1 2656825929679.2026
a 10 72 0 1 5841497777150.939
a 10 73 0 1 8074181889444.873
a 10 74 0 1 3119650623587.5586
a 10 75 0 1 7546420070789.793
a 10 76 0 1 8235034888333.449
a 10 77 0 1 8195870408395.723
a 10 78 0 1 2361594035938.771
a 10 79 0 1 7946035548378.924
a 10 80 0 1 4571717082542.057
a 10 81 0 1 5492883033139.784
a 11 15 0 1 26424495319676.832
a 11 16 0 1 8765667819056.521
a 11 17 0 1 23779554986353.402
a 11 18 0 1 22161773229117.98
a 11 19 0 1 19119706870609.566
a 11 20 0 1 8394322689702.492
a 11 21 0 1 31308070974555.69
a 11 22 0 1 33186076329908.227
a 11 23 0 1 32554261990088.426
a 11 24 0 1 18872408751893.695
a 11 25 0 1 18601461650880.758
a 11 26 0 1 17221620422836.764
a 11 27 0 1 17754593529537.227
a 11 28 0 1 14912932673313.742
a 11 29 0 1 7022942599087.374
a 11 30 0 1 30089221571264.24
a 11 31 0 1 10694302277989.857
a 11 32 0 1 16980053429570.135
a 11 33 0 1 16627147178793.293
a 11 34 0 1 28849457853938.13
a 11 35 0 1 19232743729738.887
a 11 36 0 1 29465764836656.734
a 11 37 0 1 11554842242741.857
a 11 38 0 1 19235953909439.64
a 11 39 0 1 33122395662185.133
a 11 40 0 1 32084085774791.094
a 11 41 0 1 27259678081794.723
a 11 42 0 1 8622635160725.74
a 11 43 0 1 16991078113431.422
a 11 44 0 1 23071417042368.652
a 11 45 0 1 21572568987218.074
a 11 46 0 1 28104309135810.516
a 11 47 0 1 22909936712272.934
a 11 48 0 1 21846071722908.34
a 11 49 0 1 25561202699273.16
a 11 50 0 1 9657889963317.104
a 11 51 0 1 31074542890170.043
a 11 52 0 1 30866651073864.883
a 11 53 0 1 23514262087767.605
a 11 54 0 1 21676250715538.336
a 11 55 0 1 27537870836657.53
a 11 56 0 1 24884214068504.71
a 11 57 0 1 13413640781805.443
a 11 58 0 1 21450028050829.137
a 11 59 0 1 8389272550459.104
a 11 60 0 1 21058287630634.098
a 11 61 0 1 24064210531690.492
a 11 62 0 1 23194548752085.63
a 11 63 0 1 23260298563979.46
a 11 64 0 1 7354110521349.719
a 11 65 0 1 15615078871962.234
a 11 66 0 1 17664969556724.695
a 11 67 0 1 21507172299338.047
a 11 68 0 1 7932655842645.937
a 11 69 0 1 32541653503971.26
a 11 70 0 1 32824590872739.027
a 11 71 0 1 10813344335152.373
a 11 72 0 1 23801862071615.277
a 11 73 0 1 32925267832207.848
a 11 74 0 1 12699130869608.783
a 11 75 0 1 30767370509146.023
a 11 76 0 1 33583120032076.496
a 11 77 0 1 33422939278447.562
a 11 78 0 1 9610739999617.285
a 11 79 0 1 32401232300034.773
a 11 80 0 1 18619612555415.703
a 11 81 0 1 22378624941461.66
a 12 15 0 1 17626700552293.09
a 12 16 0 1 5851176087198.488
a 12 17 0 1 15863977607897.533
a 12 18 0 1 14785628974659.418
a 12 19 0 1 12757546481526.574
a 12 20 0 1 5603378939330.283
a 12 21 0 1 20880423001292.074
a 12 22 0 1 22131334405382.062
a 12 23 0 1 21710512442984.023
a 12 24 0 1 12592657148973.94
a 12 25 0 1 12411995948847.623
a 12 26 0 1 11491891773721.5
a 12 27 0 1 11847299846029.422
a 12 28 0 1 9952197405686.432
a 12 29 0 1 4688201300813.966
a 12 30 0 1 20068468912989.547
a 12 31 0 1 7138032908701.421
a 12 32 0 1 11330800324787.05
a 12 33 0 1 11095455774176.496
a 12 34 0 1 19242504414703.14
a 12 35 0 1 12832914279247.11
a 12 36 0 1 19653114820703.42
a 12 37 0 1 7712155901516.883
a 12 38 0 1 12835054670417.717
a 12 39 0 1 22088920619384.848
a 12 40 0 1 21397336802666.88
a 12 41 0 1 18183234490807.715
a 12 42 0 1 5755731790169.725
a 12 43 0 1 11338152314298.664
a 12 44 0 1 15391977651828.879
a 12 45 0 1 14392855712978.44
a 12 46 0 1 18746028093369.168
a 12 47 0 1 15284341485808.254
a 12 48 0 1 14575179354991.494
a 12 49 0 1 17051397746679.99
a 12 50 0 1 6446523606694.823
a 12 51 0 1 20724860795190.71
a 12 52 0 1 20586373561984.184
a 12 53 0 1 15687153150674.523
a 12 54 0 1 14461972950444.64
a 12 55 0 1 18368603604223.63
a 12 56 0 1 16600222225422.643
a 12 57 0 1 8952153827382.26
a 12 58 0 1 14311165672936.04
a 12 59 0 1 5600008952641.64
a 12 60 0 1 14050012761957.28
a 12 61 0 1 16053703755123.24
a 12 62 0 1 15474051303367.863
a 12 63 0 1 15517876635065.307
a 12 64 0 1 4909211911430.0625
a 12 65 0 1 10420496832735.568
a 12 66 0 1 11787535964257.066
a 12 67 0 1 14349260107360.273
a 12 68 0 1 5295300634033.658
a 12 69 0 1 21702114312400.594
a 12 70 0 1 21890568362523.688
a 12 71 0 1 7217455976566.686
a 12 72 0 1 15878845682810.156
a 12 73 0 1 21957624548935.273
a 12 74 0 1 8475527698550.109
a 12 75 0 1 20520236985324.867
a 12 76 0 1 22395776172463.418
a 12 77 0 1 22289092460984.902
a 12 78 0 1 6415063162250.792
a 12 79 0 1 21608583452766.258
a 12 80 0 1 12424098665527.238
a 12 81 0 1 14930181428885.143
a 13 15 0 1 18039363347117.87
a 13 16 0 1 5987969322706.277
a 13 17 0 1 16235295705494.197
a 13 18 0 1 15131662852070.42
a 13 19 0 1 13056044972602.117
a 13 20 0 1 5734375159585.402
a 13 21 0 1 21369447036947.18
a 13 22 0 1 22649731524187.9
a 13 23 0 1 22219027129264.246
a 13 24 0 1 12887291865750.547
a 13 25 0 1 12702397488915.535
a 13 26 0 1 11760736618576.092
a 13 27 0 1 12124470828228.57
a 13 28 0 1 10184979916512.277
a 13 29 0 1 4797790608685.039
a 13 30 0 1 20538431807823.184
a 13 31 0 1 7304936570101.665
a 13 32 0 1 11595871513359.02
a 13 33 0 1 11355014144006.125
a 13 34 0 1 19693081007283.582
a 13 35 0 1 13133178878529.955
a 13 36 0 1 20113328422947.367
a 13 37 0 1 7892496083893.664
a 13 38 0 1 13135369426360.545
a 13 39 0 1 22606321663590.598
a 13 40 0 1 21898497620224.832
a 13 41 0 1 18608954366449.7
a 13 42 0 1 5890292142923.648
a 13 43 0 1 11603395724170.723
a 13 44 0 1 15752227897069.346
a 13 45 0 1 14729681766484.512
a 13 46 0 1 19184953652080.87
a 13 47 0 1 15642067959983.408
a 13 48 0 1 14916279534370.348
a 13 49 0 1 17450564916223.455
a 13 50 0 1 6597245902936.89
a 13 51 0 1 21210232626239.633
a 13 52 0 1 21068494177976.844
a 13 53 0 1 16054324775315.416
a 13 54 0 1 14800419264653.54
a 13 55 0 1 18798672884137.76
a 13 56 0 1 16988806864682.566
a 13 57 0 1 9161520577362.322
a 13 58 0 1 14646076765503.8
a 13 59 0 1 5730926337097.734
a 13 60 0 1 14378802209571.73
a 13 61 0 1 16429471058046.006
a 13 62 0 1 15836225992269.266
a 13 63 0 1 15881078945270.557
a 13 64 0 1 5023970453810.072
a 13 65 0 1 10664246350302.287
a 13 66 0 1 12063306810497.648
a 13 67 0 1 14685064197154.406
a 13 68 0 1 5419090081793.009
a 13 69 0 1 22210431789959.816
a 13 70 0 1 22403311297691.297
a 13 71 0 1 7386218312029.868
a 13 72 0 1 16250512439546.227
a 13 73 0 1 22471942208789.65
a 13 74 0 1 8673736312995.648
a 13 75 0 1 21000804974087.21
a 13 76 0 1 22920383848652.734
a 13 77 0 1 22811194566153.367
a 13 78 0 1 6565049344640.782
a 13 79 0 1 22114704622518.273
a 13 80 0 1 12714783785692.98
a 13 81 0 1 15279604278879.33
a 14 15 0 1 16612033304610.158
a 14 16 0 1 5514787961628.909
a 14 17 0 1 14950954870204.494
a 14 18 0 1 13934768268044.957
a 14 19 0 1 12023556369338.26
a 14 20 0 1 5281245505228.331
a 14 21 0 1 19678033078759.184
a 14 22 0 1 20856738196628.164
a 14 23 0 1 20460209503358.973
a 14 24 0 1 11868166714307.078
a 14 25 0 1 11697913457335.943
a 14 26 0 1 10830810415390.443
a 14 27 0 1 11165747026984.277
a 14 28 0 1 9379784018204.82
a 14 29 0 1 4418707410304.14
a 14 30 0 1 18912936881550.85
a 14 31 0 1 6727605182598.875
a 14 32 0 1 10678997293890.043
a 14 33 0 1 10457207217429.494
a 14 34 0 1 18134630346343.848
a 14 35 0 1 12094581930806.94
a 14 36 0 1 18521549693184.832
a 14 37 0 1 7268689207530.7
a 14 38 0 1 12096599004558.836
a 14 39 0 1 20816772980117.273
a 14 40 0 1 20165111470710.984
a 14 41 0 1 17136467556279.121
a 14 42 0 1 5424834250384.613
a 14 43 0 1 10685925840515.947
a 14 44 0 1 14506165414696.521
a 14 45 0 1 13564633034849.887
a 14 46 0 1 17666796485885.785
a 14 47 0 1 14404734015732.258
a 14 48 0 1 13736448442303.875
a 14 49 0 1 16069908659674.432
a 14 50 0 1 6075884596006.448
a 14 51 0 1 19531449010817.684
a 14 52 0 1 19400954193519.293
a 14 53 0 1 14784324558161.746
a 14 54 0 1 13629766744920.295
a 14 55 0 1 17311144115256.49
a 14 56 0 1 15644749884510.092
a 14 57 0 1 8437315115277.904
a 14 58 0 1 13487651070535.264
a 14 59 0 1 5278069373923.247
a 14 60 0 1 13241548733017.814
a 14 61 0 1 15129742639132.3
a 14 62 0 1 14583507772011.27
a 14 63 0 1 14624806673274.943
a 14 64 0 1 4627006804096.148
a 14 65 0 1 9821118137055.531
a 14 66 0 1 11109425647782.418
a 14 67 0 1 13523550003113.111
a 14 68 0 1 4990888535118.628
a 14 69 0 1 20452296158659.66
a 14 70 0 1 20629871401069.707
a 14 71 0 1 6802457948678.966
a 14 72 0 1 14964965764674.984
a 14 73 0 1 20693056555905.137
a 14 74 0 1 7988124989070.237
a 14 75 0 1 19338634425683.03
a 14 76 0 1 21105913097493.66
a 14 77 0 1 21005388601492.406
a 14 78 0 1 6046234210334.146
a 14 79 0 1 20364164350469.027
a 14 80 0 1 11709318945814.518
a 14 81 0 1 14070988756558.012
a 15 1 0 4 0
a 16 1 0 4 0
a 17 1 0 4 0
a 18 1 0 4 0
a 19 1 0 4 0
a 20 1 0 4 0
a 21 1 0 4 0
a 22 1 0 4 0
a 23 1 0 4 0
a 24 1 0 4 0
a 25 1 0 4 0
a 26 1 0 4 0
a 27 1 0 4 0
a 28 1 0 4 0
a 29 1 0 4 0
a 30 1 0 4 0
a 31 1 0 4 0
a 32 1 0 4 0
a 33 1 0 4 0
a 34 1 0 4 0
a 35 1 0 4 0
a 36 1 0 4 0
a 37 1 0 4 0
a 38 1 0 4 0
a 39 1 0 4 0
a 40 1 0 4 0
a 41 1 0 4 0
a 42 1 0 4 0
a 43 1 0 4 0
a 44 1 0 4 0
a 45 1 0 4 0
a 46 1 0 4 0
a 47 1 0 4 0
a 48 1 0 4 0
a 49 1 0 4 0
a 50 1 0 4 0
a 51 1 0 4 0
a 52 1 0 4 0
a 53 1 0 4 0
a 54 1 0 4 0
a 55 1 0 4 0
a 56 1 0 4 0
a 57 1 0 4 0
a 58 1 0 4 0
a 59 1 0 4 0
a 60 1 0 4 0
a 61 1 0 4 0
a 62 1 0 4 0
a 63 1 0 4 0
a 64 1 0 4 0
a 65 1 0 4 0
a 66 1 0 4 0
a 67 1 0 4 0
a 68 1 0 4 0
a 69 1 0 4 0
a 70 1 0 4 0
a 71 1 0 4 0
a 72 1 0 4 0
a 73 1 0 4 0
a 74 1 0 4 0
a 75 1 0 4 0
a 76 1 0 4 0
a 77 1 0 4 0
a 78 1 0 4 0
a 79 1 0 4 0
a 80 1 0 4 0
a 81 1 0 4 0
