p min 82 951
n 0 13
n 1 -13
a 0 2 0 1 0
a 0 3 0 1 0
a 0 4 0 1 0
a 0 5 0 1 0
a 0 6 0 1 0
a 0 7 0 1 0
a 0 8 0 1 0
a 0 9 0 1 0
a 0 10 0 1 0
a 0 11 0 1 0
a 0 12 0 1 0
a 0 13 0 1 0
a 0 14 0 1 0
a 2 15 0 1 5246177752664.413
a 2 16 0 1 19990358329284.85
a 2 17 0 1 9326477344788.668
a 2 18 0 1 6818465377138.989
a 2 19 0 1 10395057917597.555
a 2 20 0 1 13557303718525.65
a 2 21 0 1 13450905973978.691
a 2 22 0 1 8116363183158.221
a 2 23 0 1 20080422183980.87
a 2 24 0 1 4593942701206.076
a 2 25 0 1 14523010332673.143
a 2 26 0 1 5217150467238.592
a 2 27 0 1 13969214460169.635
a 2 28 0 1 5701250129886.923
a 2 29 0 1 15438898830032.793
a 2 30 0 1 8109987591854.329
a 2 31 0 1 5587682517602.081
a 2 32 0 1 12750186500520.537
a 2 33 0 1 10254449577278.754
a 2 34 0 1 13951623799658.904
a 2 35 0 1 5937192787341.921
a 2 36 0 1 18462832096425.6
a 2 37 0 1 18294059196490.926
a 2 38 0 1 6521508974645.021
a 2 39 0 1 20989170709043.297
a 2 40 0 1 18459366197963.13
a 2 41 0 1 5750700979689.125
a 2 42 0 1 6538446888715.317
a 2 43 0 1 20985311017117.023
a 2 44 0 1 19483783976196.08
a 2 45 0 1 19464914018516.586
a 2 46 0 1 12134954191335.13
a 2 47 0 1 18168592277912.562
a 2 48 0 1 13091363421531.545
a 2 49 0 1 15749148626656.766
a 2 50 0 1 13820611615952.656
a 2 51 0 1 8713211431721.295
a 2 52 0 1 16705802988395.82
a 2 53 0 1 5283363469179.636
a 2 54 0 1 20115761855002.574
a 2 55 0 1 11507361375023.875
a 2 56 0 1 5522789374082.464
a 2 57 0 1 19028074145447.695
a 2 58 0 1 9161006455932.213
a 2 59 0 1 10085107906139.74
a 2 60 0 1 7806699931932.18
a 2 61 0 1 12993221957899.793
a 2 62 0 1 12171457066109.166
a 2 63 0 1 5799376243574.18
a 2 64 0 1 15584778405932.17
a 2 65 0 1 14352491507533.98
a 2 66 0 1 4355380588655.087
a 2 67 0 1 12485517794762.602
a 2 68 0 1 16055223630230.23
a 2 69 0 1 12050005561340.348
a 2 70 0 1 16089968095327.3
a 2 71 0 1 7648402398082.596
a 2 72 0 1 4449435901392.308
a 2 73 0 1 18224051755915.48
a 2 74 0 1 14811111171771.74
a 2 75 0 1 9945451893135.232
a 2 76 0 1 10180749641820.172
a 2 77 0 1 7565289222431.233
a 2 78 0 1 13500519885595.287
a 2 79 0 1 20448023218378.867
a 2 80 0 1 15281118160854.94
a 2 81 0 1 14253329765553.984
a 3 15 0 1 1402399567181.1787
a 3 16 0 1 5337147514477.107
a 3 17 0 1 2492280613585.0234
a 3 18 0 1 1822459192935.6194
a 3 19 0 1 2777583144148.509
a 3 20 0 1 3621576262205.5737
a 3 21 0 1 3593186374059.8916
a 3 22 0 1 2169127603868.6375
a 3 23 0 1 5361152576846.709
a 3 24 0 1 1228112730972.4622
a 3 25 0 1 3879230424919.2485
a 3 26 0 1 1394643455727.5557
a 3 27 0 1 3731480737347.5137
a 3 28 0 1 1523990266158.3362
a 3 29 0 1 4123554116284.3003
a 3 30 0 1 2167424869462.2495
a 3 31 0 1 1493647032436.9165
a 3 32 0 1 3406202120810.281
a 3 33 0 1 2740044773331.1143
a 3 34 0 1 3726787419678.6797
a 3 35 0 1 1587028063179.3967
a 3 36 0 1 4929954511194.864
a 3 37 0 1 4884958237906.031
a 3 38 0 1 1743131484987.076
a 3 39 0 1 5603344355663.1
a 3 40 0 1 4929030486438.88
a 3 41 0 1 1537202466589.1968
a 3 42 0 1 1747656316358.9849
a 3 43 0 1 5602315782633.671
a 3 44 0 1 5202121519218.147
a 3 45 0 1 5197091560926.241
a 3 46 0 1 3242011547021.9014
a 3 47 0 1 4851506872084.141
a 3 48 0 1 3497246611886.9736
a 3 49 0 1 4206308217906.5024
a 3 50 0 1 3691831966511.1313
a 3 51 0 1 2328520242378.282
a 3 52 0 1 4461452963681.312
a 3 53 0 1 1412335561759.6929
a 3 54 0 1 5370571694276.135
a 3 55 0 1 3074504683701.733
a 3 56 0 1 1476308484690.0762
a 3 57 0 1 5080643451560.864
a 3 58 0 1 2448096598699.706
a 3 59 0 1 2694834249459.327
a 3 60 0 1 2086423468484.6377
a 3 61 0 1 3471057688297.1924
a 3 62 0 1 3251753754362.3604
a 3 63 0 1 1550207339525.6592
a 3 64 0 1 4162465667219.109
a 3 65 0 1 3833738413745.7397
a 3 66 0 1 1164360621210.6006
a 3 67 0 1 3335570555801.471
a 3 68 0 1 4287944513470.885
a 3 69 0 1 3219339479266.544
a 3 70 0 1 4297211287230.491
a 3 71 0 1 2044144064707.876
a 3 72 0 1 1189495784783.0596
a 3 73 0 1 4866293289684.197
a 3 74 0 1 3956088679069.7876
a 3 75 0 1 2657548174998.1377
a 3 76 0 1 2720368660683.4736
a 3 77 0 1 2021945063828.1372
a 3 78 0 1 3606424814015.0605
a 3 79 0 1 5459126894758.111
a 3 80 0 1 4081467018796.205
a 3 81 0 1 3807282861022.906
a 4 15 0 1 6926217590470.6045
a 4 16 0 1 26406463735412.91
a 4 17 0 1 12315049260635.865
a 4 18 0 1 9002537876711.332
a 4 19 0 1 13726586777814.986
a 4 20 0 1 17904396880167.266
a 4 21 0 1 17763813309739.543
a 4 22 0 1 10716688039149.63
a 4 23 0 1 26525522874585.535
a 4 24 0 1 6064964418708.296
a 4 25 0 1 19180437732447.863
a 4 26 0 1 6887887211826.754
a 4 27 0 1 18448665871312.312
a 4 28 0 1 7527149019932.101
a 4 29 0 1 20390735450829.945
a 4 30 0 1 10708267312939.736
a 4 31 0 1 7377179012848.099
a 4 32 0 1 16837978791227.875
a 4 33 0 1 13540844346761.047
a 4 34 0 1 18425422508741.434
a 4 35 0 1 7838723576273.386
a 4 36 0 1 24387284596233.81
a 4 37 0 1 24164204106223.645
a 4 38 0 1 8610366866465.633
a 4 39 0 1 27726879661170.246
a 4 40 0 1 24382703416065.047
a 4 41 0 1 7592450990811.487
a 4 42 0 1 8632735436920.321
a 4 43 0 1 27721777014492.72
a 4 44 0 1 25736816928308.74
a 4 45 0 1 25711872987172.797
a 4 46 0 1 16025134836508.473
a 4 47 0 1 23998366364501.664
a 4 48 0 1 17288757143735.256
a 4 49 0 1 20800732587450.12
a 4 50 0 1 18252310933768.04
a 4 51 0 1 11505008278564.543
a 4 52 0 1 22065016880314.37
a 4 53 0 1 6975321254681.114
a 4 54 0 1 26572240066312.68
a 4 55 0 1 15195998302723.6
a 4 56 0 1 7291485909806.09
a 4 57 0 1 25134430034975.93
a 4 58 0 1 12096481073903.545
a 4 59 0 1 13317147990407.709
a 4 60 0 1 10307696915614.328
a 4 61 0 1 17159087045251.992
a 4 62 0 1 16073361344896.566
a 4 63 0 1 7656728999945.814
a 4 64 0 1 20583515092163.223
a 4 65 0 1 18955115273792.617
a 4 66 0 1 5749961992160.239
a 4 67 0 1 16488294382267.207
a 4 68 0 1 21205221935731.844
a 4 69 0 1 15912903746638.725
a 4 70 0 1 21251138600580.51
a 4 71 0 1 10098627330577.686
a 4 72 0 1 5874153941526.242
a 4 73 0 1 24071670553693.887
a 4 74 0 1 19561138754791.887
a 4 75 0 1 13132667795264.06
a 4 76 0 1 13443488124970.717
a 4 77 0 1 9988857570909.057
a 4 78 0 1 17829368140970.242
a 4 79 0 1 27011478148436.74
a 4 80 0 1 20182230876005.566
a 4 81 0 1 18824084904930.562
a 5 15 0 1 9464821617050.855
a 5 16 0 1 36114739724376.984
a 5 17 0 1 16832604400855.54
a 5 18 0 1 12303235488847.59
a 5 19 0 1 18763058756173.07
a 5 20 0 1 24478089899394.844
a 5 21 0 1 24285745846782.562
a 5 22 0 1 14646923618266.523
a 5 23 0 1 36277753826213.16
a 5 24 0 1 8287599785089.517
a 5 25 0 1 26224052169580.473
a 5 26 0 1 9412427119663.879
a 5 27 0 1 25222771105424.887
a 5 28 0 1 10286267990422.22
a 5 29 0 1 27880235011449.395
a 5 30 0 1 14635409469725.752
a 5 31 0 1 10081261795892.62
a 5 32 0 1 23019092040854.824
a 5 33 0 1 18509019536687.598
a 5 34 0 1 25190968305919.656
a 5 35 0 1 10712192886979.588
a 5 36 0 1 33350359185908.992
a 5 37 0 1 33044977355329.17
a 5 38 0 1 11767083687429.742
a 5 39 0 1 37922727003430.06
a 5 40 0 1 33344087807491.695
a 5 41 0 1 10375535375078.445
a 5 42 0 1 11797664127019.959
a 5 43 0 1 37915739783714.19
a 5 44 0 1 35197899451017.805
a 5 45 0 1 35163748709904.0
a 5 46 0 1 21907104949434.79
a 5 47 0 1 32817960655758.586
a 5 48 0 1 23635799031737.742
a 5 49 0 1 28441317532539.367
a 5 50 0 1 24954109853809.68
a 5 51 0 1 15724876042252.959
a 5 52 0 1 30171617949150.94
a 5 53 0 1 9531942563927.969
a 5 54 0 1 36341718799957.695
a 5 55 0 1 20772908177111.906
a 5 56 0 1 9964122093228.51
a 5 57 0 1 34373192000873.16
a 5 58 0 1 16533705649871.615
a 5 59 0 1 18203076179978.367
a 5 60 0 1 14087695749542.164
a 5 61 0 1 23458395782388.332
a 5 62 0 1 21973077658234.37
a 5 63 0 1 10463403491530.006
a 5 64 0 1 28144052196278.906
a 5 65 0 1 25915737559383.63
a 5 66 0 1 7857053548383.169
a 5 67 0 1 22540707256995.31
a 5 68 0 1 28994881755266.77
a 5 69 0 1 21753576549248.945
a 5 70 0 1 29057722244826.617
a 5 71 0 1 13801835064903.797
a 5 72 0 1 8026798099746.506
a 5 73 0 1 32918306991403.3
a 5 74 0 1 26744988717952.176
a 5 75 0 1 17950772048050.723
a 5 76 0 1 18375867396578.5
a 5 77 0 1 13651748979518.639
a 5 78 0 1 24375436567878.2
a 5 79 0 1 36943134076110.21
a 5 80 0 1 27594903255645.496
a 5 81 0 1 25736447989715.035
a 6 15 0 1 2208694672153.2593
a 6 16 0 1 8407876134583.696
a 6 17 0 1 3925474791248.1206
a 6 18 0 1 2870343050421.4204
a 6 19 0 1 4374924137392.722
a 6 20 0 1 5704602266057.863
a 6 21 0 1 5659872691276.215
a 6 22 0 1 3416418473428.6353
a 6 23 0 1 8445705948526.966
a 6 24 0 1 1934181108946.2815
a 6 25 0 1 6110555946777.61
a 6 26 0 1 2196478136966.7385
a 6 27 0 1 5877763409346.073
a 6 28 0 1 2400212004338.4473
a 6 29 0 1 6495519264281.168
a 6 30 0 1 3413736248501.826
a 6 31 0 1 2352418132519.704
a 6 32 0 1 5365274602699.519
a 6 33 0 1 4315787356934.9067
a 6 34 0 1 5870368752137.641
a 6 35 0 1 2499503960053.5786
a 6 36 0 1 7766195019884.001
a 6 37 0 1 7695289103048.639
a 6 38 0 1 2745388805119.178
a 6 39 0 1 8827385092163.25
a 6 40 0 1 7764738921208.996
a 6 41 0 1 2421022707664.056
a 6 42 0 1 2752516126748.257
a 6 43 0 1 8825764099274.33
a 6 44 0 1 8195089583980.279
a 6 45 0 1 8187162980411.305
a 6 46 0 1 5106594511220.545
a 6 47 0 1 7642576128072.248
a 6 48 0 1 5508716427761.812
a 6 49 0 1 6625911793477.25
a 6 50 0 1 5815294083674.075
a 6 51 0 1 3667503709082.8022
a 6 52 0 1 7027942788154.008
a 6 53 0 1 2224344726990.2607
a 6 54 0 1 8460549661244.721
a 6 55 0 1 4842695448688.748
a 6 56 0 1 2325108132539.022
a 6 57 0 1 8003656376257.168
a 6 58 0 1 3855871331484.71
a 6 59 0 1 4244564495863.479
a 6 60 0 1 3286139844704.3594
a 6 61 0 1 5467455247710.35
a 6 62 0 1 5121943073807.4795
a 6 63 0 1 2441506882401.551
a 6 64 0 1 6556830555190.623
a 6 65 0 1 6038878824133.542
a 6 66 0 1 1833768803635.8499
a 6 67 0 1 5253994810356.164
a 6 68 0 1 6754544439132.416
a 6 69 0 1 5070875408614.927
a 6 70 0 1 6769145993487.096
a 6 71 0 1 3219540307323.6553
a 6 72 0 1 1873357662350.1711
a 6 73 0 1 7665876674323.403
a 6 74 0 1 6231654641557.677
a 6 75 0 1 4185825818187.1084
a 6 76 0 1 4284790339252.362
a 6 77 0 1 3184572054610.3647
a 6 78 0 1 5680730441486.871
a 6 79 0 1 8600105888728.759
a 6 80 0 1 6429204754487.131
a 6 81 0 1 5997195706432.384
a 7 15 0 1 2216348140837.4146
a 7 16 0 1 8437031603339.664
a 7 17 0 1 3939079867037.2017
a 7 18 0 1 2880289993462.0303
a 7 19 0 1 4390087721108.3667
a 7 20 0 1 5724377581696.06
a 7 21 0 1 5679492847988.03
a 7 22 0 1 3428258543962.582
a 7 23 0 1 8474992725410.956
a 7 24 0 1 1940883133102.7043
a 7 25 0 1 6131739516740.046
a 7 26 0 1 2204089262724.166
a 7 27 0 1 5898139405263.879
a 7 28 0 1 2408529294243.0977
a 7 29 0 1 6518038394975.627
a 7 30 0 1 3425567019746.626
a 7 31 0 1 2360569760587.5933
a 7 32 0 1 5383872891181.882
a 7 33 0 1 4330745869048.8506
a 7 34 0 1 5890719096170.106
a 7 35 0 1 2508165418921.596
a 7 36 0 1 7793123374014.989
a 7 37 0 1 7721971380739.534
a 7 38 0 1 2754902591916.3916
a 7 39 0 1 8857996750079.3
a 7 40 0 1 7791662221960.639
a 7 41 0 1 2429412131642.687
a 7 42 0 1 2762054620203.7495
a 7 43 0 1 8856370130169.012
a 7 44 0 1 8223506487255.946
a 7 45 0 1 8215552371767.337
a 7 46 0 1 5124295577074.522
a 7 47 0 1 7669075469887.87
a 7 48 0 1 5527812262188.936
a 7 49 0 1 6648883324444.895
a 7 50 0 1 5835453376404.038
a 7 51 0 1 3680214318959.978
a 7 52 0 1 7052309261922.963
a 7 53 0 1 2232052439471.9497
a 7 54 0 1 8489887961299.289
a 7 55 0 1 4859481245359.077
a 7 56 0 1 2333165100237.472
a 7 57 0 1 8031408860865.122
a 7 58 0 1 3869235065196.362
a 7 59 0 1 4259276028583.5723
a 7 60 0 1 3297528245210.3896
a 7 61 0 1 5486407960874.131
a 7 62 0 1 5139697374103.336
a 7 63 0 1 2449967308978.334
a 7 64 0 1 6579562405306.362
a 7 65 0 1 6059813736378.328
a 7 66 0 1 1840122820942.5977
a 7 67 0 1 5272207122293.082
a 7 68 0 1 6777962277768.07
a 7 69 0 1 5088452588254.167
a 7 70 0 1 6792614494950.853
a 7 71 0 1 3230697815540.672
a 7 72 0 1 1879848884925.918
a 7 73 0 1 7692456878418.087
a 7 74 0 1 6253258328773.136
a 7 75 0 1 4200333665953.29
a 7 76 0 1 4299641362561.6
a 7 77 0 1 3195608333680.903
a 7 78 0 1 5700422949819.121
a 7 79 0 1 8629928603151.275
a 7 80 0 1 6451493810491.635
a 7 81 0 1 6017986016147.508
a 8 15 0 1 7138153802752.051
a 8 16 0 1 27216349593210.266
a 8 17 0 1 12692120135378.365
a 8 18 0 1 9278075572611.111
a 8 19 0 1 14146947540807.914
a 8 20 0 1 18452970268191.86
a 8 21 0 1 18308070267739.746
a 8 22 0 1 11044756907297.816
a 8 23 0 1 27339071780241.875
a 8 24 0 1 6250528067119.135
a 8 25 0 1 19768196830653.25
a 8 26 0 1 7098649589166.396
a 8 27 0 1 19013951667041.973
a 8 28 0 1 7757489637356.493
a 8 29 0 1 21015672332458.53
a 8 30 0 1 11036078070587.67
a 8 31 0 1 7602926333389.666
a 8 32 0 1 17353812838729.758
a 8 33 0 1 13955507819678.99
a 8 34 0 1 18989994546062.08
a 8 35 0 1 8078607654057.692
a 8 36 0 1 25135062888113.863
a 8 37 0 1 24905122531304.96
a 8 38 0 1 8873889247143.215
a 8 39 0 1 28577396052613.79
a 8 40 0 1 25130340830090.57
a 8 41 0 1 7824791734840.6455
a 8 42 0 1 8896943114635.86
a 8 43 0 1 28572136367827.02
a 8 44 0 1 26526101942309.496
a 8 45 0 1 26500390695372.96
a 8 46 0 1 16516019906236.97
a 8 47 0 1 24734185409019.99
a 8 48 0 1 17818429204673.29
a 8 49 0 1 21438266134795.312
a 8 50 0 1 18811567175535.848
a 8 51 0 1 11857242873499.08
a 8 52 0 1 22741401750540.684
a 8 53 0 1 7188761240128.59
a 8 54 0 1 27387226330554.574
a 8 55 0 1 15661439277420.654
a 8 56 0 1 7514608686517.465
a 8 57 0 1 25905186169243.51
a 8 58 0 1 12466850063487.861
a 8 59 0 1 13724950343297.834
a 8 60 0 1 10623230061378.693
a 8 61 0 1 17684778336198.613
a 8 62 0 1 16565726517802.148
a 8 63 0 1 7891038538042.832
a 8 64 0 1 21214374742238.75
a 8 65 0 1 19535954122177.61
a 8 66 0 1 5925881249694.678
a 8 67 0 1 16993394822188.365
a 8 68 0 1 21855184129864.133
a 8 69 0 1 16400344436180.73
a 8 70 0 1 21902511740426.066
a 8 71 0 1 10407752889658.889
a 8 72 0 1 6053875482740.816
a 8 73 0 1 24809743619818.33
a 8 74 0 1 20160591031146.0
a 8 75 0 1 13534812123686.352
a 8 76 0 1 13855165484264.84
a 8 77 0 1 10294619022098.867
a 8 78 0 1 18375637854242.156
a 8 79 0 1 27839979331167.594
a 8 80 0 1 20800762177129.363
a 8 81 0 1 19400899633621.55
a 9 15 0 1 5935070957216.939
a 9 16 0 1 22620408880749.0
a 9 17 0 1 10551819662921.646
a 9 18 0 1 7714004376560.254
a 9 19 0 1 11760983957141.078
a 9 20 0 1 15339487934622.68
a 9 21 0 1 15219079082422.65
a 9 22 0 1 9182548707009.398
a 9 23 0 1 22722353100580.46
a 9 24 0 1 5197137475897.181
a 9 25 0 1 16432382484916.79
a 9 26 0 1 5902229410784.865
a 9 27 0 1 15805645272635.898
a 9 28 0 1 6449944802501.666
a 9 29 0 1 17468927223269.812
a 9 30 0 1 9175334717222.986
a 9 31 0 1 6321452504836.914
a 9 32 0 1 14426094273316.188
a 9 33 0 1 11601874781185.174
a 9 34 0 1 15785737890587.99
a 9 35 0 1 6716895686518.691
a 9 36 0 1 20891428417712.72
a 9 37 0 1 20700402217707.367
a 9 38 0 1 7378012503950.927
a 9 39 0 1 23750990672317.195
a 9 40 0 1 20887505518511.004
a 9 41 0 1 6505894459775.532
a 9 42 0 1 7397176857041.333
a 9 43 0 1 23746621720299.875
a 9 44 0 1 22047017263428.08
a 9 45 0 1 22025658524763.965
a 9 46 0 1 13729866806899.967
a 9 47 0 1 20558392679208.363
a 9 48 0 1 14812192635394.043
a 9 49 0 1 17820054872608.746
a 9 50 0 1 15637471501396.625
a 9 51 0 1 9857889438262.195
a 9 52 0 1 18902776785923.984
a 9 53 0 1 5977143016005.316
a 9 54 0 1 22762354520294.41
a 9 55 0 1 13019664953366.605
a 9 56 0 1 6248031514187.511
a 9 57 0 1 21531206746740.836
a 9 58 0 1 10364582728209.117
a 9 59 0 1 11410252526174.137
a 9 60 0 1 8832165947503.076
a 9 61 0 1 14701128856969.13
a 9 62 0 1 13771174912345.623
a 9 63 0 1 6560966685758.885
a 9 64 0 1 17634027169872.348
a 9 65 0 1 16239403231100.443
a 9 66 0 1 4927233860999.507
a 9 67 0 1 14126580416843.127
a 9 68 0 1 18166460905765.273
a 9 69 0 1 13633735734265.053
a 9 70 0 1 18205783798580.33
a 9 71 0 1 8653054174998.76
a 9 72 0 1 5033645617462.669
a 9 73 0 1 20621164337237.51
a 9 74 0 1 16758433708825.066
a 9 75 0 1 11252222463630.508
a 9 76 0 1 11518477893745.734
a 9 77 0 1 8559012951201.678
a 9 78 0 1 15275226409919.236
a 9 79 0 1 23138447451242.535
a 9 80 0 1 17290358976760.3
a 9 81 0 1 16127180544244.45
a 10 15 0 1 1761701011206.0176
a 10 16 0 1 6705328672599.486
a 10 17 0 1 3130915439043.876
a 10 18 0 1 2289410282362.433
a 10 19 0 1 3489354734182.431
a 10 20 0 1 4549739237687.267
a 10 21 0 1 4514069607696.547
a 10 22 0 1 2724930056145.749
a 10 23 0 1 6735492221365.085
a 10 24 0 1 1542753126383.5952
a 10 25 0 1 4873463875598.262
a 10 26 0 1 1751957346238.4097
a 10 27 0 1 4687826008155.592
a 10 28 0 1 1914450692835.1477
a 10 29 0 1 5180444247598.85
a 10 30 0 1 2722790887913.3096
a 10 31 0 1 1876331561955.2505
a 10 32 0 1 4279140301611.2725
a 10 33 0 1 3442193128080.616
a 10 34 0 1 4681929186467.871
a 10 35 0 1 1993643064931.7405
a 10 36 0 1 6193677030048.803
a 10 37 0 1 6137138461135.008
a 10 38 0 1 2189752078558.6733
a 10 39 0 1 7039820569226.367
a 10 40 0 1 6192515975998.144
a 10 41 0 1 1931048734075.0735
a 10 42 0 1 2195436543463.794
a 10 43 0 1 7038528096946.638
a 10 44 0 1 6535662624689.771
a 10 45 0 1 6529342289018.738
a 10 46 0 1 4072851392122.122
a 10 47 0 1 6095106358654.844
a 10 48 0 1 4393529391397.421
a 10 49 0 1 5284421598660.567
a 10 50 0 1 4638010183401.558
a 10 51 0 1 2925178132765.134
a 10 52 0 1 5605004373063.674
a 10 53 0 1 1774183174905.594
a 10 54 0 1 6747327820209.03
a 10 55 0 1 3862397959631.002
a 10 56 0 1 1854549788557.7646
a 10 57 0 1 6383021294670.523
a 10 58 0 1 3075405475219.771
a 10 59 0 1 3385392695223.7427
a 10 60 0 1 2621027982135.579
a 10 61 0 1 4360625337216.606
a 10 62 0 1 4085091438060.5225
a 10 63 0 1 1947386329422.0503
a 10 64 0 1 5229335053917.099
a 10 65 0 1 4816305951450.3
a 10 66 0 1 1462665083784.0764
a 10 67 0 1 4190398613062.9146
a 10 68 0 1 5386994967210.831
a 10 69 0 1 4044366380911.113
a 10 70 0 1 5398638400377.508
a 10 71 0 1 2567912118962.79
a 10 72 0 1 1494240882062.884
a 10 73 0 1 6113685686045.741
a 10 74 0 1 4970031910656.73
a 10 75 0 1 3338548291953.2705
a 10 76 0 1 3417472942117.496
a 10 77 0 1 2540023436897.416
a 10 78 0 1 4530702644121.447
a 10 79 0 1 6858602243664.151
a 10 80 0 1 5127563620605.186
a 10 81 0 1 4783066241336.001
a 11 15 0 1 4492805322886.683
a 11 16 0 1 17115484536027.459
a 11 17 0 1 7986618314737.529
a 11 18 0 1 5839154233788.179
a 11 19 0 1 8901527243373.127
a 11 20 0 1 11608823528880.104
a 11 21 0 1 11517737745010.264
a 11 22 0 1 6950490534442.358
a 11 23 0 1 17192570384183.066
a 11 24 0 1 3934276302587.8203
a 11 25 0 1 12435538246721.395
a 11 26 0 1 4467948618038.824
a 11 27 0 1 11961452155908.002
a 11 28 0 1 4882490717733.394
a 11 29 0 1 13219580604960.957
a 11 30 0 1 6945031495543.808
a 11 31 0 1 4785241594218.778
a 11 32 0 1 10917852509914.785
a 11 33 0 1 8781141516051.606
a 11 34 0 1 11946393238262.465
a 11 35 0 1 5084529692635.808
a 11 36 0 1 15808036445145.13
a 11 37 0 1 15663575414302.863
a 11 38 0 1 5584876017130.066
a 11 39 0 1 17970357324595.926
a 11 40 0 1 15805069820217.344
a 11 41 0 1 4924835878775.068
a 11 42 0 1 5599379703538.773
a 11 43 0 1 17967053910263.035
a 11 44 0 1 16681902159370.71
a 11 45 0 1 16665751021115.248
a 11 46 0 1 10391141267685.031
a 11 47 0 1 15556181580060.436
a 11 48 0 1 11209935467996.225
a 11 49 0 1 13485163194505.393
a 11 50 0 1 11834236759440.52
a 11 51 0 1 7461531019930.858
a 11 52 0 1 14304069152859.254
a 11 53 0 1 4524648237374.221
a 11 54 0 1 17222817622167.502
a 11 55 0 1 9853836916120.47
a 11 56 0 1 4729672758760.335
a 11 57 0 1 16291849042201.377
a 11 58 0 1 7844940756155.686
a 11 59 0 1 8636154207154.941
a 11 60 0 1 6685343014924.747
a 11 61 0 1 11125916497699.81
a 11 62 0 1 10422392322849.037
a 11 63 0 1 4966516831685.803
a 11 64 0 1 13344457982820.748
a 11 65 0 1 12289563721104.652
a 11 66 0 1 3729985187149.0405
a 11 67 0 1 10691266273835.238
a 11 68 0 1 13747169366572.795
a 11 69 0 1 10318414402223.926
a 11 70 0 1 13776911138245.225
a 11 71 0 1 6549800539842.68
a 11 72 0 1 3810529035749.6304
a 11 73 0 1 15603652363357.074
a 11 74 0 1 12682168280989.244
a 11 75 0 1 8516582615855.557
a 11 76 0 1 8718041049908.822
a 11 77 0 1 6478634487702.139
a 11 78 0 1 11560211636740.592
a 11 79 0 1 17507198516186.998
a 11 80 0 1 13084514847526.55
a 11 81 0 1 12204674836127.467
a 12 15 0 1 1601646283857.8538
a 12 16 0 1 6095818271546.531
a 12 17 0 1 2846423552171.084
a 12 18 0 1 2081400422672.4973
a 12 19 0 1 3172281220346.2803
a 12 20 0 1 4136263951684.8813
a 12 21 0 1 4103837470129.915
a 12 22 0 1 2477338716170.5
a 12 23 0 1 6123238038296.086
a 12 24 0 1 1402593547439.7803
a 12 25 0 1 4430553842290.1045
a 12 26 0 1 1592788016369.1423
a 12 27 0 1 4261795390403.1504
a 12 28 0 1 1740515512520.2542
a 12 29 0 1 4709620101187.363
a 12 30 0 1 2475393971453.4814
a 12 31 0 1 1705860330932.85
a 12 32 0 1 3890267764183.297
a 12 33 0 1 3129406677465.592
a 12 34 0 1 4256434735768.0527
a 12 35 0 1 1812511452713.2751
a 12 36 0 1 5630705614950.207
a 12 37 0 1 5579309394817.606
a 12 38 0 1 1990798979350.2095
a 12 39 0 1 6399882644903.485
a 12 40 0 1 5629650162785.194
a 12 41 0 1 1755605253303.7012
a 12 42 0 1 1995966855266.4304
a 12 43 0 1 6398707748272.35
a 12 44 0 1 5941585318689.705
a 12 45 0 1 5935839880270.222
a 12 46 0 1 3702733624895.465
a 12 47 0 1 5541100195981.601
a 12 48 0 1 3994256813062.9927
a 12 49 0 1 4804142253671.896
a 12 50 0 1 4216509036374.253
a 12 51 0 1 2659386372929.577
a 12 52 0 1 5095571482107.026
a 12 53 0 1 1612994202688.5227
a 12 54 0 1 6133997024894.179
a 12 55 0 1 3511412745968.91
a 12 56 0 1 1686057891370.276
a 12 57 0 1 5802828019816.569
a 12 58 0 1 2795959147248.7783
a 12 59 0 1 3077769435966.925
a 12 60 0 1 2382879934719.8286
a 12 61 0 1 3964344359117.5327
a 12 62 0 1 3713860888827.319
a 12 63 0 1 1770458210367.3276
a 12 64 0 1 4754065039126.625
a 12 65 0 1 4378593162327.5933
a 12 66 0 1 1329782641240.0095
a 12 67 0 1 3809594131527.8174
a 12 68 0 1 4897387893400.228
a 12 69 0 1 3676838266776.7285
a 12 70 0 1 4907972493392.251
a 12 71 0 1 2334591505426.5493
a 12 72 0 1 1358489344248.4219
a 12 73 0 1 5557989700597.276
a 12 74 0 1 4518341017278.241
a 12 75 0 1 3035183169162.0894
a 12 76 0 1 3106933577883.3677
a 12 77 0 1 2309237464035.0127
a 12 78 0 1 4118958203270.876
a 12 79 0 1 6235149362249.677
a 12 80 0 1 4661548104300.87
a 12 81 0 1 4348375837268.711
a 13 15 0 1 3810952235237.0444
a 13 16 0 1 14514739044852.78
a 13 17 0 1 6774111077905.962
a 13 18 0 1 4952855220633.112
a 13 19 0 1 7550000188240.763
a 13 20 0 1 9845779050525.83
a 13 21 0 1 9768542124601.47
a 13 22 0 1 5895392253595.743
a 13 23 0 1 14580091812759.908
a 13 24 0 1 3337221251492.3364
a 13 25 0 1 10546787208178.96
a 13 26 0 1 3789869568147.099
a 13 27 0 1 10144791019703.07
a 13 28 0 1 4141468607596.3237
a 13 29 0 1 11211592827386.717
a 13 30 0 1 5890762469777.331
a 13 31 0 1 4058986011047.3325
a 13 32 0 1 9259858443309.79
a 13 33 0 1 7447908413148.074
a 13 34 0 1 10132021863526.992
a 13 35 0 1 4312828630810.104
a 13 36 0 1 13406268078968.986
a 13 37 0 1 13283789081189.44
a 13 38 0 1 4737193805824.847
a 13 39 0 1 15239483505496.35
a 13 40 0 1 13403752879229.06
a 13 41 0 1 4177383895922.6836
a 13 42 0 1 4749494893526.345
a 13 43 0 1 15236682977112.08
a 13 44 0 1 14147148070999.36
a 13 45 0 1 14133455034229.275
a 13 46 0 1 8813215183722.145
a 13 47 0 1 13192736517435.172
a 13 48 0 1 9507536876012.037
a 13 49 0 1 11436781621267.332
a 13 50 0 1 10036918960563.527
a 13 51 0 1 6328799239984.247
a 13 52 0 1 12131122855304.623
a 13 53 0 1 3837960356547.6343
a 13 54 0 1 14605735131905.373
a 13 55 0 1 8357580641594.053
a 13 56 0 1 4011854747395.0444
a 13 57 0 1 13816456414339.953
a 13 58 0 1 6653959111715.115
a 13 59 0 1 7324952969992.102
a 13 60 0 1 5670520935918.94
a 13 61 0 1 9436291325658.422
a 13 62 0 1 8839715841116.256
a 13 63 0 1 4212735780428.8975
a 13 64 0 1 11317477235837.057
a 13 65 0 1 10423010394271.799
a 13 66 0 1 3163944093187.9873
a 13 67 0 1 9067717711604.205
a 13 68 0 1 11658935900634.938
a 13 69 0 1 8751543242026.533
a 13 70 0 1 11684153734414.64
a 13 71 0 1 5555566707391.871
a 13 72 0 1 3232260521732.9937
a 13 73 0 1 13232984089284.9
a 13 74 0 1 10755911847546.674
a 13 75 0 1 7223550673786.383
a 13 76 0 1 7394396593925.598
a 13 77 0 1 5495210216275.907
a 13 78 0 1 9804558234705.38
a 13 79 0 1 14846829205370.082
a 13 80 0 1 11097069098848.736
a 13 81 0 1 10351029902183.559
a 14 15 0 1 6406139987912.68
a 14 16 0 1 24419529216582.867
a 14 17 0 1 11389802750981.06
a 14 18 0 1 8326403492691.029
a 14 19 0 1 12695134441962.479
a 14 20 0 1 16558413833029.93
a 14 21 0 1 16428418790322.123
a 14 22 0 1 9911665669057.79
a 14 23 0 1 24529604518786.54
a 14 24 0 1 5609598587697.999
a 14 25 0 1 17738330851360.168
a 14 26 0 1 6370689882036.484
a 14 27 0 1 17061686372966.814
a 14 28 0 1 6961912347432.69
a 14 29 0 1 18857433014592.426
a 14 30 0 1 9903878217334.076
a 14 31 0 1 6823212896201.721
a 14 32 0 1 15572308717982.535
a 14 33 0 1 12523369324786.998
a 14 34 0 1 17040193887719.666
a 14 35 0 1 7250070281432.585
a 14 36 0 1 22552676461222.246
a 14 37 0 1 22346421092822.438
a 14 38 0 1 7963713445071.99
a 14 39 0 1 25640297870255.82
a 14 40 0 1 22548440809728.117
a 14 41 0 1 7022306627805.226
a 14 42 0 1 7984400552574.93
a 14 43 0 1 25635580356778.598
a 14 44 0 1 23800407659001.76
a 14 45 0 1 23777345613903.953
a 14 46 0 1 14820668578709.973
a 14 47 0 1 22193090606493.47
a 14 48 0 1 15989140743371.008
a 14 49 0 1 19236531665963.47
a 14 50 0 1 16880122198628.973
a 14 51 0 1 10640695838516.723
a 14 52 0 1 20405519115783.645
a 14 53 0 1 6451553804318.382
a 14 54 0 1 24572796512506.85
a 14 55 0 1 14053951712377.812
a 14 56 0 1 6743959645289.474
a 14 57 0 1 23243465061174.555
a 14 58 0 1 11187677050622.672
a 14 59 0 1 12316505621457.445
a 14 60 0 1 9533431108710.785
a 14 61 0 1 15869235918737.27
a 14 62 0 1 14865264124427.373
a 14 63 0 1 7081753834384.122
a 14 64 0 1 19035684600397.82
a 14 65 0 1 17529983775035.484
a 14 66 0 1 5318261458172.854
a 14 67 0 1 15248955408865.61
a 14 68 0 1 19610534967566.773
a 14 69 0 1 14716887197312.895
a 14 70 0 1 19652990763269.344
a 14 71 0 1 9340082742047.754
a 14 72 0 1 5433123385265.153
a 14 73 0 1 22260866348570.207
a 14 74 0 1 18090348703865.426
a 14 75 0 1 12145906547228.469
a 14 76 0 1 12433339040578.4
a 14 77 0 1 9238566960496.451
a 14 78 0 1 16489036176863.094
a 14 79 0 1 24978888738703.85
a 14 80 0 1 18664640869893.105
a 14 81 0 1 17408824620268.852
a 15 1 0 4 0
a 16 1 0 4 0
a 17 1 0 4 0
a 18 1 0 4 0
a 19 1 0 4 0
a 20 1 0 4 0
a 21 1 0 4 0
a 22 1 0 4 0
a 23 1 0 4 0
a 24 1 0 4 0
a 25 1 0 4 0
a 26 1 0 4 0
a 27 1 0 4 0
a 28 1 0 4 0
a 29 1 0 4 0
a 30 1 0 4 0
a 31 1 0 4 0
a 32 1 0 4 0
a 33 1 0 4 0
a 34 1 0 4 0
a 35 1 0 4 0
a 36 1 0 4 0
a 37 1 0 4 0
a 38 1 0 4 0
a 39 1 0 4 0
a 40 1 0 4 0
a 41 1 0 4 0
a 42 1 0 4 0
a 43 1 0 4 0
a 44 1 0 4 0
a 45 1 0 4 0
a 46 1 0 4 0
a 47 1 0 4 0
a 48 1 0 4 0
a 49 1 0 4 0
a 50 1 0 4 0
a 51 1 0 4 0
a 52 1 0 4 0
a 53 1 0 4 0
a 54 1 0 4 0
a 55 1 0 4 0
a 56 1 0 4 0
a 57 1 0 4 0
a 58 1 0 4 0
a 59 1 0 4 0
a 60 1 0 4 0
a 61 1 0 4 0
a 62 1 0 4 0
a 63 1 0 4 0
a 64 1 0 4 0
a 65 1 0 4 0
a 66 1 0 4 0
a 67 1 0 4 0
a 68 1 0 4 0
a 69 1 0 4 0
a 70 1 0 4 0
a 71 1 0 4 0
a 72 1 0 4 0
a 73 1 0 4 0
a 74 1 0 4 0
a 75 1 0 4 0
a 76 1 0 4 0
a 77 1 0 4 0
a 78 1 0 4 0
a 79 1 0 4 0
a 80 1 0 4 0
a 81 1 0 4 0
