p min 82 384
n 0 4
n 1 -4
a 0 2 0 1 0
a 0 3 0 1 0
a 0 4 0 1 0
a 0 5 0 1 0
a 2 6 0 1 16058030008906.977
a 2 7 0 1 7997411086975.493
a 2 8 0 1 13660339871017.898
a 2 9 0 1 26513085546625.406
a 2 10 0 1 23291602867736.547
a 2 11 0 1 18662312028941.293
a 2 12 0 1 9145996689474.43
a 2 13 0 1 30340075329273.766
a 2 14 0 1 24755734049755.523
a 2 15 0 1 9788654358299.988
a 2 16 0 1 15776470346584.572
a 2 17 0 1 7389369288698.14
a 2 18 0 1 19550080875370.06
a 2 19 0 1 19639815969410.77
a 2 20 0 1 12567042089131.959
a 2 21 0 1 8207393563999.077
a 2 22 0 1 6552510771008.32
a 2 23 0 1 23949286720977.1
a 2 24 0 1 13332112226552.977
a 2 25 0 1 27742244973080.23
a 2 26 0 1 10396475804698.543
a 2 27 0 1 30697258814105.66
a 2 28 0 1 30581500027374.77
a 2 29 0 1 15517864833984.262
a 2 30 0 1 16272573164837.828
a 2 31 0 1 25438004659155.332
a 2 32 0 1 8084204514927.715
a 2 33 0 1 9654890100261.105
a 2 34 0 1 14427971357461.385
a 2 35 0 1 13547108049011.992
a 2 36 0 1 16709192636749.52
a 2 37 0 1 25563750004868.61
a 2 38 0 1 27669823369949.863
a 2 39 0 1 21531374869976.316
a 2 40 0 1 23522066543982.53
a 2 41 0 1 30734997524019.434
a 2 42 0 1 7460819948070.34
a 2 43 0 1 15140174997885.594
a 2 44 0 1 27120428308030.445
a 2 45 0 1 9413808120329.973
a 2 46 0 1 26384160647632.605
a 2 47 0 1 11113646365036.273
a 2 48 0 1 29590201752372.83
a 2 49 0 1 30003534459610.312
a 2 50 0 1 31149300700723.254
a 2 51 0 1 30560797898897.21
a 2 52 0 1 23192694628894.37
a 2 53 0 1 24157935402279.957
a 2 54 0 1 20583034349783.414
a 2 55 0 1 14391391643258.395
a 2 56 0 1 24928971280686.0
a 2 57 0 1 28166193840261.023
a 2 58 0 1 29672785040919.703
a 2 59 0 1 30947698676753.574
a 2 60 0 1 10763074611749.812
a 2 61 0 1 24528075932733.95
a 2 62 0 1 20555343647508.266
a 2 63 0 1 14170802761015.822
a 2 64 0 1 18623469777539.895
a 2 65 0 1 26432405308575.293
a 2 66 0 1 12623531806190.803
a 2 67 0 1 18585187480944.684
a 2 68 0 1 28910539626170.62
a 2 69 0 1 29484400563371.348
a 2 70 0 1 30212858743420.504
a 2 71 0 1 29679707100592.54
a 2 72 0 1 22943409968029.4
a 2 73 0 1 25211320690007.938
a 2 74 0 1 29702789810906.492
a 2 75 0 1 17764113942775.746
a 2 76 0 1 17953675397657.754
a 2 77 0 1 8275266170418.28
a 2 78 0 1 12871581072025.738
a 2 79 0 1 28884229120015.62
a 2 80 0 1 12893781339587.59
a 2 81 0 1 25794453644112.676
a 3 6 0 1 16667942799708.371
a 3 7 0 1 8300874513517.418
a 3 8 0 1 14179035355486.43
a 3 9 0 1 27521360192340.67
a 3 10 0 1 24177025419918.58
a 3 11 0 1 19371360916628.414
a 3 12 0 1 9493091089158.67
a 3 13 0 1 31494416244450.336
a 3 14 0 1 25696979904250.125
a 3 15 0 1 10160166426269.186
a 3 16 0 1 16375668821452.734
a 3 17 0 1 7669740063939.776
a 3 18 0 1 20292938188767.99
a 3 19 0 1 20386091015603.79
a 3 20 0 1 13044161692682.74
a 3 21 0 1 8518832636583.228
a 3 22 0 1 6801104215404.332
a 3 23 0 1 24859782535942.49
a 3 24 0 1 13838324743055.006
a 3 25 0 1 28797418878598.633
a 3 26 0 1 10791085396002.51
a 3 27 0 1 31865239315172.414
a 3 28 0 1 31745059978378.88
a 3 29 0 1 16107223112716.742
a 3 30 0 1 16890650546498.373
a 3 31 0 1 26405270292926.26
a 3 32 0 1 8390964518781.733
a 3 33 0 1 10021319509022.72
a 3 34 0 1 14975864791737.861
a 3 35 0 1 14061497054279.19
a 3 36 0 1 17343887172956.379
a 3 37 0 1 26535811656649.145
a 3 38 0 1 28722233606967.715
a 3 39 0 1 22349710619162.26
a 3 40 0 1 24416274747868.527
a 3 41 0 1 31904419202224.855
a 3 42 0 1 7743904154141.47
a 3 43 0 1 15715162896727.637
a 3 44 0 1 28151874731463.895
a 3 45 0 1 9771077513743.703
a 3 46 0 1 27387516890746.348
a 3 47 0 1 11535513117118.943
a 3 48 0 1 30715911411585.016
a 3 49 0 1 31145025123608.31
a 3 50 0 1 32334544767418.01
a 3 51 0 1 31723567298228.02
a 3 52 0 1 24074346785914.805
a 3 53 0 1 25076386475532.355
a 3 54 0 1 21365238108462.883
a 3 55 0 1 14937893594780.123
a 3 56 0 1 25876823487868.344
a 3 57 0 1 29237546946373.258
a 3 58 0 1 30801647597854.89
a 3 59 0 1 32125243293338.24
a 3 60 0 1 11171616766021.566
a 3 61 0 1 25460640525446.91
a 3 62 0 1 21336492507167.004
a 3 63 0 1 14708913827085.934
a 3 64 0 1 19331039620366.38
a 3 65 0 1 27437602036961.58
a 3 66 0 1 13102799332103.848
a 3 67 0 1 19291299614443.277
a 3 68 0 1 30010303237642.043
a 3 69 0 1 30606070993550.62
a 3 70 0 1 31362341984147.88
a 3 71 0 1 30808833933510.133
a 3 72 0 1 23815559756219.77
a 3 73 0 1 26169940798183.668
a 3 74 0 1 30832797917331.426
a 3 75 0 1 18438964533885.56
a 3 76 0 1 18635742804233.863
a 3 77 0 1 8589283295549.215
a 3 78 0 1 13360280579257.676
a 3 79 0 1 29982988414751.414
a 3 80 0 1 13383325031022.545
a 3 81 0 1 26775314873658.977
a 4 6 0 1 18101606535509.87
a 4 7 0 1 9014112677747.201
a 4 8 0 1 15398240376696.316
a 4 9 0 1 29891779403597.645
a 4 10 0 1 26258524885446.1
a 4 11 0 1 21038118154440.11
a 4 12 0 1 10308890020568.178
a 4 13 0 1 34208385231238.38
a 4 14 0 1 27909759486183.707
a 4 15 0 1 11033364043779.568
a 4 16 0 1 17784141616172.38
a 4 17 0 1 8328697085581.989
a 4 18 0 1 22039191481286.69
a 4 19 0 1 22140380771517.816
a 4 20 0 1 14165623713680.607
a 4 21 0 1 9250818425886.693
a 4 22 0 1 7385367634505.596
a 4 23 0 1 27000246298867.01
a 4 24 0 1 15028182546401.148
a 4 25 0 1 31278141540674.035
a 4 26 0 1 11718579426151.215
a 4 27 0 1 34611290763591.586
a 4 28 0 1 34480713557429.797
a 4 29 0 1 17492560334723.516
a 4 30 0 1 18343510582528.207
a 4 31 0 1 28679242735052.81
a 4 32 0 1 9111951633200.062
a 4 33 0 1 10882569215168.725
a 4 34 0 1 16263714735814.342
a 4 35 0 1 15270577593686.834
a 4 36 0 1 18835817254633.297
a 4 37 0 1 28821063423874.887
a 4 38 0 1 31196456222644.98
a 4 39 0 1 24273448984062.555
a 4 40 0 1 26518435127315.293
a 4 41 0 1 34653860546772.875
a 4 42 0 1 8409239264032.428
a 4 43 0 1 17066713814190.967
a 4 44 0 1 30576791682154.957
a 4 45 0 1 10610794702027.455
a 4 46 0 1 29746368628796.766
a 4 47 0 1 12527083056048.725
a 4 48 0 1 33362536258053.832
a 4 49 0 1 33828768597754.863
a 4 50 0 1 35121203334852.57
a 4 51 0 1 34457361371924.13
a 4 52 0 1 26146979586218.29
a 4 53 0 1 27235558700851.387
a 4 54 0 1 23204011989883.637
a 4 55 0 1 16222472101938.068
a 4 56 0 1 28105139657705.91
a 4 57 0 1 31756322769775.227
a 4 58 0 1 33455688364153.145
a 4 59 0 1 34893791254440.6
a 4 60 0 1 12131863181942.938
a 4 61 0 1 27653003941690.75
a 4 62 0 1 23172785825989.293
a 4 63 0 1 15973765069358.412
a 4 64 0 1 20994319126581.64
a 4 65 0 1 29800782363071.555
a 4 66 0 1 14229310943822.236
a 4 67 0 1 20951151559958.633
a 4 68 0 1 32595901160272.05
a 4 69 0 1 33243195209745.85
a 4 70 0 1 34064885034485.168
a 4 71 0 1 33463496303249.67
a 4 72 0 1 25865846386391.188
a 4 73 0 1 28423580708645.945
a 4 74 0 1 33489533131091.086
a 4 75 0 1 20025311097028.684
a 4 76 0 1 20239058135342.59
a 4 77 0 1 9327329102944.088
a 4 78 0 1 14508966110736.69
a 4 79 0 1 32566224138558.945
a 4 80 0 1 14533995187614.0
a 4 81 0 1 29081261688085.023
a 5 6 0 1 4046845841487.836
a 5 7 0 1 2016857309569.6504
a 5 8 0 1 3443305402463.5103
a 5 9 0 1 6675653036890.72
a 5 10 0 1 5866152037958.841
a 5 11 0 1 4702106618465.186
a 5 12 0 1 2306289665366.4233
a 5 13 0 1 7636722990529.955
a 5 14 0 1 6234117758415.162
a 5 15 0 1 2468208142397.8525
a 5 16 0 1 3975985282242.252
a 5 17 0 1 1863613534201.6582
a 5 18 0 1 4925410041705.444
a 5 19 0 1 4947979504405.34
a 5 20 0 1 3168020503405.6704
a 5 21 0 1 2069775120366.8555
a 5 22 0 1 1652675213062.873
a 5 23 0 1 6031452755608.678
a 5 24 0 1 3360665374527.5483
a 5 25 0 1 6984400342934.39
a 5 26 0 1 2621333093782.2407
a 5 27 0 1 7726389937399.884
a 5 28 0 1 7697330584597.299
a 5 29 0 1 3910898600762.5615
a 5 30 0 1 4100837944301.5957
a 5 31 0 1 6405554413142.73
a 5 32 0 1 2038730405781.6008
a 5 33 0 1 2434507532020.021
a 5 34 0 1 3636558774961.5605
a 5 35 0 1 3414796811584.7456
a 5 36 0 1 4210711786740.184
a 5 37 0 1 6437148709672.484
a 5 38 0 1 6966210883837.049
a 5 39 0 1 5423648251091.853
a 5 40 0 1 5924078370966.508
a 5 41 0 1 7735863498772.765
a 5 42 0 1 1881621958582.4287
a 5 43 0 1 3815835176060.606
a 5 44 0 1 6828217048972.068
a 5 45 0 1 2373767299280.9995
a 5 46 0 1 6643265150537.653
a 5 47 0 1 2801985120027.09
a 5 48 0 1 7448457586921.101
a 5 49 0 1 7552233089120.681
a 5 50 0 1 7839862114360.478
a 5 51 0 1 7692133592205.926
a 5 52 0 1 5841291051933.927
a 5 53 0 1 6083890110162.447
a 5 54 0 1 5185189232219.036
a 5 55 0 1 3627350309603.92
a 5 56 0 1 6277649627018.038
a 5 57 0 1 7090875072181.806
a 5 58 0 1 7469192376353.582
a 5 59 0 1 7789256789502.245
a 5 60 0 1 2713680466424.6284
a 5 61 0 1 6176908775920.617
a 5 62 0 1 5178225854631.888
a 5 63 0 1 3571818708919.127
a 5 64 0 1 4692335718856.23
a 5 65 0 1 6655385024012.838
a 5 66 0 1 3182245497912.0347
a 5 67 0 1 4682705613773.625
a 5 68 0 1 7277798636946.348
a 5 69 0 1 7421892878154.597
a 5 70 0 1 7604785345612.606
a 5 71 0 1 7470930335020.921
a 5 72 0 1 5778630463316.277
a 5 73 0 1 6348596932272.429
a 5 74 0 1 7476725819971.677
a 5 75 0 1 4476145122848.157
a 5 76 0 1 4523836390482.691
a 5 77 0 1 2086879327614.294
a 5 78 0 1 3244706545119.7256
a 5 79 0 1 7271191829686.873
a 5 80 0 1 3250296643023.043
a 5 81 0 1 6495112646113.051
a 6 1 0 1 0
a 7 1 0 1 0
a 8 1 0 1 0
a 9 1 0 1 0
a 10 1 0 1 0
a 11 1 0 1 0
a 12 1 0 1 0
a 13 1 0 1 0
a 14 1 0 1 0
a 15 1 0 1 0
a 16 1 0 1 0
a 17 1 0 1 0
a 18 1 0 1 0
a 19 1 0 1 0
a 20 1 0 1 0
a 21 1 0 1 0
a 22 1 0 1 0
a 23 1 0 1 0
a 24 1 0 1 0
a 25 1 0 1 0
a 26 1 0 1 0
a 27 1 0 1 0
a 28 1 0 1 0
a 29 1 0 1 0
a 30 1 0 1 0
a 31 1 0 1 0
a 32 1 0 1 0
a 33 1 0 1 0
a 34 1 0 1 0
a 35 1 0 1 0
a 36 1 0 1 0
a 37 1 0 1 0
a 38 1 0 1 0
a 39 1 0 1 0
a 40 1 0 1 0
a 41 1 0 1 0
a 42 1 0 1 0
a 43 1 0 1 0
a 44 1 0 1 0
a 45 1 0 1 0
a 46 1 0 1 0
a 47 1 0 1 0
a 48 1 0 1 0
a 49 1 0 1 0
a 50 1 0 1 0
a 51 1 0 1 0
a 52 1 0 1 0
a 53 1 0 1 0
a 54 1 0 1 0
a 55 1 0 1 0
a 56 1 0 1 0
a 57 1 0 1 0
a 58 1 0 1 0
a 59 1 0 1 0
a 60 1 0 1 0
a 61 1 0 1 0
a 62 1 0 1 0
a 63 1 0 1 0
a 64 1 0 1 0
a 65 1 0 1 0
a 66 1 0 1 0
a 67 1 0 1 0
a 68 1 0 1 0
a 69 1 0 1 0
a 70 1 0 1 0
a 71 1 0 1 0
a 72 1 0 1 0
a 73 1 0 1 0
a 74 1 0 1 0
a 75 1 0 1 0
a 76 1 0 1 0
a 77 1 0 1 0
a 78 1 0 1 0
a 79 1 0 1 0
a 80 1 0 1 0
a 81 1 0 1 0
