p min 81 379
n 0 4
n 1 -4
a 0 2 0 1 0
a 0 3 0 1 0
a 0 4 0 1 0
a 0 5 0 1 0
a 2 6 0 1 12691785755875.3
a 2 7 0 1 10358655863917.451
a 2 8 0 1 9790543450252.152
a 2 9 0 1 6820281486707.292
a 2 10 0 1 18064931593894.184
a 2 11 0 1 20744442436915.04
a 2 12 0 1 7226975156625.253
a 2 13 0 1 13633772912065.37
a 2 14 0 1 6143186556218.903
a 2 15 0 1 5759691615344.326
a 2 16 0 1 11456244619292.432
a 2 17 0 1 16805334270475.242
a 2 18 0 1 13578711154974.668
a 2 19 0 1 12145075384371.086
a 2 20 0 1 14006237651976.334
a 2 21 0 1 16936453503904.982
a 2 22 0 1 13947953934530.002
a 2 23 0 1 6431499392476.781
a 2 24 0 1 13932738877004.24
a 2 25 0 1 20155889894396.152
a 2 26 0 1 15668022264643.857
a 2 27 0 1 18896334485809.29
a 2 28 0 1 21325208896699.684
a 2 29 0 1 12829646799921.416
a 2 30 0 1 11202492521860.385
a 2 31 0 1 6408479148325.808
a 2 32 0 1 12265488905052.852
a 2 33 0 1 5992681156653.916
a 2 34 0 1 6347561576601.192
a 2 35 0 1 6287057847964.809
a 2 36 0 1 11650812308851.219
a 2 37 0 1 13422412925005.453
a 2 38 0 1 13526854771101.445
a 2 39 0 1 21107833569741.754
a 2 40 0 1 12013164301939.014
a 2 41 0 1 16085394320775.627
a 2 42 0 1 19447015264966.523
a 2 43 0 1 7917958390984.072
a 2 44 0 1 18106261668703.6
a 2 45 0 1 6350175829102.167
a 2 46 0 1 6038907329145.994
a 2 47 0 1 19311403167356.5
a 2 48 0 1 4708340352410.606
a 2 49 0 1 14654961728257.86
a 2 50 0 1 11138180965883.33
a 2 51 0 1 14538245968458.617
a 2 52 0 1 16351851778664.477
a 2 53 0 1 16095277798759.111
a 2 54 0 1 17448726731503.166
a 2 55 0 1 5384818927771.07
a 2 56 0 1 19054383375904.453
a 2 57 0 1 12825967304703.252
a 2 58 0 1 19657881282355.61
a 2 59 0 1 12056155443397.203
a 2 60 0 1 17913078859415.254
a 2 61 0 1 17533278572382.078
a 2 62 0 1 11891287321802.416
a 2 63 0 1 6469939750374.921
a 2 64 0 1 17371720038199.605
a 2 65 0 1 20740693661155.45
a 2 66 0 1 7618846856274.393
a 2 67 0 1 8887604925143.566
a 2 68 0 1 4336232393210.87
a 2 69 0 1 6633188328154.805
a 2 70 0 1 5038794532469.73
a 2 71 0 1 11390843394795.73
a 2 72 0 1 18166612854295.152
a 2 73 0 1 11893037385019.498
a 2 74 0 1 15097824704968.19
a 2 75 0 1 11915998533497.797
a 2 76 0 1 20283414954842.812
a 2 77 0 1 15651853585023.59
a 2 78 0 1 7700920030151.057
a 2 79 0 1 16449405042623.002
a 2 80 0 1 5003527437226.442
a 3 6 0 1 12043207705772.96
a 3 7 0 1 9829440821994.314
a 3 8 0 1 9290383849253.82
a 3 9 0 1 6471973733146.837
a 3 10 0 1 17141231697197.857
a 3 11 0 1 19683422488533.23
a 3 12 0 1 6857881394327.226
a 3 13 0 1 12936985521326.584
a 3 14 0 1 5829480853121.97
a 3 15 0 1 5465581648800.612
a 3 16 0 1 10870884476508.617
a 3 17 0 1 15946158673515.303
a 3 18 0 1 12884742006687.0
a 3 19 0 1 11524472514745.785
a 3 20 0 1 13290385396243.0
a 3 21 0 1 16070562003595.482
a 3 22 0 1 13235085073521.979
a 3 23 0 1 6103060464917.155
a 3 24 0 1 13220648829700.701
a 3 25 0 1 19125039081362.695
a 3 26 0 1 14867091511800.686
a 3 27 0 1 17930035305603.72
a 3 28 0 1 20234415124154.133
a 3 29 0 1 12174013869931.705
a 3 30 0 1 10630113789786.66
a 3 31 0 1 6081216624350.293
a 3 32 0 1 11638724760130.014
a 3 33 0 1 5686666139701.299
a 3 34 0 1 6023412094873.237
a 3 35 0 1 5966000219040.781
a 3 36 0 1 11055498014694.357
a 3 37 0 1 12736443451266.316
a 3 38 0 1 12835539772685.096
a 3 39 0 1 20028184296928.086
a 3 40 0 1 11399310824635.404
a 3 41 0 1 15263090489576.562
a 3 42 0 1 18452496134437.65
a 3 43 0 1 7513544418318.039
a 3 44 0 1 17180444291237.184
a 3 45 0 1 6025892753300.043
a 3 46 0 1 5730530224618.689
a 3 47 0 1 18323833871123.516
a 3 48 0 1 4467943671371.628
a 3 49 0 1 13905900378268.768
a 3 50 0 1 10569092160171.045
a 3 51 0 1 13795159808947.371
a 3 52 0 1 15515901989482.133
a 3 53 0 1 15272467823929.084
a 3 54 0 1 16556594845315.143
a 3 55 0 1 5109862532934.8545
a 3 56 0 1 18079985237616.156
a 3 57 0 1 12170522671396.78
a 3 58 0 1 18652555303703.34
a 3 59 0 1 11440102292978.414
a 3 60 0 1 16997158732333.57
a 3 61 0 1 16636815369513.193
a 3 62 0 1 11283669656788.824
a 3 63 0 1 6139536391936.626
a 3 64 0 1 16483532885627.832
a 3 65 0 1 19679865886861.316
a 3 66 0 1 7229722884981.296
a 3 67 0 1 8433617632126.813
a 3 68 0 1 4114843662954.424
a 3 69 0 1 6294442237475.494
a 3 70 0 1 4781516355720.065
a 3 71 0 1 10808829106620.418
a 3 72 0 1 17237703445302.09
a 3 73 0 1 11285330179531.785
a 3 74 0 1 14326089875387.44
a 3 75 0 1 11307116537501.125
a 3 76 0 1 19246027551116.914
a 3 77 0 1 14851750769955.852
a 3 78 0 1 7307600736907.048
a 3 79 0 1 15608459106272.744
a 3 80 0 1 4748050964170.106
a 4 6 0 1 12721626498857.771
a 4 7 0 1 10383004426189.43
a 4 8 0 1 9813555125304.262
a 4 9 0 1 6836306368072.384
a 4 10 0 1 18107431959880.473
a 4 11 0 1 20793261844643.867
a 4 12 0 1 7243956399503.032
a 4 13 0 1 13665831928179.29
a 4 14 0 1 6157619412439.185
a 4 15 0 1 5773222886217.561
a 4 16 0 1 11483176533786.082
a 4 17 0 1 16844865501018.582
a 4 18 0 1 13610640493611.36
a 4 19 0 1 12173628907469.006
a 4 20 0 1 14039173913450.84
a 4 21 0 1 16976293769771.54
a 4 22 0 1 13980752918649.617
a 4 23 0 1 6446610116261.177
a 4 24 0 1 13965502024954.303
a 4 25 0 1 20203320994422.125
a 4 26 0 1 15704873353364.15
a 4 27 0 1 18940795115988.234
a 4 28 0 1 21375398430796.133
a 4 29 0 1 12859812159933.102
a 4 30 0 1 11228827131690.947
a 4 31 0 1 6423535746340.257
a 4 32 0 1 12294325925705.57
a 4 33 0 1 6006760169584.373
a 4 34 0 1 6362474945091.687
a 4 35 0 1 6301828961953.544
a 4 36 0 1 11678202238083.95
a 4 37 0 1 13453974170306.09
a 4 38 0 1 13558661982831.76
a 4 39 0 1 21157510257148.39
a 4 40 0 1 12041407267053.742
a 4 41 0 1 16123228889281.406
a 4 42 0 1 19492774485762.57
a 4 43 0 1 7936564723048.016
a 4 44 0 1 18148859472984.156
a 4 45 0 1 6365095344187.462
a 4 46 0 1 6053095020066.384
a 4 47 0 1 19356842578492.637
a 4 48 0 1 4719400336555.445
a 4 49 0 1 14689426073318.592
a 4 50 0 1 11164364198907.227
a 4 51 0 1 14572435370144.47
a 4 52 0 1 16390314267033.848
a 4 53 0 1 16133135657469.79
a 4 54 0 1 17489774465361.764
a 4 55 0 1 5397468961084.794
a 4 56 0 1 19099216692972.605
a 4 57 0 1 12856124000589.508
a 4 58 0 1 19704137801601.67
a 4 59 0 1 12084499621425.557
a 4 60 0 1 17955221230853.715
a 4 61 0 1 17574525615256.414
a 4 62 0 1 11919243360601.309
a 4 63 0 1 6485140856727.843
a 4 64 0 1 17412586252151.166
a 4 65 0 1 20789504225485.355
a 4 66 0 1 7636749690947.193
a 4 67 0 1 8908492157847.34
a 4 68 0 1 4346417850975.712
a 4 69 0 1 6648773280283.524
a 4 70 0 1 5050631211446.3545
a 4 71 0 1 11417621358619.531
a 4 72 0 1 18209352942023.152
a 4 73 0 1 11920997543810.455
a 4 74 0 1 15133332354759.238
a 4 75 0 1 11944012747493.826
a 4 76 0 1 20331146851470.75
a 4 77 0 1 15688666576383.148
a 4 78 0 1 7719015892544.1455
a 4 79 0 1 16488097429625.574
a 4 80 0 1 5015281222096.988
a 5 6 0 1 20345298580575.75
a 5 7 0 1 16602532529808.893
a 5 8 0 1 15691360424829.475
a 5 9 0 1 10928650820398.584
a 5 10 0 1 28969430431562.664
a 5 11 0 1 33272576040852.523
a 5 12 0 1 11580653555071.895
a 5 13 0 1 21856762231937.996
a 5 14 0 1 9843228159270.174
a 5 15 0 1 9228508667497.818
a 5 16 0 1 18363113838984.043
a 5 17 0 1 26947142712692.742
a 5 18 0 1 21768407542882.01
a 5 19 0 1 19468166399796.42
a 5 20 0 1 22454454486898.027
a 5 21 0 1 27157638521763.7
a 5 22 0 1 22360924859146.383
a 5 23 0 1 10305397974347.379
a 5 24 0 1 22336508925381.86
a 5 25 0 1 32327255451669.6
a 5 26 0 1 25121489490796.297
a 5 27 0 1 30304445177088.15
a 5 28 0 1 34205466923497.918
a 5 29 0 1 20566490869789.3
a 5 30 0 1 17956060271995.582
a 5 31 0 1 10268495496897.291
a 5 32 0 1 19661349932898.45
a 5 33 0 1 9601973088595.586
a 5 34 0 1 10170842483239.664
a 5 35 0 1 10073853692234.193
a 5 36 0 1 18675237138160.555
a 5 37 0 1 21517607730840.45
a 5 38 0 1 21685196965996.797
a 5 39 0 1 33856285938240.15
a 5 40 0 1 19256540650025.367
a 5 41 0 1 25791436181814.625
a 5 42 0 1 31188779159175.64
a 5 43 0 1 12688507792218.426
a 5 44 0 1 29035792023424.742
a 5 45 0 1 10175033205138.291
a 5 46 0 1 9676071544951.848
a 5 47 0 1 30970994440316.773
a 5 48 0 1 7543423187339.508
a 5 49 0 1 23495532698713.58
a 5 50 0 1 17852897896545.582
a 5 51 0 1 23308219262422.973
a 5 52 0 1 26219161984608.54
a 5 53 0 1 25807301164586.95
a 5 54 0 1 27980067089766.676
a 5 55 0 1 8627641762937.965
a 5 56 0 1 30558247709675.16
a 5 57 0 1 20560587218209.785
a 5 58 0 1 31527425247386.215
a 5 59 0 1 19325511172383.145
a 5 60 0 1 28725611529782.336
a 5 61 0 1 28115816410098.34
a 5 62 0 1 19061016123739.895
a 5 63 0 1 10367019844400.283
a 5 64 0 1 27856433015860.867
a 5 65 0 1 33266554591120.734
a 5 66 0 1 12208928861586.818
a 5 67 0 1 14243322584482.242
a 5 68 0 1 6947074650720.569
a 5 69 0 1 10628719372357.781
a 5 70 0 1 8073042262456.554
a 5 71 0 1 18258199827432.465
a 5 72 0 1 29132695529188.26
a 5 73 0 1 19063823687739.906
a 5 74 0 1 24206297199984.46
a 5 75 0 1 19100659502615.715
a 5 76 0 1 32532076904238.656
a 5 77 0 1 25095537043633.098
a 5 78 0 1 12340518476157.582
a 5 79 0 1 26375761491568.027
a 5 80 0 1 8016518514000.641
a 6 1 0 1 0
a 7 1 0 1 0
a 8 1 0 1 0
a 9 1 0 1 0
a 10 1 0 1 0
a 11 1 0 1 0
a 12 1 0 1 0
a 13 1 0 1 0
a 14 1 0 1 0
a 15 1 0 1 0
a 16 1 0 1 0
a 17 1 0 1 0
a 18 1 0 1 0
a 19 1 0 1 0
a 20 1 0 1 0
a 21 1 0 1 0
a 22 1 0 1 0
a 23 1 0 1 0
a 24 1 0 1 0
a 25 1 0 1 0
a 26 1 0 1 0
a 27 1 0 1 0
a 28 1 0 1 0
a 29 1 0 1 0
a 30 1 0 1 0
a 31 1 0 1 0
a 32 1 0 1 0
a 33 1 0 1 0
a 34 1 0 1 0
a 35 1 0 1 0
a 36 1 0 1 0
a 37 1 0 1 0
a 38 1 0 1 0
a 39 1 0 1 0
a 40 1 0 1 0
a 41 1 0 1 0
a 42 1 0 1 0
a 43 1 0 1 0
a 44 1 0 1 0
a 45 1 0 1 0
a 46 1 0 1 0
a 47 1 0 1 0
a 48 1 0 1 0
a 49 1 0 1 0
a 50 1 0 1 0
a 51 1 0 1 0
a 52 1 0 1 0
a 53 1 0 1 0
a 54 1 0 1 0
a 55 1 0 1 0
a 56 1 0 1 0
a 57 1 0 1 0
a 58 1 0 1 0
a 59 1 0 1 0
a 60 1 0 1 0
a 61 1 0 1 0
a 62 1 0 1 0
a 63 1 0 1 0
a 64 1 0 1 0
a 65 1 0 1 0
a 66 1 0 1 0
a 67 1 0 1 0
a 68 1 0 1 0
a 69 1 0 1 0
a 70 1 0 1 0
a 71 1 0 1 0
a 72 1 0 1 0
a 73 1 0 1 0
a 74 1 0 1 0
a 75 1 0 1 0
a 76 1 0 1 0
a 77 1 0 1 0
a 78 1 0 1 0
a 79 1 0 1 0
a 80 1 0 1 0
