p min 82 384
n 0 4
n 1 -4
a 0 2 0 1 0
a 0 3 0 1 0
a 0 4 0 1 0
a 0 5 0 1 0
a 2 6 0 1 8184185451492.426
a 2 7 0 1 12668958324496.066
a 2 8 0 1 16958806503035.285
a 2 9 0 1 16752511615252.158
a 2 10 0 1 11486953661338.912
a 2 11 0 1 20400589609213.773
a 2 12 0 1 20171543077868.477
a 2 13 0 1 8614042583941.912
a 2 14 0 1 13449713709645.139
a 2 15 0 1 16495692703273.438
a 2 16 0 1 9810985620123.533
a 2 17 0 1 10144077285367.924
a 2 18 0 1 4412803581536.333
a 2 19 0 1 6111515814211.368
a 2 20 0 1 5348835078862.98
a 2 21 0 1 16627365046501.248
a 2 22 0 1 18460518641600.85
a 2 23 0 1 11307374973354.16
a 2 24 0 1 19865297179574.047
a 2 25 0 1 12055014298185.676
a 2 26 0 1 14805425806667.309
a 2 27 0 1 14040813507826.766
a 2 28 0 1 20031149416935.098
a 2 29 0 1 20534544835481.023
a 2 30 0 1 16515143949048.107
a 2 31 0 1 16772558965414.049
a 2 32 0 1 15534092793600.373
a 2 33 0 1 5781375487530.747
a 2 34 0 1 18401223480415.88
a 2 35 0 1 16593188374215.227
a 2 36 0 1 11259304006106.592
a 2 37 0 1 17870757853141.83
a 2 38 0 1 10507402366918.86
a 2 39 0 1 11305911701588.932
a 2 40 0 1 15981819974285.54
a 2 41 0 1 18241875224596.234
a 2 42 0 1 10755376035235.45
a 2 43 0 1 4129033635748.7866
a 2 44 0 1 14457333435798.775
a 2 45 0 1 16887902189756.293
a 2 46 0 1 12192533606232.988
a 2 47 0 1 17034368698368.744
a 2 48 0 1 4703636787131.439
a 2 49 0 1 8151729706998.232
a 2 50 0 1 5377485076395.237
a 2 51 0 1 10638240253619.115
a 2 52 0 1 17482164540320.393
a 2 53 0 1 6210074047160.147
a 2 54 0 1 13019804121360.05
a 2 55 0 1 16203236236826.86
a 2 56 0 1 16728821963372.125
a 2 57 0 1 9177774264518.709
a 2 58 0 1 19280322648933.25
a 2 59 0 1 14310861367792.016
a 2 60 0 1 19880358198162.777
a 2 61 0 1 11982907962339.871
a 2 62 0 1 13747535435650.65
a 2 63 0 1 9363604729259.957
a 2 64 0 1 4628765885993.871
a 2 65 0 1 6763800889610.648
a 2 66 0 1 9174044333724.42
a 2 67 0 1 15935485467497.836
a 2 68 0 1 7297308604061.719
a 2 69 0 1 18498109205062.395
a 2 70 0 1 20535885910046.12
a 2 71 0 1 15106439032621.23
a 2 72 0 1 8761141844026.315
a 2 73 0 1 19829587510310.562
a 2 74 0 1 5762176817650.034
a 2 75 0 1 7567521689668.031
a 2 76 0 1 16054633502090.164
a 2 77 0 1 15482812217071.365
a 2 78 0 1 15952118594019.197
a 2 79 0 1 5001293750409.315
a 2 80 0 1 7030290704138.371
a 2 81 0 1 20086465316217.14
a 3 6 0 1 5883261470152.844
a 3 7 0 1 9105850800015.773
a 3 8 0 1 12187497973777.57
a 3 9 0 1 12039323994386.139
a 3 10 0 1 8256597543482.091
a 3 11 0 1 14659310781461.941
a 3 12 0 1 14494831756315.193
a 3 13 0 1 6192181239250.698
a 3 14 0 1 9666776566379.27
a 3 15 0 1 11854857708262.37
a 3 16 0 1 7052327212520.951
a 3 17 0 1 7291681337591.998
a 3 18 0 1 3172563310805.128
a 3 19 0 1 4393602524092.9375
a 3 20 0 1 3845402042029.981
a 3 21 0 1 11949434881515.324
a 3 22 0 1 13266062438546.797
a 3 23 0 1 8127567159531.1875
a 3 24 0 1 14274911805645.744
a 3 25 0 1 8664749017200.111
a 3 26 0 1 10640706676743.6
a 3 27 0 1 10091427319442.957
a 3 28 0 1 14394013423810.69
a 3 29 0 1 14755503311983.355
a 3 30 0 1 11868829135310.16
a 3 31 0 1 12053723350700.463
a 3 32 0 1 11164138428674.621
a 3 33 0 1 4156307226956.3833
a 3 34 0 1 13223477272265.793
a 3 35 0 1 11924886652514.438
a 3 36 0 1 8093027085819.659
a 3 37 0 1 12842495102154.709
a 3 38 0 1 7552754801325.95
a 3 39 0 1 8126515767366.426
a 3 40 0 1 11485747183546.82
a 3 41 0 1 13109034205200.707
a 3 42 0 1 7730937000939.706
a 3 43 0 1 2968575571056.024
a 3 44 0 1 10390648742929.855
a 3 45 0 1 12136570254583.46
a 3 46 0 1 8763554357838.53
a 3 47 0 1 12241771004644.652
a 3 48 0 1 3381624579261.349
a 3 49 0 1 5859936578051.619
a 3 50 0 1 3865995607572.1304
a 3 51 0 1 7646769101668.728
a 3 52 0 1 12563397776651.17
a 3 53 0 1 4464442341760.74
a 3 54 0 1 9357915907446.42
a 3 55 0 1 11644790159431.217
a 3 56 0 1 12022308467668.518
a 3 57 0 1 6597297829568.124
a 3 58 0 1 13854820332069.814
a 3 59 0 1 10285426413788.486
a 3 60 0 1 14285727459939.064
a 3 61 0 1 8612941459548.004
a 3 62 0 1 9880736075561.01
a 3 63 0 1 6730838623666.361
a 3 64 0 1 3327805084660.001
a 3 65 0 1 4862431214998.464
a 3 66 0 1 6594617424181.174
a 3 67 0 1 11452464886426.174
a 3 68 0 1 5245874173718.081
a 3 69 0 1 13293059504271.246
a 3 70 0 1 14756466326216.354
a 3 71 0 1 10856939973999.432
a 3 72 0 1 6297893153273.251
a 3 73 0 1 14249267851234.145
a 3 74 0 1 4142507623470.4414
a 3 75 0 1 5440076816817.195
a 3 76 0 1 11538049285594.906
a 3 77 0 1 11127302270474.822
a 3 78 0 1 11464412552012.584
a 3 79 0 1 3595586931791.5615
a 3 80 0 1 5053964577614.5205
a 3 81 0 1 14433736528740.055
a 4 6 0 1 4175195386790.055
a 4 7 0 1 6461485765906.093
a 4 8 0 1 8647322558188.104
a 4 9 0 1 8542231897642.439
a 4 10 0 1 5859024451543.976
a 4 11 0 1 10400273092360.68
a 4 12 0 1 10283637512632.557
a 4 13 0 1 4394382213391.6074
a 4 14 0 1 6859388426495.167
a 4 15 0 1 8411399886527.781
a 4 16 0 1 5004654892791.161
a 4 17 0 1 5174470152272.337
a 4 18 0 1 2251688445148.809
a 4 19 0 1 3118179009467.479
a 4 20 0 1 2729166227920.4956
a 4 21 0 1 8478478588410.762
a 4 22 0 1 9412250366076.158
a 4 23 0 1 5767487141151.596
a 4 24 0 1 10127685584336.145
a 4 25 0 1 6148571886622.124
a 4 26 0 1 7550227575540.082
a 4 27 0 1 7160612050453.836
a 4 28 0 1 10212144450705.113
a 4 29 0 1 10468484668952.727
a 4 30 0 1 8421309124521.973
a 4 31 0 1 8552444518300.627
a 4 32 0 1 7921495515702.225
a 4 33 0 1 2949791809665.675
a 4 34 0 1 9382049623187.945
a 4 35 0 1 8461067838880.088
a 4 36 0 1 5742983433943.6455
a 4 37 0 1 9111859114622.531
a 4 38 0 1 5359691593020.52
a 4 39 0 1 5766741254587.668
a 4 40 0 1 8149604801134.222
a 4 41 0 1 9300887939043.236
a 4 42 0 1 5486103057207.6455
a 4 43 0 1 2106924976625.5847
a 4 44 0 1 7372857943317.591
a 4 45 0 1 8611202787027.659
a 4 46 0 1 6218664363498.834
a 4 47 0 1 8685814809215.705
a 4 48 0 1 2400050383681.3696
a 4 49 0 1 4158645569018.0176
a 4 50 0 1 2743780044910.4233
a 4 51 0 1 5426390280359.02
a 4 52 0 1 8913920416366.803
a 4 53 0 1 3168447159704.703
a 4 54 0 1 6640294477202.952
a 4 55 0 1 8262408309662.53
a 4 56 0 1 8530163767746.951
a 4 57 0 1 4681816389943.801
a 4 58 0 1 9829779554128.893
a 4 59 0 1 7298221368343.629
a 4 60 0 1 10135355347578.537
a 4 61 0 1 6111819436690.498
a 4 62 0 1 7011160471320.89
a 4 63 0 1 4776563180407.87
a 4 64 0 1 2361857163225.0825
a 4 65 0 1 3450856848795.2197
a 4 66 0 1 4679914641745.1
a 4 67 0 1 8125998703255.081
a 4 68 0 1 3722937765550.254
a 4 69 0 1 9431396223949.932
a 4 70 0 1 10469167554672.445
a 4 71 0 1 7703602520739.741
a 4 72 0 1 4469386599634.189
a 4 73 0 1 10109500526482.025
a 4 74 0 1 2939999385948.3677
a 4 75 0 1 3860736130080.1636
a 4 76 0 1 8186700948644.909
a 4 77 0 1 7895368209129.555
a 4 78 0 1 8134472816795.075
a 4 79 0 1 2551888267160.6934
a 4 80 0 1 3586764696627.898
a 4 81 0 1 10240313258306.639
a 5 6 0 1 11415422610158.246
a 5 7 0 1 17674456502050.695
a 5 8 0 1 23663844716418.21
a 5 9 0 1 23375766836873.76
a 5 10 0 1 16024580232390.36
a 5 11 0 1 28470879729024.133
a 5 12 0 1 28150930377482.14
a 5 13 0 1 12015228587544.885
a 5 14 0 1 18764354929668.535
a 5 15 0 1 23017142904654.887
a 5 16 0 1 13685520192445.21
a 5 17 0 1 14150370195581.707
a 5 18 0 1 6153988350408.698
a 5 19 0 1 8523629089747.578
a 5 20 0 1 7459672387115.198
a 5 21 0 1 23201010141804.555
a 5 22 0 1 25761055099252.465
a 5 23 0 1 15773934661459.719
a 5 24 0 1 27723153630066.41
a 5 25 0 1 16817473502291.105
a 5 26 0 1 20657050711055.82
a 5 27 0 1 19589554534034.4
a 5 28 0 1 27954821306153.38
a 5 29 0 1 28658001526593.188
a 5 30 0 1 23044304481760.566
a 5 31 0 1 23403761466771.75
a 5 32 0 1 21674431945245.273
a 5 33 0 1 8063066882249.121
a 5 34 0 1 25678241213496.023
a 5 35 0 1 23153285630230.562
a 5 36 0 1 15706840674984.469
a 5 37 0 1 24937392618411.48
a 5 38 0 1 14657428881725.885
a 5 39 0 1 15771892328007.47
a 5 40 0 1 22299592254015.125
a 5 41 0 1 25455691578118.684
a 5 42 0 1 15003512072333.031
a 5 43 0 1 5758175450013.248
a 5 44 0 1 20171060184449.86
a 5 45 0 1 23564830675590.46
a 5 46 0 1 17009427728063.639
a 5 47 0 1 23769363943168.176
a 5 48 0 1 6559663945496.138
a 5 49 0 1 11370136075546.613
a 5 50 0 1 7499638441005.837
a 5 51 0 1 14840031139416.713
a 5 52 0 1 24394705750442.555
a 5 53 0 1 8661125417078.24
a 5 54 0 1 18164211418535.18
a 5 55 0 1 22608764650209.297
a 5 56 0 1 23342686070212.13
a 5 57 0 1 12801873498035.334
a 5 58 0 1 26906070641394.297
a 5 59 0 1 19966567245717.95
a 5 60 0 1 27744191194552.77
a 5 61 0 1 16716825936185.236
a 5 62 0 1 19180120735751.56
a 5 63 0 1 13061194701647.496
a 5 64 0 1 6455227467829.994
a 5 65 0 1 9433639939328.586
a 5 66 0 1 12796668529106.645
a 5 67 0 1 22234894316707.7
a 5 68 0 1 10177983199478.863
a 5 69 0 1 25813555747512.406
a 5 70 0 1 28659874882651.406
a 5 71 0 1 21077323947774.598
a 5 72 0 1 12220490582795.084
a 5 73 0 1 27673273688481.285
a 5 74 0 1 8036284206578.547
a 5 75 0 1 10554994888379.412
a 5 76 0 1 22401264010011.758
a 5 77 0 1 21602830638522.05
a 5 78 0 1 22258119502280.184
a 5 79 0 1 6974868929470.247
a 5 80 0 1 9805438663430.535
a 5 81 0 1 28032089093020.46
a 6 1 0 1 0
a 7 1 0 1 0
a 8 1 0 1 0
a 9 1 0 1 0
a 10 1 0 1 0
a 11 1 0 1 0
a 12 1 0 1 0
a 13 1 0 1 0
a 14 1 0 1 0
a 15 1 0 1 0
a 16 1 0 1 0
a 17 1 0 1 0
a 18 1 0 1 0
a 19 1 0 1 0
a 20 1 0 1 0
a 21 1 0 1 0
a 22 1 0 1 0
a 23 1 0 1 0
a 24 1 0 1 0
a 25 1 0 1 0
a 26 1 0 1 0
a 27 1 0 1 0
a 28 1 0 1 0
a 29 1 0 1 0
a 30 1 0 1 0
a 31 1 0 1 0
a 32 1 0 1 0
a 33 1 0 1 0
a 34 1 0 1 0
a 35 1 0 1 0
a 36 1 0 1 0
a 37 1 0 1 0
a 38 1 0 1 0
a 39 1 0 1 0
a 40 1 0 1 0
a 41 1 0 1 0
a 42 1 0 1 0
a 43 1 0 1 0
a 44 1 0 1 0
a 45 1 0 1 0
a 46 1 0 1 0
a 47 1 0 1 0
a 48 1 0 1 0
a 49 1 0 1 0
a 50 1 0 1 0
a 51 1 0 1 0
a 52 1 0 1 0
a 53 1 0 1 0
a 54 1 0 1 0
a 55 1 0 1 0
a 56 1 0 1 0
a 57 1 0 1 0
a 58 1 0 1 0
a 59 1 0 1 0
a 60 1 0 1 0
a 61 1 0 1 0
a 62 1 0 1 0
a 63 1 0 1 0
a 64 1 0 1 0
a 65 1 0 1 0
a 66 1 0 1 0
a 67 1 0 1 0
a 68 1 0 1 0
a 69 1 0 1 0
a 70 1 0 1 0
a 71 1 0 1 0
a 72 1 0 1 0
a 73 1 0 1 0
a 74 1 0 1 0
a 75 1 0 1 0
a 76 1 0 1 0
a 77 1 0 1 0
a 78 1 0 1 0
a 79 1 0 1 0
a 80 1 0 1 0
a 81 1 0 1 0
