p min 80 374
n 0 4
n 1 -4
a 0 2 0 1 0
a 0 3 0 1 0
a 0 4 0 1 0
a 0 5 0 1 0
a 2 6 0 1 12069244894579.764
a 2 7 0 1 11483313233080.729
a 2 8 0 1 11955054577631.838
a 2 9 0 1 12496832553223.625
a 2 10 0 1 10458313362075.328
a 2 11 0 1 6472362842071.042
a 2 12 0 1 10834752354305.457
a 2 13 0 1 5934684420087.536
a 2 14 0 1 12517797257906.475
a 2 15 0 1 9021988828465.393
a 2 16 0 1 13623105728865.422
a 2 17 0 1 6539946974900.779
a 2 18 0 1 9465256367231.307
a 2 19 0 1 3306782848519.0654
a 2 20 0 1 12039624129837.863
a 2 21 0 1 12194213192082.195
a 2 22 0 1 6756053654893.752
a 2 23 0 1 6820532408845.64
a 2 24 0 1 8466065655974.291
a 2 25 0 1 7551880399404.552
a 2 26 0 1 3499967487449.7075
a 2 27 0 1 5543447473831.943
a 2 28 0 1 5079775860574.891
a 2 29 0 1 9866038391416.916
a 2 30 0 1 10775933674093.682
a 2 31 0 1 5948356670303.199
a 2 32 0 1 9302089063520.588
a 2 33 0 1 3598261767949.987
a 2 34 0 1 12049940859231.107
a 2 35 0 1 4264428403665.748
a 2 36 0 1 3375037894441.7114
a 2 37 0 1 5338687831218.203
a 2 38 0 1 8160611964258.238
a 2 39 0 1 7199580495564.662
a 2 40 0 1 4497389849412.458
a 2 41 0 1 8754157500366.067
a 2 42 0 1 10452352545084.365
a 2 43 0 1 10845502235727.32
a 2 44 0 1 8462690147414.963
a 2 45 0 1 11008951576105.828
a 2 46 0 1 10406999051779.176
a 2 47 0 1 13292528611128.184
a 2 48 0 1 7664933163668.776
a 2 49 0 1 10406402867579.076
a 2 50 0 1 11074517572931.992
a 2 51 0 1 6928558544556.808
a 2 52 0 1 13236859481069.674
a 2 53 0 1 11720429605320.096
a 2 54 0 1 11090205114734.537
a 2 55 0 1 11428024668493.725
a 2 56 0 1 9067752877561.826
a 2 57 0 1 8146229046232.256
a 2 58 0 1 7367183646244.758
a 2 59 0 1 10974790782478.268
a 2 60 0 1 3093794809821.9365
a 2 61 0 1 12989367496605.21
a 2 62 0 1 3747430012570.5986
a 2 63 0 1 4767543947338.842
a 2 64 0 1 6478604222924.672
a 2 65 0 1 12775604648902.37
a 2 66 0 1 3615560967719.8354
a 2 67 0 1 8208137446451.823
a 2 68 0 1 11730822982101.043
a 2 69 0 1 11731997547173.635
a 2 70 0 1 9071446254795.285
a 2 71 0 1 6909382473471.871
a 2 72 0 1 13324914451058.186
a 2 73 0 1 8324266683862.344
a 2 74 0 1 12024267626894.064
a 2 75 0 1 9214358608875.822
a 2 76 0 1 8840562872141.707
a 2 77 0 1 12544133375793.611
a 2 78 0 1 9563888805749.188
a 2 79 0 1 8347309723425.423
a 3 6 0 1 16748272582190.406
a 3 7 0 1 15934768776353.332
a 3 8 0 1 16589728125382.762
a 3 9 0 1 17341959485186.227
a 3 10 0 1 14511767943552.312
a 3 11 0 1 8979336900956.117
a 3 12 0 1 15034360661840.918
a 3 13 0 1 8233199206380.521
a 3 14 0 1 17371068651537.398
a 3 15 0 1 12517947033141.902
a 3 16 0 1 18905849591028.89
a 3 17 0 1 9073126105470.21
a 3 18 0 1 13133237553525.201
a 3 19 0 1 4586968681684.764
a 3 20 0 1 16707146277070.014
a 3 21 0 1 16921783290268.559
a 3 22 0 1 9373029787696.2
a 3 23 0 1 9462511787795.223
a 3 24 0 1 11746315998995.002
a 3 25 0 1 10477494279036.709
a 3 26 0 1 4854984514018.62
a 3 27 0 1 7690301223991.724
a 3 28 0 1 7046914186431.934
a 3 29 0 1 13689575789487.855
a 3 30 0 1 14952704268578.643
a 3 31 0 1 8252171778537.128
a 3 32 0 1 12906745552973.86
a 3 33 0 1 4991355428406.042
a 3 34 0 1 16721470302742.521
a 3 35 0 1 5915609111674.522
a 3 36 0 1 4681662189026.543
a 3 37 0 1 7406175092127.154
a 3 38 0 1 11322357274356.246
a 3 39 0 1 9988555647206.648
a 3 40 0 1 6238837713171.264
a 3 41 0 1 12146187706230.05
a 3 42 0 1 14503492960423.965
a 3 43 0 1 15049284479776.299
a 3 44 0 1 11741630851451.729
a 3 45 0 1 15276199279783.146
a 3 46 0 1 14440532038832.797
a 3 47 0 1 18446809371217.117
a 3 48 0 1 10634397564888.787
a 3 49 0 1 14439704401823.777
a 3 50 0 1 15367224715197.05
a 3 51 0 1 9612428908395.178
a 3 52 0 1 18369508412530.625
a 3 53 0 1 16263974510181.168
a 3 54 0 1 15389003847357.305
a 3 55 0 1 15858008684498.352
a 3 56 0 1 12581470036832.71
a 3 57 0 1 11302394587250.365
a 3 58 0 1 10221161385820.225
a 3 59 0 1 15228773977007.938
a 3 60 0 1 4291483839699.4043
a 3 61 0 1 18025851017713.57
a 3 62 0 1 5198309834326.991
a 3 63 0 1 6613678669898.425
a 3 64 0 1 8987998291106.402
a 3 65 0 1 17729034667163.152
a 3 66 0 1 5015356009525.608
a 3 67 0 1 11388320172305.332
a 3 68 0 1 16278404543267.037
a 3 69 0 1 16280035295426.44
a 3 70 0 1 12586596657808.65
a 3 71 0 1 9585816526620.014
a 3 72 0 1 18491779830314.13
a 3 73 0 1 11549502693262.178
a 3 74 0 1 16685824918188.402
a 3 75 0 1 12784968561009.941
a 3 76 0 1 12266120436772.389
a 3 77 0 1 17407636018934.225
a 3 78 0 1 13270150520366.824
a 3 79 0 1 11581485666525.607
a 4 6 0 1 32916719396944.082
a 4 7 0 1 31315038868529.406
a 4 8 0 1 32604543694034.633
a 4 9 0 1 34085793268276.55
a 4 10 0 1 28514038612371.47
a 4 11 0 1 17632568508291.496
a 4 12 0 1 29542594160950.9
a 4 13 0 1 16166051323610.799
a 4 14 0 1 34143118317324.266
a 4 15 0 1 24590944093678.945
a 4 16 0 1 37166109488829.48
a 4 17 0 1 17816926333692.164
a 4 18 0 1 25801420014812.434
a 4 19 0 1 9002961435184.559
a 4 20 0 1 32835740208855.035
a 4 21 0 1 33258376462796.5
a 4 22 0 1 18406461250202.195
a 4 23 0 1 18582367884877.86
a 4 24 0 1 23073130116146.01
a 4 25 0 1 20577898677264.9
a 4 26 0 1 9529286238642.947
a 4 27 0 1 15099150169956.26
a 4 28 0 1 13834934928151.66
a 4 29 0 1 26896060520188.543
a 4 30 0 1 29381871935883.066
a 4 31 0 1 16203338481953.93
a 4 32 0 1 25355817530713.67
a 4 33 0 1 9797101072142.094
a 4 34 0 1 32863944651178.254
a 4 35 0 1 11612429416589.34
a 4 36 0 1 9188915312284.094
a 4 37 0 1 14540837829769.275
a 4 38 0 1 22239305643444.297
a 4 39 0 1 19616552850881.016
a 4 40 0 1 12247371223277.404
a 4 41 0 1 23859653362830.812
a 4 42 0 1 28497752935396.176
a 4 43 0 1 29571968652694.438
a 4 44 0 1 23063915131841.13
a 4 45 0 1 30018616196875.57
a 4 46 0 1 28373842943735.113
a 4 47 0 1 36261849372456.89
a 4 48 0 1 20886422378558.15
a 4 49 0 1 28372214127585.633
a 4 50 0 1 30197792382564.73
a 4 51 0 1 18877087696425.184
a 4 52 0 1 36109583873957.69
a 4 53 0 1 31963166051360.895
a 4 54 0 1 30240663376702.54
a 4 55 0 1 31163923488443.414
a 4 56 0 1 24715906756237.14
a 4 57 0 1 22200045796467.598
a 4 58 0 1 20073886686686.64
a 4 59 0 1 29925264776470.305
a 4 60 0 1 8422729749265.851
a 4 61 0 1 35432687930218.92
a 4 62 0 1 10203548237077.736
a 4 63 0 1 12983756065990.434
a 4 64 0 1 17649593708036.582
a 4 65 0 1 34848095767831.016
a 4 66 0 1 9844235947327.09
a 4 67 0 1 22369033571901.473
a 4 68 0 1 31991576416658.13
a 4 69 0 1 31994787105594.133
a 4 70 0 1 24725991939040.12
a 4 71 0 1 18824770098175.293
a 4 72 0 1 36350432269338.83
a 4 73 0 1 22686036065979.61
a 4 74 0 1 32793757971521.734
a 4 75 0 1 25116241628507.793
a 4 76 0 1 24095567376763.875
a 4 77 0 1 34215131423721.24
a 4 78 0 1 26070794771755.867
a 4 79 0 1 22748939290289.28
a 5 6 0 1 11059297046809.303
a 5 7 0 1 10522455245931.81
a 5 8 0 1 10954674169299.23
a 5 9 0 1 11451057212066.83
a 5 10 0 1 9583316158020.852
a 5 11 0 1 5931078836085.384
a 5 12 0 1 9928224282420.545
a 5 13 0 1 5438394644369.906
a 5 14 0 1 11470265204780.432
a 5 15 0 1 8267276453398.531
a 5 16 0 1 12482944690802.623
a 5 17 0 1 5993007004155.613
a 5 18 0 1 8673426492906.364
a 5 19 0 1 3030328803976.4526
a 5 20 0 1 11032158080949.178
a 5 21 0 1 11173794607276.719
a 5 22 0 1 6191027658682.965
a 5 23 0 1 6250110008852.645
a 5 24 0 1 7757899218296.751
a 5 25 0 1 6920244341027.076
a 5 26 0 1 3207356833728.8193
a 5 27 0 1 5079894143433.782
a 5 28 0 1 4655016390612.816
a 5 29 0 1 9040645601324.707
a 5 30 0 1 9874332472718.719
a 5 31 0 1 5450922830878.524
a 5 32 0 1 8523922588147.992
a 5 33 0 1 3297430216750.549
a 5 34 0 1 11041610416881.504
a 5 35 0 1 3907877137216.4897
a 5 36 0 1 3092875551491.6074
a 5 37 0 1 4892266526463.007
a 5 38 0 1 7478018010793.969
a 5 39 0 1 6597433037117.443
a 5 40 0 1 4121351301443.662
a 5 41 0 1 8021870596499.204
a 5 42 0 1 9577854604271.473
a 5 43 0 1 9938073707349.537
a 5 44 0 1 7754806315226.404
a 5 45 0 1 10087831573528.512
a 5 46 0 1 9536299786469.947
a 5 47 0 1 12180073436209.193
a 5 48 0 1 7023833772028.606
a 5 49 0 1 9535753536666.992
a 5 50 0 1 10147905245708.264
a 5 51 0 1 6349094976424.081
a 5 52 0 1 12129069778680.088
a 5 53 0 1 10739706534672.854
a 5 54 0 1 10162278664105.902
a 5 55 0 1 10471798491732.557
a 5 56 0 1 8309208559745.428
a 5 57 0 1 7464839185384.076
a 5 58 0 1 6751007555074.01
a 5 59 0 1 10056532327106.543
a 5 60 0 1 2835152828722.1787
a 5 61 0 1 11902318735033.623
a 5 62 0 1 3434122365551.765
a 5 63 0 1 4368905743951.9927
a 5 64 0 1 5936797893129.796
a 5 65 0 1 11706469303294.975
a 5 66 0 1 3313282570565.2075
a 5 67 0 1 7521564783258.441
a 5 68 0 1 10749229154676.512
a 5 69 0 1 10750305314604.191
a 5 70 0 1 8312592679292.996
a 5 71 0 1 6331523847576.575
a 5 72 0 1 12209745085170.994
a 5 73 0 1 7627971815186.188
a 5 74 0 1 11018088228479.502
a 5 75 0 1 8443538363106.866
a 5 76 0 1 8101041399765.591
a 5 77 0 1 11494394508642.34
a 5 78 0 1 8763799362595.7705
a 5 79 0 1 7649085689797.543
a 6 1 0 1 0
a 7 1 0 1 0
a 8 1 0 1 0
a 9 1 0 1 0
a 10 1 0 1 0
a 11 1 0 1 0
a 12 1 0 1 0
a 13 1 0 1 0
a 14 1 0 1 0
a 15 1 0 1 0
a 16 1 0 1 0
a 17 1 0 1 0
a 18 1 0 1 0
a 19 1 0 1 0
a 20 1 0 1 0
a 21 1 0 1 0
a 22 1 0 1 0
a 23 1 0 1 0
a 24 1 0 1 0
a 25 1 0 1 0
a 26 1 0 1 0
a 27 1 0 1 0
a 28 1 0 1 0
a 29 1 0 1 0
a 30 1 0 1 0
a 31 1 0 1 0
a 32 1 0 1 0
a 33 1 0 1 0
a 34 1 0 1 0
a 35 1 0 1 0
a 36 1 0 1 0
a 37 1 0 1 0
a 38 1 0 1 0
a 39 1 0 1 0
a 40 1 0 1 0
a 41 1 0 1 0
a 42 1 0 1 0
a 43 1 0 1 0
a 44 1 0 1 0
a 45 1 0 1 0
a 46 1 0 1 0
a 47 1 0 1 0
a 48 1 0 1 0
a 49 1 0 1 0
a 50 1 0 1 0
a 51 1 0 1 0
a 52 1 0 1 0
a 53 1 0 1 0
a 54 1 0 1 0
a 55 1 0 1 0
a 56 1 0 1 0
a 57 1 0 1 0
a 58 1 0 1 0
a 59 1 0 1 0
a 60 1 0 1 0
a 61 1 0 1 0
a 62 1 0 1 0
a 63 1 0 1 0
a 64 1 0 1 0
a 65 1 0 1 0
a 66 1 0 1 0
a 67 1 0 1 0
a 68 1 0 1 0
a 69 1 0 1 0
a 70 1 0 1 0
a 71 1 0 1 0
a 72 1 0 1 0
a 73 1 0 1 0
a 74 1 0 1 0
a 75 1 0 1 0
a 76 1 0 1 0
a 77 1 0 1 0
a 78 1 0 1 0
a 79 1 0 1 0
