p min 82 384
n 0 4
n 1 -4
a 0 2 0 1 0
a 0 3 0 1 0
a 0 4 0 1 0
a 0 5 0 1 0
a 2 6 0 1 6137405716595.16
a 2 7 0 1 8303341330363.224
a 2 8 0 1 10606174301643.934
a 2 9 0 1 8597445096807.101
a 2 10 0 1 13719994780695.775
a 2 11 0 1 4634914956236.139
a 2 12 0 1 11943835515833.803
a 2 13 0 1 4394736877590.727
a 2 14 0 1 10101763868100.422
a 2 15 0 1 12888210196936.117
a 2 16 0 1 3820825011576.9478
a 2 17 0 1 12259737995326.207
a 2 18 0 1 14464162807750.424
a 2 19 0 1 8912879822955.447
a 2 20 0 1 10349603543411.432
a 2 21 0 1 6132200695051.062
a 2 22 0 1 4014546208216.255
a 2 23 0 1 7093698710250.189
a 2 24 0 1 4338758916462.858
a 2 25 0 1 14702239338233.723
a 2 26 0 1 12120345117323.42
a 2 27 0 1 11536701696385.678
a 2 28 0 1 12171939275225.479
a 2 29 0 1 11661833144344.258
a 2 30 0 1 8577404453804.3955
a 2 31 0 1 4538892747750.941
a 2 32 0 1 10573070774238.01
a 2 33 0 1 10548502620694.965
a 2 34 0 1 3047813132693.337
a 2 35 0 1 12971469000897.393
a 2 36 0 1 11233626984357.684
a 2 37 0 1 7371296613715.3125
a 2 38 0 1 3735643788453.299
a 2 39 0 1 7898169163449.0625
a 2 40 0 1 6209745941699.12
a 2 41 0 1 8197664987844.486
a 2 42 0 1 4698242534639.822
a 2 43 0 1 9143281097203.385
a 2 44 0 1 13879704324490.732
a 2 45 0 1 9031689753285.92
a 2 46 0 1 11675329439807.926
a 2 47 0 1 13586901677100.924
a 2 48 0 1 6568768820028.925
a 2 49 0 1 3251764387292.5977
a 2 50 0 1 11325604536744.387
a 2 51 0 1 4104475063443.996
a 2 52 0 1 5575147783097.387
a 2 53 0 1 3858261250973.438
a 2 54 0 1 13312483109349.914
a 2 55 0 1 3443554215734.28
a 2 56 0 1 12230737524675.2
a 2 57 0 1 10760558546567.287
a 2 58 0 1 13817615064189.521
a 2 59 0 1 3106273857383.9253
a 2 60 0 1 3851965135365.0303
a 2 61 0 1 6738864202954.2295
a 2 62 0 1 7337226922060.564
a 2 63 0 1 12445231936896.71
a 2 64 0 1 3292497000264.733
a 2 65 0 1 7291784943811.021
a 2 66 0 1 7500044219076.284
a 2 67 0 1 3716171134616.385
a 2 68 0 1 11171397107037.293
a 2 69 0 1 8630261123230.373
a 2 70 0 1 5697194867119.023
a 2 71 0 1 12154442521021.475
a 2 72 0 1 10091610082176.057
a 2 73 0 1 14820753107029.16
a 2 74 0 1 14106604214472.074
a 2 75 0 1 9879361228882.223
a 2 76 0 1 8263964319387.31
a 2 77 0 1 4327358377655.0503
a 2 78 0 1 12589993501650.36
a 2 79 0 1 14635888220419.408
a 2 80 0 1 12232996312752.719
a 2 81 0 1 8465672321648.988
a 3 6 0 1 8220044001175.276
a 3 7 0 1 11121899644749.215
a 3 8 0 1 14207705827926.04
a 3 9 0 1 11515968984220.072
a 3 10 0 1 18381123990725.086
a 3 11 0 1 6207340662534.43
a 3 12 0 1 16000433183107.938
a 3 13 0 1 5885625346161.841
a 3 14 0 1 13531746069216.0
a 3 15 0 1 17266192896751.945
a 3 16 0 1 5116902554098.882
a 3 17 0 1 16423831643736.121
a 3 18 0 1 19378674728007.234
a 3 19 0 1 11938629736982.709
a 3 20 0 1 13863872355592.754
a 3 21 0 1 8213071061429.058
a 3 22 0 1 5376377388845.045
a 3 23 0 1 9501196079755.729
a 3 24 0 1 5810644485613.86
a 3 25 0 1 19697826525934.88
a 3 26 0 1 16237004562859.238
a 3 27 0 1 15454774439848.588
a 3 28 0 1 16306155533075.152
a 3 29 0 1 15622479285598.861
a 3 30 0 1 11489116258921.037
a 3 31 0 1 6078719476910.41
a 3 32 0 1 14163343015692.396
a 3 33 0 1 14130418732191.748
a 3 34 0 1 4081550942986.8438
a 3 35 0 1 17377790428330.246
a 3 36 0 1 15048591612281.924
a 3 37 0 1 9873113784557.604
a 3 38 0 1 5002810016513.38
a 3 39 0 1 10579024722458.299
a 3 40 0 1 8316955331162.971
a 3 41 0 1 10980306235289.686
a 3 42 0 1 6292168111072.714
a 3 43 0 1 12247358130820.707
a 3 44 0 1 18595208333666.35
a 3 45 0 1 12097829545571.75
a 3 46 0 1 15640567515827.955
a 3 47 0 1 18202719983364.324
a 3 48 0 1 8797932153166.629
a 3 49 0 1 4354711771310.4316
a 3 50 0 1 15171859545643.152
a 3 51 0 1 5496831597811.28
a 3 52 0 1 7466828041967.561
a 3 53 0 1 5167045248214.526
a 3 54 0 1 17834882815837.02
a 3 55 0 1 4611588241751.619
a 3 56 0 1 16384962393124.967
a 3 57 0 1 14414601288611.81
a 3 58 0 1 18511979811178.656
a 3 59 0 1 4159849501349.1284
a 3 60 0 1 5158612120626.971
a 3 61 0 1 9025810749828.977
a 3 62 0 1 9827467754543.416
a 3 63 0 1 16672450749937.959
a 3 64 0 1 4409267261474.625
a 3 65 0 1 9766585505524.371
a 3 66 0 1 10045608873440.213
a 3 67 0 1 4976728266065.99
a 3 68 0 1 14965191893094.854
a 3 69 0 1 11559939707392.928
a 3 70 0 1 7630322807787.182
a 3 71 0 1 16282704832562.975
a 3 72 0 1 13518139268195.66
a 3 73 0 1 19856701536132.836
a 3 74 0 1 18899363294274.668
a 3 75 0 1 13233713066172.191
a 3 76 0 1 11069139116043.191
a 3 77 0 1 5795373833695.206
a 3 78 0 1 16866478415964.766
a 3 79 0 1 19608879408485.28
a 3 80 0 1 16387989837366.656
a 3 81 0 1 11339405654345.693
a 4 6 0 1 2516282859526.8027
a 4 7 0 1 3403796761483.707
a 4 8 0 1 4347119200083.402
a 4 9 0 1 3524288592266.7036
a 4 10 0 1 5622181446330.726
a 4 11 0 1 1900468679200.6216
a 4 12 0 1 4894937316576.117
a 4 13 0 1 1802017106101.3206
a 4 14 0 1 4140519970199.188
a 4 15 0 1 5281631120847.86
a 4 16 0 1 1566751459324.6655
a 4 17 0 1 5024295667222.103
a 4 18 0 1 5926827040446.662
a 4 19 0 1 3653514183800.3545
a 4 20 0 1 4242033292772.0737
a 4 21 0 1 2514149734924.7495
a 4 22 0 1 1646166300610.3306
a 4 23 0 1 2908165741882.1777
a 4 24 0 1 1779070677159.7268
a 4 25 0 1 6024283688979.072
a 4 26 0 1 4967216607763.3955
a 4 27 0 1 4728212609870.262
a 4 28 0 1 4988343681308.609
a 4 29 0 1 4779455967523.099
a 4 30 0 1 3516078262903.704
a 4 31 0 1 1861108530479.7158
a 4 32 0 1 4333560907647.164
a 4 33 0 1 4323498429648.6763
a 4 34 0 1 1249839070030.073
a 4 35 0 1 5315720783483.143
a 4 36 0 1 4604094986208.512
a 4 37 0 1 3021914087255.289
a 4 38 0 1 1531831266802.4946
a 4 39 0 1 3237793255640.7188
a 4 40 0 1 2545929211519.8647
a 4 41 0 1 3360500879584.3164
a 4 42 0 1 1926426798259.7249
a 4 43 0 1 3747900229390.953
a 4 44 0 1 5687565527251.339
a 4 45 0 1 3702186156593.655
a 4 46 0 1 4784982867347.361
a 4 47 0 1 5567692883504.999
a 4 48 0 1 2693059064165.441
a 4 49 0 1 1333456385220.9941
a 4 50 0 1 4641762922876.765
a 4 51 0 1 1683031384427.5776
a 4 52 0 1 2285849302841.8315
a 4 53 0 1 1582098383799.3113
a 4 54 0 1 5455342301179.058
a 4 55 0 1 1412085562895.7522
a 4 56 0 1 5012420547137.169
a 4 57 0 1 4410349925853.274
a 4 58 0 1 5662146744026.171
a 4 59 0 1 1273807430327.9756
a 4 60 0 1 1579517307070.429
a 4 61 0 1 2762762724799.0938
a 4 62 0 1 3007953942482.8984
a 4 63 0 1 5100250665873.351
a 4 64 0 1 1350155939898.5066
a 4 65 0 1 2989333873091.1104
a 4 66 0 1 3074668169740.973
a 4 67 0 1 1523848361295.228
a 4 68 0 1 4578609467297.187
a 4 69 0 1 3537732742604.9854
a 4 70 0 1 2335870090751.5244
a 4 71 0 1 4981179026025.524
a 4 72 0 1 4136360980640.867
a 4 73 0 1 6072796134199.518
a 4 74 0 1 5780454470631.6
a 4 75 0 1 4049422560254.7437
a 4 76 0 1 3387663966815.818
a 4 77 0 1 1774397358485.134
a 4 78 0 1 5159525472825.141
a 4 79 0 1 5997123170281.605
a 4 80 0 1 5013345477934.668
a 4 81 0 1 3470302994079.071
a 5 6 0 1 3294047036806.5854
a 5 7 0 1 4456025602095.298
a 5 8 0 1 5691152076307.728
a 5 9 0 1 4613785327851.877
a 5 10 0 1 7360769506124.173
a 5 11 0 1 2487834783429.183
a 5 12 0 1 6408468412429.648
a 5 13 0 1 2358947126743.0107
a 5 14 0 1 5420637071760.435
a 5 15 0 1 6914824462036.223
a 5 16 0 1 2050953289715.6934
a 5 17 0 1 6577855100762.128
a 5 18 0 1 7759707067050.805
a 5 19 0 1 4782981654572.556
a 5 20 0 1 5553555157415.679
a 5 21 0 1 3291254329500.063
a 5 22 0 1 2154917240044.8345
a 5 23 0 1 3807111083470.5884
a 5 24 0 1 2328906990422.1416
a 5 25 0 1 7887329706310.165
a 5 26 0 1 6503113441623.365
a 5 27 0 1 6190155115201.711
a 5 28 0 1 6530778061922.677
a 5 29 0 1 6257254110721.355
a 5 30 0 1 4603035516192.478
a 5 31 0 1 2436306424406.442
a 5 32 0 1 5673399121661.389
a 5 33 0 1 5660223527014.247
a 5 34 0 1 1636081224722.7302
a 5 35 0 1 6959463826543.127
a 5 36 0 1 6027634229940.869
a 5 37 0 1 3956036284320.854
a 5 38 0 1 2005238580353.3772
a 5 39 0 1 4238679743707.2485
a 5 40 0 1 3332860370728.324
a 5 41 0 1 4399338716570.792
a 5 42 0 1 2521817947403.8584
a 5 43 0 1 4906563208247.714
a 5 44 0 1 7446390121954.694
a 5 45 0 1 4846708746733.848
a 5 46 0 1 6264491149695.966
a 5 47 0 1 7289416902983.667
a 5 48 0 1 3525485623243.876
a 5 49 0 1 1745544285763.9475
a 5 50 0 1 6076956859398.274
a 5 51 0 1 2203178440868.4575
a 5 52 0 1 2992363653341.3228
a 5 53 0 1 2071044285679.0566
a 5 54 0 1 7142295040315.233
a 5 55 0 1 1848477992143.3325
a 5 56 0 1 6562305306925.533
a 5 57 0 1 5773945339729.493
a 5 58 0 1 7413104114993.032
a 5 59 0 1 1667458033595.1584
a 5 60 0 1 2067665339898.4312
a 5 61 0 1 3616743710136.8726
a 5 62 0 1 3937758877790.1177
a 5 63 0 1 6677314159460.977
a 5 64 0 1 1767405677683.7717
a 5 65 0 1 3913380464194.4463
a 5 66 0 1 4025105059596.2285
a 5 67 0 1 1994788018041.7595
a 5 68 0 1 5994263408781.464
a 5 69 0 1 4631387812372.084
a 5 70 0 1 3057850398599.5015
a 5 71 0 1 6521396376089.755
a 5 72 0 1 5415191453040.433
a 5 73 0 1 7950858655800.263
a 5 74 0 1 7568029109282.123
a 5 75 0 1 5301358045468.676
a 5 76 0 1 4434903067364.864
a 5 77 0 1 2322788958182.7246
a 5 78 0 1 6754931762143.489
a 5 79 0 1 7851762037860.053
a 5 80 0 1 6563516450685.426
a 5 81 0 1 4543101919033.449
a 6 1 0 1 0
a 7 1 0 1 0
a 8 1 0 1 0
a 9 1 0 1 0
a 10 1 0 1 0
a 11 1 0 1 0
a 12 1 0 1 0
a 13 1 0 1 0
a 14 1 0 1 0
a 15 1 0 1 0
a 16 1 0 1 0
a 17 1 0 1 0
a 18 1 0 1 0
a 19 1 0 1 0
a 20 1 0 1 0
a 21 1 0 1 0
a 22 1 0 1 0
a 23 1 0 1 0
a 24 1 0 1 0
a 25 1 0 1 0
a 26 1 0 1 0
a 27 1 0 1 0
a 28 1 0 1 0
a 29 1 0 1 0
a 30 1 0 1 0
a 31 1 0 1 0
a 32 1 0 1 0
a 33 1 0 1 0
a 34 1 0 1 0
a 35 1 0 1 0
a 36 1 0 1 0
a 37 1 0 1 0
a 38 1 0 1 0
a 39 1 0 1 0
a 40 1 0 1 0
a 41 1 0 1 0
a 42 1 0 1 0
a 43 1 0 1 0
a 44 1 0 1 0
a 45 1 0 1 0
a 46 1 0 1 0
a 47 1 0 1 0
a 48 1 0 1 0
a 49 1 0 1 0
a 50 1 0 1 0
a 51 1 0 1 0
a 52 1 0 1 0
a 53 1 0 1 0
a 54 1 0 1 0
a 55 1 0 1 0
a 56 1 0 1 0
a 57 1 0 1 0
a 58 1 0 1 0
a 59 1 0 1 0
a 60 1 0 1 0
a 61 1 0 1 0
a 62 1 0 1 0
a 63 1 0 1 0
a 64 1 0 1 0
a 65 1 0 1 0
a 66 1 0 1 0
a 67 1 0 1 0
a 68 1 0 1 0
a 69 1 0 1 0
a 70 1 0 1 0
a 71 1 0 1 0
a 72 1 0 1 0
a 73 1 0 1 0
a 74 1 0 1 0
a 75 1 0 1 0
a 76 1 0 1 0
a 77 1 0 1 0
a 78 1 0 1 0
a 79 1 0 1 0
a 80 1 0 1 0
a 81 1 0 1 0
