p min 81 937
n 0 13
n 1 -13
a 0 2 0 1 0
a 0 3 0 1 0
a 0 4 0 1 0
a 0 5 0 1 0
a 0 6 0 1 0
a 0 7 0 1 0
a 0 8 0 1 0
a 0 9 0 1 0
a 0 10 0 1 0
a 0 11 0 1 0
a 0 12 0 1 0
a 0 13 0 1 0
a 0 14 0 1 0
a 2 15 0 1 9842522173520.633
a 2 16 0 1 9333777730731.684
a 2 17 0 1 6050814974516.664
a 2 18 0 1 10344672908584.064
a 2 19 0 1 17662120283481.457
a 2 20 0 1 8290529918463.721
a 2 21 0 1 12077721812357.691
a 2 22 0 1 9846001770484.867
a 2 23 0 1 10088800125352.736
a 2 24 0 1 10186490248147.691
a 2 25 0 1 10910616119506.498
a 2 26 0 1 13883053707820.893
a 2 27 0 1 8284277180990.311
a 2 28 0 1 4478895510001.104
a 2 29 0 1 7675915640677.308
a 2 30 0 1 5150312234339.121
a 2 31 0 1 13176489349869.682
a 2 32 0 1 14825081825835.877
a 2 33 0 1 10297546545406.89
a 2 34 0 1 10024641084997.164
a 2 35 0 1 17651420214061.133
a 2 36 0 1 16145032733188.266
a 2 37 0 1 14745437026196.938
a 2 38 0 1 14827261292988.924
a 2 39 0 1 16273469035356.826
a 2 40 0 1 5081194148207.555
a 2 41 0 1 18580567647442.22
a 2 42 0 1 8515278755643.916
a 2 43 0 1 16350337143554.637
a 2 44 0 1 18099017456311.8
a 2 45 0 1 4740771337117.835
a 2 46 0 1 8992874487640.686
a 2 47 0 1 17260579534460.754
a 2 48 0 1 18423152588116.688
a 2 49 0 1 17736959081776.71
a 2 50 0 1 14548055249739.793
a 2 51 0 1 7963145557661.689
a 2 52 0 1 11704991527673.834
a 2 53 0 1 20092339630072.113
a 2 54 0 1 4947861443137.3955
a 2 55 0 1 15900623368916.422
a 2 56 0 1 12814228286153.793
a 2 57 0 1 11153552063676.602
a 2 58 0 1 20377397354554.043
a 2 59 0 1 14906339138710.078
a 2 60 0 1 14570596909628.031
a 2 61 0 1 8431627394348.624
a 2 62 0 1 18749592176332.773
a 2 63 0 1 12073755856940.69
a 2 64 0 1 19584437659442.176
a 2 65 0 1 18009906575710.184
a 2 66 0 1 5760644965553.405
a 2 67 0 1 16566408784692.535
a 2 68 0 1 19756418373441.812
a 2 69 0 1 16244401637638.387
a 2 70 0 1 12399840475842.969
a 2 71 0 1 9375301152908.137
a 2 72 0 1 16708393749570.205
a 2 73 0 1 15472465943409.188
a 2 74 0 1 15406243581708.932
a 2 75 0 1 16626706967040.9
a 2 76 0 1 17430470570889.193
a 2 77 0 1 10088377543084.047
a 2 78 0 1 12633193582399.975
a 2 79 0 1 8143099871155.443
a 2 80 0 1 18888094811950.277
a 3 15 0 1 11793542307916.312
a 3 16 0 1 11183822802817.686
a 3 17 0 1 7249601823304.533
a 3 18 0 1 12395373296028.209
a 3 19 0 1 21166951079342.938
a 3 20 0 1 9933556596282.201
a 3 21 0 1 14472550032988.521
a 3 22 0 1 11797712580442.105
a 3 23 0 1 12088706341383.229
a 3 24 0 1 12205788837506.8
a 3 25 0 1 13073676548288.799
a 3 26 0 1 16636537924248.668
a 3 27 0 1 9926063267429.44
a 3 28 0 1 5366061399485.848
a 3 29 0 1 9197008336564.154
a 3 30 0 1 6170564797219.313
a 3 31 0 1 15789582777045.06
a 3 32 0 1 17765784889132.44
a 3 33 0 1 12338891449675.988
a 3 34 0 1 12011811435397.559
a 3 35 0 1 21154122536498.887
a 3 36 0 1 19348144998180.492
a 3 37 0 1 17670309582941.64
a 3 38 0 1 17768397560447.496
a 3 39 0 1 19502119829990.973
a 3 40 0 1 6087745145227.016
a 3 41 0 1 22268120766948.082
a 3 42 0 1 10202898758826.945
a 3 43 0 1 19594272978748.574
a 3 44 0 1 21690761845026.887
a 3 45 0 1 5679842716013.354
a 3 46 0 1 10775265374151.715
a 3 47 0 1 20685539567457.29
a 3 48 0 1 22079385168011.637
a 3 49 0 1 21256677096385.555
a 3 50 0 1 17433696945750.379
a 3 51 0 1 9541219529143.416
a 3 52 0 1 14025793595156.201
a 3 53 0 1 24080756123464.984
a 3 54 0 1 5927982081307.677
a 3 55 0 1 19055139290909.492
a 3 56 0 1 15355352875778.943
a 3 57 0 1 13364849380957.283
a 3 58 0 1 24422558320406.574
a 3 59 0 1 17863193576551.05
a 3 60 0 1 17460718793206.44
a 3 61 0 1 10102649469648.463
a 3 62 0 1 22470777262365.45
a 3 63 0 1 14467796378329.393
a 3 64 0 1 23471760682095.105
a 3 65 0 1 21583922951784.64
a 3 66 0 1 6901897666995.789
a 3 67 0 1 19853311689241.523
a 3 68 0 1 23677971074376.2
a 3 69 0 1 19467272533855.82
a 3 70 0 1 14858649255676.293
a 3 71 0 1 11233587218890.023
a 3 72 0 1 20023532563773.51
a 3 73 0 1 18541858474892.543
a 3 74 0 1 18462471125285.34
a 3 75 0 1 19925600963989.195
a 3 76 0 1 20889222673171.688
a 3 77 0 1 12088199873846.002
a 3 78 0 1 15138355487427.834
a 3 79 0 1 9756875859350.81
a 3 80 0 1 22636839884561.19
a 4 15 0 1 14914990387263.535
a 4 16 0 1 14143630826122.74
a 4 17 0 1 9167115760537.613
a 4 18 0 1 15676398298853.236
a 4 19 0 1 26776959669012.855
a 4 20 0 1 12562001821887.75
a 4 21 0 1 18304558384653.67
a 4 22 0 1 14920266321250.758
a 4 23 0 1 15288414373099.904
a 4 24 0 1 15436542049999.861
a 4 25 0 1 16534588817278.318
a 4 26 0 1 21042911552320.125
a 4 27 0 1 12552522871421.086
a 4 28 0 1 6784991119951.108
a 4 29 0 1 11630299859414.338
a 4 30 0 1 7802417836160.084
a 4 31 0 1 19971114588177.168
a 4 32 0 1 22472026882766.203
a 4 33 0 1 15604938966427.078
a 4 34 0 1 15191130861741.26
a 4 35 0 1 26760720609429.35
a 4 36 0 1 24474744335726.96
a 4 37 0 1 22351194557727.496
a 4 38 0 1 22475333456045.664
a 4 39 0 1 24669633260704.574
a 4 40 0 1 7697676476677.349
a 4 41 0 1 28170927026200.414
a 4 42 0 1 12902718562074.463
a 4 43 0 1 24786274163079.695
a 4 44 0 1 27440038403881.49
a 4 45 0 1 7181813211470.217
a 4 46 0 1 13626778597183.018
a 4 47 0 1 26167571821568.824
a 4 48 0 1 27932000531972.72
a 4 49 0 1 26890540044302.516
a 4 50 0 1 22051743674332.53
a 4 51 0 1 12065707045916.04
a 4 52 0 1 17739269026719.93
a 4 53 0 1 30465741342558.668
a 4 54 0 1 7495626885702.527
a 4 55 0 1 24103886411561.926
a 4 56 0 1 19421630865012.5
a 4 57 0 1 16902992124448.283
a 4 58 0 1 30898494865316.445
a 4 59 0 1 22595306797416.223
a 4 60 0 1 22085941612084.21
a 4 61 0 1 12775902964765.846
a 4 62 0 1 28427479507538.82
a 4 63 0 1 18298543414426.72
a 4 64 0 1 29694718659935.816
a 4 65 0 1 27304792038167.15
a 4 66 0 1 8727351687427.001
a 4 67 0 1 25114150464520.496
a 4 68 0 1 29955789461885.496
a 4 69 0 1 24625526202735.57
a 4 70 0 1 18793109452230.473
a 4 71 0 1 14206586991697.535
a 4 72 0 1 25329609087151.79
a 4 73 0 1 23454241853062.234
a 4 74 0 1 23353765421434.34
a 4 75 0 1 25205650998408.77
a 4 76 0 1 26425398963741.81
a 4 77 0 1 15287773614721.371
a 4 78 0 1 19147043233368.92
a 4 79 0 1 12338504449437.447
a 4 80 0 1 28637708440430.87
a 5 15 0 1 12576115036825.787
a 5 16 0 1 11925881385599.613
a 5 17 0 1 7730388279718.941
a 5 18 0 1 13217941950409.059
a 5 19 0 1 22573124523089.914
a 5 20 0 1 10592557475783.207
a 5 21 0 1 15433207187752.01
a 5 22 0 1 12580562433117.537
a 5 23 0 1 12890894069211.146
a 5 24 0 1 13015757626100.654
a 5 25 0 1 13941330336690.752
a 5 26 0 1 17741129627305.09
a 5 27 0 1 10584566426864.572
a 5 28 0 1 5721851007751.775
a 5 29 0 1 9807090765567.297
a 5 30 0 1 6579736359175.265
a 5 31 0 1 16837831364041.836
a 5 32 0 1 18945517210962.062
a 5 33 0 1 13157706234570.986
a 5 34 0 1 12808889008369.41
a 5 35 0 1 22559441532598.094
a 5 36 0 1 20633203362391.086
a 5 37 0 1 18843688126988.0
a 5 38 0 1 18948303754804.824
a 5 39 0 1 20797429348526.81
a 5 40 0 1 6491420811753.602
a 5 41 0 1 23747647870907.83
a 5 42 0 1 10879790426010.691
a 5 43 0 1 20895717946109.03
a 5 44 0 1 23131826108222.46
a 5 45 0 1 6056451690162.652
a 5 46 0 1 11490179858825.053
a 5 47 0 1 22059650346621.453
a 5 48 0 1 23546338371320.145
a 5 49 0 1 22668826834610.31
a 5 50 0 1 18591329818224.832
a 5 51 0 1 10174161922682.691
a 5 52 0 1 14956744911200.055
a 5 53 0 1 25681073896726.86
a 5 54 0 1 6321056218820.357
a 5 55 0 1 20320691338189.723
a 5 56 0 1 16374719157425.006
a 5 57 0 1 14251859008875.64
a 5 58 0 1 26045659186941.28
a 5 59 0 1 19049408494115.08
a 5 60 0 1 18620149820633.953
a 5 61 0 1 10772882038359.896
a 5 62 0 1 23963806350739.99
a 5 63 0 1 15428137434765.852
a 5 64 0 1 25031490126371.24
a 5 65 0 1 23017870355893.668
a 5 66 0 1 7359605182064.222
a 5 67 0 1 21172003894635.26
a 5 68 0 1 25251443349360.758
a 5 69 0 1 20760261996368.086
a 5 70 0 1 15844981640187.078
a 5 71 0 1 11978952279811.332
a 5 72 0 1 21353558961999.223
a 5 73 0 1 19773243177304.37
a 5 74 0 1 19688571668473.67
a 5 75 0 1 21249106508103.8
a 5 76 0 1 22276898562885.395
a 5 77 0 1 12890353943374.49
a 5 78 0 1 16143289589996.752
a 5 79 0 1 10404141537690.773
a 5 80 0 1 24140933392346.36
a 6 15 0 1 3526246781809.7856
a 6 16 0 1 3344106327757.1123
a 6 17 0 1 2168412075866.5425
a 6 18 0 1 3706013127416.609
a 6 19 0 1 6324092759007.061
a 6 20 0 1 2970560375096.605
a 6 21 0 1 4326329653593.598
a 6 22 0 1 3527492498369.737
a 6 23 0 1 3614414181791.6343
a 6 24 0 1 3649386314257.5244
a 6 25 0 1 3908600725173.524
a 6 26 0 1 4972349688182.117
a 6 27 0 1 2968321342417.1733
a 6 28 0 1 1605274475007.189
a 6 29 0 1 2750464244302.6304
a 6 30 0 1 1845824431974.9697
a 6 31 0 1 4719533210009.4375
a 6 32 0 1 5309376599233.719
a 6 33 0 1 3689142796311.731
a 6 34 0 1 3591445582343.8354
a 6 35 0 1 6320266492907.237
a 6 36 0 1 5781532969830.015
a 6 37 0 1 5280884106586.6045
a 6 38 0 1 5310156287001.538
a 6 39 0 1 5827470680917.975
a 6 40 0 1 1821062444086.7043
a 6 41 0 1 6652500209809.19
a 6 42 0 1 3051038949874.403
a 6 43 0 1 5854963619247.776
a 6 44 0 1 6480318801704.11
a 6 45 0 1 1699100146478.117
a 6 46 0 1 3222048639087.039
a 6 47 0 1 6180500590799.267
a 6 48 0 1 6596216779186.982
a 6 49 0 1 6350854393348.721
a 6 50 0 1 5210270406251.982
a 6 51 0 1 2853325055000.1284
a 6 52 0 1 4192930356199.8115
a 6 53 0 1 7192964439704.73
a 6 54 0 1 1773294451694.0142
a 6 55 0 1 5694112854593.155
a 6 56 0 1 4589901984224.037
a 6 57 0 1 3995557977792.6426
a 6 58 0 1 7294860115066.797
a 6 59 0 1 5338445613843.35
a 6 60 0 1 5218334831565.147
a 6 61 0 1 3021085192517.192
a 6 62 0 1 6712933123203.815
a 6 63 0 1 4324910286115.974
a 6 64 0 1 7011401037884.346
a 6 65 0 1 6448455280932.016
a 6 66 0 1 2064468984746.087
a 6 67 0 1 5932242945543.153
a 6 68 0 1 7072881758994.764
a 6 69 0 1 5817074244056.231
a 6 70 0 1 4441609248343.078
a 6 71 0 1 3358973037853.179
a 6 72 0 1 5983023380359.29
a 6 73 0 1 5540962286001.01
a 6 74 0 1 5517273888883.003
a 6 75 0 1 5953808513548.221
a 6 76 0 1 6241255172463.92
a 6 77 0 1 3614262900271.3647
a 6 78 0 1 4525118060318.126
a 6 79 0 1 2917766836374.8833
a 6 80 0 1 6762452133537.667
a 7 15 0 1 14784577678480.377
a 7 16 0 1 14019973572112.201
a 7 17 0 1 9087013523955.29
a 7 18 0 1 15539316123869.688
a 7 19 0 1 26542511646765.055
a 7 20 0 1 12452192525531.637
a 7 21 0 1 18144446232594.844
a 7 22 0 1 14789807402510.033
a 7 23 0 1 15154730844116.139
a 7 24 0 1 15301560993662.426
a 7 25 0 1 16389988030295.383
a 7 26 0 1 20858789125868.406
a 7 27 0 1 12442796552976.773
a 7 28 0 1 6725720003293.026
a 7 29 0 1 11528645743010.104
a 7 30 0 1 7734250947724.425
a 7 31 0 1 19796391619002.883
a 7 32 0 1 22275367806832.4
a 7 33 0 1 15468482780644.25
a 7 34 0 1 15058299465759.121
a 7 35 0 1 26526415204352.395
a 7 36 0 1 24260509910057.895
a 7 37 0 1 22155595619242.703
a 7 38 0 1 22278645369067.97
a 7 39 0 1 24453688109391.195
a 7 40 0 1 7630425479545.9795
a 7 41 0 1 27924234718701.426
a 7 42 0 1 12789926541684.89
a 7 43 0 1 24569305107115.414
a 7 44 0 1 27199766537944.445
a 7 45 0 1 7119072765087.548
a 7 46 0 1 13507647194364.484
a 7 47 0 1 25938475296914.633
a 7 48 0 1 27687407175900.625
a 7 49 0 1 26655094504206.883
a 7 50 0 1 21858771879450.62
a 7 51 0 1 11960242029684.994
a 7 52 0 1 17584111544652.482
a 7 53 0 1 30198883432331.28
a 7 54 0 1 7430142611721.5625
a 7 55 0 1 23892907148811.984
a 7 56 0 1 19251725872966.773
a 7 57 0 1 16755163302178.58
a 7 58 0 1 30627832964416.844
a 7 59 0 1 22397566079669.246
a 7 60 0 1 21892669800810.36
a 7 61 0 1 12664221148598.732
a 7 62 0 1 28178533278191.66
a 7 63 0 1 18138483985976.668
a 7 64 0 1 29434637263505.152
a 7 65 0 1 27065708117336.773
a 7 66 0 1 8651095936770.656
a 7 67 0 1 24894303077765.656
a 7 68 0 1 29693413649249.543
a 7 69 0 1 24409968227726.785
a 7 70 0 1 18628714713901.246
a 7 71 0 1 14082378421324.15
a 7 72 0 1 25107870134465.234
a 7 73 0 1 23248964106933.55
a 7 74 0 1 23149369417482.082
a 7 75 0 1 24985000316606.9
a 7 76 0 1 26194038353938.14
a 7 77 0 1 15154095698377.496
a 7 78 0 1 18979545651158.316
a 7 79 0 1 12230651581936.617
a 7 80 0 1 28386915162776.426
a 8 15 0 1 16903876120577.057
a 8 16 0 1 16029467273669.629
a 8 17 0 1 10388616338600.248
a 8 18 0 1 17767024184125.59
a 8 19 0 1 30353153494620.94
a 8 20 0 1 14236606431503.158
a 8 21 0 1 20746517274819.035
a 8 22 0 1 16909856961024.055
a 8 23 0 1 17327194898257.129
a 8 24 0 1 17495115901201.646
a 8 25 0 1 18739911293729.984
a 8 26 0 1 23851190587497.727
a 8 27 0 1 14225861798383.152
a 8 28 0 1 7688797115759.149
a 8 29 0 1 13180513366170.732
a 8 30 0 1 8841889864337.562
a 8 31 0 1 22635983987304.824
a 8 32 0 1 25471588255382.52
a 8 33 0 1 17686015518264.566
a 8 34 0 1 17216912448241.363
a 8 35 0 1 30334738045039.406
a 8 36 0 1 27742482901605.58
a 8 37 0 1 25334580162998.074
a 8 38 0 1 25475337485267.08
a 8 39 0 1 27963476238226.2
a 8 40 0 1 8723180386337.761
a 8 41 0 1 31933977439455.95
a 8 42 0 1 14622819661898.008
a 8 43 0 1 28095741250424.3
a 8 44 0 1 31105107199027.76
a 8 45 0 1 8138528098387.281
a 8 46 0 1 15443578110473.605
a 8 47 0 1 29662100640203.723
a 8 48 0 1 31663018830458.434
a 8 49 0 1 30481956388254.785
a 8 50 0 1 24995044127933.4
a 8 51 0 1 13674047802058.502
a 8 52 0 1 20105639566255.29
a 8 53 0 1 34536552010915.496
a 8 54 0 1 8494186905458.371
a 8 55 0 1 27321954053750.387
a 8 56 0 1 22012993258357.48
a 8 57 0 1 19157559340480.72
a 8 58 0 1 35027363291442.52
a 8 59 0 1 25611372120985.12
a 8 60 0 1 25033819718086.3
a 8 61 0 1 14479069687850.068
a 8 62 0 1 32224927320736.184
a 8 63 0 1 20739697946854.62
a 8 64 0 1 33662105992949.11
a 8 65 0 1 30951731998282.062
a 8 66 0 1 9890187797293.309
a 8 67 0 1 28467539302593.465
a 8 68 0 1 33958193942722.16
a 8 69 0 1 27913461140781.285
a 8 70 0 1 21300404526180.574
a 8 71 0 1 16100833250234.111
a 8 72 0 1 28711862442615.473
a 8 73 0 1 26585310823920.746
a 8 74 0 1 26471380173412.723
a 8 75 0 1 28571297763213.79
a 8 76 0 1 29954478010168.605
a 8 77 0 1 17326468521217.035
a 8 78 0 1 21701676706900.105
a 8 79 0 1 13983267269271.637
a 8 80 0 1 32463344518956.805
a 9 15 0 1 12963583099525.36
a 9 16 0 1 12293287488087.129
a 9 17 0 1 7968423305255.16
a 9 18 0 1 13625215633186.043
a 9 19 0 1 23269425037865.547
a 9 20 0 1 10918835600675.3
a 9 21 0 1 15908863141621.336
a 9 22 0 1 12968167724057.678
a 9 23 0 1 13288075267658.06
a 9 24 0 1 13416791940023.95
a 9 25 0 1 14370930096511.188
a 9 26 0 1 18288066311475.848
a 9 27 0 1 10910598097489.297
a 9 28 0 1 5897996914446.478
a 9 29 0 1 10109146318075.51
a 9 30 0 1 6782312703104.066
a 9 31 0 1 17356864816740.258
a 9 32 0 1 19529667199661.63
a 9 33 0 1 13563121023577.748
a 9 34 0 1 13203539706971.201
a 9 35 0 1 23255318844758.645
a 9 36 0 1 21269517572304.816
a 9 37 0 1 19424691377329.004
a 9 38 0 1 19532539854789.395
a 9 39 0 1 21438820689502.547
a 9 40 0 1 6691276009182.02
a 9 41 0 1 24480280462202.61
a 9 42 0 1 11214927496332.066
a 9 43 0 1 21540148024450.094
a 9 44 0 1 23845407935539.86
a 9 45 0 1 6242905609602.475
a 9 46 0 1 11844144792585.273
a 9 47 0 1 22740070508056.477
a 9 48 0 1 24272743042981.734
a 9 49 0 1 23368087374408.883
a 9 50 0 1 19164534980259.832
a 9 51 0 1 10487536816998.44
a 9 52 0 1 15417690077346.54
a 9 53 0 1 26473536120353.273
a 9 54 0 1 6515662365567.754
a 9 55 0 1 20947344624354.28
a 9 56 0 1 16879449215414.688
a 9 57 0 1 14691043851837.855
a 9 58 0 1 26849406535437.59
a 9 59 0 1 19636769025964.91
a 9 60 0 1 19194245521847.902
a 9 61 0 1 11104721729879.576
a 9 62 0 1 24703126576497.832
a 9 63 0 1 15903636851095.379
a 9 64 0 1 25803847996379.055
a 9 65 0 1 23727927208556.336
a 9 66 0 1 7586213036251.896
a 9 67 0 1 21824976141467.746
a 9 68 0 1 26030608335067.5
a 9 69 0 1 21400504272154.336
a 9 70 0 1 16333352483506.152
a 9 71 0 1 12347995687150.174
a 9 72 0 1 22012144806851.54
a 9 73 0 1 20382974506099.223
a 9 74 0 1 20295685945514.418
a 9 75 0 1 21904462702235.773
a 9 76 0 1 22964037381844.516
a 9 77 0 1 13287518474537.648
a 9 78 0 1 16640872447923.342
a 9 79 0 1 10724608796209.576
a 9 80 0 1 24885733931458.41
a 10 15 0 1 14003042116549.75
a 10 16 0 1 13278917980405.38
a 10 17 0 1 8606958453660.935
a 10 18 0 1 14717816283501.068
a 10 19 0 1 25137632287139.848
a 10 20 0 1 11794117906974.512
a 10 21 0 1 17184951178693.125
a 10 22 0 1 14007994943239.342
a 10 23 0 1 14353596063458.305
a 10 24 0 1 14492651273595.416
a 10 25 0 1 15523436237855.988
a 10 26 0 1 19755430381951.336
a 10 27 0 1 11785219167674.799
a 10 28 0 1 6370500492884.022
a 10 29 0 1 10919440190377.18
a 10 30 0 1 7325720845985.416
a 10 31 0 1 18749351461134.7
a 10 32 0 1 21096894736097.996
a 10 33 0 1 14650733927866.746
a 10 34 0 1 14262270777006.8
a 10 35 0 1 25122390286280.84
a 10 36 0 1 22976735293790.844
a 10 37 0 1 20983474387194.41
a 10 38 0 1 21099998478131.918
a 10 39 0 1 23159663952685.527
a 10 40 0 1 7227384097006.459
a 10 41 0 1 26445998681628.6
a 10 42 0 1 12113978420477.104
a 10 43 0 1 23269146402141.914
a 10 44 0 1 25759995796588.875
a 10 45 0 1 6743062160686.159
a 10 46 0 1 12793711610329.97
a 10 47 0 1 24565657722403.832
a 10 48 0 1 26221746053766.11
a 10 49 0 1 25244238866182.652
a 10 50 0 1 20702391287377.395
a 10 51 0 1 11328199977148.107
a 10 52 0 1 16654304353353.912
a 10 53 0 1 28599836502925.11
a 10 54 0 1 7037688804547.072
a 10 55 0 1 22628635401081.195
a 10 56 0 1 18233553846181.91
a 10 57 0 1 15869269105456.445
a 10 58 0 1 29005996999246.438
a 10 59 0 1 21212612337514.426
a 10 60 0 1 20734491644695.637
a 10 61 0 1 11994925740805.951
a 10 62 0 1 26686793938536.984
a 10 63 0 1 17179304845156.111
a 10 64 0 1 27876187576215.785
a 10 65 0 1 25633054478319.758
a 10 66 0 1 8194091555060.95
a 10 67 0 1 23576899404060.21
a 10 68 0 1 28121218353374.137
a 10 69 0 1 23118263773752.496
a 10 70 0 1 17643559043314.555
a 10 71 0 1 13338019220586.016
a 10 72 0 1 23779133548568.277
a 10 73 0 1 22018852471466.168
a 10 74 0 1 21924540687138.477
a 10 75 0 1 23662783868444.26
a 10 76 0 1 24807656204153.1
a 10 77 0 1 14352994549369.928
a 10 78 0 1 17975798314456.266
a 10 79 0 1 11584300600891.492
a 10 80 0 1 26884110146705.62
a 11 15 0 1 3477546243926.407
a 11 16 0 1 3297922263331.2227
a 11 17 0 1 2138469034450.1821
a 11 18 0 1 3654828814972.2856
a 11 19 0 1 6236723777752.673
a 11 20 0 1 2929536938906.007
a 11 21 0 1 4266573845916.4995
a 11 22 0 1 3478774749164.787
a 11 23 0 1 3564495475584.8706
a 11 24 0 1 3598984407463.597
a 11 25 0 1 3854617202653.211
a 11 26 0 1 4903665932240.681
a 11 27 0 1 2927328837688.0146
a 11 28 0 1 1583109072410.1758
a 11 29 0 1 2712481284777.75
a 11 30 0 1 1820336853490.4976
a 11 31 0 1 4654343514753.923
a 11 32 0 1 5236034636858.215
a 11 33 0 1 3638191580191.1777
a 11 34 0 1 3541844225037.511
a 11 35 0 1 6232950410453.093
a 11 36 0 1 5701664514030.341
a 11 37 0 1 5207935966062.11
a 11 38 0 1 5236803547784.909
a 11 39 0 1 5746967202856.68
a 11 40 0 1 1795916855663.41
a 11 41 0 1 6560590766680.0
a 11 42 0 1 3008903719585.9165
a 11 43 0 1 5774080088002.352
a 11 44 0 1 6390789928759.471
a 11 45 0 1 1675638962353.674
a 11 46 0 1 3177550879480.643
a 11 47 0 1 6095116764953.014
a 11 48 0 1 6505085517752.45
a 11 49 0 1 6263115426521.212
a 11 50 0 1 5138298273886.795
a 11 51 0 1 2813921163036.6763
a 11 52 0 1 4135017953636.2456
a 11 53 0 1 7093581964770.193
a 11 54 0 1 1748808585914.9832
a 11 55 0 1 5615452836856.989
a 11 56 0 1 4526503784940.034
a 11 57 0 1 3940372902844.227
a 11 58 0 1 7194068619668.238
a 11 59 0 1 5264701858332.462
a 11 60 0 1 5146251235150.697
a 11 61 0 1 2979363769279.4595
a 11 62 0 1 6620188116044.288
a 11 63 0 1 4265174092549.83
a 11 64 0 1 6914529153458.241
a 11 65 0 1 6359366940976.83
a 11 66 0 1 2035961603048.812
a 11 67 0 1 5850291118029.454
a 11 68 0 1 6975159753845.399
a 11 69 0 1 5736714482244.063
a 11 70 0 1 4380260381342.4023
a 11 71 0 1 3312583577152.6035
a 11 72 0 1 5900369562539.706
a 11 73 0 1 5464419262975.351
a 11 74 0 1 5441058303130.704
a 11 75 0 1 5871558563942.023
a 11 76 0 1 6155031425099.218
a 11 77 0 1 3564346284272.984
a 11 78 0 1 4462615151318.058
a 11 79 0 1 2877472720464.346
a 11 80 0 1 6669022452775.915
a 12 15 0 1 9782290389877.771
a 12 16 0 1 9276662559106.896
a 12 17 0 1 6013802790468.565
a 12 18 0 1 10281364550692.162
a 12 19 0 1 17553939294069.104
a 12 20 0 1 8239804637426.245
a 12 21 0 1 12003792704287.49
a 12 22 0 1 9785748669284.426
a 12 23 0 1 10027059491541.688
a 12 24 0 1 10124151081018.762
a 12 25 0 1 10843839920193.564
a 12 26 0 1 13798056392937.656
a 12 27 0 1 8233590193356.173
a 12 28 0 1 4451503516500.094
a 12 29 0 1 7628954156693.453
a 12 30 0 1 5118811575333.882
a 12 31 0 1 13095824414918.162
a 12 32 0 1 14734307268421.906
a 12 33 0 1 10234526936081.578
a 12 34 0 1 9963293537109.947
a 12 35 0 1 17543304895337.662
a 12 36 0 1 16046161123953.162
a 12 37 0 1 14655150960283.633
a 12 38 0 1 14736473367959.025
a 12 39 0 1 16173809421242.777
a 12 40 0 1 5050116479363.237
a 12 41 0 1 18466749172735.465
a 12 42 0 1 8463177017387.814
a 12 43 0 1 16250205903690.977
a 12 44 0 1 17988154913472.836
a 12 45 0 1 4711776896556.241
a 12 46 0 1 8937847515447.332
a 12 47 0 1 17154862854142.627
a 12 48 0 1 18310300420673.832
a 12 49 0 1 17628318771647.766
a 12 50 0 1 14458979762099.121
a 12 51 0 1 7914425190656.504
a 12 52 0 1 11633347001089.885
a 12 53 0 1 19969239227075.816
a 12 54 0 1 4917599727381.283
a 12 55 0 1 15803251238816.08
a 12 56 0 1 12735784324581.816
a 12 57 0 1 11085287126110.43
a 12 58 0 1 20252546403578.33
a 12 59 0 1 14815066190469.918
a 12 60 0 1 14481383172659.688
a 12 61 0 1 8380037980785.753
a 12 62 0 1 18634736089774.996
a 12 63 0 1 11999851058488.256
a 12 64 0 1 19464456014594.66
a 12 65 0 1 17899590992456.125
a 12 66 0 1 5725408890438.814
a 12 67 0 1 16464951788700.24
a 12 68 0 1 19635380726317.164
a 12 69 0 1 16144920364937.908
a 12 70 0 1 12323936843895.229
a 12 71 0 1 9317931618841.361
a 12 72 0 1 16606065537214.307
a 12 73 0 1 15377720405470.346
a 12 74 0 1 15311904271214.83
a 12 75 0 1 16524879986296.254
a 12 76 0 1 17323711274274.18
a 12 77 0 1 10026639498344.75
a 12 78 0 1 12555859451014.54
a 12 79 0 1 8093277475814.796
a 12 80 0 1 18772388452154.926
a 13 15 0 1 9609839198003.084
a 13 16 0 1 9113134393778.064
a 13 17 0 1 5907831145889.732
a 13 18 0 1 10100104986804.525
a 13 19 0 1 17244210084726.264
a 13 20 0 1 8094571147238.168
a 13 21 0 1 11792125634782.844
a 13 22 0 1 9613236444187.848
a 13 23 0 1 9850288389993.797
a 13 24 0 1 9945666351768.06
a 13 25 0 1 10652651797474.967
a 13 26 0 1 13554701042595.828
a 13 27 0 1 8088466340006.089
a 13 28 0 1 4373075639457.352
a 13 29 0 1 7494496712575.871
a 13 30 0 1 5028620063837.064
a 13 31 0 1 12864872633013.129
a 13 32 0 1 14474411794160.05
a 13 33 0 1 10054094071444.61
a 13 34 0 1 9787647858666.818
a 13 35 0 1 17233763696408.041
a 13 36 0 1 15763084103579.545
a 13 37 0 1 14396654023628.39
a 13 38 0 1 14476539622589.293
a 13 39 0 1 15888476382301.014
a 13 40 0 1 4961136040771.557
a 13 41 0 1 18140880293323.41
a 13 42 0 1 8314002631272.936
a 13 43 0 1 15963522624566.746
a 13 44 0 1 17670748620785.367
a 13 45 0 1 4628761003660.824
a 13 46 0 1 8780297990381.634
a 13 47 0 1 16852188790307.047
a 13 48 0 1 17987197996024.363
a 13 49 0 1 17317274560759.113
a 13 50 0 1 14203948680056.191
a 13 51 0 1 7774931922053.342
a 13 52 0 1 11428220728198.07
a 13 53 0 1 19616797104744.746
a 13 54 0 1 4830955464225.173
a 13 55 0 1 15524467156597.809
a 13 56 0 1 12511191189900.248
a 13 57 0 1 10889836699856.832
a 13 58 0 1 19895092660066.05
a 13 59 0 1 14553743837731.414
a 13 60 0 1 14225956286142.877
a 13 61 0 1 8232330416519.007
a 13 62 0 1 18305896619339.668
a 13 63 0 1 11788253587772.195
a 13 64 0 1 19120942563994.902
a 13 65 0 1 17583750601941.865
a 13 66 0 1 5624522442526.244
a 13 67 0 1 16174472941229.27
a 13 68 0 1 19288844051129.18
a 13 69 0 1 15860097908406.436
a 13 70 0 1 12106616688822.57
a 13 71 0 1 9153675199342.53
a 13 72 0 1 16313092446683.244
a 13 73 0 1 15106456146729.668
a 13 74 0 1 15041803026223.746
a 13 75 0 1 16233341893215.564
a 13 76 0 1 17018052270621.014
a 13 77 0 1 9849875809426.2
a 13 78 0 1 12334443765077.13
a 13 79 0 1 7950629014884.267
a 13 80 0 1 18441114726637.95
a 14 15 0 1 8406087906343.297
a 14 16 0 1 7971658642116.544
a 14 17 0 1 5168078095228.413
a 14 18 0 1 8834879352804.006
a 14 19 0 1 15082497430924.268
a 14 20 0 1 7080780688761.318
a 14 21 0 1 10314691198783.004
a 14 22 0 1 8409059193299.818
a 14 23 0 1 8616387974212.587
a 14 24 0 1 8699806406306.41
a 14 25 0 1 9318135139172.81
a 14 26 0 1 11856132106279.57
a 14 27 0 1 7075441090442.421
a 14 28 0 1 3825582677953.172
a 14 29 0 1 6555918267338.757
a 14 30 0 1 4399013782297.847
a 14 31 0 1 11252859617348.463
a 14 32 0 1 12660423847548.16
a 14 33 0 1 8794637996235.619
a 14 34 0 1 8561601871306.558
a 14 35 0 1 15073362862499.166
a 14 36 0 1 13787338391022.123
a 14 37 0 1 12592425107990.03
a 14 38 0 1 12662284619573.387
a 14 39 0 1 13896988838039.234
a 14 40 0 1 4339983290608.534
a 14 41 0 1 15866556734667.682
a 14 42 0 1 7272706842242.067
a 14 43 0 1 13962613534041.605
a 14 44 0 1 15455470434499.328
a 14 45 0 1 4049242251217.597
a 14 46 0 1 7680548904645.137
a 14 47 0 1 14739702870435.008
a 14 48 0 1 15732176513954.43
a 14 49 0 1 15146386655565.037
a 14 50 0 1 12423904694036.42
a 14 51 0 1 6801205474217.944
a 14 52 0 1 9996432396835.06
a 14 53 0 1 17157072014721.553
a 14 54 0 1 4226109739518.627
a 14 55 0 1 13578676479597.812
a 14 56 0 1 10943551537635.176
a 14 57 0 1 9525573979428.48
a 14 58 0 1 17400402500373.912
a 14 59 0 1 12729799122686.469
a 14 60 0 1 12443150346317.21
a 14 61 0 1 7201272230521.886
a 14 62 0 1 16010846796109.46
a 14 63 0 1 10311304856326.19
a 14 64 0 1 16723511812396.174
a 14 65 0 1 15379398168201.992
a 14 66 0 1 4920264179939.172
a 14 67 0 1 14147079707944.426
a 14 68 0 1 16870320487214.51
a 14 69 0 1 13872173051798.07
a 14 70 0 1 10589731638427.28
a 14 71 0 1 8007116781738.307
a 14 72 0 1 14268295361947.176
a 14 73 0 1 13213137463389.674
a 14 74 0 1 13156599711139.605
a 14 75 0 1 14198557649076.457
a 14 76 0 1 14884739085410.719
a 14 77 0 1 8616027127000.412
a 14 78 0 1 10788977905116.857
a 14 79 0 1 6954880776194.526
a 14 80 0 1 16129080820431.305
a 15 1 0 5 0
a 16 1 0 5 0
a 17 1 0 5 0
a 18 1 0 5 0
a 19 1 0 5 0
a 20 1 0 5 0
a 21 1 0 5 0
a 22 1 0 5 0
a 23 1 0 5 0
a 24 1 0 5 0
a 25 1 0 5 0
a 26 1 0 5 0
a 27 1 0 5 0
a 28 1 0 5 0
a 29 1 0 5 0
a 30 1 0 5 0
a 31 1 0 5 0
a 32 1 0 5 0
a 33 1 0 5 0
a 34 1 0 5 0
a 35 1 0 5 0
a 36 1 0 5 0
a 37 1 0 5 0
a 38 1 0 5 0
a 39 1 0 5 0
a 40 1 0 5 0
a 41 1 0 5 0
a 42 1 0 5 0
a 43 1 0 5 0
a 44 1 0 5 0
a 45 1 0 5 0
a 46 1 0 5 0
a 47 1 0 5 0
a 48 1 0 5 0
a 49 1 0 5 0
a 50 1 0 5 0
a 51 1 0 5 0
a 52 1 0 5 0
a 53 1 0 5 0
a 54 1 0 5 0
a 55 1 0 5 0
a 56 1 0 5 0
a 57 1 0 5 0
a 58 1 0 5 0
a 59 1 0 5 0
a 60 1 0 5 0
a 61 1 0 5 0
a 62 1 0 5 0
a 63 1 0 5 0
a 64 1 0 5 0
a 65 1 0 5 0
a 66 1 0 5 0
a 67 1 0 5 0
a 68 1 0 5 0
a 69 1 0 5 0
a 70 1 0 5 0
a 71 1 0 5 0
a 72 1 0 5 0
a 73 1 0 5 0
a 74 1 0 5 0
a 75 1 0 5 0
a 76 1 0 5 0
a 77 1 0 5 0
a 78 1 0 5 0
a 79 1 0 5 0
a 80 1 0 5 0
