p min 80 923
n 0 13
n 1 -13
a 0 2 0 1 0
a 0 3 0 1 0
a 0 4 0 1 0
a 0 5 0 1 0
a 0 6 0 1 0
a 0 7 0 1 0
a 0 8 0 1 0
a 0 9 0 1 0
a 0 10 0 1 0
a 0 11 0 1 0
a 0 12 0 1 0
a 0 13 0 1 0
a 0 14 0 1 0
a 2 15 0 1 26997757742970.234
a 2 16 0 1 14942462853410.822
a 2 17 0 1 24460227345243.223
a 2 18 0 1 15421206296853.828
a 2 19 0 1 7601358932895.552
a 2 20 0 1 14012390965743.156
a 2 21 0 1 13858931710548.791
a 2 22 0 1 30603061109645.184
a 2 23 0 1 27393773787843.906
a 2 24 0 1 11605660406140.305
a 2 25 0 1 21968686218313.258
a 2 26 0 1 30127764489742.832
a 2 27 0 1 20046562059515.793
a 2 28 0 1 15614574209108.36
a 2 29 0 1 9316406777378.223
a 2 30 0 1 27014082661996.473
a 2 31 0 1 15287136511579.572
a 2 32 0 1 11444675863441.72
a 2 33 0 1 11440268773691.457
a 2 34 0 1 19109873660273.8
a 2 35 0 1 7755652909394.437
a 2 36 0 1 25462284085780.785
a 2 37 0 1 23976234082219.082
a 2 38 0 1 10353413265536.543
a 2 39 0 1 9876923689418.045
a 2 40 0 1 30843249597488.66
a 2 41 0 1 18395247825258.324
a 2 42 0 1 7010649337494.5625
a 2 43 0 1 26664075864081.734
a 2 44 0 1 20003494487259.48
a 2 45 0 1 10417329379376.953
a 2 46 0 1 22135433405654.383
a 2 47 0 1 10561755592924.8
a 2 48 0 1 18337679162598.566
a 2 49 0 1 22847116134985.6
a 2 50 0 1 31829869768467.32
a 2 51 0 1 9078460009849.467
a 2 52 0 1 25402528761187.992
a 2 53 0 1 17673964040573.633
a 2 54 0 1 32586644104238.96
a 2 55 0 1 14809612756633.559
a 2 56 0 1 11123149744709.54
a 2 57 0 1 7678745309011.952
a 2 58 0 1 7097951050032.507
a 2 59 0 1 12508762491534.646
a 2 60 0 1 24411413353210.96
a 2 61 0 1 11727036108790.492
a 2 62 0 1 30146328197632.44
a 2 63 0 1 16629825066790.725
a 2 64 0 1 29997321253207.48
a 2 65 0 1 16119865512377.008
a 2 66 0 1 18610207001907.72
a 2 67 0 1 18510830663588.92
a 2 68 0 1 29769264312670.29
a 2 69 0 1 7101499603018.768
a 2 70 0 1 11732199705827.97
a 2 71 0 1 22123029229137.992
a 2 72 0 1 7994929953885.397
a 2 73 0 1 22336116148448.234
a 2 74 0 1 22171173344388.973
a 2 75 0 1 12690017812061.348
a 2 76 0 1 20877130086081.31
a 2 77 0 1 15302641274636.67
a 2 78 0 1 29419609323571.324
a 2 79 0 1 9124775591469.643
a 3 15 0 1 30752012145495.85
a 3 16 0 1 17017046564393.664
a 3 17 0 1 27860484732138.008
a 3 18 0 1 17562392353942.12
a 3 19 0 1 8655701634286.517
a 3 20 0 1 15957607837452.252
a 3 21 0 1 15782806449202.5
a 3 22 0 1 34860677223145.53
a 3 23 0 1 31203295492355.06
a 3 24 0 1 13216263447139.766
a 3 25 0 1 25021591539239.2
a 3 26 0 1 34318993850510.73
a 3 27 0 1 22831654278692.0
a 3 28 0 1 17782663803020.438
a 3 29 0 1 10608925036272.934
a 3 30 0 1 30770615227991.36
a 3 31 0 1 17409670060738.805
a 3 32 0 1 13032904352198.773
a 3 33 0 1 13027884753198.844
a 3 34 0 1 21764504289598.97
a 3 35 0 1 8831418648102.799
a 3 36 0 1 29002304780445.52
a 3 37 0 1 27308998970351.953
a 3 38 0 1 11789996741209.076
a 3 39 0 1 11247306403456.871
a 3 40 0 1 35134417034690.73
a 3 41 0 1 20950367206539.574
a 3 42 0 1 7982982630971.405
a 3 43 0 1 30371766668984.176
a 3 44 0 1 22782587568889.848
a 3 45 0 1 11862793626991.232
a 3 46 0 1 25211578286083.453
a 3 47 0 1 12027287570382.717
a 3 48 0 1 20884782951667.6
a 3 49 0 1 26022459684517.234
a 3 50 0 1 36258877874639.164
a 3 51 0 1 10337927248637.854
a 3 52 0 1 28934213965519.793
a 3 53 0 1 20128663972123.926
a 3 54 0 1 37121405315197.29
a 3 55 0 1 16865715967085.172
a 3 56 0 1 12666693522375.844
a 3 57 0 1 8743832658662.862
a 3 58 0 1 8082403816878.881
a 3 59 0 1 14244901340031.238
a 3 60 0 1 27804863276789.387
a 3 61 0 1 13354509263584.715
a 3 62 0 1 34340150277097.293
a 3 63 0 1 18939190265466.312
a 3 64 0 1 34170332485997.62
a 3 65 0 1 18358263404557.51
a 3 66 0 1 21195257366693.465
a 3 67 0 1 21082043625937.258
a 3 68 0 1 33910425867303.3
a 3 69 0 1 8086444996005.49
a 3 70 0 1 13360390565345.023
a 3 71 0 1 25197445304186.164
a 3 72 0 1 9103919968072.73
a 3 73 0 1 25440231535641.582
a 3 74 0 1 25252299433242.703
a 3 75 0 1 14451355659762.705
a 3 76 0 1 23777930310016.375
a 3 77 0 1 17427331896088.182
a 3 78 0 1 33511942919982.152
a 3 79 0 1 10390675944571.742
a 4 15 0 1 24580921548682.74
a 4 16 0 1 13606505781812.21
a 4 17 0 1 22271133419761.723
a 4 18 0 1 14042377094946.953
a 4 19 0 1 6922269161362.098
a 4 20 0 1 12759710805582.969
a 4 21 0 1 12619990446880.68
a 4 22 0 1 27862442114808.81
a 4 23 0 1 24941384395024.418
a 4 24 0 1 10568399076574.025
a 4 25 0 1 20003089220715.68
a 4 26 0 1 27429844634199.82
a 4 27 0 1 18253304249368.945
a 4 28 0 1 14218427426146.51
a 4 29 0 1 8483948447877.027
a 4 30 0 1 24595780921043.707
a 4 31 0 1 13920313876125.527
a 4 32 0 1 10421819872436.018
a 4 33 0 1 10417807134330.762
a 4 34 0 1 17400574919651.691
a 4 35 0 1 7062767620113.178
a 4 36 0 1 23183270467315.82
a 4 37 0 1 21830564592299.434
a 4 38 0 1 9428193628384.129
a 4 39 0 1 8994329044327.137
a 4 40 0 1 28081051213686.67
a 4 41 0 1 16749992726763.465
a 4 42 0 1 6384371143239.237
a 4 43 0 1 24277194392846.805
a 4 44 0 1 18214097354764.38
a 4 45 0 1 9486391719574.236
a 4 46 0 1 20154882448691.71
a 4 47 0 1 9617897085036.408
a 4 48 0 1 16697582859457.906
a 4 49 0 1 20802735289105.297
a 4 50 0 1 28979018519709.15
a 4 51 0 1 8267283421250.933
a 4 52 0 1 23128877824143.406
a 4 53 0 1 16093339531472.094
a 4 54 0 1 29667780390303.312
a 4 55 0 1 13485551830293.572
a 4 56 0 1 10129063337744.334
a 4 57 0 1 6992736430576.883
a 4 58 0 1 6463868178395.531
a 4 59 0 1 11390680094847.033
a 4 60 0 1 22226699275317.586
a 4 61 0 1 10678913426862.666
a 4 62 0 1 27446740717325.918
a 4 63 0 1 15142743255785.447
a 4 64 0 1 27311119260084.957
a 4 65 0 1 14678462699920.867
a 4 66 0 1 16945688609342.787
a 4 67 0 1 16855217863468.498
a 4 68 0 1 27103548161023.926
a 4 69 0 1 6467099491614.643
a 4 70 0 1 10683614951263.83
a 4 71 0 1 20143590702045.938
a 4 72 0 1 7280649876618.493
a 4 73 0 1 20337567183878.55
a 4 74 0 1 20187417146354.035
a 4 75 0 1 11555712538808.012
a 4 76 0 1 19009411402627.492
a 4 77 0 1 13934430133532.475
a 4 78 0 1 26785299990980.207
a 4 79 0 1 8309456662898.11
a 5 15 0 1 13169625162279.473
a 5 16 0 1 7294180831373.253
a 5 17 0 1 11933592031897.766
a 5 18 0 1 7527667635195.443
a 5 19 0 1 3712217529668.5527
a 5 20 0 1 6840540035775.982
a 5 21 0 1 6765685792711.246
a 5 22 0 1 14925134373296.268
a 5 23 0 1 13362491486403.701
a 5 24 0 1 5666430772336.759
a 5 25 0 1 10719599903885.066
a 5 26 0 1 14693743768912.195
a 5 27 0 1 9782809593653.48
a 5 28 0 1 7621970892329.707
a 5 29 0 1 4549322696931.486
a 5 30 0 1 13177575844502.31
a 5 31 0 1 7462282114581.5625
a 5 32 0 1 5587883525163.964
a 5 33 0 1 5585733206024.097
a 5 34 0 1 9326216473234.613
a 5 35 0 1 3787534475521.8267
a 5 36 0 1 12421738945016.178
a 5 37 0 1 11697796454659.838
a 5 38 0 1 5055397612434.692
a 5 39 0 1 4822871145496.758
a 5 40 0 1 15042061377875.018
a 5 41 0 1 8977834839539.57
a 5 42 0 1 3423856331811.939
a 5 43 0 1 13007109598326.922
a 5 44 0 1 9761817212101.082
a 5 45 0 1 5086587622549.166
a 5 46 0 1 10800857865901.174
a 5 47 0 1 5157064368822.3125
a 5 48 0 1 8949768713808.014
a 5 49 0 1 11147651659883.582
a 5 50 0 1 15522326608112.871
a 5 51 0 1 4433192333904.851
a 5 52 0 1 12392631058064.01
a 5 53 0 1 8626177649810.798
a 5 54 0 1 15890669939776.6
a 5 55 0 1 7229386495684.4375
a 5 56 0 1 5431000699524.923
a 5 57 0 1 3749993028413.784
a 5 58 0 1 3466474859409.553
a 5 59 0 1 6107042842539.742
a 5 60 0 1 11909811065136.219
a 5 61 0 1 5725651169847.205
a 5 62 0 1 14702781458887.81
a 5 63 0 1 8117061502142.576
a 5 64 0 1 14630237279999.033
a 5 65 0 1 7868385364838.008
a 5 66 0 1 9082630990643.1
a 5 67 0 1 9034183713779.666
a 5 68 0 1 14519205058650.098
a 5 69 0 1 3468207165561.2305
a 5 70 0 1 5728170520763.934
a 5 71 0 1 10794813212688.033
a 5 72 0 1 3904332283407.6626
a 5 73 0 1 10898650921897.82
a 5 74 0 1 10818274170910.123
a 5 75 0 1 6195469364223.434
a 5 76 0 1 10187631623683.955
a 5 77 0 1 7469843804129.681
a 5 78 0 1 14348965577807.914
a 5 79 0 1 4455796995081.09
a 6 15 0 1 30883117436833.4
a 6 16 0 1 17089480245761.27
a 6 17 0 1 27979222804278.63
a 6 18 0 1 17637152036408.51
a 6 19 0 1 8692509326976.14
a 6 20 0 1 16025523654180.201
a 6 21 0 1 15849976950227.34
a 6 22 0 1 35009369726556.84
a 6 23 0 1 31336331693105.168
a 6 24 0 1 13272494225951.059
a 6 25 0 1 25128195553801.94
a 6 26 0 1 34465366712469.5
a 6 27 0 1 22928903457826.535
a 6 28 0 1 17858363067304.17
a 6 29 0 1 10654048851305.703
a 6 30 0 1 30901800112493.85
a 6 31 0 1 17483778324682.857
a 6 32 0 1 13088353823283.955
a 6 33 0 1 13083312835839.947
a 6 34 0 1 21857196601350.61
a 6 35 0 1 8868974326858.404
a 6 36 0 1 29125925490757.25
a 6 37 0 1 27425379246885.574
a 6 38 0 1 11840150957119.71
a 6 39 0 1 11295149031140.46
a 6 40 0 1 35284281879944.42
a 6 41 0 1 21039583804590.312
a 6 42 0 1 8016926997722.054
a 6 43 0 1 30501245157586.383
a 6 44 0 1 22879627202212.957
a 6 45 0 1 11913257943132.854
a 6 46 0 1 25318994097352.938
a 6 47 0 1 12078452617178.184
a 6 48 0 1 20973719585923.312
a 6 49 0 1 26133340721869.29
a 6 50 0 1 36413559211945.63
a 6 51 0 1 10381897028188.156
a 6 52 0 1 29057543470498.91
a 6 53 0 1 20214373218497.855
a 6 54 0 1 37279782033385.9
a 6 55 0 1 16937504247332.227
a 6 56 0 1 12720582639063.105
a 6 57 0 1 8781015500629.795
a 6 58 0 1 8116771326710.535
a 6 59 0 1 14305515841192.188
a 6 60 0 1 27923363534010.746
a 6 61 0 1 13411329140748.438
a 6 62 0 1 34486613731407.773
a 6 63 0 1 19019823552005.83
a 6 64 0 1 34316068788745.88
a 6 65 0 1 18436418151340.91
a 6 66 0 1 21285519380906.324
a 6 67 0 1 21171822332546.746
a 6 68 0 1 34055049317785.336
a 6 69 0 1 8120829705565.521
a 6 70 0 1 13417235504554.016
a 6 71 0 1 25304800725236.324
a 6 72 0 1 9142635681073.092
a 6 73 0 1 25548624409484.58
a 6 74 0 1 25359889247043.953
a 6 75 0 1 14512850128178.605
a 6 76 0 1 23879221149987.793
a 6 77 0 1 17501515493284.098
a 6 78 0 1 33654860300427.8
a 6 79 0 1 10434870347101.36
a 7 15 0 1 27528520354199.39
a 7 16 0 1 15235808529043.646
a 7 17 0 1 24940959987369.26
a 7 18 0 1 15723967536259.135
a 7 19 0 1 7750457791744.892
a 7 20 0 1 14287447716236.312
a 7 21 0 1 14130971223463.383
a 7 22 0 1 31204957191970.89
a 7 23 0 1 27932346943850.496
a 7 24 0 1 11833409762961.975
a 7 25 0 1 22400324610248.73
a 7 26 0 1 30720279413240.305
a 7 27 0 1 20440345824089.297
a 7 28 0 1 15921138762361.016
a 7 29 0 1 9499182700507.285
a 7 30 0 1 27545167231966.734
a 7 31 0 1 15587260861209.637
a 7 32 0 1 11669261815145.645
a 7 33 0 1 11664768126151.135
a 7 34 0 1 19485216320657.777
a 7 35 0 1 7907780964315.495
a 7 36 0 1 25962769725107.938
a 7 37 0 1 24447427693851.656
a 7 38 0 1 10556558660243.635
a 7 39 0 1 10070708988860.129
a 7 40 0 1 31449886794176.56
a 7 41 0 1 18756523977523.527
a 7 42 0 1 7148152029444.684
a 7 43 0 1 27188257898506.316
a 7 44 0 1 20396430267691.098
a 7 45 0 1 10621730413028.295
a 7 46 0 1 22570356549335.137
a 7 47 0 1 10768993964498.479
a 7 48 0 1 18697822251077.3
a 7 49 0 1 23296060157916.438
a 7 50 0 1 32455984804781.348
a 7 51 0 1 9256562746648.268
a 7 52 0 1 25901836346126.926
a 7 53 0 1 18021045024445.504
a 7 54 0 1 33227702425623.06
a 7 55 0 1 15100345824678.557
a 7 56 0 1 11341417948498.285
a 7 57 0 1 7829363451993.672
a 7 58 0 1 7237167452768.828
a 7 59 0 1 12754260351442.918
a 7 60 0 1 24891183870481.426
a 7 61 0 1 11957170621600.838
a 7 62 0 1 30739209502347.566
a 7 63 0 1 16956361214654.783
a 7 64 0 1 30587261738665.31
a 7 65 0 1 16436369351919.92
a 7 66 0 1 18975714106217.973
a 7 67 0 1 18874381758235.33
a 7 68 0 1 30354704037734.04
a 7 69 0 1 7240785663705.85
a 7 70 0 1 11962435690078.148
a 7 71 0 1 22557708018600.055
a 7 72 0 1 8151755862785.234
a 7 73 0 1 22774992710686.5
a 7 74 0 1 22606800545624.24
a 7 75 0 1 12939078303700.21
a 7 76 0 1 21287269097039.594
a 7 77 0 1 15603070568307.617
a 7 78 0 1 29998148988538.883
a 7 79 0 1 9303787928664.637
a 8 15 0 1 25169132239524.055
a 8 16 0 1 13931682234512.691
a 8 17 0 1 22803926662920.023
a 8 18 0 1 14377987515334.598
a 8 19 0 1 7087571357537.376
a 8 20 0 1 13064619589165.094
a 8 21 0 1 12921555473394.312
a 8 22 0 1 28529436399153.96
a 8 23 0 1 25538246191075.176
a 8 24 0 1 10820878548039.354
a 8 25 0 1 20481495914325.3
a 8 26 0 1 28086449517828.492
a 8 27 0 1 18689771856598.246
a 8 28 0 1 14558252475769.383
a 8 29 0 1 8686580496806.173
a 8 30 0 1 25184348222163.703
a 8 31 0 1 14253002216627.951
a 8 32 0 1 10670793257131.643
a 8 33 0 1 10666684538438.715
a 8 34 0 1 17816610463007.703
a 8 35 0 1 7231427681250.874
a 8 36 0 1 23737944495875.953
a 8 37 0 1 22352790942250.746
a 8 38 0 1 9653403262719.74
a 8 39 0 1 9209164038415.516
a 8 40 0 1 28753296087796.875
a 8 41 0 1 17150442572650.604
a 8 42 0 1 6536818789325.85
a 8 43 0 1 24858116205324.883
a 8 44 0 1 18649625443935.992
a 8 45 0 1 9712993076823.123
a 8 46 0 1 20636928158884.676
a 8 47 0 1 9847643272630.205
a 8 48 0 1 17096777250381.514
a 8 49 0 1 21300313770553.863
a 8 50 0 1 29672833761548.047
a 8 51 0 1 8464735561571.91
a 8 52 0 1 23682246923681.83
a 8 53 0 1 16478060663764.295
a 8 54 0 1 30378143702667.664
a 8 55 0 1 13807833055102.117
a 8 56 0 1 10371034524131.04
a 8 57 0 1 7159722756408.23
a 8 58 0 1 6618215521761.306
a 8 59 0 1 11662830282302.934
a 8 60 0 1 22758426730891.258
a 8 61 0 1 10934036415509.836
a 8 62 0 1 28103751362853.36
a 8 63 0 1 15504699214594.365
a 8 64 0 1 27964872982134.992
a 8 65 0 1 15029301778853.57
a 8 66 0 1 17350826399806.6
a 8 67 0 1 17258188377350.592
a 8 68 0 1 27752317304328.63
a 8 69 0 1 6621524052662.062
a 8 70 0 1 10938850402494.783
a 8 71 0 1 20625365704945.492
a 8 72 0 1 7454517468933.004
a 8 73 0 1 20823992661232.49
a 8 74 0 1 20670242844420.746
a 8 75 0 1 11831811113872.855
a 8 76 0 1 19463999366986.785
a 8 77 0 1 14267456399803.127
a 8 78 0 1 27426427248027.71
a 8 79 0 1 8507917037208.172
a 9 15 0 1 25167480851790.918
a 9 16 0 1 13930769336809.031
a 9 17 0 1 22802430867890.516
a 9 18 0 1 14377045324267.34
a 9 19 0 1 7087107298026.884
a 9 20 0 1 13063763592741.396
a 9 21 0 1 12920708864509.611
a 9 22 0 1 28527563811390.99
a 9 23 0 1 25536570513903.406
a 9 24 0 1 10820169745159.535
a 9 25 0 1 20480152815673.957
a 9 26 0 1 28084606100527.03
a 9 27 0 1 18688546505364.824
a 9 28 0 1 14557298452111.36
a 9 29 0 1 8686011637258.959
a 9 30 0 1 25182695833188.367
a 9 31 0 1 14252068229307.768
a 9 32 0 1 10670094297410.326
a 9 33 0 1 10665985848177.963
a 9 34 0 1 17815442476056.22
a 9 35 0 1 7230954194888.075
a 9 36 0 1 23736387267531.816
a 9 37 0 1 22351324815115.242
a 9 38 0 1 9652771018297.496
a 9 39 0 1 9208560920056.781
a 9 40 0 1 28751408757854.29
a 9 41 0 1 17149318343325.736
a 9 42 0 1 6536390817542.876
a 9 43 0 1 24856485282312.09
a 9 44 0 1 18648402730463.656
a 9 45 0 1 9712356925232.613
a 9 46 0 1 20635574843342.938
a 9 47 0 1 9846998292135.266
a 9 48 0 1 17095656545802.48
a 9 49 0 1 21298916845161.844
a 9 50 0 1 29670885867895.887
a 9 51 0 1 8464181244182.42
a 9 52 0 1 23680693359114.414
a 9 53 0 1 16476980593433.043
a 9 54 0 1 30376149346343.184
a 9 55 0 1 13806928285738.145
a 9 56 0 1 10370355222697.23
a 9 57 0 1 7159253968882.12
a 9 58 0 1 6617782216794.459
a 9 59 0 1 11662066254752.38
a 9 60 0 1 22756933928198.117
a 9 61 0 1 10933320191086.459
a 9 62 0 1 28101906806290.02
a 9 63 0 1 15503683058117.137
a 9 64 0 1 27963037570067.09
a 9 65 0 1 15028316833201.465
a 9 66 0 1 17349689008858.906
a 9 67 0 1 17257057071133.967
a 9 68 0 1 27750495887495.953
a 9 69 0 1 6621090530916.146
a 9 70 0 1 10938133862338.072
a 9 71 0 1 20624013149440.57
a 9 72 0 1 7454029362961.395
a 9 73 0 1 20822627049060.586
a 9 74 0 1 20668887338986.812
a 9 75 0 1 11831036001367.781
a 9 76 0 1 19462723141506.375
a 9 77 0 1 14266521463754.678
a 9 78 0 1 27424627287340.105
a 9 79 0 1 8507359889288.095
a 10 15 0 1 7590559931921.333
a 10 16 0 1 4205342377247.667
a 10 17 0 1 6878563774820.49
a 10 18 0 1 4339906025123.295
a 10 19 0 1 2140592928815.954
a 10 20 0 1 3943890315568.381
a 10 21 0 1 3900747589317.1562
a 10 22 0 1 8601643909677.64
a 10 23 0 1 7701649594990.47
a 10 24 0 1 3267148580551.798
a 10 25 0 1 6179180341349.164
a 10 26 0 1 8468384612126.51
a 10 27 0 1 5639436814527.54
a 10 28 0 1 4394254224607.5347
a 10 29 0 1 2623189661126.744
a 10 30 0 1 7595139510995.598
a 10 31 0 1 4302223201581.563
a 10 32 0 1 3221872174515.0537
a 10 33 0 1 3220632677154.5586
a 10 34 0 1 5376347055437.169
a 10 35 0 1 2184015264983.7517
a 10 36 0 1 7159762882943.008
a 10 37 0 1 6742727928887.181
a 10 38 0 1 2914926130554.924
a 10 39 0 1 2780883632889.2188
a 10 40 0 1 8668981758343.011
a 10 41 0 1 5175601061197.255
a 10 42 0 1 1974341645771.067
a 10 43 0 1 7496950471977.824
a 10 44 0 1 5627341224434.347
a 10 45 0 1 2932905731548.796
a 10 46 0 1 6225995813031.243
a 10 47 0 1 2973532120920.5366
a 10 48 0 1 5159428377998.33
a 10 49 0 1 6425791322335.611
a 10 50 0 1 8945556742048.758
a 10 51 0 1 2556242082937.3457
a 10 52 0 1 7142995536386.886
a 10 53 0 1 4972960690945.5205
a 10 54 0 1 9157669389796.361
a 10 55 0 1 4167999414453.7456
a 10 56 0 1 3131440334826.987
a 10 57 0 1 2162371605434.1655
a 10 58 0 1 1998913154817.7092
a 10 59 0 1 3521120892059.5312
a 10 60 0 1 6864864305351.815
a 10 61 0 1 3301284324907.1885
a 10 62 0 1 8473589530865.736
a 10 63 0 1 4679573209929.062
a 10 64 0 1 8431810301008.81
a 10 65 0 1 4536263745153.783
a 10 66 0 1 5235987877048.503
a 10 67 0 1 5208071119488.55
a 10 68 0 1 8367864684056.348
a 10 69 0 1 1999911905517.7085
a 10 70 0 1 3302736521508.281
a 10 71 0 1 6222513295802.134
a 10 72 0 1 2251351853283.9985
a 10 73 0 1 6282337221643.586
a 10 74 0 1 6236029889539.599
a 10 75 0 1 3572089329403.608
a 10 76 0 1 5872686176364.986
a 10 77 0 1 4306581148324.5967
a 10 78 0 1 8269819107771.276
a 10 79 0 1 2569273422745.7837
a 11 15 0 1 17508916165444.14
a 11 16 0 1 9695396169252.562
a 11 17 0 1 15864875136903.203
a 11 18 0 1 10005834487172.46
a 11 19 0 1 4933594920481.697
a 11 20 0 1 9092262237043.543
a 11 21 0 1 8992742464593.043
a 11 22 0 1 19844175082864.562
a 11 23 0 1 17765460559241.273
a 11 24 0 1 7531332490382.313
a 11 25 0 1 14250301038581.39
a 11 26 0 1 19536350843414.65
a 11 27 0 1 13004499046088.17
a 11 28 0 1 10131219340469.168
a 11 29 0 1 6046312508988.613
a 11 30 0 1 17519491825158.863
a 11 31 0 1 9918898950885.863
a 11 32 0 1 7426912132375.617
a 11 33 0 1 7424053516506.912
a 11 34 0 1 12397325256544.049
a 11 35 0 1 5033706679123.443
a 11 36 0 1 16514138270633.121
a 11 37 0 1 15551262246890.611
a 11 38 0 1 6719044150952.72
a 11 39 0 1 6409940637901.777
a 11 40 0 1 19999727825141.33
a 11 41 0 1 11934064373622.41
a 11 42 0 1 4550308683713.204
a 11 43 0 1 17292746267289.797
a 11 44 0 1 12976583087430.658
a 11 45 0 1 6760506261590.295
a 11 46 0 1 14358367106280.39
a 11 47 0 1 6854194141302.251
a 11 48 0 1 11896743943619.414
a 11 49 0 1 14819580383537.031
a 11 50 0 1 20638658675465.88
a 11 51 0 1 5891942623152.228
a 11 52 0 1 16475422451579.127
a 11 53 0 1 11466460242927.707
a 11 54 0 1 21128707715393.47
a 11 55 0 1 9609248187429.451
a 11 56 0 1 7218354669810.692
a 11 57 0 1 4983806279812.297
a 11 58 0 1 4606956190544.379
a 11 59 0 1 8117091732772.247
a 11 60 0 1 15833245715012.758
a 11 61 0 1 7610060232475.672
a 11 62 0 1 19548373788451.645
a 11 63 0 1 10789502562151.74
a 11 64 0 1 19451867648996.332
a 11 65 0 1 10458854280075.203
a 11 66 0 1 12073415888884.168
a 11 67 0 1 12008993524016.613
a 11 68 0 1 19304161569765.617
a 11 69 0 1 4609258733477.54
a 11 70 0 1 7613409471622.28
a 11 71 0 1 14350328216880.98
a 11 72 0 1 5188956191201.724
a 11 73 0 1 14488424304627.256
a 11 74 0 1 14381529373749.428
a 11 75 0 1 8234650227326.662
a 11 76 0 1 13542845672361.746
a 11 77 0 1 9928952829597.018
a 11 78 0 1 19077694540701.633
a 11 79 0 1 5921990463374.079
a 12 15 0 1 15232747153072.5
a 12 16 0 1 8435975652400.008
a 12 17 0 1 13802772150597.865
a 12 18 0 1 8706047968108.027
a 12 19 0 1 4293032465926.2266
a 12 20 0 1 7911259481789.787
a 12 21 0 1 7824678077000.298
a 12 22 0 1 17263817291713.014
a 12 23 0 1 15455881254442.996
a 12 24 0 1 6553233404397.751
a 12 25 0 1 12398358679955.13
a 12 26 0 1 16996098108327.1
a 12 27 0 1 11314669742737.78
a 12 28 0 1 8815128435283.053
a 12 29 0 1 5261190772583.332
a 12 30 0 1 15241945557271.982
a 12 31 0 1 8630416830811.481
a 12 32 0 1 6462384278414.76
a 12 33 0 1 6459897185140.273
a 12 34 0 1 10786491278319.896
a 12 35 0 1 4380139472826.2866
a 12 36 0 1 14367504952338.965
a 12 37 0 1 13529985921276.518
a 12 38 0 1 5846508502357.5625
a 12 39 0 1 5577570978016.917
a 12 40 0 1 17399102816190.377
a 12 41 0 1 10383495712618.963
a 12 42 0 1 3959533597379.1416
a 12 43 0 1 15044728162988.977
a 12 44 0 1 11290385953653.059
a 12 45 0 1 5882582692512.581
a 12 46 0 1 12492360477452.955
a 12 47 0 1 5964095850005.477
a 12 48 0 1 10351030030510.904
a 12 49 0 1 12893545680129.498
a 12 50 0 1 17954779712355.08
a 12 51 0 1 5126877855745.9
a 12 52 0 1 14333830018810.545
a 12 53 0 1 9976716238644.732
a 12 54 0 1 18380967174069.418
a 12 55 0 1 8361028966601.709
a 12 56 0 1 6280931616465.403
a 12 57 0 1 4336721284772.9062
a 12 58 0 1 4008823057590.968
a 12 59 0 1 7062857836215.678
a 12 60 0 1 13775260417047.55
a 12 61 0 1 6621728926683.493
a 12 62 0 1 17006554683527.797
a 12 63 0 1 9387805253859.889
a 12 64 0 1 16922621422566.273
a 12 65 0 1 9100157519325.908
a 12 66 0 1 10504719664883.809
a 12 67 0 1 10448677756009.371
a 12 68 0 1 16794158110545.375
a 12 69 0 1 4010826517311.8545
a 12 70 0 1 6624642862697.463
a 12 71 0 1 12485367820673.76
a 12 72 0 1 4515221194056.301
a 12 73 0 1 12605490963847.887
a 12 74 0 1 12512508249472.57
a 12 75 0 1 7165135437852.439
a 12 76 0 1 11782967650484.246
a 12 77 0 1 8639163393940.941
a 12 78 0 1 16597193516823.166
a 12 79 0 1 5153021689098.89
a 13 15 0 1 11795732511193.385
a 13 16 0 1 6533692252636.69
a 13 17 0 1 10688804592800.824
a 13 18 0 1 6742816907130.364
a 13 19 0 1 3325326080102.2227
a 13 20 0 1 6127381248668.697
a 13 21 0 1 6060336362017.9795
a 13 22 0 1 13367820016314.062
a 13 23 0 1 11968450737639.97
a 13 24 0 1 5075749991331.992
a 13 25 0 1 9601583438642.559
a 13 26 0 1 13160609705939.334
a 13 27 0 1 8762595646122.68
a 13 28 0 1 6827280174807.468
a 13 29 0 1 4075146274307.043
a 13 30 0 1 11802852628158.736
a 13 31 0 1 6684253868143.691
a 13 32 0 1 5005395395286.883
a 13 33 0 1 5003469357310.654
a 13 34 0 1 8353664783571.403
a 13 35 0 1 3392790343393.203
a 13 36 0 1 11125967879718.139
a 13 37 0 1 10477634422277.066
a 13 38 0 1 4528445438296.111
a 13 39 0 1 4320168553464.8447
a 13 40 0 1 13472527722320.229
a 13 41 0 1 8041646547281.335
a 13 42 0 1 3067028820715.1836
a 13 43 0 1 11650193780795.29
a 13 44 0 1 8743794688834.771
a 13 45 0 1 4556382634697.179
a 13 46 0 1 9674357039286.775
a 13 47 0 1 4619509266963.8125
a 13 48 0 1 8016509795460.118
a 13 49 0 1 9984939566564.605
a 13 50 0 1 13902600393582.71
a 13 51 0 1 3971125726946.9
a 13 52 0 1 11099900257544.047
a 13 53 0 1 7726692001727.097
a 13 54 0 1 14232444765088.19
a 13 55 0 1 6475658387794.607
a 13 56 0 1 4864875397133.137
a 13 57 0 1 3359163051488.436
a 13 58 0 1 3105204141909.7944
a 13 59 0 1 5470402790347.884
a 13 60 0 1 10667507255235.69
a 13 61 0 1 5128793483008.679
a 13 62 0 1 13168702979905.402
a 13 63 0 1 7270707855678.219
a 13 64 0 1 13103739436721.588
a 13 65 0 1 7047981845070.369
a 13 66 0 1 8135504554671.197
a 13 67 0 1 8092114012719.152
a 13 68 0 1 13004309509371.936
a 13 69 0 1 3106755845178.4204
a 13 70 0 1 5131050054662.863
a 13 71 0 1 9668943529393.576
a 13 72 0 1 3497410356892.265
a 13 73 0 1 9761939071967.049
a 13 74 0 1 9689954842757.246
a 13 75 0 1 5549605233798.751
a 13 76 0 1 9125155878989.61
a 13 77 0 1 6691026557620.256
a 13 78 0 1 12851858659670.213
a 13 79 0 1 3991373247123.8438
a 14 15 0 1 30583701264632.31
a 14 16 0 1 16924055925639.389
a 14 17 0 1 27708050194261.246
a 14 18 0 1 17466415644727.213
a 14 19 0 1 8608447334193.505
a 14 20 0 1 15870417147125.676
a 14 21 0 1 15696572582281.47
a 14 22 0 1 34669789042766.418
a 14 23 0 1 31032505827509.215
a 14 24 0 1 13144073849466.434
a 14 25 0 1 24884734124873.395
a 14 26 0 1 34131083460438.457
a 14 27 0 1 22706806223052.344
a 14 28 0 1 17685480879800.535
a 14 29 0 1 10550994492991.219
a 14 30 0 1 30602202170217.17
a 14 31 0 1 17314529628319.848
a 14 32 0 1 12961717790036.695
a 14 33 0 1 12956725649329.64
a 14 34 0 1 21645506177087.742
a 14 35 0 1 8783204081107.956
a 14 36 0 1 28843602172955.81
a 14 37 0 1 27159591250069.1
a 14 38 0 1 11725608188721.967
a 14 39 0 1 11185885456878.924
a 14 40 0 1 34942023886824.734
a 14 41 0 1 20835831100207.953
a 14 42 0 1 7939404281356.977
a 14 43 0 1 30205544180413.746
a 14 44 0 1 22658008520348.555
a 14 45 0 1 11798006969583.691
a 14 46 0 1 25073678722780.168
a 14 47 0 1 11961601319171.469
a 14 48 0 1 20770606253942.69
a 14 49 0 1 25880111621254.957
a 14 50 0 1 36060301673105.92
a 14 51 0 1 10281478254056.936
a 14 52 0 1 28775885191403.133
a 14 53 0 1 20018630496026.12
a 14 54 0 1 36918085269611.56
a 14 55 0 1 16773553881132.125
a 14 56 0 1 12597510129756.143
a 14 57 0 1 8696096740682.902
a 14 58 0 1 8038282233961.953
a 14 59 0 1 14167083968460.58
a 14 60 0 1 27652734033391.953
a 14 61 0 1 13281563387257.102
a 14 62 0 1 34152123590954.53
a 14 63 0 1 18835673165225.008
a 14 64 0 1 33983239265885.188
a 14 65 0 1 18257928190943.703
a 14 66 0 1 21079379188846.117
a 14 67 0 1 20966785902694.12
a 14 68 0 1 33724761249350.56
a 14 69 0 1 8042301331989.208
a 14 70 0 1 13287412514616.701
a 14 71 0 1 25059623267178.773
a 14 72 0 1 9054216146155.123
a 14 73 0 1 25301077662933.36
a 14 74 0 1 25114176493193.824
a 14 75 0 1 14372408597601.35
a 14 76 0 1 23647893726687.88
a 14 77 0 1 17332094752479.047
a 14 78 0 1 33328468437433.67
a 14 79 0 1 10333938579336.953
a 15 1 0 5 0
a 16 1 0 5 0
a 17 1 0 5 0
a 18 1 0 5 0
a 19 1 0 5 0
a 20 1 0 5 0
a 21 1 0 5 0
a 22 1 0 5 0
a 23 1 0 5 0
a 24 1 0 5 0
a 25 1 0 5 0
a 26 1 0 5 0
a 27 1 0 5 0
a 28 1 0 5 0
a 29 1 0 5 0
a 30 1 0 5 0
a 31 1 0 5 0
a 32 1 0 5 0
a 33 1 0 5 0
a 34 1 0 5 0
a 35 1 0 5 0
a 36 1 0 5 0
a 37 1 0 5 0
a 38 1 0 5 0
a 39 1 0 5 0
a 40 1 0 5 0
a 41 1 0 5 0
a 42 1 0 5 0
a 43 1 0 5 0
a 44 1 0 5 0
a 45 1 0 5 0
a 46 1 0 5 0
a 47 1 0 5 0
a 48 1 0 5 0
a 49 1 0 5 0
a 50 1 0 5 0
a 51 1 0 5 0
a 52 1 0 5 0
a 53 1 0 5 0
a 54 1 0 5 0
a 55 1 0 5 0
a 56 1 0 5 0
a 57 1 0 5 0
a 58 1 0 5 0
a 59 1 0 5 0
a 60 1 0 5 0
a 61 1 0 5 0
a 62 1 0 5 0
a 63 1 0 5 0
a 64 1 0 5 0
a 65 1 0 5 0
a 66 1 0 5 0
a 67 1 0 5 0
a 68 1 0 5 0
a 69 1 0 5 0
a 70 1 0 5 0
a 71 1 0 5 0
a 72 1 0 5 0
a 73 1 0 5 0
a 74 1 0 5 0
a 75 1 0 5 0
a 76 1 0 5 0
a 77 1 0 5 0
a 78 1 0 5 0
a 79 1 0 5 0
