p min 82 591
n 0 7
n 1 -7
a 0 2 0 1 0
a 0 3 0 1 0
a 0 4 0 1 0
a 0 5 0 1 0
a 0 6 0 1 0
a 0 7 0 1 0
a 0 8 0 1 0
a 2 9 0 1 25678974449498.152
a 2 10 0 1 6518366753281.339
a 2 11 0 1 7087222678142.836
a 2 12 0 1 6681217501291.673
a 2 13 0 1 16365434947833.918
a 2 14 0 1 10138155622592.227
a 2 15 0 1 18788789808842.746
a 2 16 0 1 11399334578190.225
a 2 17 0 1 6163979138259.126
a 2 18 0 1 10905764010790.121
a 2 19 0 1 6796683445942.138
a 2 20 0 1 8153728651960.632
a 2 21 0 1 13745682499088.14
a 2 22 0 1 21065145659303.723
a 2 23 0 1 15715592697678.027
a 2 24 0 1 16470302201928.309
a 2 25 0 1 19657432186673.49
a 2 26 0 1 5928083970833.986
a 2 27 0 1 13806620401586.8
a 2 28 0 1 21692998956154.83
a 2 29 0 1 5749805373537.453
a 2 30 0 1 23492585569644.055
a 2 31 0 1 11044696130816.562
a 2 32 0 1 21669625661367.67
a 2 33 0 1 7140945387582.443
a 2 34 0 1 19418255244087.605
a 2 35 0 1 12558417352246.705
a 2 36 0 1 18197869582208.47
a 2 37 0 1 20346005555746.137
a 2 38 0 1 23783838712389.617
a 2 39 0 1 14145901255184.307
a 2 40 0 1 17374045390493.691
a 2 41 0 1 16777758253418.125
a 2 42 0 1 18598532710633.387
a 2 43 0 1 8624744918786.806
a 2 44 0 1 18236094342301.957
a 2 45 0 1 10126269486234.275
a 2 46 0 1 13950751162718.008
a 2 47 0 1 15421893585563.965
a 2 48 0 1 6681020046824.379
a 2 49 0 1 17410513701597.268
a 2 50 0 1 21824446145778.848
a 2 51 0 1 21908260916863.684
a 2 52 0 1 12818646224302.059
a 2 53 0 1 17155447478901.049
a 2 54 0 1 19594314272608.37
a 2 55 0 1 20705912254330.156
a 2 56 0 1 9498302750690.883
a 2 57 0 1 12362615090948.074
a 2 58 0 1 22828906233129.875
a 2 59 0 1 14187425230372.672
a 2 60 0 1 21917505256175.113
a 2 61 0 1 18317289381292.58
a 2 62 0 1 21512938095519.457
a 2 63 0 1 17733218896236.336
a 2 64 0 1 24940672251461.453
a 2 65 0 1 20497746534543.46
a 2 66 0 1 24011430543994.152
a 2 67 0 1 15467225819741.459
a 2 68 0 1 5190424382916.42
a 2 69 0 1 5364899625518.066
a 2 70 0 1 11453477855804.562
a 2 71 0 1 7997829146756.928
a 2 72 0 1 24390828000277.566
a 2 73 0 1 9834320810884.26
a 2 74 0 1 7849179498694.228
a 2 75 0 1 5760343390980.989
a 2 76 0 1 22814701253504.58
a 2 77 0 1 21531567933829.58
a 2 78 0 1 12080534300903.79
a 2 79 0 1 5907990689330.832
a 2 80 0 1 24073883487985.293
a 2 81 0 1 19796585455709.63
a 3 9 0 1 16037043331545.146
a 3 10 0 1 4074224425414.12
a 3 11 0 1 4429671987180.257
a 3 12 0 1 4175982909135.582
a 3 13 0 1 10224663131221.262
a 3 14 0 1 6335738308173.077
a 3 15 0 1 11737477885850.732
a 3 16 0 1 7123511400013.482
a 3 17 0 1 3852777779372.651
a 3 18 0 1 6815221516285.712
a 3 19 0 1 4248131783832.4224
a 3 20 0 1 5096027306037.886
a 3 21 0 1 8588887557440.807
a 3 22 0 1 13158237436422.705
a 3 23 0 1 9818935662967.262
a 3 24 0 1 10290134615614.406
a 3 25 0 1 12279663384492.125
a 3 26 0 1 3705369904089.767
a 3 27 0 1 8626941443725.167
a 3 28 0 1 13550055112868.635
a 3 29 0 1 3593963894475.7856
a 3 30 0 1 14672985842738.854
a 3 31 0 1 6902001455013.362
a 3 32 0 1 13535469172973.756
a 3 33 0 1 4463239524697.727
a 3 34 0 1 12130379005482.162
a 3 35 0 1 7847436192385.108
a 3 36 0 1 11368616523604.295
a 3 37 0 1 12709425217268.678
a 3 38 0 1 14854709522365.76
a 3 39 0 1 8838808460615.732
a 3 40 0 1 10854341501382.77
a 3 41 0 1 10482084383628.791
a 3 42 0 1 11618718579996.957
a 3 43 0 1 5390299777665.547
a 3 44 0 1 11392477568782.195
a 3 45 0 1 6328313435205.155
a 3 46 0 1 8716945968678.645
a 3 47 0 1 9635557835942.193
a 3 48 0 1 4175859529131.273
a 3 49 0 1 10877107742631.96
a 3 50 0 1 13632083255524.104
a 3 51 0 1 13684386434920.314
a 3 52 0 1 8009956574197.745
a 3 53 0 1 10717874866365.219
a 3 54 0 1 12240268086928.316
a 3 55 0 1 12934044918708.96
a 3 56 0 1 5936032713067.532
a 3 57 0 1 7725149663141.719
a 3 58 0 1 14258874474442.455
a 3 59 0 1 8864738057916.748
a 3 60 0 1 13690155184074.273
a 3 61 0 1 11443161692883.87
a 3 62 0 1 13437688639655.945
a 3 63 0 1 11078561277092.756
a 3 64 0 1 15576455783704.473
a 3 65 0 1 12804128429349.11
a 3 66 0 1 14996709349796.61
a 3 67 0 1 9663862367832.506
a 3 68 0 1 3244396474993.0977
a 3 69 0 1 3353431059810.955
a 3 70 0 1 7157329116759.997
a 3 71 0 1 4998624777830.229
a 3 72 0 1 15233418009548.371
a 3 73 0 1 6145940440146.461
a 3 74 0 1 4905750576556.952
a 3 75 0 1 3600549132383.088
a 3 76 0 1 14250010832228.121
a 3 77 0 1 13449314619043.262
a 3 78 0 1 7548975020888.801
a 3 79 0 1 3692813730469.1147
a 3 80 0 1 15035674702095.547
a 3 81 0 1 12366515691652.887
a 4 9 0 1 8662632944826.346
a 4 10 0 1 2202142969266.7417
a 4 11 0 1 2394219506989.114
a 4 12 0 1 2257131895116.7803
a 4 13 0 1 5524694105957.265
a 4 14 0 1 3424095207500.6113
a 4 15 0 1 6341605807413.831
a 4 16 0 1 3849679925669.341
a 4 17 0 1 2082474112076.8713
a 4 18 0 1 3683134336988.1523
a 4 19 0 1 2296119824837.523
a 4 20 0 1 2754284720116.1797
a 4 21 0 1 4641236944603.751
a 4 22 0 1 7108689005712.959
a 4 23 0 1 5305581229204.2295
a 4 24 0 1 5560051059735.356
a 4 25 0 1 6634351150097.566
a 4 26 0 1 2002813947507.2754
a 4 27 0 1 4661791000434.033
a 4 28 0 1 7320215227093.926
a 4 29 0 1 1942608598393.3708
a 4 30 0 1 7926390618803.329
a 4 31 0 1 3730015490759.668
a 4 32 0 1 7312341036419.301
a 4 33 0 1 2412358339146.273
a 4 34 0 1 6553748851949.908
a 4 35 0 1 4240740091486.384
a 4 36 0 1 6142434754577.794
a 4 37 0 1 6866382988707.157
a 4 38 0 1 8024481093610.878
a 4 39 0 1 4776225275028.41
a 4 40 0 1 5864732888462.955
a 4 41 0 1 5663709417597.896
a 4 42 0 1 6277481165800.202
a 4 43 0 1 2913286818234.525
a 4 44 0 1 6155319043407.328
a 4 45 0 1 3420083842416.36
a 4 46 0 1 4710404839095.661
a 4 47 0 1 5206545053948.378
a 4 48 0 1 2257065222568.7363
a 4 49 0 1 5877026684541.31
a 4 50 0 1 7364497730288.737
a 4 51 0 1 7392733152316.872
a 4 52 0 1 4328528582416.311
a 4 53 0 1 5791040129441.162
a 4 54 0 1 6613080786390.746
a 4 55 0 1 6987652751992.247
a 4 56 0 1 3208145605955.493
a 4 57 0 1 4174683689159.3354
a 4 58 0 1 7702855286384.955
a 4 59 0 1 4790230273745.216
a 4 60 0 1 7395847352403.698
a 4 61 0 1 6182686927370.431
a 4 62 0 1 7259554095536.966
a 4 63 0 1 5985810529711.224
a 4 64 0 1 8414045318500.553
a 4 65 0 1 6917512587199.874
a 4 66 0 1 8101128185554.354
a 4 67 0 1 5221831501848.185
a 4 68 0 1 1753692920254.5183
a 4 69 0 1 1812618905719.8657
a 4 70 0 1 3867948736445.485
a 4 71 0 1 2701654831615.112
a 4 72 0 1 8228893596770.381
a 4 73 0 1 3321553939347.919
a 4 74 0 1 2651471246367.457
a 4 75 0 1 1946167371815.7026
a 4 76 0 1 7698070627563.724
a 4 77 0 1 7265830423419.762
a 4 78 0 1 4079516649953.353
a 4 79 0 1 1996028453034.3308
a 4 80 0 1 8122160269586.628
a 4 81 0 1 6681244254671.941
a 5 9 0 1 23398737118969.145
a 5 10 0 1 5940712892915.994
a 5 11 0 1 6459119640355.935
a 5 12 0 1 6089121783235.445
a 5 13 0 1 14913639933083.797
a 5 14 0 1 9239376797982.139
a 5 15 0 1 17121592366710.775
a 5 16 0 1 10388614561324.387
a 5 17 0 1 5617751217458.527
a 5 18 0 1 9938856433811.008
a 5 19 0 1 6194347729266.144
a 5 20 0 1 7431025946123.568
a 5 21 0 1 12526623763269.822
a 5 22 0 1 19195512180604.137
a 5 23 0 1 14321540971654.021
a 5 24 0 1 15009188218556.01
a 5 25 0 1 17912997894235.37
a 5 26 0 1 5402773169745.558
a 5 27 0 1 12582149454365.332
a 5 28 0 1 19767513552935.543
a 5 29 0 1 5240302071843.365
a 5 30 0 1 21406973636186.18
a 5 31 0 1 10065456520496.154
a 5 32 0 1 19746219607372.195
a 5 33 0 1 6508077622170.864
a 5 34 0 1 17695089190358.594
a 5 35 0 1 11444791989951.982
a 5 36 0 1 16583206797878.057
a 5 37 0 1 18540335561303.01
a 5 38 0 1 21672305501755.105
a 5 39 0 1 12891295749245.32
a 5 40 0 1 15832612287489.94
a 5 41 0 1 15289321181930.582
a 5 42 0 1 16948250430931.777
a 5 43 0 1 7860256070349.406
a 5 44 0 1 16618033454162.271
a 5 45 0 1 9228545524274.67
a 5 46 0 1 12713478939142.922
a 5 47 0 1 14053936614275.377
a 5 48 0 1 6088941839636.082
a 5 49 0 1 15865839200402.945
a 5 50 0 1 19887266668069.1
a 5 51 0 1 19963624769222.45
a 5 52 0 1 11681913858706.107
a 5 53 0 1 15633443406085.832
a 5 54 0 1 17855492693666.957
a 5 55 0 1 18868231781101.066
a 5 56 0 1 8656305407598.43
a 5 57 0 1 11266375144100.312
a 5 58 0 1 20802355269585.82
a 5 59 0 1 12929131462503.785
a 5 60 0 1 19972046668062.79
a 5 61 0 1 16692010328099.39
a 5 62 0 1 19603471112520.355
a 5 63 0 1 16159860438679.006
a 5 64 0 1 22726166220500.47
a 5 65 0 1 18678580833169.31
a 5 66 0 1 21879640755390.047
a 5 67 0 1 14095241247878.102
a 5 68 0 1 4730516099724.056
a 5 69 0 1 4889522898498.378
a 5 70 0 1 10437951463599.633
a 5 71 0 1 7288956134179.6875
a 5 72 0 1 22225268179682.344
a 5 73 0 1 8962505683222.223
a 5 74 0 1 7153492630278.417
a 5 75 0 1 5249905727142.394
a 5 76 0 1 20789414304340.914
a 5 77 0 1 19620443647156.137
a 5 78 0 1 11009339242916.922
a 5 79 0 1 5384461536805.728
a 5 80 0 1 21936534969942.37
a 5 81 0 1 18039776799930.645
a 6 9 0 1 12635316523122.775
a 6 10 0 1 3210950468637.829
a 6 11 0 1 3491053146456.373
a 6 12 0 1 3291139512844.461
a 6 13 0 1 8056983574470.283
a 6 14 0 1 4993004121806.787
a 6 15 0 1 9248732439582.219
a 6 16 0 1 5613716394125.684
a 6 17 0 1 3036441825246.6396
a 6 18 0 1 5370807520924.947
a 6 19 0 1 3347994966434.576
a 6 20 0 1 4016146788376.2427
a 6 21 0 1 6768270837654.96
a 6 22 0 1 10367882817563.98
a 6 23 0 1 7737348990195.366
a 6 24 0 1 8108561817096.088
a 6 25 0 1 9675828027148.336
a 6 26 0 1 2920277591819.5513
a 6 27 0 1 6798251993132.603
a 6 28 0 1 10676508913925.074
a 6 29 0 1 2832483941629.2393
a 6 30 0 1 11560983799440.926
a 6 31 0 1 5439183851945.96
a 6 32 0 1 10665019998412.85
a 6 33 0 1 3517505059184.957
a 6 34 0 1 9558233426189.07
a 6 35 0 1 6184099442218.703
a 6 36 0 1 8958162942452.53
a 6 37 0 1 10014356119409.943
a 6 38 0 1 11704113646765.156
a 6 39 0 1 6965172637031.911
a 6 40 0 1 8553035502551.368
a 6 41 0 1 8259778328129.99
a 6 42 0 1 9155180703309.195
a 6 43 0 1 4248030554526.99
a 6 44 0 1 8976959571916.98
a 6 45 0 1 4987153707144.521
a 6 46 0 1 6869162785172.922
a 6 47 0 1 7592880735934.009
a 6 48 0 1 3291042285568.631
a 6 49 0 1 8570970147250.695
a 6 50 0 1 10741119914765.5
a 6 51 0 1 10782317357025.6
a 6 52 0 1 6312147086336.085
a 6 53 0 1 8445530266718.39
a 6 54 0 1 9644795564906.588
a 6 55 0 1 10191288683078.004
a 6 56 0 1 4678053835227.981
a 6 57 0 1 6087750844535.054
a 6 58 0 1 11234815187141.148
a 6 59 0 1 6985601300272.182
a 6 60 0 1 10786861198825.715
a 6 61 0 1 9016886111510.639
a 6 62 0 1 10588000938970.48
a 6 63 0 1 8729669061604.842
a 6 64 0 1 12272565431892.432
a 6 65 0 1 10088953918273.584
a 6 66 0 1 11815955167840.19
a 6 67 0 1 7615179624880.762
a 6 68 0 1 2557003785248.011
a 6 69 0 1 2642930101866.749
a 6 70 0 1 5640361948474.882
a 6 71 0 1 3939393836005.215
a 6 72 0 1 12002389277563.908
a 6 73 0 1 4843452583524.887
a 6 74 0 1 3866208854223.1084
a 6 75 0 1 2837673460166.3306
a 6 76 0 1 11227833800007.676
a 6 77 0 1 10597158425158.457
a 6 78 0 1 5948943213422.391
a 6 79 0 1 2910382706799.664
a 6 80 0 1 11846644817720.928
a 6 81 0 1 9744243112025.566
a 7 9 0 1 35394603000174.7
a 7 10 0 1 8977095602526.746
a 7 11 0 1 9760765305831.88
a 7 12 0 1 9201438778283.049
a 7 13 0 1 22548134381537.027
a 7 14 0 1 13964466182632.498
a 7 15 0 1 25889741210594.008
a 7 16 0 1 15702496491922.592
a 7 17 0 1 8488902233090.31
a 7 18 0 1 15022284324779.252
a 7 19 0 1 9360506577830.627
a 7 20 0 1 11230114252592.688
a 7 21 0 1 18936505782708.21
a 7 22 0 1 29029292356939.08
a 7 23 0 1 21652175526818.74
a 7 24 0 1 22692723067391.906
a 7 25 0 1 27087699595397.227
a 7 26 0 1 8163948716283.051
a 7 27 0 1 19020506287363.176
a 7 28 0 1 29895337760692.344
a 7 29 0 1 7918368381029.542
a 7 30 0 1 32377906556381.918
a 7 31 0 1 15213750075851.889
a 7 32 0 1 29863096361177.977
a 7 33 0 1 9834777015163.518
a 7 34 0 1 26757837843956.793
a 7 35 0 1 17299996413734.613
a 7 36 0 1 25074845728610.4
a 7 37 0 1 28037386528033.92
a 7 38 0 1 32779733301170.758
a 7 39 0 1 19488199771477.49
a 7 40 0 1 23938839305308.863
a 7 41 0 1 23116644397219.766
a 7 42 0 1 25627366775804.777
a 7 43 0 1 11879087210254.885
a 7 44 0 1 25127557468137.066
a 7 45 0 1 13948086809641.578
a 7 46 0 1 19219186654703.21
a 7 47 0 1 21247259572362.203
a 7 48 0 1 9201166763102.994
a 7 49 0 1 23989125292388.797
a 7 50 0 1 30076658796334.293
a 7 51 0 1 30192275752809.594
a 7 52 0 1 17658677699525.56
a 7 53 0 1 23637419000327.035
a 7 54 0 1 27000649625339.75
a 7 55 0 1 28533795990221.445
a 7 56 0 1 13082758104716.062
a 7 57 0 1 17030121624900.422
a 7 58 0 1 31462301062751.05
a 7 59 0 1 19545440888052.984
a 7 60 0 1 30205027761875.383
a 7 61 0 1 25239525575651.676
a 7 62 0 1 29646961377978.336
a 7 63 0 1 24434108978764.5
a 7 64 0 1 34375857133397.88
a 7 65 0 1 28246676806022.03
a 7 66 0 1 33093736982068.535
a 7 67 0 1 21309757364694.39
a 7 68 0 1 7147840850256.932
a 7 69 0 1 7388170306233.99
a 7 70 0 1 15777115597798.857
a 7 71 0 1 11015319538892.248
a 7 72 0 1 33617197591700.88
a 7 73 0 1 13545780048834.861
a 7 74 0 1 10810516222546.13
a 7 75 0 1 7932884486884.114
a 7 76 0 1 31442704592920.785
a 7 77 0 1 29672659240389.55
a 7 78 0 1 16641336997190.455
a 7 79 0 1 8136269854050.511
a 7 80 0 1 33179903092664.1
a 7 81 0 1 27279616502698.035
a 8 9 0 1 27705478398239.29
a 8 10 0 1 7031552146858.049
a 8 11 0 1 7645233041134.499
a 8 12 0 1 7207234635529.968
a 8 13 0 1 17655449045663.297
a 8 14 0 1 10936682911109.586
a 8 15 0 1 20270272339403.918
a 8 16 0 1 12297338778532.258
a 8 17 0 1 6649242536364.059
a 8 18 0 1 11764833564329.03
a 8 19 0 1 7331798974211.157
a 8 20 0 1 8795795112147.04
a 8 21 0 1 14828840487319.176
a 8 22 0 1 22726587317160.773
a 8 23 0 1 16954282581459.322
a 8 24 0 1 17768599439253.25
a 8 25 0 1 21207573924173.676
a 8 26 0 1 6394762687518.308
a 8 27 0 1 14894588527964.998
a 8 28 0 1 23404093968053.516
a 8 29 0 1 6202439374758.839
a 8 30 0 1 25346042601124.297
a 8 31 0 1 11914724674019.7
a 8 32 0 1 23378872073211.094
a 8 33 0 1 7703189344557.331
a 8 34 0 1 20949490485908.703
a 8 35 0 1 13547873001355.352
a 8 36 0 1 19632653080720.934
a 8 37 0 1 21950584020445.332
a 8 38 0 1 25660342235185.906
a 8 39 0 1 15260651873987.861
a 8 40 0 1 18743735446880.92
a 8 41 0 1 18100341735589.508
a 8 42 0 1 20064978922994.86
a 8 43 0 1 9303941363613.477
a 8 44 0 1 19673898446061.395
a 8 45 0 1 10923859390588.719
a 8 46 0 1 15050096551924.846
a 8 47 0 1 16637389979848.738
a 8 48 0 1 7207021622425.535
a 8 49 0 1 18783084974320.684
a 8 50 0 1 23545937550561.49
a 8 51 0 1 23636381558799.754
a 8 52 0 1 13828637510529.9
a 8 53 0 1 18507867530211.504
a 8 54 0 1 21139466546420.668
a 8 55 0 1 22338947664591.04
a 8 56 0 1 10246372838448.428
a 8 57 0 1 13336620123865.678
a 8 58 0 1 24629853391605.258
a 8 59 0 1 15305453865446.543
a 8 60 0 1 23646357077417.01
a 8 61 0 1 19761509792144.203
a 8 62 0 1 23209792323639.164
a 8 63 0 1 19131286961579.707
a 8 64 0 1 26908731013690.273
a 8 65 0 1 22114322478369.145
a 8 66 0 1 25905944280320.312
a 8 67 0 1 16686302001010.691
a 8 68 0 1 5598994614083.078
a 8 69 0 1 5787213029189.926
a 8 70 0 1 12355753365962.254
a 8 71 0 1 8627607081203.316
a 8 72 0 1 26315367174988.44
a 8 73 0 1 10608887444369.293
a 8 74 0 1 8467240808840.442
a 8 75 0 1 6213807555640.978
a 8 76 0 1 24614524617975.043
a 8 77 0 1 23229895542546.773
a 8 78 0 1 13032281861957.404
a 8 79 0 1 6373086434362.066
a 8 80 0 1 25973339543115.85
a 8 81 0 1 21357727519188.805
a 9 1 0 1 0
a 10 1 0 1 0
a 11 1 0 1 0
a 12 1 0 1 0
a 13 1 0 1 0
a 14 1 0 1 0
a 15 1 0 1 0
a 16 1 0 1 0
a 17 1 0 1 0
a 18 1 0 1 0
a 19 1 0 1 0
a 20 1 0 1 0
a 21 1 0 1 0
a 22 1 0 1 0
a 23 1 0 1 0
a 24 1 0 1 0
a 25 1 0 1 0
a 26 1 0 1 0
a 27 1 0 1 0
a 28 1 0 1 0
a 29 1 0 1 0
a 30 1 0 1 0
a 31 1 0 1 0
a 32 1 0 1 0
a 33 1 0 1 0
a 34 1 0 1 0
a 35 1 0 1 0
a 36 1 0 1 0
a 37 1 0 1 0
a 38 1 0 1 0
a 39 1 0 1 0
a 40 1 0 1 0
a 41 1 0 1 0
a 42 1 0 1 0
a 43 1 0 1 0
a 44 1 0 1 0
a 45 1 0 1 0
a 46 1 0 1 0
a 47 1 0 1 0
a 48 1 0 1 0
a 49 1 0 1 0
a 50 1 0 1 0
a 51 1 0 1 0
a 52 1 0 1 0
a 53 1 0 1 0
a 54 1 0 1 0
a 55 1 0 1 0
a 56 1 0 1 0
a 57 1 0 1 0
a 58 1 0 1 0
a 59 1 0 1 0
a 60 1 0 1 0
a 61 1 0 1 0
a 62 1 0 1 0
a 63 1 0 1 0
a 64 1 0 1 0
a 65 1 0 1 0
a 66 1 0 1 0
a 67 1 0 1 0
a 68 1 0 1 0
a 69 1 0 1 0
a 70 1 0 1 0
a 71 1 0 1 0
a 72 1 0 1 0
a 73 1 0 1 0
a 74 1 0 1 0
a 75 1 0 1 0
a 76 1 0 1 0
a 77 1 0 1 0
a 78 1 0 1 0
a 79 1 0 1 0
a 80 1 0 1 0
a 81 1 0 1 0
