p min 81 583
n 0 7
n 1 -7
a 0 2 0 1 0
a 0 3 0 1 0
a 0 4 0 1 0
a 0 5 0 1 0
a 0 6 0 1 0
a 0 7 0 1 0
a 0 8 0 1 0
a 2 9 0 1 5430069112769.614
a 2 10 0 1 6118874865144.172
a 2 11 0 1 5457095592359.538
a 2 12 0 1 11164020169164.521
a 2 13 0 1 3452426469190.615
a 2 14 0 1 4367835202160.7583
a 2 15 0 1 8421349787234.878
a 2 16 0 1 11073467035830.658
a 2 17 0 1 6350609654630.117
a 2 18 0 1 7939898211139.285
a 2 19 0 1 4126983180553.496
a 2 20 0 1 3801853896908.862
a 2 21 0 1 3580463907731.804
a 2 22 0 1 5002000521037.191
a 2 23 0 1 12037554663514.281
a 2 24 0 1 4439218215391.779
a 2 25 0 1 4800115536579.868
a 2 26 0 1 11768075209549.754
a 2 27 0 1 3827226982336.3286
a 2 28 0 1 4094665152194.7153
a 2 29 0 1 4645097915307.759
a 2 30 0 1 11090613342149.887
a 2 31 0 1 10633144098551.865
a 2 32 0 1 7030844637129.927
a 2 33 0 1 4479822478120.953
a 2 34 0 1 3966051494908.073
a 2 35 0 1 8313773947818.409
a 2 36 0 1 6029805035053.644
a 2 37 0 1 5809637116902.669
a 2 38 0 1 4972464010710.482
a 2 39 0 1 4464486423273.002
a 2 40 0 1 8396051913943.947
a 2 41 0 1 8464145450454.055
a 2 42 0 1 2994209137717.205
a 2 43 0 1 8560877144884.431
a 2 44 0 1 7255412178415.882
a 2 45 0 1 10039283905995.953
a 2 46 0 1 11982822339048.072
a 2 47 0 1 3493198104369.1753
a 2 48 0 1 4055770328243.356
a 2 49 0 1 11357482171184.346
a 2 50 0 1 5180225098678.668
a 2 51 0 1 8410969011811.693
a 2 52 0 1 5111488877895.729
a 2 53 0 1 3653301680944.2935
a 2 54 0 1 6010536687343.861
a 2 55 0 1 3529352842530.7744
a 2 56 0 1 3803878941322.184
a 2 57 0 1 6770392579662.603
a 2 58 0 1 5139934163720.572
a 2 59 0 1 11281486139262.203
a 2 60 0 1 6492727298427.043
a 2 61 0 1 7765245359009.523
a 2 62 0 1 12047558414405.94
a 2 63 0 1 4751481720507.582
a 2 64 0 1 5736799658058.644
a 2 65 0 1 5609979073615.668
a 2 66 0 1 3627326875193.3833
a 2 67 0 1 5780170257479.905
a 2 68 0 1 10764667585915.309
a 2 69 0 1 6631519858276.401
a 2 70 0 1 4496702831198.082
a 2 71 0 1 10488575988861.975
a 2 72 0 1 4194494119049.548
a 2 73 0 1 6215918604052.854
a 2 74 0 1 9945014002411.062
a 2 75 0 1 6375175741192.882
a 2 76 0 1 3860106334908.0215
a 2 77 0 1 10910762293074.756
a 2 78 0 1 5941105846277.827
a 2 79 0 1 5065985685263.345
a 2 80 0 1 2994352365918.797
a 3 9 0 1 7072362403346.891
a 3 10 0 1 7969684732114.399
a 3 11 0 1 7107569577787.372
a 3 12 0 1 14543420246067.664
a 3 13 0 1 4496283401523.259
a 3 14 0 1 5688651474944.366
a 3 15 0 1 10969482010834.65
a 3 16 0 1 14425410709680.074
a 3 17 0 1 8271580400147.264
a 3 18 0 1 10342179265992.725
a 3 19 0 1 5374921663687.032
a 3 20 0 1 4951422051469.65
a 3 21 0 1 4663054332899.056
a 3 22 0 1 6514729785107.702
a 3 23 0 1 15681855400940.3
a 3 24 0 1 5781634804361.412
a 3 25 0 1 6251745806577.815
a 3 26 0 1 15330648487018.193
a 3 27 0 1 4984471611084.602
a 3 28 0 1 5332825141576.512
a 3 29 0 1 6049815762361.775
a 3 30 0 1 14447755850041.396
a 3 31 0 1 13851589121453.188
a 3 32 0 1 9157794005109.236
a 3 33 0 1 5834526018896.442
a 3 34 0 1 5165297678075.728
a 3 35 0 1 10829315267868.373
a 3 36 0 1 7853649089668.761
a 3 37 0 1 7566828620287.504
a 3 38 0 1 6476254037818.083
a 3 39 0 1 5814549217777.248
a 3 40 0 1 10936519863400.22
a 3 41 0 1 11025243232136.346
a 3 42 0 1 3899459755301.969
a 3 43 0 1 11151281789903.018
a 3 44 0 1 9450370972479.217
a 3 45 0 1 13077708249037.4
a 3 46 0 1 15610523376852.217
a 3 47 0 1 4549388985201.511
a 3 48 0 1 5282162002827.924
a 3 49 0 1 14795543907423.717
a 3 50 0 1 6746895784992.172
a 3 51 0 1 10955956256156.799
a 3 52 0 1 6657355528983.756
a 3 53 0 1 4757927429409.961
a 3 54 0 1 7828547361502.587
a 3 55 0 1 4596481126799.113
a 3 56 0 1 4954059758729.232
a 3 57 0 1 8818470770367.707
a 3 58 0 1 6694410149824.365
a 3 59 0 1 14696503908935.03
a 3 60 0 1 8456728518099.606
a 3 61 0 1 10114622203101.615
a 3 62 0 1 15694893206653.297
a 3 63 0 1 6188393879551.532
a 3 64 0 1 7471941676876.451
a 3 65 0 1 7306730890062.34
a 3 66 0 1 4724094513239.659
a 3 67 0 1 7528441442957.239
a 3 68 0 1 14022986513106.566
a 3 69 0 1 8637546551628.771
a 3 70 0 1 5856514453215.297
a 3 71 0 1 13663194191860.412
a 3 72 0 1 5462859750958.114
a 3 73 0 1 8096109197357.772
a 3 74 0 1 12954864650161.55
a 3 75 0 1 8303584491498.833
a 3 76 0 1 5027298500658.932
a 3 77 0 1 14213374518224.514
a 3 78 0 1 7738097015841.851
a 3 79 0 1 6598080357141.622
a 3 80 0 1 3899646305675.146
a 4 9 0 1 14822326903560.623
a 4 10 0 1 16704836822114.312
a 4 11 0 1 14896180669546.832
a 4 12 0 1 30509050387767.492
a 4 13 0 1 9420291828177.338
a 4 14 0 1 11920249524732.201
a 4 15 0 1 23001272478713.484
a 4 16 0 1 30261038948777.13
a 4 17 0 1 17338285623868.76
a 4 18 0 1 21684197733960.68
a 4 19 0 1 11262400421730.08
a 4 20 0 1 10374461511737.352
a 4 21 0 1 9769903917756.98
a 4 22 0 1 13652673715120.512
a 4 23 0 1 32901992140736.535
a 4 24 0 1 12115233040814.055
a 4 25 0 1 13101113157841.213
a 4 26 0 1 32163696573564.254
a 4 27 0 1 10443752114292.264
a 4 28 0 1 11174133658396.002
a 4 29 0 1 12677626878287.408
a 4 30 0 1 30307999417789.38
a 4 31 0 1 29055188668673.598
a 4 32 0 1 19198051623438.6
a 4 33 0 1 12226146524386.365
a 4 34 0 1 10822876242232.223
a 4 35 0 1 22706962492237.06
a 4 36 0 1 16461379354483.2
a 4 37 0 1 15859624346437.525
a 4 38 0 1 13571975618387.79
a 4 39 0 1 12184254769149.252
a 4 40 0 1 22932060477097.652
a 4 41 0 1 23118357965970.89
a 4 42 0 1 8169254536165.888
a 4 43 0 1 23383015470057.277
a 4 44 0 1 19812131378409.75
a 4 45 0 1 27429204134177.85
a 4 46 0 1 32752034991704.016
a 4 47 0 1 9531618709615.822
a 4 48 0 1 11067905906645.291
a 4 49 0 1 31038943899406.812
a 4 50 0 1 14139629688476.133
a 4 51 0 1 22972871815187.887
a 4 52 0 1 13951820326728.447
a 4 53 0 1 9968798753372.836
a 4 54 0 1 16408713690720.76
a 4 55 0 1 9630340674529.975
a 4 56 0 1 10379991619425.424
a 4 57 0 1 18485914660220.97
a 4 58 0 1 14029541330094.523
a 4 59 0 1 30830785445169.355
a 4 60 0 1 17726794267308.434
a 4 61 0 1 21206474286055.516
a 4 62 0 1 32929401051839.797
a 4 63 0 1 12968249612821.771
a 4 64 0 1 15660559271048.879
a 4 65 0 1 15313971897097.6
a 4 66 0 1 9897869855746.516
a 4 67 0 1 15779090601241.91
a 4 68 0 1 29415351217998.773
a 4 69 0 1 18106234365894.63
a 4 70 0 1 12272256959445.219
a 4 71 0 1 28659326734997.375
a 4 72 0 1 11446789473363.117
a 4 73 0 1 16970099486486.22
a 4 74 0 1 27171129414475.71
a 4 75 0 1 17405440642598.623
a 4 76 0 1 10533542400314.639
a 4 77 0 1 29815437674137.797
a 4 78 0 1 16218943573172.352
a 4 79 0 1 13827493868807.861
a 4 80 0 1 8169645545979.191
a 5 9 0 1 2472387854968.555
a 5 10 0 1 2785890593164.0864
a 5 11 0 1 2484689185294.8223
a 5 12 0 1 5081309842795.203
a 5 13 0 1 1572133919904.954
a 5 14 0 1 1988870088888.37
a 5 15 0 1 3833641351986.5938
a 5 16 0 1 5040123162777.804
a 5 17 0 1 2891356169874.15
a 5 18 0 1 3614579846724.1626
a 5 19 0 1 1879227806905.3403
a 5 20 0 1 1731215007207.725
a 5 21 0 1 1630425330732.5625
a 5 22 0 1 2277543259895.77
a 5 23 0 1 5478599338447.253
a 5 24 0 1 2021364909333.7307
a 5 25 0 1 2185647350797.95
a 5 26 0 1 5356042876389.603
a 5 27 0 1 1742766141491.8586
a 5 28 0 1 1864515523967.2346
a 5 29 0 1 2115083389962.7246
a 5 30 0 1 5047921928646.322
a 5 31 0 1 4839842470849.455
a 5 32 0 1 3200922422664.658
a 5 33 0 1 2039848563910.2983
a 5 34 0 1 1805965553238.0503
a 5 35 0 1 3784695261338.3003
a 5 36 0 1 2745352916159.1973
a 5 37 0 1 2645147615652.2285
a 5 38 0 1 2264098698215.575
a 5 39 0 1 2032867378387.677
a 5 40 0 1 3822131094539.6875
a 5 41 0 1 3853112830515.861
a 5 42 0 1 1363514339037.128
a 5 43 0 1 3897124126978.74
a 5 44 0 1 3303114441551.5225
a 5 45 0 1 4569707893826.59
a 5 46 0 1 5453707980202.093
a 5 47 0 1 1590696062121.8142
a 5 48 0 1 1846809177396.8872
a 5 49 0 1 5169301447729.441
a 5 50 0 1 2358667267936.1426
a 5 51 0 1 3828918216393.093
a 5 52 0 1 2327380228257.719
a 5 53 0 1 1663585655732.3245
a 5 54 0 1 2736583399437.8755
a 5 55 0 1 1607156185708.1191
a 5 56 0 1 1732136912991.4836
a 5 57 0 1 3082397139195.4634
a 5 58 0 1 2340327856528.784
a 5 59 0 1 5134736709199.072
a 5 60 0 1 2956034277882.3955
a 5 61 0 1 3535109150929.967
a 5 62 0 1 5483148860832.798
a 5 63 0 1 2163509404380.3435
a 5 64 0 1 2611996402408.21
a 5 65 0 1 2554274607038.898
a 5 66 0 1 1651760328968.2876
a 5 67 0 1 2631736116978.157
a 5 68 0 1 4899667029947.759
a 5 69 0 1 3019198018447.79
a 5 70 0 1 2047532719945.1138
a 5 71 0 1 4774083316642.938
a 5 72 0 1 1909960925856.0918
a 5 73 0 1 2830056859228.2964
a 5 74 0 1 4526824635065.489
a 5 75 0 1 2902536341982.4727
a 5 76 0 1 1757734460196.5552
a 5 77 0 1 4966118272482.605
a 5 78 0 1 2704983476144.293
a 5 79 0 1 2306668144021.462
a 5 80 0 1 1363579550594.2107
a 6 9 0 1 3114694396541.5757
a 6 10 0 1 3509675547536.324
a 6 11 0 1 3130192665711.075
a 6 12 0 1 6401893136346.583
a 6 13 0 1 1980508375956.584
a 6 14 0 1 2505526353336.8726
a 6 15 0 1 4829787332365.738
a 6 16 0 1 6349994608772.605
a 6 17 0 1 3642552974244.762
a 6 18 0 1 4553774316356.419
a 6 19 0 1 2367394119498.84
a 6 20 0 1 2180922434474.9731
a 6 21 0 1 2053945031418.9565
a 6 22 0 1 2869214014748.761
a 6 23 0 1 6902516409630.566
a 6 24 0 1 2546464950575.9414
a 6 25 0 1 2753437391268.1475
a 6 26 0 1 6748082117692.886
a 6 27 0 1 2195474896731.7278
a 6 28 0 1 2348858998647.9595
a 6 29 0 1 2664536617590.117
a 6 30 0 1 6359821670840.276
a 6 31 0 1 6097626662217.526
a 6 32 0 1 4032584292789.286
a 6 33 0 1 2569751617001.089
a 6 34 0 1 2275095571896.9077
a 6 35 0 1 4768115945260.025
a 6 36 0 1 3458601833819.639
a 6 37 0 1 3332352979521.3735
a 6 38 0 1 2852275615377.271
a 6 39 0 1 2560956354474.8013
a 6 40 0 1 4815284553314.4375
a 6 41 0 1 4854321172212.13
a 6 42 0 1 1717687460309.4883
a 6 43 0 1 4909775006853.781
a 6 44 0 1 4161340507842.983
a 6 45 0 1 5757242635903.573
a 6 46 0 1 6871150535778.938
a 6 47 0 1 2003893296706.815
a 6 48 0 1 2326551858647.1514
a 6 49 0 1 6512770060556.253
a 6 50 0 1 2971420004610.6494
a 6 51 0 1 4823836239944.997
a 6 52 0 1 2932002232911.615
a 6 53 0 1 2095721169433.0225
a 6 54 0 1 3447553072303.136
a 6 55 0 1 2024630078290.4365
a 6 56 0 1 2182083878410.3071
a 6 57 0 1 3883250066386.7354
a 6 58 0 1 2948314622336.5044
a 6 59 0 1 6469215473407.961
a 6 60 0 1 3724042163240.8647
a 6 61 0 1 4453643759825.501
a 6 62 0 1 6908249317800.984
a 6 63 0 1 2725546618241.85
a 6 64 0 1 3290585867712.922
a 6 65 0 1 3217862552643.5596
a 6 66 0 1 2080823342036.9397
a 6 67 0 1 3315455863528.235
a 6 68 0 1 6173009553570.591
a 6 69 0 1 3803623676091.548
a 6 70 0 1 2579432522780.803
a 6 71 0 1 6014766101063.1875
a 6 72 0 1 2406112981194.3467
a 6 73 0 1 3565321088005.7646
a 6 74 0 1 5703207940880.156
a 6 75 0 1 3656639065001.7593
a 6 76 0 1 2214332444435.5024
a 6 77 0 1 6256742819829.646
a 6 78 0 1 3407740206242.421
a 6 79 0 1 2905907628051.954
a 6 80 0 1 1717769613932.2434
a 7 9 0 1 5028503162703.397
a 7 10 0 1 5666336926407.424
a 7 11 0 1 5053529809660.432
a 7 12 0 1 10337910515994.951
a 7 13 0 1 3197165521454.56
a 7 14 0 1 4044860448655.606
a 7 15 0 1 7798373146016.923
a 7 16 0 1 10254066002024.41
a 7 17 0 1 5880921536358.167
a 7 18 0 1 7352567522919.401
a 7 19 0 1 3821825801218.5723
a 7 20 0 1 3520746971963.69
a 7 21 0 1 3315732682772.5347
a 7 22 0 1 4632108100735.577
a 7 23 0 1 11146722647825.988
a 7 24 0 1 4110962625188.359
a 7 25 0 1 4445159929565.971
a 7 26 0 1 10897210888455.992
a 7 27 0 1 3544243220198.251
a 7 28 0 1 3791898475790.8027
a 7 29 0 1 4301611121438.466
a 7 30 0 1 10269942035982.94
a 7 31 0 1 9846362497239.291
a 7 32 0 1 6510808936646.76
a 7 33 0 1 4148562993419.166
a 7 34 0 1 3672798758173.074
a 7 35 0 1 7698762377949.277
a 7 36 0 1 5583858732117.239
a 7 37 0 1 5379983860508.921
a 7 38 0 1 4604756940882.547
a 7 39 0 1 4134361499620.116
a 7 40 0 1 7774948380426.106
a 7 41 0 1 7838000105398.314
a 7 42 0 1 2772838073976.4463
a 7 43 0 1 7927569423372.647
a 7 44 0 1 6718753511330.314
a 7 45 0 1 9296491035112.727
a 7 46 0 1 11096045932577.387
a 7 47 0 1 3234921514488.966
a 7 48 0 1 3755880846655.2095
a 7 49 0 1 10517039471992.994
a 7 50 0 1 4797145887256.595
a 7 51 0 1 7788760986242.578
a 7 52 0 1 4733495501312.576
a 7 53 0 1 3383182901490.41
a 7 54 0 1 5566016326989.482
a 7 55 0 1 3268402073756.1885
a 7 56 0 1 3522622225007.9204
a 7 57 0 1 6269635097085.268
a 7 58 0 1 4759836112155.744
a 7 59 0 1 10446673839069.98
a 7 60 0 1 6012520948275.342
a 7 61 0 1 7190844801731.176
a 7 62 0 1 11155985125901.11
a 7 63 0 1 4400124275242.083
a 7 64 0 1 5312536410559.533
a 7 65 0 1 5195100413924.546
a 7 66 0 1 3359129370573.819
a 7 67 0 1 5352697573709.974
a 7 68 0 1 9968142953002.096
a 7 69 0 1 6141041060537.137
a 7 70 0 1 4164194534004.534
a 7 71 0 1 9712503426934.664
a 7 72 0 1 3884342613385.0635
a 7 73 0 1 5756198775836.174
a 7 74 0 1 9209203430130.121
a 7 75 0 1 5903669491478.935
a 7 76 0 1 3574690484830.557
a 7 77 0 1 10103414897610.191
a 7 78 0 1 5501723625331.404
a 7 79 0 1 4691359076611.905
a 7 80 0 1 2772970709497.6025
a 8 9 0 1 3134671524096.0635
a 8 10 0 1 3532187048320.257
a 8 11 0 1 3150269232622.0376
a 8 12 0 1 6442969450469.017
a 8 13 0 1 1993209355187.663
a 8 14 0 1 2521595244862.133
a 8 15 0 1 4860770935929.794
a 8 16 0 1 6390737682546.965
a 8 17 0 1 3665917127336.6387
a 8 18 0 1 4582986332414.919
a 8 19 0 1 2382576873551.6074
a 8 20 0 1 2194908991751.678
a 8 21 0 1 2067117071231.822
a 8 22 0 1 2887616148815.7036
a 8 23 0 1 6946807430656.592
a 8 24 0 1 2562796474339.7495
a 8 25 0 1 2771096737686.1016
a 8 26 0 1 6791381413153.268
a 8 27 0 1 2209554804704.592
a 8 28 0 1 2363922849484.1274
a 8 29 0 1 2681625617174.2627
a 8 30 0 1 6400627843853.82
a 8 31 0 1 6136749339006.68
a 8 32 0 1 4058451363513.8145
a 8 33 0 1 2586232532177.8057
a 8 34 0 1 2289686233751.36
a 8 35 0 1 4798703701650.651
a 8 36 0 1 3480785610076.5244
a 8 37 0 1 3353726671824.7134
a 8 38 0 1 2870569076574.277
a 8 39 0 1 2577380845133.404
a 8 40 0 1 4846175068077.467
a 8 41 0 1 4885462251529.493
a 8 42 0 1 1728702636325.357
a 8 43 0 1 4941272031893.74
a 8 44 0 1 4188033885477.6484
a 8 45 0 1 5794179934646.186
a 8 46 0 1 6915240132741.153
a 8 47 0 1 2016744278010.1375
a 8 48 0 1 2341472609356.0483
a 8 49 0 1 6554558328629.721
a 8 50 0 1 2990477877824.2534
a 8 51 0 1 4854781645271.255
a 8 52 0 1 2950807205447.867
a 8 53 0 1 2109161186517.6843
a 8 54 0 1 3469665952519.181
a 8 55 0 1 2037614075914.2148
a 8 56 0 1 2196077886070.8657
a 8 57 0 1 3908158799473.6245
a 8 58 0 1 2967224253333.495
a 8 59 0 1 6510724070102.441
a 8 60 0 1 3747929231870.3696
a 8 61 0 1 4482213116655.234
a 8 62 0 1 6952577154336.084
a 8 63 0 1 2743027028910.4414
a 8 64 0 1 3311691563854.03
a 8 65 0 1 3238501630197.003
a 8 66 0 1 2094167795199.9531
a 8 67 0 1 3336721136190.6895
a 8 68 0 1 6212616236774.172
a 8 69 0 1 3828021428245.122
a 8 70 0 1 2595975544299.6426
a 8 71 0 1 6053356769765.664
a 8 72 0 1 2421544119263.3477
a 8 73 0 1 3588189653756.2188
a 8 74 0 1 5739798334860.18
a 8 75 0 1 3680093607731.197
a 8 76 0 1 2228533319706.171
a 8 77 0 1 6296887134110.982
a 8 78 0 1 3429597622720.009
a 8 79 0 1 2924545181353.5273
a 8 80 0 1 1728785316887.7651
a 9 1 0 1 0
a 10 1 0 1 0
a 11 1 0 1 0
a 12 1 0 1 0
a 13 1 0 1 0
a 14 1 0 1 0
a 15 1 0 1 0
a 16 1 0 1 0
a 17 1 0 1 0
a 18 1 0 1 0
a 19 1 0 1 0
a 20 1 0 1 0
a 21 1 0 1 0
a 22 1 0 1 0
a 23 1 0 1 0
a 24 1 0 1 0
a 25 1 0 1 0
a 26 1 0 1 0
a 27 1 0 1 0
a 28 1 0 1 0
a 29 1 0 1 0
a 30 1 0 1 0
a 31 1 0 1 0
a 32 1 0 1 0
a 33 1 0 1 0
a 34 1 0 1 0
a 35 1 0 1 0
a 36 1 0 1 0
a 37 1 0 1 0
a 38 1 0 1 0
a 39 1 0 1 0
a 40 1 0 1 0
a 41 1 0 1 0
a 42 1 0 1 0
a 43 1 0 1 0
a 44 1 0 1 0
a 45 1 0 1 0
a 46 1 0 1 0
a 47 1 0 1 0
a 48 1 0 1 0
a 49 1 0 1 0
a 50 1 0 1 0
a 51 1 0 1 0
a 52 1 0 1 0
a 53 1 0 1 0
a 54 1 0 1 0
a 55 1 0 1 0
a 56 1 0 1 0
a 57 1 0 1 0
a 58 1 0 1 0
a 59 1 0 1 0
a 60 1 0 1 0
a 61 1 0 1 0
a 62 1 0 1 0
a 63 1 0 1 0
a 64 1 0 1 0
a 65 1 0 1 0
a 66 1 0 1 0
a 67 1 0 1 0
a 68 1 0 1 0
a 69 1 0 1 0
a 70 1 0 1 0
a 71 1 0 1 0
a 72 1 0 1 0
a 73 1 0 1 0
a 74 1 0 1 0
a 75 1 0 1 0
a 76 1 0 1 0
a 77 1 0 1 0
a 78 1 0 1 0
a 79 1 0 1 0
a 80 1 0 1 0
