p min 80 575
n 0 7
n 1 -7
a 0 2 0 1 0
a 0 3 0 1 0
a 0 4 0 1 0
a 0 5 0 1 0
a 0 6 0 1 0
a 0 7 0 1 0
a 0 8 0 1 0
a 2 9 0 1 19242185035602.23
a 2 10 0 1 7011568506025.373
a 2 11 0 1 20695845621623.83
a 2 12 0 1 19569366129598.14
a 2 13 0 1 16509622629906.473
a 2 14 0 1 10298591882375.816
a 2 15 0 1 13206457529669.01
a 2 16 0 1 19564925044536.492
a 2 17 0 1 6862950958852.125
a 2 18 0 1 14539867163485.516
a 2 19 0 1 14076283446722.717
a 2 20 0 1 15642854604209.674
a 2 21 0 1 9851672888377.262
a 2 22 0 1 16440028287055.02
a 2 23 0 1 17618726248571.07
a 2 24 0 1 20623234318253.28
a 2 25 0 1 8439872603403.245
a 2 26 0 1 6258397474989.566
a 2 27 0 1 6673267822182.908
a 2 28 0 1 7317495285190.911
a 2 29 0 1 10000041282663.834
a 2 30 0 1 11711459722437.11
a 2 31 0 1 10485606511682.781
a 2 32 0 1 18733091839157.098
a 2 33 0 1 13577068297140.852
a 2 34 0 1 19599419651752.938
a 2 35 0 1 19905976347595.727
a 2 36 0 1 16122745732913.691
a 2 37 0 1 14062521753703.182
a 2 38 0 1 7547361282705.296
a 2 39 0 1 13931515947986.746
a 2 40 0 1 10231882260056.838
a 2 41 0 1 15306885563009.44
a 2 42 0 1 14053232454140.318
a 2 43 0 1 18879395226305.477
a 2 44 0 1 13049471683673.627
a 2 45 0 1 7007789697893.388
a 2 46 0 1 20791654719878.04
a 2 47 0 1 19638910811732.184
a 2 48 0 1 6274502981428.644
a 2 49 0 1 5269474970146.004
a 2 50 0 1 19578439717093.35
a 2 51 0 1 19176525781742.957
a 2 52 0 1 5691287728528.756
a 2 53 0 1 12668336765853.033
a 2 54 0 1 14068095098977.742
a 2 55 0 1 17359913957719.988
a 2 56 0 1 12638296848549.318
a 2 57 0 1 5763596780473.758
a 2 58 0 1 10049931541701.146
a 2 59 0 1 20827244257436.305
a 2 60 0 1 4627767566388.445
a 2 61 0 1 12143256949464.904
a 2 62 0 1 14392418108194.506
a 2 63 0 1 9540213517373.53
a 2 64 0 1 15919116563047.615
a 2 65 0 1 14456556697291.682
a 2 66 0 1 5523875032606.517
a 2 67 0 1 9958770809016.523
a 2 68 0 1 5109714018628.738
a 2 69 0 1 10176530251696.096
a 2 70 0 1 15928241850194.662
a 2 71 0 1 12362795507187.73
a 2 72 0 1 14301963789284.137
a 2 73 0 1 4332226071630.4946
a 2 74 0 1 4891289875190.343
a 2 75 0 1 6086064090777.523
a 2 76 0 1 10952591214544.682
a 2 77 0 1 5616542069335.774
a 2 78 0 1 12552178228856.031
a 2 79 0 1 14098253404561.775
a 3 9 0 1 7638892493339.041
a 3 10 0 1 2785863368977.2993
a 3 11 0 1 8215147476906.214
a 3 12 0 1 7768602617276.895
a 3 13 0 1 6555344646746.202
a 3 14 0 1 4090942997010.5703
a 3 15 0 1 5244985394778.141
a 3 16 0 1 7766841999730.235
a 3 17 0 1 2726842190689.484
a 3 18 0 1 5774018805877.318
a 3 19 0 1 5590101986137.69
a 3 20 0 1 6211557622475.974
a 3 21 0 1 3913533281265.6274
a 3 22 0 1 6527742905072.459
a 3 23 0 1 6995189089581.277
a 3 24 0 1 8186365923448.838
a 3 25 0 1 3353030341783.5537
a 3 26 0 1 2486740500636.2607
a 3 27 0 1 2651510674900.4336
a 3 28 0 1 2907353661837.4043
a 3 29 0 1 3972431069458.083
a 3 30 0 1 4651724976092.862
a 3 31 0 1 4165177371539.039
a 3 32 0 1 7437052044379.316
a 3 33 0 1 5392035921531.293
a 3 34 0 1 7780516964986.359
a 3 35 0 1 7902044738576.629
a 3 36 0 1 6401902411383.67
a 3 37 0 1 5584642150868.877
a 3 38 0 1 2998635140650.8955
a 3 39 0 1 5532666183293.756
a 3 40 0 1 4064462532123.1523
a 3 41 0 1 6078290769485.834
a 3 42 0 1 5580956693962.954
a 3 43 0 1 7495058487886.766
a 3 44 0 1 5182694443669.708
a 3 45 0 1 2784362688401.2686
a 3 46 0 1 8253123691079.599
a 3 47 0 1 7796172672002.969
a 3 48 0 1 2493137150974.69
a 3 49 0 1 2093941134527.5696
a 3 50 0 1 7772199734228.48
a 3 51 0 1 7612861336301.968
a 3 52 0 1 2261491477803.2363
a 3 53 0 1 5031456963527.869
a 3 54 0 1 5586853329708.217
a 3 55 0 1 6892556277381.2
a 3 56 0 1 5019536536113.742
a 3 57 0 1 2290212730977.989
a 3 58 0 1 3992235728517.763
a 3 59 0 1 8267230321696.567
a 3 60 0 1 1839026532522.8074
a 3 61 0 1 4823087847514.606
a 3 62 0 1 5715522864565.43
a 3 63 0 1 3789889335520.75
a 3 64 0 1 6321136159991.357
a 3 65 0 1 5740968052028.728
a 3 66 0 1 2194993822404.4014
a 3 67 0 1 3956048055045.7905
a 3 68 0 1 2030479131295.8809
a 3 69 0 1 4042490299566.1973
a 3 70 0 1 6324755608001.179
a 3 71 0 1 4910209889477.132
a 3 72 0 1 5679637263602.214
a 3 73 0 1 1721616725329.5803
a 3 74 0 1 1943712012291.4915
a 3 75 0 1 2418293673357.9395
a 3 76 0 1 4350535829263.142
a 3 77 0 1 2231802097941.186
a 3 78 0 1 4985362705824.102
a 3 79 0 1 5598818359393.039
a 4 9 0 1 23649897204032.207
a 4 10 0 1 8614895038924.698
a 4 11 0 1 25437516978088.363
a 4 12 0 1 24052231816063.934
a 4 13 0 1 20289936847238.547
a 4 14 0 1 12654653724691.174
a 4 15 0 1 16229010751086.238
a 4 16 0 1 24046770566870.88
a 4 17 0 1 8432260300194.512
a 4 18 0 1 17868225299370.5
a 4 19 0 1 17298309943503.215
a 4 20 0 1 19224259744945.695
a 4 21 0 1 12105348201441.96
a 4 22 0 1 20204369939457.836
a 4 23 0 1 21653632792792.27
a 4 24 0 1 25348220931473.695
a 4 25 0 1 10370197776805.723
a 4 26 0 1 7689344820696.033
a 4 27 0 1 8199162513703.9
a 4 28 0 1 8990850151422.783
a 4 29 0 1 12287705491682.203
a 4 30 0 1 14391286526539.232
a 4 31 0 1 12884516155934.338
a 4 32 0 1 23023879112009.89
a 4 33 0 1 16684606018310.504
a 4 34 0 1 24089188983307.145
a 4 35 0 1 24466168689045.24
a 4 36 0 1 19814272003071.836
a 4 37 0 1 17281391960774.688
a 4 38 0 1 9273337737160.62
a 4 39 0 1 17120340156806.15
a 4 40 0 1 12572660495571.414
a 4 41 0 1 18811204431973.863
a 4 42 0 1 17269972136650.785
a 4 43 0 1 23203782692195.977
a 4 44 0 1 16036029276810.176
a 4 45 0 1 8610251278594.135
a 4 46 0 1 25555341771552.254
a 4 47 0 1 24137751813339.895
a 4 48 0 1 7709136029983.562
a 4 49 0 1 6474142173133.367
a 4 50 0 1 24063389706402.99
a 4 51 0 1 23569156854175.137
a 4 52 0 1 6992464205942.365
a 4 53 0 1 15567509754632.12
a 4 54 0 1 17288243569699.14
a 4 55 0 1 21335403551594.758
a 4 56 0 1 15530582844258.465
a 4 57 0 1 7081318470985.157
a 4 58 0 1 12349025155237.746
a 4 59 0 1 25599109478018.97
a 4 60 0 1 5685636462070.369
a 4 61 0 1 14922057845280.088
a 4 62 0 1 17686954518467.29
a 4 63 0 1 11722542965823.043
a 4 64 0 1 19563914003055.117
a 4 65 0 1 17765804983325.164
a 4 66 0 1 6786746695899.709
a 4 67 0 1 12236980449898.12
a 4 68 0 1 6277831485503.565
a 4 69 0 1 12504627202413.21
a 4 70 0 1 19575133303813.863
a 4 71 0 1 15191922414713.623
a 4 72 0 1 17575752571595.076
a 4 73 0 1 5322495249860.648
a 4 74 0 1 6009439451769.855
a 4 75 0 1 7477574445502.88
a 4 76 0 1 13458503824360.379
a 4 77 0 1 6900616163319.63
a 4 78 0 1 15424720875041.186
a 4 79 0 1 17325318809161.525
a 5 9 0 1 30608810160846.03
a 5 10 0 1 11144125933789.861
a 5 11 0 1 32924428851059.4
a 5 12 0 1 31129955471701.87
a 5 13 0 1 26257199201930.11
a 5 14 0 1 16372147327578.043
a 5 15 0 1 20999066429818.45
a 5 16 0 1 31122881402689.457
a 5 17 0 1 10907804434386.652
a 5 18 0 1 23121365407895.05
a 5 19 0 1 22383466478056.027
a 5 20 0 1 24877208210757.195
a 5 21 0 1 15661183935558.025
a 5 22 0 1 26146391254821.035
a 5 23 0 1 28023253285586.613
a 5 24 0 1 32808751266653.324
a 5 25 0 1 13415561203543.707
a 5 26 0 1 9946533854301.473
a 5 27 0 1 10606190164380.852
a 5 28 0 1 11630604881828.83
a 5 29 0 1 15897205130026.754
a 5 30 0 1 18620036612148.305
a 5 31 0 1 16669664977606.566
a 5 32 0 1 29797955269554.65
a 5 33 0 1 21588904131346.156
a 5 34 0 1 31177826923706.914
a 5 35 0 1 31666144109117.707
a 5 36 0 1 25641228051247.527
a 5 37 0 1 22361562325746.062
a 5 38 0 1 11996146729057.654
a 5 39 0 1 22153045625031.01
a 5 40 0 1 16266022220783.537
a 5 41 0 1 24342352023094.652
a 5 42 0 1 22346776796617.035
a 5 43 0 1 30030973272851.062
a 5 44 0 1 20749227914958.27
a 5 45 0 1 11138117071386.436
a 5 46 0 1 33077064763062.18
a 5 47 0 1 31240731635305.527
a 5 48 0 1 9972141399513.725
a 5 49 0 1 8374267289930.52
a 5 50 0 1 31144408525957.844
a 5 51 0 1 30504228644797.652
a 5 52 0 1 9044872469934.451
a 5 53 0 1 20142684744131.293
a 5 54 0 1 22370433279014.4
a 5 55 0 1 27611115952106.918
a 5 56 0 1 20094880159060.26
a 5 57 0 1 9159834502122.08
a 5 58 0 1 15976570532441.943
a 5 59 0 1 33133763869561.387
a 5 60 0 1 7354143486408.378
a 5 61 0 1 19307117303912.54
a 5 62 0 1 22886661643608.145
a 5 63 0 1 15165736679586.32
a 5 64 0 1 25317030235749.562
a 5 65 0 1 22988754416095.777
a 5 66 0 1 8778712287949.369
a 5 67 0 1 15831552485548.955
a 5 68 0 1 8120286610684.805
a 5 69 0 1 16177966123021.96
a 5 70 0 1 25331558404460.05
a 5 71 0 1 19656465059001.69
a 5 72 0 1 22742682253482.285
a 5 73 0 1 6884350353757.335
a 5 74 0 1 7773054778640.745
a 5 75 0 1 9672529527831.12
a 5 76 0 1 17412614199009.812
a 5 77 0 1 8926037734393.506
a 5 78 0 1 19957834764367.887
a 5 79 0 1 22418435611101.348
a 6 9 0 1 24275954121890.19
a 6 10 0 1 8842542293070.316
a 6 11 0 1 26111037939101.152
a 6 12 0 1 24688969585238.375
a 6 13 0 1 20826835926594.87
a 6 14 0 1 12989210714110.807
a 6 15 0 1 16658246060407.04
a 6 16 0 1 24683363348453.31
a 6 17 0 1 8655076649349.981
a 6 18 0 1 18340907227902.766
a 6 19 0 1 17755884621684.457
a 6 20 0 1 19732895460448.133
a 6 21 0 1 12425362160115.46
a 6 22 0 1 20738999392506.434
a 6 23 0 1 22226709530726.0
a 6 24 0 1 26019370469747.312
a 6 25 0 1 10644285500491.168
a 6 26 0 1 7892512325386.525
a 6 27 0 1 8415813453442.316
a 6 28 0 1 9228442519708.225
a 6 29 0 1 12612547205697.646
a 6 30 0 1 14771833820180.277
a 6 31 0 1 13225159383503.791
a 6 32 0 1 23633319031543.316
a 6 33 0 1 17125914979232.943
a 6 34 0 1 24726907912170.332
a 6 35 0 1 25113896377066.438
a 6 36 0 1 20338554853769.504
a 6 37 0 1 17738518210127.39
a 6 38 0 1 9518403311153.94
a 6 39 0 1 17573197649415.23
a 6 40 0 1 12905046569434.64
a 6 41 0 1 19308887211994.227
a 6 42 0 1 17726795692633.266
a 6 43 0 1 23817997713142.3
a 6 44 0 1 16460150809347.268
a 6 45 0 1 8837775697198.902
a 6 46 0 1 26231991865877.758
a 6 47 0 1 24776760028594.414
a 6 48 0 1 7912826933598.508
a 6 49 0 1 6645177081327.754
a 6 50 0 1 24700423700630.957
a 6 51 0 1 24193070465412.3
a 6 52 0 1 7177203545400.899
a 6 53 0 1 15979217054298.402
a 6 54 0 1 17745551427896.156
a 6 55 0 1 21900036903449.082
a 6 56 0 1 15941311760184.617
a 6 57 0 1 7268407285221.166
a 6 58 0 1 12675490302339.518
a 6 59 0 1 26276921955913.0
a 6 60 0 1 5835826503600.304
a 6 61 0 1 15316665034639.957
a 6 62 0 1 18154831121397.465
a 6 63 0 1 12032423155833.818
a 6 64 0 1 20081557088785.242
a 6 65 0 1 18235771815962.03
a 6 66 0 1 6966046664763.81
a 6 67 0 1 12560479240356.943
a 6 68 0 1 6443676378680.832
a 6 69 0 1 12835212006616.113
a 6 70 0 1 20093073929124.926
a 6 71 0 1 15593678872682.963
a 6 72 0 1 18040681412676.418
a 6 73 0 1 5463086629098.452
a 6 74 0 1 6168189050187.937
a 6 75 0 1 7675141617643.826
a 6 76 0 1 13814346393161.248
a 6 77 0 1 7082926918722.703
a 6 78 0 1 15832645010374.338
a 6 79 0 1 17783609389295.207
a 7 9 0 1 12373759386181.023
a 7 10 0 1 4511081547770.434
a 7 11 0 1 13307746067694.73
a 7 12 0 1 12583985180949.78
a 7 13 0 1 10617767227342.117
a 7 14 0 1 6624982269299.692
a 7 15 0 1 8494568753564.499
a 7 16 0 1 12581131659603.7
a 7 17 0 1 4415491388534.81
a 7 18 0 1 9351723197306.55
a 7 19 0 1 9053728777683.373
a 7 20 0 1 10060684523988.74
a 7 21 0 1 6337600031941.899
a 7 22 0 1 10573039535285.385
a 7 23 0 1 11330544123584.186
a 7 24 0 1 13261095469872.28
a 7 25 0 1 5429701012195.418
a 7 26 0 1 4026633189620.569
a 7 27 0 1 4293486325478.264
a 7 28 0 1 4707848645928.903
a 7 29 0 1 6433006503445.34
a 7 30 0 1 7533428969892.903
a 7 31 0 1 6745235118419.879
a 7 32 0 1 12046637168092.604
a 7 33 0 1 8732817552001.284
a 7 34 0 1 12603295381966.06
a 7 35 0 1 12800263623523.945
a 7 36 0 1 10369121491868.535
a 7 37 0 1 9044882504451.09
a 7 38 0 1 4855691439817.566
a 7 39 0 1 8960669025042.791
a 7 40 0 1 6582086663590.344
a 7 41 0 1 9844742316123.436
a 7 42 0 1 9038911163579.82
a 7 43 0 1 12140647073082.434
a 7 44 0 1 8393647507242.624
a 7 45 0 1 4508651049294.572
a 7 46 0 1 13369300130456.455
a 7 47 0 1 12628669447973.646
a 7 48 0 1 4036992752126.017
a 7 49 0 1 3390501227632.2036
a 7 50 0 1 12589815211415.531
a 7 51 0 1 12331570236996.957
a 7 52 0 1 3661841829324.1313
a 7 53 0 1 8148622475077.099
a 7 54 0 1 9048465156065.135
a 7 55 0 1 11164221550052.139
a 7 56 0 1 8129310006470.83
a 7 57 0 1 3708355319266.2627
a 7 58 0 1 6465087559640.499
a 7 59 0 1 13392165065203.504
a 7 60 0 1 2977690389645.996
a 7 61 0 1 7811045185701.831
a 7 62 0 1 9256943284134.256
a 7 63 0 1 6137316128590.956
a 7 64 0 1 10238245869745.957
a 7 65 0 1 9298171562749.33
a 7 66 0 1 3554150949607.709
a 7 67 0 1 6406468149663.631
a 7 68 0 1 3287728925819.9966
a 7 69 0 1 6546494049594.15
a 7 70 0 1 10244110880089.484
a 7 71 0 1 7952189750498.932
a 7 72 0 1 9198798887394.62
a 7 73 0 1 2787561014228.2676
a 7 74 0 1 3147217114748.5986
a 7 75 0 1 3915782140593.044
a 7 76 0 1 7045504310048.358
a 7 77 0 1 3613760678047.6436
a 7 78 0 1 8073944638280.081
a 7 79 0 1 9067851456058.824
a 8 9 0 1 9494520940389.74
a 8 10 0 1 3462131265744.2764
a 8 11 0 1 10210923571339.807
a 8 12 0 1 9655775098468.018
a 8 13 0 1 8147512272660.2
a 8 14 0 1 5084204260024.501
a 8 15 0 1 6518652949144.42
a 8 16 0 1 9653586310818.646
a 8 17 0 1 3388777115015.533
a 8 18 0 1 7176260519059.478
a 8 19 0 1 6947643085297.508
a 8 20 0 1 7720151725558.19
a 8 21 0 1 4863696194642.5205
a 8 22 0 1 8113200332486.65
a 8 23 0 1 8694293481197.239
a 8 24 0 1 10175141673928.568
a 8 25 0 1 4167043997790.983
a 8 26 0 1 3090370529711.6426
a 8 27 0 1 3295152101630.027
a 8 28 0 1 3613125578130.637
a 8 29 0 1 4936901848724.172
a 8 30 0 1 5781232052518.338
a 8 31 0 1 5176473127343.205
a 8 32 0 1 9243597507806.113
a 8 33 0 1 6701440092607.425
a 8 34 0 1 9670586939430.873
a 8 35 0 1 9821670055723.912
a 8 36 0 1 7956767705931.945
a 8 37 0 1 6940856283986.432
a 8 38 0 1 3726575515554.353
a 8 39 0 1 6876248107975.9
a 8 40 0 1 5051290725910.295
a 8 41 0 1 7554490339879.702
a 8 42 0 1 6936275109622.357
a 8 43 0 1 9315709502107.568
a 8 44 0 1 6441224336139.198
a 8 45 0 1 3460266150045.3125
a 8 46 0 1 10258136573301.414
a 8 47 0 1 9690050029409.312
a 8 48 0 1 3098320453401.0347
a 8 49 0 1 2602194692062.366
a 8 50 0 1 9660247010242.35
a 8 51 0 1 9462159441681.846
a 8 52 0 1 2810426988741.2144
a 8 53 0 1 6253234938690.774
a 8 54 0 1 6943604870590.847
a 8 55 0 1 8566706958973.394
a 8 56 0 1 6238417819708.609
a 8 57 0 1 2846122083176.5654
a 8 58 0 1 4961517649352.942
a 8 59 0 1 10275674323307.604
a 8 60 0 1 2285389455189.698
a 8 61 0 1 5994233066617.195
a 8 62 0 1 7103547001390.0625
a 8 63 0 1 4710016574582.355
a 8 64 0 1 7856367561163.204
a 8 65 0 1 7135176672364.355
a 8 66 0 1 2727783179413.196
a 8 67 0 1 4916538932751.694
a 8 68 0 1 2523324347241.6157
a 8 69 0 1 5023980674939.241
a 8 70 0 1 7860866870136.498
a 8 71 0 1 6102525004786.576
a 8 72 0 1 7058939438372.339
a 8 73 0 1 2139475276922.5015
a 8 74 0 1 2415490942854.934
a 8 75 0 1 3005303207560.5063
a 8 76 0 1 5406864226237.079
a 8 77 0 1 2773528755888.599
a 8 78 0 1 6195939724005.276
a 8 79 0 1 6958477902467.507
a 9 1 0 1 0
a 10 1 0 1 0
a 11 1 0 1 0
a 12 1 0 1 0
a 13 1 0 1 0
a 14 1 0 1 0
a 15 1 0 1 0
a 16 1 0 1 0
a 17 1 0 1 0
a 18 1 0 1 0
a 19 1 0 1 0
a 20 1 0 1 0
a 21 1 0 1 0
a 22 1 0 1 0
a 23 1 0 1 0
a 24 1 0 1 0
a 25 1 0 1 0
a 26 1 0 1 0
a 27 1 0 1 0
a 28 1 0 1 0
a 29 1 0 1 0
a 30 1 0 1 0
a 31 1 0 1 0
a 32 1 0 1 0
a 33 1 0 1 0
a 34 1 0 1 0
a 35 1 0 1 0
a 36 1 0 1 0
a 37 1 0 1 0
a 38 1 0 1 0
a 39 1 0 1 0
a 40 1 0 1 0
a 41 1 0 1 0
a 42 1 0 1 0
a 43 1 0 1 0
a 44 1 0 1 0
a 45 1 0 1 0
a 46 1 0 1 0
a 47 1 0 1 0
a 48 1 0 1 0
a 49 1 0 1 0
a 50 1 0 1 0
a 51 1 0 1 0
a 52 1 0 1 0
a 53 1 0 1 0
a 54 1 0 1 0
a 55 1 0 1 0
a 56 1 0 1 0
a 57 1 0 1 0
a 58 1 0 1 0
a 59 1 0 1 0
a 60 1 0 1 0
a 61 1 0 1 0
a 62 1 0 1 0
a 63 1 0 1 0
a 64 1 0 1 0
a 65 1 0 1 0
a 66 1 0 1 0
a 67 1 0 1 0
a 68 1 0 1 0
a 69 1 0 1 0
a 70 1 0 1 0
a 71 1 0 1 0
a 72 1 0 1 0
a 73 1 0 1 0
a 74 1 0 1 0
a 75 1 0 1 0
a 76 1 0 1 0
a 77 1 0 1 0
a 78 1 0 1 0
a 79 1 0 1 0
