p min 82 780
n 0 10
n 1 -10
a 0 2 0 1 0
a 0 3 0 1 0
a 0 4 0 1 0
a 0 5 0 1 0
a 0 6 0 1 0
a 0 7 0 1 0
a 0 8 0 1 0
a 0 9 0 1 0
a 0 10 0 1 0
a 0 11 0 1 0
a 2 12 0 1 17461340821329.559
a 2 13 0 1 27062125398880.934
a 2 14 0 1 23897557250717.195
a 2 15 0 1 9052655343595.037
a 2 16 0 1 22446433622721.3
a 2 17 0 1 20809120203603.227
a 2 18 0 1 28221371631303.766
a 2 19 0 1 11509962542980.62
a 2 20 0 1 27638263947049.207
a 2 21 0 1 23971613285942.594
a 2 22 0 1 19082560419252.68
a 2 23 0 1 25854294073685.637
a 2 24 0 1 19336272343170.79
a 2 25 0 1 9579886417059.162
a 2 26 0 1 21518437025866.242
a 2 27 0 1 21998926786142.01
a 2 28 0 1 17925372797044.37
a 2 29 0 1 8836053763886.014
a 2 30 0 1 13457099100545.31
a 2 31 0 1 29184352049357.82
a 2 32 0 1 30402122717873.89
a 2 33 0 1 29939746761977.344
a 2 34 0 1 17525558131189.953
a 2 35 0 1 24806169902746.63
a 2 36 0 1 31105382453109.992
a 2 37 0 1 13408079707546.28
a 2 38 0 1 20704247077793.164
a 2 39 0 1 15788720959544.562
a 2 40 0 1 18830996135164.75
a 2 41 0 1 15789418825163.002
a 2 42 0 1 24843877807745.445
a 2 43 0 1 10908928181587.418
a 2 44 0 1 15036350073687.963
a 2 45 0 1 29429118825485.1
a 2 46 0 1 30731715333733.348
a 2 47 0 1 24933921411433.2
a 2 48 0 1 8233162588941.883
a 2 49 0 1 8285922278153.618
a 2 50 0 1 27483308525174.97
a 2 51 0 1 23400874796588.6
a 2 52 0 1 20866889147428.473
a 2 53 0 1 19840596243749.215
a 2 54 0 1 29689882201490.77
a 2 55 0 1 11188762455536.594
a 2 56 0 1 8615294224588.184
a 2 57 0 1 6918021496629.958
a 2 58 0 1 10685301324850.242
a 2 59 0 1 19625289758344.176
a 2 60 0 1 18780634421864.46
a 2 61 0 1 16707979647024.88
a 2 62 0 1 8971723544893.496
a 2 63 0 1 14524887128532.062
a 2 64 0 1 24524471456246.895
a 2 65 0 1 7835604392472.001
a 2 66 0 1 16291697782860.88
a 2 67 0 1 31882486806958.312
a 2 68 0 1 30088415583387.066
a 2 69 0 1 25213593106739.734
a 2 70 0 1 19985881448238.547
a 2 71 0 1 14800946501476.094
a 2 72 0 1 11878126506542.92
a 2 73 0 1 19267704590756.066
a 2 74 0 1 21287697655459.324
a 2 75 0 1 25702062951862.69
a 2 76 0 1 14917866417369.324
a 2 77 0 1 27277751131472.266
a 2 78 0 1 26889879866206.26
a 2 79 0 1 17399320163109.387
a 2 80 0 1 29176217554504.848
a 2 81 0 1 23151734425788.883
a 3 12 0 1 7360996000591.721
a 3 13 0 1 11401006501185.633
a 3 14 0 1 10069927622354.834
a 3 15 0 1 3818370848029.025
a 3 16 0 1 9459368886135.756
a 3 17 0 1 8770329099416.13
a 3 18 0 1 11888467374510.264
a 3 19 0 1 4854058307331.611
a 3 20 0 1 11643281108478.42
a 3 21 0 1 10101083451857.668
a 3 22 0 1 8043568284262.532
a 3 23 0 1 10893035476388.562
a 3 24 0 1 8150373731603.169
a 3 25 0 1 4040612824086.7866
a 3 26 0 1 9068853345792.213
a 3 27 0 1 9271057015698.982
a 3 28 0 1 7556379647059.009
a 3 29 0 1 3727062975222.85
a 3 30 0 1 5674482119420.483
a 3 31 0 1 12293341506716.309
a 3 32 0 1 12805264794398.934
a 3 33 0 1 12610902182576.113
a 3 34 0 1 7388035832304.803
a 3 35 0 1 10452165277344.764
a 3 36 0 1 13100861407372.031
a 3 37 0 1 5653830464715.203
a 3 38 0 1 8726189626844.11
a 3 39 0 1 6656628354588.429
a 3 40 0 1 7937663364604.237
a 3 41 0 1 6656922269988.91
a 3 42 0 1 10468027340720.42
a 3 43 0 1 4600770159687.95
a 3 44 0 1 6339741432591.495
a 3 45 0 1 12396242612710.186
a 3 46 0 1 12943803780237.91
a 3 47 0 1 10505904416575.21
a 3 48 0 1 3472901786121.4727
a 3 49 0 1 3495144534346.431
a 3 50 0 1 11578121939390.873
a 3 51 0 1 9860962305100.863
a 3 52 0 1 8794642888493.63
a 3 53 0 1 8362668908968.296
a 3 54 0 1 12505865066641.807
a 3 55 0 1 4718700557585.313
a 3 56 0 1 3633999614017.7
a 3 57 0 1 2918406160310.192
a 3 58 0 1 4506524060933.226
a 3 59 0 1 8272037376802.38
a 3 60 0 1 7916461386079.857
a 3 61 0 1 7043762695484.283
a 3 62 0 1 3784254551995.9106
a 3 63 0 1 6124303047542.751
a 3 64 0 1 10333664559643.383
a 3 65 0 1 3305291775954.798
a 3 66 0 1 6868456652406.572
a 3 67 0 1 13427464381110.53
a 3 68 0 1 12673397355575.553
a 3 69 0 1 10623546140785.55
a 3 70 0 1 8423824076325.28
a 3 71 0 1 6240586580794.987
a 3 72 0 1 5009200099725.466
a 3 73 0 1 8121509029586.013
a 3 74 0 1 8971747092941.244
a 3 75 0 1 10829006655932.283
a 3 76 0 1 6289835062260.049
a 3 77 0 1 11491682426861.5
a 3 78 0 1 11328571142531.31
a 3 79 0 1 7334880888090.953
a 3 80 0 1 12289921669040.271
a 3 81 0 1 9756138215240.42
a 4 12 0 1 10025531473028.816
a 4 13 0 1 15530563192860.049
a 4 14 0 1 13716592598999.777
a 4 15 0 1 5199778029779.739
a 4 16 0 1 12884601490638.951
a 4 17 0 1 11945717419399.924
a 4 18 0 1 16194916655542.967
a 4 19 0 1 6610440936686.859
a 4 20 0 1 15860752412792.164
a 4 21 0 1 13759048903621.346
a 4 22 0 1 10955493280070.55
a 4 23 0 1 14838285526361.17
a 4 24 0 1 11101013778035.135
a 4 25 0 1 5502473480493.827
a 4 26 0 1 12352479258158.232
a 4 27 0 1 12628002793713.459
a 4 28 0 1 10291723991523.154
a 4 29 0 1 5075417560025.936
a 4 30 0 1 7727989466233.74
a 4 31 0 1 16746734401326.568
a 4 32 0 1 17444480082629.004
a 4 33 0 1 17179562513829.578
a 4 34 0 1 10062370535441.074
a 4 35 0 1 14237478625993.994
a 4 36 0 1 17847388537652.215
a 4 37 0 1 7699857669395.01
a 4 38 0 1 11885574913606.2
a 4 39 0 1 9065930386118.502
a 4 40 0 1 10811201015702.195
a 4 41 0 1 9066330792433.703
a 4 42 0 1 14259094666244.576
a 4 43 0 1 6265437389009.659
a 4 44 0 1 8634235259026.42
a 4 45 0 1 16886985053684.459
a 4 46 0 1 17633312294779.336
a 4 47 0 1 14310711799175.076
a 4 48 0 1 4729257378649.778
a 4 49 0 1 4759551065003.175
a 4 50 0 1 15771948164378.947
a 4 51 0 1 13431836700993.03
a 4 52 0 1 11978846414685.104
a 4 53 0 1 11390265984819.96
a 4 54 0 1 17036397998010.666
a 4 55 0 1 6426069366644.784
a 4 56 0 1 4948667105390.168
a 4 57 0 1 3974075837230.0425
a 4 58 0 1 6137066726354.855
a 4 59 0 1 11266779883444.371
a 4 60 0 1 10782314111551.668
a 4 61 0 1 9593339076594.438
a 4 62 0 1 5153311842548.482
a 4 63 0 1 8340750013644.119
a 4 64 0 1 14075992579100.508
a 4 65 0 1 4500981409497.161
a 4 66 0 1 9354510489556.637
a 4 67 0 1 18292571317406.215
a 4 68 0 1 17264743392476.346
a 4 69 0 1 14471029559202.648
a 4 70 0 1 11473590859238.979
a 4 71 0 1 8499158925532.974
a 4 72 0 1 6821763024379.57
a 4 73 0 1 11061686013598.13
a 4 74 0 1 12220163539930.525
a 4 75 0 1 14751027275025.58
a 4 76 0 1 8566248839329.391
a 4 77 0 1 15654142068410.766
a 4 78 0 1 15431844386185.73
a 4 79 0 1 9989952326828.318
a 4 80 0 1 16742073301433.734
a 4 81 0 1 13288995357106.736
a 5 12 0 1 8526678888410.674
a 5 13 0 1 13207436519075.686
a 5 14 0 1 11665171759598.797
a 5 15 0 1 4422760071422.707
a 5 16 0 1 10957768280200.213
a 5 17 0 1 10159454298421.455
a 5 18 0 1 13772255564949.162
a 5 19 0 1 5622487030265.089
a 5 20 0 1 13488157920549.992
a 5 21 0 1 11701269843486.486
a 5 22 0 1 9317458908323.826
a 5 23 0 1 12618863143120.127
a 5 24 0 1 9441197935939.832
a 5 25 0 1 4680198483778.2295
a 5 26 0 1 10505318768310.389
a 5 27 0 1 10739590206276.357
a 5 28 0 1 8753034563435.187
a 5 29 0 1 4316992385916.8516
a 5 30 0 1 6572887534738.856
a 5 31 0 1 14241389319262.29
a 5 32 0 1 14834572479962.924
a 5 33 0 1 14609356514460.84
a 5 34 0 1 8558004952113.247
a 5 35 0 1 12108046676694.922
a 5 36 0 1 15177095520323.25
a 5 37 0 1 6548963766211.958
a 5 38 0 1 10108315471468.727
a 5 39 0 1 7710668956120.313
a 5 40 0 1 9194763659864.998
a 5 41 0 1 7711009452742.279
a 5 42 0 1 12126425193275.307
a 5 43 0 1 5329077129536.232
a 5 44 0 1 7343562291516.405
a 5 45 0 1 14360623486779.752
a 5 46 0 1 14995104286961.062
a 5 47 0 1 12170311359498.424
a 5 48 0 1 4022583255858.7505
a 5 49 0 1 4048348167055.556
a 5 50 0 1 13412658334937.848
a 5 51 0 1 11423059301251.803
a 5 52 0 1 10187623647387.816
a 5 53 0 1 9687153104718.412
a 5 54 0 1 14487646346957.658
a 5 55 0 1 5465687789161.72
a 5 56 0 1 4209191569511.5137
a 5 57 0 1 3380289407635.0522
a 5 58 0 1 5219902801881.072
a 5 59 0 1 9582151457610.17
a 5 60 0 1 9170200344053.43
a 5 61 0 1 8159161501670.935
a 5 62 0 1 4383240966211.9077
a 5 63 0 1 7093983992927.071
a 5 64 0 1 11970746628838.438
a 5 65 0 1 3828432693281.781
a 5 66 0 1 7956069837855.931
a 5 67 0 1 15555551533927.81
a 5 68 0 1 14681772071517.932
a 5 69 0 1 12306616995885.812
a 5 70 0 1 9758004947786.5
a 5 71 0 1 7228694406189.231
a 5 72 0 1 5802205178919.0
a 5 73 0 1 9407756802268.207
a 5 74 0 1 10392812911317.264
a 5 75 0 1 12544675318626.016
a 5 76 0 1 7285747224766.46
a 5 77 0 1 13312501605005.615
a 5 78 0 1 13123506805140.365
a 5 79 0 1 8496424155581.388
a 5 80 0 1 14237426672775.746
a 5 81 0 1 11301608177255.299
a 6 12 0 1 7295608566590.833
a 6 13 0 1 11299685101002.916
a 6 14 0 1 9980449193589.115
a 6 15 0 1 3784466123241.131
a 6 16 0 1 9375321561369.766
a 6 17 0 1 8692410082412.251
a 6 18 0 1 11782808002096.668
a 6 19 0 1 4810952236369.759
a 6 20 0 1 11539803738097.062
a 6 21 0 1 10011327862304.135
a 6 22 0 1 7972112021040.456
a 6 23 0 1 10796234057287.402
a 6 24 0 1 8077967763243.353
a 6 25 0 1 4004733820733.3403
a 6 26 0 1 8988279377694.092
a 6 27 0 1 9188684629096.363
a 6 28 0 1 7489255131000.841
a 6 29 0 1 3693969351603.087
a 6 30 0 1 5624085622730.141
a 6 31 0 1 12184078744417.193
a 6 32 0 1 12691445425410.518
a 6 33 0 1 12498812889342.639
a 6 34 0 1 7322408002011.193
a 6 35 0 1 10359286344224.254
a 6 36 0 1 12984410703478.428
a 6 37 0 1 5603617498893.809
a 6 38 0 1 8648663152691.917
a 6 39 0 1 6597502543869.666
a 6 40 0 1 7867148776247.591
a 6 41 0 1 6597793846658.068
a 6 42 0 1 10375007287369.008
a 6 43 0 1 4559914574602.849
a 6 44 0 1 6283432326086.618
a 6 45 0 1 12286063974933.84
a 6 46 0 1 12828751190298.527
a 6 47 0 1 10412547379673.814
a 6 48 0 1 3442065824464.548
a 6 49 0 1 3464111000125.2026
a 6 50 0 1 11475224423694.297
a 6 51 0 1 9773342770999.99
a 6 52 0 1 8716507641478.703
a 6 53 0 1 8288375160844.534
a 6 54 0 1 12394710706098.432
a 6 55 0 1 4676797167467.299
a 6 56 0 1 3601732668436.0483
a 6 57 0 1 2892495215646.768
a 6 58 0 1 4466505826925.527
a 6 59 0 1 8198549557242.594
a 6 60 0 1 7846135316640.53
a 6 61 0 1 6981195497773.638
a 6 62 0 1 3750652889225.726
a 6 63 0 1 6069908786071.034
a 6 64 0 1 10241839877269.334
a 6 65 0 1 3275944588153.9087
a 6 66 0 1 6807447855630.22
a 6 67 0 1 13308106124208.568
a 6 68 0 1 12560751783767.766
a 6 69 0 1 10529142454201.244
a 6 70 0 1 8348986504781.142
a 6 71 0 1 6185158787500.491
a 6 72 0 1 4964715517024.469
a 6 73 0 1 8049359726033.831
a 6 74 0 1 8892036767513.836
a 6 75 0 1 10732774935011.031
a 6 76 0 1 6233969538593.8545
a 6 77 0 1 11389554127374.883
a 6 78 0 1 11227894312030.229
a 6 79 0 1 7269725627803.577
a 6 80 0 1 12180689344776.152
a 6 81 0 1 9669451132356.861
a 7 12 0 1 16302056888610.354
a 7 13 0 1 25263574992961.047
a 7 14 0 1 22309864788766.035
a 7 15 0 1 8452179547356.913
a 7 16 0 1 20955382849749.36
a 7 17 0 1 19427074772191.17
a 7 18 0 1 26345543739631.453
a 7 19 0 1 10746288226870.94
a 7 20 0 1 25801309492421.645
a 7 21 0 1 22378988044141.86
a 7 22 0 1 17815420425687.25
a 7 23 0 1 24136239448019.906
a 7 24 0 1 18052250069736.227
a 7 25 0 1 8944402591733.912
a 7 26 0 1 20089173016238.44
a 7 27 0 1 20537672918480.086
a 7 28 0 1 16735221709119.002
a 7 29 0 1 8249959115791.998
a 7 30 0 1 12564047281556.92
a 7 31 0 1 27244315471563.703
a 7 32 0 1 28380869764693.664
a 7 33 0 1 27949333398106.547
a 7 34 0 1 16362002681414.826
a 7 35 0 1 23157950460858.35
a 7 36 0 1 29037217549355.406
a 7 37 0 1 12518285647002.926
a 7 38 0 1 19329182344526.707
a 7 39 0 1 14740673246773.97
a 7 40 0 1 17580594606127.518
a 7 41 0 1 14741324709746.898
a 7 42 0 1 23193146208771.574
a 7 43 0 1 10185178661741.879
a 7 44 0 1 14038325134183.201
a 7 45 0 1 27472759804907.99
a 7 46 0 1 28688477314533.22
a 7 47 0 1 23277190890418.35
a 7 48 0 1 7687093058124.028
a 7 49 0 1 7736350311126.121
a 7 50 0 1 25656683504184.617
a 7 51 0 1 21846263702479.9
a 7 52 0 1 19480998359024.805
a 7 53 0 1 18523012950653.49
a 7 54 0 1 27716133049127.64
a 7 55 0 1 10446425078839.84
a 7 56 0 1 8043856101160.447
a 7 57 0 1 6459244379000.48
a 7 58 0 1 9976405307451.041
a 7 59 0 1 18322034815776.44
a 7 60 0 1 17533583727793.408
a 7 61 0 1 15598802334696.107
a 7 62 0 1 8376621251289.172
a 7 63 0 1 13560863132497.025
a 7 64 0 1 22895018542478.453
a 7 65 0 1 7315925366375.274
a 7 66 0 1 15210204211350.434
a 7 67 0 1 29762475795129.355
a 7 68 0 1 28088086628555.84
a 7 69 0 1 23538229442615.98
a 7 70 0 1 18658629249889.6
a 7 71 0 1 13818571143435.557
a 7 72 0 1 11089993684489.893
a 7 73 0 1 17988244984306.73
a 7 74 0 1 19873794546653.523
a 7 75 0 1 23994152269210.5
a 7 76 0 1 13927718346148.12
a 7 77 0 1 25464828175109.793
a 7 78 0 1 25102810021528.53
a 7 79 0 1 16244161577681.959
a 7 80 0 1 27236723416420.797
a 7 81 0 1 21613715912394.914
a 8 12 0 1 8915481826872.324
a 8 13 0 1 13810014123584.271
a 8 14 0 1 12197286046137.367
a 8 15 0 1 4624331234791.112
a 8 16 0 1 11457571319543.762
a 8 17 0 1 10622800286265.596
a 8 18 0 1 14400645288123.254
a 8 19 0 1 5878773818263.212
a 8 20 0 1 14103563998791.414
a 8 21 0 1 12235033087868.293
a 8 22 0 1 9742360613714.182
a 8 23 0 1 13194546795452.527
a 8 24 0 1 9871748896493.885
a 8 25 0 1 4893509239789.804
a 8 26 0 1 10984458682192.176
a 8 27 0 1 11229428889502.385
a 8 28 0 1 9152169838756.89
a 8 29 0 1 4513740588936.663
a 8 30 0 1 6872530203291.672
a 8 31 0 1 14891221031104.012
a 8 32 0 1 15511519387180.627
a 8 33 0 1 15276008042705.316
a 8 34 0 1 8948237781136.918
a 8 35 0 1 12660392447941.363
a 8 36 0 1 15869701377576.863
a 8 37 0 1 6847514945721.693
a 8 38 0 1 10569326312690.254
a 8 39 0 1 8062228597784.752
a 8 40 0 1 9614063929585.74
a 8 41 0 1 8062584633398.856
a 8 42 0 1 12679610581557.016
a 8 43 0 1 5571980991145.785
a 8 44 0 1 7678369299741.976
a 8 45 0 1 15015905240846.625
a 8 46 0 1 15679389983607.084
a 8 47 0 1 12725501689191.484
a 8 48 0 1 4205907177598.7573
a 8 49 0 1 4232846862927.2007
a 8 50 0 1 14024614129817.717
a 8 51 0 1 11944114278741.543
a 8 52 0 1 10652255941393.092
a 8 53 0 1 10128933548603.701
a 8 54 0 1 15148734326627.314
a 8 55 0 1 5714822578520.264
a 8 56 0 1 4401024228675.923
a 8 57 0 1 3534329722926.7437
a 8 58 0 1 5457827277382.132
a 8 59 0 1 10019137799139.648
a 8 60 0 1 9588379238692.607
a 8 61 0 1 8531189769161.501
a 8 62 0 1 4583010061239.57
a 8 63 0 1 7417402530805.785
a 8 64 0 1 12516820006005.51
a 8 65 0 1 4002904381117.419
a 8 66 0 1 8318828987891.151
a 8 67 0 1 16265460572377.277
a 8 68 0 1 15351733897443.775
a 8 69 0 1 12868034589591.568
a 8 70 0 1 10203020371200.07
a 8 71 0 1 7558259809966.042
a 8 72 0 1 6066689685325.95
a 8 73 0 1 9836781004818.691
a 8 74 0 1 10866815092768.977
a 8 75 0 1 13116969343269.832
a 8 76 0 1 7617916021350.41
a 8 77 0 1 13919880397400.01
a 8 78 0 1 13722249137886.244
a 8 79 0 1 8883846115040.441
a 8 80 0 1 14887077259770.316
a 8 81 0 1 11817115704868.383
a 9 12 0 1 4251639048978.179
a 9 13 0 1 6583815552446.601
a 9 14 0 1 5815525071615.104
a 9 15 0 1 2205833493175.599
a 9 16 0 1 5463081045225.343
a 9 17 0 1 5065308803152.608
a 9 18 0 1 6865150041221.626
a 9 19 0 1 2803998257822.9604
a 9 20 0 1 6723644244568.575
a 9 21 0 1 5833509161243.619
a 9 22 0 1 4645731874593.945
a 9 23 0 1 6290629572069.479
a 9 24 0 1 4707395151633.823
a 9 25 0 1 2334195169713.426
a 9 26 0 1 5237645608435.235
a 9 27 0 1 5354374101160.452
a 9 28 0 1 4364449253056.1626
a 9 29 0 1 2153095434566.66
a 9 30 0 1 3277794005400.82
a 9 31 0 1 7098810043409.456
a 9 32 0 1 7394236814007.845
a 9 33 0 1 7282073463942.449
a 9 34 0 1 4267251378742.5586
a 9 35 0 1 6036160467542.708
a 9 36 0 1 7564816510950.829
a 9 37 0 1 3265868113702.0874
a 9 38 0 1 5039826844372.152
a 9 39 0 1 3844934916241.436
a 9 40 0 1 4584587877196.047
a 9 41 0 1 3845104629747.3555
a 9 42 0 1 6045316197680.259
a 9 43 0 1 2657716405564.6846
a 9 44 0 1 3661954302161.7153
a 9 45 0 1 7158194618351.265
a 9 46 0 1 7474184005230.678
a 9 47 0 1 6067179140072.878
a 9 48 0 1 2006293275304.6152
a 9 49 0 1 2019140713995.351
a 9 50 0 1 6686037980605.671
a 9 51 0 1 5694902543618.87
a 9 52 0 1 5079345239726.492
a 9 53 0 1 4829960183599.124
a 9 54 0 1 7221457451226.008
a 9 55 0 1 2725825358851.6685
a 9 56 0 1 2099342950213.4277
a 9 57 0 1 1686006938074.5464
a 9 58 0 1 2603285406474.5337
a 9 59 0 1 4777635910337.5205
a 9 60 0 1 4572346880819.859
a 9 61 0 1 4068470973582.678
a 9 62 0 1 2186128486804.5857
a 9 63 0 1 3537550086771.6533
a 9 64 0 1 5967760306564.465
a 9 65 0 1 1909480633762.3015
a 9 66 0 1 3967248184235.6177
a 9 67 0 1 7753283313282.715
a 9 68 0 1 7318138594511.18
a 9 69 0 1 6135082343038.73
a 9 70 0 1 4865266615881.546
a 9 71 0 1 3604697969885.3564
a 9 72 0 1 2893595730619.8135
a 9 73 0 1 4690730408299.249
a 9 74 0 1 5181587122218.754
a 9 75 0 1 6253672985384.5
a 9 76 0 1 3633136258217.823
a 9 77 0 1 6636149512699.427
a 9 78 0 1 6542008873840.874
a 9 79 0 1 4236560597048.502
a 9 80 0 1 7096836433349.323
a 9 81 0 1 5634393268720.342
a 10 12 0 1 10687029971084.045
a 10 13 0 1 16555984281706.223
a 10 14 0 1 14622042721454.326
a 10 15 0 1 5542663414464.59
a 10 16 0 1 13735043905026.676
a 10 17 0 1 12734098309330.623
a 10 18 0 1 17264289601207.682
a 10 19 0 1 7046424184624.921
a 10 20 0 1 16908017045582.385
a 10 21 0 1 14667306357380.408
a 10 22 0 1 11678434493007.459
a 10 23 0 1 15817914993240.094
a 10 24 0 1 11833570821104.693
a 10 25 0 1 5865332785084.023
a 10 26 0 1 13167745907282.15
a 10 27 0 1 13461482261958.861
a 10 28 0 1 10970808436070.256
a 10 29 0 1 5410097218882.353
a 10 30 0 1 8237749139994.702
a 10 31 0 1 17852619590464.297
a 10 32 0 1 18596540242175.89
a 10 33 0 1 18314090195376.574
a 10 34 0 1 10726302729031.613
a 10 35 0 1 15177373232894.088
a 10 36 0 1 19026115719514.93
a 10 37 0 1 8207759937524.168
a 10 38 0 1 12669980788893.045
a 10 39 0 1 9664042599617.715
a 10 40 0 1 11524607897943.617
a 10 41 0 1 9664469451589.037
a 10 42 0 1 15200418766168.12
a 10 43 0 1 6678648865046.3545
a 10 44 0 1 9203836794156.672
a 10 45 0 1 18002151026261.023
a 10 46 0 1 18797870232490.65
a 10 47 0 1 15255449428765.164
a 10 48 0 1 5041097532894.893
a 10 49 0 1 5073389906577.828
a 10 50 0 1 16813337811373.479
a 10 51 0 1 14318458711860.117
a 10 52 0 1 12769416933184.586
a 10 53 0 1 12141937506963.324
a 10 54 0 1 18161451400418.15
a 10 55 0 1 6849883029268.3955
a 10 56 0 1 5274983596843.642
a 10 57 0 1 4236096162008.3315
a 10 58 0 1 6541805658720.213
a 10 59 0 1 12010290982024.273
a 10 60 0 1 11493812288264.459
a 10 61 0 1 10226287332350.148
a 10 62 0 1 5493131201201.822
a 10 63 0 1 8890970466588.6
a 10 64 0 1 15005208172324.205
a 10 65 0 1 4797761072132.84
a 10 66 0 1 9971683242221.432
a 10 67 0 1 19500766570532.848
a 10 68 0 1 18404908295212.938
a 10 69 0 1 15426369553455.375
a 10 70 0 1 12230768940592.51
a 10 71 0 1 9059840160718.975
a 10 72 0 1 7271695424384.251
a 10 73 0 1 11791644288545.412
a 10 74 0 1 13026684215288.65
a 10 75 0 1 15724885481697.924
a 10 76 0 1 9131360585362.143
a 10 77 0 1 16687738264069.01
a 10 78 0 1 16450735113230.377
a 10 79 0 1 10649100383967.055
a 10 80 0 1 17847650057858.75
a 10 81 0 1 14166173168109.135
a 11 12 0 1 15131699633763.775
a 11 13 0 1 23448113548485.816
a 11 14 0 1 20707165736291.09
a 11 15 0 1 7845889714573.751
a 11 16 0 1 19450205280364.62
a 11 17 0 1 18031900125607.242
a 11 18 0 1 24452112043293.85
a 11 19 0 1 9975248835909.088
a 11 20 0 1 23947099371747.77
a 11 21 0 1 20771311422360.734
a 11 22 0 1 16536208799972.209
a 11 23 0 1 22401998364638.254
a 11 24 0 1 16756000394297.023
a 11 25 0 1 8302770965525.661
a 11 26 0 1 18646346981423.58
a 11 27 0 1 19062564395009.363
a 11 28 0 1 15533711039484.68
a 11 29 0 1 7658187706001.997
a 11 30 0 1 11662409624401.764
a 11 31 0 1 25286101600269.688
a 11 32 0 1 26340716878660.883
a 11 33 0 1 25940294140436.492
a 11 34 0 1 15187334269272.715
a 11 35 0 1 21494175631135.34
a 11 36 0 1 26949736706573.34
a 11 37 0 1 11619936391475.426
a 11 38 0 1 17941052470155.05
a 11 39 0 1 13682587498470.041
a 11 40 0 1 16318276019216.006
a 11 41 0 1 13683192125719.557
a 11 42 0 1 21526836481229.836
a 11 43 0 1 9454442362748.578
a 11 44 0 1 13030729609552.004
a 11 45 0 1 25498078011384.75
a 11 46 0 1 26626144275264.336
a 11 47 0 1 21604827948870.184
a 11 48 0 1 7135729332882.79
a 11 49 0 1 7181450642882.115
a 11 50 0 1 23812895443002.875
a 11 51 0 1 20276946688939.984
a 11 52 0 1 18081943069605.94
a 11 53 0 1 17192892989089.488
a 11 54 0 1 25723906265029.605
a 11 55 0 1 9696924706581.877
a 11 56 0 1 7466881218893.356
a 11 57 0 1 5996010019466.933
a 11 58 0 1 9260663440937.69
a 11 59 0 1 17006375176871.512
a 11 60 0 1 16274646935434.264
a 11 61 0 1 14479017332397.191
a 11 62 0 1 7775756202455.046
a 11 63 0 1 12587586948799.355
a 11 64 0 1 21250180213817.86
a 11 65 0 1 6791204800440.042
a 11 66 0 1 14118360712891.697
a 11 67 0 1 27622690277619.207
a 11 68 0 1 26069043622064.62
a 11 69 0 1 21847064829789.73
a 11 70 0 1 17318751381209.875
a 11 71 0 1 12826771681701.752
a 11 72 0 1 10294264405938.986
a 11 73 0 1 16696600061663.297
a 11 74 0 1 18446470097915.5
a 11 75 0 1 22270146653883.273
a 11 76 0 1 12928073403671.773
a 11 77 0 1 23634865124227.473
a 11 78 0 1 23298932295381.914
a 11 79 0 1 15077967961977.1
a 11 80 0 1 25279056821651.867
a 11 81 0 1 20061142479175.88
a 12 1 0 1 0
a 13 1 0 1 0
a 14 1 0 1 0
a 15 1 0 1 0
a 16 1 0 1 0
a 17 1 0 1 0
a 18 1 0 1 0
a 19 1 0 1 0
a 20 1 0 1 0
a 21 1 0 1 0
a 22 1 0 1 0
a 23 1 0 1 0
a 24 1 0 1 0
a 25 1 0 1 0
a 26 1 0 1 0
a 27 1 0 1 0
a 28 1 0 1 0
a 29 1 0 1 0
a 30 1 0 1 0
a 31 1 0 1 0
a 32 1 0 1 0
a 33 1 0 1 0
a 34 1 0 1 0
a 35 1 0 1 0
a 36 1 0 1 0
a 37 1 0 1 0
a 38 1 0 1 0
a 39 1 0 1 0
a 40 1 0 1 0
a 41 1 0 1 0
a 42 1 0 1 0
a 43 1 0 1 0
a 44 1 0 1 0
a 45 1 0 1 0
a 46 1 0 1 0
a 47 1 0 1 0
a 48 1 0 1 0
a 49 1 0 1 0
a 50 1 0 1 0
a 51 1 0 1 0
a 52 1 0 1 0
a 53 1 0 1 0
a 54 1 0 1 0
a 55 1 0 1 0
a 56 1 0 1 0
a 57 1 0 1 0
a 58 1 0 1 0
a 59 1 0 1 0
a 60 1 0 1 0
a 61 1 0 1 0
a 62 1 0 1 0
a 63 1 0 1 0
a 64 1 0 1 0
a 65 1 0 1 0
a 66 1 0 1 0
a 67 1 0 1 0
a 68 1 0 1 0
a 69 1 0 1 0
a 70 1 0 1 0
a 71 1 0 1 0
a 72 1 0 1 0
a 73 1 0 1 0
a 74 1 0 1 0
a 75 1 0 1 0
a 76 1 0 1 0
a 77 1 0 1 0
a 78 1 0 1 0
a 79 1 0 1 0
a 80 1 0 1 0
a 81 1 0 1 0
