p min 81 769
n 0 10
n 1 -10
a 0 2 0 1 0
a 0 3 0 1 0
a 0 4 0 1 0
a 0 5 0 1 0
a 0 6 0 1 0
a 0 7 0 1 0
a 0 8 0 1 0
a 0 9 0 1 0
a 0 10 0 1 0
a 0 11 0 1 0
a 2 12 0 1 16770260239222.44
a 2 13 0 1 22305963069454.58
a 2 14 0 1 22502597022075.336
a 2 15 0 1 7579000072062.097
a 2 16 0 1 16928501501073.729
a 2 17 0 1 5876987914473.431
a 2 18 0 1 24694342411657.14
a 2 19 0 1 12702653688907.535
a 2 20 0 1 20913722637123.82
a 2 21 0 1 16693531147349.014
a 2 22 0 1 17447206584331.832
a 2 23 0 1 21187711086765.53
a 2 24 0 1 10143634827269.994
a 2 25 0 1 19191795391967.984
a 2 26 0 1 21713866460644.01
a 2 27 0 1 23930185714423.664
a 2 28 0 1 8432488126726.183
a 2 29 0 1 22434343007797.656
a 2 30 0 1 23078356011020.414
a 2 31 0 1 12131992289551.723
a 2 32 0 1 9409532294367.723
a 2 33 0 1 11210067510497.607
a 2 34 0 1 10133411265072.887
a 2 35 0 1 25790035011118.35
a 2 36 0 1 12711543670072.61
a 2 37 0 1 22280584231487.133
a 2 38 0 1 21667538824730.254
a 2 39 0 1 8144749871753.1
a 2 40 0 1 23240505073138.844
a 2 41 0 1 26009621214398.71
a 2 42 0 1 25613189204717.188
a 2 43 0 1 25013175962218.516
a 2 44 0 1 7652520188025.015
a 2 45 0 1 16668721498411.02
a 2 46 0 1 6093907982310.172
a 2 47 0 1 21183166779589.71
a 2 48 0 1 16032910095053.643
a 2 49 0 1 18215919574299.152
a 2 50 0 1 18221738808010.418
a 2 51 0 1 23493501873753.23
a 2 52 0 1 13565945163657.373
a 2 53 0 1 17726312849013.758
a 2 54 0 1 23510298936641.695
a 2 55 0 1 14603899999531.004
a 2 56 0 1 18374108954566.94
a 2 57 0 1 8358995041461.046
a 2 58 0 1 22894320602453.137
a 2 59 0 1 22365927765025.09
a 2 60 0 1 7256909308903.387
a 2 61 0 1 13140484493740.902
a 2 62 0 1 21125995550737.516
a 2 63 0 1 21845746298562.758
a 2 64 0 1 6532951266365.213
a 2 65 0 1 7585409415591.666
a 2 66 0 1 22307145657992.27
a 2 67 0 1 21848816819766.758
a 2 68 0 1 21240615269954.555
a 2 69 0 1 14222137219673.842
a 2 70 0 1 18225010689523.14
a 2 71 0 1 6515435447666.171
a 2 72 0 1 13338721246098.91
a 2 73 0 1 10939638679275.885
a 2 74 0 1 20456402531535.04
a 2 75 0 1 10781123878679.049
a 2 76 0 1 23734600685926.633
a 2 77 0 1 14453063728673.455
a 2 78 0 1 15685380628568.734
a 2 79 0 1 12364105757372.252
a 2 80 0 1 19521819812414.69
a 3 12 0 1 21898464440832.24
a 3 13 0 1 29132624792321.12
a 3 14 0 1 29389641783418.812
a 3 15 0 1 9893392347518.848
a 3 16 0 1 22105217823580.305
a 3 17 0 1 7671179134015.003
a 3 18 0 1 32254677945057.18
a 3 19 0 1 16584641531065.207
a 3 20 0 1 27312952527171.32
a 3 21 0 1 21798213295514.297
a 3 22 0 1 22782958837063.5
a 3 23 0 1 27671044036377.133
a 3 24 0 1 13242382082546.6
a 3 25 0 1 25062623930870.84
a 3 26 0 1 28358726675233.81
a 3 27 0 1 31255726550309.793
a 3 28 0 1 11007839744844.8
a 3 29 0 1 29300427683982.1
a 3 30 0 1 30142227398703.29
a 3 31 0 1 15839265195898.363
a 3 32 0 1 12283703536488.87
a 3 33 0 1 14635145264174.367
a 3 34 0 1 13229030596622.648
a 3 35 0 1 33687127178558.19
a 3 36 0 1 16596253525424.654
a 3 37 0 1 29099452792837.777
a 3 38 0 1 28298175642574.977
a 3 39 0 1 10632116225428.537
a 3 40 0 1 30354181077493.016
a 3 41 0 1 33974215664189.707
a 3 42 0 1 33455921020376.14
a 3 43 0 1 32671492224191.258
a 3 44 0 1 9989389065861.65
a 3 45 0 1 21765798122249.188
a 3 46 0 1 7954383605005.264
a 3 47 0 1 27665104759329.895
a 3 48 0 1 20935094859922.7
a 3 49 0 1 23787406290370.934
a 3 50 0 1 23795010265329.62
a 3 51 0 1 30684891530988.63
a 3 52 0 1 17712297204063.91
a 3 53 0 1 23147649865346.637
a 3 54 0 1 30706848398717.54
a 3 55 0 1 19068193981858.934
a 3 56 0 1 23994112983676.094
a 3 57 0 1 10911873051358.787
a 3 58 0 1 29901667855156.914
a 3 59 0 1 29211003276577.336
a 3 60 0 1 9472837709560.041
a 3 61 0 1 17156539898534.191
a 3 62 0 1 27590383792289.582
a 3 63 0 1 28531097022153.953
a 3 64 0 1 8527598853333.739
a 3 65 0 1 9901761138618.928
a 3 66 0 1 29134170523580.688
a 3 67 0 1 28535110291644.44
a 3 68 0 1 27740188402446.094
a 3 69 0 1 18569479698723.55
a 3 70 0 1 23799285624305.055
a 3 71 0 1 8504729847839.975
a 3 72 0 1 17415484258143.506
a 3 73 0 1 14281954774172.232
a 3 74 0 1 26715269613935.68
a 3 75 0 1 14074931455927.66
a 3 76 0 1 31000054768660.203
a 3 77 0 1 18871148016832.0
a 3 78 0 1 20481054805601.996
a 3 79 0 1 16142439410253.766
a 3 80 0 1 25493900498960.984
a 4 12 0 1 14631279921904.4
a 4 13 0 1 19459342571022.34
a 4 14 0 1 19630825933815.316
a 4 15 0 1 6613221015433.595
a 4 16 0 1 14769303801453.81
a 4 17 0 1 5128221427574.803
a 4 18 0 1 21542167511864.223
a 4 19 0 1 11083142606068.486
a 4 20 0 1 18245149124279.14
a 4 21 0 1 14564353739606.07
a 4 22 0 1 15221733048960.057
a 4 23 0 1 18484102432538.59
a 4 24 0 1 8850715594430.086
a 4 25 0 1 16743362092396.531
a 4 26 0 1 18942972455578.67
a 4 27 0 1 20875788213308.316
a 4 28 0 1 7357858387046.924
a 4 29 0 1 19571302104845.066
a 4 30 0 1 20132936394555.945
a 4 31 0 1 10585325758858.594
a 4 32 0 1 8210271072247.931
a 4 33 0 1 9781066431177.938
a 4 34 0 1 8841796465979.928
a 4 35 0 1 22497634973215.223
a 4 36 0 1 11090897720933.146
a 4 37 0 1 19437209756986.29
a 4 38 0 1 18902569536147.582
a 4 39 0 1 7106819281285.702
a 4 40 0 1 20274342533358.74
a 4 41 0 1 22689115143999.703
a 4 42 0 1 22343423722590.67
a 4 43 0 1 21820200392799.215
a 4 44 0 1 6677365384613.434
a 4 45 0 1 14542713739355.14
a 4 46 0 1 5317487545371.574
a 4 47 0 1 18480139225596.01
a 4 48 0 1 13988127390613.799
a 4 49 0 1 15892213566569.443
a 4 50 0 1 15897289112867.627
a 4 51 0 1 20494973362141.21
a 4 52 0 1 11836219620654.875
a 4 53 0 1 15465174571628.783
a 4 54 0 1 20509621512516.527
a 4 55 0 1 12741635817341.248
a 4 56 0 1 16030186324347.459
a 4 57 0 1 7293739070120.5625
a 4 58 0 1 19972442902517.4
a 4 59 0 1 19511637549600.656
a 4 60 0 1 6332203656427.853
a 4 61 0 1 11465078935759.363
a 4 62 0 1 18430278683986.734
a 4 63 0 1 19057986234720.062
a 4 64 0 1 5700555920269.6
a 4 65 0 1 6618813004744.561
a 4 66 0 1 19460373902795.13
a 4 67 0 1 19060664062896.26
a 4 68 0 1 18530241489761.58
a 4 69 0 1 12408624343464.521
a 4 70 0 1 15900142853531.996
a 4 71 0 1 5685273338957.399
a 4 72 0 1 11638006717282.541
a 4 73 0 1 9545148354815.496
a 4 74 0 1 17846302644563.926
a 4 75 0 1 9406861537036.104
a 4 76 0 1 20705226786309.258
a 4 77 0 1 12610061863603.332
a 4 78 0 1 13684990510310.867
a 4 79 0 1 10787811102665.691
a 4 80 0 1 17031200356083.389
a 5 12 0 1 14031440235407.383
a 5 13 0 1 18661140807037.293
a 5 14 0 1 18825574846558.316
a 5 15 0 1 6342338299067.006
a 5 16 0 1 14163796307451.795
a 5 17 0 1 4918199904327.055
a 5 18 0 1 20658327091094.336
a 5 19 0 1 10628944220695.998
a 5 20 0 1 17496852684982.332
a 5 21 0 1 13967262245210.318
a 5 22 0 1 14597645805880.527
a 5 23 0 1 17725985681162.8
a 5 24 0 1 8488093747895.329
a 5 25 0 1 16056773036761.865
a 5 26 0 1 18165995977881.844
a 5 27 0 1 20019351320703.527
a 5 28 0 1 7056449954043.435
a 5 29 0 1 18768497948253.777
a 5 30 0 1 19307043058876.973
a 5 31 0 1 10151552262952.207
a 5 32 0 1 7873912611671.856
a 5 33 0 1 9380286086587.854
a 5 34 0 1 8479540401083.074
a 5 35 0 1 21574495810879.934
a 5 36 0 1 10636381133784.61
a 5 37 0 1 18639917807362.07
a 5 38 0 1 18127253709979.785
a 5 39 0 1 6815702523841.399
a 5 40 0 1 19442635441052.77
a 5 41 0 1 21758099331885.406
a 5 42 0 1 21426627888939.723
a 5 43 0 1 20924925228655.418
a 5 44 0 1 6403853327038.681
a 5 45 0 1 13946510840338.293
a 5 46 0 1 5099710253053.811
a 5 47 0 1 17722185355155.746
a 5 48 0 1 13414695818372.094
a 5 49 0 1 15240588527708.64
a 5 50 0 1 15245455596982.82
a 5 51 0 1 19654194915363.23
a 5 52 0 1 11351119028390.986
a 5 53 0 1 14831089235082.611
a 5 54 0 1 19668240783561.38
a 5 55 0 1 12219375038617.543
a 5 56 0 1 15372893999629.17
a 5 57 0 1 6994959346392.252
a 5 58 0 1 19153147858915.77
a 5 59 0 1 18711286076437.426
a 5 60 0 1 6072839680891.513
a 5 61 0 1 10995208591707.3
a 5 62 0 1 17674373983218.72
a 5 63 0 1 18276282349004.29
a 5 64 0 1 5467080215375.412
a 5 65 0 1 6347701068681.431
a 5 66 0 1 18662129743709.617
a 5 67 0 1 18278850109056.867
a 5 68 0 1 17770228492607.582
a 5 69 0 1 11900031920297.105
a 5 70 0 1 15248192120733.316
a 5 71 0 1 5452423950471.681
a 5 72 0 1 11161040208603.67
a 5 73 0 1 9154044972208.164
a 5 74 0 1 17114396525002.725
a 5 75 0 1 9021430212343.223
a 5 76 0 1 19855803246379.156
a 5 77 0 1 12093201618249.691
a 5 78 0 1 13124004565953.348
a 5 79 0 1 10345730121911.988
a 5 80 0 1 16332785811567.656
a 6 12 0 1 14770100215532.877
a 6 13 0 1 19644074795445.08
a 6 14 0 1 19817189808157.34
a 6 15 0 1 6675908205567.91
a 6 16 0 1 14909435902664.307
a 6 17 0 1 5176823810690.518
a 6 18 0 1 21746722045321.605
a 6 19 0 1 11188255109823.582
a 6 20 0 1 18418330259561.906
a 6 21 0 1 14702537968068.176
a 6 22 0 1 15366165426679.627
a 6 23 0 1 18659556564866.773
a 6 24 0 1 8934633980231.55
a 6 25 0 1 16902260659344.338
a 6 26 0 1 19122791854117.58
a 6 27 0 1 21073999750399.438
a 6 28 0 1 7427610085391.886
a 6 29 0 1 19757099607540.582
a 6 30 0 1 20324078182169.152
a 6 31 0 1 10685711157956.768
a 6 32 0 1 8288111263704.163
a 6 33 0 1 9873816004465.61
a 6 34 0 1 8925630197805.33
a 6 35 0 1 22711285931440.7
a 6 36 0 1 11196083869028.973
a 6 37 0 1 19621731394265.297
a 6 38 0 1 19082004559878.473
a 6 39 0 1 7174189190010.837
a 6 40 0 1 20466829994590.156
a 6 41 0 1 22904589311531.32
a 6 42 0 1 22555606392533.355
a 6 43 0 1 22027401699862.78
a 6 44 0 1 6740661075747.303
a 6 45 0 1 14680692303783.516
a 6 46 0 1 5367884794519.823
a 6 47 0 1 18655555657656.207
a 6 48 0 1 14120835584125.014
a 6 49 0 1 16043019599286.744
a 6 50 0 1 16048143398023.91
a 6 51 0 1 20689560517072.21
a 6 52 0 1 11948484135165.275
a 6 53 0 1 15611921014003.512
a 6 54 0 1 20704348074393.69
a 6 55 0 1 12862500773196.236
a 6 56 0 1 16182304063171.176
a 6 57 0 1 7362882408900.746
a 6 58 0 1 20162057427720.28
a 6 59 0 1 19696867349497.703
a 6 60 0 1 6392225102296.189
a 6 61 0 1 11573818551823.916
a 6 62 0 1 18605220817319.758
a 6 63 0 1 19238899841263.44
a 6 64 0 1 5754586160670.083
a 6 65 0 1 6681553242527.872
a 6 66 0 1 19645115940059.7
a 6 67 0 1 19241603145874.695
a 6 68 0 1 18706134525474.69
a 6 69 0 1 12526325852282.248
a 6 70 0 1 16051024268787.979
a 6 71 0 1 5739158634325.716
a 6 72 0 1 11748388672359.744
a 6 73 0 1 9635658337580.553
a 6 74 0 1 18015690111215.68
a 6 75 0 1 9496058808276.535
a 6 76 0 1 20901814975735.32
a 6 77 0 1 12729676901628.682
a 6 78 0 1 13814818206414.47
a 6 79 0 1 10890119169835.412
a 6 80 0 1 17192835988655.057
a 7 12 0 1 17167997831533.12
a 7 13 0 1 22835335587581.785
a 7 14 0 1 23036648510382.67
a 7 15 0 1 7758555303438.35
a 7 16 0 1 17329999569253.1
a 7 17 0 1 6016192585795.731
a 7 18 0 1 25280561893772.594
a 7 19 0 1 13003776024662.996
a 7 20 0 1 21409972535556.047
a 7 21 0 1 17089445385217.969
a 7 22 0 1 17861032243729.46
a 7 23 0 1 21690478551328.43
a 7 24 0 1 10384021881071.324
a 7 25 0 1 19647094166754.047
a 7 26 0 1 22229151153151.613
a 7 27 0 1 24498213653767.254
a 7 28 0 1 8632283574837.016
a 7 29 0 1 22966770344599.45
a 7 30 0 1 23626109122969.223
a 7 31 0 1 12419567478618.887
a 7 32 0 1 9632503055338.273
a 7 33 0 1 11475760628507.223
a 7 34 0 1 10373555748202.633
a 7 35 0 1 26402344310882.902
a 7 36 0 1 13012877062868.227
a 7 37 0 1 22809352867541.895
a 7 38 0 1 22181721321185.06
a 7 39 0 1 8337721237269.123
a 7 40 0 1 23792117262773.09
a 7 41 0 1 26627159948254.91
a 7 42 0 1 26221287127527.02
a 7 43 0 1 25606986576660.004
a 7 44 0 1 7833818766931.717
a 7 45 0 1 17064046178382.041
a 7 46 0 1 6238254399678.628
a 7 47 0 1 21685826141920.03
a 7 48 0 1 16413127005853.441
a 7 49 0 1 18648017307548.527
a 7 50 0 1 18653974875301.28
a 7 51 0 1 24051135572677.6
a 7 52 0 1 13887564966076.262
a 7 53 0 1 18146772396544.062
a 7 54 0 1 24068332430687.086
a 7 55 0 1 14950169892178.33
a 7 56 0 1 18809967212058.695
a 7 57 0 1 8557047462569.221
a 7 58 0 1 23437693929837.3
a 7 59 0 1 22896727140004.246
a 7 60 0 1 7428827311358.965
a 7 61 0 1 13452001896003.777
a 7 62 0 1 21627294905415.184
a 7 63 0 1 22364168653659.81
a 7 64 0 1 6687705312797.791
a 7 65 0 1 7765116627479.775
a 7 66 0 1 22836546315557.105
a 7 67 0 1 22367312229342.457
a 7 68 0 1 21744641253985.656
a 7 69 0 1 14559340036885.63
a 7 70 0 1 18657324535625.86
a 7 71 0 1 6669774256680.1455
a 7 72 0 1 13654945577828.795
a 7 73 0 1 11198914016275.709
a 7 74 0 1 20941774755655.07
a 7 75 0 1 11036637553719.95
a 7 76 0 1 24297973047498.316
a 7 77 0 1 14795751079640.361
a 7 78 0 1 16057340709691.746
a 7 79 0 1 12657190955929.752
a 7 80 0 1 19984965988265.22
a 8 12 0 1 12526031837047.504
a 8 13 0 1 16658066691539.395
a 8 14 0 1 16804816325525.285
a 8 15 0 1 5662417764059.938
a 8 16 0 1 12644166979852.94
a 8 17 0 1 4391029104107.418
a 8 18 0 1 18440420912851.668
a 8 19 0 1 9488982469984.049
a 8 20 0 1 15618977297267.812
a 8 21 0 1 12468749278328.006
a 8 22 0 1 13031399032583.023
a 8 23 0 1 15823473433649.477
a 8 24 0 1 7577940070172.157
a 8 25 0 1 14333711475374.338
a 8 26 0 1 16216169648463.31
a 8 27 0 1 17870187673196.16
a 8 28 0 1 6299918647872.841
a 8 29 0 1 16753877950323.033
a 8 30 0 1 17234500587120.219
a 8 31 0 1 9062844573720.875
a 8 32 0 1 7029669106676.326
a 8 33 0 1 8374372945979.052
a 8 34 0 1 7570304673493.4795
a 8 35 0 1 19258010276419.523
a 8 36 0 1 9495620896656.873
a 8 37 0 1 16639126120579.848
a 8 38 0 1 16181593488555.447
a 8 39 0 1 6085000152797.039
a 8 40 0 1 17355508508188.69
a 8 41 0 1 19421855906011.414
a 8 42 0 1 19126054134579.973
a 8 43 0 1 18678335121042.188
a 8 44 0 1 5717333827275.955
a 8 45 0 1 12450227432859.756
a 8 46 0 1 4553073566110.244
a 8 47 0 1 15820081736117.88
a 8 48 0 1 11975548102009.268
a 8 49 0 1 13605249444450.117
a 8 50 0 1 13609593450887.23
a 8 51 0 1 17544311608345.086
a 8 52 0 1 10133613124047.352
a 8 53 0 1 13239757074663.08
a 8 54 0 1 17556846599084.484
a 8 55 0 1 10908624144367.291
a 8 56 0 1 13723335890940.035
a 8 57 0 1 6245025270255.209
a 8 58 0 1 17097158026505.887
a 8 59 0 1 16702819045526.105
a 8 60 0 1 5421828364314.014
a 8 61 0 1 9815920321243.676
a 8 62 0 1 15777411234821.793
a 8 63 0 1 16314596312013.861
a 8 64 0 1 4881043099924.761
a 8 65 0 1 5667205251102.907
a 8 66 0 1 16658949272718.658
a 8 67 0 1 16316887943329.271
a 8 68 0 1 15862959031691.746
a 8 69 0 1 10623578313030.695
a 8 70 0 1 13612035880816.545
a 8 71 0 1 4867958776418.928
a 8 72 0 1 9963945300379.703
a 8 73 0 1 8172416068798.601
a 8 74 0 1 15277641040780.781
a 8 75 0 1 8054035368575.409
a 8 76 0 1 17724233038353.246
a 8 77 0 1 10796001953580.848
a 8 78 0 1 11716084703587.145
a 8 79 0 1 9236175591650.637
a 8 80 0 1 14580055416976.041
a 9 12 0 1 4153509692951.0723
a 9 13 0 1 5521896143973.038
a 9 14 0 1 5570478515464.564
a 9 15 0 1 1878594096298.731
a 9 16 0 1 4192644042300.8457
a 9 17 0 1 1456933859687.756
a 9 18 0 1 6111881178424.686
a 9 19 0 1 3147189116849.1367
a 9 20 0 1 5177867773581.582
a 9 21 0 1 4134533578925.971
a 9 22 0 1 4320916497515.1206
a 9 23 0 1 5245578015607.784
a 9 24 0 1 2513727602303.7905
a 9 25 0 1 4752257560094.068
a 9 26 0 1 5375596770000.213
a 9 27 0 1 5923143347489.82
a 9 28 0 1 2089992310022.735
a 9 29 0 1 5553615176595.764
a 9 30 0 1 5712721825626.497
a 9 31 0 1 3005951483201.7695
a 9 32 0 1 2331955445900.1255
a 9 33 0 1 2777747310520.0376
a 9 34 0 1 2511196290479.2886
a 9 35 0 1 6382460895426.688
a 9 36 0 1 3149389260159.9062
a 9 37 0 1 5515625671115.295
a 9 38 0 1 5364149180004.494
a 9 39 0 1 2018726669947.4058
a 9 40 0 1 5752778766887.42
a 9 41 0 1 6436681210206.869
a 9 42 0 1 6338792555958.128
a 9 43 0 1 6190621969823.542
a 9 44 0 1 1896805330851.4966
a 9 45 0 1 4128397772308.323
a 9 46 0 1 1510681026749.2778
a 9 47 0 1 5244455015887.071
a 9 48 0 1 3971142860583.3193
a 9 49 0 1 4510993104225.697
a 9 50 0 1 4512431906442.99
a 9 51 0 1 5815276280838.716
a 9 52 0 1 3360825606938.438
a 9 53 0 1 4389932922877.894
a 9 54 0 1 5819425543270.363
a 9 55 0 1 3617643275679.989
a 9 56 0 1 4550104821841.618
a 9 57 0 1 2071790230595.4631
a 9 58 0 1 5667256765961.785
a 9 59 0 1 5536711803176.349
a 9 60 0 1 1798808158200.8657
a 9 61 0 1 3255541958285.907
a 9 62 0 1 5230326653733.623
a 9 63 0 1 5408183863273.228
a 9 64 0 1 1619458386397.0137
a 9 65 0 1 1880181726232.0146
a 9 66 0 1 5522188331197.864
a 9 67 0 1 5408942570533.906
a 9 68 0 1 5258651754868.479
a 9 69 0 1 3523190367366.618
a 9 70 0 1 4513240876644.19
a 9 71 0 1 1615118825758.0671
a 9 72 0 1 3304598195306.1694
a 9 73 0 1 2710801108473.0347
a 9 74 0 1 5064843965658.452
a 9 75 0 1 2671558405869.498
a 9 76 0 1 5874832097135.8545
a 9 77 0 1 3580325233815.3257
a 9 78 0 1 3885181249582.5376
a 9 79 0 1 3063400819190.999
a 9 80 0 1 4833839816302.755
a 10 12 0 1 17353571770475.387
a 10 13 0 1 23082332423666.6
a 10 14 0 1 23285828676744.457
a 10 15 0 1 7842327983426.496
a 10 16 0 1 17517328166648.945
a 10 17 0 1 6081139002806.651
a 10 18 0 1 25554085248762.65
a 10 19 0 1 13144269524485.863
a 10 20 0 1 21641513586700.36
a 10 21 0 1 17274168537881.766
a 10 22 0 1 18054112977729.336
a 10 23 0 1 21925060836796.266
a 10 24 0 1 10496177201853.709
a 10 25 0 1 19859526709885.316
a 10 26 0 1 22469574260924.004
a 10 27 0 1 24763248227314.457
a 10 28 0 1 8725499780285.46
a 10 29 0 1 23215192638855.066
a 10 30 0 1 23881682846340.027
a 10 31 0 1 12553740030966.459
a 10 32 0 1 9736532300206.998
a 10 33 0 1 11599723311754.578
a 10 34 0 1 10485597890284.316
a 10 35 0 1 26688042137198.176
a 10 36 0 1 13153469039779.053
a 10 37 0 1 23056067916656.027
a 10 38 0 1 22421630118302.777
a 10 39 0 1 8427753507261.174
a 10 40 0 1 24049491743995.336
a 10 41 0 1 26915298034327.94
a 10 42 0 1 26505019762745.277
a 10 43 0 1 25884052222953.04
a 10 44 0 1 7918404842131.745
a 10 45 0 1 17248494240501.014
a 10 46 0 1 6305599774415.868
a 10 47 0 1 21920357984543.742
a 10 48 0 1 16590525729072.318
a 10 49 0 1 18849623957603.977
a 10 50 0 1 18855646073481.96
a 10 51 0 1 24311319869896.586
a 10 52 0 1 14037622410094.162
a 10 53 0 1 18342948557076.355
a 10 54 0 1 24328703284448.74
a 10 55 0 1 15111728947021.395
a 10 56 0 1 19013328563499.73
a 10 57 0 1 8649450417275.292
a 10 58 0 1 23691223921230.695
a 10 59 0 1 23144389784575.434
a 10 60 0 1 7509036688283.494
a 10 61 0 1 13597345637469.549
a 10 62 0 1 21861192139149.13
a 10 63 0 1 22606055869792.05
a 10 64 0 1 6759906533676.005
a 10 65 0 1 7848960217130.673
a 10 66 0 1 23083556282232.816
a 10 67 0 1 22609233534458.797
a 10 68 0 1 21979810792051.004
a 10 69 0 1 14716668427809.09
a 10 70 0 1 18859032026222.67
a 10 71 0 1 6741781741558.108
a 10 72 0 1 13802485534538.04
a 10 73 0 1 11319882266740.08
a 10 74 0 1 21168240068608.57
a 10 75 0 1 11155850676592.51
a 10 76 0 1 24560835181345.73
a 10 77 0 1 14955638532215.305
a 10 78 0 1 16230886781975.242
a 10 79 0 1 12793934413732.068
a 10 80 0 1 20201060245034.355
a 11 12 0 1 7325380048087.501
a 11 13 0 1 9739921306146.26
a 11 14 0 1 9825656423187.223
a 11 15 0 1 3312539133691.6416
a 11 16 0 1 7394425197623.7
a 11 17 0 1 2568927254442.3467
a 11 18 0 1 10781139464267.355
a 11 19 0 1 5550081233161.582
a 11 20 0 1 9132822636245.848
a 11 21 0 1 7291900459116.234
a 11 22 0 1 7620740990985.457
a 11 23 0 1 9252306380792.906
a 11 24 0 1 4432722307194.383
a 11 25 0 1 8381809314722.58
a 11 26 0 1 9481745791886.277
a 11 27 0 1 10448039150632.252
a 11 28 0 1 3685367676605.227
a 11 29 0 1 9795896979077.523
a 11 30 0 1 10076682698139.268
a 11 31 0 1 5300942242265.017
a 11 32 0 1 4112118488021.3403
a 11 33 0 1 4898409939185.008
a 11 34 0 1 4428257591335.03
a 11 35 0 1 11258700502083.455
a 11 36 0 1 5553962269579.735
a 11 37 0 1 9728855623029.252
a 11 38 0 1 9461544431424.594
a 11 39 0 1 3559679802415.3433
a 11 40 0 1 10147374993903.105
a 11 41 0 1 11354399657909.51
a 11 42 0 1 11181626305603.482
a 11 43 0 1 10920111073708.375
a 11 44 0 1 3344656494606.9673
a 11 45 0 1 7281075069399.615
a 11 46 0 1 2663709109316.048
a 11 47 0 1 9250324686526.734
a 11 48 0 1 7003634573597.099
a 11 49 0 1 7956109508872.166
a 11 50 0 1 7958648154255.06
a 11 51 0 1 10257671299550.006
a 11 52 0 1 5926941419768.133
a 11 53 0 1 7742511313468.178
a 11 54 0 1 10264994006871.957
a 11 55 0 1 6379993049345.461
a 11 56 0 1 8025119070650.834
a 11 57 0 1 3653265371205.0728
a 11 58 0 1 9996446785423.568
a 11 59 0 1 9766066972991.047
a 11 60 0 1 3171829744315.3965
a 11 61 0 1 5741216623311.914
a 11 62 0 1 9225393196212.365
a 11 63 0 1 9539251884427.354
a 11 64 0 1 2855538144593.0127
a 11 65 0 1 3315339076162.087
a 11 66 0 1 9740436937613.504
a 11 67 0 1 9540590770887.695
a 11 68 0 1 9275376899880.023
a 11 69 0 1 6213366448252.291
a 11 70 0 1 7960075514351.559
a 11 71 0 1 2847885252707.1675
a 11 72 0 1 5827753466302.677
a 11 73 0 1 4780325729413.363
a 11 74 0 1 8933380239724.936
a 11 75 0 1 4711107459958.184
a 11 76 0 1 10362777194141.404
a 11 77 0 1 6314159081485.932
a 11 78 0 1 6851978123939.495
a 11 79 0 1 5402280417835.668
a 11 80 0 1 8525761466106.023
a 12 1 0 1 0
a 13 1 0 1 0
a 14 1 0 1 0
a 15 1 0 1 0
a 16 1 0 1 0
a 17 1 0 1 0
a 18 1 0 1 0
a 19 1 0 1 0
a 20 1 0 1 0
a 21 1 0 1 0
a 22 1 0 1 0
a 23 1 0 1 0
a 24 1 0 1 0
a 25 1 0 1 0
a 26 1 0 1 0
a 27 1 0 1 0
a 28 1 0 1 0
a 29 1 0 1 0
a 30 1 0 1 0
a 31 1 0 1 0
a 32 1 0 1 0
a 33 1 0 1 0
a 34 1 0 1 0
a 35 1 0 1 0
a 36 1 0 1 0
a 37 1 0 1 0
a 38 1 0 1 0
a 39 1 0 1 0
a 40 1 0 1 0
a 41 1 0 1 0
a 42 1 0 1 0
a 43 1 0 1 0
a 44 1 0 1 0
a 45 1 0 1 0
a 46 1 0 1 0
a 47 1 0 1 0
a 48 1 0 1 0
a 49 1 0 1 0
a 50 1 0 1 0
a 51 1 0 1 0
a 52 1 0 1 0
a 53 1 0 1 0
a 54 1 0 1 0
a 55 1 0 1 0
a 56 1 0 1 0
a 57 1 0 1 0
a 58 1 0 1 0
a 59 1 0 1 0
a 60 1 0 1 0
a 61 1 0 1 0
a 62 1 0 1 0
a 63 1 0 1 0
a 64 1 0 1 0
a 65 1 0 1 0
a 66 1 0 1 0
a 67 1 0 1 0
a 68 1 0 1 0
a 69 1 0 1 0
a 70 1 0 1 0
a 71 1 0 1 0
a 72 1 0 1 0
a 73 1 0 1 0
a 74 1 0 1 0
a 75 1 0 1 0
a 76 1 0 1 0
a 77 1 0 1 0
a 78 1 0 1 0
a 79 1 0 1 0
a 80 1 0 1 0
