p min 82 780
n 0 10
n 1 -10
a 0 2 0 1 0
a 0 3 0 1 0
a 0 4 0 1 0
a 0 5 0 1 0
a 0 6 0 1 0
a 0 7 0 1 0
a 0 8 0 1 0
a 0 9 0 1 0
a 0 10 0 1 0
a 0 11 0 1 0
a 2 12 0 1 6958299129294.51
a 2 13 0 1 18570571295810.72
a 2 14 0 1 19548668548869.863
a 2 15 0 1 25534918929005.15
a 2 16 0 1 21998351095577.0
a 2 17 0 1 6756856426001.819
a 2 18 0 1 5882409011005.05
a 2 19 0 1 24363630029443.797
a 2 20 0 1 14224031112713.693
a 2 21 0 1 10187539423573.035
a 2 22 0 1 18312424287795.562
a 2 23 0 1 13304285883100.34
a 2 24 0 1 22926988539705.34
a 2 25 0 1 8681088423641.28
a 2 26 0 1 19867678475420.86
a 2 27 0 1 8738660775180.141
a 2 28 0 1 17472318938588.2
a 2 29 0 1 24702215595008.11
a 2 30 0 1 18192330333923.273
a 2 31 0 1 25670095536425.453
a 2 32 0 1 26138376370101.598
a 2 33 0 1 12224709888341.275
a 2 34 0 1 19179862941496.99
a 2 35 0 1 14738996985840.953
a 2 36 0 1 12352723900562.092
a 2 37 0 1 6808696249541.879
a 2 38 0 1 6184504442114.2295
a 2 39 0 1 8485581498026.636
a 2 40 0 1 20334003966643.113
a 2 41 0 1 19723788653156.008
a 2 42 0 1 15199379451594.95
a 2 43 0 1 17795075164865.156
a 2 44 0 1 24727472743176.05
a 2 45 0 1 23785601524965.273
a 2 46 0 1 17021583776866.426
a 2 47 0 1 27309440754054.133
a 2 48 0 1 27065873155856.594
a 2 49 0 1 12173052871951.66
a 2 50 0 1 25004509610646.367
a 2 51 0 1 19655384669212.723
a 2 52 0 1 18404384070419.914
a 2 53 0 1 10553212558621.307
a 2 54 0 1 14339580292797.38
a 2 55 0 1 19787654080890.55
a 2 56 0 1 14315054534320.88
a 2 57 0 1 25735226974870.812
a 2 58 0 1 27049647843237.8
a 2 59 0 1 10838271829744.785
a 2 60 0 1 18348068140763.94
a 2 61 0 1 17197527877145.271
a 2 62 0 1 19937302547066.42
a 2 63 0 1 25705715980090.273
a 2 64 0 1 12247265459745.533
a 2 65 0 1 20289034428468.25
a 2 66 0 1 22142153095639.93
a 2 67 0 1 11367377794308.809
a 2 68 0 1 8285361415634.348
a 2 69 0 1 12030533573289.047
a 2 70 0 1 6079739139936.922
a 2 71 0 1 15881733758975.826
a 2 72 0 1 20866110511248.555
a 2 73 0 1 14880643095698.361
a 2 74 0 1 25018169767371.96
a 2 75 0 1 11134913345669.844
a 2 76 0 1 14096398216332.324
a 2 77 0 1 19454484623438.066
a 2 78 0 1 18208008815541.07
a 2 79 0 1 7697899355533.69
a 2 80 0 1 16846196175133.256
a 2 81 0 1 12651876026014.754
a 3 12 0 1 7435394362001.936
a 3 13 0 1 19845682448146.816
a 3 14 0 1 20891100466704.777
a 3 15 0 1 27289727547519.406
a 3 16 0 1 23509461621332.74
a 3 17 0 1 7220128271177.271
a 3 18 0 1 6285682527072.222
a 3 19 0 1 26037703886448.406
a 3 20 0 1 15200173253093.84
a 3 21 0 1 10886324922670.709
a 3 22 0 1 19569770324651.98
a 3 23 0 1 14217205972573.902
a 3 24 0 1 24502069151503.99
a 3 25 0 1 9276432778381.623
a 3 26 0 1 21232070807200.29
a 3 27 0 1 9337957657003.348
a 3 28 0 1 18671858565492.195
a 3 29 0 1 26399625132642.957
a 3 30 0 1 19441412150799.062
a 3 31 0 1 27434223124787.26
a 3 32 0 1 27934789271381.438
a 3 33 0 1 13063439627991.201
a 3 34 0 1 20496908695265.67
a 3 35 0 1 15750543437601.04
a 3 36 0 1 13200249956975.709
a 3 37 0 1 7275525378100.077
a 3 38 0 1 6608504127075.998
a 3 39 0 1 9067504091502.717
a 3 40 0 1 21730500912339.61
a 3 41 0 1 21078275499588.152
a 3 42 0 1 16242581361066.877
a 3 43 0 1 19016821757862.285
a 3 44 0 1 26426623108519.617
a 3 45 0 1 25419841530522.758
a 3 46 0 1 18190113908047.785
a 3 47 0 1 29186608207003.207
a 3 48 0 1 28926242695999.7
a 3 49 0 1 13008233145208.623
a 3 50 0 1 26722755219598.723
a 3 51 0 1 21005162656121.27
a 3 52 0 1 19668058450037.516
a 3 53 0 1 11277112954265.852
a 3 54 0 1 15323666140352.197
a 3 55 0 1 21146537428889.47
a 3 56 0 1 15297454280549.986
a 3 57 0 1 27503844784469.58
a 3 58 0 1 28908898422260.473
a 3 59 0 1 11581752026683.639
a 3 60 0 1 19607867042877.707
a 3 61 0 1 18378162130230.996
a 3 62 0 1 21306487979087.086
a 3 63 0 1 27472299265662.883
a 3 64 0 1 13087545056110.564
a 3 65 0 1 21682435243785.81
a 3 66 0 1 23663168604165.715
a 3 67 0 1 12147204212986.504
a 3 68 0 1 8853539353758.426
a 3 69 0 1 12855921268294.277
a 3 70 0 1 6496550910620.824
a 3 71 0 1 16971860295141.225
a 3 72 0 1 22299245330080.684
a 3 73 0 1 15901928616432.71
a 3 74 0 1 26737356959854.945
a 3 75 0 1 11898770349251.709
a 3 76 0 1 15063766187852.184
a 3 77 0 1 20790433317224.055
a 3 78 0 1 19458169527332.332
a 3 79 0 1 8225753261234.241
a 3 80 0 1 18002660990487.676
a 3 81 0 1 13519959013031.318
a 4 12 0 1 2448496239144.0664
a 4 13 0 1 6528978986237.981
a 4 14 0 1 6872353407726.332
a 4 15 0 1 8972815184835.922
a 4 16 0 1 7732127753186.595
a 4 17 0 1 2377648028442.701
a 4 18 0 1 2070076650764.5032
a 4 19 0 1 8561979993808.161
a 4 20 0 1 5002459499111.9375
a 4 21 0 1 3583942273426.3057
a 4 22 0 1 6438344576987.548
a 4 23 0 1 4679314816718.724
a 4 24 0 1 8057972876786.156
a 4 25 0 1 3054321160235.23
a 4 26 0 1 6984335353741.262
a 4 27 0 1 3074563989933.838
a 4 28 0 1 6143362659142.909
a 4 29 0 1 8680747894428.382
a 4 30 0 1 6396178865974.009
a 4 31 0 1 9020224397173.072
a 4 32 0 1 9184452694169.928
a 4 33 0 1 4299958316490.909
a 4 34 0 1 6742885047631.965
a 4 35 0 1 5183369004211.613
a 4 36 0 1 4344944865503.4165
a 4 37 0 1 2395880506914.4287
a 4 38 0 1 2176337902690.778
a 4 39 0 1 2985578299080.0044
a 4 40 0 1 7148019827425.167
a 4 41 0 1 6933826419247.473
a 4 42 0 1 5345091365984.697
a 4 43 0 1 6256694791024.404
a 4 44 0 1 8689607270580.879
a 4 45 0 1 8359207216496.505
a 4 46 0 1 5985083052605.184
a 4 47 0 1 9595100169237.39
a 4 48 0 1 9509696253404.959
a 4 49 0 1 4281804818785.2246
a 4 50 0 1 8786780488402.443
a 4 51 0 1 6909814525339.814
a 4 52 0 1 6470631699417.505
a 4 53 0 1 3712483557804.5913
a 4 54 0 1 5043053584353.389
a 4 55 0 1 6956244919336.024
a 4 56 0 1 5034437391997.452
a 4 57 0 1 9043066988205.074
a 4 58 0 1 9504006941044.986
a 4 59 0 1 3812682618566.4165
a 4 60 0 1 6450859202986.282
a 4 61 0 1 6046868635304.389
a 4 62 0 1 7008774758267.344
a 4 63 0 1 9032717058802.418
a 4 64 0 1 4307884833997.796
a 4 65 0 1 7132235608916.066
a 4 66 0 1 7782588704430.308
a 4 67 0 1 3998653409433.1865
a 4 68 0 1 2915176149036.544
a 4 69 0 1 4231719439202.257
a 4 70 0 1 2139487533337.6926
a 4 71 0 1 5584767157976.306
a 4 72 0 1 7334780113773.858
a 4 73 0 1 5233127390870.362
a 4 74 0 1 8791571809335.312
a 4 75 0 1 3916948339462.746
a 4 76 0 1 4957619416566.384
a 4 77 0 1 6839291035740.88
a 4 78 0 1 6401683718304.854
a 4 79 0 1 2708598349983.0054
a 4 80 0 1 5923491276856.349
a 4 81 0 1 4450069236367.078
a 5 12 0 1 9104603657757.104
a 5 13 0 1 24308748767968.215
a 5 14 0 1 25589962781385.414
a 5 15 0 1 33433329232734.754
a 5 16 0 1 28799205609346.164
a 5 17 0 1 8840962184782.66
a 5 18 0 1 7696558418273.83
a 5 19 0 1 31898407080680.582
a 5 20 0 1 18616277133629.76
a 5 21 0 1 13331440986058.902
a 5 22 0 1 23970615748838.066
a 5 23 0 1 17411953505331.219
a 5 24 0 1 30015927574227.203
a 5 25 0 1 11359486933372.389
a 5 26 0 1 26007854667218.2
a 5 27 0 1 11434845627788.355
a 5 28 0 1 22870249594531.137
a 5 29 0 1 32342095241436.75
a 5 30 0 1 23813313196233.562
a 5 31 0 1 33610480453873.246
a 5 32 0 1 34224183615044.152
a 5 33 0 1 15998446528160.533
a 5 34 0 1 25106852146793.047
a 5 35 0 1 19290613078815.7
a 5 36 0 1 16166051744402.504
a 5 37 0 1 8908808051279.312
a 5 38 0 1 8091907653152.009
a 5 39 0 1 11103582603373.545
a 5 40 0 1 26618741929900.863
a 5 41 0 1 25819362836869.312
a 5 42 0 1 19893494261914.17
a 5 43 0 1 23292986427070.152
a 5 44 0 1 32375193059169.164
a 5 45 0 1 31140973717821.723
a 5 46 0 1 22279905913310.656
a 5 47 0 1 35759006296458.07
a 5 48 0 1 35439770668229.67
a 5 49 0 1 15930813853703.164
a 5 50 0 1 32738235424542.617
a 5 51 0 1 25729756120759.895
a 5 52 0 1 24091068257037.918
a 5 53 0 1 13810141357638.293
a 5 54 0 1 18767583969239.76
a 5 55 0 1 25903024605307.812
a 5 56 0 1 18735468406518.47
a 5 57 0 1 33695836912363.164
a 5 58 0 1 35418504909660.805
a 5 59 0 1 14183319275403.736
a 5 60 0 1 24017303363191.02
a 5 61 0 1 22510343826489.21
a 5 62 0 1 26099061039517.703
a 5 63 0 1 33657161930373.91
a 5 64 0 1 16027977804944.602
a 5 65 0 1 26559830865143.285
a 5 66 0 1 28987612989295.516
a 5 67 0 1 14876004635411.47
a 5 68 0 1 10841512782793.184
a 5 69 0 1 15744219749662.293
a 5 70 0 1 7954801400414.04
a 5 71 0 1 20787088950228.82
a 5 72 0 1 27315827336770.715
a 5 73 0 1 19476099735482.574
a 5 74 0 1 32756136533450.285
a 5 75 0 1 14571667827153.326
a 5 76 0 1 18449148623122.53
a 5 77 0 1 25466586940690.984
a 5 78 0 1 23833849250832.08
a 5 79 0 1 10072600082460.58
a 5 80 0 1 22050199736353.33
a 5 81 0 1 16557729330722.758
a 6 12 0 1 7945434238861.266
a 6 13 0 1 21209102475359.914
a 6 14 0 1 22326526639409.688
a 6 15 0 1 29166281369039.293
a 6 16 0 1 25125316214798.383
a 6 17 0 1 7715388589384.567
a 6 18 0 1 6716795527703.597
a 6 19 0 1 27827887285036.02
a 6 20 0 1 16243844577012.281
a 6 21 0 1 11633402799286.812
a 6 22 0 1 20914189207908.73
a 6 23 0 1 15193266863326.668
a 6 24 0 1 26186353651991.11
a 6 25 0 1 9912905110268.49
a 6 26 0 1 22690986290956.09
a 6 27 0 1 9978656170380.09
a 6 28 0 1 19954450204188.332
a 6 29 0 1 28214772809316.836
a 6 30 0 1 20776991876223.344
a 6 31 0 1 29320746637483.785
a 6 32 0 1 29855852845454.65
a 6 33 0 1 13960163050203.273
a 6 34 0 1 21905181610364.145
a 6 35 0 1 16832077454068.916
a 6 36 0 1 14106379813225.25
a 6 37 0 1 7774589029584.794
a 6 38 0 1 7061776339801.698
a 6 39 0 1 9689625461826.445
a 6 40 0 1 23223756594744.324
a 6 41 0 1 22526595841771.32
a 6 42 0 1 17357969446882.139
a 6 43 0 1 20323164808881.44
a 6 44 0 1 28243633116419.188
a 6 45 0 1 27167411714105.977
a 6 46 0 1 19439539828518.29
a 6 47 0 1 31194068413355.008
a 6 48 0 1 30915731095379.21
a 6 49 0 1 13901160919288.64
a 6 50 0 1 28560193351902.79
a 6 51 0 1 22448446308245.582
a 6 52 0 1 21019245959386.188
a 6 53 0 1 12051046023822.215
a 6 54 0 1 16375832705750.107
a 6 55 0 1 22599560367033.258
a 6 56 0 1 16347817675344.566
a 6 57 0 1 29395172075598.45
a 6 58 0 1 30897189668896.223
a 6 59 0 1 12376621871331.166
a 6 60 0 1 20954909442759.52
a 6 61 0 1 19640533765516.13
a 6 62 0 1 22770530294259.785
a 6 63 0 1 29361449958391.605
a 6 64 0 1 13985925831073.518
a 6 65 0 1 23172379175815.395
a 6 66 0 1 25289618592445.312
a 6 67 0 1 12980939764063.07
a 6 68 0 1 9460964609304.072
a 6 69 0 1 13738377309702.854
a 6 70 0 1 6942138199446.864
a 6 71 0 1 18137433070206.824
a 6 72 0 1 23831690782936.23
a 6 73 0 1 16993878068931.24
a 6 74 0 1 28575802404648.785
a 6 75 0 1 12715429418034.703
a 6 76 0 1 16098054186740.322
a 6 77 0 1 22218924946958.523
a 6 78 0 1 20794903203901.996
a 6 79 0 1 8790063650629.727
a 6 80 0 1 19239182774695.04
a 6 81 0 1 14448071793401.08
a 7 12 0 1 7710901383257.954
a 7 13 0 1 20582124512816.883
a 7 14 0 1 21666433205890.355
a 7 15 0 1 28303307808259.598
a 7 16 0 1 24382242837305.04
a 7 17 0 1 7487652062879.494
a 7 18 0 1 6518556779275.025
a 7 19 0 1 27004637439094.312
a 7 20 0 1 15763914771168.57
a 7 21 0 1 11289867129657.887
a 7 22 0 1 20295949781028.746
a 7 23 0 1 14744429443456.178
a 7 24 0 1 25411808526897.523
a 7 25 0 1 9620232215495.639
a 7 26 0 1 22020090109810.594
a 7 27 0 1 9684039847760.871
a 7 28 0 1 19364644689884.58
a 7 29 0 1 27380041369980.18
a 7 30 0 1 20162817528920.273
a 7 31 0 1 28453187762330.977
a 7 32 0 1 28972408074200.49
a 7 33 0 1 13547810659897.531
a 7 34 0 1 21257575936270.082
a 7 35 0 1 16334735406994.547
a 7 36 0 1 13689701692115.752
a 7 37 0 1 7545103554576.872
a 7 38 0 1 6853347830699.565
a 7 39 0 1 9403551911207.514
a 7 40 0 1 22537067279751.66
a 7 41 0 1 21860572376220.484
a 7 42 0 1 16845058569086.314
a 7 43 0 1 19722436213864.23
a 7 44 0 1 27408045150588.824
a 7 45 0 1 26363760494265.016
a 7 46 0 1 18864986903406.3
a 7 47 0 1 30270887226189.156
a 7 48 0 1 30000815719228.824
a 7 49 0 1 13490554029828.406
a 7 50 0 1 27715210035894.934
a 7 51 0 1 21784739218947.29
a 7 52 0 1 20397893675951.99
a 7 53 0 1 11695160690243.156
a 7 54 0 1 15891996127463.96
a 7 55 0 1 21931374173960.28
a 7 56 0 1 15864810335423.883
a 7 57 0 1 28525403818616.527
a 7 58 0 1 29982824901072.184
a 7 59 0 1 12011108496517.16
a 7 60 0 1 20335463474299.953
a 7 61 0 1 19060027240357.05
a 7 62 0 1 22097276276209.293
a 7 63 0 1 28492682775420.26
a 7 64 0 1 13572811275385.492
a 7 65 0 1 22487212945135.96
a 7 66 0 1 24541672281367.094
a 7 67 0 1 12597553435361.273
a 7 68 0 1 9181649110648.014
a 7 69 0 1 13332586041020.834
a 7 70 0 1 6737243552717.684
a 7 71 0 1 17601443105322.69
a 7 72 0 1 23126977922815.258
a 7 73 0 1 16491746171560.648
a 7 74 0 1 27730355802535.062
a 7 75 0 1 12339895965870.441
a 7 76 0 1 15622439558396.129
a 7 77 0 1 21562020707696.793
a 7 78 0 1 20180198161132.266
a 7 79 0 1 8530574579753.4375
a 7 80 0 1 18670564318546.477
a 7 81 0 1 14021284379305.502
a 8 12 0 1 1394704948729.6316
a 8 13 0 1 3718265089107.67
a 8 14 0 1 3913750819492.9927
a 8 15 0 1 5109415145938.199
a 8 16 0 1 4403197843637.513
a 8 17 0 1 1354353361866.2515
a 8 18 0 1 1179172848640.5007
a 8 19 0 1 4875571414214.115
a 8 20 0 1 2849125088265.2554
a 8 21 0 1 2041359392268.419
a 8 22 0 1 3666665104152.2485
a 8 23 0 1 2665122376448.776
a 8 24 0 1 4588682035114.147
a 8 25 0 1 1739740862889.692
a 8 26 0 1 3977501573368.1055
a 8 27 0 1 1751269418902.74
a 8 28 0 1 3498722777615.575
a 8 29 0 1 4943174024755.928
a 8 30 0 1 3642659162053.347
a 8 31 0 1 5136399434037.348
a 8 32 0 1 5229873612202.695
a 8 33 0 1 2449104414624.72
a 8 34 0 1 3840044256316.968
a 8 35 0 1 2952134698387.653
a 8 36 0 1 2474721647216.373
a 8 37 0 1 1364737694086.04
a 8 38 0 1 1239695666120.6353
a 8 39 0 1 1700590732583.5784
a 8 40 0 1 4070685040221.8145
a 8 41 0 1 3948747180801.7407
a 8 42 0 1 3044217612751.535
a 8 43 0 1 3563246845615.398
a 8 44 0 1 4948216743885.632
a 8 45 0 1 4760151442730.173
a 8 46 0 1 3408607278485.9536
a 8 47 0 1 5463596066994.965
a 8 48 0 1 5414988704130.641
a 8 49 0 1 2438767017362.6606
a 8 50 0 1 5003527034249.158
a 8 51 0 1 3935077322546.8013
a 8 52 0 1 3685046862971.5737
a 8 53 0 1 2114561097163.4263
a 8 54 0 1 2872239462378.387
a 8 55 0 1 3961509898064.3916
a 8 56 0 1 2867333388583.4487
a 8 57 0 1 5149400892596.792
a 8 58 0 1 5411750635745.527
a 8 59 0 1 2171621822468.4531
a 8 60 0 1 3673789959049.191
a 8 61 0 1 3443784679946.484
a 8 62 0 1 3991414708286.1313
a 8 63 0 1 5143509963032.341
a 8 64 0 1 2453618115277.147
a 8 65 0 1 4061699353417.4775
a 8 66 0 1 4431922645364.909
a 8 67 0 1 2277525786159.6836
a 8 68 0 1 1660495334903.323
a 8 69 0 1 2410246110510.7583
a 8 70 0 1 1218707013469.7737
a 8 71 0 1 3180683627710.2466
a 8 72 0 1 4177003422995.0747
a 8 73 0 1 2980466727676.0674
a 8 74 0 1 5006254205560.057
a 8 75 0 1 2230997801825.4087
a 8 76 0 1 2823592924483.3022
a 8 77 0 1 3894928443444.038
a 8 78 0 1 3645793211103.4766
a 8 79 0 1 1542843633911.3435
a 8 80 0 1 3373540005813.561
a 8 81 0 1 2534583438796.7163
a 9 12 0 1 1487324081119.8555
a 9 13 0 1 3965256939388.9214
a 9 14 0 1 4173734370549.743
a 9 15 0 1 5448874404399.588
a 9 16 0 1 4695712076325.407
a 9 17 0 1 1444292393027.504
a 9 18 0 1 1257476920156.3699
a 9 19 0 1 5199485263796.873
a 9 20 0 1 3038362692555.926
a 9 21 0 1 2176932115696.0684
a 9 22 0 1 3910227797604.001
a 9 23 0 1 2842134604120.939
a 9 24 0 1 4893525339032.56
a 9 25 0 1 1855277927520.2693
a 9 26 0 1 4241722042789.5415
a 9 27 0 1 1867572265358.2034
a 9 28 0 1 3731124904776.639
a 9 29 0 1 5271581853133.089
a 9 30 0 1 3884626518292.8604
a 9 31 0 1 5477652605138.705
a 9 32 0 1 5577341028763.999
a 9 33 0 1 2611764836217.2666
a 9 34 0 1 4095129301842.5444
a 9 35 0 1 3148216634726.3677
a 9 36 0 1 2639083987282.279
a 9 37 0 1 1455366436888.2122
a 9 38 0 1 1322019423464.0671
a 9 39 0 1 1813527274504.588
a 9 40 0 1 4341098665414.6855
a 9 41 0 1 4211056605567.597
a 9 42 0 1 3246418018404.461
a 9 43 0 1 3799936849509.286
a 9 44 0 1 5276959797113.075
a 9 45 0 1 5076392759488.855
a 9 46 0 1 3635020991905.988
a 9 47 0 1 5826602181865.743
a 9 48 0 1 5774763155552.769
a 9 49 0 1 2600740661816.6426
a 9 50 0 1 5335946977008.346
a 9 51 0 1 4196478240086.795
a 9 52 0 1 3929831139661.6675
a 9 53 0 1 2254996624880.559
a 9 54 0 1 3063012854441.7256
a 9 55 0 1 4224667543660.8525
a 9 56 0 1 3057780805781.4966
a 9 57 0 1 5491518403542.454
a 9 58 0 1 5771309805365.417
a 9 59 0 1 2315847966507.719
a 9 60 0 1 3917826143170.3613
a 9 61 0 1 3672536009151.8833
a 9 62 0 1 4256559862912.253
a 9 63 0 1 5485235843334.532
a 9 64 0 1 2616578410424.5073
a 9 65 0 1 4331515766086.8706
a 9 66 0 1 4726346169122.137
a 9 67 0 1 2428787405538.7075
a 9 68 0 1 1770768591238.9822
a 9 69 0 1 2570324944030.881
a 9 70 0 1 1299636780865.784
a 9 71 0 1 3391951801914.96
a 9 72 0 1 4454483349293.986
a 9 73 0 1 3178431177141.5483
a 9 74 0 1 5338855445127.658
a 9 75 0 1 2379168423839.0747
a 9 76 0 1 3011134105997.5786
a 9 77 0 1 4153661059298.882
a 9 78 0 1 3887968842954.0283
a 9 79 0 1 1645302177612.4597
a 9 80 0 1 3597623441844.795
a 9 81 0 1 2702922826648.729
a 10 12 0 1 5505816181123.339
a 10 13 0 1 14690026556741.227
a 10 14 0 1 15463374558273.729
a 10 15 0 1 20195703068452.504
a 10 16 0 1 17400094625811.578
a 10 17 0 1 5346448733813.029
a 10 18 0 1 4654628899328.758
a 10 19 0 1 19269868059280.484
a 10 20 0 1 11252925168871.258
a 10 21 0 1 8060355568673.837
a 10 22 0 1 14485912477137.77
a 10 23 0 1 10525528561614.408
a 10 24 0 1 18134215984874.24
a 10 25 0 1 6868704100557.351
a 10 26 0 1 15715596896971.738
a 10 27 0 1 6914247280259.138
a 10 28 0 1 13821632579144.973
a 10 29 0 1 19537505418411.64
a 10 30 0 1 14390954606134.188
a 10 31 0 1 20302548860890.508
a 10 32 0 1 20672680270121.418
a 10 33 0 1 9671685899606.725
a 10 34 0 1 15171776876818.22
a 10 35 0 1 11660180870478.371
a 10 36 0 1 9772935213465.592
a 10 37 0 1 5387460941913.128
a 10 38 0 1 4893635252076.643
a 10 39 0 1 6714045466437.422
a 10 40 0 1 16084285986964.33
a 10 41 0 1 15601832179083.338
a 10 42 0 1 12024261269048.707
a 10 43 0 1 14076842411953.936
a 10 44 0 1 19557469934882.51
a 10 45 0 1 18812951229479.637
a 10 46 0 1 13465220588744.836
a 10 47 0 1 21598258538629.707
a 10 48 0 1 21405753470187.06
a 10 49 0 1 9630828965317.959
a 10 50 0 1 19776452170315.195
a 10 51 0 1 15547749133918.154
a 10 52 0 1 14558624385383.994
a 10 53 0 1 8349601817520.628
a 10 54 0 1 11344306981662.809
a 10 55 0 1 15652326691268.156
a 10 56 0 1 11324910882480.375
a 10 57 0 1 20354029561960.12
a 10 58 0 1 21392929619541.992
a 10 59 0 1 8575079234067.217
a 10 60 0 1 14514095841753.791
a 10 61 0 1 13604346637611.111
a 10 62 0 1 15770644029423.547
a 10 63 0 1 20330703723761.867
a 10 64 0 1 9689525680470.912
a 10 65 0 1 16048732258892.209
a 10 66 0 1 17513777439714.572
a 10 67 0 1 8993585561134.945
a 10 68 0 1 6555656912532.463
a 10 69 0 1 9518106062552.473
a 10 70 0 1 4810749344547.207
a 10 71 0 1 12563866943787.402
a 10 72 0 1 16504973167225.736
a 10 73 0 1 11772198533666.172
a 10 74 0 1 19787249688724.664
a 10 75 0 1 8809714740232.959
a 10 76 0 1 11151986384786.11
a 10 77 0 1 15388908140310.48
a 10 78 0 1 14403351558127.188
a 10 79 0 1 6090923165833.126
a 10 80 0 1 13326533411712.463
a 10 81 0 1 10009539281046.729
a 11 12 0 1 6131189219872.1045
a 11 13 0 1 16360546522089.145
a 11 14 0 1 17222012589062.781
a 11 15 0 1 22493940628049.754
a 11 16 0 1 19379486253698.41
a 11 17 0 1 5953707757726.669
a 11 18 0 1 5183262912827.292
a 11 19 0 1 21462486563474.86
a 11 20 0 1 12532020782792.688
a 11 21 0 1 8976183593415.14
a 11 22 0 1 16133177862110.262
a 11 23 0 1 11721830946283.627
a 11 24 0 1 20197313799575.97
a 11 25 0 1 7649015876472.824
a 11 26 0 1 17502977832517.664
a 11 27 0 1 7699737528315.994
a 11 28 0 1 15393225428092.291
a 11 29 0 1 21760653356472.797
a 11 30 0 1 16027401919397.648
a 11 31 0 1 22612976979698.56
a 11 32 0 1 23025341076022.836
a 11 33 0 1 10770822504194.943
a 11 34 0 1 16897187161414.365
a 11 35 0 1 12985637603865.373
a 11 36 0 1 10883592698436.068
a 11 37 0 1 5999381422636.284
a 11 38 0 1 5449430652183.573
a 11 39 0 1 7476772285069.237
a 11 40 0 1 17913685561153.793
a 11 41 0 1 17376248416370.184
a 11 42 0 1 13391168237355.717
a 11 43 0 1 15677506383159.35
a 11 44 0 1 21782895312352.74
a 11 45 0 1 20953454005522.793
a 11 46 0 1 14996217494480.3
a 11 47 0 1 24056547112427.723
a 11 48 0 1 23842071138424.074
a 11 49 0 1 10725316656670.367
a 11 50 0 1 22026858571433.703
a 11 51 0 1 17316002166294.262
a 11 52 0 1 16214173649761.203
a 11 53 0 1 9298329571143.914
a 11 54 0 1 12633804884657.566
a 11 55 0 1 17432497267987.8
a 11 56 0 1 12612200844015.912
a 11 57 0 1 22670331485108.457
a 11 58 0 1 23827783720127.508
a 11 59 0 1 9549455152598.025
a 11 60 0 1 16164572066135.344
a 11 61 0 1 15151189799784.984
a 11 62 0 1 17564298306359.031
a 11 63 0 1 22644344224249.21
a 11 64 0 1 10790692202845.848
a 11 65 0 1 17874079684208.734
a 11 66 0 1 19506130409106.77
a 11 67 0 1 10015570707469.348
a 11 68 0 1 7300375398321.458
a 11 69 0 1 10599767811774.008
a 11 70 0 1 5357125157197.662
a 11 71 0 1 13992214665936.113
a 11 72 0 1 18382322335640.883
a 11 73 0 1 13110407967801.203
a 11 74 0 1 22038887883883.797
a 11 75 0 1 9810782135488.174
a 11 76 0 1 12419592091868.13
a 11 77 0 1 17139060437857.057
a 11 78 0 1 16041211178703.994
a 11 79 0 1 6782806953885.047
a 11 80 0 1 14841734610648.438
a 11 81 0 1 11147120457177.658
a 12 1 0 1 0
a 13 1 0 1 0
a 14 1 0 1 0
a 15 1 0 1 0
a 16 1 0 1 0
a 17 1 0 1 0
a 18 1 0 1 0
a 19 1 0 1 0
a 20 1 0 1 0
a 21 1 0 1 0
a 22 1 0 1 0
a 23 1 0 1 0
a 24 1 0 1 0
a 25 1 0 1 0
a 26 1 0 1 0
a 27 1 0 1 0
a 28 1 0 1 0
a 29 1 0 1 0
a 30 1 0 1 0
a 31 1 0 1 0
a 32 1 0 1 0
a 33 1 0 1 0
a 34 1 0 1 0
a 35 1 0 1 0
a 36 1 0 1 0
a 37 1 0 1 0
a 38 1 0 1 0
a 39 1 0 1 0
a 40 1 0 1 0
a 41 1 0 1 0
a 42 1 0 1 0
a 43 1 0 1 0
a 44 1 0 1 0
a 45 1 0 1 0
a 46 1 0 1 0
a 47 1 0 1 0
a 48 1 0 1 0
a 49 1 0 1 0
a 50 1 0 1 0
a 51 1 0 1 0
a 52 1 0 1 0
a 53 1 0 1 0
a 54 1 0 1 0
a 55 1 0 1 0
a 56 1 0 1 0
a 57 1 0 1 0
a 58 1 0 1 0
a 59 1 0 1 0
a 60 1 0 1 0
a 61 1 0 1 0
a 62 1 0 1 0
a 63 1 0 1 0
a 64 1 0 1 0
a 65 1 0 1 0
a 66 1 0 1 0
a 67 1 0 1 0
a 68 1 0 1 0
a 69 1 0 1 0
a 70 1 0 1 0
a 71 1 0 1 0
a 72 1 0 1 0
a 73 1 0 1 0
a 74 1 0 1 0
a 75 1 0 1 0
a 76 1 0 1 0
a 77 1 0 1 0
a 78 1 0 1 0
a 79 1 0 1 0
a 80 1 0 1 0
a 81 1 0 1 0
