p min 80 758
n 0 10
n 1 -10
a 0 2 0 1 0
a 0 3 0 1 0
a 0 4 0 1 0
a 0 5 0 1 0
a 0 6 0 1 0
a 0 7 0 1 0
a 0 8 0 1 0
a 0 9 0 1 0
a 0 10 0 1 0
a 0 11 0 1 0
a 2 12 0 1 3929762257234.371
a 2 13 0 1 3514664288872.538
a 2 14 0 1 7479614637573.214
a 2 15 0 1 2032720618636.7961
a 2 16 0 1 7120531713884.088
a 2 17 0 1 3501865756785.9326
a 2 18 0 1 6211954445136.49
a 2 19 0 1 4865595321674.184
a 2 20 0 1 4064671353478.4277
a 2 21 0 1 6076034596488.86
a 2 22 0 1 7107217292247.327
a 2 23 0 1 7154496016583.084
a 2 24 0 1 3764833282434.338
a 2 25 0 1 5820728725583.474
a 2 26 0 1 6309343482983.433
a 2 27 0 1 6642836441719.3545
a 2 28 0 1 5636326142960.601
a 2 29 0 1 3820979649551.256
a 2 30 0 1 6217422944593.762
a 2 31 0 1 5881878669658.374
a 2 32 0 1 6219482393989.571
a 2 33 0 1 2831432162732.3643
a 2 34 0 1 5495672429240.8
a 2 35 0 1 6722225947291.879
a 2 36 0 1 1817584882912.3416
a 2 37 0 1 3078873931097.099
a 2 38 0 1 2717329956657.3276
a 2 39 0 1 2718696755968.024
a 2 40 0 1 5862129469263.756
a 2 41 0 1 6948608871002.87
a 2 42 0 1 4629288309613.326
a 2 43 0 1 5195826184931.853
a 2 44 0 1 7490531963101.299
a 2 45 0 1 2300922383434.669
a 2 46 0 1 7529424805073.121
a 2 47 0 1 6523413746865.638
a 2 48 0 1 5802169243532.758
a 2 49 0 1 5353785625827.207
a 2 50 0 1 1576687605734.176
a 2 51 0 1 4673849939313.299
a 2 52 0 1 3159453497410.2886
a 2 53 0 1 5668053998285.636
a 2 54 0 1 3314594983298.704
a 2 55 0 1 3838124674575.588
a 2 56 0 1 3013667714318.392
a 2 57 0 1 3291822803623.9385
a 2 58 0 1 4357419280809.7188
a 2 59 0 1 5037592227881.291
a 2 60 0 1 4088721220009.0796
a 2 61 0 1 3099985616198.0527
a 2 62 0 1 2533448396585.602
a 2 63 0 1 4915102774240.115
a 2 64 0 1 4471323263300.672
a 2 65 0 1 5927870993758.506
a 2 66 0 1 6028672860785.244
a 2 67 0 1 4935256084746.764
a 2 68 0 1 3220643042156.2344
a 2 69 0 1 1706525345834.5137
a 2 70 0 1 2810920116895.788
a 2 71 0 1 6982745636811.539
a 2 72 0 1 3122604713659.402
a 2 73 0 1 7449812346211.827
a 2 74 0 1 6692154443779.636
a 2 75 0 1 7220802323702.928
a 2 76 0 1 2879240771713.084
a 2 77 0 1 3070592875521.8184
a 2 78 0 1 3352782781783.609
a 2 79 0 1 5008792681433.016
a 3 12 0 1 3011668455897.8813
a 3 13 0 1 2693578152465.586
a 3 14 0 1 5731636341201.176
a 3 15 0 1 1557904151982.4956
a 3 16 0 1 5456523453870.855
a 3 17 0 1 2683770501900.599
a 3 18 0 1 4760389414295.314
a 3 19 0 1 3728772912470.3594
a 3 20 0 1 3115048003816.595
a 3 21 0 1 4656247370568.061
a 3 22 0 1 5446322451644.393
a 3 23 0 1 5482545574536.297
a 3 24 0 1 2885283943042.671
a 3 25 0 1 4460629472068.913
a 3 26 0 1 4835008609688.196
a 3 27 0 1 5090526973693.222
a 3 28 0 1 4319336706327.1006
a 3 29 0 1 2928308839272.586
a 3 30 0 1 4764579372920.887
a 3 31 0 1 4507483412495.162
a 3 32 0 1 4766157320595.834
a 3 33 0 1 2170000700921.561
a 3 34 0 1 4211564213073.506
a 3 35 0 1 5151353598641.258
a 3 36 0 1 1393029318837.2773
a 3 37 0 1 2359623589583.1562
a 3 38 0 1 2082559520317.646
a 3 39 0 1 2083606957627.8242
a 3 40 0 1 4492351316437.57
a 3 41 0 1 5324802164030.123
a 3 42 0 1 3547700424081.8726
a 3 43 0 1 3981811584425.5596
a 3 44 0 1 5740000612600.95
a 3 45 0 1 1763444836296.735
a 3 46 0 1 5769798189733.654
a 3 47 0 1 4999027243415.397
a 3 48 0 1 4446408907437.289
a 3 49 0 1 4102846068059.372
a 3 50 0 1 1208409197893.4126
a 3 51 0 1 3581846371511.536
a 3 52 0 1 2421373856715.8066
a 3 53 0 1 4343647292369.369
a 3 54 0 1 2540262154117.8643
a 3 55 0 1 2941447026225.4814
a 3 56 0 1 2309654133542.9395
a 3 57 0 1 2522811399325.6313
a 3 58 0 1 3339375354401.789
a 3 59 0 1 3860565724411.169
a 3 60 0 1 3133477107298.9844
a 3 61 0 1 2375802061866.532
a 3 62 0 1 1941642441281.882
a 3 63 0 1 3766708175594.0215
a 3 64 0 1 3426656925454.1787
a 3 65 0 1 4542723271363.853
a 3 66 0 1 4619958540549.288
a 3 67 0 1 3782150693114.955
a 3 68 0 1 2468264855210.1943
a 3 69 0 1 1307915224539.4216
a 3 70 0 1 2154281522032.633
a 3 71 0 1 5350956661171.339
a 3 72 0 1 2393135685833.8286
a 3 73 0 1 5708803393154.789
a 3 74 0 1 5128313454680.014
a 3 75 0 1 5533346737226.43
a 3 76 0 1 2206638230974.01
a 3 77 0 1 2353277581038.9883
a 3 78 0 1 2569526143073.146
a 3 79 0 1 3838498126417.961
a 4 12 0 1 12460430854180.553
a 4 13 0 1 11143087624118.924
a 4 14 0 1 23737337522875.33
a 4 15 0 1 6442263981688.563
a 4 16 0 1 22595716967350.773
a 4 17 0 1 11102474911667.096
a 4 18 0 1 19708025392031.004
a 4 19 0 1 15431368814800.877
a 4 20 0 1 12888633500918.922
a 4 21 0 1 19276150382351.066
a 4 22 0 1 22553390818305.414
a 4 23 0 1 22703689752653.89
a 4 24 0 1 11936984133734.168
a 4 25 0 1 18465014891214.367
a 4 26 0 1 20017489772757.6
a 4 27 0 1 21077314827158.16
a 4 28 0 1 17879211690146.2
a 4 29 0 1 12115174968064.861
a 4 30 0 1 19725401750159.434
a 4 31 0 1 18659285692666.82
a 4 32 0 1 19731945738698.887
a 4 33 0 1 8975397108532.348
a 4 34 0 1 17432424648924.385
a 4 35 0 1 21329637092256.1
a 4 36 0 1 5760128652594.505
a 4 37 0 1 9760370013275.791
a 4 38 0 1 8613457236294.839
a 4 39 0 1 8617792693413.314
a 4 40 0 1 18596542662273.055
a 4 41 0 1 22049201125214.336
a 4 42 0 1 14681046490841.959
a 4 43 0 1 16480067063196.957
a 4 44 0 1 23772049840030.7
a 4 45 0 1 7292759604216.791
a 4 46 0 1 23895713601525.113
a 4 47 0 1 20697774705938.625
a 4 48 0 1 18406053374935.438
a 4 49 0 1 16981752600245.146
a 4 50 0 1 4996397709901.415
a 4 51 0 1 14822531839839.08
a 4 52 0 1 10016017902699.52
a 4 53 0 1 17979999693350.887
a 4 54 0 1 10508251032375.97
a 4 55 0 1 12169588859945.057
a 4 56 0 1 9553503376855.25
a 4 57 0 1 10435997035444.102
a 4 58 0 1 13817917446344.752
a 4 59 0 1 15977549457817.592
a 4 60 0 1 12964971023966.035
a 4 61 0 1 9827348252351.426
a 4 62 0 1 8030216019735.619
a 4 63 0 1 15588576193180.713
a 4 64 0 1 14179525193858.361
a 4 65 0 1 18805405296519.125
a 4 66 0 1 19125668973503.26
a 4 67 0 1 15652572707307.693
a 4 68 0 1 10210155615550.703
a 4 69 0 1 5408018584199.457
a 4 70 0 1 8910329996673.932
a 4 71 0 1 22157712816791.684
a 4 72 0 1 9899109643341.242
a 4 73 0 1 23642580247677.95
a 4 74 0 1 21234060181014.414
a 4 75 0 1 22914483326768.758
a 4 76 0 1 9127055372324.541
a 4 77 0 1 9734098001364.611
a 4 78 0 1 10629419194278.727
a 4 79 0 1 15886092469875.725
a 5 12 0 1 19272856078230.76
a 5 13 0 1 17233858517210.764
a 5 14 0 1 36741260486372.23
a 5 15 0 1 9960634054487.06
a 5 16 0 1 34971708284962.273
a 5 17 0 1 17171003121323.93
a 5 18 0 1 30496825755415.863
a 5 19 0 1 23872549184102.586
a 5 20 0 1 19935705568855.05
a 5 21 0 1 29827715482995.17
a 5 22 0 1 34906106176614.42
a 5 23 0 1 35139058963522.746
a 5 24 0 1 18462619229215.766
a 5 25 0 1 28571110170718.46
a 5 26 0 1 30976305929842.125
a 5 27 0 1 32618527631358.805
a 5 28 0 1 27663668178481.83
a 5 29 0 1 18738432660254.258
a 5 30 0 1 30523747966256.812
a 5 31 0 1 28872061371328.38
a 5 32 0 1 30533886966869.29
a 5 33 0 1 13879421702232.535
a 5 34 0 1 26971615179201.082
a 5 35 0 1 33009538865430.324
a 5 36 0 1 8905576046407.268
a 5 37 0 1 15094038142009.582
a 5 38 0 1 13319419760541.08
a 5 39 0 1 13326127531344.02
a 5 40 0 1 28774863299349.79
a 5 41 0 1 34124679959921.957
a 5 42 0 1 22710715363234.625
a 5 43 0 1 25496586601453.0
a 5 44 0 1 36795069812986.94
a 5 45 0 1 11276221675045.814
a 5 46 0 1 36986769216264.51
a 5 47 0 1 32030396743715.79
a 5 48 0 1 28479772435429.418
a 5 49 0 1 26273584068734.895
a 5 50 0 1 7724421668025.169
a 5 51 0 1 22929789405422.137
a 5 52 0 1 15489637138094.371
a 5 53 0 1 27819789658006.098
a 5 54 0 1 16251372789165.146
a 5 55 0 1 18822658666971.723
a 5 56 0 1 14773934391333.383
a 5 57 0 1 16139556052017.959
a 5 58 0 1 21374342526403.707
a 5 59 0 1 24718349821207.234
a 5 60 0 1 20053878353104.44
a 5 61 0 1 15197681513084.938
a 5 62 0 1 12417068867709.908
a 5 63 0 1 24115990316748.758
a 5 64 0 1 21934197945579.914
a 5 65 0 1 29098424861132.992
a 5 66 0 1 29594581020201.984
a 5 67 0 1 24215092545201.58
a 5 68 0 1 15790061529441.797
a 5 69 0 1 8361003215892.029
a 5 70 0 1 13778746442890.297
a 5 71 0 1 34292854275772.746
a 5 72 0 1 15308727393249.988
a 5 73 0 1 36594373623828.99
a 5 74 0 1 32861426622189.87
a 5 75 0 1 35465781660839.29
a 5 76 0 1 14114078552555.283
a 5 77 0 1 15053384581770.852
a 5 78 0 1 16438888972218.598
a 5 79 0 1 24576717924772.527
a 6 12 0 1 19316360370666.58
a 6 13 0 1 17272751056818.602
a 6 14 0 1 36824363432758.73
a 6 15 0 1 9983093865188.5
a 6 16 0 1 35050792610838.02
a 6 17 0 1 17209753530672.225
a 6 18 0 1 30565755024824.61
a 6 19 0 1 23926464918314.027
a 6 20 0 1 19980709544875.734
a 6 21 0 1 29895127210825.797
a 6 22 0 1 34985041552854.01
a 6 23 0 1 35218523269452.89
a 6 24 0 1 18504290688714.4
a 6 25 0 1 28635672551891.406
a 6 26 0 1 31046322804050.824
a 6 27 0 1 32692270468895.23
a 6 28 0 1 27726173452936.785
a 6 29 0 1 18780727997533.93
a 6 30 0 1 30592738300123.297
a 6 31 0 1 28937306082689.176
a 6 32 0 1 30602900297927.094
a 6 33 0 1 13910731982100.592
a 6 34 0 1 27032551908054.87
a 6 35 0 1 33084169059016.113
a 6 36 0 1 8925654406198.398
a 6 37 0 1 15128093223453.701
a 6 38 0 1 13349464801903.863
a 6 39 0 1 13356187726919.951
a 6 40 0 1 28839887633660.168
a 6 41 0 1 34201841280756.133
a 6 42 0 1 22762000234064.637
a 6 43 0 1 25554180997973.625
a 6 44 0 1 36878294985076.18
a 6 45 0 1 11301651810087.412
a 6 46 0 1 37070429838111.95
a 6 47 0 1 32102805035094.76
a 6 48 0 1 28544127740926.598
a 6 49 0 1 26332938956287.098
a 6 50 0 1 7741834643137.866
a 6 51 0 1 22981570294846.047
a 6 52 0 1 15524586363961.57
a 6 53 0 1 27882648818113.89
a 6 54 0 1 16288043942171.191
a 6 55 0 1 18865144527667.54
a 6 56 0 1 14807266024665.725
a 6 57 0 1 16175974420854.11
a 6 58 0 1 21422602178867.3
a 6 59 0 1 24774181235121.465
a 6 60 0 1 20099149716757.88
a 6 61 0 1 15231970844416.037
a 6 62 0 1 12445075529601.396
a 6 63 0 1 24170457389894.355
a 6 64 0 1 21983724859015.08
a 6 65 0 1 29164182825275.77
a 6 66 0 1 29661464054297.89
a 6 67 0 1 24269784071282.46
a 6 68 0 1 15825689837843.64
a 6 69 0 1 8379852606190.182
a 6 70 0 1 13809829250392.836
a 6 71 0 1 34370397372180.086
a 6 72 0 1 15343267711490.5
a 6 73 0 1 36677142930388.16
a 6 74 0 1 32935720682265.15
a 6 75 0 1 35545987853132.58
a 6 76 0 1 14145919052204.37
a 6 77 0 1 15087347781474.457
a 6 78 0 1 16475984057823.262
a 6 79 0 1 24632228526211.92
a 7 12 0 1 8897766471143.314
a 7 13 0 1 7957420794850.731
a 7 14 0 1 16944104157140.422
a 7 15 0 1 4601214583585.137
a 7 16 0 1 16129803421725.613
a 7 17 0 1 7928429339681.214
a 7 18 0 1 14069782620107.22
a 7 19 0 1 11018181131933.123
a 7 20 0 1 9203408417623.273
a 7 21 0 1 13761657971294.172
a 7 22 0 1 16099611637701.088
a 7 23 0 1 16206821409807.275
a 7 24 0 1 8524129613266.246
a 7 25 0 1 13182923195957.846
a 7 26 0 1 14290567035635.04
a 7 27 0 1 15046654969428.2
a 7 28 0 1 12764940862273.979
a 7 29 0 1 8651323878215.812
a 7 30 0 1 14082179736807.72
a 7 31 0 1 13321535742919.047
a 7 32 0 1 14086848524421.035
a 7 33 0 1 6409902737155.687
a 7 34 0 1 12446138490093.908
a 7 35 0 1 15226655960580.688
a 7 36 0 1 4114110025253.639
a 7 37 0 1 6970321791923.388
a 7 38 0 1 6151491699684.134
a 7 39 0 1 6154587084447.248
a 7 40 0 1 13276768678329.818
a 7 41 0 1 15739960187084.621
a 7 42 0 1 10482701081712.324
a 7 43 0 1 11766557753435.445
a 7 44 0 1 16968862968334.35
a 7 45 0 1 5208512543243.52
a 7 46 0 1 17057066579186.355
a 7 47 0 1 14775893994709.053
a 7 48 0 1 13140853702508.42
a 7 49 0 1 12124554475114.617
a 7 50 0 1 3568713074610.441
a 7 51 0 1 10583676489146.607
a 7 52 0 1 7152831324895.336
a 7 53 0 1 12836856274508.76
a 7 54 0 1 7504232722292.314
a 7 55 0 1 8690164719622.289
a 7 56 0 1 6822635423609.019
a 7 57 0 1 7452651870227.126
a 7 58 0 1 9866681870767.066
a 7 59 0 1 11407955404157.908
a 7 60 0 1 9257895612867.432
a 7 61 0 1 7018138510163.151
a 7 62 0 1 5735067120578.16
a 7 63 0 1 11130371444922.998
a 7 64 0 1 10124767267180.322
a 7 65 0 1 13425791158014.002
a 7 66 0 1 13654293754824.014
a 7 67 0 1 11176041925942.795
a 7 68 0 1 7291426086867.231
a 7 69 0 1 3862663939769.8813
a 7 70 0 1 6363447795911.155
a 7 71 0 1 15817365373010.621
a 7 72 0 1 7069369754527.992
a 7 73 0 1 16876517556605.873
a 7 74 0 1 15158473908702.21
a 7 75 0 1 16357180837126.867
a 7 76 0 1 6518179026787.987
a 7 77 0 1 6951565771059.724
a 7 78 0 1 7590731981548.233
a 7 79 0 1 11342689366356.338
a 8 12 0 1 6554862304308.517
a 8 13 0 1 5862289695883.066
a 8 14 0 1 12479442540250.395
a 8 15 0 1 3390093069313.8403
a 8 16 0 1 11879998310089.611
a 8 17 0 1 5840936614089.995
a 8 18 0 1 10363389836559.08
a 8 19 0 1 8116420763949.698
a 8 20 0 1 6779961695127.343
a 8 21 0 1 10136528991267.77
a 8 22 0 1 11857772178858.502
a 8 23 0 1 11936696063835.291
a 8 24 0 1 6279680303549.074
a 8 25 0 1 9710416389629.027
a 8 26 0 1 10525942670057.99
a 8 27 0 1 11082596951599.936
a 8 28 0 1 9402653771997.615
a 8 29 0 1 6373359054076.11
a 8 30 0 1 10372517288756.158
a 8 31 0 1 9812475821316.688
a 8 32 0 1 10375954710108.85
a 8 33 0 1 4722443439218.216
a 8 34 0 1 9167912637577.164
a 8 35 0 1 11215115233597.754
a 8 36 0 1 3031247841530.1445
a 8 37 0 1 5135240357803.547
a 8 38 0 1 4532096719318.645
a 8 39 0 1 4534376811158.816
a 8 40 0 1 9779514244224.508
a 8 41 0 1 11593006274712.363
a 8 42 0 1 7722090728870.808
a 8 43 0 1 8667507365451.575
a 8 44 0 1 12497668175544.316
a 8 45 0 1 3837468772767.4355
a 8 46 0 1 12562597033139.959
a 8 47 0 1 10883257658176.34
a 8 48 0 1 9679440751135.256
a 8 49 0 1 8931118715778.455
a 8 50 0 1 2629446595233.8335
a 8 51 0 1 7796450475751.01
a 8 52 0 1 5269671324627.414
a 8 53 0 1 9455606029223.861
a 8 54 0 1 5528498706852.505
a 8 55 0 1 6401965242938.201
a 8 56 0 1 5026457984765.404
a 8 57 0 1 5490506781926.239
a 8 58 0 1 7268435423902.89
a 8 59 0 1 8403444316949.624
a 8 60 0 1 6820090023685.744
a 8 61 0 1 5170460840906.378
a 8 62 0 1 4225350244599.8413
a 8 63 0 1 8199036615801.776
a 8 64 0 1 7458499432948.259
a 8 65 0 1 9889237775346.357
a 8 66 0 1 10057479670565.508
a 8 67 0 1 8232667751295.43
a 8 68 0 1 5371755013622.746
a 8 69 0 1 2846005789496.1743
a 8 70 0 1 4688224742757.51
a 8 71 0 1 11649990417827.514
a 8 72 0 1 5208196256940.217
a 8 73 0 1 12429690063114.992
a 8 74 0 1 11164919189472.61
a 8 75 0 1 12047384269481.299
a 8 76 0 1 4802199349022.562
a 8 77 0 1 5121425159396.275
a 8 78 0 1 5592209550490.368
a 8 79 0 1 8355383921747.68
a 9 12 0 1 6656391448588.59
a 9 13 0 1 5953084136073.649
a 9 14 0 1 12672872290345.19
a 9 15 0 1 3442583248263.939
a 9 16 0 1 12064123841135.535
a 9 17 0 1 5931400114420.48
a 9 18 0 1 10523981290197.03
a 9 19 0 1 8242160057622.758
a 9 20 0 1 6884980198619.395
a 9 21 0 1 10293600833493.832
a 9 22 0 1 12041552754105.184
a 9 23 0 1 12121701568061.826
a 9 24 0 1 6376943986755.651
a 9 25 0 1 9860877852338.475
a 9 26 0 1 10689056149282.078
a 9 27 0 1 11254347711175.852
a 9 28 0 1 9548341254433.098
a 9 29 0 1 6472074774784.088
a 9 30 0 1 10533250353306.703
a 9 31 0 1 9964520494693.754
a 9 32 0 1 10536741105761.84
a 9 33 0 1 4795574328942.85
a 9 34 0 1 9309959071997.223
a 9 35 0 1 11388922367874.582
a 9 36 0 1 3078179905774.1133
a 9 37 0 1 5214767583334.642
a 9 38 0 1 4602278372667.038
a 9 39 0 1 4604593791525.613
a 9 40 0 1 9931047592570.96
a 9 41 0 1 11772677746646.205
a 9 42 0 1 7841715559234.244
a 9 43 0 1 8801792727084.523
a 9 44 0 1 12691380833608.113
a 9 45 0 1 3896888958506.459
a 9 46 0 1 12757317561135.072
a 9 47 0 1 11051915256794.316
a 9 48 0 1 9829421707558.201
a 9 49 0 1 9069492464066.87
a 9 50 0 1 2670155757094.2295
a 9 51 0 1 7917228281781.263
a 9 52 0 1 5351281706746.705
a 9 53 0 1 9602114876847.916
a 9 54 0 1 5614120090080.359
a 9 55 0 1 6501124371063.075
a 9 56 0 1 5104299554982.81
a 9 57 0 1 5575539395966.394
a 9 58 0 1 7381026593423.693
a 9 59 0 1 8533634539123.396
a 9 60 0 1 6925730592366.678
a 9 61 0 1 5250533840465.963
a 9 62 0 1 4290779437345.258
a 9 63 0 1 8326057018492.163
a 9 64 0 1 7574037343233.276
a 9 65 0 1 10042473253760.215
a 9 66 0 1 10213325153346.97
a 9 67 0 1 8360209672986.566
a 9 68 0 1 5454947339208.794
a 9 69 0 1 2890068842249.0825
a 9 70 0 1 4760825437548.414
a 9 71 0 1 11830546248507.459
a 9 72 0 1 5288854006733.079
a 9 73 0 1 12622347535035.072
a 9 74 0 1 11337947390705.893
a 9 75 0 1 12234107735219.074
a 9 76 0 1 4876566017638.677
a 9 77 0 1 5200738306850.599
a 9 78 0 1 5678818286364.781
a 9 79 0 1 8484828841464.292
a 10 12 0 1 6605040003819.015
a 10 13 0 1 5907162121601.353
a 10 14 0 1 12575038814657.965
a 10 15 0 1 3416034821963.015
a 10 16 0 1 11970996330399.639
a 10 17 0 1 5885645483580.394
a 10 18 0 1 10442757017759.053
a 10 19 0 1 8178563507737.834
a 10 20 0 1 6831863894027.283
a 10 21 0 1 10214156733192.97
a 10 22 0 1 11948599717874.139
a 10 23 0 1 12028128977417.275
a 10 24 0 1 6327749940263.374
a 10 25 0 1 9784777191203.81
a 10 26 0 1 10606556269768.93
a 10 27 0 1 11167479207098.79
a 10 28 0 1 9474655205386.64
a 10 29 0 1 6422146312328.147
a 10 30 0 1 10451954455957.709
a 10 31 0 1 9887619067576.352
a 10 32 0 1 10455418234252.799
a 10 33 0 1 4758586222688.982
a 10 34 0 1 9238114612953.496
a 10 35 0 1 11301013775467.445
a 10 36 0 1 3054442664263.8506
a 10 37 0 1 5174544326791.479
a 10 38 0 1 4566781935726.046
a 10 39 0 1 4569079486834.223
a 10 40 0 1 9854404786573.521
a 10 41 0 1 11681803045044.455
a 10 42 0 1 7781211609969.43
a 10 43 0 1 8733873705089.412
a 10 44 0 1 12593404266306.568
a 10 45 0 1 3866835468969.311
a 10 46 0 1 12658831224719.852
a 10 47 0 1 10966611233971.35
a 10 48 0 1 9753564079804.5
a 10 49 0 1 8999505596357.736
a 10 50 0 1 2649565934759.296
a 10 51 0 1 7856141175488.333
a 10 52 0 1 5310004826989.802
a 10 53 0 1 9528013392932.895
a 10 54 0 1 5570814517248.11
a 10 55 0 1 6450971640625.513
a 10 56 0 1 5064928872460.3955
a 10 57 0 1 5532531612183.551
a 10 58 0 1 7324080157961.029
a 10 59 0 1 8467786777345.4
a 10 60 0 1 6872299657480.959
a 10 61 0 1 5210034541239.256
a 10 62 0 1 4257686706188.9785
a 10 63 0 1 8261812503281.727
a 10 64 0 1 7515600493499.493
a 10 65 0 1 9964969533888.836
a 10 66 0 1 10134501328999.078
a 10 67 0 1 8295701381422.777
a 10 68 0 1 5412870340671.143
a 10 69 0 1 2867782689466.7104
a 10 70 0 1 4724105494140.449
a 10 71 0 1 11739224249057.434
a 10 72 0 1 5248058951339.558
a 10 73 0 1 12524904668786.248
a 10 74 0 1 11250432772815.148
a 10 75 0 1 12139666220064.39
a 10 76 0 1 4838952877085.709
a 10 77 0 1 5160623327142.366
a 10 78 0 1 5635013327969.979
a 10 79 0 1 8419358042405.108
a 11 12 0 1 6871034865183.043
a 11 13 0 1 6145032506989.723
a 11 14 0 1 13081816842969.865
a 11 15 0 1 3553551121972.7773
a 11 16 0 1 12453396337702.281
a 11 17 0 1 6122648823249.546
a 11 18 0 1 10863495904175.52
a 11 19 0 1 8507988614107.92
a 11 20 0 1 7107000769716.855
a 11 21 0 1 10625674037741.17
a 11 22 0 1 12430095907746.514
a 11 23 0 1 12512834600088.814
a 11 24 0 1 6582569450214.703
a 11 25 0 1 10178974978530.629
a 11 26 0 1 11033903018498.293
a 11 27 0 1 11617456237985.086
a 11 28 0 1 9856344973972.324
a 11 29 0 1 6680770104008.589
a 11 30 0 1 10873064371417.545
a 11 31 0 1 10285964937923.15
a 11 32 0 1 10876667880392.75
a 11 33 0 1 4950179238892.6875
a 11 34 0 1 9610264714613.697
a 11 35 0 1 11756378670043.107
a 11 36 0 1 3177397342334.8125
a 11 37 0 1 5382895275808.174
a 11 38 0 1 4750648189630.19
a 11 39 0 1 4753038294604.621
a 11 40 0 1 10251410961954.643
a 11 41 0 1 12152533002729.062
a 11 42 0 1 8094616822899.752
a 11 43 0 1 9085689607491.842
a 11 44 0 1 13100923545036.643
a 11 45 0 1 4022507658642.202
a 11 46 0 1 13168991236054.951
a 11 47 0 1 11408483952053.39
a 11 48 0 1 10146502919871.102
a 11 49 0 1 9362033159311.771
a 11 50 0 1 2756217381231.9976
a 11 51 0 1 8172567180084.523
a 11 52 0 1 5523813508074.613
a 11 53 0 1 9911855168521.479
a 11 54 0 1 5795131774385.962
a 11 55 0 1 6710757143139.309
a 11 56 0 1 5268863521379.057
a 11 57 0 1 5755306328700.901
a 11 58 0 1 7619057252744.958
a 11 59 0 1 8808873353075.932
a 11 60 0 1 7149066326932.895
a 11 61 0 1 5419815381346.714
a 11 62 0 1 4429101924033.937
a 11 63 0 1 8594594122641.11
a 11 64 0 1 7818298008915.746
a 11 65 0 1 10366435369487.648
a 11 66 0 1 10542805506702.35
a 11 67 0 1 8629849384302.416
a 11 68 0 1 5630823613256.936
a 11 69 0 1 2983220906082.479
a 11 70 0 1 4914309441217.044
a 11 71 0 1 12212271306520.955
a 11 72 0 1 5459371798080.145
a 11 73 0 1 13029659242822.457
a 11 74 0 1 11703756800680.166
a 11 75 0 1 12628873072585.553
a 11 76 0 1 5033783538741.814
a 11 77 0 1 5368413406188.451
a 11 78 0 1 5861917392159.298
a 11 79 0 1 8758491917383.374
a 12 1 0 1 0
a 13 1 0 1 0
a 14 1 0 1 0
a 15 1 0 1 0
a 16 1 0 1 0
a 17 1 0 1 0
a 18 1 0 1 0
a 19 1 0 1 0
a 20 1 0 1 0
a 21 1 0 1 0
a 22 1 0 1 0
a 23 1 0 1 0
a 24 1 0 1 0
a 25 1 0 1 0
a 26 1 0 1 0
a 27 1 0 1 0
a 28 1 0 1 0
a 29 1 0 1 0
a 30 1 0 1 0
a 31 1 0 1 0
a 32 1 0 1 0
a 33 1 0 1 0
a 34 1 0 1 0
a 35 1 0 1 0
a 36 1 0 1 0
a 37 1 0 1 0
a 38 1 0 1 0
a 39 1 0 1 0
a 40 1 0 1 0
a 41 1 0 1 0
a 42 1 0 1 0
a 43 1 0 1 0
a 44 1 0 1 0
a 45 1 0 1 0
a 46 1 0 1 0
a 47 1 0 1 0
a 48 1 0 1 0
a 49 1 0 1 0
a 50 1 0 1 0
a 51 1 0 1 0
a 52 1 0 1 0
a 53 1 0 1 0
a 54 1 0 1 0
a 55 1 0 1 0
a 56 1 0 1 0
a 57 1 0 1 0
a 58 1 0 1 0
a 59 1 0 1 0
a 60 1 0 1 0
a 61 1 0 1 0
a 62 1 0 1 0
a 63 1 0 1 0
a 64 1 0 1 0
a 65 1 0 1 0
a 66 1 0 1 0
a 67 1 0 1 0
a 68 1 0 1 0
a 69 1 0 1 0
a 70 1 0 1 0
a 71 1 0 1 0
a 72 1 0 1 0
a 73 1 0 1 0
a 74 1 0 1 0
a 75 1 0 1 0
a 76 1 0 1 0
a 77 1 0 1 0
a 78 1 0 1 0
a 79 1 0 1 0
