p min 80 758
n 0 10
n 1 -10
a 0 2 0 1 0
a 0 3 0 1 0
a 0 4 0 1 0
a 0 5 0 1 0
a 0 6 0 1 0
a 0 7 0 1 0
a 0 8 0 1 0
a 0 9 0 1 0
a 0 10 0 1 0
a 0 11 0 1 0
a 2 12 0 1 7984340753042.765
a 2 13 0 1 7194015983063.058
a 2 14 0 1 4110043051364.1885
a 2 15 0 1 10001438168309.451
a 2 16 0 1 7550108795907.754
a 2 17 0 1 3015653509074.6724
a 2 18 0 1 8575891947368.661
a 2 19 0 1 3460590575976.2915
a 2 20 0 1 3231682353325.803
a 2 21 0 1 6636737212478.129
a 2 22 0 1 9556701117852.312
a 2 23 0 1 4382332610646.029
a 2 24 0 1 6816189940518.352
a 2 25 0 1 8399447100041.125
a 2 26 0 1 4537804790024.431
a 2 27 0 1 9056420413364.34
a 2 28 0 1 3894022903954.0244
a 2 29 0 1 4949448692246.004
a 2 30 0 1 2300026507578.579
a 2 31 0 1 4292413648696.248
a 2 32 0 1 3284183177043.066
a 2 33 0 1 8902457058748.633
a 2 34 0 1 10208984462220.361
a 2 35 0 1 4276381471561.4326
a 2 36 0 1 3203114958491.089
a 2 37 0 1 8415571638996.744
a 2 38 0 1 2423951739424.2227
a 2 39 0 1 2485903431747.864
a 2 40 0 1 7811339755324.836
a 2 41 0 1 10107329163962.225
a 2 42 0 1 2957610311430.504
a 2 43 0 1 3179571893414.649
a 2 44 0 1 5068964387366.487
a 2 45 0 1 2167868737850.2725
a 2 46 0 1 6275383345885.297
a 2 47 0 1 7726897845197.175
a 2 48 0 1 4293134297352.563
a 2 49 0 1 8588093731859.066
a 2 50 0 1 7322728421576.909
a 2 51 0 1 2673765328583.4424
a 2 52 0 1 3391183544930.6924
a 2 53 0 1 4963428270635.569
a 2 54 0 1 10339401833684.477
a 2 55 0 1 2989776766758.266
a 2 56 0 1 9483004789182.91
a 2 57 0 1 10318429998979.72
a 2 58 0 1 9980384780382.047
a 2 59 0 1 4559441943078.262
a 2 60 0 1 6273719625398.682
a 2 61 0 1 9455408355924.78
a 2 62 0 1 4757892200524.334
a 2 63 0 1 8059364760699.531
a 2 64 0 1 5430656190894.29
a 2 65 0 1 4545459313053.994
a 2 66 0 1 3059500503019.029
a 2 67 0 1 3860972392744.6357
a 2 68 0 1 7653772702007.537
a 2 69 0 1 7047878996486.433
a 2 70 0 1 9319864931388.625
a 2 71 0 1 3087025318358.068
a 2 72 0 1 8609292922443.475
a 2 73 0 1 3213731085073.3594
a 2 74 0 1 5959446328835.302
a 2 75 0 1 2690247611063.071
a 2 76 0 1 9710155304396.39
a 2 77 0 1 4951879259239.548
a 2 78 0 1 4937054000767.144
a 2 79 0 1 10579501531517.84
a 3 12 0 1 15477142080612.557
a 3 13 0 1 13943955661349.498
a 3 14 0 1 7963724823766.782
a 3 15 0 1 19391389143609.938
a 3 16 0 1 14634723597326.78
a 3 17 0 1 5842517132386.959
a 3 18 0 1 16624890383504.787
a 3 19 0 1 6704858813806.212
a 3 20 0 1 6261196727633.712
a 3 21 0 1 12863023237625.383
a 3 22 0 1 18528214609909.805
a 3 23 0 1 8491569771950.694
a 3 24 0 1 13211086637941.695
a 3 25 0 1 16282530540151.486
a 3 26 0 1 8792973167973.334
a 3 27 0 1 17557336725876.58
a 3 28 0 1 7544982629247.839
a 3 29 0 1 9591048264524.09
a 3 30 0 1 4455719537340.275
a 3 31 0 1 8317254586129.333
a 3 32 0 1 6362950089303.183
a 3 33 0 1 17258566406720.297
a 3 34 0 1 19794236926184.418
a 3 35 0 1 8286175268923.46
a 3 36 0 1 6205829920003.356
a 3 37 0 1 16313816797042.678
a 3 38 0 1 4695856135827.719
a 3 39 0 1 4815905676973.132
a 3 40 0 1 15141507275295.62
a 3 41 0 1 19596921520009.63
a 3 42 0 1 5730028527958.012
a 3 43 0 1 6160201082428.775
a 3 44 0 1 9822772760814.793
a 3 45 0 1 4199637386569.715
a 3 46 0 1 12162188540190.488
a 3 47 0 1 14977688252370.008
a 3 48 0 1 8318651608414.643
a 3 49 0 1 16648566259594.697
a 3 50 0 1 14193632809514.578
a 3 51 0 1 5179952920610.071
a 3 52 0 1 6570334163110.512
a 3 53 0 1 9618152435273.57
a 3 54 0 1 20047386580887.586
a 3 55 0 1 5792367435953.202
a 3 56 0 1 18385188023790.29
a 3 57 0 1 20006678233459.5
a 3 58 0 1 19350525486436.324
a 3 59 0 1 8834920455619.734
a 3 60 0 1 12158961932224.43
a 3 61 0 1 18331630670152.617
a 3 62 0 1 9219659058430.225
a 3 63 0 1 15622698143895.82
a 3 64 0 1 10524079905003.117
a 3 65 0 1 8807812735514.91
a 3 66 0 1 5927494212051.062
a 3 67 0 1 7480917904983.2295
a 3 68 0 1 14835826406529.043
a 3 69 0 1 13660486701770.64
a 3 70 0 1 18068581500289.63
a 3 71 0 1 5980838723134.153
a 3 72 0 1 16689700507200.084
a 3 73 0 1 6226405121280.314
a 3 74 0 1 11549483306692.191
a 3 75 0 1 5211893734578.965
a 3 76 0 1 18826039058143.24
a 3 77 0 1 9595760740019.506
a 3 78 0 1 9567017004987.527
a 3 79 0 1 20513456361801.812
a 4 12 0 1 27676109234540.383
a 4 13 0 1 24931003463833.637
a 4 14 0 1 14230963242254.982
a 4 15 0 1 34687881434315.258
a 4 16 0 1 26167699571159.633
a 4 17 0 1 10438414563828.924
a 4 18 0 1 29731605840044.875
a 4 19 0 1 11980036046969.99
a 4 20 0 1 11186864398573.318
a 4 21 0 1 22996099692036.383
a 4 22 0 1 33141206972017.16
a 4 23 0 1 15174934394139.836
a 4 24 0 1 23619102833073.445
a 4 25 0 1 29118430369806.387
a 4 26 0 1 15713989524255.447
a 4 27 0 1 31401835654897.44
a 4 28 0 1 13482170254026.732
a 4 29 0 1 17141476496170.305
a 4 30 0 1 7959720686462.928
a 4 31 0 1 14863187947966.547
a 4 32 0 1 11368771713677.053
a 4 33 0 1 30866637136354.617
a 4 34 0 1 35409805307151.42
a 4 35 0 1 14807606525075.195
a 4 36 0 1 11087885026827.453
a 4 37 0 1 29174463290124.89
a 4 38 0 1 8388884434272.973
a 4 39 0 1 8603439788005.398
a 4 40 0 1 27075103740540.73
a 4 41 0 1 35056199359404.965
a 4 42 0 1 10237334732495.637
a 4 43 0 1 11006314994070.367
a 4 44 0 1 17555992165654.27
a 4 45 0 1 7502080183703.003
a 4 46 0 1 21741786323483.465
a 4 47 0 1 26781774040131.645
a 4 48 0 1 14865686352766.018
a 4 49 0 1 29774011369476.418
a 4 50 0 1 25377987680790.395
a 4 51 0 1 9254102103477.75
a 4 52 0 1 11739528385879.111
a 4 53 0 1 17189960341790.643
a 4 54 0 1 35863489602510.02
a 4 55 0 1 10348768598798.992
a 4 56 0 1 32884949089281.54
a 4 57 0 1 35790532379742.164
a 4 58 0 1 34614654629172.945
a 4 59 0 1 15789013912519.344
a 4 60 0 1 21736011896988.87
a 4 61 0 1 32788993165878.84
a 4 62 0 1 16477160825931.252
a 4 63 0 1 27936761063030.516
a 4 64 0 1 18810617558595.008
a 4 65 0 1 15740530614264.834
a 4 66 0 1 10590318686708.047
a 4 67 0 1 13367615008944.523
a 4 68 0 1 26527767305792.875
a 4 69 0 1 24423548110612.96
a 4 70 0 1 32317715256097.535
a 4 71 0 1 10685677962805.717
a 4 72 0 1 29847686778027.695
a 4 73 0 1 11124667246311.996
a 4 74 0 1 20645332907822.1
a 4 75 0 1 9311192028814.736
a 4 76 0 1 33674834540718.316
a 4 77 0 1 17149906138675.06
a 4 78 0 1 17098489662975.59
a 4 79 0 1 36698815297969.05
a 5 12 0 1 4405746058319.346
a 5 13 0 1 3969808046601.6797
a 5 14 0 1 2268368374400.614
a 5 15 0 1 5518202638627.503
a 5 16 0 1 4166230933266.29
a 5 17 0 1 1664459270074.3027
a 5 18 0 1 4732018578521.285
a 5 19 0 1 1909993917040.5103
a 5 20 0 1 1783674315140.6929
a 5 21 0 1 3662395310091.3105
a 5 22 0 1 5272944037337.72
a 5 23 0 1 2418613366271.7236
a 5 24 0 1 3761389086711.665
a 5 25 0 1 4634701775232.523
a 5 26 0 1 2504398516350.549
a 5 27 0 1 4997041381323.149
a 5 28 0 1 2149168933906.3904
a 5 29 0 1 2731525328462.094
a 5 30 0 1 1269523091745.3604
a 5 31 0 1 2368997998705.698
a 5 32 0 1 1812646378434.4067
a 5 33 0 1 4912128385227.0
a 5 34 0 1 5632654086115.464
a 5 35 0 1 2360151736546.6494
a 5 36 0 1 1767909613281.5105
a 5 37 0 1 4643595214730.666
a 5 38 0 1 1337916334933.2512
a 5 39 0 1 1372106600019.3066
a 5 40 0 1 4310322872394.0366
a 5 41 0 1 5576596557024.287
a 5 42 0 1 1632427805496.9346
a 5 43 0 1 1754917515058.3745
a 5 44 0 1 2797466970261.369
a 5 45 0 1 1196585419863.9429
a 5 46 0 1 3463051544521.222
a 5 47 0 1 4263746128382.7383
a 5 48 0 1 2369395639111.7354
a 5 49 0 1 4738748313696.427
a 5 50 0 1 4040807416918.628
a 5 51 0 1 1475783594626.2512
a 5 52 0 1 1871692993312.069
a 5 53 0 1 2739238469154.8677
a 5 54 0 1 5704571517888.558
a 5 55 0 1 1650179068208.4995
a 5 56 0 1 5232301724416.733
a 5 57 0 1 5693006862428.415
a 5 58 0 1 5506592606363.551
a 5 59 0 1 2516337176148.133
a 5 60 0 1 3462133722541.3213
a 5 61 0 1 5217082665846.502
a 5 62 0 1 2625834169388.7847
a 5 63 0 1 4447126965113.943
a 5 64 0 1 2997022007933.505
a 5 65 0 1 2508622030048.4893
a 5 66 0 1 1688656352712.5127
a 5 67 0 1 2130931500386.7312
a 5 68 0 1 4223411195459.8706
a 5 69 0 1 3889195936689.6377
a 5 70 0 1 5142331676287.588
a 5 71 0 1 1703845940844.1292
a 5 72 0 1 4750440430748.552
a 5 73 0 1 1773768048272.364
a 5 74 0 1 3288756256014.8745
a 5 75 0 1 1484879720691.5103
a 5 76 0 1 5357570504188.187
a 5 77 0 1 2732866378659.5938
a 5 78 0 1 2724686629420.329
a 5 79 0 1 5836969702603.052
a 6 12 0 1 11222814551117.592
a 6 13 0 1 10111558207832.89
a 6 14 0 1 5776044286998.164
a 6 15 0 1 14059378304114.385
a 6 16 0 1 10612241444505.725
a 6 17 0 1 4237828723091.7363
a 6 18 0 1 12054633970800.615
a 6 19 0 1 4863189567374.643
a 6 20 0 1 4541454891274.884
a 6 21 0 1 9328031508940.49
a 6 22 0 1 13433916305526.76
a 6 23 0 1 6158784391215.393
a 6 24 0 1 9580335253435.736
a 6 25 0 1 11806518336971.768
a 6 26 0 1 6377326104926.082
a 6 27 0 1 12730370837215.473
a 6 28 0 1 5472405438015.002
a 6 29 0 1 6955974626566.652
a 6 30 0 1 3232066572049.2866
a 6 31 0 1 6032389952620.135
a 6 32 0 1 4615245147488.65
a 6 33 0 1 12513858577912.977
a 6 34 0 1 14351272764736.668
a 6 35 0 1 6009854461129.415
a 6 36 0 1 4501303380177.243
a 6 37 0 1 11829192392175.28
a 6 38 0 1 3406229739781.5503
a 6 39 0 1 3493296727075.7896
a 6 40 0 1 10979555055793.379
a 6 41 0 1 14208303382290.982
a 6 42 0 1 4156250689982.1836
a 6 43 0 1 4468213651677.83
a 6 44 0 1 7123982207298.338
a 6 45 0 1 3046335705278.8237
a 6 46 0 1 8819994488232.297
a 6 47 0 1 10860821352149.418
a 6 48 0 1 6033402926979.988
a 6 49 0 1 12071792194728.896
a 6 50 0 1 10292532024160.533
a 6 51 0 1 3757321154652.2393
a 6 52 0 1 4765635994667.508
a 6 53 0 1 6975626133961.016
a 6 54 0 1 14534695506600.2
a 6 55 0 1 4201459656655.4473
a 6 56 0 1 13330274985289.125
a 6 57 0 1 14505199964097.709
a 6 58 0 1 14029768998798.037
a 6 59 0 1 6407740933104.407
a 6 60 0 1 8817655458990.69
a 6 61 0 1 13291465491305.611
a 6 62 0 1 6686700577783.489
a 6 63 0 1 11328308242640.637
a 6 64 0 1 7632437024332.697
a 6 65 0 1 6388085877717.357
a 6 66 0 1 4299454696201.295
a 6 67 0 1 5425950037516.425
a 6 68 0 1 10758000903085.621
a 6 69 0 1 9906087558004.883
a 6 70 0 1 13100849134276.396
a 6 71 0 1 4338140339821.848
a 6 72 0 1 12101602672663.256
a 6 73 0 1 4516224347578.861
a 6 74 0 1 8375824283931.837
a 6 75 0 1 3780485866480.67
a 6 76 0 1 13649725746541.861
a 6 77 0 1 6959391344736.926
a 6 78 0 1 6938551063110.834
a 6 79 0 1 14872384481315.34
a 7 12 0 1 10771878579735.197
a 7 13 0 1 9705322748050.771
a 7 14 0 1 5544100827289.1875
a 7 15 0 1 13494291194953.71
a 7 16 0 1 10185867258856.64
a 7 17 0 1 4067682943524.9473
a 7 18 0 1 11570230709896.395
a 7 19 0 1 4667922503113.062
a 7 20 0 1 4359112620192.912
a 7 21 0 1 8953306971200.975
a 7 22 0 1 12894005659722.379
a 7 23 0 1 5911461115905.402
a 7 24 0 1 9195464466745.021
a 7 25 0 1 11332098364668.535
a 7 26 0 1 6121220487361.594
a 7 27 0 1 12218775558020.24
a 7 28 0 1 5252662307639.748
a 7 29 0 1 6676613324907.762
a 7 30 0 1 3102315844202.039
a 7 31 0 1 5790145785045.8
a 7 32 0 1 4429938639908.957
a 7 33 0 1 12010976311657.092
a 7 34 0 1 13774434957458.41
a 7 35 0 1 5768515857967.829
a 7 36 0 1 4320574019555.02
a 7 37 0 1 11353860119447.73
a 7 38 0 1 3269484630949.659
a 7 39 0 1 3353054913010.388
a 7 40 0 1 10538405185441.098
a 7 41 0 1 13637221140549.889
a 7 42 0 1 3989381714397.832
a 7 43 0 1 4288813514683.5913
a 7 44 0 1 6837868181915.725
a 7 45 0 1 2924043619784.973
a 7 46 0 1 8465698648596.624
a 7 47 0 1 10424447836126.08
a 7 48 0 1 5791118054017.761
a 7 49 0 1 11586698527824.135
a 7 50 0 1 9879017604237.342
a 7 51 0 1 3606475420022.046
a 7 52 0 1 4574287970161.312
a 7 53 0 1 6695474992795.959
a 7 54 0 1 13950473323256.512
a 7 55 0 1 4032774747039.5107
a 7 56 0 1 12794535834637.135
a 7 57 0 1 13922165255547.73
a 7 58 0 1 13465873819240.3
a 7 59 0 1 6150413028157.507
a 7 60 0 1 8463453668854.815
a 7 61 0 1 12757288372740.828
a 7 62 0 1 6418161677048.938
a 7 63 0 1 10873128195577.24
a 7 64 0 1 7325885161841.385
a 7 65 0 1 6131547855738.344
a 7 66 0 1 4126833502336.7246
a 7 67 0 1 5208073431339.581
a 7 68 0 1 10325763490452.482
a 7 69 0 1 9508115994276.498
a 7 70 0 1 12574343883790.463
a 7 71 0 1 4163965189855.1
a 7 72 0 1 11615309497012.895
a 7 73 0 1 4334895604351.6826
a 7 74 0 1 8039387111976.928
a 7 75 0 1 3628709746120.649
a 7 76 0 1 13101128605698.451
a 7 77 0 1 6679892717523.489
a 7 78 0 1 6659890051873.505
a 7 79 0 1 14274566568542.775
a 8 12 0 1 13368982751169.283
a 8 13 0 1 12044923110561.264
a 8 14 0 1 6879787225654.038
a 8 15 0 1 16749036883605.676
a 8 16 0 1 12641478123719.807
a 8 17 0 1 5047463572604.274
a 8 18 0 1 14360136338239.184
a 8 19 0 1 5792378959212.002
a 8 20 0 1 5409133486678.45
a 8 21 0 1 11111391658892.016
a 8 22 0 1 16003698960699.064
a 8 23 0 1 7335726835861.88
a 8 24 0 1 11411994973892.396
a 8 25 0 1 14064490600361.195
a 8 26 0 1 7596068362447.359
a 8 27 0 1 15165336688923.748
a 8 28 0 1 6518082547309.04
a 8 29 0 1 8285405339037.867
a 8 30 0 1 3849465944823.5674
a 8 31 0 1 7185158458760.458
a 8 32 0 1 5497030842407.526
a 8 33 0 1 14907340534342.62
a 8 34 0 1 17096882820891.072
a 8 35 0 1 7158312963884.643
a 8 36 0 1 5361305995837.257
a 8 37 0 1 14091508061325.76
a 8 38 0 1 4056913842501.1226
a 8 39 0 1 4160621001273.922
a 8 40 0 1 13079134017473.523
a 8 41 0 1 16926507945745.654
a 8 42 0 1 4950291216642.451
a 8 43 0 1 5321890389990.787
a 8 44 0 1 8485554026695.387
a 8 45 0 1 3628241369869.8013
a 8 46 0 1 10506109110054.453
a 8 47 0 1 12937661476324.648
a 8 48 0 1 7186365169167.457
a 8 49 0 1 14380581585377.451
a 8 50 0 1 12260548617000.543
a 8 51 0 1 4475107991279.124
a 8 52 0 1 5676174047737.218
a 8 53 0 1 8308816250299.085
a 8 54 0 1 17315467047226.564
a 8 55 0 1 5004142212046.842
a 8 56 0 1 15880195752176.621
a 8 57 0 1 17280317195166.826
a 8 58 0 1 16713752200697.418
a 8 59 0 1 7632300741492.262
a 8 60 0 1 10503322388614.871
a 8 61 0 1 15833948927524.527
a 8 62 0 1 7964620239945.882
a 8 63 0 1 13494681639101.156
a 8 64 0 1 9091289078942.076
a 8 65 0 1 7608886189172.51
a 8 66 0 1 5120870096890.825
a 8 67 0 1 6462743758357.67
a 8 68 0 1 12815150355148.934
a 8 69 0 1 11800112361622.275
a 8 70 0 1 15606804594694.262
a 8 71 0 1 5166951071584.475
a 8 72 0 1 14416102932028.072
a 8 73 0 1 5379079474740.23
a 8 74 0 1 9976929500540.0
a 8 75 0 1 4502700311437.683
a 8 76 0 1 16260868072357.594
a 8 77 0 1 8289475686197.057
a 8 78 0 1 8264648602334.059
a 8 79 0 1 17717894420667.95
a 9 12 0 1 8654095943901.066
a 9 13 0 1 7797416360984.887
a 9 14 0 1 4454641548068.818
a 9 15 0 1 10840606022956.39
a 9 16 0 1 8183404721149.372
a 9 17 0 1 3268460530484.7026
a 9 18 0 1 9295321702473.885
a 9 19 0 1 3750713487524.4673
a 9 20 0 1 3502606719756.5996
a 9 21 0 1 7193356935504.35
a 9 22 0 1 10358508915790.531
a 9 23 0 1 4749773177931.641
a 9 24 0 1 7387873076621.742
a 9 25 0 1 9104059414075.164
a 9 26 0 1 4918288443043.532
a 9 27 0 1 9816207176009.045
a 9 28 0 1 4220500813136.9272
a 9 29 0 1 5364468985282.951
a 9 30 0 1 2492824162394.5347
a 9 31 0 1 4652310841849.378
a 9 32 0 1 3559510693494.184
a 9 33 0 1 9649312738356.887
a 9 34 0 1 11065588625666.117
a 9 35 0 1 4634933730244.966
a 9 36 0 1 3471643452937.1533
a 9 37 0 1 9121538028421.969
a 9 38 0 1 2627140457714.375
a 9 39 0 1 2694286886323.3955
a 9 40 0 1 8466568850505.527
a 9 41 0 1 10955392984131.94
a 9 42 0 1 3205549683440.4863
a 9 43 0 1 3446125905988.1157
a 9 44 0 1 5494012629603.241
a 9 45 0 1 2349585389453.2183
a 9 46 0 1 6801672768132.333
a 9 47 0 1 8375036970527.015
a 9 48 0 1 4653091945628.733
a 9 49 0 1 9308548189481.979
a 9 50 0 1 7936934464397.262
a 9 51 0 1 2897901757727.2456
a 9 52 0 1 3675485169138.5854
a 9 53 0 1 5379621502972.192
a 9 54 0 1 11206963039217.9
a 9 55 0 1 3240413690381.336
a 9 56 0 1 10278622140701.676
a 9 57 0 1 11184229227472.701
a 9 58 0 1 10817783955407.469
a 9 59 0 1 4941740849994.411
a 9 60 0 1 6799869409297.062
a 9 61 0 1 10248707653273.959
a 9 62 0 1 5156840594382.065
a 9 63 0 1 8735419566360.711
a 9 64 0 1 5886053960339.379
a 9 65 0 1 4926585142910.576
a 9 66 0 1 3315984691023.563
a 9 67 0 1 4184677986131.4097
a 9 68 0 1 8295772164399.538
a 9 69 0 1 7639011304885.081
a 9 70 0 1 10101779039916.553
a 9 71 0 1 3345817856919.6816
a 9 72 0 1 9331527689702.512
a 9 73 0 1 3483149924034.9683
a 9 74 0 1 6459219762858.182
a 9 75 0 1 2915766181034.3267
a 9 76 0 1 10524853525331.332
a 9 77 0 1 5367103485712.034
a 9 78 0 1 5351034335911.282
a 9 79 0 1 11467235694983.479
a 10 12 0 1 15271405996506.635
a 10 13 0 1 13758632367244.424
a 10 14 0 1 7857954190745.211
a 10 15 0 1 19133506651949.56
a 10 16 0 1 14440204323339.43
a 10 17 0 1 5764938132942.525
a 10 18 0 1 16403868564470.5
a 10 19 0 1 6615820613899.305
a 10 20 0 1 6178054397886.275
a 10 21 0 1 12692087166717.643
a 10 22 0 1 18281835493484.445
a 10 23 0 1 8378781773283.882
a 10 24 0 1 13035518224783.238
a 10 25 0 1 16066068693536.69
a 10 26 0 1 8676177823789.79
a 10 27 0 1 17323893632940.994
a 10 28 0 1 7444778310992.759
a 10 29 0 1 9463640690422.893
a 10 30 0 1 4396564246525.9277
a 10 31 0 1 8206784090977.318
a 10 32 0 1 6278455601402.886
a 10 33 0 1 17029103569740.336
a 10 34 0 1 19530984980821.266
a 10 35 0 1 8176117960643.402
a 10 36 0 1 6123423323631.747
a 10 37 0 1 16096938256034.533
a 10 38 0 1 4633511028086.039
a 10 39 0 1 4751965844688.373
a 10 40 0 1 14940240429089.916
a 10 41 0 1 19336299601966.004
a 10 42 0 1 5653944164286.154
a 10 43 0 1 6078400810945.991
a 10 44 0 1 9692283520174.24
a 10 45 0 1 4143883531184.681
a 10 46 0 1 12000578699433.795
a 10 47 0 1 14778602659826.336
a 10 48 0 1 8208162540350.567
a 10 49 0 1 16427229082807.771
a 10 50 0 1 14004985807304.732
a 10 51 0 1 5111176859911.832
a 10 52 0 1 6483083737619.822
a 10 53 0 1 9490384415574.803
a 10 54 0 1 19780760217932.535
a 10 55 0 1 5715454780103.746
a 10 56 0 1 18140714779673.965
a 10 57 0 1 19740594515047.32
a 10 58 0 1 19093187628420.742
a 10 59 0 1 8717567374416.795
a 10 60 0 1 11997395025532.148
a 10 61 0 1 18087871077956.32
a 10 62 0 1 9097190190845.973
a 10 63 0 1 15415023761902.076
a 10 64 0 1 10384263105664.4
a 10 65 0 1 8690820082967.739
a 10 66 0 1 5848786097056.698
a 10 67 0 1 7381565148542.368
a 10 68 0 1 14638629641793.87
a 10 69 0 1 13478936724628.947
a 10 70 0 1 17828326913122.93
a 10 71 0 1 5901421792733.06
a 10 72 0 1 16467815426742.39
a 10 73 0 1 6143725115566.025
a 10 74 0 1 11396025712762.523
a 10 75 0 1 5142693333293.928
a 10 76 0 1 18575691142558.62
a 10 77 0 1 9468290497086.613
a 10 78 0 1 9439929009429.795
a 10 79 0 1 20240616904993.723
a 11 12 0 1 7103228595578.844
a 11 13 0 1 6400184415584.504
a 11 14 0 1 3656659115414.3477
a 11 15 0 1 8897501058850.188
a 11 16 0 1 6716953383605.552
a 11 17 0 1 2683030330580.475
a 11 18 0 1 7629441783701.662
a 11 19 0 1 3078873943128.1953
a 11 20 0 1 2875223548779.721
a 11 21 0 1 5904440989884.325
a 11 22 0 1 8501901184051.119
a 11 23 0 1 3898898591731.018
a 11 24 0 1 6064079113829.851
a 11 25 0 1 7472486449282.468
a 11 26 0 1 4037211991330.3965
a 11 27 0 1 8056889097028.608
a 11 28 0 1 3464477923529.5483
a 11 29 0 1 4403421929844.865
a 11 30 0 1 2046354776591.7954
a 11 31 0 1 3818903340209.665
a 11 32 0 1 2921931514486.9033
a 11 33 0 1 7919933737223.638
a 11 34 0 1 9082114880757.041
a 11 35 0 1 3804640500191.444
a 11 36 0 1 2849808209020.292
a 11 37 0 1 7486829954362.191
a 11 38 0 1 2156608803404.829
a 11 39 0 1 2211725968161.2515
a 11 40 0 1 6949334406075.96
a 11 41 0 1 8991691932242.578
a 11 42 0 1 2631391171810.6206
a 11 43 0 1 2828862813143.9985
a 11 44 0 1 4509745720165.341
a 11 45 0 1 1928776028012.311
a 11 46 0 1 5582984467353.216
a 11 47 0 1 6874218296751.493
a 11 48 0 1 3819544456773.1216
a 11 49 0 1 7640295773488.451
a 11 50 0 1 6514683284183.382
a 11 51 0 1 2378862359063.5444
a 11 52 0 1 3017125437813.1445
a 11 53 0 1 4415858486846.866
a 11 54 0 1 9198121509552.092
a 11 55 0 1 2660008637890.6074
a 11 56 0 1 8436346828684.671
a 11 57 0 1 9179467027951.75
a 11 58 0 1 8878773874476.34
a 11 59 0 1 4056461103766.317
a 11 60 0 1 5581504432629.729
a 11 61 0 1 8411799218836.148
a 11 62 0 1 4233008389183.0366
a 11 63 0 1 7169966490688.041
a 11 64 0 1 4831512733867.345
a 11 65 0 1 4044021704247.022
a 11 66 0 1 2722039534816.5522
a 11 67 0 1 3435074616420.103
a 11 68 0 1 6809168995444.299
a 11 69 0 1 6270184717928.194
a 11 70 0 1 8291230231674.714
a 11 71 0 1 2746527420371.6396
a 11 72 0 1 7659153318508.26
a 11 73 0 1 2859252980835.111
a 11 74 0 1 5301927867238.342
a 11 75 0 1 2393526227064.8823
a 11 76 0 1 8638401351618.365
a 11 77 0 1 4405584218904.414
a 11 78 0 1 4392395321285.8184
a 11 79 0 1 9411689877930.998
a 12 1 0 1 0
a 13 1 0 1 0
a 14 1 0 1 0
a 15 1 0 1 0
a 16 1 0 1 0
a 17 1 0 1 0
a 18 1 0 1 0
a 19 1 0 1 0
a 20 1 0 1 0
a 21 1 0 1 0
a 22 1 0 1 0
a 23 1 0 1 0
a 24 1 0 1 0
a 25 1 0 1 0
a 26 1 0 1 0
a 27 1 0 1 0
a 28 1 0 1 0
a 29 1 0 1 0
a 30 1 0 1 0
a 31 1 0 1 0
a 32 1 0 1 0
a 33 1 0 1 0
a 34 1 0 1 0
a 35 1 0 1 0
a 36 1 0 1 0
a 37 1 0 1 0
a 38 1 0 1 0
a 39 1 0 1 0
a 40 1 0 1 0
a 41 1 0 1 0
a 42 1 0 1 0
a 43 1 0 1 0
a 44 1 0 1 0
a 45 1 0 1 0
a 46 1 0 1 0
a 47 1 0 1 0
a 48 1 0 1 0
a 49 1 0 1 0
a 50 1 0 1 0
a 51 1 0 1 0
a 52 1 0 1 0
a 53 1 0 1 0
a 54 1 0 1 0
a 55 1 0 1 0
a 56 1 0 1 0
a 57 1 0 1 0
a 58 1 0 1 0
a 59 1 0 1 0
a 60 1 0 1 0
a 61 1 0 1 0
a 62 1 0 1 0
a 63 1 0 1 0
a 64 1 0 1 0
a 65 1 0 1 0
a 66 1 0 1 0
a 67 1 0 1 0
a 68 1 0 1 0
a 69 1 0 1 0
a 70 1 0 1 0
a 71 1 0 1 0
a 72 1 0 1 0
a 73 1 0 1 0
a 74 1 0 1 0
a 75 1 0 1 0
a 76 1 0 1 0
a 77 1 0 1 0
a 78 1 0 1 0
a 79 1 0 1 0
