p min 82 780
n 0 10
n 1 -10
a 0 2 0 1 0
a 0 3 0 1 0
a 0 4 0 1 0
a 0 5 0 1 0
a 0 6 0 1 0
a 0 7 0 1 0
a 0 8 0 1 0
a 0 9 0 1 0
a 0 10 0 1 0
a 0 11 0 1 0
a 2 12 0 1 18709769509740.887
a 2 13 0 1 14012640237545.06
a 2 14 0 1 7068611968429.103
a 2 15 0 1 8325010415652.473
a 2 16 0 1 17489241399548.76
a 2 17 0 1 8772579710177.689
a 2 18 0 1 14904020457751.006
a 2 19 0 1 11536279579052.854
a 2 20 0 1 17940962438801.066
a 2 21 0 1 16047100638633.338
a 2 22 0 1 14080223514582.373
a 2 23 0 1 19822161908536.08
a 2 24 0 1 8100221054405.565
a 2 25 0 1 8256372938827.786
a 2 26 0 1 5320609395968.142
a 2 27 0 1 17476564456796.576
a 2 28 0 1 18203856979550.53
a 2 29 0 1 18547943641262.203
a 2 30 0 1 14043013612708.902
a 2 31 0 1 10589540774761.018
a 2 32 0 1 10032228424951.47
a 2 33 0 1 8050628349478.243
a 2 34 0 1 5573339302107.623
a 2 35 0 1 11136112787917.719
a 2 36 0 1 7872119132723.034
a 2 37 0 1 4479447495531.886
a 2 38 0 1 18927128439871.383
a 2 39 0 1 15218648567675.377
a 2 40 0 1 12832625594278.3
a 2 41 0 1 14673381913360.225
a 2 42 0 1 6981779420077.778
a 2 43 0 1 13671452156534.84
a 2 44 0 1 6539665726681.49
a 2 45 0 1 15179087378321.781
a 2 46 0 1 11845807641964.857
a 2 47 0 1 6387479033796.832
a 2 48 0 1 6113574137041.51
a 2 49 0 1 19369689980490.457
a 2 50 0 1 19913204196601.08
a 2 51 0 1 14655972664159.566
a 2 52 0 1 14713363293556.275
a 2 53 0 1 13017102934633.822
a 2 54 0 1 15661171215926.523
a 2 55 0 1 19609247430561.164
a 2 56 0 1 16028432983191.412
a 2 57 0 1 13573573239649.51
a 2 58 0 1 17642631068308.215
a 2 59 0 1 20229609763422.348
a 2 60 0 1 11058081686316.375
a 2 61 0 1 19683771966610.06
a 2 62 0 1 13233688127486.25
a 2 63 0 1 10489805719086.857
a 2 64 0 1 14508596912907.576
a 2 65 0 1 4361069890850.3594
a 2 66 0 1 20150120389688.414
a 2 67 0 1 18825954220159.113
a 2 68 0 1 5997253407769.536
a 2 69 0 1 10859668584718.0
a 2 70 0 1 10904311938687.385
a 2 71 0 1 20363685912247.297
a 2 72 0 1 15105776510760.426
a 2 73 0 1 9916442900470.396
a 2 74 0 1 4388498992546.5557
a 2 75 0 1 10958982397129.184
a 2 76 0 1 6279133968006.593
a 2 77 0 1 13158781588444.209
a 2 78 0 1 12939884956225.514
a 2 79 0 1 16568491884287.928
a 2 80 0 1 11584573970070.668
a 2 81 0 1 10948681948076.646
a 3 12 0 1 18518345832589.04
a 3 13 0 1 13869350663383.664
a 3 14 0 1 6996387397060.576
a 3 15 0 1 8239936227591.37
a 3 16 0 1 17310330109890.896
a 3 17 0 1 8682927188967.279
a 3 18 0 1 14751600374247.219
a 3 19 0 1 11418345917756.795
a 3 20 0 1 17757420683453.54
a 3 21 0 1 15882969139643.912
a 3 22 0 1 13936241742182.865
a 3 23 0 1 19619331377940.95
a 3 24 0 1 8017446134298.671
a 3 25 0 1 8172000824735.522
a 3 26 0 1 5266256125480.939
a 3 27 0 1 17297783108046.404
a 3 28 0 1 18017620146545.164
a 3 29 0 1 18358179141178.867
a 3 30 0 1 13899412951123.068
a 3 31 0 1 10481297165855.812
a 3 32 0 1 9929688036780.799
a 3 33 0 1 7968360674693.682
a 3 34 0 1 5516402601413.736
a 3 35 0 1 11022275165214.83
a 3 36 0 1 7791677242837.4
a 3 37 0 1 4433691593819.108
a 3 38 0 1 18733476116961.426
a 3 39 0 1 15063005269614.2
a 3 40 0 1 12701420192185.75
a 3 41 0 1 14523324464667.945
a 3 42 0 1 6910442778962.246
a 3 43 0 1 13531656920009.314
a 3 44 0 1 6472849768989.971
a 3 45 0 1 15023849378433.29
a 3 46 0 1 11724705448310.977
a 3 47 0 1 6322219104066.92
a 3 48 0 1 6051114603174.184
a 3 49 0 1 19171499601240.945
a 3 50 0 1 19709439959109.6
a 3 51 0 1 14506093548779.887
a 3 52 0 1 14562896289086.602
a 3 53 0 1 12884008570355.795
a 3 54 0 1 15500994093761.752
a 3 55 0 1 19408600421879.26
a 3 56 0 1 15864492767967.52
a 3 57 0 1 13434780397084.25
a 3 58 0 1 17462147477624.98
a 3 59 0 1 20022600399048.344
a 3 60 0 1 10945042733056.059
a 3 61 0 1 19482360691480.992
a 3 62 0 1 13098375930185.785
a 3 63 0 1 10382582795792.389
a 3 64 0 1 14360227426814.291
a 3 65 0 1 4316523773655.895
a 3 66 0 1 19943926308275.17
a 3 67 0 1 18633339280349.49
a 3 68 0 1 5935983080844.2295
a 3 69 0 1 10748660379275.803
a 3 70 0 1 10792846818835.674
a 3 71 0 1 20155301362052.402
a 3 72 0 1 14951289559540.854
a 3 73 0 1 9815087305273.512
a 3 74 0 1 4343672560855.4336
a 3 75 0 1 10846957731439.842
a 3 76 0 1 6214981776041.38
a 3 77 0 1 13024236446711.574
a 3 78 0 1 12807581277804.291
a 3 79 0 1 16399017463734.201
a 3 80 0 1 11466145950413.793
a 3 81 0 1 10836762706828.215
a 4 12 0 1 13202501121490.512
a 4 13 0 1 9889558025333.963
a 4 14 0 1 4989915616864.24
a 4 15 0 1 5876589683396.949
a 4 16 0 1 12341749163336.816
a 4 17 0 1 6192433098113.162
a 4 18 0 1 10518340640449.945
a 4 19 0 1 8142525351374.337
a 4 20 0 1 12660324303394.79
a 4 21 0 1 11324617615656.059
a 4 22 0 1 9937232829005.564
a 4 23 0 1 13986930514737.725
a 4 24 0 1 5717955349459.021
a 4 25 0 1 5828152325190.807
a 4 26 0 1 3756177783075.7427
a 4 27 0 1 12332808640080.465
a 4 28 0 1 12845725528565.158
a 4 29 0 1 13088380908009.457
a 4 30 0 1 9910984132332.75
a 4 31 0 1 7474538811845.285
a 4 32 0 1 7081298220065.124
a 4 33 0 1 5682957345958.296
a 4 34 0 1 3934563240446.5527
a 4 35 0 1 7860186572972.056
a 4 36 0 1 5556980864436.461
a 4 37 0 1 3162434797202.6562
a 4 38 0 1 13355781487060.816
a 4 39 0 1 10740271292440.49
a 4 40 0 1 9057113238068.092
a 4 41 0 1 10355651079000.139
a 4 42 0 1 4928632770965.3125
a 4 43 0 1 9648872740628.455
a 4 44 0 1 4616601495462.284
a 4 45 0 1 10712366097859.793
a 4 46 0 1 8360908472034.377
a 4 47 0 1 4509190292012.53
a 4 48 0 1 4315869321234.7085
a 4 49 0 1 13667866549608.037
a 4 50 0 1 14051128480820.086
a 4 51 0 1 10343370707762.94
a 4 52 0 1 10383853629840.445
a 4 53 0 1 9187257711726.879
a 4 54 0 1 11052407476189.986
a 4 55 0 1 13836793498612.531
a 4 56 0 1 11311450799443.418
a 4 57 0 1 9579824707976.727
a 4 58 0 1 12449927941100.264
a 4 59 0 1 14274237030959.045
a 4 60 0 1 7805130622480.675
a 4 61 0 1 13889344852279.531
a 4 62 0 1 9340051450722.322
a 4 63 0 1 7404166669434.168
a 4 64 0 1 10239412229640.129
a 4 65 0 1 3078874003196.948
a 4 66 0 1 14218186764628.656
a 4 67 0 1 13284434244873.887
a 4 68 0 1 4233769534799.3003
a 4 69 0 1 7665136132591.174
a 4 70 0 1 7696635343539.991
a 4 71 0 1 14368777332534.775
a 4 72 0 1 10660654764348.463
a 4 73 0 1 6999597882864.669
a 4 74 0 1 3098235812226.4165
a 4 75 0 1 7735209293587.05
a 4 76 0 1 4432721210630.839
a 4 77 0 1 9287207601892.996
a 4 78 0 1 9132782421765.258
a 4 79 0 1 11692362614254.678
a 4 80 0 1 8176599073558.422
a 4 81 0 1 7727941595071.446
a 5 12 0 1 8274685821288.92
a 5 13 0 1 6199176623521.222
a 5 14 0 1 3128540176496.3228
a 5 15 0 1 3684320175887.9624
a 5 16 0 1 7735494484619.905
a 5 17 0 1 3882285121482.271
a 5 18 0 1 6593144976040.974
a 5 19 0 1 5104448700476.425
a 5 20 0 1 7935060642500.449
a 5 21 0 1 7098292549984.714
a 5 22 0 1 6229048367218.927
a 5 23 0 1 8766032486402.574
a 5 24 0 1 3584889014526.164
a 5 25 0 1 3653960039740.6245
a 5 26 0 1 2355145189288.5107
a 5 27 0 1 7729893761952.685
a 5 28 0 1 8051199673881.906
a 5 29 0 1 8203201052798.626
a 5 30 0 1 6212601658333.326
a 5 31 0 1 4685830639673.138
a 5 32 0 1 4439380879900.606
a 5 33 0 1 3562952268558.3228
a 5 34 0 1 2466975003801.883
a 5 35 0 1 4927513768574.897
a 5 36 0 1 3483989673260.445
a 5 37 0 1 1982915461999.9075
a 5 38 0 1 8370699359006.914
a 5 39 0 1 6732192165410.269
a 5 40 0 1 5677569478681.466
a 5 41 0 1 6491212682521.372
a 5 42 0 1 3090125646811.342
a 5 43 0 1 6048367858410.61
a 5 44 0 1 2894528873186.8667
a 5 45 0 1 6714708746736.0625
a 5 46 0 1 5241301212275.837
a 5 47 0 1 2827196957865.5913
a 5 48 0 1 2706009977546.0156
a 5 49 0 1 8566182916306.479
a 5 50 0 1 8806242995269.17
a 5 51 0 1 6483518422291.257
a 5 52 0 1 6508882945366.765
a 5 53 0 1 5759120036611.806
a 5 54 0 1 6927751733291.5
a 5 55 0 1 8671993035470.704
a 5 56 0 1 7090043575194.952
a 5 57 0 1 6005103114540.361
a 5 58 0 1 7803261914281.494
a 5 59 0 1 8945985700551.281
a 5 60 0 1 4893011026273.232
a 5 61 0 1 8704909109850.542
a 5 62 0 1 5854861813108.793
a 5 63 0 1 4641727977572.185
a 5 64 0 1 6418382966215.594
a 5 65 0 1 1930527952312.7393
a 5 66 0 1 8910879203944.125
a 5 67 0 1 8326008201326.905
a 5 68 0 1 2654543533527.639
a 5 69 0 1 4805277833812.093
a 5 70 0 1 4825018176628.868
a 5 71 0 1 9005199643543.22
a 5 72 0 1 6682309976453.884
a 5 73 0 1 4388177011650.915
a 5 74 0 1 1942666656437.6785
a 5 75 0 1 4849192137864.8955
a 5 76 0 1 2779261079492.793
a 5 77 0 1 5821749577891.084
a 5 78 0 1 5724985080940.762
a 5 79 0 1 7328680024455.284
a 5 80 0 1 5125801593475.671
a 5 81 0 1 4844637540123.075
a 6 12 0 1 24388061733398.414
a 6 13 0 1 18262385084563.87
a 6 14 0 1 9210142576693.297
a 6 15 0 1 10847659388405.457
a 6 16 0 1 22796138162724.39
a 6 17 0 1 11431029946978.396
a 6 18 0 1 19424707685024.445
a 6 19 0 1 15033694566984.97
a 6 20 0 1 23385297884771.316
a 6 21 0 1 20915342666975.207
a 6 22 0 1 18350508316456.977
a 6 23 0 1 25839063495816.23
a 6 24 0 1 10554671426524.643
a 6 25 0 1 10758197573946.096
a 6 26 0 1 6932136455281.138
a 6 27 0 1 22779604457346.473
a 6 28 0 1 23728188161003.984
a 6 29 0 1 24176985915082.137
a 6 30 0 1 18301989504701.73
a 6 31 0 1 13799479870038.023
a 6 32 0 1 13072978613620.004
a 6 33 0 1 10490033464083.467
a 6 34 0 1 7261478204509.792
a 6 35 0 1 14512007730295.889
a 6 36 0 1 10257370612969.84
a 6 37 0 1 5836028910815.724
a 6 38 0 1 24671575265881.13
a 6 39 0 1 19834986923790.953
a 6 40 0 1 16723806757446.594
a 6 41 0 1 19123957696054.83
a 6 42 0 1 9096975381640.072
a 6 43 0 1 17817509256137.67
a 6 44 0 1 8520787724714.66
a 6 45 0 1 19783398110175.15
a 6 46 0 1 15437228109544.592
a 6 47 0 1 8322453504532.643
a 6 48 0 1 7965497813990.285
a 6 49 0 1 25248846635605.055
a 6 50 0 1 25957823829285.402
a 6 51 0 1 19101256433927.83
a 6 52 0 1 19176092604603.383
a 6 53 0 1 16964331698934.54
a 6 54 0 1 20412057634695.582
a 6 55 0 1 25561329647586.793
a 6 56 0 1 20890998131886.527
a 6 57 0 1 17689886699094.703
a 6 58 0 1 22996195415706.867
a 6 59 0 1 26370565733096.25
a 6 60 0 1 14410282352516.914
a 6 61 0 1 25658541852153.8
a 6 62 0 1 17246723409312.768
a 6 63 0 1 13669465162658.33
a 6 64 0 1 18909082938784.98
a 6 65 0 1 5681777700299.608
a 6 66 0 1 26266873284677.01
a 6 67 0 1 24539607477911.414
a 6 68 0 1 7813909503079.653
a 6 69 0 1 14151623276227.656
a 6 70 0 1 14209821784970.242
a 6 71 0 1 26545466950428.617
a 6 72 0 1 19687799221397.832
a 6 73 0 1 12922046465394.951
a 6 74 0 1 5717518909342.085
a 6 75 0 1 14281092196284.297
a 6 76 0 1 8181256279690.667
a 6 77 0 1 17149057035013.162
a 6 78 0 1 16863653104026.27
a 6 79 0 1 21595303122111.51
a 6 80 0 1 15096655671389.875
a 6 81 0 1 14267664132933.217
a 7 12 0 1 14692220405975.102
a 7 13 0 1 11004983799126.926
a 7 14 0 1 5552366099691.584
a 7 15 0 1 6539059055880.997
a 7 16 0 1 13734190860379.629
a 7 17 0 1 6890535829060.636
a 7 18 0 1 11704781311791.582
a 7 19 0 1 9060700783029.418
a 7 20 0 1 14088767159345.895
a 7 21 0 1 12602136196747.482
a 7 22 0 1 11058042608549.967
a 7 23 0 1 15565320509419.355
a 7 24 0 1 6362528732312.265
a 7 25 0 1 6485157264617.36
a 7 26 0 1 4179497579342.608
a 7 27 0 1 13724240039550.854
a 7 28 0 1 14295121337803.76
a 7 29 0 1 14565201701727.363
a 7 30 0 1 11028829588777.605
a 7 31 0 1 8317317938411.724
a 7 32 0 1 7879697924543.487
a 7 33 0 1 6323582602609.51
a 7 34 0 1 4377997144431.9917
a 7 35 0 1 8746492571275.405
a 7 36 0 1 6183395002156.934
a 7 37 0 1 3518812874751.457
a 7 38 0 1 14862825950549.986
a 7 39 0 1 11951779610628.908
a 7 40 0 1 10078540048194.682
a 7 41 0 1 11523716445021.201
a 7 42 0 1 5484171246262.135
a 7 43 0 1 10737118474238.895
a 7 44 0 1 5136948077392.53
a 7 45 0 1 11920722373066.256
a 7 46 0 1 9303735823148.408
a 7 47 0 1 5017423343036.842
a 7 48 0 1 4802301021406.365
a 7 49 0 1 15210187886269.967
a 7 50 0 1 15636776105512.277
a 7 51 0 1 11510049073228.951
a 7 52 0 1 11555104335767.355
a 7 53 0 1 10223379003740.24
a 7 54 0 1 12299174804429.822
a 7 55 0 1 15398210852989.695
a 7 56 0 1 12587481891732.746
a 7 57 0 1 10660273314209.102
a 7 58 0 1 13854594246664.45
a 7 59 0 1 15885108179460.06
a 7 60 0 1 8685222362484.321
a 7 61 0 1 15456702940611.834
a 7 62 0 1 10393425155869.143
a 7 63 0 1 8239003573683.705
a 7 64 0 1 11394349230252.05
a 7 65 0 1 3425831813123.8276
a 7 66 0 1 15822721017962.3
a 7 67 0 1 14783414291790.225
a 7 68 0 1 4710942937295.825
a 7 69 0 1 8529426852496.126
a 7 70 0 1 8564481294419.672
a 7 71 0 1 15990337164258.496
a 7 72 0 1 11863170023734.143
a 7 73 0 1 7788777803835.894
a 7 74 0 1 3447376367359.987
a 7 75 0 1 8607409021245.521
a 7 76 0 1 4932330498680.998
a 7 77 0 1 10334614468392.463
a 7 78 0 1 10162752903835.797
a 7 79 0 1 13011428313389.705
a 7 80 0 1 9098620786083.527
a 7 81 0 1 8599321026548.362
a 8 12 0 1 27796345652864.125
a 8 13 0 1 20812539861749.547
a 8 14 0 1 10494717003981.068
a 8 15 0 1 12360949873249.262
a 8 16 0 1 25981281172152.01
a 8 17 0 1 13025824999772.309
a 8 18 0 1 22137582970765.598
a 8 19 0 1 17132105999109.684
a 8 20 0 1 26653012906142.77
a 8 21 0 1 23836973556282.574
a 8 22 0 1 20912998253905.555
a 8 23 0 1 29450816486713.957
a 8 24 0 1 12027032332234.09
a 8 25 0 1 12258990165784.812
a 8 26 0 1 7898699499554.344
a 8 27 0 1 25962430416360.074
a 8 28 0 1 27043965877643.35
a 8 29 0 1 27555677843565.707
a 8 30 0 1 20857687925126.008
a 8 31 0 1 15725306841847.396
a 8 32 0 1 14897242566713.123
a 8 33 0 1 11953365055281.244
a 8 34 0 1 8274005853142.021
a 8 35 0 1 16537463087536.178
a 8 36 0 1 11688202663174.475
a 8 37 0 1 6649642234378.282
a 8 38 0 1 28119609236702.168
a 8 39 0 1 22605311515840.78
a 8 40 0 1 19058643069675.35
a 8 41 0 1 21794724426774.605
a 8 42 0 1 10365747095011.73
a 8 43 0 1 20305396335408.297
a 8 44 0 1 9709107632262.432
a 8 45 0 1 22546498644057.785
a 8 46 0 1 17592079144965.863
a 8 47 0 1 9483083258431.662
a 8 48 0 1 9076295331050.934
a 8 49 0 1 28777826159346.883
a 8 50 0 1 29586233612237.363
a 8 51 0 1 21768844854423.78
a 8 52 0 1 21854158600866.516
a 8 53 0 1 19332822871613.676
a 8 54 0 1 23263196963232.703
a 8 55 0 1 29134130961305.664
a 8 56 0 1 23809219040675.09
a 8 57 0 1 20159912242070.848
a 8 58 0 1 26209375450664.312
a 8 59 0 1 30056868884800.074
a 8 60 0 1 16421512936146.121
a 8 61 0 1 29244976681196.668
a 8 62 0 1 19654730258790.445
a 8 63 0 1 15577114987985.014
a 8 64 0 1 21549766698384.75
a 8 65 0 1 6473870498972.749
a 8 66 0 1 29938631393451.75
a 8 67 0 1 27969138519933.074
a 8 68 0 1 8903546184742.451
a 8 69 0 1 16126685964674.732
a 8 70 0 1 16193022066046.385
a 8 71 0 1 30256304567236.535
a 8 72 0 1 22437513159558.43
a 8 73 0 1 14725212919277.068
a 8 74 0 1 6514598104020.33
a 8 75 0 1 16274258014965.314
a 8 76 0 1 9322173859457.879
a 8 77 0 1 19543396888248.414
a 8 78 0 1 19218056813559.453
a 8 79 0 1 24612186036447.42
a 8 80 0 1 17203872668762.18
a 8 81 0 1 16258952329701.43
a 9 12 0 1 24726769608002.06
a 9 13 0 1 18515836491789.684
a 9 14 0 1 9337828912739.451
a 9 15 0 1 10998076469151.695
a 9 16 0 1 23112678099900.2
a 9 17 0 1 11589547027146.906
a 9 18 0 1 19694326794066.082
a 9 19 0 1 15242258472783.773
a 9 20 0 1 23710041059417.22
a 9 21 0 1 21205702667131.305
a 9 22 0 1 18605185348556.402
a 9 23 0 1 26197984114561.637
a 9 24 0 1 10701020836163.54
a 9 25 0 1 10907372590407.818
a 9 26 0 1 7028215717347.206
a 9 27 0 1 23095914201728.82
a 9 28 0 1 24057706129830.887
a 9 29 0 1 24512754031847.812
a 9 30 0 1 18555991730212.59
a 9 31 0 1 13990893801611.652
a 9 32 0 1 13254299790241.295
a 9 33 0 1 10635485516047.148
a 9 34 0 1 7362126006283.704
a 9 35 0 1 14713321957436.86
a 9 36 0 1 10399592758817.658
a 9 37 0 1 5916905795010.9795
a 9 38 0 1 25014232002353.03
a 9 39 0 1 20110313992191.54
a 9 40 0 1 16955863558484.373
a 9 41 0 1 19389393005196.9
a 9 42 0 1 9223091139009.709
a 9 43 0 1 18064773680124.96
a 9 44 0 1 8638907567432.387
a 9 45 0 1 20058007425510.336
a 9 46 0 1 15651400369389.303
a 9 47 0 1 8437821257529.117
a 9 48 0 1 8075912763512.637
a 9 49 0 1 25599544589535.125
a 9 50 0 1 26318399106347.42
a 9 51 0 1 19366375952694.082
a 9 52 0 1 19442253152991.355
a 9 53 0 1 17199732597975.898
a 9 54 0 1 20695414053628.83
a 9 55 0 1 25916380848497.785
a 9 56 0 1 21181019340999.02
a 9 57 0 1 17935376367508.918
a 9 58 0 1 23315520748000.707
a 9 59 0 1 26736891997698.848
a 9 60 0 1 14610183044595.434
a 9 61 0 1 26014947395409.58
a 9 62 0 1 17486050733587.746
a 9 63 0 1 13859072768452.043
a 9 64 0 1 19171529257362.652
a 9 65 0 1 5760515521616.179
a 9 66 0 1 26631754686309.812
a 9 67 0 1 24880426094769.773
a 9 68 0 1 7922221271264.265
a 9 69 0 1 14347929896687.21
a 9 70 0 1 14406937055630.98
a 9 71 0 1 26914230388756.24
a 9 72 0 1 19961078496136.55
a 9 73 0 1 13101271065914.828
a 9 74 0 1 5796752361360.4375
a 9 75 0 1 14479197762138.705
a 9 76 0 1 8294664854736.543
a 9 77 0 1 17387026359136.451
a 9 78 0 1 17097654212333.193
a 9 79 0 1 21895126578911.125
a 9 80 0 1 15306094582832.953
a 9 81 0 1 14465583115938.885
a 10 12 0 1 27225178645882.055
a 10 13 0 1 20385214992774.117
a 10 14 0 1 10279489275822.436
a 10 15 0 1 12107395695381.219
a 10 16 0 1 25447519978783.895
a 10 17 0 1 12758612517232.477
a 10 18 0 1 21682984227851.016
a 10 19 0 1 16780494177369.426
a 10 20 0 1 26105410092779.758
a 10 21 0 1 23347383669614.465
a 10 22 0 1 20483605896568.617
a 10 23 0 1 28845539923958.14
a 10 24 0 1 11780336936842.438
a 10 25 0 1 12007530330564.193
a 10 26 0 1 7736758841833.691
a 10 27 0 1 25429057629058.812
a 10 28 0 1 26488306170952.066
a 10 29 0 1 26989471527251.062
a 10 30 0 1 20429433890240.54
a 10 31 0 1 15402618774588.045
a 10 32 0 1 14591575189696.262
a 10 33 0 1 11708182741844.973
a 10 34 0 1 8104363410574.347
a 10 35 0 1 16198078228417.818
a 10 36 0 1 11448466419123.633
a 10 37 0 1 6513329196026.139
a 10 38 0 1 27541778635533.16
a 10 39 0 1 22141083389315.277
a 10 40 0 1 18667406804231.72
a 10 41 0 1 21347183655261.61
a 10 42 0 1 10153167400111.998
a 10 43 0 1 19888508041034.848
a 10 44 0 1 9510008982040.111
a 10 45 0 1 22083481386151.06
a 10 46 0 1 17231008296291.604
a 10 47 0 1 9288624508157.248
a 10 48 0 1 8890186656338.54
a 10 49 0 1 28186425901377.508
a 10 50 0 1 28978164645905.508
a 10 51 0 1 21321836808987.84
a 10 52 0 1 21405394376410.324
a 10 53 0 1 18935945957694.785
a 10 54 0 1 22785422869657.496
a 10 55 0 1 28535384360781.266
a 10 56 0 1 23320200738503.266
a 10 57 0 1 19746017664035.1
a 10 58 0 1 25670914410266.812
a 10 59 0 1 29439094399884.41
a 10 60 0 1 16084512036449.756
a 10 61 0 1 28643944527633.426
a 10 62 0 1 19251230360788.344
a 10 63 0 1 15257473207219.72
a 10 64 0 1 21107268210580.73
a 10 65 0 1 6341163290012.938
a 10 66 0 1 29323295318562.49
a 10 67 0 1 27394409707456.664
a 10 68 0 1 8720983274449.5205
a 10 69 0 1 15795746488551.6
a 10 70 0 1 15860718804084.566
a 10 71 0 1 29634416975879.598
a 10 72 0 1 21976739706486.258
a 10 73 0 1 14423081177399.754
a 10 74 0 1 6381055410570.14
a 10 75 0 1 15940284617464.527
a 10 76 0 1 9131018164174.697
a 10 77 0 1 19142187638671.223
a 10 78 0 1 18823541002181.723
a 10 79 0 1 24106629754885.477
a 10 80 0 1 16850785080118.316
a 10 81 0 1 15925293605191.084
a 11 12 0 1 9942168703347.904
a 11 13 0 1 7448052129129.915
a 11 14 0 1 3758542820770.732
a 11 15 0 1 4426298796015.27
a 11 16 0 1 9294205288981.098
a 11 17 0 1 4664152959130.388
a 11 18 0 1 7921461080940.097
a 11 19 0 1 6132626443496.315
a 11 20 0 1 9534028409777.465
a 11 21 0 1 8528480334923.628
a 11 22 0 1 7483946970056.145
a 11 23 0 1 10532649784689.363
a 11 24 0 1 4306833440960.7573
a 11 25 0 1 4389821395912.1523
a 11 26 0 1 2829356445073.2393
a 11 27 0 1 9287474807203.979
a 11 28 0 1 9673596307808.97
a 11 29 0 1 9856262245516.176
a 11 30 0 1 7464184073416.19
a 11 31 0 1 5629632413530.507
a 11 32 0 1 5333513214608.895
a 11 33 0 1 4280476776393.3984
a 11 34 0 1 2963711008448.931
a 11 35 0 1 5920027604845.0
a 11 36 0 1 4185604648609.7134
a 11 37 0 1 2382157266951.1553
a 11 38 0 1 10057552934045.97
a 11 39 0 1 8088548102796.587
a 11 40 0 1 6821280354310.912
a 11 41 0 1 7798974117002.692
a 11 42 0 1 3712389345970.6333
a 11 43 0 1 7266836262238.506
a 11 44 0 1 3477389156198.072
a 11 45 0 1 8067538971896.459
a 11 46 0 1 6297064842563.021
a 11 47 0 1 3396493566273.7686
a 11 48 0 1 3250894716823.4995
a 11 49 0 1 10292476811770.033
a 11 50 0 1 10580973788127.83
a 11 51 0 1 7789728330960.555
a 11 52 0 1 7820207550876.068
a 11 53 0 1 6919271852977.408
a 11 54 0 1 8323545442803.341
a 11 55 0 1 10419635831218.666
a 11 56 0 1 8518567698396.773
a 11 57 0 1 7214848416968.281
a 11 58 0 1 9375642677443.465
a 11 59 0 1 10748913846363.66
a 11 60 0 1 5878570517349.552
a 11 61 0 1 10459193382646.533
a 11 62 0 1 7034316053894.221
a 11 63 0 1 5576641060240.288
a 11 64 0 1 7711458626733.0
a 11 65 0 1 2319219196998.2007
a 11 66 0 1 10706723440758.807
a 11 67 0 1 10003845289087.416
a 11 68 0 1 3189061135273.5215
a 11 69 0 1 5773154191670.079
a 11 70 0 1 5796873277523.408
a 11 71 0 1 10820076337295.375
a 11 72 0 1 8028606699536.913
a 11 73 0 1 5271990153096.229
a 11 74 0 1 2333802556676.0054
a 11 75 0 1 5825919624467.8125
a 11 76 0 1 3338901401036.1104
a 11 77 0 1 6994528029081.604
a 11 78 0 1 6878255099330.975
a 11 79 0 1 8805334126766.715
a 11 80 0 1 6158283452508.295
a 11 81 0 1 5820447021730.535
a 12 1 0 1 0
a 13 1 0 1 0
a 14 1 0 1 0
a 15 1 0 1 0
a 16 1 0 1 0
a 17 1 0 1 0
a 18 1 0 1 0
a 19 1 0 1 0
a 20 1 0 1 0
a 21 1 0 1 0
a 22 1 0 1 0
a 23 1 0 1 0
a 24 1 0 1 0
a 25 1 0 1 0
a 26 1 0 1 0
a 27 1 0 1 0
a 28 1 0 1 0
a 29 1 0 1 0
a 30 1 0 1 0
a 31 1 0 1 0
a 32 1 0 1 0
a 33 1 0 1 0
a 34 1 0 1 0
a 35 1 0 1 0
a 36 1 0 1 0
a 37 1 0 1 0
a 38 1 0 1 0
a 39 1 0 1 0
a 40 1 0 1 0
a 41 1 0 1 0
a 42 1 0 1 0
a 43 1 0 1 0
a 44 1 0 1 0
a 45 1 0 1 0
a 46 1 0 1 0
a 47 1 0 1 0
a 48 1 0 1 0
a 49 1 0 1 0
a 50 1 0 1 0
a 51 1 0 1 0
a 52 1 0 1 0
a 53 1 0 1 0
a 54 1 0 1 0
a 55 1 0 1 0
a 56 1 0 1 0
a 57 1 0 1 0
a 58 1 0 1 0
a 59 1 0 1 0
a 60 1 0 1 0
a 61 1 0 1 0
a 62 1 0 1 0
a 63 1 0 1 0
a 64 1 0 1 0
a 65 1 0 1 0
a 66 1 0 1 0
a 67 1 0 1 0
a 68 1 0 1 0
a 69 1 0 1 0
a 70 1 0 1 0
a 71 1 0 1 0
a 72 1 0 1 0
a 73 1 0 1 0
a 74 1 0 1 0
a 75 1 0 1 0
a 76 1 0 1 0
a 77 1 0 1 0
a 78 1 0 1 0
a 79 1 0 1 0
a 80 1 0 1 0
a 81 1 0 1 0
