p min 82 780
n 0 10
n 1 -10
a 0 2 0 1 0
a 0 3 0 1 0
a 0 4 0 1 0
a 0 5 0 1 0
a 0 6 0 1 0
a 0 7 0 1 0
a 0 8 0 1 0
a 0 9 0 1 0
a 0 10 0 1 0
a 0 11 0 1 0
a 2 12 0 1 12255636526085.447
a 2 13 0 1 12532245817266.418
a 2 14 0 1 14185190903188.291
a 2 15 0 1 7448908505165.544
a 2 16 0 1 5973090284768.171
a 2 17 0 1 10689482686169.582
a 2 18 0 1 4041881149807.956
a 2 19 0 1 13060389741572.428
a 2 20 0 1 5848697102595.096
a 2 21 0 1 14822271741367.32
a 2 22 0 1 7858073260166.845
a 2 23 0 1 16754540238983.488
a 2 24 0 1 10636511945371.117
a 2 25 0 1 8078599859687.275
a 2 26 0 1 7151104708721.349
a 2 27 0 1 5597226892274.993
a 2 28 0 1 15511211261854.146
a 2 29 0 1 6505845554409.366
a 2 30 0 1 17426250000290.723
a 2 31 0 1 8011902854264.621
a 2 32 0 1 13231407258468.379
a 2 33 0 1 11530600710916.361
a 2 34 0 1 14788005128104.582
a 2 35 0 1 10444816226482.988
a 2 36 0 1 4524374340800.927
a 2 37 0 1 4397372758960.104
a 2 38 0 1 11747636006369.535
a 2 39 0 1 12014754640506.295
a 2 40 0 1 9447550853524.137
a 2 41 0 1 11334698549689.908
a 2 42 0 1 10686290845027.893
a 2 43 0 1 8051927643231.786
a 2 44 0 1 4072294450247.172
a 2 45 0 1 14422886066072.91
a 2 46 0 1 9041840720548.234
a 2 47 0 1 9789549991441.67
a 2 48 0 1 5598223106226.428
a 2 49 0 1 5327616022278.897
a 2 50 0 1 11391433481018.535
a 2 51 0 1 4319338146313.067
a 2 52 0 1 17609177481976.805
a 2 53 0 1 8881338235397.021
a 2 54 0 1 3654948007547.055
a 2 55 0 1 17330760786488.348
a 2 56 0 1 7778234742435.556
a 2 57 0 1 5859106219027.665
a 2 58 0 1 9167137266338.49
a 2 59 0 1 15065834003769.332
a 2 60 0 1 16027915897267.059
a 2 61 0 1 14481283083304.29
a 2 62 0 1 10455500588330.578
a 2 63 0 1 3949460999070.0815
a 2 64 0 1 16176978633735.947
a 2 65 0 1 14413511208601.395
a 2 66 0 1 14446531651851.994
a 2 67 0 1 9266531690637.215
a 2 68 0 1 16666455489484.453
a 2 69 0 1 17671407297048.105
a 2 70 0 1 13686958740122.062
a 2 71 0 1 16058609919261.174
a 2 72 0 1 8358418728948.455
a 2 73 0 1 15840123681708.473
a 2 74 0 1 17525103953816.96
a 2 75 0 1 12489968780090.436
a 2 76 0 1 6885493681686.89
a 2 77 0 1 11757527428623.148
a 2 78 0 1 15945176769888.139
a 2 79 0 1 14010682141599.059
a 2 80 0 1 4955556041182.427
a 2 81 0 1 14355741275564.223
a 3 12 0 1 7632307843774.976
a 3 13 0 1 7804474995127.113
a 3 14 0 1 8833214754110.105
a 3 15 0 1 4639843199607.799
a 3 16 0 1 3720810663530.5317
a 3 17 0 1 6657424306368.146
a 3 18 0 1 2518015738771.1084
a 3 19 0 1 8133190829476.375
a 3 20 0 1 3643342228785.303
a 3 21 0 1 9229673861857.807
a 3 22 0 1 4894620467490.168
a 3 23 0 1 10432001426196.486
a 3 24 0 1 6624449297160.824
a 3 25 0 1 5031933437169.098
a 3 26 0 1 4454402086071.364
a 3 27 0 1 3486731382112.3594
a 3 28 0 1 9658380207773.016
a 3 29 0 1 4052585590504.6914
a 3 30 0 1 10849916273928.723
a 3 31 0 1 4990404194440.489
a 3 32 0 1 8239628591007.512
a 3 33 0 1 7181011412117.896
a 3 34 0 1 9208350108265.79
a 3 35 0 1 6505114826590.449
a 3 36 0 1 2818540865538.9697
a 3 37 0 1 2739438034521.8584
a 3 38 0 1 7316107382750.886
a 3 39 0 1 7482374771007.965
a 3 40 0 1 5884264840296.338
a 3 41 0 1 7059067801131.365
a 3 42 0 1 6655437345986.796
a 3 43 0 1 5015325869584.206
a 3 44 0 1 2536959302226.3696
a 3 45 0 1 8981136404116.252
a 3 46 0 1 5631673610657.875
a 3 47 0 1 6097183298993.285
a 3 48 0 1 3487351811893.686
a 3 49 0 1 3318819079138.7676
a 3 50 0 1 7094383921181.261
a 3 51 0 1 2690833807365.3145
a 3 52 0 1 10963723267596.887
a 3 53 0 1 5531743847502.722
a 3 54 0 1 2277001930719.2607
a 3 55 0 1 10790507639025.094
a 3 56 0 1 4844907611809.573
a 3 57 0 1 3649824754071.7773
a 3 58 0 1 5709682986351.161
a 3 59 0 1 9381238268891.527
a 3 60 0 1 9979893105797.285
a 3 61 0 1 9017477370521.732
a 3 62 0 1 6511766110728.464
a 3 63 0 1 2460449598234.1816
a 3 64 0 1 10072642815005.01
a 3 65 0 1 8975302332436.37
a 3 66 0 1 8995851277882.625
a 3 67 0 1 5771565149501.1045
a 3 68 0 1 10377196295391.477
a 3 69 0 1 11002438678606.24
a 3 70 0 1 8523146677437.925
a 3 71 0 1 9998991616519.213
a 3 72 0 1 5206161511298.825
a 3 73 0 1 9863043455889.654
a 3 74 0 1 10911417762420.744
a 3 75 0 1 7778161190257.879
a 3 76 0 1 4289003220531.218
a 3 77 0 1 7322264344947.797
a 3 78 0 1 9928410706137.633
a 3 79 0 1 8724613105206.436
a 3 80 0 1 3087095524584.174
a 3 81 0 1 8939351395013.139
a 4 12 0 1 9134791935552.666
a 4 13 0 1 9340888104728.182
a 4 14 0 1 10572395388690.361
a 4 15 0 1 5552858755312.186
a 4 16 0 1 4452888802720.414
a 4 17 0 1 7967818255917.37
a 4 18 0 1 3013359074235.26
a 4 19 0 1 9734388511787.842
a 4 20 0 1 4360170620780.271
a 4 21 0 1 11047013061940.184
a 4 22 0 1 5857804211675.654
a 4 23 0 1 12486421591620.924
a 4 24 0 1 7928346784090.538
a 4 25 0 1 6022156937330.339
a 4 26 0 1 5330904649542.961
a 4 27 0 1 4172731749805.031
a 4 28 0 1 11560244856644.062
a 4 29 0 1 4849977674629.783
a 4 30 0 1 12986761385198.791
a 4 31 0 1 5972449622175.541
a 4 32 0 1 9861804692169.824
a 4 33 0 1 8594566059743.828
a 4 34 0 1 11021485293023.645
a 4 35 0 1 7785502520088.04
a 4 36 0 1 3373026379604.541
a 4 37 0 1 3278355943502.8633
a 4 38 0 1 8756281975048.059
a 4 39 0 1 8955312831254.879
a 4 40 0 1 7042352865514.016
a 4 41 0 1 8448594957975.536
a 4 42 0 1 7965439839421.243
a 4 43 0 1 6002278942739.453
a 4 44 0 1 3036030512820.1465
a 4 45 0 1 10749477544064.992
a 4 46 0 1 6740010317310.099
a 4 47 0 1 7297211234968.268
a 4 48 0 1 4173474305311.169
a 4 49 0 1 3971768268057.09
a 4 50 0 1 8490869602638.741
a 4 51 0 1 3220186469567.4644
a 4 52 0 1 13123016068554.43
a 4 53 0 1 6620398968317.284
a 4 54 0 1 2724918223100.914
a 4 55 0 1 12915635063023.729
a 4 56 0 1 5798302121618.992
a 4 57 0 1 4367929225868.8613
a 4 58 0 1 6833384343372.808
a 4 59 0 1 11228459369004.148
a 4 60 0 1 11945155071883.35
a 4 61 0 1 10792982761674.725
a 4 62 0 1 7793464137168.232
a 4 63 0 1 2944464699606.4326
a 4 64 0 1 12056194618058.875
a 4 65 0 1 10742493351290.254
a 4 66 0 1 10767093296600.912
a 4 67 0 1 6907454991840.004
a 4 68 0 1 12420808001549.537
a 4 69 0 1 13169368003255.355
a 4 70 0 1 10201205960950.695
a 4 71 0 1 11968019687151.562
a 4 72 0 1 6230695585866.497
a 4 73 0 1 11805263847786.244
a 4 74 0 1 13060393555039.877
a 4 75 0 1 9309388528392.557
a 4 76 0 1 5132940645560.048
a 4 77 0 1 8763652157616.18
a 4 78 0 1 11883520770016.402
a 4 79 0 1 10442385332011.545
a 4 80 0 1 3694435697549.9697
a 4 81 0 1 10699455134916.65
a 5 12 0 1 8290638001791.9375
a 5 13 0 1 8477670053192.424
a 5 14 0 1 9595244474478.057
a 5 15 0 1 5039906399269.54
a 5 16 0 1 4041594847981.48
a 5 17 0 1 7231595160745.548
a 5 18 0 1 2735070083782.0835
a 5 19 0 1 8834768968168.062
a 5 20 0 1 3957444543308.7627
a 5 21 0 1 10025945079202.688
a 5 22 0 1 5316664886947.282
a 5 23 0 1 11332136392254.912
a 5 24 0 1 7195773858711.9795
a 5 25 0 1 5465825281635.903
a 5 26 0 1 4838467008097.569
a 5 27 0 1 3787325966978.0005
a 5 28 0 1 10491681882633.45
a 5 29 0 1 4401987758236.76
a 5 30 0 1 11786160367941.598
a 5 31 0 1 5420712834175.158
a 5 32 0 1 8950397634653.03
a 5 33 0 1 7800379705349.005
a 5 34 0 1 10002779542967.197
a 5 35 0 1 7066139030826.664
a 5 36 0 1 3061509774298.547
a 5 37 0 1 2975585643036.73
a 5 38 0 1 7947138482100.536
a 5 39 0 1 8127760239285.134
a 5 40 0 1 6391705325546.869
a 5 41 0 1 7667909067049.292
a 5 42 0 1 7229436691905.493
a 5 43 0 1 5447784783991.984
a 5 44 0 1 2755647110972.505
a 5 45 0 1 9755941467979.043
a 5 46 0 1 6117316078134.336
a 5 47 0 1 6622999206727.964
a 5 48 0 1 3787999907958.3516
a 5 49 0 1 3604931768307.968
a 5 50 0 1 7706273889113.589
a 5 51 0 1 2922790178635.1323
a 5 52 0 1 11909801289817.156
a 5 53 0 1 6008762996096.757
a 5 54 0 1 2473274836282.2783
a 5 55 0 1 11721618414123.627
a 5 56 0 1 5262662883962.13
a 5 57 0 1 3964486199633.089
a 5 58 0 1 6202057329011.089
a 5 59 0 1 10190600742857.53
a 5 60 0 1 10840968773344.9
a 5 61 0 1 9795421116440.266
a 5 62 0 1 7073364412603.603
a 5 63 0 1 2672540183206.821
a 5 64 0 1 10941731110470.408
a 5 65 0 1 9749603524187.213
a 5 66 0 1 9771927226642.46
a 5 67 0 1 6269279751369.394
a 5 68 0 1 11272596209594.879
a 5 69 0 1 11951862117688.621
a 5 70 0 1 9258398713216.66
a 5 71 0 1 10861717185202.768
a 5 72 0 1 5655086418361.479
a 5 73 0 1 10714024771335.346
a 5 74 0 1 11852976092810.559
a 5 75 0 1 8449084274769.91
a 5 76 0 1 4658799565205.6
a 5 77 0 1 7953826982911.881
a 5 78 0 1 10785038900215.148
a 5 79 0 1 9477263678873.059
a 5 80 0 1 3353223801790.519
a 5 81 0 1 9710547623181.686
a 6 12 0 1 17894501861342.695
a 6 13 0 1 18298648515612.984
a 6 14 0 1 20713971102105.504
a 6 15 0 1 10873410034184.646
a 6 16 0 1 8718429665251.86
a 6 17 0 1 15606458925939.615
a 6 18 0 1 5898999210158.763
a 6 19 0 1 19070338859754.93
a 6 20 0 1 8536806930336.624
a 6 21 0 1 21645001966886.58
a 6 22 0 1 11470929482513.41
a 6 23 0 1 24469207503224.926
a 6 24 0 1 15529078968855.527
a 6 25 0 1 11792983931828.547
a 6 26 0 1 10438531684480.191
a 6 27 0 1 8169650167281.984
a 6 28 0 1 22651890115536.34
a 6 29 0 1 9496316649956.434
a 6 30 0 1 25451115046481.25
a 6 31 0 1 11695579616247.47
a 6 32 0 1 19320228064868.73
a 6 33 0 1 16835227172428.78
a 6 34 0 1 21594923084716.9
a 6 35 0 1 15249052415627.066
a 6 36 0 1 6603351537845.111
a 6 37 0 1 6417948831779.338
a 6 38 0 1 17152306400658.518
a 6 39 0 1 17542565259313.828
a 6 40 0 1 13792352311460.443
a 6 41 0 1 16549028815737.27
a 6 42 0 1 15601796254073.861
a 6 43 0 1 11754031740734.574
a 6 44 0 1 5943396036268.228
a 6 45 0 1 21061331789767.13
a 6 46 0 1 13199777820340.287
a 6 47 0 1 14291891229752.959
a 6 48 0 1 8171104660985.858
a 6 49 0 1 7776018164615.867
a 6 50 0 1 16631913680805.799
a 6 51 0 1 6304031578960.649
a 6 52 0 1 25718531193582.2
a 6 53 0 1 12965357195208.705
a 6 54 0 1 5334173173607.478
a 6 55 0 1 25311524322464.9
a 6 56 0 1 11354336107502.197
a 6 57 0 1 8552004875655.289
a 6 58 0 1 13382781464610.256
a 6 59 0 1 22000960864420.66
a 6 60 0 1 23407104601182.504
a 6 61 0 1 21146672807467.633
a 6 62 0 1 15264659839251.717
a 6 63 0 1 5764086700720.548
a 6 64 0 1 23624982114536.457
a 6 65 0 1 21047631483910.7
a 6 66 0 1 21095887229840.504
a 6 67 0 1 13527955128173.334
a 6 68 0 1 24340450127224.48
a 6 69 0 1 25809504262094.188
a 6 70 0 1 19985897799897.254
a 6 71 0 1 23451968228892.66
a 6 72 0 1 12201638951750.469
a 6 73 0 1 23132623068031.53
a 6 74 0 1 25595626002151.184
a 6 75 0 1 18236877865780.074
a 6 76 0 1 10050675525501.354
a 6 77 0 1 17166757517004.357
a 6 78 0 1 23286170465208.914
a 6 79 0 1 20458954737772.945
a 6 80 0 1 7232828867626.653
a 6 81 0 1 20963207487978.355
a 7 12 0 1 17947173463026.996
a 7 13 0 1 18352512218751.395
a 7 14 0 1 20774961542828.336
a 7 15 0 1 10905389440299.455
a 7 16 0 1 8744064751934.364
a 7 17 0 1 15652383641212.664
a 7 18 0 1 5916338584958.267
a 7 19 0 1 19126479108013.188
a 7 20 0 1 8561907459115.805
a 7 21 0 1 21708740602389.473
a 7 22 0 1 11504668560915.787
a 7 23 0 1 24541286177216.805
a 7 24 0 1 15574775571625.682
a 7 25 0 1 11827671549176.225
a 7 26 0 1 10469230542884.27
a 7 27 0 1 8193670136881.592
a 7 28 0 1 22718601524690.4
a 7 29 0 1 9524241492435.443
a 7 30 0 1 25526094623506.28
a 7 31 0 1 11729980343650.107
a 7 32 0 1 19377105592223.535
a 7 33 0 1 16884774785518.658
a 7 34 0 1 21658513883528.758
a 7 35 0 1 15293923547254.049
a 7 36 0 1 6622762847782.4375
a 7 37 0 1 6436814725190.338
a 7 38 0 1 17202789056390.422
a 7 39 0 1 17594198852875.934
a 7 40 0 1 13832930197405.64
a 7 41 0 1 16597732510328.334
a 7 42 0 1 15647707223892.375
a 7 43 0 1 11788604629414.53
a 7 44 0 1 5960865999596.777
a 7 45 0 1 21123347492408.914
a 7 46 0 1 13238609659906.531
a 7 47 0 1 14333941214362.771
a 7 48 0 1 8195128911045.356
a 7 49 0 1 7798879758955.752
a 7 50 0 1 16680861773826.195
a 7 51 0 1 6322562362888.153
a 7 52 0 1 25794300926699.46
a 7 53 0 1 13003498370215.154
a 7 54 0 1 5349851289724.906
a 7 55 0 1 25386091458885.76
a 7 56 0 1 11387731803736.39
a 7 57 0 1 8577150134658.084
a 7 58 0 1 13422152506831.283
a 7 59 0 1 22065750367090.996
a 7 60 0 1 23476046187119.137
a 7 61 0 1 21208940413306.246
a 7 62 0 1 15309576977532.69
a 7 63 0 1 5781029252978.857
a 7 64 0 1 23694567173262.35
a 7 65 0 1 21109606747483.297
a 7 66 0 1 21158004930033.363
a 7 67 0 1 13567753926855.55
a 7 68 0 1 24412148455056.996
a 7 69 0 1 25885542811809.875
a 7 70 0 1 20044739542827.832
a 7 71 0 1 23521042311049.645
a 7 72 0 1 12237530272101.611
a 7 73 0 1 23200754054682.12
a 7 74 0 1 25671032571311.28
a 7 75 0 1 18290559358347.617
a 7 76 0 1 10080232406762.945
a 7 77 0 1 17217282789615.707
a 7 78 0 1 23354754901938.082
a 7 79 0 1 20519192530336.547
a 7 80 0 1 7254092144302.903
a 7 81 0 1 21024933560824.086
a 8 12 0 1 13325874454722.504
a 8 13 0 1 13626676896032.574
a 8 14 0 1 15424228877479.143
a 8 15 0 1 8099001777761.003
a 8 16 0 1 6494287224009.185
a 8 17 0 1 11622771293827.295
a 8 18 0 1 4394480337689.616
a 8 19 0 1 14201018663718.094
a 8 20 0 1 6359031854893.109
a 8 21 0 1 16117060327331.746
a 8 22 0 1 8543910964067.256
a 8 23 0 1 18218475039503.555
a 8 24 0 1 11565169566978.395
a 8 25 0 1 8783704177325.993
a 8 26 0 1 7775184290850.174
a 8 27 0 1 6085603946660.003
a 8 28 0 1 16866298595957.99
a 8 29 0 1 7073567257366.377
a 8 30 0 1 18949003858542.824
a 8 31 0 1 8711179982846.406
a 8 32 0 1 14386996746675.033
a 8 33 0 1 12537432595926.424
a 8 34 0 1 16079794834296.447
a 8 35 0 1 11356715294316.78
a 8 36 0 1 4919088343615.008
a 8 37 0 1 4781000830963.79
a 8 38 0 1 12773446918220.545
a 8 39 0 1 13063925619303.457
a 8 40 0 1 10272279284392.047
a 8 41 0 1 12324400316962.234
a 8 42 0 1 11619300403087.275
a 8 43 0 1 8754701648952.007
a 8 44 0 1 4427548137840.812
a 8 45 0 1 15682723579900.041
a 8 46 0 1 9831112390944.365
a 8 47 0 1 10644170001722.812
a 8 48 0 1 6086687144590.045
a 8 49 0 1 5792452921033.963
a 8 50 0 1 12386096189580.77
a 8 51 0 1 4696154774703.337
a 8 52 0 1 19147951315171.29
a 8 53 0 1 9656583894794.531
a 8 54 0 1 3973777093435.847
a 8 55 0 1 18845152415780.414
a 8 56 0 1 8457097505232.773
a 8 57 0 1 6370349896986.508
a 8 58 0 1 9967358758523.662
a 8 59 0 1 16381938946412.055
a 8 60 0 1 17428234119311.76
a 8 61 0 1 15746230823538.938
a 8 62 0 1 11368333690561.156
a 8 63 0 1 4293993798632.305
a 8 64 0 1 17590346481260.268
a 8 65 0 1 15672528351115.918
a 8 66 0 1 15708438342785.158
a 8 67 0 1 10075439630169.924
a 8 68 0 1 18122677778758.516
a 8 69 0 1 19215631107857.99
a 8 70 0 1 14882402874946.74
a 8 71 0 1 17461615194855.48
a 8 72 0 1 9087971343440.092
a 8 73 0 1 17224002418058.12
a 8 74 0 1 19056514910351.652
a 8 75 0 1 13580702062911.791
a 8 76 0 1 7486373305311.536
a 8 77 0 1 12784203337577.041
a 8 78 0 1 17338251845095.293
a 8 79 0 1 15234450496936.281
a 8 80 0 1 5387910398062.506
a 8 81 0 1 15609703152168.412
a 9 12 0 1 24895137248049.656
a 9 13 0 1 25457856984026.094
a 9 14 0 1 28821296570567.766
a 9 15 0 1 15122489122702.977
a 9 16 0 1 12124215772059.861
a 9 17 0 1 21709733198205.24
a 9 18 0 1 8202356516771.527
a 9 19 0 1 26532388841381.188
a 9 20 0 1 11871546514247.02
a 9 21 0 1 30117992838696.55
a 9 22 0 1 15953934679244.746
a 9 23 0 1 34052082498367.38
a 9 24 0 1 21602016641440.96
a 9 25 0 1 16402090535901.65
a 9 26 0 1 14517386060419.598
a 9 27 0 1 11360779322897.896
a 9 28 0 1 31520462495039.492
a 9 29 0 1 13206440535894.537
a 9 30 0 1 35420105363092.58
a 9 31 0 1 16266545889159.357
a 9 32 0 1 26880360418852.418
a 9 33 0 1 23420337520673.973
a 9 34 0 1 30048242534004.53
a 9 35 0 1 21212212735124.965
a 9 36 0 1 9182025193849.979
a 9 37 0 1 8924146489520.82
a 9 38 0 1 23861783625456.37
a 9 39 0 1 24405129706937.613
a 9 40 0 1 19184608976844.445
a 9 41 0 1 23021895437667.668
a 9 42 0 1 21703242517334.82
a 9 43 0 1 16347885803156.6
a 9 44 0 1 8264105284413.965
a 9 45 0 1 29305071531288.703
a 9 46 0 1 18359871486718.316
a 9 47 0 1 19879895016075.01
a 9 48 0 1 11362802696846.791
a 9 49 0 1 10813200073022.877
a 9 50 0 1 23137285740746.613
a 9 51 0 1 8765699838673.541
a 9 52 0 1 35792698586975.35
a 9 53 0 1 18033620071045.57
a 9 54 0 1 7416796855710.357
a 9 55 0 1 35225615987860.055
a 9 56 0 1 15791692018778.191
a 9 57 0 1 11892689378241.645
a 9 58 0 1 18614568879635.85
a 9 59 0 1 30613784605981.85
a 9 60 0 1 32572465971501.53
a 9 61 0 1 29423929700015.84
a 9 62 0 1 21233938396574.445
a 9 63 0 1 8014716662443.546
a 9 64 0 1 32875979738730.406
a 9 65 0 1 29285990601430.72
a 9 66 0 1 29353198293846.156
a 9 67 0 1 18816618959557.816
a 9 68 0 1 33872702902543.96
a 9 69 0 1 35919454204925.12
a 9 70 0 1 27807346168680.734
a 9 71 0 1 32634962655268.957
a 9 72 0 1 16970774415362.93
a 9 73 0 1 32190108623725.523
a 9 74 0 1 35621452603284.88
a 9 75 0 1 25371848350770.184
a 9 76 0 1 13977731122940.982
a 9 77 0 1 23881903153825.367
a 9 78 0 1 32404001535236.207
a 9 79 0 1 28466140745007.2
a 9 80 0 1 10057604388339.469
a 9 81 0 1 29168410657262.67
a 10 12 0 1 24999253460187.96
a 10 13 0 1 25564333530936.188
a 10 14 0 1 28941887511289.883
a 10 15 0 1 15185662785914.014
a 10 16 0 1 12174846691910.412
a 10 17 0 1 21800493982587.527
a 10 18 0 1 8236594156188.772
a 10 19 0 1 26643373378455.12
a 10 20 0 1 11921120834402.453
a 10 21 0 1 30244028189579.246
a 10 22 0 1 16020588087358.174
a 10 23 0 1 34194645817863.973
a 10 24 0 1 21692325975071.617
a 10 25 0 1 16470619832054.074
a 10 26 0 1 14578027682168.08
a 10 27 0 1 11408217930808.674
a 10 28 0 1 31652388202334.977
a 10 29 0 1 13261597747748.414
a 10 30 0 1 35568419568985.57
a 10 31 0 1 16334507802854.516
a 10 32 0 1 26992805043344.395
a 10 33 0 1 23518269124435.71
a 10 34 0 1 30173984984270.145
a 10 35 0 1 21300888455965.168
a 10 36 0 1 9220356432744.623
a 10 37 0 1 8961400078138.47
a 10 38 0 1 23961566222994.805
a 10 39 0 1 24507190826626.94
a 10 40 0 1 19264789672849.035
a 10 41 0 1 23118156526733.48
a 10 42 0 1 21793976098313.586
a 10 43 0 1 16416188199137.652
a 10 44 0 1 8298600917074.754
a 10 45 0 1 29427693496421.848
a 10 46 0 1 18436597930195.164
a 10 47 0 1 19962988294179.156
a 10 48 0 1 11410249764758.174
a 10 49 0 1 10858349323580.719
a 10 50 0 1 23234030601224.777
a 10 51 0 1 8802291325861.398
a 10 52 0 1 35942579413277.2
a 10 53 0 1 18108980255755.875
a 10 54 0 1 7447752660679.097
a 10 55 0 1 35373112489540.266
a 10 56 0 1 15857666360479.99
a 10 57 0 1 11942352110204.883
a 10 58 0 1 18692362003290.72
a 10 59 0 1 30741902058308.254
a 10 60 0 1 32708811335263.188
a 10 61 0 1 29547050700198.652
a 10 62 0 1 21322705162700.33
a 10 63 0 1 8048170344210.525
a 10 64 0 1 33013600418447.855
a 10 65 0 1 29408532455107.83
a 10 66 0 1 29476022321194.727
a 10 67 0 1 18895258319579.484
a 10 68 0 1 34014512282055.086
a 10 69 0 1 36069868023750.08
a 10 70 0 1 27923680995240.652
a 10 71 0 1 32771570612709.96
a 10 72 0 1 17041684384866.514
a 10 73 0 1 32324847510897.793
a 10 74 0 1 35770613385096.055
a 10 75 0 1 25477964113539.703
a 10 76 0 1 14036114868416.137
a 10 77 0 1 23981770117515.277
a 10 78 0 1 32539639077199.598
a 10 79 0 1 28585240785517.184
a 10 80 0 1 10099595067892.355
a 10 81 0 1 29290458858285.51
a 11 12 0 1 7588224978984.946
a 11 13 0 1 7759396834612.06
a 11 14 0 1 8782188646881.82
a 11 15 0 1 4613053463147.313
a 11 16 0 1 3699329538900.7656
a 11 17 0 1 6618976488821.31
a 11 18 0 1 2503480636753.3745
a 11 19 0 1 8086212258688.394
a 11 20 0 1 3622308534389.904
a 11 21 0 1 9176355141420.26
a 11 22 0 1 4866358862191.503
a 11 23 0 1 10371728705968.793
a 11 24 0 1 6586192060634.507
a 11 25 0 1 5002878528160.698
a 11 26 0 1 4428683603909.387
a 11 27 0 1 3466602192248.84
a 11 28 0 1 9602582163114.188
a 11 29 0 1 4029188161672.2534
a 11 30 0 1 10787225977270.635
a 11 31 0 1 4961589216616.669
a 11 32 0 1 8192034639185.226
a 11 33 0 1 7139537299068.258
a 11 34 0 1 9155154702483.023
a 11 35 0 1 6467547278686.751
a 11 36 0 1 2802270439650.86
a 11 37 0 1 2723624384116.526
a 11 38 0 1 7273852365913.515
a 11 39 0 1 7439158635111.547
a 11 40 0 1 5850285165143.667
a 11 41 0 1 7018298545714.342
a 11 42 0 1 6617001012236.724
a 11 43 0 1 4986366909465.603
a 11 44 0 1 2522314817812.757
a 11 45 0 1 8929254931291.379
a 11 46 0 1 5599153506428.425
a 11 47 0 1 6061973232147.065
a 11 48 0 1 3467219038807.3384
a 11 49 0 1 3299659629242.914
a 11 50 0 1 7053410533790.789
a 11 51 0 1 2675300815623.894
a 11 52 0 1 10900374574012.31
a 11 53 0 1 5499801153230.761
a 11 54 0 1 2263858429776.7217
a 11 55 0 1 10728161026756.523
a 11 56 0 1 4816933208432.337
a 11 57 0 1 3628753619211.337
a 11 58 0 1 5676712122443.908
a 11 59 0 1 9327043038487.389
a 11 60 0 1 9922235505808.287
a 11 61 0 1 8965385749499.734
a 11 62 0 1 6474160122500.77
a 11 63 0 1 2446246887068.334
a 11 64 0 1 10014448746976.588
a 11 65 0 1 8923454596021.38
a 11 66 0 1 8943884713856.291
a 11 67 0 1 5738236707671.17
a 11 68 0 1 10317240597695.596
a 11 69 0 1 10938866004475.389
a 11 70 0 1 8473913463015.67
a 11 71 0 1 9941223550909.727
a 11 72 0 1 5176099991575.708
a 11 73 0 1 9806061702752.635
a 11 74 0 1 10848371669099.428
a 11 75 0 1 7733235151994.288
a 11 76 0 1 4264240174446.958
a 11 77 0 1 7279973738057.335
a 11 78 0 1 9871050877500.0
a 11 79 0 1 8674214974928.69
a 11 80 0 1 3069274281056.8916
a 11 81 0 1 8887711549384.492
a 12 1 0 1 0
a 13 1 0 1 0
a 14 1 0 1 0
a 15 1 0 1 0
a 16 1 0 1 0
a 17 1 0 1 0
a 18 1 0 1 0
a 19 1 0 1 0
a 20 1 0 1 0
a 21 1 0 1 0
a 22 1 0 1 0
a 23 1 0 1 0
a 24 1 0 1 0
a 25 1 0 1 0
a 26 1 0 1 0
a 27 1 0 1 0
a 28 1 0 1 0
a 29 1 0 1 0
a 30 1 0 1 0
a 31 1 0 1 0
a 32 1 0 1 0
a 33 1 0 1 0
a 34 1 0 1 0
a 35 1 0 1 0
a 36 1 0 1 0
a 37 1 0 1 0
a 38 1 0 1 0
a 39 1 0 1 0
a 40 1 0 1 0
a 41 1 0 1 0
a 42 1 0 1 0
a 43 1 0 1 0
a 44 1 0 1 0
a 45 1 0 1 0
a 46 1 0 1 0
a 47 1 0 1 0
a 48 1 0 1 0
a 49 1 0 1 0
a 50 1 0 1 0
a 51 1 0 1 0
a 52 1 0 1 0
a 53 1 0 1 0
a 54 1 0 1 0
a 55 1 0 1 0
a 56 1 0 1 0
a 57 1 0 1 0
a 58 1 0 1 0
a 59 1 0 1 0
a 60 1 0 1 0
a 61 1 0 1 0
a 62 1 0 1 0
a 63 1 0 1 0
a 64 1 0 1 0
a 65 1 0 1 0
a 66 1 0 1 0
a 67 1 0 1 0
a 68 1 0 1 0
a 69 1 0 1 0
a 70 1 0 1 0
a 71 1 0 1 0
a 72 1 0 1 0
a 73 1 0 1 0
a 74 1 0 1 0
a 75 1 0 1 0
a 76 1 0 1 0
a 77 1 0 1 0
a 78 1 0 1 0
a 79 1 0 1 0
a 80 1 0 1 0
a 81 1 0 1 0
