p min 81 937
n 0 13
n 1 -13
a 0 2 0 1 0
a 0 3 0 1 0
a 0 4 0 1 0
a 0 5 0 1 0
a 0 6 0 1 0
a 0 7 0 1 0
a 0 8 0 1 0
a 0 9 0 1 0
a 0 10 0 1 0
a 0 11 0 1 0
a 0 12 0 1 0
a 0 13 0 1 0
a 0 14 0 1 0
a 2 15 0 1 16242064705294.783
a 2 16 0 1 15061532942389.316
a 2 17 0 1 15238280884539.363
a 2 18 0 1 15054769241539.676
a 2 19 0 1 5112824736856.497
a 2 20 0 1 8038628599824.982
a 2 21 0 1 7732311031725.666
a 2 22 0 1 14972542394672.904
a 2 23 0 1 4243444227748.867
a 2 24 0 1 4101978044571.4893
a 2 25 0 1 15207649180201.803
a 2 26 0 1 5428626678042.092
a 2 27 0 1 17294670890283.645
a 2 28 0 1 10649444955202.21
a 2 29 0 1 5672532053948.66
a 2 30 0 1 7134674931825.232
a 2 31 0 1 13417617452877.34
a 2 32 0 1 12483087438763.074
a 2 33 0 1 6935986047564.768
a 2 34 0 1 8439815979379.505
a 2 35 0 1 3767534725360.694
a 2 36 0 1 15541780103229.549
a 2 37 0 1 16212847376696.482
a 2 38 0 1 11775196139524.523
a 2 39 0 1 14090598858008.059
a 2 40 0 1 15876821677070.775
a 2 41 0 1 5892158249792.026
a 2 42 0 1 8648284060405.198
a 2 43 0 1 16387592033164.656
a 2 44 0 1 11457472890981.43
a 2 45 0 1 10600889210429.084
a 2 46 0 1 10265606444557.707
a 2 47 0 1 11189219225693.133
a 2 48 0 1 11473392341831.854
a 2 49 0 1 4438318937658.645
a 2 50 0 1 15590622470239.844
a 2 51 0 1 12886757221846.305
a 2 52 0 1 11292231804679.06
a 2 53 0 1 7273444700788.227
a 2 54 0 1 8521557875629.971
a 2 55 0 1 8504332551789.446
a 2 56 0 1 8862460342493.443
a 2 57 0 1 11999276641512.201
a 2 58 0 1 7915623732198.984
a 2 59 0 1 14803865611183.016
a 2 60 0 1 9755435583027.846
a 2 61 0 1 14488496842420.703
a 2 62 0 1 16880802113696.787
a 2 63 0 1 7580294902030.805
a 2 64 0 1 12892513918604.266
a 2 65 0 1 13857948644809.717
a 2 66 0 1 4027608320436.169
a 2 67 0 1 11433544139591.129
a 2 68 0 1 10791565348951.004
a 2 69 0 1 14984876922857.648
a 2 70 0 1 15412245111526.451
a 2 71 0 1 15541431454760.951
a 2 72 0 1 15988712175144.521
a 2 73 0 1 8400779785657.777
a 2 74 0 1 14709669141646.684
a 2 75 0 1 4509716501717.416
a 2 76 0 1 9927393823596.223
a 2 77 0 1 4017523818188.6226
a 2 78 0 1 8531883275784.117
a 2 79 0 1 7493268900150.591
a 2 80 0 1 7926716225599.363
a 3 15 0 1 34481081770056.902
a 3 16 0 1 31969983967088.05
a 3 17 0 1 32345893857164.562
a 3 18 0 1 31955599180009.094
a 3 19 0 1 10838662491435.285
a 3 20 0 1 17047502924883.557
a 3 21 0 1 16397247208900.139
a 3 22 0 1 31780724203076.156
a 3 23 0 1 8994656481291.488
a 3 24 0 1 8694637720698.499
a 3 25 0 1 32280744703280.98
a 3 26 0 1 11508599035005.504
a 3 27 0 1 36720719369690.89
a 3 28 0 1 22591876051310.836
a 3 29 0 1 12026052893862.215
a 3 30 0 1 15128724185830.34
a 3 31 0 1 28474507936931.94
a 3 32 0 1 26488070334368.78
a 3 33 0 1 14707036995353.91
a 3 34 0 1 17899227658809.824
a 3 35 0 1 7985400313077.328
a 3 36 0 1 32991420278493.645
a 3 37 0 1 34418924584370.67
a 3 38 0 1 24983696296984.594
a 3 39 0 1 29905295726755.95
a 3 40 0 1 33704094628349.152
a 3 41 0 1 12492025505805.854
a 3 42 0 1 18341842324555.074
a 3 43 0 1 34790684829252.13
a 3 44 0 1 24308576944956.64
a 3 45 0 1 22488728073945.316
a 3 46 0 1 21776515313722.1
a 3 47 0 1 23738617083307.42
a 3 48 0 1 24342402323924.93
a 3 49 0 1 9407960955887.287
a 3 50 0 1 33095310100429.39
a 3 51 0 1 27346052059358.523
a 3 52 0 1 23957483725675.71
a 3 53 0 1 15423254934277.857
a 3 54 0 1 18072777340978.195
a 3 55 0 1 18036205221241.625
a 3 56 0 1 18796601366628.13
a 3 57 0 1 25459870765941.137
a 3 58 0 1 16786380083824.8
a 3 59 0 1 31422004518015.805
a 3 60 0 1 20692921163322.36
a 3 61 0 1 30751361642504.914
a 3 62 0 1 35840054828107.35
a 3 63 0 1 16074564113517.79
a 3 64 0 1 27358288305071.465
a 3 65 0 1 29410643000417.117
a 3 66 0 1 8536920232483.827
a 3 67 0 1 24257733802496.973
a 3 68 0 1 22893792808194.24
a 3 69 0 1 31806956277608.24
a 3 70 0 1 32715900139295.633
a 3 71 0 1 32990678692893.812
a 3 72 0 1 33942113188456.41
a 3 73 0 1 17816349556846.496
a 3 74 0 1 31221686637488.305
a 3 75 0 1 9559391311928.357
a 3 76 0 1 21058141529272.684
a 3 77 0 1 8515534042719.971
a 3 78 0 1 18094699896370.492
a 3 79 0 1 15889840610126.633
a 3 80 0 1 16809927619323.027
a 4 15 0 1 24004309861865.254
a 4 16 0 1 22258142794826.164
a 4 17 0 1 22519562569527.58
a 4 18 0 1 22248139016365.7
a 4 19 0 1 7551669831260.663
a 4 20 0 1 11875007290919.104
a 4 21 0 1 11422309474595.469
a 4 22 0 1 22126522886283.484
a 4 23 0 1 6267290794484.725
a 4 24 0 1 6058307380106.154
a 4 25 0 1 22474256255450.344
a 4 26 0 1 8018250126895.747
a 4 27 0 1 25561449438205.566
a 4 28 0 1 15734076282222.088
a 4 29 0 1 8378618221515.434
a 4 30 0 1 10539124401492.7
a 4 31 0 1 19826946882621.824
a 4 32 0 1 18445061593095.508
a 4 33 0 1 10245515346447.412
a 4 34 0 1 12467933520248.207
a 4 35 0 1 5564258006614.723
a 4 36 0 1 22968466234481.855
a 4 37 0 1 23961090713504.145
a 4 38 0 1 17398400674750.012
a 4 39 0 1 20822169608346.887
a 4 40 0 1 23464041441052.95
a 4 41 0 1 8703122305632.443
a 4 42 0 1 12776044757520.158
a 4 43 0 1 24219580323480.125
a 4 44 0 1 16928653811358.512
a 4 45 0 1 15662295514784.742
a 4 46 0 1 15166651885504.15
a 4 47 0 1 16532059444703.729
a 4 48 0 1 16952189979435.236
a 4 49 0 1 6555178217617.642
a 4 50 0 1 23040710056958.445
a 4 51 0 1 19041948805574.137
a 4 52 0 1 16684354984209.945
a 4 53 0 1 10744192828675.422
a 4 54 0 1 12588745402009.736
a 4 55 0 1 12563286839500.588
a 4 56 0 1 13092599952936.137
a 4 57 0 1 17729708677134.89
a 4 58 0 1 11693220144625.691
a 4 59 0 1 21877047993667.5
a 4 60 0 1 14412508838611.557
a 4 61 0 1 21410626426889.016
a 4 62 0 1 24949184208809.992
a 4 63 0 1 11197654926836.309
a 4 64 0 1 19050461149954.145
a 4 65 0 1 20478111959741.18
a 4 66 0 1 5948444696261.732
a 4 67 0 1 16893276342392.385
a 4 68 0 1 15944177437090.6
a 4 69 0 1 22144765976699.824
a 4 70 0 1 22776870055975.453
a 4 71 0 1 22967950542242.348
a 4 72 0 1 23629547838389.543
a 4 73 0 1 12410239670541.006
a 4 74 0 1 21737732357152.38
a 4 75 0 1 6660655021156.791
a 4 76 0 1 14666695634668.508
a 4 77 0 1 5933547433242.697
a 4 78 0 1 12604006087162.13
a 4 79 0 1 11069046666372.568
a 4 80 0 1 11709613482089.684
a 5 15 0 1 19187594146203.16
a 5 16 0 1 17792531811035.855
a 5 17 0 1 18001394652853.48
a 5 18 0 1 17784539184131.91
a 5 19 0 1 6038642201888.888
a 5 20 0 1 9494822716609.61
a 5 21 0 1 9132957484280.07
a 5 22 0 1 17687372366779.816
a 5 23 0 1 5011745601410.439
a 5 24 0 1 4844651816673.827
a 5 25 0 1 17965197092105.09
a 5 26 0 1 6411670990029.926
a 5 27 0 1 20431541922952.902
a 5 28 0 1 12579272714336.088
a 5 29 0 1 6699778114755.147
a 5 30 0 1 8426959305988.411
a 5 31 0 1 15849992723792.746
a 5 32 0 1 14745761261006.29
a 5 33 0 1 8192248486701.15
a 5 34 0 1 9968768464229.3
a 5 35 0 1 4449625641034.788
a 5 36 0 1 18360042936886.117
a 5 37 0 1 19153066505520.39
a 5 38 0 1 13909352589342.379
a 5 39 0 1 16645207652775.895
a 5 40 0 1 18755970449693.71
a 5 41 0 1 6959208574388.454
a 5 42 0 1 10215046944802.002
a 5 43 0 1 19359572006623.535
a 5 44 0 1 13533954863539.828
a 5 45 0 1 12521905300340.768
a 5 46 0 1 12125780164585.062
a 5 47 0 1 13217010531669.898
a 5 48 0 1 13552763962274.975
a 5 49 0 1 5241924860682.165
a 5 50 0 1 18417760911633.008
a 5 51 0 1 15222728208378.104
a 5 52 0 1 13338720482013.398
a 5 53 0 1 8590888937536.016
a 5 54 0 1 10065335845851.21
a 5 55 0 1 10044986346535.496
a 5 56 0 1 10468071170836.316
a 5 57 0 1 14174112136373.355
a 5 58 0 1 9349511575536.031
a 5 59 0 1 17488049386283.707
a 5 60 0 1 11523041363146.744
a 5 61 0 1 17115386324930.848
a 5 62 0 1 19942433998308.3
a 5 63 0 1 8953376449898.564
a 5 64 0 1 15229530247311.975
a 5 65 0 1 16370298680748.248
a 5 66 0 1 4756809885426.708
a 5 67 0 1 13505682665148.318
a 5 68 0 1 12747185120672.299
a 5 69 0 1 17701947960283.68
a 5 70 0 1 18206969489866.676
a 5 71 0 1 18359630932637.457
a 5 72 0 1 18888195654928.652
a 5 73 0 1 9922652412579.871
a 5 74 0 1 17376739356329.47
a 5 75 0 1 5326257659380.307
a 5 76 0 1 11726199127274.01
a 5 77 0 1 4744898578733.975
a 5 78 0 1 10077533981931.455
a 5 79 0 1 8850570639234.088
a 5 80 0 1 9362615602542.387
a 6 15 0 1 15392615381769.818
a 6 16 0 1 14273926164793.666
a 6 17 0 1 14441416121606.586
a 6 18 0 1 14267516736750.398
a 6 19 0 1 4845751989678.132
a 6 20 0 1 7618589895123.459
a 6 21 0 1 7328291703387.726
a 6 22 0 1 14189596770641.457
a 6 23 0 1 4021805340347.3267
a 6 24 0 1 3887731370105.1143
a 6 25 0 1 14412388919063.61
a 6 26 0 1 5145047974575.446
a 6 27 0 1 16390067008821.6
a 6 28 0 1 10092825889176.535
a 6 29 0 1 5376204418892.497
a 6 30 0 1 6761906874747.134
a 6 31 0 1 12716101198415.146
a 6 32 0 1 11830497998728.959
a 6 33 0 1 6573606821979.369
a 6 34 0 1 7998794907270.315
a 6 35 0 1 3570763236824.0547
a 6 36 0 1 14729017341693.035
a 6 37 0 1 15364928804826.37
a 6 38 0 1 11159661325831.8
a 6 39 0 1 13353842845528.717
a 6 40 0 1 15046507431968.025
a 6 41 0 1 5584350175023.452
a 6 42 0 1 8196359243411.182
a 6 43 0 1 15530518109597.895
a 6 44 0 1 10858567465086.994
a 6 45 0 1 10046810964741.385
a 6 46 0 1 9729072108440.135
a 6 47 0 1 10604353090478.936
a 6 48 0 1 10873653731691.516
a 6 49 0 1 4206496639724.3726
a 6 50 0 1 14775301132985.041
a 6 51 0 1 12213035092244.32
a 6 52 0 1 10701974513055.857
a 6 53 0 1 6893420531552.916
a 6 54 0 1 8076261422584.611
a 6 55 0 1 8059937048477.155
a 6 56 0 1 8399332701442.686
a 6 57 0 1 11372012935264.334
a 6 58 0 1 7502017896145.664
a 6 59 0 1 14029754703975.775
a 6 60 0 1 9245593838347.314
a 6 61 0 1 13730903007553.469
a 6 62 0 1 15997885678514.926
a 6 63 0 1 7184225107351.482
a 6 64 0 1 12218490404244.795
a 6 65 0 1 13133375630282.627
a 6 66 0 1 3817247690518.2373
a 6 67 0 1 10835891079254.97
a 6 68 0 1 10227509265926.094
a 6 69 0 1 14201285245388.703
a 6 70 0 1 14606267824467.068
a 6 71 0 1 14728686956851.336
a 6 72 0 1 15152536150043.643
a 6 73 0 1 7961800413176.568
a 6 74 0 1 13940491783978.797
a 6 75 0 1 4274163130467.3916
a 6 76 0 1 9408555403425.387
a 6 77 0 1 3807690129364.513
a 6 78 0 1 8086046763546.953
a 6 79 0 1 7101749925763.217
a 6 80 0 1 7512530285009.754
a 7 15 0 1 19237805540364.695
a 7 16 0 1 17839085009179.223
a 7 17 0 1 18048495465668.33
a 7 18 0 1 17831071427039.04
a 7 19 0 1 6054420551206.376
a 7 20 0 1 9519641611604.959
a 7 21 0 1 9156829487825.418
a 7 22 0 1 17733649858787.29
a 7 23 0 1 5024839223340.432
a 7 24 0 1 4857308647367.633
a 7 25 0 1 18012202997131.49
a 7 26 0 1 6428424746653.908
a 7 27 0 1 20485016247467.19
a 7 28 0 1 12612165890089.719
a 7 29 0 1 6717285280366.863
a 7 30 0 1 8448984154343.835
a 7 31 0 1 15891454069493.496
a 7 32 0 1 14784329173771.918
a 7 33 0 1 8213659310479.661
a 7 34 0 1 9994827651010.584
a 7 35 0 1 4461249921195.839
a 7 36 0 1 18408084146407.695
a 7 37 0 1 19203187345510.04
a 7 38 0 1 13945729339827.518
a 7 39 0 1 16688753168035.137
a 7 40 0 1 18805049894659.67
a 7 41 0 1 6977394201505.647
a 7 42 0 1 10241750683355.68
a 7 43 0 1 19410234450546.625
a 7 44 0 1 13569348312066.535
a 7 45 0 1 12554648250777.977
a 7 46 0 1 12157485855284.213
a 7 47 0 1 13251573855090.826
a 7 48 0 1 13588206676583.275
a 7 49 0 1 5255620209924.155
a 7 50 0 1 18465953468321.133
a 7 51 0 1 15262545833723.428
a 7 52 0 1 13373602575004.686
a 7 53 0 1 8613342660260.705
a 7 54 0 1 10091647761173.973
a 7 55 0 1 10071245004284.826
a 7 56 0 1 10495437154068.932
a 7 57 0 1 14211182438794.227
a 7 58 0 1 9373950225886.762
a 7 59 0 1 17533804313363.932
a 7 60 0 1 11553168955022.406
a 7 61 0 1 17160164306011.613
a 7 62 0 1 19994625259191.426
a 7 63 0 1 8976778573766.428
a 7 64 0 1 15269365695838.914
a 7 65 0 1 16413123647006.799
a 7 66 0 1 4769237099820.161
a 7 67 0 1 13541002062047.703
a 7 68 0 1 12780518012085.094
a 7 69 0 1 17748263666059.055
a 7 70 0 1 18254609322362.016
a 7 71 0 1 18407671061814.992
a 7 72 0 1 18937621853428.227
a 7 73 0 1 9948590910051.264
a 7 74 0 1 17422202472441.227
a 7 75 0 1 5340173476751.725
a 7 76 0 1 11756858605002.156
a 7 77 0 1 4757294657670.125
a 7 78 0 1 10103877821656.186
a 7 79 0 1 8873703777087.229
a 7 80 0 1 9387088542487.627
a 8 15 0 1 9185154900845.309
a 8 16 0 1 8518047775324.674
a 8 17 0 1 8617931354478.419
a 8 18 0 1 8514225445919.68
a 8 19 0 1 2892996133143.764
a 8 20 0 1 4547842213411.119
a 8 21 0 1 4374610499211.7427
a 8 22 0 1 8467756877610.805
a 8 23 0 1 2401177796208.6685
a 8 24 0 1 2321144739723.4165
a 8 25 0 1 8600620930128.192
a 8 26 0 1 3071638258173.7354
a 8 27 0 1 9779906004115.223
a 8 28 0 1 6024121225007.775
a 8 29 0 1 3209606235949.879
a 8 30 0 1 4036614190842.896
a 8 31 0 1 7588955597386.437
a 8 32 0 1 7060718831976.858
a 8 33 0 1 3924240148811.833
a 8 34 0 1 4774717604124.809
a 8 35 0 1 2131932326372.3462
a 8 36 0 1 8789440334746.3125
a 8 37 0 1 9168645421730.932
a 8 38 0 1 6660555172464.884
a 8 39 0 1 7969323174160.21
a 8 40 0 1 8978768010011.834
a 8 41 0 1 3333837527037.287
a 8 42 0 1 4892604749551.294
a 8 43 0 1 9267385531498.162
a 8 44 0 1 6480940273846.08
a 8 45 0 1 5996669030677.074
a 8 46 0 1 5807104964294.823
a 8 47 0 1 6329287009394.713
a 8 48 0 1 6489939973271.688
a 8 49 0 1 2511424330396.798
a 8 50 0 1 8817040922368.793
a 8 51 0 1 7288896507558.462
a 8 52 0 1 6387524137478.268
a 8 53 0 1 4115097980771.7046
a 8 54 0 1 4820942330000.497
a 8 55 0 1 4811201507492.23
a 8 56 0 1 5013717279422.093
a 8 57 0 1 6787228639153.856
a 8 58 0 1 4478279932598.492
a 8 59 0 1 8372431963711.164
a 8 60 0 1 5518649475130.599
a 8 61 0 1 8194202164427.146
a 8 62 0 1 9546066376834.334
a 8 63 0 1 4288638876274.5854
a 8 64 0 1 7292150461217.387
a 8 65 0 1 7837832695266.164
a 8 66 0 1 2279070369533.215
a 8 67 0 1 6467412671568.692
a 8 68 0 1 6104471747092.672
a 8 69 0 1 8474727470464.939
a 8 70 0 1 8716240077685.964
a 8 71 0 1 8789243314681.461
a 8 72 0 1 9041994473452.201
a 8 73 0 1 4752642654327.117
a 8 74 0 1 8319197675398.067
a 8 75 0 1 2551815560231.2886
a 8 76 0 1 5615877955853.472
a 8 77 0 1 2273365079144.728
a 8 78 0 1 4826781276922.97
a 8 79 0 1 4239421361721.4634
a 8 80 0 1 4484553045810.927
a 9 15 0 1 10018126212376.35
a 9 16 0 1 9290456616505.99
a 9 17 0 1 9399407353211.81
a 9 18 0 1 9286287311034.1
a 9 19 0 1 3155145124526.016
a 9 20 0 1 4960030819327.379
a 9 21 0 1 4771089816042.952
a 9 22 0 1 9235600535033.64
a 9 23 0 1 2618747206362.1562
a 9 24 0 1 2531460284586.4043
a 9 25 0 1 9380525519688.65
a 9 26 0 1 3349981158960.2095
a 9 27 0 1 10666879593578.291
a 9 28 0 1 6570211975378.084
a 9 29 0 1 3500456431739.239
a 9 30 0 1 4402444726635.821
a 9 31 0 1 8277034894582.5
a 9 32 0 1 7700861212923.446
a 9 33 0 1 4279881423497.755
a 9 34 0 1 5207481138730.5625
a 9 35 0 1 2325099020281.2026
a 9 36 0 1 9586485979258.576
a 9 37 0 1 10000117818779.297
a 9 38 0 1 7264387366763.53
a 9 39 0 1 8691924357081.364
a 9 40 0 1 9793001666572.854
a 9 41 0 1 3635950108404.82
a 9 42 0 1 5336059724116.308
a 9 43 0 1 10107822748575.068
a 9 44 0 1 7068475696752.273
a 9 45 0 1 6540269346333.904
a 9 46 0 1 6333508692288.087
a 9 47 0 1 6903063240871.43
a 9 48 0 1 7078291937026.252
a 9 49 0 1 2738986269263.315
a 9 50 0 1 9616592220622.514
a 9 51 0 1 7949744986012.197
a 9 52 0 1 6966584042845.349
a 9 53 0 1 4488045026565.203
a 9 54 0 1 5257898047158.85
a 9 55 0 1 5247273812309.932
a 9 56 0 1 5468156540680.664
a 9 57 0 1 7402554578936.364
a 9 58 0 1 4884160292883.614
a 9 59 0 1 9131622608146.314
a 9 60 0 1 6018887102909.627
a 9 61 0 1 8937214752927.096
a 9 62 0 1 10411806807037.324
a 9 63 0 1 4677322223835.8545
a 9 64 0 1 7953294229906.572
a 9 65 0 1 8548499524595.358
a 9 66 0 1 2485572525934.4175
a 9 67 0 1 7053720741416.26
a 9 68 0 1 6657851912510.511
a 9 69 0 1 9243203883826.676
a 9 70 0 1 9506640494980.623
a 9 71 0 1 9586271073258.77
a 9 72 0 1 9861968292836.566
a 9 73 0 1 5183404199220.244
a 9 74 0 1 9073556126697.96
a 9 75 0 1 2783038549861.7993
a 9 76 0 1 6124935069394.6
a 9 77 0 1 2479350142648.1353
a 9 78 0 1 5264266539490.872
a 9 79 0 1 4623641705043.763
a 9 80 0 1 4891002277963.29
a 10 15 0 1 7416535702465.524
a 10 16 0 1 6877983067401.873
a 10 17 0 1 6958619654292.052
a 10 18 0 1 6874897271830.17
a 10 19 0 1 2336269984636.2417
a 10 20 0 1 3672523971690.568
a 10 21 0 1 3532647538745.4497
a 10 22 0 1 6837382801692.612
a 10 23 0 1 1939117953986.4958
a 10 24 0 1 1874489022315.2566
a 10 25 0 1 6944644874933.611
a 10 26 0 1 2480524525887.9893
a 10 27 0 1 7896662198108.971
a 10 28 0 1 4864506004559.432
a 10 29 0 1 2591933678058.889
a 10 30 0 1 3259728379803.288
a 10 31 0 1 6127904496889.509
a 10 32 0 1 5701432403565.781
a 10 33 0 1 3168989710618.3345
a 10 34 0 1 3855713516681.618
a 10 35 0 1 1721693794579.638
a 10 36 0 1 7097079005059.045
a 10 37 0 1 7403207865300.061
a 10 38 0 1 5378353514062.863
a 10 39 0 1 6434988172545.704
a 10 40 0 1 7249922180409.666
a 10 41 0 1 2692249871778.871
a 10 42 0 1 3950900250717.234
a 10 43 0 1 7482919023640.552
a 10 44 0 1 5233336527269.679
a 10 45 0 1 4842341175966.097
a 10 46 0 1 4689286917091.488
a 10 47 0 1 5110894228891.404
a 10 48 0 1 5240602707529.783
a 10 49 0 1 2028144738608.0916
a 10 50 0 1 7119360885319.319
a 10 51 0 1 5885652936768.574
a 10 52 0 1 5157914005293.886
a 10 53 0 1 3323101418577.644
a 10 54 0 1 3893037244066.981
a 10 55 0 1 3885172113384.363
a 10 56 0 1 4048690769307.5166
a 10 57 0 1 5480626097298.937
a 10 58 0 1 3616355842248.181
a 10 59 0 1 6760425946450.693
a 10 60 0 1 4456385134032.455
a 10 61 0 1 6616538188906.26
a 10 62 0 1 7707891297005.562
a 10 63 0 1 3463229112082.7505
a 10 64 0 1 5888280021120.157
a 10 65 0 1 6328832024837.828
a 10 66 0 1 1840512699615.0315
a 10 67 0 1 5222414601869.669
a 10 68 0 1 4929380647027.495
a 10 69 0 1 6843010225479.453
a 10 70 0 1 7037984501974.416
a 10 71 0 1 7096919951191.685
a 10 72 0 1 7300964265392.209
a 10 73 0 1 3837889275645.78
a 10 74 0 1 6717449176228.911
a 10 75 0 1 2060761540052.329
a 10 76 0 1 4534888693123.094
a 10 77 0 1 1835905500703.859
a 10 78 0 1 3897751842314.32
a 10 79 0 1 3423487944630.0977
a 10 80 0 1 3621421080552.3726
a 11 15 0 1 9229204012921.336
a 11 16 0 1 8558894498163.854
a 11 17 0 1 8659257528216.508
a 11 18 0 1 8555053821426.176
a 11 19 0 1 2906859934810.4756
a 11 20 0 1 4569640533373.358
a 11 21 0 1 4395578079796.4355
a 11 22 0 1 8508362203442.725
a 11 23 0 1 2412684053766.578
a 11 24 0 1 2332267382102.2905
a 11 25 0 1 8641864011351.553
a 11 26 0 1 3086358451974.8677
a 11 27 0 1 9826810583483.771
a 11 28 0 1 6053000449061.956
a 11 29 0 1 3224987858394.821
a 11 30 0 1 4055960992928.846
a 11 31 0 1 7625343118195.755
a 11 32 0 1 7094571494098.415
a 11 33 0 1 3943048116781.3135
a 11 34 0 1 4797603964145.067
a 11 35 0 1 2142148062326.6099
a 11 36 0 1 8831589794121.885
a 11 37 0 1 9212615275536.184
a 11 38 0 1 6692487768699.667
a 11 39 0 1 8007536163146.995
a 11 40 0 1 9021826327119.47
a 11 41 0 1 3349814741503.2246
a 11 42 0 1 4916056490646.147
a 11 43 0 1 9311829418722.674
a 11 44 0 1 6512011099398.307
a 11 45 0 1 6025416559480.152
a 11 46 0 1 5834943128239.94
a 11 47 0 1 6359630248706.346
a 11 48 0 1 6521053977447.266
a 11 49 0 1 2523459034283.1367
a 11 50 0 1 8859322874461.803
a 11 51 0 1 7323844091739.118
a 11 52 0 1 6418146777799.05
a 11 53 0 1 4134821121349.232
a 11 54 0 1 4844050379743.849
a 11 55 0 1 4834262840908.867
a 11 56 0 1 5037749886440.546
a 11 57 0 1 6819769020981.095
a 11 58 0 1 4499744659954.2705
a 11 59 0 1 8412579736337.907
a 11 60 0 1 5545103954999.422
a 11 61 0 1 8233494473022.084
a 11 62 0 1 9591848218840.604
a 11 63 0 1 4309194188981.621
a 11 64 0 1 7327113660075.376
a 11 65 0 1 7875414614177.497
a 11 66 0 1 2289991343504.147
a 11 67 0 1 6498418594761.703
a 11 68 0 1 6133736438119.482
a 11 69 0 1 8515366255071.777
a 11 70 0 1 8758038153679.342
a 11 71 0 1 8831391828294.105
a 11 72 0 1 9085356314801.027
a 11 73 0 1 4775423145664.593
a 11 74 0 1 8359089931396.493
a 11 75 0 1 2564043875366.0405
a 11 76 0 1 5642798817987.579
a 11 77 0 1 2284258707003.425
a 11 78 0 1 4849917329910.273
a 11 79 0 1 4259740660704.6714
a 11 80 0 1 4506047856264.759
a 12 15 0 1 27111273926174.918
a 12 16 0 1 25138439397947.94
a 12 17 0 1 25433787148167.434
a 12 18 0 1 25127137339858.523
a 12 19 0 1 8527019402079.501
a 12 20 0 1 13409608008770.986
a 12 21 0 1 12898321380048.71
a 12 22 0 1 24989738269171.74
a 12 23 0 1 7076618881637.641
a 12 24 0 1 6840627084397.908
a 12 25 0 1 25382600656409.426
a 12 26 0 1 9053924560119.176
a 12 27 0 1 28870630444751.023
a 12 28 0 1 17768403472271.19
a 12 29 0 1 9460890192937.627
a 12 30 0 1 11900853057986.508
a 12 31 0 1 22391824831626.18
a 12 32 0 1 20830745311587.227
a 12 33 0 1 11569257103288.332
a 12 34 0 1 14079282050652.635
a 12 35 0 1 6282734103277.852
a 12 36 0 1 25940956488799.92
a 12 37 0 1 27062443318875.75
a 12 38 0 1 19648402821673.234
a 12 39 0 1 23516141713318.39
a 12 40 0 1 26500863029862.84
a 12 41 0 1 9827358141767.615
a 12 42 0 1 14427279589151.307
a 12 43 0 1 27354495470109.61
a 12 44 0 1 19117773371487.805
a 12 45 0 1 17687322943947.0
a 12 46 0 1 17127469536889.89
a 12 47 0 1 18669783301017.14
a 12 48 0 1 19144359819950.938
a 12 49 0 1 7401714405974.684
a 12 50 0 1 26022577869992.953
a 12 51 0 1 21505025217676.188
a 12 52 0 1 18841814591757.188
a 12 53 0 1 12132454791106.105
a 12 54 0 1 14215733159952.697
a 12 55 0 1 14186978918386.65
a 12 56 0 1 14784817520648.098
a 12 57 0 1 20022655208060.92
a 12 58 0 1 13204292875787.098
a 12 59 0 1 24707888909754.555
a 12 60 0 1 16275644435317.062
a 12 61 0 1 24180945246426.527
a 12 62 0 1 28178844007269.633
a 12 63 0 1 12644594273388.99
a 12 64 0 1 21514641363778.7
a 12 65 0 1 23127451248008.535
a 12 66 0 1 6716566668929.658
a 12 67 0 1 19077811028189.223
a 12 68 0 1 18005725875925.887
a 12 69 0 1 25010348855913.19
a 12 70 0 1 25724491156180.02
a 12 71 0 1 25940373858124.066
a 12 72 0 1 26687855899600.367
a 12 73 0 1 14014119843638.654
a 12 74 0 1 24550495135900.99
a 12 75 0 1 7520824289592.32
a 12 76 0 1 16562753200674.945
a 12 77 0 1 6699744239836.774
a 12 78 0 1 14232969392104.656
a 12 79 0 1 12499343574468.758
a 12 80 0 1 13222807892030.516
a 13 15 0 1 8207707527792.467
a 13 16 0 1 7611653494235.546
a 13 17 0 1 7700899167171.029
a 13 18 0 1 7608238250242.894
a 13 19 0 1 2585334343895.3784
a 13 20 0 1 4064109958022.9365
a 13 21 0 1 3909312367957.184
a 13 22 0 1 7566718647973.789
a 13 23 0 1 2145832389787.5564
a 13 24 0 1 2074312219818.303
a 13 25 0 1 7685432371539.099
a 13 26 0 1 2744972390009.5425
a 13 27 0 1 8739103903043.448
a 13 28 0 1 5383266878702.46
a 13 29 0 1 2868262756084.993
a 13 30 0 1 3607281403729.308
a 13 31 0 1 6781501997454.908
a 13 32 0 1 6309509673639.907
a 13 33 0 1 3506864249206.7637
a 13 34 0 1 4266841840784.4473
a 13 35 0 1 1905225230315.8335
a 13 36 0 1 7854141407306.143
a 13 37 0 1 8192956578906.889
a 13 38 0 1 5951949697930.334
a 13 39 0 1 7121365839793.481
a 13 40 0 1 8023303795538.176
a 13 41 0 1 2979277445253.8223
a 13 42 0 1 4372183287994.253
a 13 43 0 1 8281179158998.22
a 13 44 0 1 5791456475586.891
a 13 45 0 1 5358736888825.902
a 13 46 0 1 5189350903128.378
a 13 47 0 1 5655947561240.77
a 13 48 0 1 5799498090131.753
a 13 49 0 1 2244352086984.558
a 13 50 0 1 7878802305780.951
a 13 51 0 1 6513392694541.126
a 13 52 0 1 5707985076325.743
a 13 53 0 1 3677414152290.4717
a 13 54 0 1 4308147309488.6714
a 13 55 0 1 4299443113805.319
a 13 56 0 1 4480406553270.339
a 13 57 0 1 6065137171180.047
a 13 58 0 1 4001950094265.7104
a 13 59 0 1 7481545819616.247
a 13 60 0 1 4931598447637.641
a 13 61 0 1 7322296926566.771
a 13 62 0 1 8530174521263.107
a 13 63 0 1 3832489008175.798
a 13 64 0 1 6516300183268.273
a 13 65 0 1 7003877584316.207
a 13 66 0 1 2036713123404.4077
a 13 67 0 1 5779368983756.427
a 13 68 0 1 5455064231789.207
a 13 69 0 1 7572946866177.171
a 13 70 0 1 7788737497663.807
a 13 71 0 1 7853965371435.714
a 13 72 0 1 8079795834625.554
a 13 73 0 1 4247116101068.7
a 13 74 0 1 7433980886435.196
a 13 75 0 1 2280446866934.0728
a 13 76 0 1 5018478189288.161
a 13 77 0 1 2031614677772.427
a 13 78 0 1 4313364869591.8555
a 13 79 0 1 3788508669536.8867
a 13 80 0 1 4007555663266.958
a 14 15 0 1 34513672300219.945
a 14 16 0 1 32000192325633.85
a 14 17 0 1 32376458737685.742
a 14 18 0 1 31985793896290.008
a 14 19 0 1 10848878987409.023
a 14 20 0 1 17063583365710.688
a 14 21 0 1 16412713121675.947
a 14 22 0 1 31810753074803.684
a 14 23 0 1 9003133019707.207
a 14 24 0 1 8702831238916.96
a 14 25 0 1 32311247792565.57
a 14 26 0 1 11519447849354.98
a 14 27 0 1 36755435712219.41
a 14 28 0 1 22613199977225.24
a 14 29 0 1 12037390172919.84
a 14 30 0 1 15142991538386.979
a 14 31 0 1 28501402580594.246
a 14 32 0 1 26513083022424.8
a 14 33 0 1 14720905995616.633
a 14 34 0 1 17916113166522.727
a 14 35 0 1 7992924855906.459
a 14 36 0 1 33022597463857.035
a 14 37 0 1 34451456132016.027
a 14 38 0 1 25007284310810.09
a 14 39 0 1 29933546435999.723
a 14 40 0 1 33735947916575.1
a 14 41 0 1 12503802702294.607
a 14 42 0 1 18359146262717.97
a 14 43 0 1 34823569162143.766
a 14 44 0 1 24331525766949.61
a 14 45 0 1 22509954388447.86
a 14 46 0 1 21797067707486.242
a 14 47 0 1 23761026354155.02
a 14 48 0 1 24365383168860.594
a 14 49 0 1 9416827413685.66
a 14 50 0 1 33126585837507.27
a 14 51 0 1 27371877495593.75
a 14 52 0 1 23980100177726.84
a 14 53 0 1 15437800542103.936
a 14 54 0 1 18089826910629.13
a 14 55 0 1 18053220217578.957
a 14 56 0 1 18814335260516.54
a 14 57 0 1 25483909673692.117
a 14 58 0 1 16802213737883.318
a 14 59 0 1 31451693215010.93
a 14 60 0 1 20712448434393.715
a 14 61 0 1 30780414442700.38
a 14 62 0 1 35873935133250.766
a 14 63 0 1 16089725106893.873
a 14 64 0 1 27384125333608.125
a 14 65 0 1 29438424839360.965
a 14 66 0 1 8544964977071.573
a 14 67 0 1 24280634491071.637
a 14 68 0 1 22915402458531.707
a 14 69 0 1 31837010026377.305
a 14 70 0 1 32746815972833.53
a 14 71 0 1 33021855174784.805
a 14 72 0 1 33974192305857.668
a 14 73 0 1 17833156719614.49
a 14 74 0 1 31251185384798.004
a 14 75 0 1 9568400641332.285
a 14 76 0 1 21078014284575.035
a 14 77 0 1 8523558614304.516
a 14 78 0 1 18111770190565.527
a 14 79 0 1 15904827059229.63
a 14 80 0 1 16825783527508.967
a 15 1 0 1 0
a 16 1 0 1 0
a 17 1 0 1 0
a 18 1 0 1 0
a 19 1 0 1 0
a 20 1 0 1 0
a 21 1 0 1 0
a 22 1 0 1 0
a 23 1 0 1 0
a 24 1 0 1 0
a 25 1 0 1 0
a 26 1 0 1 0
a 27 1 0 1 0
a 28 1 0 1 0
a 29 1 0 1 0
a 30 1 0 1 0
a 31 1 0 1 0
a 32 1 0 1 0
a 33 1 0 1 0
a 34 1 0 1 0
a 35 1 0 1 0
a 36 1 0 1 0
a 37 1 0 1 0
a 38 1 0 1 0
a 39 1 0 1 0
a 40 1 0 1 0
a 41 1 0 1 0
a 42 1 0 1 0
a 43 1 0 1 0
a 44 1 0 1 0
a 45 1 0 1 0
a 46 1 0 1 0
a 47 1 0 1 0
a 48 1 0 1 0
a 49 1 0 1 0
a 50 1 0 1 0
a 51 1 0 1 0
a 52 1 0 1 0
a 53 1 0 1 0
a 54 1 0 1 0
a 55 1 0 1 0
a 56 1 0 1 0
a 57 1 0 1 0
a 58 1 0 1 0
a 59 1 0 1 0
a 60 1 0 1 0
a 61 1 0 1 0
a 62 1 0 1 0
a 63 1 0 1 0
a 64 1 0 1 0
a 65 1 0 1 0
a 66 1 0 1 0
a 67 1 0 1 0
a 68 1 0 1 0
a 69 1 0 1 0
a 70 1 0 1 0
a 71 1 0 1 0
a 72 1 0 1 0
a 73 1 0 1 0
a 74 1 0 1 0
a 75 1 0 1 0
a 76 1 0 1 0
a 77 1 0 1 0
a 78 1 0 1 0
a 79 1 0 1 0
a 80 1 0 1 0
