p min 80 923
n 0 13
n 1 -13
a 0 2 0 1 0
a 0 3 0 1 0
a 0 4 0 1 0
a 0 5 0 1 0
a 0 6 0 1 0
a 0 7 0 1 0
a 0 8 0 1 0
a 0 9 0 1 0
a 0 10 0 1 0
a 0 11 0 1 0
a 0 12 0 1 0
a 0 13 0 1 0
a 0 14 0 1 0
a 2 15 0 1 7465723485212.667
a 2 16 0 1 6221760857175.873
a 2 17 0 1 5355823569668.541
a 2 18 0 1 7126380667198.823
a 2 19 0 1 9744536612936.0
a 2 20 0 1 6236709035357.2295
a 2 21 0 1 3393916257054.61
a 2 22 0 1 6770727418778.752
a 2 23 0 1 4476076918132.359
a 2 24 0 1 6619832674543.172
a 2 25 0 1 7389744830567.759
a 2 26 0 1 3620519558651.2153
a 2 27 0 1 4563663080943.906
a 2 28 0 1 5164438234264.416
a 2 29 0 1 9301787483486.295
a 2 30 0 1 3058786705192.7085
a 2 31 0 1 6100338953639.544
a 2 32 0 1 6560180058134.115
a 2 33 0 1 6909531721351.635
a 2 34 0 1 2303356825914.9478
a 2 35 0 1 10029325774626.916
a 2 36 0 1 2562769011638.986
a 2 37 0 1 5026714636307.399
a 2 38 0 1 9723199147828.303
a 2 39 0 1 8806439152859.855
a 2 40 0 1 8906921598982.246
a 2 41 0 1 6936454666812.934
a 2 42 0 1 4131051814989.907
a 2 43 0 1 6501845324676.724
a 2 44 0 1 7127914700737.594
a 2 45 0 1 3376647215098.865
a 2 46 0 1 4873469858960.355
a 2 47 0 1 2569062281693.5737
a 2 48 0 1 6499125578733.595
a 2 49 0 1 2149873511978.566
a 2 50 0 1 7315518295350.605
a 2 51 0 1 7928537202340.063
a 2 52 0 1 5512022052452.607
a 2 53 0 1 5590292935986.579
a 2 54 0 1 7632219485071.971
a 2 55 0 1 4818447263315.608
a 2 56 0 1 7930704339287.222
a 2 57 0 1 3357200312680.4365
a 2 58 0 1 8494364258569.683
a 2 59 0 1 2420439874238.114
a 2 60 0 1 5890068870255.315
a 2 61 0 1 4708570815841.824
a 2 62 0 1 6361949750925.981
a 2 63 0 1 8151908460573.935
a 2 64 0 1 5455622527001.482
a 2 65 0 1 7489874429308.744
a 2 66 0 1 4293889794878.274
a 2 67 0 1 5352352352156.32
a 2 68 0 1 4331103683031.224
a 2 69 0 1 6989002818676.03
a 2 70 0 1 8632577786879.223
a 2 71 0 1 6573334844672.835
a 2 72 0 1 7090645537693.448
a 2 73 0 1 2097548801812.8274
a 2 74 0 1 5305046509704.537
a 2 75 0 1 6052470903134.875
a 2 76 0 1 3850043104866.3364
a 2 77 0 1 9463501780227.145
a 2 78 0 1 5465254378130.988
a 2 79 0 1 5232363051646.695
a 3 15 0 1 13180464469271.016
a 3 16 0 1 10983088737253.723
a 3 17 0 1 9453753861143.303
a 3 18 0 1 12580990513724.617
a 3 19 0 1 17207085494786.014
a 3 20 0 1 11009490818417.121
a 3 21 0 1 5989686301405.652
a 3 22 0 1 11952741520878.293
a 3 23 0 1 7900269386129.144
a 3 24 0 1 11686203159892.953
a 3 25 0 1 13046239488212.844
a 3 26 0 1 6389730219795.388
a 3 27 0 1 8054921002322.419
a 3 28 0 1 9115779067599.0
a 3 29 0 1 16424629043888.795
a 3 30 0 1 5398080166311.5205
a 3 31 0 1 10768631005468.492
a 3 32 0 1 11580835571904.484
a 3 33 0 1 12197929762589.428
a 3 34 0 1 4064643550569.023
a 3 35 0 1 17710416668731.715
a 3 36 0 1 4522521379707.988
a 3 37 0 1 8872574677445.746
a 3 38 0 1 17169375067740.379
a 3 39 0 1 15549288230771.615
a 3 40 0 1 15726846755483.781
a 3 41 0 1 12245487987164.182
a 3 42 0 1 7291078923535.041
a 3 43 0 1 11477796903269.814
a 3 44 0 1 12583700415595.508
a 3 45 0 1 5959200308014.509
a 3 46 0 1 8601968572157.417
a 3 47 0 1 4533629633019.347
a 3 48 0 1 11472992947291.57
a 3 49 0 1 3793746288318.7944
a 3 50 0 1 12915111564824.592
a 3 51 0 1 13998116704389.373
a 3 52 0 1 9729599280648.982
a 3 53 0 1 9867827967455.125
a 3 54 0 1 13474604985616.54
a 3 55 0 1 8504809131173.701
a 3 56 0 1 14001945538829.746
a 3 57 0 1 5924869728351.085
a 3 58 0 1 14997853216197.047
a 3 59 0 1 4271299455232.981
a 3 60 0 1 10397258753421.092
a 3 61 0 1 8310791039428.875
a 3 62 0 1 11230698807194.47
a 3 63 0 1 14392770244515.004
a 3 64 0 1 9629997239677.441
a 3 65 0 1 13223130250562.977
a 3 66 0 1 7578587717290.715
a 3 67 0 1 9447623801804.191
a 3 68 0 1 7644294186821.298
a 3 69 0 1 12338312687066.355
a 3 70 0 1 15242072185060.893
a 3 71 0 1 11604071475461.617
a 3 72 0 1 12517863878368.055
a 3 73 0 1 3701395117089.7827
a 3 74 0 1 9364083567914.033
a 3 75 0 1 10684086784572.473
a 3 76 0 1 6794945805521.318
a 3 77 0 1 16710414480977.52
a 3 78 0 1 9647007100422.938
a 3 79 0 1 9235728833619.35
a 4 15 0 1 13629105278315.275
a 4 16 0 1 11356836746910.375
a 4 17 0 1 9775400920418.68
a 4 18 0 1 13009195662519.984
a 4 19 0 1 17793066707559.152
a 4 20 0 1 11384138453349.764
a 4 21 0 1 6193390612454.823
a 4 22 0 1 12359533218056.348
a 4 23 0 1 8169012193323.091
a 4 24 0 1 12083911040965.004
a 4 25 0 1 13490304405310.906
a 4 26 0 1 6607050047738.567
a 4 27 0 1 8328929626959.468
a 4 28 0 1 9425914656080.814
a 4 29 0 1 16983911842637.486
a 4 30 0 1 5581651506723.004
a 4 31 0 1 11135071785710.768
a 4 32 0 1 11974952609949.953
a 4 33 0 1 12613078157784.566
a 4 34 0 1 4202847057333.8
a 4 35 0 1 18313574813661.07
a 4 36 0 1 4676301749872.212
a 4 37 0 1 9174427262023.03
a 4 38 0 1 17754069438456.82
a 4 39 0 1 16078709176844.121
a 4 40 0 1 16262324526451.65
a 4 41 0 1 12662257355575.533
a 4 42 0 1 7539080957691.91
a 4 43 0 1 11868402553119.193
a 4 44 0 1 13011997936543.855
a 4 45 0 1 6161867079772.874
a 4 46 0 1 8894605474720.314
a 4 47 0 1 4687787923654.085
a 4 48 0 1 11863434888330.783
a 4 49 0 1 3922734752768.964
a 4 50 0 1 13354706313641.023
a 4 51 0 1 14474635426187.197
a 4 52 0 1 10060642361766.914
a 4 53 0 1 10203579713989.969
a 4 54 0 1 13933273912026.62
a 4 55 0 1 8794137345227.851
a 4 56 0 1 14478594817785.572
a 4 57 0 1 6126368125831.47
a 4 58 0 1 15508465403486.273
a 4 59 0 1 4416533122272.756
a 4 60 0 1 10751046630157.979
a 4 61 0 1 8593512348668.292
a 4 62 0 1 11612884111726.686
a 4 63 0 1 14882746649828.412
a 4 64 0 1 9957647541641.426
a 4 65 0 1 13673225618326.248
a 4 66 0 1 7836378030548.357
a 4 67 0 1 9769062062115.436
a 4 68 0 1 7904321580550.802
a 4 69 0 1 12758245942868.238
a 4 70 0 1 15761014071308.15
a 4 71 0 1 11998980366750.34
a 4 72 0 1 12943917252762.598
a 4 73 0 1 3827242231408.0347
a 4 74 0 1 9682676353629.625
a 4 75 0 1 11047646987733.055
a 4 76 0 1 7026058490522.817
a 4 77 0 1 17279448067433.797
a 4 78 0 1 9975236809524.723
a 4 79 0 1 9549949822594.416
a 5 15 0 1 27010377234731.586
a 5 16 0 1 22501372499398.273
a 5 17 0 1 19364600052234.57
a 5 18 0 1 25780021385157.297
a 5 19 0 1 35279220916974.305
a 5 20 0 1 22555535205024.785
a 5 21 0 1 12263844869229.953
a 5 22 0 1 24490799625753.625
a 5 23 0 1 16179483084724.555
a 5 24 0 1 23943898921153.613
a 5 25 0 1 26734879360877.06
a 5 26 0 1 13083563949765.877
a 5 27 0 1 16496512438747.021
a 5 28 0 1 18671546786361.203
a 5 29 0 1 33671779661492.43
a 5 30 0 1 11051746039691.695
a 5 31 0 1 22061434743450.133
a 5 32 0 1 23727708603532.14
a 5 33 0 1 24993923949874.79
a 5 34 0 1 8320399436884.856
a 5 35 0 1 36313401923173.43
a 5 36 0 1 9258194967342.488
a 5 37 0 1 18172865368491.094
a 5 38 0 1 35201743408119.5
a 5 39 0 1 31873882960090.477
a 5 40 0 1 32238546476219.184
a 5 41 0 1 25091516509143.22
a 5 42 0 1 14930783368993.941
a 5 43 0 1 23516302033519.48
a 5 44 0 1 25785582765317.15
a 5 45 0 1 12201380099881.586
a 5 46 0 1 17618032244595.203
a 5 47 0 1 9280947455499.045
a 5 48 0 1 23506445786267.625
a 5 49 0 1 7765614105726.651
a 5 50 0 1 26465746876834.902
a 5 51 0 1 28688808763753.145
a 5 52 0 1 19930292428825.723
a 5 53 0 1 20213780302850.33
a 5 54 0 1 27614134395853.812
a 5 55 0 1 17418831717025.986
a 5 56 0 1 28696669167086.46
a 5 57 0 1 12131038453902.87
a 5 58 0 1 30741465071699.824
a 5 59 0 1 8743645762256.176
a 5 60 0 1 21299657168949.117
a 5 61 0 1 17021061359265.494
a 5 62 0 1 23009347245438.496
a 5 63 0 1 29499050898025.258
a 5 64 0 1 19726028328017.227
a 5 65 0 1 27097950977682.875
a 5 66 0 1 15520087065292.426
a 5 67 0 1 19352029208907.676
a 5 68 0 1 15654770661544.656
a 5 69 0 1 25282002048669.03
a 5 70 0 1 31242970445721.11
a 5 71 0 1 23775382916926.957
a 5 72 0 1 25650471152695.63
a 5 73 0 1 7576491375655.53
a 5 74 0 1 19180716054710.914
a 5 75 0 1 21888007334714.582
a 5 76 0 1 13913960919618.123
a 5 77 0 1 34258848253056.363
a 5 78 0 1 19760911842046.1
a 5 79 0 1 18917510054640.25
a 6 15 0 1 10907029323356.16
a 6 16 0 1 9089065077806.168
a 6 17 0 1 7823700203138.413
a 6 18 0 1 10411079730882.488
a 6 19 0 1 14237978604695.871
a 6 20 0 1 9110909366963.902
a 6 21 0 1 4957261768596.438
a 6 22 0 1 9891311633813.52
a 6 23 0 1 6538275325024.7
a 6 24 0 1 9670793013797.775
a 6 25 0 1 10795984951418.322
a 6 26 0 1 5288309308968.869
a 6 27 0 1 6666244778352.725
a 6 28 0 1 7544050986186.729
a 6 29 0 1 13590747453922.879
a 6 30 0 1 4467681492109.475
a 6 31 0 1 8911628340836.912
a 6 32 0 1 9583617243740.266
a 6 33 0 1 10094164320789.293
a 6 34 0 1 3364161467670.1904
a 6 35 0 1 14654312676636.432
a 6 36 0 1 3743096716073.6616
a 6 37 0 1 7342814965381.406
a 6 38 0 1 14206785812575.074
a 6 39 0 1 12866660474431.846
a 6 40 0 1 13013539951087.3
a 6 41 0 1 10133510650910.668
a 6 42 0 1 6034181315795.863
a 6 43 0 1 9498367949669.738
a 6 44 0 1 10413321680949.406
a 6 45 0 1 4932033540042.816
a 6 46 0 1 7118903498690.883
a 6 47 0 1 3752289713144.983
a 6 48 0 1 9494393376443.012
a 6 49 0 1 3139966279044.865
a 6 50 0 1 10687502203991.0
a 6 51 0 1 11583460489324.549
a 6 52 0 1 8051939161344.789
a 6 53 0 1 8166310869802.204
a 6 54 0 1 11150369798768.018
a 6 55 0 1 7038508890248.006
a 6 56 0 1 11586627973649.043
a 6 57 0 1 4903623744970.808
a 6 58 0 1 12410497296814.564
a 6 59 0 1 3535188741935.716
a 6 60 0 1 8604361042749.6045
a 6 61 0 1 6877967633705.093
a 6 62 0 1 9293929313800.355
a 6 63 0 1 11909943445381.031
a 6 64 0 1 7969527111512.192
a 6 65 0 1 10942326614412.322
a 6 66 0 1 6272091124678.75
a 6 67 0 1 7818628064551.795
a 6 68 0 1 6326461997090.841
a 6 69 0 1 10210307064689.998
a 6 70 0 1 12612523607611.938
a 6 71 0 1 9602841477026.88
a 6 72 0 1 10358853873159.969
a 6 73 0 1 3063535689249.341
a 6 74 0 1 7749505014463.796
a 6 75 0 1 8841678240628.541
a 6 76 0 1 5623631186883.766
a 6 77 0 1 13827145358236.217
a 6 78 0 1 7983601319010.381
a 6 79 0 1 7643301001531.953
a 7 15 0 1 20115662502478.14
a 7 16 0 1 16759855288768.74
a 7 17 0 1 14424800539977.25
a 7 18 0 1 19200063901919.043
a 7 19 0 1 26267397220479.746
a 7 20 0 1 16800170934619.145
a 7 21 0 1 9137312972389.322
a 7 22 0 1 18240587641234.574
a 7 23 0 1 12053316498777.139
a 7 24 0 1 17833546254170.082
a 7 25 0 1 19910649965878.9
a 7 26 0 1 9747819125557.889
a 7 27 0 1 12289381131439.676
a 7 28 0 1 13908824418956.898
a 7 29 0 1 25071751169701.56
a 7 30 0 1 8234518358740.475
a 7 31 0 1 16432385815110.496
a 7 32 0 1 17672638829773.008
a 7 33 0 1 18615036036906.883
a 7 34 0 1 6199923008935.659
a 7 35 0 1 27036581217772.7
a 7 36 0 1 6898528937055.34
a 7 37 0 1 13537544553243.262
a 7 38 0 1 26209770543975.13
a 7 39 0 1 23734306354365.2
a 7 40 0 1 24005588869527.44
a 7 41 0 1 18687667649232.785
a 7 42 0 1 11123473865960.088
a 7 43 0 1 17515289900955.172
a 7 44 0 1 19204202684676.703
a 7 45 0 1 9090789577400.219
a 7 46 0 1 13124445641986.297
a 7 47 0 1 6915477807303.783
a 7 48 0 1 17507953894088.951
a 7 49 0 1 5786620434045.436
a 7 50 0 1 19710371039603.65
a 7 51 0 1 21364600270405.07
a 7 52 0 1 14845941258246.79
a 7 53 0 1 15056984060303.373
a 7 54 0 1 20564938497111.668
a 7 55 0 1 12976128350967.363
a 7 56 0 1 21370448984935.863
a 7 57 0 1 9038399326322.445
a 7 58 0 1 22891834547712.957
a 7 59 0 1 6515222932987.673
a 7 60 0 1 15865333497257.496
a 7 61 0 1 12679958163354.322
a 7 62 0 1 17137957825785.803
a 7 63 0 1 21967465378484.31
a 7 64 0 1 14693874483076.322
a 7 65 0 1 20180830058669.836
a 7 66 0 1 11562306610038.93
a 7 67 0 1 14415441771379.764
a 7 68 0 1 11662598385880.342
a 7 69 0 1 18829432089074.68
a 7 70 0 1 23264940625006.51
a 7 71 0 1 17708122329312.73
a 7 72 0 1 19103652150449.95
a 7 73 0 1 5645725182978.608
a 7 74 0 1 14287901494337.371
a 7 75 0 1 16303292081441.506
a 7 76 0 1 10366247913619.525
a 7 77 0 1 25508437340823.59
a 7 78 0 1 14719844048446.264
a 7 79 0 1 14091945758109.613
a 8 15 0 1 5952949940904.742
a 8 16 0 1 4961194444783.926
a 8 17 0 1 4270787565256.3306
a 8 18 0 1 5682412875857.449
a 8 19 0 1 7769595819746.852
a 8 20 0 1 4973112297309.158
a 8 21 0 1 2706466793106.7773
a 8 22 0 1 5398867912257.299
a 8 23 0 1 3569341984478.9434
a 8 24 0 1 5278565480493.646
a 8 25 0 1 5892377225729.505
a 8 26 0 1 2887155554882.5337
a 8 27 0 1 3639178070032.4683
a 8 28 0 1 4118193359610.9717
a 8 29 0 1 7416655998339.305
a 8 30 0 1 2439237953937.382
a 8 31 0 1 4864387133032.543
a 8 32 0 1 5231006567034.427
a 8 33 0 1 5509530363147.786
a 8 34 0 1 1836850656922.7888
a 8 35 0 1 7996613156137.078
a 8 36 0 1 2043710906323.0164
a 8 37 0 1 4008383564728.881
a 8 38 0 1 7752586713439.431
a 8 39 0 1 7021777793779.441
a 8 40 0 1 7101880403032.089
a 8 41 0 1 5530994738166.429
a 8 42 0 1 3294236362179.7104
a 8 43 0 1 5184498226790.063
a 8 44 0 1 5683635875673.122
a 8 45 0 1 2692696739725.7983
a 8 46 0 1 3886197591743.603
a 8 47 0 1 2048729249396.291
a 8 48 0 1 5182329860835.051
a 8 49 0 1 1714458941768.8557
a 8 50 0 1 5833201151047.3125
a 8 51 0 1 6321915816731.214
a 8 52 0 1 4395325790861.9243
a 8 53 0 1 4457731413776.325
a 8 54 0 1 6085685348474.456
a 8 55 0 1 3842326458432.4204
a 8 56 0 1 6323643490031.06
a 8 57 0 1 2677190082527.625
a 8 58 0 1 6772995493069.951
a 8 59 0 1 1930215233871.4473
a 8 60 0 1 4696741605332.477
a 8 61 0 1 3754718399133.855
a 8 62 0 1 5072963628784.337
a 8 63 0 1 6499989734149.844
a 8 64 0 1 4350358129579.1216
a 8 65 0 1 5972203833268.729
a 8 66 0 1 3424075709521.1772
a 8 67 0 1 4268019927104.071
a 8 68 0 1 3453748175374.502
a 8 69 0 1 5572888785286.337
a 8 70 0 1 6883178079944.743
a 8 71 0 1 5241494422743.79
a 8 72 0 1 5653923215286.506
a 8 73 0 1 1672733612829.0322
a 8 74 0 1 4230302437748.221
a 8 75 0 1 4826222720662.773
a 8 76 0 1 3070170911611.0815
a 8 77 0 1 7545568255429.746
a 8 78 0 1 4358037667453.5596
a 8 79 0 1 4172350922890.926
a 9 15 0 1 24868603107384.555
a 9 16 0 1 20717990888843.43
a 9 17 0 1 17830338864871.695
a 9 18 0 1 23736074512527.945
a 9 19 0 1 32479317626574.324
a 9 20 0 1 20767850572777.105
a 9 21 0 1 11292909482384.342
a 9 22 0 1 22549333148299.62
a 9 23 0 1 14898012372054.24
a 9 24 0 1 22045897188824.023
a 9 25 0 1 24615012658097.027
a 9 26 0 1 12047640893150.523
a 9 27 0 1 15189887974729.395
a 9 28 0 1 17192305099032.34
a 9 29 0 1 30999905257084.613
a 9 30 0 1 10176885657811.527
a 9 31 0 1 20313002690087.38
a 9 32 0 1 21846887132761.457
a 9 33 0 1 23012467390194.066
a 9 34 0 1 7661944236943.41
a 9 35 0 1 33431105508356.234
a 9 36 0 1 8525452151337.625
a 9 37 0 1 16733207560495.004
a 9 38 0 1 32408012018097.934
a 9 39 0 1 29345155105289.844
a 9 40 0 1 29680788924271.234
a 9 41 0 1 23102302457430.96
a 9 42 0 1 13748370581237.355
a 9 43 0 1 21652279907047.805
a 9 44 0 1 23741193757236.156
a 9 45 0 1 11235396482856.348
a 9 46 0 1 16222410557418.916
a 9 47 0 1 8546402114140.288
a 9 48 0 1 21643206864445.637
a 9 49 0 1 7151099357233.581
a 9 50 0 1 24367280191487.8
a 9 51 0 1 26413539134831.992
a 9 52 0 1 18351116563332.992
a 9 53 0 1 18612094124024.914
a 9 54 0 1 25424345389892.33
a 9 55 0 1 16039018958826.947
a 9 56 0 1 26420774242469.688
a 9 57 0 1 11170630951858.59
a 9 58 0 1 28302871086451.793
a 9 59 0 1 8051664868878.342
a 9 60 0 1 19611734580652.98
a 9 61 0 1 15672814408321.754
a 9 62 0 1 21185607025405.152
a 9 63 0 1 27159320963546.465
a 9 64 0 1 18163071185226.13
a 9 65 0 1 24949212771233.008
a 9 66 0 1 14290928754550.164
a 9 67 0 1 17818766056521.098
a 9 68 0 1 14414927981531.953
a 9 69 0 1 23277646113389.68
a 9 70 0 1 28764462221732.516
a 9 71 0 1 21890772920587.22
a 9 72 0 1 23616823509527.41
a 9 73 0 1 6976954461534.161
a 9 74 0 1 17661053675408.848
a 9 75 0 1 20153351814625.348
a 9 76 0 1 12812192129397.78
a 9 77 0 1 31540220282204.457
a 9 78 0 1 18195184971819.777
a 9 79 0 1 17418742978076.887
a 10 15 0 1 14508674834332.578
a 10 16 0 1 12089558720148.014
a 10 17 0 1 10405969315454.91
a 10 18 0 1 13848694837395.244
a 10 19 0 1 18941948742376.887
a 10 20 0 1 12118624340693.654
a 10 21 0 1 6592723773395.8125
a 10 22 0 1 13157045350807.855
a 10 23 0 1 8695855700725.952
a 10 24 0 1 12863612004764.434
a 10 25 0 1 14360901472877.41
a 10 26 0 1 7033076458830.774
a 10 27 0 1 8866097209122.018
a 10 28 0 1 10033913166578.572
a 10 29 0 1 18080438655978.914
a 10 30 0 1 5941514389444.309
a 10 31 0 1 11853466361399.178
a 10 32 0 1 12747612828455.262
a 10 33 0 1 13426975853981.146
a 10 34 0 1 4473769213328.738
a 10 35 0 1 19496141079217.6
a 10 36 0 1 4977761036965.723
a 10 37 0 1 9766185868536.027
a 10 38 0 1 18900427971899.848
a 10 39 0 1 17116678438228.693
a 10 40 0 1 17312170812488.44
a 10 41 0 1 13479333418364.871
a 10 42 0 1 8025260808278.861
a 10 43 0 1 12634177834051.16
a 10 44 0 1 13851678234106.348
a 10 45 0 1 6559166152857.608
a 10 46 0 1 9468295648556.566
a 10 47 0 1 4989988096088.542
a 10 48 0 1 12628889178402.564
a 10 49 0 1 4175591745691.5474
a 10 50 0 1 14216538224579.047
a 10 51 0 1 15408869082762.87
a 10 52 0 1 10709633132463.38
a 10 53 0 1 10861802606715.91
a 10 54 0 1 14832506872743.498
a 10 55 0 1 9361340472280.174
a 10 56 0 1 15413084478381.367
a 10 57 0 1 6521376611796.332
a 10 58 0 1 16509552271530.572
a 10 59 0 1 4701237276295.001
a 10 60 0 1 11444632631351.746
a 10 61 0 1 9147761957838.982
a 10 62 0 1 12362149308098.688
a 10 63 0 1 15843369029879.516
a 10 64 0 1 10599986222653.035
a 10 65 0 1 14555647304222.389
a 10 66 0 1 8341748377824.862
a 10 67 0 1 10399221075347.234
a 10 68 0 1 8414077873595.884
a 10 69 0 1 13581525692609.297
a 10 70 0 1 16778434719770.639
a 10 71 0 1 12773193209985.697
a 10 72 0 1 13779197246293.43
a 10 73 0 1 4073940949471.1006
a 10 74 0 1 10307256391354.44
a 10 75 0 1 11760393591071.42
a 10 76 0 1 7479126080157.448
a 10 77 0 1 18395095930445.168
a 10 78 0 1 10618711510410.912
a 10 79 0 1 10165958324664.188
a 11 15 0 1 26137807816161.105
a 11 16 0 1 21774831737962.95
a 11 17 0 1 18739560330816.195
a 11 18 0 1 24947312833940.92
a 11 19 0 1 34138475188729.64
a 11 20 0 1 21827241200228.055
a 11 21 0 1 11868312567383.549
a 11 22 0 1 23699847348192.17
a 11 23 0 1 15657436193806.475
a 11 24 0 1 23170656447686.27
a 11 25 0 1 25871236426750.645
a 11 26 0 1 12661555592168.627
a 11 27 0 1 15964217472544.662
a 11 28 0 1 18068923615665.26
a 11 29 0 1 32583205387855.01
a 11 30 0 1 10695354381684.484
a 11 31 0 1 21349133955555.01
a 11 32 0 1 22961466235709.47
a 11 33 0 1 24186677534341.742
a 11 34 0 1 8052168665005.912
a 11 35 0 1 35139080718440.484
a 11 36 0 1 8959700601502.83
a 11 37 0 1 17586369721880.66
a 11 38 0 1 34063512734929.43
a 11 39 0 1 30843639472595.906
a 11 40 0 1 31196473769793.6
a 11 41 0 1 24281109258468.273
a 11 42 0 1 14449094055581.918
a 11 43 0 1 22756904550557.37
a 11 44 0 1 24952694061999.066
a 11 45 0 1 11807865145460.523
a 11 46 0 1 17049477981184.947
a 11 47 0 1 8981718765669.326
a 11 48 0 1 22747367419285.805
a 11 49 0 1 7515283830927.5
a 11 50 0 1 25610823651305.543
a 11 51 0 1 27761844172098.426
a 11 52 0 1 19286953031398.465
a 11 53 0 1 19561269441821.09
a 11 54 0 1 26722000554722.883
a 11 55 0 1 16856718368243.506
a 11 56 0 1 27769449784983.51
a 11 57 0 1 11739795203039.246
a 11 58 0 1 29747949649382.89
a 11 59 0 1 8461757193755.774
a 11 60 0 1 20612010415020.984
a 11 61 0 1 16471808591542.707
a 11 62 0 1 22266362542224.043
a 11 63 0 1 28545820426350.055
a 11 64 0 1 19089296969746.457
a 11 65 0 1 26222543942758.99
a 11 66 0 1 15019353043084.281
a 11 67 0 1 18727396117576.895
a 11 68 0 1 15149683677048.178
a 11 69 0 1 24465425140035.81
a 11 70 0 1 30233190685179.918
a 11 71 0 1 23007596913990.914
a 11 72 0 1 24821959112894.76
a 11 73 0 1 7332262758756.553
a 11 74 0 1 18561624330341.746
a 11 75 0 1 21181319688528.086
a 11 76 0 1 13465126690567.564
a 11 77 0 1 33151222122275.316
a 11 78 0 1 19123052007083.008
a 11 79 0 1 18306931689549.977
a 12 15 0 1 19369854749201.637
a 12 16 0 1 16138698635314.646
a 12 17 0 1 13890324544052.791
a 12 18 0 1 18488275160961.734
a 12 19 0 1 25292842974864.527
a 12 20 0 1 16177517311136.455
a 12 21 0 1 8798950491020.785
a 12 22 0 1 17564440775345.465
a 12 23 0 1 11606827549884.266
a 12 24 0 1 17172517553617.766
a 12 25 0 1 19172460041395.406
a 12 26 0 1 9386824640378.764
a 12 27 0 1 11834135761284.105
a 12 28 0 1 13393496160643.988
a 12 29 0 1 24141680330227.918
a 12 30 0 1 7929617659060.657
a 12 31 0 1 15823388014413.25
a 12 32 0 1 17017586110956.232
a 12 33 0 1 17924980356409.91
a 12 34 0 1 5970409355222.695
a 12 35 0 1 26033403637640.5
a 12 36 0 1 6643133951736.461
a 12 37 0 1 13035993037582.88
a 12 38 0 1 25237360540153.9
a 12 39 0 1 22853980502758.652
a 12 40 0 1 23115174115209.816
a 12 41 0 1 17994913947568.086
a 12 42 0 1 10711471410933.557
a 12 43 0 1 16866080797835.86
a 12 44 0 1 18492260183024.125
a 12 45 0 1 8754151633869.33
a 12 46 0 1 12638221277263.498
a 12 47 0 1 6659454865488.67
a 12 48 0 1 16859017230208.605
a 12 49 0 1 5572416559465.543
a 12 50 0 1 18979622718709.21
a 12 51 0 1 20572377171903.195
a 12 52 0 1 14295835217816.88
a 12 53 0 1 14499044914631.98
a 12 54 0 1 19802435394834.07
a 12 55 0 1 12495406639398.115
a 12 56 0 1 20578008495406.42
a 12 57 0 1 8703703373042.655
a 12 58 0 1 22042836062798.83
a 12 59 0 1 6274028824260.351
a 12 60 0 1 15277388107658.908
a 12 61 0 1 12210223987380.855
a 12 62 0 1 16502761229560.467
a 12 63 0 1 21152832887507.863
a 12 64 0 1 14149412355138.479
a 12 65 0 1 19432600745412.04
a 12 66 0 1 11134029380736.842
a 12 67 0 1 13881313096392.11
a 12 68 0 1 11230601462479.117
a 12 69 0 1 18131412188056.11
a 12 70 0 1 22402068889166.715
a 12 71 0 1 17051751798110.078
a 12 72 0 1 18395445180621.11
a 12 73 0 1 5436740106384.851
a 12 74 0 1 13758505999341.771
a 12 75 0 1 15699087253478.945
a 12 76 0 1 9982324601904.209
a 12 77 0 1 24562121180162.938
a 12 78 0 1 14174418081396.441
a 12 79 0 1 13569822166003.158
a 13 15 0 1 14854700973329.799
a 13 16 0 1 12377807648943.684
a 13 17 0 1 10654027504403.93
a 13 18 0 1 14178955007019.807
a 13 19 0 1 19393943003537.645
a 13 20 0 1 12407567265685.877
a 13 21 0 1 6749810913991.239
a 13 22 0 1 13470785644974.664
a 13 23 0 1 8903106290334.58
a 13 24 0 1 13170344530455.521
a 13 25 0 1 14703397306451.482
a 13 26 0 1 7200664738149.929
a 13 27 0 1 9077409450697.938
a 13 28 0 1 10273091762429.764
a 13 29 0 1 18511831652623.883
a 13 30 0 1 6083074066532.293
a 13 31 0 1 12136078318577.846
a 13 32 0 1 13051575198165.793
a 13 33 0 1 13747163050380.957
a 13 34 0 1 4580340653630.118
a 13 35 0 1 19961389936704.414
a 13 36 0 1 5096345313261.518
a 13 37 0 1 9998975293841.55
a 13 38 0 1 19351429252160.566
a 13 39 0 1 17525030024340.357
a 13 40 0 1 17725195772782.523
a 13 41 0 1 13800771147471.281
a 13 42 0 1 8216513812193.678
a 13 43 0 1 12935431355821.105
a 13 44 0 1 14182009667250.582
a 13 45 0 1 6715453085903.82
a 13 46 0 1 9693976555077.244
a 13 47 0 1 5108863826703.523
a 13 48 0 1 12930016407897.79
a 13 49 0 1 4275056685107.7935
a 13 50 0 1 14555585339094.197
a 13 51 0 1 15776403518136.799
a 13 52 0 1 10964939221829.883
a 13 53 0 1 11120740898529.016
a 13 54 0 1 15186269788839.273
a 13 55 0 1 9584469241985.197
a 13 56 0 1 15780719642732.492
a 13 57 0 1 6676762431437.047
a 13 58 0 1 16903391479201.76
a 13 59 0 1 4813230327305.308
a 13 60 0 1 11717483963702.248
a 13 61 0 1 9365794564699.064
a 13 62 0 1 12656907035211.37
a 13 63 0 1 16221286584341.326
a 13 64 0 1 10852675180790.49
a 13 65 0 1 14902795641229.021
a 13 66 0 1 8540551134559.499
a 13 67 0 1 10647118202030.28
a 13 68 0 1 8614606116244.186
a 13 69 0 1 13905404274550.158
a 13 70 0 1 17178700875367.168
a 13 71 0 1 13077766453789.088
a 13 72 0 1 14107797361549.83
a 13 73 0 1 4170983346921.29
a 13 74 0 1 10552958594937.146
a 13 75 0 1 12040783417003.467
a 13 76 0 1 7657352465112.135
a 13 77 0 1 18834012831882.66
a 13 78 0 1 10871847412381.84
a 13 79 0 1 10408288256962.328
a 14 15 0 1 6033190679619.117
a 14 16 0 1 5028059417156.936
a 14 17 0 1 4328342875385.2285
a 14 18 0 1 5759004585039.093
a 14 19 0 1 7874345618297.471
a 14 20 0 1 5040137986900.195
a 14 21 0 1 2742933861436.487
a 14 22 0 1 5471635387389.475
a 14 23 0 1 3617440319034.5156
a 14 24 0 1 5349710486401.77
a 14 25 0 1 5971800933912.352
a 14 26 0 1 2926058052843.108
a 14 27 0 1 3688217873893.5757
a 14 28 0 1 4173691244142.424
a 14 29 0 1 7516643338379.71
a 14 30 0 1 2472103342706.3086
a 14 31 0 1 4929946634927.67
a 14 32 0 1 5301510178075.821
a 14 33 0 1 5583790337283.706
a 14 34 0 1 1861597962743.2188
a 14 35 0 1 8104426462249.6045
a 14 36 0 1 2071245839258.3677
a 14 37 0 1 4062400930621.743
a 14 38 0 1 7857106987484.622
a 14 39 0 1 7116437236925.47
a 14 40 0 1 7197620591489.391
a 14 41 0 1 5605544205729.914
a 14 42 0 1 3338626111511.8364
a 14 43 0 1 5254374618220.097
a 14 44 0 1 5760244080272.974
a 14 45 0 1 2728978211371.5405
a 14 46 0 1 3938567620860.622
a 14 47 0 1 2076331810671.0093
a 14 48 0 1 5252177009468.453
a 14 49 0 1 1737556972979.9612
a 14 50 0 1 5911826678335.279
a 14 51 0 1 6407133573455.569
a 14 52 0 1 4454560302488.854
a 14 53 0 1 4517807385129.285
a 14 54 0 1 6167716519171.424
a 14 55 0 1 3894105019237.3833
a 14 56 0 1 6408884552523.211
a 14 57 0 1 2713262551763.6636
a 14 58 0 1 6864298491403.215
a 14 59 0 1 1956220694317.2112
a 14 60 0 1 4760040435694.159
a 14 61 0 1 3805315850814.017
a 14 62 0 1 5141335872852.914
a 14 63 0 1 6587609701281.289
a 14 64 0 1 4408986317606.053
a 14 65 0 1 6052704279085.431
a 14 66 0 1 3470215739778.2573
a 14 67 0 1 4325537920551.977
a 14 68 0 1 3500288208549.0815
a 14 69 0 1 5648003288680.762
a 14 70 0 1 6975967581900.784
a 14 71 0 1 5312139475783.07
a 14 72 0 1 5730130666637.917
a 14 73 0 1 1695269390233.239
a 14 74 0 1 4287311880312.5703
a 14 75 0 1 4891267574149.042
a 14 76 0 1 3111540303106.7085
a 14 77 0 1 7647295051292.318
a 14 78 0 1 4416769402443.579
a 14 79 0 1 4228579004723.854
a 15 1 0 1 0
a 16 1 0 1 0
a 17 1 0 1 0
a 18 1 0 1 0
a 19 1 0 1 0
a 20 1 0 1 0
a 21 1 0 1 0
a 22 1 0 1 0
a 23 1 0 1 0
a 24 1 0 1 0
a 25 1 0 1 0
a 26 1 0 1 0
a 27 1 0 1 0
a 28 1 0 1 0
a 29 1 0 1 0
a 30 1 0 1 0
a 31 1 0 1 0
a 32 1 0 1 0
a 33 1 0 1 0
a 34 1 0 1 0
a 35 1 0 1 0
a 36 1 0 1 0
a 37 1 0 1 0
a 38 1 0 1 0
a 39 1 0 1 0
a 40 1 0 1 0
a 41 1 0 1 0
a 42 1 0 1 0
a 43 1 0 1 0
a 44 1 0 1 0
a 45 1 0 1 0
a 46 1 0 1 0
a 47 1 0 1 0
a 48 1 0 1 0
a 49 1 0 1 0
a 50 1 0 1 0
a 51 1 0 1 0
a 52 1 0 1 0
a 53 1 0 1 0
a 54 1 0 1 0
a 55 1 0 1 0
a 56 1 0 1 0
a 57 1 0 1 0
a 58 1 0 1 0
a 59 1 0 1 0
a 60 1 0 1 0
a 61 1 0 1 0
a 62 1 0 1 0
a 63 1 0 1 0
a 64 1 0 1 0
a 65 1 0 1 0
a 66 1 0 1 0
a 67 1 0 1 0
a 68 1 0 1 0
a 69 1 0 1 0
a 70 1 0 1 0
a 71 1 0 1 0
a 72 1 0 1 0
a 73 1 0 1 0
a 74 1 0 1 0
a 75 1 0 1 0
a 76 1 0 1 0
a 77 1 0 1 0
a 78 1 0 1 0
a 79 1 0 1 0
