p min 82 951
n 0 13
n 1 -13
a 0 2 0 1 0
a 0 3 0 1 0
a 0 4 0 1 0
a 0 5 0 1 0
a 0 6 0 1 0
a 0 7 0 1 0
a 0 8 0 1 0
a 0 9 0 1 0
a 0 10 0 1 0
a 0 11 0 1 0
a 0 12 0 1 0
a 0 13 0 1 0
a 0 14 0 1 0
a 2 15 0 1 14780257016761.621
a 2 16 0 1 20153546941382.418
a 2 17 0 1 17841343259115.082
a 2 18 0 1 26121562554036.03
a 2 19 0 1 28907477897321.52
a 2 20 0 1 22685459540752.562
a 2 21 0 1 14544420577542.623
a 2 22 0 1 29714217825237.07
a 2 23 0 1 18613876122638.99
a 2 24 0 1 32224472735459.344
a 2 25 0 1 25555853002359.742
a 2 26 0 1 21161840456419.453
a 2 27 0 1 27886790402615.277
a 2 28 0 1 21247976149257.56
a 2 29 0 1 24702419547130.293
a 2 30 0 1 15781315742398.732
a 2 31 0 1 16821927413803.287
a 2 32 0 1 30299267706550.816
a 2 33 0 1 22306100783215.17
a 2 34 0 1 19362765633326.86
a 2 35 0 1 28707779835306.29
a 2 36 0 1 9589777718530.295
a 2 37 0 1 12379697915912.453
a 2 38 0 1 17769992838032.64
a 2 39 0 1 25658112723741.348
a 2 40 0 1 26883002784917.707
a 2 41 0 1 12526065469012.436
a 2 42 0 1 9474272945755.361
a 2 43 0 1 14359722587030.848
a 2 44 0 1 28003580561447.188
a 2 45 0 1 25598493604205.19
a 2 46 0 1 18065027341893.086
a 2 47 0 1 24195860929847.992
a 2 48 0 1 13905082237357.984
a 2 49 0 1 31012932803638.492
a 2 50 0 1 29057458728344.156
a 2 51 0 1 23618337548794.562
a 2 52 0 1 26398526110668.004
a 2 53 0 1 12099497313753.434
a 2 54 0 1 30441766485845.176
a 2 55 0 1 20721751638666.184
a 2 56 0 1 7664008306951.715
a 2 57 0 1 27152698419899.676
a 2 58 0 1 10729805983359.828
a 2 59 0 1 20407386262796.688
a 2 60 0 1 19507625648086.29
a 2 61 0 1 18945089253325.34
a 2 62 0 1 10021021667854.41
a 2 63 0 1 32160278475415.637
a 2 64 0 1 29262912552501.633
a 2 65 0 1 18691350293644.055
a 2 66 0 1 31740815831719.926
a 2 67 0 1 18262215752902.777
a 2 68 0 1 9036952455949.008
a 2 69 0 1 18771059004083.555
a 2 70 0 1 14948172493691.496
a 2 71 0 1 13400667457763.154
a 2 72 0 1 28164585526005.9
a 2 73 0 1 23770531108121.66
a 2 74 0 1 22720965143975.64
a 2 75 0 1 28057904942396.934
a 2 76 0 1 14500736919531.535
a 2 77 0 1 16623704970899.176
a 2 78 0 1 25808189490643.723
a 2 79 0 1 25863665438017.75
a 2 80 0 1 28209560439662.836
a 2 81 0 1 28383225054132.016
a 3 15 0 1 10493403489631.686
a 3 16 0 1 14305660539014.742
a 3 17 0 1 12665359640976.81
a 3 18 0 1 18538258644450.23
a 3 19 0 1 20513488673141.793
a 3 20 0 1 16101534061760.344
a 3 21 0 1 10326050192536.443
a 3 22 0 1 21085403080539.637
a 3 23 0 1 13213430570818.035
a 3 24 0 1 22864776209565.473
a 3 25 0 1 18137122279029.324
a 3 26 0 1 15020874786045.139
a 3 27 0 1 19789858156498.336
a 3 28 0 1 15081971299575.95
a 3 29 0 1 17531936340975.18
a 3 30 0 1 11203741344924.748
a 3 31 0 1 11942095031956.059
a 3 32 0 1 21500137542011.883
a 3 33 0 1 15832476091290.025
a 3 34 0 1 13744700760319.771
a 3 35 0 1 20371913864710.84
a 3 36 0 1 6809546629033.004
a 3 37 0 1 8789805208674.294
a 3 38 0 1 12614738887672.94
a 3 39 0 1 18209634276683.254
a 3 40 0 1 19078160770000.42
a 3 41 0 1 8893685300313.477
a 3 42 0 1 6727554491660.337
a 3 43 0 1 10194983711274.393
a 3 44 0 1 19872660662648.863
a 3 45 0 1 18167358635563.234
a 3 46 0 1 12824054500201.176
a 3 47 0 1 17172709605783.707
a 3 48 0 1 9872352239832.232
a 3 49 0 1 22006023681820.742
a 3 50 0 1 20619815486745.82
a 3 51 0 1 16763143244851.186
a 3 52 0 1 18734643906894.492
a 3 53 0 1 8590938188256.338
a 3 54 0 1 21601150661186.74
a 3 55 0 1 14708711906192.951
a 3 56 0 1 5442438640469.434
a 3 57 0 1 19269382892656.57
a 3 58 0 1 7618772356096.162
a 3 59 0 1 14485721285255.834
a 3 60 0 1 13847462923769.143
a 3 61 0 1 13448399974207.133
a 3 62 0 1 7115663566931.863
a 3 63 0 1 22819276378164.05
a 3 64 0 1 20765467368549.457
a 3 65 0 1 13268392806851.766
a 3 66 0 1 22521963362378.9
a 3 67 0 1 12963949776570.574
a 3 68 0 1 6417112741499.61
a 3 69 0 1 13324939987204.068
a 3 70 0 1 10612557380667.326
a 3 71 0 1 9514387312149.021
a 3 72 0 1 19986809753796.008
a 3 73 0 1 16871076970100.643
a 3 74 0 1 16126715852573.035
a 3 75 0 1 19911175629527.58
a 3 76 0 1 10295051282708.213
a 3 77 0 1 11801452607284.281
a 3 78 0 1 18316052268570.52
a 3 79 0 1 18355389458437.492
a 3 80 0 1 20018695789742.844
a 3 81 0 1 20141818551381.266
a 4 15 0 1 14453726630951.297
a 4 16 0 1 19708038433534.617
a 4 17 0 1 17447050386953.477
a 4 18 0 1 25543738372277.66
a 4 19 0 1 28267826851313.54
a 4 20 0 1 22183838221394.21
a 4 21 0 1 14223108905413.066
a 4 22 0 1 29056655834395.906
a 4 23 0 1 18202474505228.562
a 4 24 0 1 31511158168220.703
a 4 25 0 1 24990578682513.723
a 4 26 0 1 20693989755738.035
a 4 27 0 1 27269795625766.215
a 4 28 0 1 20778216582406.414
a 4 29 0 1 24156075013811.438
a 4 30 0 1 15432630313766.951
a 4 31 0 1 16450206277693.422
a 4 32 0 1 29628714616962.434
a 4 33 0 1 21812888934722.332
a 4 34 0 1 18934776042518.703
a 4 35 0 1 28072561910338.43
a 4 36 0 1 9378040964727.738
a 4 37 0 1 12106275429966.932
a 4 38 0 1 17377279963650.691
a 4 39 0 1 25090569963451.027
a 4 40 0 1 26288284072150.137
a 4 41 0 1 12249405695226.27
a 4 42 0 1 9265089191901.955
a 4 43 0 1 14042497816396.375
a 4 44 0 1 27383993649348.617
a 4 45 0 1 25032273388798.125
a 4 46 0 1 17665781000815.53
a 4 47 0 1 23660750521964.56
a 4 48 0 1 13597916788892.342
a 4 49 0 1 30326530382895.023
a 4 50 0 1 28414478108958.496
a 4 51 0 1 23096033513421.13
a 4 52 0 1 25814557107547.434
a 4 53 0 1 11832271873684.53
a 4 54 0 1 29768048935592.2
a 4 55 0 1 20263653235356.305
a 4 56 0 1 7494828126435.212
a 4 57 0 1 26551995113709.316
a 4 58 0 1 10492867642847.766
a 4 59 0 1 19956253553961.418
a 4 60 0 1 19076427071407.957
a 4 61 0 1 18526351578754.773
a 4 62 0 1 9799752549915.992
a 4 63 0 1 31448390050583.87
a 4 64 0 1 28615370677182.727
a 4 65 0 1 18278232745738.305
a 4 66 0 1 31038245699438.84
a 4 67 0 1 17858602480863.246
a 4 68 0 1 8837434187551.377
a 4 69 0 1 18356176002922.2
a 4 70 0 1 14617926216338.713
a 4 71 0 1 13104661430032.975
a 4 72 0 1 27541425027743.14
a 4 73 0 1 23244852397098.816
a 4 74 0 1 22218556714065.766
a 4 75 0 1 27437112287821.766
a 4 76 0 1 14180391872111.46
a 4 77 0 1 16256372241520.748
a 4 78 0 1 25237317463713.145
a 4 79 0 1 25291562717631.496
a 4 80 0 1 27585401677423.492
a 4 81 0 1 27755211534173.918
a 5 15 0 1 8711740960367.451
a 5 16 0 1 11875833940284.164
a 5 17 0 1 10514476657185.691
a 5 18 0 1 15388247764709.08
a 5 19 0 1 17027189430529.695
a 5 20 0 1 13366207447471.19
a 5 21 0 1 8572830433026.654
a 5 22 0 1 17501710137579.9
a 5 23 0 1 10969354361540.115
a 5 24 0 1 18977998296543.004
a 5 25 0 1 15055390469945.158
a 5 26 0 1 12469394072519.994
a 5 27 0 1 16426773736516.375
a 5 28 0 1 12520097625313.105
a 5 29 0 1 14553205816832.88
a 5 30 0 1 9301342199908.748
a 5 31 0 1 9914180026210.361
a 5 32 0 1 17845811073486.027
a 5 33 0 1 13142926200317.645
a 5 34 0 1 11410278783135.855
a 5 35 0 1 16909722346187.465
a 5 36 0 1 5653768920854.988
a 5 37 0 1 7297637667191.019
a 5 38 0 1 10472462894603.273
a 5 39 0 1 15115560289716.139
a 5 40 0 1 15836242666802.85
a 5 41 0 1 7383867959035.927
a 5 42 0 1 5585702179843.202
a 5 43 0 1 8464038908422.448
a 5 44 0 1 16495478065033.395
a 5 45 0 1 15080480354229.805
a 5 46 0 1 10646188265251.393
a 5 47 0 1 14255113030794.508
a 5 48 0 1 8196236790699.827
a 5 49 0 1 18265532046642.63
a 5 50 0 1 17115410210897.31
a 5 51 0 1 13915242401480.408
a 5 52 0 1 15551203575711.084
a 5 53 0 1 7132558271412.014
a 5 54 0 1 17929619776569.883
a 5 55 0 1 12210330472271.107
a 5 56 0 1 4518819564460.979
a 5 57 0 1 15994910885598.082
a 5 58 0 1 6325545506320.306
a 5 59 0 1 12025268883499.998
a 5 60 0 1 11495564549044.113
a 5 61 0 1 11164366901947.016
a 5 62 0 1 5907893582956.005
a 5 63 0 1 18940249846138.875
a 5 64 0 1 17236258929687.436
a 5 65 0 1 11014970356191.783
a 5 66 0 1 18693585611445.33
a 5 67 0 1 10762296148010.367
a 5 68 0 1 5327983317689.513
a 5 69 0 1 11061901675430.82
a 5 70 0 1 8810643326406.482
a 5 71 0 1 7899101976828.937
a 5 72 0 1 16590191458924.13
a 5 73 0 1 14004809620377.26
a 5 74 0 1 13387104762806.15
a 5 75 0 1 16527435293956.14
a 5 76 0 1 8547099887538.353
a 5 77 0 1 9797447366696.72
a 5 78 0 1 15203864696543.541
a 5 79 0 1 15236506144048.72
a 5 80 0 1 16616648314659.438
a 5 81 0 1 16718806866124.686
a 6 15 0 1 7260624006256.505
a 6 16 0 1 9897072393096.475
a 6 17 0 1 8762774503783.191
a 6 18 0 1 12823380345076.865
a 6 19 0 1 14188701617095.42
a 6 20 0 1 11138800013986.41
a 6 21 0 1 7144870878823.367
a 6 22 0 1 14583985298618.416
a 6 23 0 1 9141790216568.723
a 6 24 0 1 15813711889111.822
a 6 25 0 1 12546082880962.371
a 6 26 0 1 10391614669342.82
a 6 27 0 1 13688534971417.77
a 6 28 0 1 10433859319504.523
a 6 29 0 1 12127715107227.564
a 6 30 0 1 7751927541174.711
a 6 31 0 1 8262581896643.6
a 6 32 0 1 14870622619329.709
a 6 33 0 1 10952774334815.615
a 6 34 0 1 9509173378740.287
a 6 35 0 1 14090848458532.959
a 6 36 0 1 4712295509076.774
a 6 37 0 1 6082233226723.169
a 6 38 0 1 8727767230528.672
a 6 39 0 1 12596209545255.152
a 6 40 0 1 13196591291785.61
a 6 41 0 1 6154091888389.98
a 6 42 0 1 4655569411907.141
a 6 43 0 1 7054215265314.273
a 6 44 0 1 13745768593229.11
a 6 45 0 1 12566984938826.412
a 6 46 0 1 8872520658169.904
a 6 47 0 1 11879371530342.695
a 6 48 0 1 6831055043595.294
a 6 49 0 1 15220246569229.105
a 6 50 0 1 14262191547690.066
a 6 51 0 1 11596219014369.666
a 6 52 0 1 12959134625690.38
a 6 53 0 1 5944666237241.887
a 6 54 0 1 14940434996916.145
a 6 55 0 1 10175769513087.195
a 6 56 0 1 3766421445124.318
a 6 57 0 1 13328771424728.395
a 6 58 0 1 5272139016758.391
a 6 59 0 1 10021579622137.562
a 6 60 0 1 9580233715231.412
a 6 61 0 1 9304277614766.383
a 6 62 0 1 4924078987604.084
a 6 63 0 1 15782268848082.611
a 6 64 0 1 14362860893667.795
a 6 65 0 1 9179798262279.043
a 6 66 0 1 15576805683658.643
a 6 67 0 1 8969264849387.326
a 6 68 0 1 4440787914265.073
a 6 69 0 1 9218902189982.836
a 6 70 0 1 7343038249040.678
a 6 71 0 1 6583449123153.329
a 6 72 0 1 13824668622613.094
a 6 73 0 1 11670839482144.357
a 6 74 0 1 11156210428397.516
a 6 75 0 1 13772390269837.84
a 6 76 0 1 7123429735524.801
a 6 77 0 1 8165313956010.663
a 6 78 0 1 12669774544186.545
a 6 79 0 1 12696967552508.686
a 6 80 0 1 13846708185839.062
a 6 81 0 1 13931809919398.2
a 7 15 0 1 4995842574995.701
a 7 16 0 1 6809267822131.636
a 7 17 0 1 6029107137060.831
a 7 18 0 1 8821664379609.963
a 7 19 0 1 9760439061930.99
a 7 20 0 1 7663244842409.518
a 7 21 0 1 4916216360062.796
a 7 22 0 1 10032213054190.312
a 7 23 0 1 6289798079349.292
a 7 24 0 1 10877651869504.996
a 7 25 0 1 8630987486288.085
a 7 26 0 1 7149389984947.773
a 7 27 0 1 9416542587007.227
a 7 28 0 1 7178443243289.783
a 7 29 0 1 8343299809855.425
a 7 30 0 1 5333801370484.773
a 7 31 0 1 5685058597149.864
a 7 32 0 1 10229283314439.234
a 7 33 0 1 7535313705926.223
a 7 34 0 1 6542481253485.653
a 7 35 0 1 9693159746937.29
a 7 36 0 1 3242702144978.8
a 7 37 0 1 4185200286669.769
a 7 38 0 1 6005028412756.483
a 7 39 0 1 8665456156015.9
a 7 40 0 1 9078287855267.145
a 7 41 0 1 4234635488307.416
a 7 42 0 1 3203673377186.436
a 7 43 0 1 4853854184076.04
a 7 44 0 1 9455894979950.854
a 7 45 0 1 8645360413282.62
a 7 46 0 1 6104592412007.697
a 7 47 0 1 8172523990060.582
a 7 48 0 1 4700340094829.07
a 7 49 0 1 10469652940777.742
a 7 50 0 1 9810967034531.639
a 7 51 0 1 7977807751263.439
a 7 52 0 1 8915011140078.814
a 7 53 0 1 4090560296546.5635
a 7 54 0 1 10277280438338.309
a 7 55 0 1 7000943655114.478
a 7 56 0 1 2591899780927.02
a 7 57 0 1 9169174547805.863
a 7 58 0 1 3627877918671.5376
a 7 59 0 1 6894898987320.072
a 7 60 0 1 6591355209213.681
a 7 61 0 1 6401556423620.6045
a 7 62 0 1 3388412301348.3286
a 7 63 0 1 10856035665136.158
a 7 64 0 1 9880181769760.469
a 7 65 0 1 6315940015955.741
a 7 66 0 1 10714784327307.422
a 7 67 0 1 6171134221296.399
a 7 68 0 1 3055897673186.393
a 7 69 0 1 6342835625729.914
a 7 70 0 1 5052534671590.713
a 7 71 0 1 4530006690318.33
a 7 72 0 1 9510144381921.875
a 7 73 0 1 8029122590274.164
a 7 74 0 1 7675218016332.197
a 7 75 0 1 9474199317255.762
a 7 76 0 1 4901466991826.423
a 7 77 0 1 5618153147036.898
a 7 78 0 1 8716041536231.4795
a 7 79 0 1 8734740152430.565
a 7 80 0 1 9525298099772.008
a 7 81 0 1 9583811178080.365
a 8 15 0 1 2438667960029.142
a 8 16 0 1 3323517199822.9204
a 8 17 0 1 2942865976414.5884
a 8 18 0 1 4305231749661.2656
a 8 19 0 1 4763117838955.313
a 8 20 0 1 3740144294802.6064
a 8 21 0 1 2399810522188.2637
a 8 22 0 1 4895665774772.351
a 8 23 0 1 3070064599843.1836
a 8 24 0 1 5307970811582.909
a 8 25 0 1 4212223156419.261
a 8 26 0 1 3489456561854.652
a 8 27 0 1 4595388680265.185
a 8 28 0 1 3503630804945.7925
a 8 29 0 1 4071890573720.83
a 8 30 0 1 2603587134556.959
a 8 31 0 1 2774988793920.368
a 8 32 0 1 4991777009275.481
a 8 33 0 1 3677733603651.4775
a 8 34 0 1 3193352270928.7544
a 8 35 0 1 4730304130108.222
a 8 36 0 1 1583054447662.3596
a 8 37 0 1 2043059055410.666
a 8 38 0 1 2931117075674.708
a 8 39 0 1 4229036478465.6646
a 8 40 0 1 4430404540424.167
a 8 41 0 1 2067185459555.988
a 8 42 0 1 1564004594065.7043
a 8 43 0 1 2369377647025.3145
a 8 44 0 1 4614582428371.276
a 8 45 0 1 4219234072087.8325
a 8 46 0 1 2979697819573.625
a 8 47 0 1 3988584746830.0425
a 8 48 0 1 2294461490080.2256
a 8 49 0 1 5109002335139.77
a 8 50 0 1 4787761351775.946
a 8 51 0 1 3893598542672.211
a 8 52 0 1 4350763776671.7563
a 8 53 0 1 1996870469862.063
a 8 54 0 1 5015184884955.838
a 8 55 0 1 3417033139982.8657
a 8 56 0 1 1265387827524.5078
a 8 57 0 1 4474735277401.731
a 8 58 0 1 1771053174527.0881
a 8 59 0 1 3365295700862.238
a 8 60 0 1 3217198136696.9575
a 8 61 0 1 3124593519361.0156
a 8 62 0 1 1654174472253.836
a 8 63 0 1 5297429496578.069
a 8 64 0 1 4821518537770.847
a 8 65 0 1 3082819788386.861
a 8 66 0 1 5228546489841.378
a 8 67 0 1 3012165568600.179
a 8 68 0 1 1491874811908.4805
a 8 69 0 1 3095942668536.9077
a 8 70 0 1 2466333370472.267
a 8 71 0 1 2211335780116.33
a 8 72 0 1 4641041902127.127
a 8 73 0 1 3918631087573.2905
a 8 74 0 1 3745985311430.8433
a 8 75 0 1 4623510161057.788
a 8 76 0 1 2392612819167.2617
a 8 77 0 1 2742341741928.071
a 8 78 0 1 4253711176655.4736
a 8 79 0 1 4262832010070.2456
a 8 80 0 1 4648432910027.975
a 8 81 0 1 4676971698292.542
a 9 15 0 1 7678234134110.825
a 9 16 0 1 10466506241724.238
a 9 17 0 1 9266876208876.742
a 9 18 0 1 13561444079697.28
a 9 19 0 1 15005483762569.475
a 9 20 0 1 11779774329543.223
a 9 21 0 1 7555817427699.065
a 9 22 0 1 15423562646428.246
a 9 23 0 1 9667720078118.23
a 9 24 0 1 16724219091211.855
a 9 25 0 1 13268162062744.05
a 9 26 0 1 10989538313946.393
a 9 27 0 1 14476476673142.863
a 9 28 0 1 11034216770452.75
a 9 29 0 1 12825679912939.494
a 9 30 0 1 8197822709546.505
a 9 31 0 1 8737879746483.721
a 9 32 0 1 15726731128447.8
a 9 33 0 1 11583029653301.11
a 9 34 0 1 10056263381445.615
a 9 35 0 1 14901987951115.682
a 9 36 0 1 4983249039604.745
a 9 37 0 1 6432015518378.767
a 9 38 0 1 9229852909132.885
a 9 39 0 1 13321178151765.578
a 9 40 0 1 13956170126342.701
a 9 41 0 1 6508009786828.966
a 9 42 0 1 4923259384377.0
a 9 43 0 1 7459943159003.377
a 9 44 0 1 14537010303139.555
a 9 45 0 1 13290268962558.088
a 9 46 0 1 9382942622838.58
a 9 47 0 1 12563023177559.893
a 9 48 0 1 7223937050457.093
a 9 49 0 1 16096520413798.236
a 9 50 0 1 15083211541256.488
a 9 51 0 1 12263552363316.434
a 9 52 0 1 13705024182379.2
a 9 53 0 1 6286531480973.81
a 9 54 0 1 15800569952295.928
a 9 55 0 1 10761258238701.469
a 9 56 0 1 3982962969075.9214
a 9 57 0 1 14095970731863.686
a 9 58 0 1 5575303805359.406
a 9 59 0 1 10598185811539.424
a 9 60 0 1 10131416793447.898
a 9 61 0 1 9839566017637.252
a 9 62 0 1 5207217214568.099
a 9 63 0 1 16690962170757.371
a 9 64 0 1 15189686178380.371
a 9 65 0 1 9707917182666.834
a 9 66 0 1 16473646633175.783
a 9 67 0 1 9485258433195.35
a 9 68 0 1 4696121515474.881
a 9 69 0 1 9749273307258.83
a 9 70 0 1 7765392845393.037
a 9 71 0 1 6962078879782.628
a 9 72 0 1 14620459669968.668
a 9 73 0 1 12342473157108.697
a 9 74 0 1 11798187975361.576
a 9 75 0 1 14565166962944.242
a 9 76 0 1 7533141999260.799
a 9 77 0 1 8635010987612.549
a 9 78 0 1 13398983682790.285
a 9 79 0 1 13427744206112.422
a 9 80 0 1 14643770039346.297
a 9 81 0 1 14733778821938.31
a 10 15 0 1 4851707412988.451
a 10 16 0 1 6612773644676.305
a 10 17 0 1 5855141136301.033
a 10 18 0 1 8567041430353.769
a 10 19 0 1 9478690332209.271
a 10 20 0 1 7442086437625.41
a 10 21 0 1 4774379758680.772
a 10 22 0 1 9742610385074.967
a 10 23 0 1 6108304718350.92
a 10 24 0 1 10563613990069.492
a 10 25 0 1 8381873427020.418
a 10 26 0 1 6943073097748.266
a 10 27 0 1 9144731365070.658
a 10 28 0 1 6971287264922.131
a 10 29 0 1 8102496956911.533
a 10 30 0 1 5179909935998.696
a 10 31 0 1 5521026206591.069
a 10 32 0 1 9933985254824.041
a 10 33 0 1 7317850457681.346
a 10 34 0 1 6353691334971.445
a 10 35 0 1 9413355234276.836
a 10 36 0 1 3149165214552.892
a 10 37 0 1 4064463928218.0776
a 10 38 0 1 5831757654646.263
a 10 39 0 1 8415346271873.573
a 10 40 0 1 8816250367352.42
a 10 41 0 1 4112472327744.6064
a 10 42 0 1 3111262649160.4644
a 10 43 0 1 4713817755748.242
a 10 44 0 1 9182946638489.244
a 10 45 0 1 8395831110660.083
a 10 46 0 1 5928446845334.715
a 10 47 0 1 7936654543857.641
a 10 48 0 1 4564734962437.683
a 10 49 0 1 10167407786054.34
a 10 50 0 1 9527758143684.877
a 10 51 0 1 7747563077661.93
a 10 52 0 1 8657691202452.128
a 10 53 0 1 3972555399848.353
a 10 54 0 1 9980595209227.914
a 10 55 0 1 6798913981799.924
a 10 56 0 1 2517140923546.5483
a 10 57 0 1 8904510998203.217
a 10 58 0 1 3523225944666.432
a 10 59 0 1 6695931856791.485
a 10 60 0 1 6401153943649.594
a 10 61 0 1 6216835944942.8125
a 10 62 0 1 3290670715576.881
a 10 63 0 1 10542622603418.494
a 10 64 0 1 9594972679549.65
a 10 65 0 1 6133691791426.153
a 10 66 0 1 10405454069858.59
a 10 67 0 1 5993067292313.24
a 10 68 0 1 2967751027419.939
a 10 69 0 1 6159810770317.792
a 10 70 0 1 4906762960526.169
a 10 71 0 1 4399318177617.732
a 10 72 0 1 9235628443291.506
a 10 73 0 1 7797395607468.155
a 10 74 0 1 7453713773582.501
a 10 75 0 1 9200722053613.037
a 10 76 0 1 4760056154237.38
a 10 77 0 1 5456052408697.699
a 10 78 0 1 8464470189859.632
a 10 79 0 1 8482628580149.806
a 10 80 0 1 9250344274111.723
a 10 81 0 1 9307166524507.59
a 11 15 0 1 12189488900122.146
a 11 16 0 1 16619114338251.764
a 11 17 0 1 14713100989816.594
a 11 18 0 1 21537890252449.734
a 11 19 0 1 23833605516378.656
a 11 20 0 1 18706035296233.49
a 11 21 0 1 11995048331049.629
a 11 22 0 1 24498345874001.227
a 11 23 0 1 15349940993393.094
a 11 24 0 1 26566615348047.004
a 11 25 0 1 21071689359145.355
a 11 26 0 1 17450222702797.182
a 11 27 0 1 22992544759324.914
a 11 28 0 1 17521220392058.93
a 11 29 0 1 20368355162288.387
a 11 30 0 1 13014813278936.635
a 11 31 0 1 13872711739385.22
a 11 32 0 1 24980403702763.93
a 11 33 0 1 18393363659047.168
a 11 34 0 1 15967271526751.76
a 11 35 0 1 23669054260288.336
a 11 36 0 1 7909655059216.111
a 11 37 0 1 10210208277356.16
a 11 38 0 1 14654282032123.71
a 11 39 0 1 21155962323515.15
a 11 40 0 1 22165375812043.496
a 11 41 0 1 10330895018679.836
a 11 42 0 1 7814404855763.964
a 11 43 0 1 11842768693116.637
a 11 44 0 1 23088783244480.348
a 11 45 0 1 21106829825107.15
a 11 46 0 1 14897497744742.418
a 11 47 0 1 19950877025224.484
a 11 48 0 1 11467922371997.756
a 11 49 0 1 25568419874335.977
a 11 50 0 1 23957188885278.332
a 11 51 0 1 19474903132774.566
a 11 52 0 1 21766131853808.79
a 11 53 0 1 9979168075790.766
a 11 54 0 1 25097815296911.32
a 11 55 0 1 17087473872750.68
a 11 56 0 1 6321524741956.849
a 11 57 0 1 22387621203312.285
a 11 58 0 1 8849747567520.5
a 11 59 0 1 16828350240533.32
a 11 60 0 1 16086681522986.465
a 11 61 0 1 15622971531201.086
a 11 62 0 1 8265273441980.977
a 11 63 0 1 26513726518237.094
a 11 64 0 1 24126480472047.75
a 11 65 0 1 15413805982925.979
a 11 66 0 1 26168133222043.375
a 11 67 0 1 15060051079759.705
a 11 68 0 1 7453767545988.288
a 11 69 0 1 15479512781845.215
a 11 70 0 1 12327929399821.775
a 11 71 0 1 11052029483042.26
a 11 72 0 1 23221455267887.06
a 11 73 0 1 19600336642385.656
a 11 74 0 1 18735299157041.3
a 11 75 0 1 23133547958029.285
a 11 76 0 1 11959032169469.527
a 11 77 0 1 13709296473709.168
a 11 78 0 1 21279641023505.99
a 11 79 0 1 21325358722739.273
a 11 80 0 1 23258515540610.48
a 11 81 0 1 23401618193652.82
a 12 15 0 1 3818387251003.1675
a 12 16 0 1 5204155543558.05
a 12 17 0 1 4607995535118.058
a 12 18 0 1 6741812326961.641
a 12 19 0 1 7459065366043.209
a 12 20 0 1 5856693368249.133
a 12 21 0 1 3757536021947.794
a 12 22 0 1 7666702315254.682
a 12 23 0 1 4807205402350.467
a 12 24 0 1 8312602999607.6045
a 12 25 0 1 6596124783297.929
a 12 26 0 1 5464052084259.116
a 12 27 0 1 7196322015476.421
a 12 28 0 1 5486252241923.41
a 12 29 0 1 6376312855321.577
a 12 30 0 1 4076656151079.299
a 12 31 0 1 4345082720749.82
a 12 32 0 1 7817263250195.885
a 12 33 0 1 5758941019520.742
a 12 34 0 1 5000293353415.491
a 12 35 0 1 7407663095052.403
a 12 36 0 1 2478557195191.5366
a 12 37 0 1 3198873206890.6865
a 12 38 0 1 4589595369321.384
a 12 39 0 1 6622460838216.423
a 12 40 0 1 6937884272994.782
a 12 41 0 1 3236653661880.4478
a 12 42 0 1 2448728175908.752
a 12 43 0 1 3709877977603.067
a 12 44 0 1 7226388229809.799
a 12 45 0 1 6607106535836.905
a 12 46 0 1 4665678733032.987
a 12 47 0 1 6245827496552.129
a 12 48 0 1 3592559682809.6377
a 12 49 0 1 8000902554657.609
a 12 50 0 1 7497669270189.863
a 12 51 0 1 6097048409796.764
a 12 52 0 1 6813133791667.716
a 12 53 0 1 3126545073275.0312
a 12 54 0 1 7853932627504.156
a 12 55 0 1 5350620820425.567
a 12 56 0 1 1981151828498.683
a 12 57 0 1 7007325162608.819
a 12 58 0 1 2772937058103.7886
a 12 59 0 1 5269589084342.938
a 12 60 0 1 5037640100903.794
a 12 61 0 1 4892605913711.7295
a 12 62 0 1 2589920415696.5127
a 12 63 0 1 8296088961697.187
a 12 64 0 1 7550549886095.795
a 12 65 0 1 4827181896801.081
a 12 66 0 1 8188177312087.803
a 12 67 0 1 4716527452281.452
a 12 68 0 1 2335785161824.999
a 12 69 0 1 4847734284857.469
a 12 70 0 1 3861711814306.645
a 12 71 0 1 3462386613148.9727
a 12 72 0 1 7267836026942.5205
a 12 73 0 1 6136257284558.138
a 12 74 0 1 5865842051342.596
a 12 75 0 1 7240373180290.246
a 12 76 0 1 3746264363673.2305
a 12 77 0 1 4293954771030.4414
a 12 78 0 1 6661110901708.679
a 12 79 0 1 6675397664803.019
a 12 80 0 1 7279413795842.158
a 12 81 0 1 7324118966488.253
a 13 15 0 1 7474887611493.914
a 13 16 0 1 10189229845154.682
a 13 17 0 1 9021413166554.873
a 13 18 0 1 13202052568774.568
a 13 19 0 1 14607759392025.139
a 13 20 0 1 11467661166647.924
a 13 21 0 1 7355715674343.025
a 13 22 0 1 15014737816397.988
a 13 23 0 1 9411627886775.873
a 13 24 0 1 16280853732827.16
a 13 25 0 1 12916554375021.021
a 13 26 0 1 10698388792361.938
a 13 27 0 1 14092796538586.725
a 13 28 0 1 10741882103092.795
a 13 29 0 1 12485814911871.85
a 13 30 0 1 7980703014922.162
a 13 31 0 1 8506442604830.618
a 13 32 0 1 15309856187262.799
a 13 33 0 1 11276136145152.402
a 13 34 0 1 9789867302773.764
a 13 35 0 1 14507011348881.945
a 13 36 0 1 4851315024495.137
a 13 37 0 1 6261697025213.445
a 13 38 0 1 8985371562899.81
a 13 39 0 1 12968163433512.592
a 13 40 0 1 13586301618868.004
a 13 41 0 1 6335677512355.323
a 13 42 0 1 4792914502008.19
a 13 43 0 1 7262382580607.756
a 13 44 0 1 14151723188323.752
a 13 45 0 1 12938074566614.867
a 13 46 0 1 9134401953716.332
a 13 47 0 1 12230128066705.877
a 13 48 0 1 7032631648911.038
a 13 49 0 1 15669825621442.898
a 13 50 0 1 14683423490434.197
a 13 51 0 1 11938603544796.338
a 13 52 0 1 13341821810954.93
a 13 53 0 1 6120068091210.038
a 13 54 0 1 15381734266870.504
a 13 55 0 1 10476163914895.389
a 13 56 0 1 3877523852587.947
a 13 57 0 1 13722391351442.14
a 13 58 0 1 5427685046429.1
a 13 59 0 1 10317416843277.934
a 13 60 0 1 9863027597077.863
a 13 61 0 1 9578916706972.809
a 13 62 0 1 5069350068389.655
a 13 63 0 1 16248480116168.291
a 13 64 0 1 14787071156960.512
a 13 65 0 1 9450759034807.996
a 13 66 0 1 16036936317102.873
a 13 67 0 1 9234004683030.158
a 13 68 0 1 4571793347275.178
a 13 69 0 1 9491018457686.037
a 13 70 0 1 7559736045376.828
a 13 71 0 1 6777713458654.681
a 13 72 0 1 14232957197356.22
a 13 73 0 1 12015430270762.375
a 13 74 0 1 11485586284933.516
a 13 75 0 1 14179132368648.002
a 13 76 0 1 7333641269561.903
a 13 77 0 1 8406301132287.497
a 13 78 0 1 13043903999643.537
a 13 79 0 1 13071901207304.682
a 13 80 0 1 14255648731284.55
a 13 81 0 1 14343267962174.158
a 14 15 0 1 10943369747719.645
a 14 16 0 1 14919380688558.27
a 14 17 0 1 13208602982489.44
a 14 18 0 1 19333963972657.35
a 14 19 0 1 21394184502938.47
a 14 20 0 1 16792447162294.629
a 14 21 0 1 10768831294903.598
a 14 22 0 1 21990714859382.53
a 14 23 0 1 13780219119197.695
a 14 24 0 1 23846696178707.344
a 14 25 0 1 18915572374795.543
a 14 26 0 1 15665333366531.854
a 14 27 0 1 20639412821295.26
a 14 28 0 1 15729055926787.354
a 14 29 0 1 18284356978632.88
a 14 30 0 1 11684208502062.078
a 14 31 0 1 12454271563521.455
a 14 32 0 1 22423302153194.598
a 14 33 0 1 16511822014928.78
a 14 34 0 1 14334315711484.031
a 14 35 0 1 21246516650434.87
a 14 36 0 1 7101416734550.151
a 14 37 0 1 9166642573920.053
a 14 38 0 1 13155807710588.459
a 14 39 0 1 18991203416513.51
a 14 40 0 1 19897093086026.367
a 14 41 0 1 9274980980117.545
a 14 42 0 1 7015907418953.724
a 14 43 0 1 10632137799711.014
a 14 44 0 1 20725778427707.273
a 14 45 0 1 18947109316787.945
a 14 46 0 1 13374115077200.857
a 14 47 0 1 17909681446846.73
a 14 48 0 1 10295655701696.096
a 14 49 0 1 22950967286054.49
a 14 50 0 1 21505087506719.36
a 14 51 0 1 17482503024528.502
a 14 52 0 1 19538797525491.688
a 14 53 0 1 8959240910436.879
a 14 54 0 1 22528663794473.746
a 14 55 0 1 15339753721621.447
a 14 56 0 1 5675673604269.728
a 14 57 0 1 20096542447769.65
a 14 58 0 1 7945359152512.845
a 14 59 0 1 15107179576451.506
a 14 60 0 1 14441493460764.197
a 14 61 0 1 14025283791480.352
a 14 62 0 1 7420665638956.823
a 14 63 0 1 23799237013707.58
a 14 64 0 1 21657008276462.53
a 14 65 0 1 13837542711862.863
a 14 66 0 1 23489121502124.098
a 14 67 0 1 13520020209473.756
a 14 68 0 1 6692149422231.677
a 14 69 0 1 13896519375745.393
a 14 70 0 1 11067639574501.627
a 14 71 0 1 9922324531649.605
a 14 72 0 1 20844839619884.215
a 14 73 0 1 17595077918400.53
a 14 74 0 1 16818711591619.016
a 14 75 0 1 20765950768185.94
a 14 76 0 1 10736501507864.006
a 14 77 0 1 12307588668736.621
a 14 78 0 1 19102198989334.113
a 14 79 0 1 19143228302109.73
a 14 80 0 1 20878097810224.45
a 14 81 0 1 21006519022355.074
a 15 1 0 1 0
a 16 1 0 1 0
a 17 1 0 1 0
a 18 1 0 1 0
a 19 1 0 1 0
a 20 1 0 1 0
a 21 1 0 1 0
a 22 1 0 1 0
a 23 1 0 1 0
a 24 1 0 1 0
a 25 1 0 1 0
a 26 1 0 1 0
a 27 1 0 1 0
a 28 1 0 1 0
a 29 1 0 1 0
a 30 1 0 1 0
a 31 1 0 1 0
a 32 1 0 1 0
a 33 1 0 1 0
a 34 1 0 1 0
a 35 1 0 1 0
a 36 1 0 1 0
a 37 1 0 1 0
a 38 1 0 1 0
a 39 1 0 1 0
a 40 1 0 1 0
a 41 1 0 1 0
a 42 1 0 1 0
a 43 1 0 1 0
a 44 1 0 1 0
a 45 1 0 1 0
a 46 1 0 1 0
a 47 1 0 1 0
a 48 1 0 1 0
a 49 1 0 1 0
a 50 1 0 1 0
a 51 1 0 1 0
a 52 1 0 1 0
a 53 1 0 1 0
a 54 1 0 1 0
a 55 1 0 1 0
a 56 1 0 1 0
a 57 1 0 1 0
a 58 1 0 1 0
a 59 1 0 1 0
a 60 1 0 1 0
a 61 1 0 1 0
a 62 1 0 1 0
a 63 1 0 1 0
a 64 1 0 1 0
a 65 1 0 1 0
a 66 1 0 1 0
a 67 1 0 1 0
a 68 1 0 1 0
a 69 1 0 1 0
a 70 1 0 1 0
a 71 1 0 1 0
a 72 1 0 1 0
a 73 1 0 1 0
a 74 1 0 1 0
a 75 1 0 1 0
a 76 1 0 1 0
a 77 1 0 1 0
a 78 1 0 1 0
a 79 1 0 1 0
a 80 1 0 1 0
a 81 1 0 1 0
