p min 81 937
n 0 13
n 1 -13
a 0 2 0 1 0
a 0 3 0 1 0
a 0 4 0 1 0
a 0 5 0 1 0
a 0 6 0 1 0
a 0 7 0 1 0
a 0 8 0 1 0
a 0 9 0 1 0
a 0 10 0 1 0
a 0 11 0 1 0
a 0 12 0 1 0
a 0 13 0 1 0
a 0 14 0 1 0
a 2 15 0 1 19762202866153.61
a 2 16 0 1 9659498189566.477
a 2 17 0 1 7996323909772.319
a 2 18 0 1 18349200418502.875
a 2 19 0 1 28484624947196.996
a 2 20 0 1 9543784932347.66
a 2 21 0 1 28105625798679.676
a 2 22 0 1 7298281507246.015
a 2 23 0 1 13764982597642.11
a 2 24 0 1 19635172292162.94
a 2 25 0 1 15394205060511.217
a 2 26 0 1 8221298461003.244
a 2 27 0 1 21738704890173.836
a 2 28 0 1 10574966014939.516
a 2 29 0 1 15905531829400.393
a 2 30 0 1 13168123120900.21
a 2 31 0 1 25096941130196.043
a 2 32 0 1 6547806223377.616
a 2 33 0 1 10351437869027.998
a 2 34 0 1 14263843763889.346
a 2 35 0 1 24261532452308.723
a 2 36 0 1 7390080176440.895
a 2 37 0 1 15214109639379.627
a 2 38 0 1 14685010983030.424
a 2 39 0 1 20162728291075.594
a 2 40 0 1 28736265925867.16
a 2 41 0 1 16702906931450.3
a 2 42 0 1 29254403420652.094
a 2 43 0 1 15982247444003.91
a 2 44 0 1 7132216526929.946
a 2 45 0 1 23310981286344.45
a 2 46 0 1 18526621885205.83
a 2 47 0 1 19820286892300.523
a 2 48 0 1 13551642407538.41
a 2 49 0 1 8989128892695.031
a 2 50 0 1 9142792060980.396
a 2 51 0 1 15403620004615.844
a 2 52 0 1 22256605371510.926
a 2 53 0 1 24012346144837.51
a 2 54 0 1 7731331458789.817
a 2 55 0 1 19203976845440.094
a 2 56 0 1 28771788597661.734
a 2 57 0 1 23674006833372.668
a 2 58 0 1 27769777888657.133
a 2 59 0 1 20214561559566.91
a 2 60 0 1 13291912676593.508
a 2 61 0 1 22683711587463.402
a 2 62 0 1 25272063748362.797
a 2 63 0 1 23643801822822.766
a 2 64 0 1 26662380326801.26
a 2 65 0 1 9649127514227.893
a 2 66 0 1 21183840917458.062
a 2 67 0 1 8725649272609.588
a 2 68 0 1 14837463450873.814
a 2 69 0 1 11893676149120.39
a 2 70 0 1 16875596519485.166
a 2 71 0 1 28269740414997.305
a 2 72 0 1 18663691050717.55
a 2 73 0 1 9854292663275.805
a 2 74 0 1 20768434413781.082
a 2 75 0 1 31449741575633.02
a 2 76 0 1 29153844141489.8
a 2 77 0 1 26865329301553.543
a 2 78 0 1 10758127833294.254
a 2 79 0 1 26496651793511.652
a 2 80 0 1 18982392161152.07
a 3 15 0 1 20893750995161.434
a 3 16 0 1 10211903527450.883
a 3 17 0 1 8453523394125.225
a 3 18 0 1 19399661739751.355
a 3 19 0 1 30117337624924.484
a 3 20 0 1 10089565195083.316
a 3 21 0 1 29716540180437.73
a 3 22 0 1 7715534110710.093
a 3 23 0 1 14552565161484.941
a 3 24 0 1 20759429480971.53
a 3 25 0 1 16275180639325.03
a 3 26 0 1 8691374013184.157
a 3 27 0 1 22983723725331.17
a 3 28 0 1 11179792351160.838
a 3 29 0 1 16815826174848.531
a 3 30 0 1 13921500777726.625
a 3 31 0 1 26534881097397.773
a 3 32 0 1 6922118940193.967
a 3 33 0 1 10943463585542.992
a 3 34 0 1 15080018947161.229
a 3 35 0 1 25651465823029.812
a 3 36 0 1 7812585755799.6455
a 3 37 0 1 16084759666033.578
a 3 38 0 1 15525328399769.797
a 3 39 0 1 21317266117620.977
a 3 40 0 1 30383452951989.62
a 3 41 0 1 17658928941930.16
a 3 42 0 1 30931396425034.727
a 3 43 0 1 16896940871111.719
a 3 44 0 1 7539966727283.191
a 3 45 0 1 24646303295445.277
a 3 46 0 1 19587263214659.254
a 3 47 0 1 20955168838447.074
a 3 48 0 1 14326998270921.016
a 3 49 0 1 9503155333911.533
a 3 50 0 1 9665615223616.287
a 3 51 0 1 16285135390264.18
a 3 52 0 1 23531365831160.242
a 3 53 0 1 25387961963768.535
a 3 54 0 1 8173365417655.606
a 3 55 0 1 20303487184079.316
a 3 56 0 1 30421018953559.707
a 3 57 0 1 25030184007449.51
a 3 58 0 1 29361377517237.41
a 3 59 0 1 21372074719796.32
a 3 60 0 1 14052384074212.586
a 3 61 0 1 23983002424367.492
a 3 62 0 1 26720068340741.69
a 3 63 0 1 24998243703041.156
a 3 64 0 1 28190304249958.293
a 3 65 0 1 10200939079315.041
a 3 66 0 1 22396999575912.08
a 3 67 0 1 9224593120102.39
a 3 68 0 1 15686520389375.314
a 3 69 0 1 12574034253843.373
a 3 70 0 1 17841523058163.74
a 3 71 0 1 29890093671222.332
a 3 72 0 1 19732197373498.53
a 3 73 0 1 10417851233164.803
a 3 74 0 1 21957743332414.87
a 3 75 0 1 33253063641522.86
a 3 76 0 1 30825052156163.734
a 3 77 0 1 28404921569126.094
a 3 78 0 1 11373443680085.518
a 3 79 0 1 28015047751274.145
a 3 80 0 1 20069186486020.734
a 4 15 0 1 4095395977182.0654
a 4 16 0 1 2003620124465.0105
a 4 17 0 1 1658888103821.5193
a 4 18 0 1 3803064354842.74
a 4 19 0 1 5898281032614.802
a 4 20 0 1 1979639215221.5068
a 4 21 0 1 5820003313236.879
a 4 22 0 1 1514171202221.5261
a 4 23 0 1 2854130496019.9897
a 4 24 0 1 4069118108055.6377
a 4 25 0 1 3191470806514.5996
a 4 26 0 1 1705525496398.559
a 4 27 0 1 4504181708594.079
a 4 28 0 1 2193327728165.0474
a 4 29 0 1 3297323401794.1377
a 4 30 0 1 2730522034960.5225
a 4 31 0 1 5198403319802.72
a 4 32 0 1 1358563440950.5552
a 4 33 0 1 2147010086288.9622
a 4 34 0 1 2957433360142.807
a 4 35 0 1 5025745682117.413
a 4 36 0 1 1533203790983.6252
a 4 37 0 1 3154185899338.0054
a 4 38 0 1 3044640240392.543
a 4 39 0 1 4178245698789.9277
a 4 40 0 1 5950251458481.219
a 4 41 0 1 3462372730434.147
a 4 42 0 1 6057252841446.466
a 4 43 0 1 3313203874805.358
a 4 44 0 1 1479740192659.203
a 4 45 0 1 4829258985068.233
a 4 46 0 1 3839774664168.329
a 4 47 0 1 4107411184147.551
a 4 48 0 1 2809949695723.0283
a 4 49 0 1 1864682897242.8765
a 4 50 0 1 1896531822088.5835
a 4 51 0 1 3193419935712.143
a 4 52 0 1 4611270951924.621
a 4 53 0 1 4974240134627.765
a 4 54 0 1 1603952514303.605
a 4 55 0 1 3979915369306.907
a 4 56 0 1 5957587624321.989
a 4 57 0 1 4904303360120.415
a 4 58 0 1 5750633433798.192
a 4 59 0 1 4188967101757.1445
a 4 60 0 1 2756159723336.1797
a 4 61 0 1 4699578524468.322
a 4 62 0 1 5234593351964.541
a 4 63 0 1 4898059592267.736
a 4 64 0 1 5521868681838.762
a 4 65 0 1 2001470882114.2166
a 4 66 0 1 4389438072271.386
a 4 67 0 1 1810070837666.547
a 4 68 0 1 3076205393880.529
a 4 69 0 1 2466541404143.872
a 4 70 0 1 3498114724684.875
a 4 71 0 1 5853899880307.712
a 4 72 0 1 3868134856808.8613
a 4 73 0 1 2043989018433.7935
a 4 74 0 1 4303526067366.043
a 4 75 0 1 6510503181301.008
a 4 76 0 1 6036486979900.412
a 4 77 0 1 5563797081603.646
a 4 78 0 1 2231279586829.4785
a 4 79 0 1 5487628714790.767
a 4 80 0 1 3934072726345.617
a 5 15 0 1 14415154552113.305
a 5 16 0 1 7048150464385.929
a 5 17 0 1 5834900604425.431
a 5 18 0 1 13385056698137.92
a 5 19 0 1 20771906595969.176
a 5 20 0 1 6963744200702.91
a 5 21 0 1 20495770466862.617
a 5 22 0 1 5325656242593.457
a 5 23 0 1 10042474861365.135
a 5 24 0 1 14322551264793.242
a 5 25 0 1 11230531672233.621
a 5 26 0 1 5999022050986.223
a 5 27 0 1 15855898816755.5
a 5 28 0 1 7715910913478.011
a 5 29 0 1 11603374990923.451
a 5 30 0 1 9607204546442.084
a 5 31 0 1 18303431839977.21
a 5 32 0 1 4778135715201.664
a 5 33 0 1 7552868550271.426
a 5 34 0 1 10406265752318.09
a 5 35 0 1 17694621403782.844
a 5 36 0 1 5392627585633.307
a 5 37 0 1 11099208952227.615
a 5 38 0 1 10713390086740.777
a 5 39 0 1 14707126471157.754
a 5 40 0 1 20955246840249.33
a 5 41 0 1 12184771986777.406
a 5 42 0 1 21332741675357.438
a 5 43 0 1 11659312566714.977
a 5 44 0 1 5204503243781.132
a 5 45 0 1 17001861370030.455
a 5 46 0 1 13514404327652.598
a 5 47 0 1 14457496647606.967
a 5 48 0 1 9886894619630.443
a 5 49 0 1 6559145603877.803
a 5 50 0 1 6671237917563.115
a 5 51 0 1 11237396859340.393
a 5 52 0 1 16233385938945.906
a 5 53 0 1 17513018834031.598
a 5 54 0 1 5641582703679.03
a 5 55 0 1 14008211101890.688
a 5 56 0 1 20981127668231.56
a 5 57 0 1 17266438609679.43
a 5 58 0 1 20251068562727.66
a 5 59 0 1 14744910952025.12
a 5 60 0 1 9697481597384.086
a 5 61 0 1 16544685785646.303
a 5 62 0 1 18431049754215.105
a 5 63 0 1 17244425075541.89
a 5 64 0 1 19444172038671.73
a 5 65 0 1 7040585669253.843
a 5 66 0 1 15451456215883.754
a 5 67 0 1 6366943241609.344
a 5 68 0 1 10824559767799.45
a 5 69 0 1 8677737376458.751
a 5 70 0 1 12310682828722.924
a 5 71 0 1 20615344031456.293
a 5 72 0 1 13614332470670.326
a 5 73 0 1 7190240619653.298
a 5 74 0 1 15148655560725.77
a 5 75 0 1 22932044066859.47
a 5 76 0 1 21259479050056.82
a 5 77 0 1 19592053391362.957
a 5 78 0 1 7849508216082.296
a 5 79 0 1 19323410443439.83
a 5 80 0 1 13846673254298.486
a 6 15 0 1 22868015793848.234
a 6 16 0 1 11175534500834.936
a 6 17 0 1 9251050680693.855
a 6 18 0 1 21232403632583.94
a 6 19 0 1 32966458892212.9
a 6 20 0 1 11041637213111.168
a 6 21 0 1 32527603547903.08
a 6 22 0 1 8443369875400.03
a 6 23 0 1 15926547824873.354
a 6 24 0 1 22720968916071.645
a 6 25 0 1 17812138101590.938
a 6 26 0 1 9511365324997.973
a 6 27 0 1 25156044065499.633
a 6 28 0 1 12234885424506.172
a 6 29 0 1 18403948120958.293
a 6 30 0 1 15235796824784.463
a 6 31 0 1 29043965006041.062
a 6 32 0 1 7575043532667.504
a 6 33 0 1 11976222360523.572
a 6 34 0 1 16503895930511.17
a 6 35 0 1 28076745468532.504
a 6 36 0 1 8549585787214.123
a 6 37 0 1 17603698125862.023
a 6 38 0 1 16991334450707.676
a 6 39 0 1 23331656750817.13
a 6 40 0 1 33257845443178.91
a 6 41 0 1 19326852603441.652
a 6 42 0 1 33857828847418.746
a 6 43 0 1 18492739782074.254
a 6 44 0 1 8251224812513.697
a 6 45 0 1 26976251948969.145
a 6 46 0 1 21437772141304.895
a 6 47 0 1 22935252389794.504
a 6 48 0 1 15679645532116.316
a 6 49 0 1 10399826236360.445
a 6 50 0 1 10577633716412.598
a 6 51 0 1 17823034866469.08
a 6 52 0 1 25755600541066.773
a 6 53 0 1 27788248205716.434
a 6 54 0 1 8944434647826.336
a 6 55 0 1 22221834730543.496
a 6 56 0 1 33298978977633.76
a 6 57 0 1 27396537582801.938
a 6 58 0 1 32138719469563.023
a 6 59 0 1 23391658493384.133
a 6 60 0 1 15379058396618.062
a 6 61 0 1 26250055942690.445
a 6 62 0 1 29246722209389.492
a 6 63 0 1 27361568118990.137
a 6 64 0 1 30856478405128.73
a 6 65 0 1 11163534078587.322
a 6 66 0 1 24513708670364.2
a 6 67 0 1 10094949704732.547
a 6 68 0 1 17167777379278.984
a 6 69 0 1 13760917520344.416
a 6 70 0 1 19526731928469.996
a 6 71 0 1 32717636415598.62
a 6 72 0 1 21596433047364.68
a 6 73 0 1 11400941674130.295
a 6 74 0 1 24032823957603.176
a 6 75 0 1 36400071954109.93
a 6 76 0 1 33741384163458.484
a 6 77 0 1 31091466489100.285
a 6 78 0 1 12446838803516.14
a 6 79 0 1 30664587957813.914
a 6 80 0 1 21965340414165.28
a 7 15 0 1 15912083975252.604
a 7 16 0 1 7779374406887.705
a 7 17 0 1 6440160255404.419
a 7 18 0 1 14774834425220.314
a 7 19 0 1 22930692260818.504
a 7 20 0 1 7686203501327.246
a 7 21 0 1 22625782990523.223
a 7 22 0 1 5878055747274.844
a 7 23 0 1 11084747427390.479
a 7 24 0 1 15809846863646.28
a 7 25 0 1 12396284483022.488
a 7 26 0 1 6621319153384.819
a 7 27 0 1 17502742816685.38
a 7 28 0 1 8516480902425.503
a 7 29 0 1 12807886822285.973
a 7 30 0 1 10604246786265.926
a 7 31 0 1 20205076282018.28
a 7 32 0 1 5273709595658.093
a 7 33 0 1 8336505717675.814
a 7 34 0 1 11486344828953.438
a 7 35 0 1 19532870816574.375
a 7 36 0 1 5951978401495.026
a 7 37 0 1 12251310951518.36
a 7 38 0 1 11825389395104.254
a 7 39 0 1 16234432177323.957
a 7 40 0 1 23133137512819.914
a 7 41 0 1 13449730419148.582
a 7 42 0 1 23549972079291.73
a 7 43 0 1 12869639719684.922
a 7 44 0 1 5744327936256.594
a 7 45 0 1 18767986071422.598
a 7 46 0 1 14917635369948.215
a 7 47 0 1 15958831133639.346
a 7 48 0 1 10912999772019.578
a 7 49 0 1 7239594498115.491
a 7 50 0 1 7363325182872.047
a 7 51 0 1 12403863309178.025
a 7 52 0 1 17919517898426.926
a 7 53 0 1 19332359990910.04
a 7 54 0 1 6226774930160.584
a 7 55 0 1 15462806552084.54
a 7 56 0 1 23161715329517.344
a 7 57 0 1 19060107507462.574
a 7 58 0 1 22355585051917.18
a 7 59 0 1 16276147858823.654
a 7 60 0 1 10703904402088.0
a 7 61 0 1 18263219927655.785
a 7 62 0 1 20345984209560.234
a 7 63 0 1 19035802151834.695
a 7 64 0 1 21464627426415.4
a 7 65 0 1 7771024085128.189
a 7 66 0 1 17056210977853.654
a 7 67 0 1 7027436834382.823
a 7 68 0 1 11948113844833.664
a 7 69 0 1 9578212469735.312
a 7 70 0 1 13588733118655.121
a 7 71 0 1 22757815767138.645
a 7 72 0 1 15027957240239.445
a 7 73 0 1 7936219452590.31
a 7 74 0 1 16721901517397.488
a 7 75 0 1 25315983878013.336
a 7 76 0 1 23469074267489.938
a 7 77 0 1 21627913515176.78
a 7 78 0 1 8663953522597.144
a 7 79 0 1 21331286578025.883
a 7 80 0 1 15284465277019.371
a 8 15 0 1 3601154968603.059
a 8 16 0 1 1761870233615.8342
a 8 17 0 1 1458739374814.895
a 8 18 0 1 3344116125916.474
a 8 19 0 1 5186334113196.954
a 8 20 0 1 1740783358061.56
a 8 21 0 1 5117510406064.623
a 8 22 0 1 1331485582473.2258
a 8 23 0 1 2509731303544.6196
a 8 24 0 1 3578049674566.511
a 8 25 0 1 2806352637941.6753
a 8 26 0 1 1499748885296.6885
a 8 27 0 1 3960585079107.2495
a 8 28 0 1 1928683289505.6262
a 8 29 0 1 2899427623947.6113
a 8 30 0 1 2401042420592.085
a 8 31 0 1 4570978997724.929
a 8 32 0 1 1194654568689.7227
a 8 33 0 1 1887955496633.3198
a 8 34 0 1 2600565194745.6675
a 8 35 0 1 4419170978230.098
a 8 36 0 1 1348221522092.1118
a 8 37 0 1 2773568376888.469
a 8 38 0 1 2677245733748.6987
a 8 39 0 1 3674001981647.055
a 8 40 0 1 5232027714389.709
a 8 41 0 1 3044553079557.2495
a 8 42 0 1 5326105598706.716
a 8 43 0 1 2913391120060.65
a 8 44 0 1 1301209316210.086
a 8 45 0 1 4246410538467.8076
a 8 46 0 1 3376394566660.164
a 8 47 0 1 3611719552084.7314
a 8 48 0 1 2470883181895.99
a 8 49 0 1 1639699857594.1597
a 8 50 0 1 1667705317263.8374
a 8 51 0 1 2808066487604.4653
a 8 52 0 1 4054743998039.335
a 8 53 0 1 4373884944959.7
a 8 54 0 1 1410432968971.7478
a 8 55 0 1 3499616419338.6196
a 8 56 0 1 5238477835862.0625
a 8 57 0 1 4312393230013.1685
a 8 58 0 1 5056518566933.411
a 8 59 0 1 3683428943509.9185
a 8 60 0 1 2423585663025.9927
a 8 61 0 1 4132388798957.086
a 8 62 0 1 4602798737816.851
a 8 63 0 1 4306903408637.009
a 8 64 0 1 4855381691636.424
a 8 65 0 1 1759980363978.992
a 8 66 0 1 3859695673867.48
a 8 67 0 1 1591678215527.3047
a 8 68 0 1 2705000756989.9233
a 8 69 0 1 2168923080463.913
a 8 70 0 1 3075980403544.282
a 8 71 0 1 5147313124681.194
a 8 72 0 1 3401330939753.6836
a 8 73 0 1 1797367348160.249
a 8 74 0 1 3784156536954.592
a 8 75 0 1 5724609801719.592
a 8 76 0 1 5307847834894.647
a 8 77 0 1 4892246502105.505
a 8 78 0 1 1962054885431.4797
a 8 79 0 1 4825276768969.905
a 8 80 0 1 3459308301949.9893
a 9 15 0 1 20267761307284.746
a 9 16 0 1 9906313570811.178
a 9 17 0 1 8200602437759.215
a 9 18 0 1 18818532934843.79
a 9 19 0 1 29214072778555.035
a 9 20 0 1 9787640324799.6
a 9 21 0 1 28825335794057.03
a 9 22 0 1 7484712086032.862
a 9 23 0 1 14116870180629.242
a 9 24 0 1 20137473485695.61
a 9 25 0 1 15787817790612.58
a 9 26 0 1 8431329894503.032
a 9 27 0 1 22294956291615.402
a 9 28 0 1 10845202260189.627
a 9 29 0 1 16312243186739.09
a 9 30 0 1 13504728871763.844
a 9 31 0 1 25739378233332.504
a 9 32 0 1 6715051500475.252
a 9 33 0 1 10615955016468.584
a 9 34 0 1 14628505708818.86
a 9 35 0 1 24882523257838.28
a 9 36 0 1 7578857748333.525
a 9 37 0 1 15603109252497.896
a 9 38 0 1 15060458948922.527
a 9 39 0 1 20678557423038.406
a 9 40 0 1 29472179790401.0
a 9 41 0 1 17130047755794.734
a 9 42 0 1 30003632281856.406
a 9 43 0 1 16390924157109.73
a 9 44 0 1 7314401494084.781
a 9 45 0 1 23907575045312.07
a 9 46 0 1 19000502390144.883
a 9 47 0 1 20327334724405.74
a 9 48 0 1 13898067437383.08
a 9 49 0 1 9218797097306.643
a 9 50 0 1 9376390530223.1
a 9 51 0 1 15797473902483.576
a 9 52 0 1 22826143702134.61
a 9 53 0 1 24626940752382.227
a 9 54 0 1 7928834161097.657
a 9 55 0 1 19695222292996.82
a 9 56 0 1 29508615264889.84
a 9 57 0 1 24279917436123.266
a 9 58 0 1 28480859485223.816
a 9 59 0 1 20731719925279.37
a 9 60 0 1 13631687725448.195
a 9 61 0 1 23264208709486.31
a 9 62 0 1 25918997070023.9
a 9 63 0 1 24248937200724.234
a 9 64 0 1 27345016191743.31
a 9 65 0 1 9895677606383.416
a 9 66 0 1 21725858880751.44
a 9 67 0 1 8948578753552.943
a 9 68 0 1 15216815963030.33
a 9 69 0 1 12197658505999.473
a 9 70 0 1 17307162313154.275
a 9 71 0 1 28993666991519.17
a 9 72 0 1 19141085291416.754
a 9 73 0 1 10106091143371.09
a 9 74 0 1 21299797539711.8
a 9 75 0 1 32255403890875.793
a 9 76 0 1 29900488722446.695
a 9 77 0 1 27553177761960.074
a 9 78 0 1 11033050605394.344
a 9 79 0 1 27175031228021.53
a 9 80 0 1 19467956669414.78
a 10 15 0 1 21860778542885.133
a 10 16 0 1 10683933933061.168
a 10 17 0 1 8844192448599.729
a 10 18 0 1 20297376490062.375
a 10 19 0 1 31512812626848.016
a 10 20 0 1 10555933813729.246
a 10 21 0 1 31093377829492.36
a 10 22 0 1 8072066205179.296
a 10 23 0 1 15225588321332.174
a 10 24 0 1 21720224653309.832
a 10 25 0 1 17028027158923.977
a 10 26 0 1 9093046549284.91
a 10 27 0 1 24047749774463.117
a 10 28 0 1 11696622288888.646
a 10 29 0 1 17593732210741.387
a 10 30 0 1 14565289671941.676
a 10 31 0 1 27763833282681.535
a 10 32 0 1 7241957024539.271
a 10 33 0 1 11449353887567.664
a 10 34 0 1 15777479987798.549
a 10 35 0 1 26839376431331.12
a 10 36 0 1 8173606793979.712
a 10 37 0 1 16828780740982.402
a 10 38 0 1 16243423844626.006
a 10 39 0 1 22303945637186.504
a 10 40 0 1 31791303491373.98
a 10 41 0 1 18475920234871.723
a 10 42 0 1 32364731254192.832
a 10 43 0 1 17678606944170.344
a 10 44 0 1 7888378544953.108
a 10 45 0 1 25787526834693.66
a 10 46 0 1 20493679678381.914
a 10 47 0 1 21925046175970.688
a 10 48 0 1 14989571459764.045
a 10 49 0 1 9942387369885.805
a 10 50 0 1 10112364836263.191
a 10 51 0 1 17038443294040.738
a 10 52 0 1 24620816779207.0
a 10 53 0 1 26563632439959.125
a 10 54 0 1 8551074569760.526
a 10 55 0 1 21243128623091.348
a 10 56 0 1 31830616541770.168
a 10 57 0 1 26189236428445.883
a 10 58 0 1 30721701365835.746
a 10 59 0 1 22361297617669.023
a 10 60 0 1 14702235814965.496
a 10 61 0 1 25093423632143.86
a 10 62 0 1 27957625035444.74
a 10 63 0 1 26155812631800.46
a 10 64 0 1 29496187368877.6
a 10 65 0 1 10672462046240.24
a 10 66 0 1 23433790020737.363
a 10 67 0 1 9650935811143.572
a 10 68 0 1 16412085569420.72
a 10 69 0 1 13155416192579.871
a 10 70 0 1 18666980246513.473
a 10 71 0 1 31275001454292.516
a 10 72 0 1 20645336737659.652
a 10 73 0 1 10899413223225.557
a 10 74 0 1 22974146120416.594
a 10 75 0 1 34794414176003.85
a 10 76 0 1 32253440759128.84
a 10 77 0 1 29720780645508.18
a 10 78 0 1 11899238183406.822
a 10 79 0 1 29312784886166.08
a 10 80 0 1 20997958298777.727
a 11 15 0 1 13037708759212.959
a 11 16 0 1 6375178295854.8125
a 11 17 0 1 5277842473348.726
a 11 18 0 1 12106179555292.605
a 11 19 0 1 18785723925524.85
a 11 20 0 1 6298837164694.886
a 11 21 0 1 18536047955577.09
a 11 22 0 1 4817242653067.479
a 11 23 0 1 9083299211503.127
a 11 24 0 1 12953967418287.941
a 11 25 0 1 10157749728294.645
a 11 26 0 1 5426285450119.957
a 11 27 0 1 14340554713316.041
a 11 28 0 1 6979128334341.152
a 11 29 0 1 10494934624172.014
a 11 30 0 1 8689643985590.844
a 11 31 0 1 16553731556150.47
a 11 32 0 1 4322017165777.4434
a 11 33 0 1 6831666928249.186
a 11 34 0 1 9412306085688.977
a 11 35 0 1 16003227095707.326
a 11 36 0 1 4877816988130.776
a 11 37 0 1 10038985943994.05
a 11 38 0 1 9690062548171.846
a 11 39 0 1 13301738440242.908
a 11 40 0 1 18951495139272.867
a 11 41 0 1 11020721773379.72
a 11 42 0 1 19292813489961.086
a 11 43 0 1 10545522138210.25
a 11 44 0 1 4707661790669.132
a 11 45 0 1 15376803929119.527
a 11 46 0 1 12223151248331.246
a 11 47 0 1 13075998745292.57
a 11 48 0 1 8942594034610.545
a 11 49 0 1 5932896541904.18
a 11 50 0 1 6034279155154.962
a 11 51 0 1 10163958359673.305
a 11 52 0 1 14681904477814.264
a 11 53 0 1 15839015232739.074
a 11 54 0 1 5102991483047.553
a 11 55 0 1 12669707695666.775
a 11 56 0 1 18974895819146.47
a 11 57 0 1 15616047081942.574
a 11 58 0 1 18314792821362.906
a 11 59 0 1 13335906754158.312
a 11 60 0 1 8771290187081.472
a 11 61 0 1 14963401028037.438
a 11 62 0 1 16669126523739.203
a 11 63 0 1 15596141464831.363
a 11 64 0 1 17585202791004.785
a 11 65 0 1 6368336332901.846
a 11 66 0 1 13974826803212.23
a 11 67 0 1 5759057298681.179
a 11 68 0 1 9790601488564.488
a 11 69 0 1 7849028183821.373
a 11 70 0 1 11134588524429.451
a 11 71 0 1 18644163823577.652
a 11 72 0 1 12313518072940.371
a 11 73 0 1 6503691224618.711
a 11 74 0 1 13701009174511.44
a 11 75 0 1 20738818300554.2
a 11 76 0 1 19226572068430.797
a 11 77 0 1 17718917017861.992
a 11 78 0 1 7099958169038.903
a 11 79 0 1 17476009908392.74
a 11 80 0 1 12523627270994.252
a 12 15 0 1 9216540604462.283
a 12 16 0 1 4507716804818.042
a 12 17 0 1 3731958323405.7217
a 12 18 0 1 8558298490228.47
a 12 19 0 1 13277317081540.764
a 12 20 0 1 4453749515419.028
a 12 21 0 1 13100962310545.512
a 12 22 0 1 3406321457519.683
a 12 23 0 1 6421969457216.054
a 12 24 0 1 9157368547768.43
a 12 25 0 1 7181354739188.416
a 12 26 0 1 3836903029030.892
a 12 27 0 1 10137095051296.85
a 12 28 0 1 4934653082014.394
a 12 29 0 1 7419654260931.802
a 12 30 0 1 6143733469827.85
a 12 31 0 1 11700678038165.867
a 12 32 0 1 3056193497788.7896
a 12 33 0 1 4830413244324.838
a 12 34 0 1 6654506239071.08
a 12 35 0 1 11311775068681.58
a 12 36 0 1 3449147142506.914
a 12 37 0 1 7097419221832.38
a 12 38 0 1 6850816030775.51
a 12 39 0 1 9403103126063.02
a 12 40 0 1 13394405377264.932
a 12 41 0 1 7791234295857.349
a 12 42 0 1 13635482810907.824
a 12 43 0 1 7455405632705.819
a 12 44 0 1 3328848012280.1987
a 12 45 0 1 10869221852520.752
a 12 46 0 1 8640955923326.991
a 12 47 0 1 9243596391517.457
a 12 48 0 1 6322519718030.23
a 12 49 0 1 4195053869864.6475
a 12 50 0 1 4266725264244.0776
a 12 51 0 1 7185742629748.872
a 12 52 0 1 10378269833549.664
a 12 53 0 1 11195765066424.678
a 12 54 0 1 3608342600798.7593
a 12 55 0 1 8956506687691.56
a 12 56 0 1 13410933748738.633
a 12 57 0 1 11038243717738.2
a 12 58 0 1 12944679670324.18
a 12 59 0 1 9427246103350.998
a 12 60 0 1 6201441711072.11
a 12 61 0 1 10577152175292.646
a 12 62 0 1 11782196788338.988
a 12 63 0 1 11024180788222.12
a 12 64 0 1 12429320232763.771
a 12 65 0 1 4502880076264.561
a 12 66 0 1 9878690138197.66
a 12 67 0 1 4072158865924.3613
a 12 68 0 1 6921872978324.048
a 12 69 0 1 5549560455931.214
a 12 70 0 1 7871703545695.536
a 12 71 0 1 13177328652092.613
a 12 72 0 1 8704812718583.022
a 12 73 0 1 4598564901686.362
a 12 74 0 1 9685220218664.17
a 12 75 0 1 14656752426501.982
a 12 76 0 1 13588696098908.354
a 12 77 0 1 12523773657296.293
a 12 78 0 1 5020066402417.09
a 12 79 0 1 12352187629698.281
a 12 80 0 1 8853282734421.613
a 13 15 0 1 14213489477769.023
a 13 16 0 1 6949630735053.44
a 13 17 0 1 5753351034207.627
a 13 18 0 1 13197824389550.678
a 13 19 0 1 20481101947748.08
a 13 20 0 1 6866405243223.21
a 13 21 0 1 20208840698518.684
a 13 22 0 1 5251228262464.518
a 13 23 0 1 9902052437054.986
a 13 24 0 1 14122183799009.227
a 13 25 0 1 11073475638478.213
a 13 26 0 1 5915177128867.757
a 13 27 0 1 15634041721286.574
a 13 28 0 1 7608048985642.616
a 13 29 0 1 11441097970217.129
a 13 30 0 1 9472875081895.988
a 13 31 0 1 18047257441854.793
a 13 32 0 1 4711363684395.511
a 13 33 0 1 7447287771902.075
a 13 34 0 1 10260750482820.443
a 13 35 0 1 17446985028552.783
a 13 36 0 1 5317263083584.064
a 13 37 0 1 10943991747100.863
a 13 38 0 1 10563574940974.75
a 13 39 0 1 14501369945936.291
a 13 40 0 1 20661869336096.543
a 13 41 0 1 12014352685372.992
a 13 42 0 1 21034066361862.094
a 13 43 0 1 11496252204710.8
a 13 44 0 1 5131769421344.928
a 13 45 0 1 16763938900549.865
a 13 46 0 1 13325359906602.559
a 13 47 0 1 14255238243276.098
a 13 48 0 1 9748650093094.678
a 13 49 0 1 6467466322530.626
a 13 50 0 1 6577990699174.842
a 13 51 0 1 11080244695222.629
a 13 52 0 1 16006237271979.037
a 13 53 0 1 17267929044228.408
a 13 54 0 1 5562736708255.631
a 13 55 0 1 13812248141129.338
a 13 56 0 1 20687386963825.43
a 13 57 0 1 17024806409085.053
a 13 58 0 1 19967572370531.81
a 13 59 0 1 14538624926792.18
a 13 60 0 1 9561888474649.7
a 13 61 0 1 16313173011667.387
a 13 62 0 1 18173085479149.68
a 13 63 0 1 17003101542999.422
a 13 64 0 1 19171996600069.645
a 13 65 0 1 6942171765895.246
a 13 66 0 1 15235268047541.615
a 13 67 0 1 6277952376477.137
a 13 68 0 1 10673188123514.117
a 13 69 0 1 8556416675881.409
a 13 70 0 1 12138500044289.035
a 13 71 0 1 20326736377039.223
a 13 72 0 1 13423888056848.625
a 13 73 0 1 7089733118768.512
a 13 74 0 1 14936711300020.713
a 13 75 0 1 22610918908080.06
a 13 76 0 1 20961831948841.05
a 13 77 0 1 19317803333438.73
a 13 78 0 1 7739777045969.301
a 13 79 0 1 19052929110918.527
a 13 80 0 1 13652973624511.262
a 14 15 0 1 21110679672739.95
a 14 16 0 1 10317796537769.209
a 14 17 0 1 8541164830564.068
a 14 18 0 1 19601043054556.43
a 14 19 0 1 30430365899485.355
a 14 20 0 1 10194188120490.316
a 14 21 0 1 30025388300506.77
a 14 22 0 1 7795517615400.876
a 14 23 0 1 14703545200884.762
a 14 24 0 1 20974960199459.145
a 14 25 0 1 16444066338566.457
a 14 26 0 1 8781483846679.796
a 14 27 0 1 23222409546576.973
a 14 28 0 1 11295735007246.768
a 14 29 0 1 16990333072861.934
a 14 30 0 1 14065923038602.102
a 14 31 0 1 26810559631441.562
a 14 32 0 1 6993870838951.564
a 14 33 0 1 11056952217534.943
a 14 34 0 1 15236480822284.129
a 14 35 0 1 25917938887835.316
a 14 36 0 1 7893576266257.005
a 14 37 0 1 16251665689045.244
a 14 38 0 1 15686418906967.797
a 14 39 0 1 21538602839879.438
a 14 40 0 1 30699256916617.926
a 14 41 0 1 17842203157626.89
a 14 42 0 1 31252916202091.37
a 14 43 0 1 17072291195695.967
a 14 44 0 1 7618128606375.96
a 14 45 0 1 24902304546623.195
a 14 46 0 1 19790596397410.605
a 14 47 0 1 21172736740410.52
a 14 48 0 1 14475634195324.121
a 14 49 0 1 9601690805766.441
a 14 50 0 1 9765837089795.273
a 14 51 0 1 16454124584634.646
a 14 52 0 1 23775754494435.355
a 14 53 0 1 25651689600545.97
a 14 54 0 1 8258099569435.816
a 14 55 0 1 20514272982005.145
a 14 56 0 1 30737214760560.63
a 14 57 0 1 25290184250463.355
a 14 58 0 1 29666521760775.35
a 14 59 0 1 21593981934577.82
a 14 60 0 1 14198166344865.22
a 14 61 0 1 24232094728095.93
a 14 62 0 1 26997676824884.332
a 14 63 0 1 25257911201423.582
a 14 64 0 1 28483237917304.95
a 14 65 0 1 10306718258094.686
a 14 66 0 1 22629576382530.715
a 14 67 0 1 9320237160490.113
a 14 68 0 1 15849286475316.932
a 14 69 0 1 12704457382782.332
a 14 70 0 1 18026696273252.184
a 14 71 0 1 30200751835830.74
a 14 72 0 1 19937038557624.812
a 14 73 0 1 10525882420925.234
a 14 74 0 1 22185747116821.395
a 14 75 0 1 33598809722530.05
a 14 76 0 1 31145462557618.82
a 14 77 0 1 28700092764755.332
a 14 78 0 1 11491397300836.648
a 14 79 0 1 28306154335935.21
a 14 80 0 1 20277534148804.613
a 15 1 0 1 0
a 16 1 0 1 0
a 17 1 0 1 0
a 18 1 0 1 0
a 19 1 0 1 0
a 20 1 0 1 0
a 21 1 0 1 0
a 22 1 0 1 0
a 23 1 0 1 0
a 24 1 0 1 0
a 25 1 0 1 0
a 26 1 0 1 0
a 27 1 0 1 0
a 28 1 0 1 0
a 29 1 0 1 0
a 30 1 0 1 0
a 31 1 0 1 0
a 32 1 0 1 0
a 33 1 0 1 0
a 34 1 0 1 0
a 35 1 0 1 0
a 36 1 0 1 0
a 37 1 0 1 0
a 38 1 0 1 0
a 39 1 0 1 0
a 40 1 0 1 0
a 41 1 0 1 0
a 42 1 0 1 0
a 43 1 0 1 0
a 44 1 0 1 0
a 45 1 0 1 0
a 46 1 0 1 0
a 47 1 0 1 0
a 48 1 0 1 0
a 49 1 0 1 0
a 50 1 0 1 0
a 51 1 0 1 0
a 52 1 0 1 0
a 53 1 0 1 0
a 54 1 0 1 0
a 55 1 0 1 0
a 56 1 0 1 0
a 57 1 0 1 0
a 58 1 0 1 0
a 59 1 0 1 0
a 60 1 0 1 0
a 61 1 0 1 0
a 62 1 0 1 0
a 63 1 0 1 0
a 64 1 0 1 0
a 65 1 0 1 0
a 66 1 0 1 0
a 67 1 0 1 0
a 68 1 0 1 0
a 69 1 0 1 0
a 70 1 0 1 0
a 71 1 0 1 0
a 72 1 0 1 0
a 73 1 0 1 0
a 74 1 0 1 0
a 75 1 0 1 0
a 76 1 0 1 0
a 77 1 0 1 0
a 78 1 0 1 0
a 79 1 0 1 0
a 80 1 0 1 0
