p min 81 1087
n 0 16
n 1 -16
a 0 2 0 1 0
a 0 3 0 1 0
a 0 4 0 1 0
a 0 5 0 1 0
a 0 6 0 1 0
a 0 7 0 1 0
a 0 8 0 1 0
a 0 9 0 1 0
a 0 10 0 1 0
a 0 11 0 1 0
a 0 12 0 1 0
a 0 13 0 1 0
a 0 14 0 1 0
a 0 15 0 1 0
a 0 16 0 1 0
a 0 17 0 1 0
a 2 18 0 1 17089721408077.383
a 2 19 0 1 14663217949881.535
a 2 20 0 1 9037421053960.934
a 2 21 0 1 16979061830598.938
a 2 22 0 1 6871767332579.391
a 2 23 0 1 28522814333386.848
a 2 24 0 1 18676411476245.71
a 2 25 0 1 14048971732584.963
a 2 26 0 1 11946878081660.033
a 2 27 0 1 17702929437475.85
a 2 28 0 1 31629509258402.47
a 2 29 0 1 7127091569525.427
a 2 30 0 1 24797151619256.82
a 2 31 0 1 8523395025765.092
a 2 32 0 1 31129159091699.6
a 2 33 0 1 7667476204801.23
a 2 34 0 1 28552325788845.746
a 2 35 0 1 30242780365802.89
a 2 36 0 1 18342649250635.24
a 2 37 0 1 11432852041198.883
a 2 38 0 1 20398062208820.125
a 2 39 0 1 14427514731517.143
a 2 40 0 1 26186214235031.97
a 2 41 0 1 22367539448426.6
a 2 42 0 1 19757004049725.7
a 2 43 0 1 28700869737386.367
a 2 44 0 1 24915211566812.938
a 2 45 0 1 18893154569061.066
a 2 46 0 1 12617382341743.264
a 2 47 0 1 21951571057535.4
a 2 48 0 1 9223008661408.334
a 2 49 0 1 24553042449438.89
a 2 50 0 1 27375611793969.52
a 2 51 0 1 9232623325661.807
a 2 52 0 1 27721706348518.996
a 2 53 0 1 20511614803366.027
a 2 54 0 1 31076944470425.598
a 2 55 0 1 20577407543576.793
a 2 56 0 1 25743162823631.508
a 2 57 0 1 10682430404263.156
a 2 58 0 1 31677696645409.62
a 2 59 0 1 21446083450084.594
a 2 60 0 1 6673681897525.479
a 2 61 0 1 21830295015900.86
a 2 62 0 1 14747395369962.81
a 2 63 0 1 30160896023318.766
a 2 64 0 1 16688744190212.332
a 2 65 0 1 17015229268213.408
a 2 66 0 1 32571138971463.71
a 2 67 0 1 19416995705252.516
a 2 68 0 1 10006699185444.771
a 2 69 0 1 32450745899086.508
a 2 70 0 1 7412724431649.204
a 2 71 0 1 9015616111792.076
a 2 72 0 1 7711673047252.267
a 2 73 0 1 28077107175665.312
a 2 74 0 1 31533510460557.004
a 2 75 0 1 31333065980674.426
a 2 76 0 1 21903438904937.094
a 2 77 0 1 22671046524400.254
a 2 78 0 1 26614674063583.45
a 2 79 0 1 20786787198078.555
a 2 80 0 1 22627009653135.234
a 3 18 0 1 18456105260315.09
a 3 19 0 1 15835240347045.094
a 3 20 0 1 9759271471833.55
a 3 21 0 1 18336579364991.496
a 3 22 0 1 7420491603781.052
a 3 23 0 1 30806562085027.023
a 3 24 0 1 20169951681323.06
a 3 25 0 1 15171811981127.3
a 3 26 0 1 12901462398945.688
a 3 27 0 1 19118449449936.29
a 3 28 0 1 34162981852948.316
a 3 29 0 1 7696222059229.763
a 3 30 0 1 26781674550645.4
a 3 31 0 1 9204144865037.896
a 3 32 0 1 33622399098017.766
a 3 33 0 1 8279800000685.507
a 3 34 0 1 30838444846121.137
a 3 35 0 1 32664759958819.645
a 3 36 0 1 19809437791374.105
a 3 37 0 1 12346306031349.723
a 3 38 0 1 22029631206137.812
a 3 39 0 1 15580663693147.377
a 3 40 0 1 28282266646159.2
a 3 41 0 1 24157078569958.676
a 3 42 0 1 21337170998575.883
a 3 43 0 1 30998924868223.39
a 3 44 0 1 26909212172599.055
a 3 45 0 1 20404068326259.598
a 3 46 0 1 13625625656033.625
a 3 47 0 1 23707739255561.844
a 3 48 0 1 9959699614905.361
a 3 49 0 1 26517969547801.934
a 3 50 0 1 29567192971899.883
a 3 51 0 1 9970083135618.256
a 3 52 0 1 29941090089521.594
a 3 53 0 1 22152289657397.203
a 3 54 0 1 33565986246956.08
a 3 55 0 1 22223358478086.867
a 3 56 0 1 27803637927539.688
a 3 57 0 1 11535848068016.764
a 3 58 0 1 34215044197357.95
a 3 59 0 1 23161703722645.242
a 3 60 0 1 7206575525867.179
a 3 61 0 1 23576734534536.934
a 3 62 0 1 15926158363699.898
a 3 63 0 1 32576293317838.83
a 3 64 0 1 18023001920179.277
a 3 65 0 1 18375644599926.363
a 3 66 0 1 35180340523003.75
a 3 67 0 1 20969903047522.234
a 3 68 0 1 10806065600172.725
a 3 69 0 1 35050264054860.63
a 3 70 0 1 8004685024378.079
a 3 71 0 1 9735722939770.22
a 3 72 0 1 8327529783154.029
a 3 73 0 1 30325043564926.062
a 3 74 0 1 34059263512629.516
a 3 75 0 1 33842701303609.44
a 3 76 0 1 23655745940163.273
a 3 77 0 1 24484936577251.023
a 3 78 0 1 28745135798201.99
a 3 79 0 1 22449529372912.145
a 3 80 0 1 24437366432738.47
a 4 18 0 1 8773416715633.913
a 4 19 0 1 7528736566952.786
a 4 20 0 1 4641669030091.484
a 4 21 0 1 8716661019350.51
a 4 22 0 1 3529805418147.131
a 4 23 0 1 14633488389921.066
a 4 24 0 1 9587129631241.895
a 4 25 0 1 7213603931068.246
a 4 26 0 1 6134982403031.713
a 4 27 0 1 9087909474647.797
a 4 28 0 1 16224536395393.057
a 4 29 0 1 3660904913182.5215
a 4 30 0 1 12724712939673.742
a 4 31 0 1 4377788452301.3843
a 4 32 0 1 15968326946462.94
a 4 33 0 1 3938359948522.2197
a 4 34 0 1 14648604858999.053
a 4 35 0 1 15514412245909.396
a 4 36 0 1 9415976137537.344
a 4 37 0 1 5871187848255.675
a 4 38 0 1 10469891498803.121
a 4 39 0 1 7407814047538.011
a 4 40 0 1 13436467238527.951
a 4 41 0 1 11479515213083.836
a 4 42 0 1 10141214269004.527
a 4 43 0 1 14724691840049.945
a 4 44 0 1 12785211055302.46
a 4 45 0 1 9698272202962.59
a 4 46 0 1 6479057637441.248
a 4 47 0 1 11266293686285.775
a 4 48 0 1 4736938613358.843
a 4 49 0 1 12599620176905.164
a 4 50 0 1 14045825145362.64
a 4 51 0 1 4741874153244.147
a 4 52 0 1 14223122694150.908
a 4 53 0 1 10528108638170.957
a 4 54 0 1 15941589082674.012
a 4 55 0 1 10561839497440.627
a 4 56 0 1 13209460193396.713
a 4 57 0 1 5486049441627.35
a 4 58 0 1 16249210482164.691
a 4 59 0 1 11007172044170.75
a 4 60 0 1 3428093334847.86
a 4 61 0 1 11204126841636.557
a 4 62 0 1 7571921226184.289
a 4 63 0 1 15472476979118.049
a 4 64 0 1 8567757953523.507
a 4 65 0 1 8735210852331.496
a 4 66 0 1 16706668516271.906
a 4 67 0 1 9966878836313.637
a 4 68 0 1 5139216631585.256
a 4 69 0 1 16645027843264.7
a 4 70 0 1 3807562315379.6064
a 4 71 0 1 4630475546211.873
a 4 72 0 1 3961051627972.2856
a 4 73 0 1 14405180495005.225
a 4 74 0 1 16175380340214.707
a 4 75 0 1 16072741304919.602
a 4 76 0 1 11241620950172.586
a 4 77 0 1 11635083835152.723
a 4 78 0 1 13655987227256.15
a 4 79 0 1 10669183356394.807
a 4 80 0 1 11612512184695.209
a 5 18 0 1 12085462387607.943
a 5 19 0 1 10370342741525.174
a 5 20 0 1 6392793635315.89
a 5 21 0 1 12007251256803.771
a 5 22 0 1 4861231499005.521
a 5 23 0 1 20162906256528.97
a 5 24 0 1 13206826810435.984
a 5 25 0 1 9936131996827.006
a 5 26 0 1 8450025478998.437
a 5 27 0 1 12518850282895.01
a 5 28 0 1 22356697696551.348
a 5 29 0 1 5041809820867.355
a 5 30 0 1 17531422938261.537
a 5 31 0 1 6029291861056.69
a 5 32 0 1 22003406771678.703
a 5 33 0 1 5423987144527.633
a 5 34 0 1 20183747928941.395
a 5 35 0 1 21377516596320.41
a 5 36 0 1 12970956390713.059
a 5 37 0 1 8086595016801.347
a 5 38 0 1 14423436310916.361
a 5 39 0 1 10203726228852.125
a 5 40 0 1 18512613175951.59
a 5 41 0 1 15814999624540.312
a 5 42 0 1 13970447229606.734
a 5 43 0 1 20288652469284.61
a 5 44 0 1 17614820363156.945
a 5 45 0 1 13359996732039.447
a 5 46 0 1 8924071378722.3
a 5 47 0 1 15521106422272.299
a 5 48 0 1 6524031801632.584
a 5 49 0 1 17358982362094.852
a 5 50 0 1 19352693046338.945
a 5 51 0 1 6530830760999.409
a 5 52 0 1 19597129375117.035
a 5 53 0 1 14503673608739.738
a 5 54 0 1 21966537998605.934
a 5 55 0 1 14550163076744.05
a 5 56 0 1 18199665572187.63
a 5 57 0 1 7556003777959.193
a 5 58 0 1 22390721569552.402
a 5 59 0 1 15163954292504.008
a 5 60 0 1 4721133236124.219
a 5 61 0 1 15435419980739.775
a 5 62 0 1 10429846370196.98
a 5 63 0 1 21319694490556.434
a 5 64 0 1 11802059995237.71
a 5 65 0 1 12032813466349.393
a 5 66 0 1 23021538085541.848
a 5 67 0 1 13730180150925.201
a 5 68 0 1 7078199978745.529
a 5 69 0 1 22936536570203.977
a 5 70 0 1 5243820264939.588
a 5 71 0 1 6377374175602.194
a 5 72 0 1 5455243951319.969
a 5 73 0 1 19848132493843.06
a 5 74 0 1 22288915086919.016
a 5 75 0 1 22147384291437.727
a 5 76 0 1 15487099188594.434
a 5 77 0 1 16029430576623.48
a 5 78 0 1 18815245155903.6
a 5 79 0 1 14698110376718.213
a 5 80 0 1 15998318335127.555
a 6 18 0 1 19470366532263.42
a 6 19 0 1 16705193966566.705
a 6 20 0 1 10295028876062.516
a 6 21 0 1 19344257412264.816
a 6 22 0 1 7827740633319.745
a 6 23 0 1 32502090950438.934
a 6 24 0 1 21278628887513.92
a 6 25 0 1 16005251088759.193
a 6 26 0 1 13609987988212.559
a 6 27 0 1 20169194654898.08
a 6 28 0 1 36044008844299.47
a 6 29 0 1 8118617787820.639
a 6 30 0 1 28254960688736.47
a 6 31 0 1 9709393252964.18
a 6 32 0 1 35473539661807.96
a 6 33 0 1 8734256757921.012
a 6 34 0 1 32535735053798.54
a 6 35 0 1 34462966529789.37
a 6 36 0 1 20898250993911.29
a 6 37 0 1 13024297671296.12
a 6 38 0 1 23240802785731.15
a 6 39 0 1 16436604942415.65
a 6 40 0 1 29838385760138.24
a 6 41 0 1 25485559083080.277
a 6 42 0 1 22510172916434.23
a 6 43 0 1 32705080896858.85
a 6 44 0 1 28389537237997.71
a 6 45 0 1 21525646088971.86
a 6 46 0 1 14373986869365.697
a 6 47 0 1 25011437833958.844
a 6 48 0 1 10506473292857.197
a 6 49 0 1 27976702238089.934
a 6 50 0 1 31194264275332.55
a 6 51 0 1 10517427544972.924
a 6 52 0 1 31588811733188.926
a 6 53 0 1 23370223062639.23
a 6 54 0 1 35414008220135.94
a 6 55 0 1 23445209805646.45
a 6 56 0 1 29333333362809.15
a 6 57 0 1 12169271403395.791
a 6 58 0 1 36098949692522.15
a 6 59 0 1 24435291023482.4
a 6 60 0 1 7602074203901.644
a 6 61 0 1 24873208457828.723
a 6 62 0 1 16801116489161.068
a 6 63 0 1 34369610471485.777
a 6 64 0 1 19013409716800.832
a 6 65 0 1 19385474253797.27
a 6 66 0 1 37117623419074.99
a 6 67 0 1 22122663096170.82
a 6 68 0 1 11399364605105.047
a 6 69 0 1 36980353462068.09
a 6 70 0 1 8444026749050.967
a 6 71 0 1 10270186064593.547
a 6 72 0 1 8784608954895.99
a 6 73 0 1 31993972914033.566
a 6 74 0 1 35934556071715.64
a 6 75 0 1 35706020927219.28
a 6 76 0 1 24956577161002.3
a 6 77 0 1 25831500802643.223
a 6 78 0 1 30326811474692.465
a 6 79 0 1 23683849628256.426
a 6 80 0 1 25781306735341.93
a 7 18 0 1 17916300800187.344
a 7 19 0 1 15372226712781.285
a 7 20 0 1 9474109595118.58
a 7 21 0 1 17800277969114.62
a 7 22 0 1 7203724594541.227
a 7 23 0 1 29904285623376.926
a 7 24 0 1 19579907527403.68
a 7 25 0 1 14728229533731.26
a 7 26 0 1 12524354536831.285
a 7 27 0 1 18559231313844.074
a 7 28 0 1 33162025226708.277
a 7 29 0 1 7471393496076.0205
a 7 30 0 1 25997633925878.53
a 7 31 0 1 8935220249584.516
a 7 32 0 1 32637340835348.785
a 7 33 0 1 8037907682737.244
a 7 34 0 1 29935231365962.137
a 7 35 0 1 31707860838104.715
a 7 36 0 1 19229963339969.566
a 7 37 0 1 11985447709731.066
a 7 38 0 1 21385050631755.13
a 7 39 0 1 15125106708035.121
a 7 40 0 1 27454156786077.05
a 7 41 0 1 23450081288424.797
a 7 42 0 1 20712899959573.145
a 7 43 0 1 30090994858561.992
a 7 44 0 1 26121426610655.3
a 7 45 0 1 19807159782913.16
a 7 46 0 1 13227318356384.053
a 7 47 0 1 23013927513025.535
a 7 48 0 1 9668674789267.725
a 7 49 0 1 25741671857848.055
a 7 50 0 1 28701335778862.113
a 7 51 0 1 9678754562786.47
a 7 52 0 1 29064246869407.42
a 7 53 0 1 21504111240052.15
a 7 54 0 1 32582586957272.293
a 7 55 0 1 21573095410320.09
a 7 56 0 1 26989585992053.832
a 7 57 0 1 11198708396636.064
a 7 58 0 1 33212556333045.836
a 7 59 0 1 22483913217886.082
a 7 60 0 1 6996062456267.411
a 7 61 0 1 22886766782007.75
a 7 62 0 1 15460481602562.195
a 7 63 0 1 31621995232741.234
a 7 64 0 1 17495890405436.426
a 7 65 0 1 17838198290664.258
a 7 66 0 1 34149458498818.04
a 7 67 0 1 20356402530862.047
a 7 68 0 1 10490279874994.207
a 7 69 0 1 34023208582840.902
a 7 70 0 1 7770837315391.859
a 7 71 0 1 9451249890396.045
a 7 72 0 1 8084241753144.8545
a 7 73 0 1 29436917881499.305
a 7 74 0 1 33061357358062.49
a 7 75 0 1 32851164256371.47
a 7 76 0 1 22963459818596.242
a 7 77 0 1 23768317702681.723
a 7 78 0 1 27903429461310.953
a 7 79 0 1 21792631849861.977
a 7 80 0 1 23722143634816.785
a 8 18 0 1 7692835195273.994
a 8 19 0 1 6601573128544.624
a 8 20 0 1 4070214387649.375
a 8 21 0 1 7643075990565.648
a 8 22 0 1 3095285583748.5957
a 8 23 0 1 12830081860907.355
a 8 24 0 1 8406229796291.863
a 8 25 0 1 6325277323961.303
a 8 26 0 1 5379566020315.898
a 8 27 0 1 7968557777246.96
a 8 28 0 1 14224730496360.176
a 8 29 0 1 3210240736409.2754
a 8 30 0 1 11156842930710.828
a 8 31 0 1 3838835574629.721
a 8 32 0 1 14000151867408.76
a 8 33 0 1 3453526961005.9067
a 8 34 0 1 12843332645952.152
a 8 35 0 1 13602272045198.672
a 8 36 0 1 8256178270242.869
a 8 37 0 1 5148272432524.118
a 8 38 0 1 9180142036138.295
a 8 39 0 1 6495553348536.2
a 8 40 0 1 11780779734619.969
a 8 41 0 1 10065249544998.113
a 8 42 0 1 8891994870270.828
a 8 43 0 1 12910028837958.639
a 8 44 0 1 11209877173229.979
a 8 45 0 1 8503668915456.657
a 8 46 0 1 5681246656961.622
a 8 47 0 1 9878326597736.346
a 8 48 0 1 4153749337485.4033
a 8 49 0 1 11047183029117.59
a 8 50 0 1 12314943968145.078
a 8 51 0 1 4158076946326.415
a 8 52 0 1 12470361580267.629
a 8 53 0 1 9231179984773.709
a 8 54 0 1 13976714882687.734
a 8 55 0 1 9260751200985.678
a 8 56 0 1 11581782587515.875
a 8 57 0 1 4810582126963.623
a 8 58 0 1 14246358310941.018
a 8 59 0 1 9651163296567.89
a 8 60 0 1 3006098614318.895
a 8 61 0 1 9823827150896.031
a 8 62 0 1 6639435533601.987
a 8 63 0 1 13565513345693.916
a 8 64 0 1 7512528393663.356
a 8 65 0 1 7659339123564.531
a 8 66 0 1 14647335653170.77
a 8 67 0 1 8739156112326.869
a 8 68 0 1 4506475105925.694
a 8 69 0 1 14593305835512.2
a 8 70 0 1 3338837400057.0127
a 8 71 0 1 4060399623125.8735
a 8 72 0 1 3473424057207.7866
a 8 73 0 1 12629951176418.377
a 8 74 0 1 14181643221343.656
a 8 75 0 1 14091675752087.383
a 8 76 0 1 9856696904901.111
a 8 77 0 1 10201629738360.574
a 8 78 0 1 11973212416015.998
a 8 79 0 1 9354857374767.096
a 8 80 0 1 10181842198950.715
a 9 18 0 1 19328241746281.543
a 9 19 0 1 16583292234707.424
a 9 20 0 1 10219958673212.324
a 9 21 0 1 19203055201917.76
a 9 22 0 1 7770677720006.107
a 9 23 0 1 32264486560832.953
a 9 24 0 1 21123272483943.438
a 9 25 0 1 15888466353258.488
a 9 26 0 1 13510707849404.994
a 9 27 0 1 20021956974729.37
a 9 28 0 1 35780404675076.31
a 9 29 0 1 8059432460811.164
a 9 30 0 1 28048505016546.953
a 9 31 0 1 9638598180208.645
a 9 32 0 1 35214124497169.03
a 9 33 0 1 8670578895338.047
a 9 34 0 1 32297883795509.953
a 9 35 0 1 34210970750428.836
a 9 36 0 1 20745678387821.98
a 9 37 0 1 12929296302715.92
a 9 38 0 1 23071082357689.34
a 9 39 0 1 16316666851957.738
a 9 40 0 1 29620320685102.508
a 9 41 0 1 25299398093459.77
a 9 42 0 1 22345801791269.29
a 9 43 0 1 32465987009085.13
a 9 44 0 1 28182095036847.883
a 9 45 0 1 21368481759172.234
a 9 46 0 1 14269124463166.967
a 9 47 0 1 24828750003999.324
a 9 48 0 1 10429859408741.145
a 9 49 0 1 27772286275420.387
a 9 50 0 1 30966254790096.95
a 9 51 0 1 10440733685684.367
a 9 52 0 1 31357907942395.184
a 9 53 0 1 23199554991556.22
a 9 54 0 1 35155030168552.477
a 9 55 0 1 23273992652713.82
a 9 56 0 1 29118971702270.85
a 9 57 0 1 12080515414831.477
a 9 58 0 1 35834942059058.2
a 9 59 0 1 24256823231522.277
a 9 60 0 1 7546657790625.226
a 9 61 0 1 24691533151768.6
a 9 62 0 1 16678513443150.992
a 9 63 0 1 34118300003420.855
a 9 64 0 1 18874627760298.625
a 9 65 0 1 19243970516608.027
a 9 66 0 1 36846134123672.97
a 9 67 0 1 21961128759652.723
a 9 68 0 1 11316231212977.844
a 9 69 0 1 36709872449141.43
a 9 70 0 1 8382466876385.32
a 9 71 0 1 10195297225469.277
a 9 72 0 1 8720563626533.143
a 9 73 0 1 31760096686305.055
a 9 74 0 1 35671755666020.36
a 9 75 0 1 35444898698466.49
a 9 76 0 1 24774291186807.82
a 9 77 0 1 25642805390783.453
a 9 78 0 1 30105164497521.96
a 9 79 0 1 23510884999877.992
a 9 80 0 1 25592979065367.395
a 10 18 0 1 15485337802868.088
a 10 19 0 1 13286983163128.076
a 10 20 0 1 8189700395131.991
a 10 21 0 1 15385085361068.393
a 10 22 0 1 6227333183704.855
a 10 23 0 1 25841893861855.914
a 10 24 0 1 16922778950314.006
a 10 25 0 1 12730472328881.777
a 10 26 0 1 10825906634707.861
a 10 27 0 1 16040871465956.86
a 10 28 0 1 28655619441569.895
a 10 29 0 1 6458695312063.43
a 10 30 0 1 22467320531205.285
a 10 31 0 1 7723933496027.72
a 10 32 0 1 28202466410361.223
a 10 33 0 1 6948360789578.416
a 10 34 0 1 25868623203822.83
a 10 35 0 1 27399686114214.152
a 10 36 0 1 16620415523241.463
a 10 37 0 1 10360169027267.047
a 10 38 0 1 18482430060321.035
a 10 39 0 1 13073435478726.771
a 10 40 0 1 23725516144617.688
a 10 41 0 1 20266516958193.375
a 10 42 0 1 17901699400995.8
a 10 43 0 1 26003163309108.035
a 10 44 0 1 22574259235186.77
a 10 45 0 1 17119130689818.48
a 10 46 0 1 11433414862674.102
a 10 47 0 1 19889710744619.594
a 10 48 0 1 8357862912217.714
a 10 49 0 1 22246205569507.957
a 10 50 0 1 24802827502693.348
a 10 51 0 1 8366574823279.96
a 10 52 0 1 25116301647605.59
a 10 53 0 1 18585295819087.363
a 10 54 0 1 28155176817067.766
a 10 55 0 1 18644896456293.45
a 10 56 0 1 23324209813308.832
a 10 57 0 1 9680233908143.271
a 10 58 0 1 28699261138642.848
a 10 59 0 1 19431808707276.812
a 10 60 0 1 6047837132274.897
a 10 61 0 1 19779851839115.605
a 10 62 0 1 13363247844764.299
a 10 63 0 1 27325523878716.863
a 10 64 0 1 15122069909822.818
a 10 65 0 1 15417851407547.582
a 10 66 0 1 29508413553716.83
a 10 67 0 1 17593684650770.125
a 10 68 0 1 9067964152625.377
a 10 69 0 1 29399379624550.996
a 10 70 0 1 6717520096694.613
a 10 71 0 1 8169942706401.104
a 10 72 0 1 6988409173342.83
a 10 73 0 1 25438202471647.742
a 10 74 0 1 28568676420259.75
a 10 75 0 1 28387139722060.23
a 10 76 0 1 19846109870606.71
a 10 77 0 1 20541447608478.62
a 10 78 0 1 24113602068476.254
a 10 79 0 1 18834569717779.984
a 10 80 0 1 20501557099956.684
a 11 18 0 1 9035515726237.992
a 11 19 0 1 7753618523311.47
a 11 20 0 1 4780267354052.268
a 11 21 0 1 8977062744619.164
a 11 22 0 1 3635190056875.6025
a 11 23 0 1 15070956494649.2
a 11 24 0 1 9873565327819.688
a 11 25 0 1 7429064881206.364
a 11 26 0 1 6318202893677.726
a 11 27 0 1 9359413839795.908
a 11 28 0 1 16709660445678.637
a 11 29 0 1 3770205311885.4277
a 11 30 0 1 13105032073044.627
a 11 31 0 1 4508503320423.943
a 11 32 0 1 16445775655590.533
a 11 33 0 1 4055947945528.9087
a 11 34 0 1 15086525655924.363
a 11 35 0 1 15978264044985.662
a 11 36 0 1 9697292551736.883
a 11 37 0 1 6046524661635.077
a 11 38 0 1 10782734322417.3
a 11 39 0 1 7629080897393.795
a 11 40 0 1 13838093358355.418
a 11 41 0 1 11822566913849.977
a 11 42 0 1 10444224325799.611
a 11 43 0 1 15164891234900.266
a 11 44 0 1 13167341112739.773
a 11 45 0 1 9988032337983.764
a 11 46 0 1 6672561788500.31
a 11 47 0 1 11602964998903.213
a 11 48 0 1 4878383245836.236
a 11 49 0 1 12976194920766.004
a 11 50 0 1 14465695784052.348
a 11 51 0 1 4883466243447.367
a 11 52 0 1 14648302216466.887
a 11 53 0 1 10842693176044.545
a 11 54 0 1 16418236824693.627
a 11 55 0 1 10877433191031.24
a 11 56 0 1 13604290268486.38
a 11 57 0 1 5649877020907.214
a 11 58 0 1 16735073725881.457
a 11 59 0 1 11336089899225.113
a 11 60 0 1 3530440058665.335
a 11 61 0 1 11538937949740.107
a 11 62 0 1 7798094258688.055
a 11 63 0 1 15935072690817.588
a 11 64 0 1 8823706824826.002
a 11 65 0 1 8996167309881.826
a 11 66 0 1 17206237203666.36
a 11 67 0 1 10264673754170.95
a 11 68 0 1 5292680576634.814
a 11 69 0 1 17142749689285.555
a 11 70 0 1 3921243311416.038
a 11 71 0 1 4768739453822.232
a 11 72 0 1 4079317450906.296
a 11 73 0 1 14835811671166.988
a 11 74 0 1 16659031772069.621
a 11 75 0 1 16553317929122.326
a 11 76 0 1 11577553982772.861
a 11 77 0 1 11982790936400.725
a 11 78 0 1 14064185595340.95
a 11 79 0 1 10987988604137.285
a 11 80 0 1 11959543817276.92
a 12 18 0 1 9482038245898.428
a 12 19 0 1 8136732119415.458
a 12 20 0 1 5016380010972.586
a 12 21 0 1 9420693465659.783
a 12 22 0 1 3814718849827.541
a 12 23 0 1 15816285612838.639
a 12 24 0 1 10361552510927.057
a 12 25 0 1 7796127577986.496
a 12 26 0 1 6630337099113.786
a 12 27 0 1 9821961057664.523
a 12 28 0 1 17536194862532.887
a 12 29 0 1 3956405054103.955
a 12 30 0 1 13752983039913.258
a 12 31 0 1 4731185371654.872
a 12 32 0 1 17259231197993.75
a 12 33 0 1 4256266622051.9463
a 12 34 0 1 15832626146171.959
a 12 35 0 1 16768550441145.314
a 12 36 0 1 10176557487657.943
a 12 37 0 1 6345227511042.076
a 12 38 0 1 11315714481661.51
a 12 39 0 1 8006035298394.567
a 12 40 0 1 14522349647119.61
a 12 41 0 1 12407018452068.08
a 12 42 0 1 10960451139446.322
a 12 43 0 1 15914874381577.676
a 12 44 0 1 13818377723948.236
a 12 45 0 1 10481683723204.06
a 12 46 0 1 7002216280566.51
a 12 47 0 1 12176545235590.508
a 12 48 0 1 5119345016623.3955
a 12 49 0 1 13617765811004.33
a 12 50 0 1 15181039588964.314
a 12 51 0 1 5124679230841.822
a 12 52 0 1 15372692092522.65
a 12 53 0 1 11378640927886.266
a 12 54 0 1 17230327513031.908
a 12 55 0 1 11415100378531.574
a 12 56 0 1 14276966613420.736
a 12 57 0 1 5928971801332.114
a 12 58 0 1 17562867740608.615
a 12 59 0 1 11896459371573.4
a 12 60 0 1 3704793423982.9077
a 12 61 0 1 12109348662591.756
a 12 62 0 1 8183407513919.607
a 12 63 0 1 16723218722918.516
a 12 64 0 1 9259750882607.725
a 12 65 0 1 9440743171637.094
a 12 66 0 1 18057385626886.918
a 12 67 0 1 10772014908542.785
a 12 68 0 1 5554119145569.864
a 12 69 0 1 17990751038386.11
a 12 70 0 1 4114905926289.7515
a 12 71 0 1 5004282382848.568
a 12 72 0 1 4280790889775.3545
a 12 73 0 1 15569490922766.076
a 12 74 0 1 17483056824405.748
a 12 75 0 1 17372103469216.867
a 12 76 0 1 12149876294908.621
a 12 77 0 1 12575174662295.34
a 12 78 0 1 14759640542341.838
a 12 79 0 1 11531127759823.035
a 12 80 0 1 12550776632334.588
a 13 18 0 1 7096339817137.598
a 13 19 0 1 6089752543809.685
a 13 20 0 1 3754735123900.116
a 13 21 0 1 7050442028061.57
a 13 22 0 1 2855397163246.466
a 13 23 0 1 11834706008687.69
a 13 24 0 1 7754369057265.759
a 13 25 0 1 5834892371772.577
a 13 26 0 1 4962541897656.491
a 13 27 0 1 7350665025586.56
a 13 28 0 1 13120992304331.09
a 13 29 0 1 2961440113006.474
a 13 30 0 1 10291433167762.75
a 13 31 0 1 3541297621754.66
a 13 32 0 1 12913865303501.232
a 13 33 0 1 3185864210583.499
a 13 34 0 1 11846927376412.428
a 13 35 0 1 12546902010642.752
a 13 36 0 1 7615963475665.772
a 13 37 0 1 4749188000950.223
a 13 38 0 1 8468209776468.613
a 13 39 0 1 5991958158847.013
a 13 40 0 1 10866912103679.941
a 13 41 0 1 9284602618131.605
a 13 42 0 1 8202429915884.795
a 13 43 0 1 11908442079326.723
a 13 44 0 1 10340348771160.781
a 13 45 0 1 7844245438327.438
a 13 46 0 1 5240822128702.651
a 13 47 0 1 9112192371636.244
a 13 48 0 1 3831792485709.296
a 13 49 0 1 10190289306683.63
a 13 50 0 1 11359585527399.4
a 13 51 0 1 3835784513708.415
a 13 52 0 1 11502930308033.826
a 13 53 0 1 8515285782622.367
a 13 54 0 1 12892249519543.436
a 13 55 0 1 8542561443002.165
a 13 56 0 1 10683370708747.346
a 13 57 0 1 4437688191067.193
a 13 58 0 1 13140939413821.217
a 13 59 0 1 8902665257470.871
a 13 60 0 1 2773124500104.3438
a 13 61 0 1 9061924154288.088
a 13 62 0 1 6124677402706.584
a 13 63 0 1 12512999447340.94
a 13 64 0 1 6930024996596.071
a 13 65 0 1 7065443113305.854
a 13 66 0 1 13510755267253.305
a 13 67 0 1 8061454648115.227
a 13 68 0 1 4157165414644.3755
a 13 69 0 1 13460924468855.432
a 13 70 0 1 3080066721575.556
a 13 71 0 1 3745681422512.632
a 13 72 0 1 3204218629855.659
a 13 73 0 1 11650122578534.086
a 13 74 0 1 13081253333624.457
a 13 75 0 1 12998277121278.852
a 13 76 0 1 9092241971325.02
a 13 77 0 1 9410393887459.816
a 13 78 0 1 11044398261965.986
a 13 79 0 1 8629362242136.312
a 13 80 0 1 9392142724708.47
a 14 18 0 1 16155789689577.043
a 14 19 0 1 13862103299244.26
a 14 20 0 1 8543970243488.402
a 14 21 0 1 16051188700233.664
a 14 22 0 1 6496651497563.239
a 14 23 0 1 26962136243711.938
a 14 24 0 1 17655592768566.348
a 14 25 0 1 13281467331957.34
a 14 26 0 1 11294361789400.326
a 14 27 0 1 16735422066019.871
a 14 28 0 1 29898256824510.914
a 14 29 0 1 6738027287716.915
a 14 30 0 1 23440880533678.74
a 14 31 0 1 8058036514441.949
a 14 32 0 1 29425386377895.875
a 14 33 0 1 7248887976354.001
a 14 34 0 1 26990027903215.395
a 14 35 0 1 28587681093160.78
a 14 36 0 1 17340109821104.443
a 14 37 0 1 10808445845334.568
a 14 38 0 1 19282932131010.074
a 14 39 0 1 13639297792315.26
a 14 40 0 1 24753752157102.098
a 14 41 0 1 21144478814719.707
a 14 42 0 1 18676995022795.273
a 14 43 0 1 27130418558563.67
a 14 44 0 1 23552465711519.484
a 14 45 0 1 17860464701814.39
a 14 46 0 1 11928194037054.734
a 14 47 0 1 20751310022016.285
a 14 48 0 1 8719414435435.193
a 14 49 0 1 23210158532035.54
a 14 50 0 1 25877892175802.605
a 14 51 0 1 8728503592584.509
a 14 52 0 1 26204994718001.65
a 14 53 0 1 19390263115398.207
a 14 54 0 1 29376039262236.938
a 14 55 0 1 19452450964225.63
a 14 56 0 1 24335004906837.96
a 14 57 0 1 10099056218848.18
a 14 58 0 1 29943797555178.234
a 14 59 0 1 20273525862767.715
a 14 60 0 1 6309387000766.314
a 14 61 0 1 20636680839691.996
a 14 62 0 1 13941674359357.129
a 14 63 0 1 28510292766574.1
a 14 64 0 1 15776765194815.213
a 14 65 0 1 16085375994448.064
a 14 66 0 1 30788163198992.51
a 14 67 0 1 18355612407310.195
a 14 68 0 1 9460267307945.387
a 14 69 0 1 30674383860226.93
a 14 70 0 1 7008055014153.187
a 14 71 0 1 8523357038198.783
a 14 72 0 1 7290669968053.633
a 14 73 0 1 26540891360396.67
a 14 74 0 1 29807530606416.137
a 14 75 0 1 29618094862487.566
a 14 76 0 1 20705815902361.523
a 14 77 0 1 21431349094913.508
a 14 78 0 1 25158706035753.992
a 14 79 0 1 19650358022930.203
a 14 80 0 1 21389726180943.145
a 15 18 0 1 3898089621170.35
a 15 19 0 1 3345335999241.368
a 15 20 0 1 2062870740998.5867
a 15 21 0 1 3872886735457.648
a 15 22 0 1 1568843042237.4758
a 15 23 0 1 6499322584293.007
a 15 24 0 1 4259406147617.6606
a 15 25 0 1 3205373860671.725
a 15 26 0 1 2726275144397.717
a 15 27 0 1 4037739687042.115
a 15 28 0 1 7205237537113.661
a 15 29 0 1 1627097350485.7432
a 15 30 0 1 5652248722137.582
a 15 31 0 1 1945628625120.3489
a 15 32 0 1 7091572444837.203
a 15 33 0 1 1750381797302.2896
a 15 34 0 1 6506030124615.134
a 15 35 0 1 6890187978526.174
a 15 36 0 1 4183411234400.3994
a 15 37 0 1 2609093643653.3145
a 15 38 0 1 4651340220623.219
a 15 39 0 1 3291630472928.872
a 15 40 0 1 5968134322109.239
a 15 41 0 1 5099544900275.757
a 15 42 0 1 4505417247482.114
a 15 43 0 1 6539791547984.656
a 15 44 0 1 5679099674122.824
a 15 45 0 1 4308754351313.8403
a 15 46 0 1 2879112583087.457
a 15 47 0 1 5004893781983.284
a 15 48 0 1 2105198035283.3003
a 15 49 0 1 5596727989843.605
a 15 50 0 1 6238552224616.194
a 15 51 0 1 2107390830745.9102
a 15 52 0 1 6317228509118.298
a 15 53 0 1 4677186269246.822
a 15 54 0 1 7079710209278.449
a 15 55 0 1 4692161314509.467
a 15 56 0 1 5867388838814.819
a 15 57 0 1 2438002278544.2153
a 15 58 0 1 7216183784034.107
a 15 59 0 1 4889863675722.694
a 15 60 0 1 1523646412786.8208
a 15 61 0 1 4977296825903.249
a 15 62 0 1 3364515474713.6587
a 15 63 0 1 6871582325247.87
a 15 64 0 1 3806764097647.1865
a 15 65 0 1 3881123978491.324
a 15 66 0 1 7419121140991.941
a 15 67 0 1 4428014977036.454
a 15 68 0 1 2283920324809.369
a 15 69 0 1 7391776822679.633
a 15 70 0 1 1692263686241.793
a 15 71 0 1 2057897557562.6248
a 15 72 0 1 1760464430796.908
a 15 73 0 1 6398015309620.034
a 15 74 0 1 7183430170251.228
a 15 75 0 1 7137895416660.658
a 15 76 0 1 4993941146630.88
a 15 77 0 1 5168601700540.294
a 15 78 0 1 6065554272162.558
a 15 79 0 1 4739816923171.021
a 15 80 0 1 5158582246332.497
a 16 18 0 1 6996488207255.512
a 16 19 0 1 6004074275667.848
a 16 20 0 1 3701922808352.08
a 16 21 0 1 6951236756561.317
a 16 22 0 1 2815238607274.58
a 16 23 0 1 11668091887274.922
a 16 24 0 1 7645250257235.432
a 16 25 0 1 5752802171178.549
a 16 26 0 1 4892731575663.922
a 16 27 0 1 7247231854396.622
a 16 28 0 1 12936242302004.06
a 16 29 0 1 2919789658299.598
a 16 30 0 1 10146571299221.91
a 16 31 0 1 3491488623348.9434
a 16 32 0 1 12732036027904.59
a 16 33 0 1 3141056256129.4565
a 16 34 0 1 11680140965815.104
a 16 35 0 1 12370246998445.291
a 16 36 0 1 7508793990979.062
a 16 37 0 1 4682380642981.909
a 16 38 0 1 8349036213703.563
a 16 39 0 1 5907656720644.005
a 16 40 0 1 10713939816867.256
a 16 41 0 1 9153927803045.002
a 16 42 0 1 8087000170582.728
a 16 43 0 1 11740788465727.867
a 16 44 0 1 10194797559766.914
a 16 45 0 1 7733860779316.93
a 16 46 0 1 5167094783532.53
a 16 47 0 1 8983946630635.588
a 16 48 0 1 3777895846532.7573
a 16 49 0 1 10046852783136.441
a 16 50 0 1 11199668986374.889
a 16 51 0 1 3781831699625.178
a 16 52 0 1 11340993169971.658
a 16 53 0 1 8395449076186.012
a 16 54 0 1 12710725043217.17
a 16 55 0 1 8422340510381.314
a 16 56 0 1 10532985247646.96
a 16 57 0 1 4375264943305.157
a 16 58 0 1 12955908127271.74
a 16 59 0 1 8777371399144.421
a 16 60 0 1 2734123398340.667
a 16 61 0 1 8934386620255.914
a 16 62 0 1 6038507426214.978
a 16 63 0 1 12336822447015.143
a 16 64 0 1 6832515420716.798
a 16 65 0 1 6966026595395.287
a 16 66 0 1 13320508790644.857
a 16 67 0 1 7948010611214.304
a 16 68 0 1 4098690034862.0244
a 16 69 0 1 13271380738008.111
a 16 70 0 1 3036747288392.59
a 16 71 0 1 3692996506165.429
a 16 72 0 1 3159152433653.0044
a 16 73 0 1 11486110540549.965
a 16 74 0 1 12897063706713.486
a 16 75 0 1 12815257559444.938
a 16 76 0 1 8964277303772.879
a 16 77 0 1 9277946749315.256
a 16 78 0 1 10888924389216.371
a 16 79 0 1 8507918550056.341
a 16 80 0 1 9259952737569.314
a 17 18 0 1 14914228672556.465
a 17 19 0 1 12797070251088.797
a 17 20 0 1 7887903371717.836
a 17 21 0 1 14817679915676.338
a 17 22 0 1 5997900907796.244
a 17 23 0 1 24887732462232.137
a 17 24 0 1 16298556531410.805
a 17 25 0 1 12261107864161.775
a 17 26 0 1 10426846623542.344
a 17 27 0 1 15449237436459.938
a 17 28 0 1 27597236265052.438
a 17 29 0 1 6220732905545.176
a 17 30 0 1 21638069258427.746
a 17 31 0 1 7439315060481.326
a 17 32 0 1 27160872637608.33
a 17 33 0 1 6692343377816.99
a 17 34 0 1 24913472042130.824
a 17 35 0 1 26387831359110.56
a 17 36 0 1 16007366805029.977
a 17 37 0 1 9978296568834.682
a 17 38 0 1 17800559555078.344
a 17 39 0 1 12591407840323.488
a 17 40 0 1 22849703578495.74
a 17 41 0 1 19518678281346.51
a 17 42 0 1 17241296289721.562
a 17 43 0 1 25043030166417.168
a 17 44 0 1 21741051050781.754
a 17 45 0 1 16487651781903.023
a 17 46 0 1 11011932736178.53
a 17 47 0 1 19155806980674.785
a 17 48 0 1 8049863220373.598
a 17 49 0 1 21425135624058.52
a 17 50 0 1 23887137194482.004
a 17 51 0 1 8058253786605.287
a 17 52 0 1 24189005995555.703
a 17 53 0 1 17899622471497.043
a 17 54 0 1 27115335035302.12
a 17 55 0 1 17957019694151.035
a 17 56 0 1 22463249561717.2
a 17 57 0 1 9323450547231.12
a 17 58 0 1 27639260940105.56
a 17 59 0 1 18714837345955.145
a 17 60 0 1 5825022426063.019
a 17 61 0 1 19050010618791.76
a 17 62 0 1 12870518759795.115
a 17 63 0 1 26316416198529.773
a 17 64 0 1 14564380807575.766
a 17 65 0 1 14849235475886.541
a 17 66 0 1 28418429622429.08
a 17 67 0 1 16944666546212.887
a 17 68 0 1 8733769851081.194
a 17 69 0 1 28313436338619.08
a 17 70 0 1 6470014515410.64
a 17 71 0 1 7868874429444.185
a 17 72 0 1 6730915005950.688
a 17 73 0 1 24498988666314.277
a 17 74 0 1 27513514629572.527
a 17 75 0 1 27338703972547.984
a 17 76 0 1 19113818463466.887
a 17 77 0 1 19783440809738.293
a 17 78 0 1 23223425216937.574
a 17 79 0 1 18139680608202.242
a 17 80 0 1 19745025662811.902
a 18 1 0 1 0
a 19 1 0 1 0
a 20 1 0 1 0
a 21 1 0 1 0
a 22 1 0 1 0
a 23 1 0 1 0
a 24 1 0 1 0
a 25 1 0 1 0
a 26 1 0 1 0
a 27 1 0 1 0
a 28 1 0 1 0
a 29 1 0 1 0
a 30 1 0 1 0
a 31 1 0 1 0
a 32 1 0 1 0
a 33 1 0 1 0
a 34 1 0 1 0
a 35 1 0 1 0
a 36 1 0 1 0
a 37 1 0 1 0
a 38 1 0 1 0
a 39 1 0 1 0
a 40 1 0 1 0
a 41 1 0 1 0
a 42 1 0 1 0
a 43 1 0 1 0
a 44 1 0 1 0
a 45 1 0 1 0
a 46 1 0 1 0
a 47 1 0 1 0
a 48 1 0 1 0
a 49 1 0 1 0
a 50 1 0 1 0
a 51 1 0 1 0
a 52 1 0 1 0
a 53 1 0 1 0
a 54 1 0 1 0
a 55 1 0 1 0
a 56 1 0 1 0
a 57 1 0 1 0
a 58 1 0 1 0
a 59 1 0 1 0
a 60 1 0 1 0
a 61 1 0 1 0
a 62 1 0 1 0
a 63 1 0 1 0
a 64 1 0 1 0
a 65 1 0 1 0
a 66 1 0 1 0
a 67 1 0 1 0
a 68 1 0 1 0
a 69 1 0 1 0
a 70 1 0 1 0
a 71 1 0 1 0
a 72 1 0 1 0
a 73 1 0 1 0
a 74 1 0 1 0
a 75 1 0 1 0
a 76 1 0 1 0
a 77 1 0 1 0
a 78 1 0 1 0
a 79 1 0 1 0
a 80 1 0 1 0
