p min 82 1104
n 0 16
n 1 -16
a 0 2 0 1 0
a 0 3 0 1 0
a 0 4 0 1 0
a 0 5 0 1 0
a 0 6 0 1 0
a 0 7 0 1 0
a 0 8 0 1 0
a 0 9 0 1 0
a 0 10 0 1 0
a 0 11 0 1 0
a 0 12 0 1 0
a 0 13 0 1 0
a 0 14 0 1 0
a 0 15 0 1 0
a 0 16 0 1 0
a 0 17 0 1 0
a 2 18 0 1 33749445748484.26
a 2 19 0 1 19843722486270.633
a 2 20 0 1 12068021257962.186
a 2 21 0 1 7831717096591.016
a 2 22 0 1 31940978313500.94
a 2 23 0 1 22182722415026.727
a 2 24 0 1 8867718992391.846
a 2 25 0 1 30161727514190.344
a 2 26 0 1 19600508454625.39
a 2 27 0 1 23114720445068.96
a 2 28 0 1 8724774140280.487
a 2 29 0 1 19739943809061.887
a 2 30 0 1 16011494368586.398
a 2 31 0 1 7330066857791.92
a 2 32 0 1 15092915134321.805
a 2 33 0 1 24433866870151.117
a 2 34 0 1 27663629049833.33
a 2 35 0 1 20438620980460.195
a 2 36 0 1 13864274611769.959
a 2 37 0 1 10861905578676.588
a 2 38 0 1 30502230929274.57
a 2 39 0 1 16358673050150.459
a 2 40 0 1 17467899778980.47
a 2 41 0 1 30032667066413.605
a 2 42 0 1 12222923271063.576
a 2 43 0 1 7640844856967.958
a 2 44 0 1 27727336245287.56
a 2 45 0 1 10333397809087.89
a 2 46 0 1 9184678442475.164
a 2 47 0 1 18565821446579.12
a 2 48 0 1 33456287584687.2
a 2 49 0 1 28404769960569.863
a 2 50 0 1 13037730281097.078
a 2 51 0 1 25846034243738.277
a 2 52 0 1 30238550309255.168
a 2 53 0 1 7378647591124.822
a 2 54 0 1 14821579831877.652
a 2 55 0 1 15967921992428.352
a 2 56 0 1 23995596580686.4
a 2 57 0 1 30044907056986.27
a 2 58 0 1 19409948838366.863
a 2 59 0 1 23832035871272.12
a 2 60 0 1 24597138200922.566
a 2 61 0 1 7219325409490.372
a 2 62 0 1 21057851250883.98
a 2 63 0 1 23192773202698.664
a 2 64 0 1 19004710334816.062
a 2 65 0 1 27746973820338.46
a 2 66 0 1 32355177545661.2
a 2 67 0 1 20697464887187.94
a 2 68 0 1 32989740248242.47
a 2 69 0 1 27851641262718.22
a 2 70 0 1 22603793851321.99
a 2 71 0 1 13386322150387.455
a 2 72 0 1 26336009959432.844
a 2 73 0 1 9340255024063.244
a 2 74 0 1 10525045542440.234
a 2 75 0 1 27106610629483.082
a 2 76 0 1 33749948732705.64
a 2 77 0 1 19948076652537.887
a 2 78 0 1 16871785249638.553
a 2 79 0 1 29236368362920.625
a 2 80 0 1 21573874451245.13
a 2 81 0 1 30678457294186.84
a 3 18 0 1 20814842284108.496
a 3 19 0 1 12246049982722.307
a 3 20 0 1 7450025955693.404
a 3 21 0 1 4835704559874.235
a 3 22 0 1 19701049241384.277
a 3 23 0 1 13688092712430.014
a 3 24 0 1 5475135510194.219
a 3 25 0 1 18605076191158.742
a 3 26 0 1 12096086314586.953
a 3 27 0 1 14262606148986.324
a 3 28 0 1 5386911960038.911
a 3 29 0 1 12182061341875.4
a 3 30 0 1 9882756954062.93
a 3 31 0 1 4526059928154.484
a 3 32 0 1 9316160461356.11
a 3 33 0 1 15075689416701.555
a 3 34 0 1 17066020356369.82
a 3 35 0 1 12612845677924.996
a 3 36 0 1 8558240702834.295
a 3 37 0 1 6705803462597.297
a 3 38 0 1 18814830940050.6
a 3 39 0 1 10096891164408.52
a 3 40 0 1 10781000355719.684
a 3 41 0 1 18525571544311.62
a 3 42 0 1 7545601070550.697
a 3 43 0 1 4717889894621.376
a 3 44 0 1 17105274005468.332
a 3 45 0 1 6379667705122.43
a 3 46 0 1 5670754455022.758
a 3 47 0 1 11458071268651.512
a 3 48 0 1 20634305086778.363
a 3 49 0 1 17522666016052.562
a 3 50 0 1 8048318511943.173
a 3 51 0 1 15946003070157.865
a 3 52 0 1 18652400632592.06
a 3 53 0 1 4556047083430.628
a 3 54 0 1 9148787092668.016
a 3 55 0 1 9855881752017.441
a 3 56 0 1 14805562940787.275
a 3 57 0 1 18533111740941.95
a 3 58 0 1 11978586653763.03
a 3 59 0 1 14704750146571.271
a 3 60 0 1 15176318499744.65
a 3 61 0 1 4457702699038.407
a 3 62 0 1 12994623117393.465
a 3 63 0 1 14310718222635.984
a 3 64 0 1 11728708742250.572
a 3 65 0 1 17117373794754.836
a 3 66 0 1 19956160646541.336
a 3 67 0 1 12772434672395.125
a 3 68 0 1 20346979031864.19
a 3 69 0 1 17181864804350.734
a 3 70 0 1 13947660488554.676
a 3 71 0 1 8263380753576.617
a 3 72 0 1 16247947960051.658
a 3 73 0 1 5766770184736.406
a 3 74 0 1 6497932961509.814
a 3 75 0 1 16722800014827.133
a 3 76 0 1 20815152035611.965
a 3 77 0 1 12310392871806.908
a 3 78 0 1 10413358479604.422
a 3 79 0 1 18035010430854.625
a 3 80 0 1 13312753789664.037
a 3 81 0 1 18923386305073.324
a 4 18 0 1 33983911085956.133
a 4 19 0 1 19981359203105.336
a 4 20 0 1 12151649988174.555
a 4 21 0 1 7885962514835.464
a 4 22 0 1 32162833225287.24
a 4 23 0 1 22336624272653.11
a 4 24 0 1 8929147528962.09
a 4 25 0 1 30371180886865.43
a 4 26 0 1 19736454394847.99
a 4 27 0 1 23275105769561.02
a 4 28 0 1 8785211466219.982
a 4 29 0 1 19876859065068.355
a 4 30 0 1 16122501262773.277
a 4 31 0 1 7380834704460.379
a 4 32 0 1 15197542415421.555
a 4 33 0 1 24603431263914.02
a 4 34 0 1 27855679082088.496
a 4 35 0 1 20580393717689.367
a 4 36 0 1 13960371000827.527
a 4 37 0 1 10937165664389.97
a 4 38 0 1 30714057245723.832
a 4 39 0 1 16472091484467.098
a 4 40 0 1 17589024321399.756
a 4 41 0 1 30241221075084.387
a 4 42 0 1 12307626959878.225
a 4 43 0 1 7693767050906.001
a 4 44 0 1 27919829977079.965
a 4 45 0 1 10404991576233.383
a 4 46 0 1 9248304961855.094
a 4 47 0 1 18694575509617.156
a 4 48 0 1 33688708374032.383
a 4 49 0 1 28601982199456.848
a 4 50 0 1 13128089043452.334
a 4 51 0 1 26025428090089.87
a 4 52 0 1 30448539038090.66
a 4 53 0 1 7429752194544.165
a 4 54 0 1 14924322925516.79
a 4 55 0 1 16078626241954.982
a 4 56 0 1 24162111029349.65
a 4 57 0 1 30253546359471.312
a 4 58 0 1 19544570111841.766
a 4 59 0 1 23997412172102.492
a 4 60 0 1 24767838887367.652
a 4 61 0 1 7269325621772.324
a 4 62 0 1 21203929780728.855
a 4 63 0 1 23353701566672.906
a 4 64 0 1 19136514805312.496
a 4 65 0 1 27939604322665.46
a 4 66 0 1 32579920197798.113
a 4 67 0 1 20841037409846.23
a 4 68 0 1 33218907522618.254
a 4 69 0 1 28045000756699.508
a 4 70 0 1 22760624729092.336
a 4 71 0 1 13479100600499.492
a 4 72 0 1 26518815055262.293
a 4 73 0 1 9404960461848.701
a 4 74 0 1 10597968739814.186
a 4 75 0 1 27294781491898.535
a 4 76 0 1 33984417578217.453
a 4 77 0 1 20086438848456.98
a 4 78 0 1 16988768171466.477
a 4 79 0 1 29439373920618.26
a 4 80 0 1 21723541599788.48
a 4 81 0 1 30891511793053.11
a 5 18 0 1 31759894355256.25
a 5 19 0 1 18675685112996.1
a 5 20 0 1 11358274278573.389
a 5 21 0 1 7371327978863.947
a 5 22 0 1 30058406538674.54
a 5 23 0 1 20876676087429.69
a 5 24 0 1 8346369746772.702
a 5 25 0 1 28384366157030.176
a 5 26 0 1 18446817522642.836
a 5 27 0 1 21753663572725.12
a 5 28 0 1 8211836828795.116
a 5 29 0 1 18578028110514.074
a 5 30 0 1 15069420371879.453
a 5 31 0 1 6899190782542.74
a 5 32 0 1 14204976341583.504
a 5 33 0 1 22994929293643.043
a 5 34 0 1 26033916487330.848
a 5 35 0 1 19235489203927.39
a 5 36 0 1 13048727215584.281
a 5 37 0 1 10223176441159.045
a 5 38 0 1 28704738108022.85
a 5 39 0 1 15396135749219.281
a 5 40 0 1 16439972443602.54
a 5 41 0 1 28262935716775.57
a 5 42 0 1 11504054091212.516
a 5 43 0 1 7191685496105.95
a 5 44 0 1 26093859295402.902
a 5 45 0 1 9725782127843.18
a 5 46 0 1 8644676025043.344
a 5 47 0 1 17473155042596.398
a 5 48 0 1 31484080764958.58
a 5 49 0 1 26731260991406.52
a 5 50 0 1 12270871964568.229
a 5 51 0 1 24323699453706.645
a 5 52 0 1 28456647114632.195
a 5 53 0 1 6944913558779.085
a 5 54 0 1 13949629750620.291
a 5 55 0 1 15028416117237.168
a 5 56 0 1 22582536386214.77
a 5 57 0 1 28274452092639.234
a 5 58 0 1 18267497898815.375
a 5 59 0 1 22428632382088.703
a 5 60 0 1 23148559747451.184
a 5 61 0 1 6794964033022.318
a 5 62 0 1 19818184879491.957
a 5 63 0 1 21827108815718.75
a 5 64 0 1 17886160491440.26
a 5 65 0 1 26112336497491.312
a 5 66 0 1 30448107578004.3
a 5 67 0 1 19479061912692.004
a 5 68 0 1 31045134224610.96
a 5 69 0 1 26210819117897.754
a 5 70 0 1 21272895446534.695
a 5 71 0 1 12598930466512.17
a 5 72 0 1 24784733111287.938
a 5 73 0 1 8791096402914.415
a 5 74 0 1 9906147897001.004
a 5 75 0 1 25509809453373.07
a 5 76 0 1 31760367579691.5
a 5 77 0 1 18773883518904.52
a 5 78 0 1 15879001420589.78
a 5 79 0 1 27513709189286.64
a 5 80 0 1 20303758958940.0
a 5 81 0 1 28870544920116.562
a 6 18 0 1 35125443622005.867
a 6 19 0 1 20651422048795.453
a 6 20 0 1 12558768535521.76
a 6 21 0 1 8150032977377.98
a 6 22 0 1 33242960654049.97
a 6 23 0 1 23085879648406.484
a 6 24 0 1 9228187361501.041
a 6 25 0 1 31390921379607.066
a 6 26 0 1 20398285202780.11
a 6 27 0 1 24055928657900.13
a 6 28 0 1 9079425796136.844
a 6 29 0 1 20543409266554.836
a 6 30 0 1 16662911255331.543
a 6 31 0 1 7627975526466.416
a 6 32 0 1 15706892622033.781
a 6 33 0 1 25428946823211.035
a 6 34 0 1 28790679025327.71
a 6 35 0 1 21270594061066.875
a 6 36 0 1 14428188122628.86
a 6 37 0 1 11303542188989.99
a 6 38 0 1 31745352258558.355
a 6 39 0 1 17024242371668.752
a 6 40 0 1 18178693647846.285
a 6 41 0 1 31256582325220.0
a 6 42 0 1 12719978883704.824
a 6 43 0 1 7951395735335.488
a 6 44 0 1 28856990362558.215
a 6 45 0 1 10753519090763.465
a 6 46 0 1 9558045239206.635
a 6 47 0 1 19321390781599.11
a 6 48 0 1 34820285132494.168
a 6 49 0 1 29562117811921.406
a 6 50 0 1 13567972505101.54
a 6 51 0 1 26898803636029.977
a 6 52 0 1 31470886324930.68
a 6 53 0 1 7678532424540.396
a 6 54 0 1 15424499827784.818
a 6 55 0 1 16617562772596.984
a 6 56 0 1 24972776416667.78
a 6 57 0 1 31269322927651.895
a 6 58 0 1 20199951407521.344
a 6 59 0 1 24802535937302.54
a 6 60 0 1 25598887067397.633
a 6 61 0 1 7512729428830.472
a 6 62 0 1 21915094330073.42
a 6 63 0 1 24137168485959.777
a 6 64 0 1 19778181742638.332
a 6 65 0 1 28877430665464.184
a 6 66 0 1 33674109074241.492
a 6 67 0 1 21540000601765.61
a 6 68 0 1 34334641584575.24
a 6 69 0 1 28986376677010.754
a 6 70 0 1 23524141249394.367
a 6 71 0 1 13930764295932.398
a 6 72 0 1 27408800256081.2
a 6 73 0 1 9719953251808.695
a 6 74 0 1 10952968407706.104
a 6 75 0 1 28210893207436.992
a 6 76 0 1 35125967196433.23
a 6 77 0 1 20760033905871.17
a 6 78 0 1 17558273296651.52
a 6 79 0 1 30427718404548.793
a 6 80 0 1 22452178644798.367
a 6 81 0 1 31928787180598.645
a 7 18 0 1 21614368807476.633
a 7 19 0 1 12715955545893.865
a 7 20 0 1 7735734509712.961
a 7 21 0 1 5021095904441.352
a 7 22 0 1 20457692610471.234
a 7 23 0 1 14213422958585.764
a 7 24 0 1 5685057421338.787
a 7 25 0 1 19319533656732.53
a 7 26 0 1 12560229144981.59
a 7 27 0 1 14810023051819.914
a 7 28 0 1 5593449117474.717
a 7 29 0 1 12649507954605.209
a 7 30 0 1 10261871038821.98
a 7 31 0 1 4699573686105.978
a 7 32 0 1 9673515028214.934
a 7 33 0 1 15654369766644.62
a 7 34 0 1 17721255553990.902
a 7 35 0 1 13096847163093.99
a 7 36 0 1 8886492799879.55
a 7 37 0 1 6962948192910.235
a 7 38 0 1 19537361374243.84
a 7 39 0 1 10484229606641.738
a 7 40 0 1 11194616536403.006
a 7 41 0 1 19236969168209.348
a 7 42 0 1 7834978238255.143
a 7 43 0 1 4898761910131.9
a 7 44 0 1 17762019397355.996
a 7 45 0 1 6624296699336.136
a 7 46 0 1 5888181668500.309
a 7 47 0 1 11897699068717.748
a 7 48 0 1 21426879808436.02
a 7 49 0 1 18195470486550.844
a 7 50 0 1 8356993673749.628
a 7 51 0 1 16558154139058.262
a 7 52 0 1 19368679469616.402
a 7 53 0 1 4730711073261.359
a 7 54 0 1 9499714432565.838
a 7 55 0 1 10233963657471.096
a 7 56 0 1 15373856122113.996
a 7 57 0 1 19244799556800.54
a 7 58 0 1 12438214407245.562
a 7 59 0 1 15269166947213.797
a 7 60 0 1 15758868509565.92
a 7 61 0 1 4628594476376.997
a 7 62 0 1 13493297584595.91
a 7 63 0 1 14859984888918.1
a 7 64 0 1 12178735034507.201
a 7 65 0 1 17774584701188.414
a 7 66 0 1 20722625282411.79
a 7 67 0 1 13262569532678.121
a 7 68 0 1 21128490537412.234
a 7 69 0 1 17841556892660.37
a 7 70 0 1 14482969210625.68
a 7 71 0 1 8580312294963.306
a 7 72 0 1 16871712921269.324
a 7 73 0 1 5987881357378.044
a 7 74 0 1 6747100372385.217
a 7 75 0 1 17364831199514.422
a 7 76 0 1 21614690486592.89
a 7 77 0 1 12782771036381.943
a 7 78 0 1 10812852408029.385
a 7 79 0 1 18727529447065.938
a 7 80 0 1 13823656104217.54
a 7 81 0 1 19650094939822.24
a 8 18 0 1 20822320666554.76
a 8 19 0 1 12250445416171.977
a 8 20 0 1 7452698491232.209
a 8 21 0 1 4837438741853.037
a 8 22 0 1 19708126550265.504
a 8 23 0 1 13693006549850.49
a 8 24 0 1 5477099149747.087
a 8 25 0 1 18611758943827.67
a 8 26 0 1 12100427847063.531
a 8 27 0 1 14267726567819.248
a 8 28 0 1 5388843938867.94
a 8 29 0 1 12186433775860.861
a 8 30 0 1 9886303172953.572
a 8 31 0 1 4527683007379.599
a 8 32 0 1 9319503150829.238
a 8 33 0 1 15081102247729.748
a 8 34 0 1 17072149208753.852
a 8 35 0 1 12617372955455.572
a 8 36 0 1 8561311178415.359
a 8 37 0 1 6708208818193.177
a 8 38 0 1 18821589197853.0
a 8 39 0 1 10100514310230.475
a 8 40 0 1 10784869290693.455
a 8 41 0 1 18532225678752.65
a 8 42 0 1 7548307921396.393
a 8 43 0 1 4719581802905.399
a 8 44 0 1 17111416982649.777
a 8 45 0 1 6381955990631.963
a 8 46 0 1 5672788298504.858
a 8 47 0 1 11462183502176.87
a 8 48 0 1 20641718451329.312
a 8 49 0 1 17528959192968.81
a 8 50 0 1 8051205870992.929
a 8 51 0 1 15951728956048.18
a 8 52 0 1 18659100420257.496
a 8 53 0 1 4557680921918.775
a 8 54 0 1 9152069664358.752
a 8 55 0 1 9859418316357.498
a 8 56 0 1 14810878619140.094
a 8 57 0 1 18539768589504.64
a 8 58 0 1 11982885955003.305
a 8 59 0 1 14710029568521.158
a 8 60 0 1 15181767524196.068
a 8 61 0 1 4459301252257.512
a 8 62 0 1 12999287635998.457
a 8 63 0 1 14315855942671.123
a 8 64 0 1 11732918237218.615
a 8 65 0 1 17123521125878.58
a 8 66 0 1 19963329811197.754
a 8 67 0 1 12777019317392.01
a 8 68 0 1 20354288925610.32
a 8 69 0 1 17188035341872.432
a 8 70 0 1 13952667657008.76
a 8 71 0 1 8266345340320.2295
a 8 72 0 1 16253782471239.988
a 8 73 0 1 5768838487599.587
a 8 74 0 1 6500263698641.837
a 8 75 0 1 16728805370304.059
a 8 76 0 1 20822630529613.797
a 8 77 0 1 12314811432392.277
a 8 78 0 1 10417095322099.643
a 8 79 0 1 18041487996149.992
a 8 80 0 1 13317532678868.857
a 8 81 0 1 18930183640837.67
a 9 18 0 1 25891912872226.117
a 9 19 0 1 15229389789579.428
a 9 20 0 1 9263728711143.4
a 9 21 0 1 6012512247203.878
a 9 22 0 1 24505680707499.926
a 9 23 0 1 17023427007054.03
a 9 24 0 1 6807675876219.895
a 9 25 0 1 23141712259383.914
a 9 26 0 1 15042829182945.355
a 9 27 0 1 17738216440325.273
a 9 28 0 1 6697963885353.237
a 9 29 0 1 15149785251768.531
a 9 30 0 1 12289544584254.367
a 9 31 0 1 5627464264889.597
a 9 32 0 1 11584778431596.592
a 9 33 0 1 18749865539674.04
a 9 34 0 1 21226457216714.777
a 9 35 0 1 15685704454524.113
a 9 36 0 1 10642068163822.645
a 9 37 0 1 8338151868172.711
a 9 38 0 1 23402751270930.855
a 9 39 0 1 12555903189791.117
a 9 40 0 1 13406878688448.873
a 9 41 0 1 23042769825152.098
a 9 42 0 1 9382596654835.836
a 9 43 0 1 5866007065230.504
a 9 44 0 1 21275303772376.152
a 9 45 0 1 7932554558688.978
a 9 46 0 1 7050943288138.489
a 9 47 0 1 14249131345794.861
a 9 48 0 1 25667209504591.008
a 9 49 0 1 21794705777176.66
a 9 50 0 1 10007843004973.662
a 9 51 0 1 19832772711677.348
a 9 52 0 1 23200607082965.375
a 9 53 0 1 5664753472980.041
a 9 54 0 1 11376593848677.514
a 9 55 0 1 12256115115477.346
a 9 56 0 1 18413765427020.75
a 9 57 0 1 23052153476643.59
a 9 58 0 1 14896656156158.62
a 9 59 0 1 18288332190680.855
a 9 60 0 1 18875072810198.56
a 9 61 0 1 5542461873367.684
a 9 62 0 1 16160667250278.84
a 9 63 0 1 17798076839747.44
a 9 64 0 1 14585803908460.781
a 9 65 0 1 21290360560684.83
a 9 66 0 1 24823185908664.492
a 9 67 0 1 15884245158826.77
a 9 68 0 1 25309597431457.273
a 9 69 0 1 21370612336054.67
a 9 70 0 1 17346369255547.074
a 9 71 0 1 10275328433306.53
a 9 72 0 1 20208486761451.703
a 9 73 0 1 7170347311712.455
a 9 74 0 1 8079633770336.483
a 9 75 0 1 20799364411384.016
a 9 76 0 1 25892298402530.797
a 9 77 0 1 15309435315591.254
a 9 78 0 1 12949558405119.264
a 9 79 0 1 22432283094501.344
a 9 80 0 1 16556455974112.703
a 9 81 0 1 23537849232914.64
a 10 18 0 1 18602970942086.23
a 10 19 0 1 10945881477350.734
a 10 20 0 1 6659443835087.862
a 10 21 0 1 4322687161730.226
a 10 22 0 1 17607774220353.47
a 10 23 0 1 12234606140688.162
a 10 24 0 1 4894242981466.575
a 10 25 0 1 16628473498850.213
a 10 26 0 1 10811859343574.775
a 10 27 0 1 12748024601064.324
a 10 28 0 1 4815384828250.477
a 10 29 0 1 10888695058355.8
a 10 30 0 1 8833755541453.918
a 10 31 0 1 4045907872514.3047
a 10 32 0 1 8327357887749.357
a 10 33 0 1 13474630526292.69
a 10 34 0 1 15253214172542.584
a 10 35 0 1 11273683747297.318
a 10 36 0 1 7649953402781.31
a 10 37 0 1 5994251282459.255
a 10 38 0 1 16815900742573.178
a 10 39 0 1 9025136934549.207
a 10 40 0 1 9636549427377.383
a 10 41 0 1 16557431533300.072
a 10 42 0 1 6744868828889.256
a 10 43 0 1 4217377463033.9243
a 10 44 0 1 15288290833053.324
a 10 45 0 1 5702744484685.298
a 10 46 0 1 5069095333042.671
a 10 47 0 1 10241661485109.018
a 10 48 0 1 18441659132404.043
a 10 49 0 1 15661265990367.064
a 10 50 0 1 7194194160280.887
a 10 51 0 1 14252363934930.81
a 10 52 0 1 16670760537983.69
a 10 53 0 1 4072712315529.59
a 10 54 0 1 8177765994370.094
a 10 55 0 1 8809735891520.615
a 10 56 0 1 13233235578418.201
a 10 57 0 1 16564169137740.68
a 10 58 0 1 10706849863582.406
a 10 59 0 1 13143145150731.227
a 10 60 0 1 13564555965430.023
a 10 61 0 1 3984805722692.702
a 10 62 0 1 11614871951729.564
a 10 63 0 1 12791020007099.816
a 10 64 0 1 10483532899625.75
a 10 65 0 1 15299103074559.023
a 10 66 0 1 17835723845495.906
a 10 67 0 1 11416306188865.746
a 10 68 0 1 18184928927064.633
a 10 69 0 1 15356731492698.857
a 10 70 0 1 12466571823934.256
a 10 71 0 1 7386413599862.952
a 10 72 0 1 14522185344668.654
a 10 73 0 1 5154917881070.692
a 10 74 0 1 5808452653726.536
a 10 75 0 1 14946514538586.303
a 10 76 0 1 18603247707570.773
a 10 77 0 1 11003384396412.734
a 10 78 0 1 9307976198845.982
a 10 79 0 1 16119083957904.875
a 10 80 0 1 11899177653736.316
a 10 81 0 1 16912900470091.738
a 11 18 0 1 14235878126064.377
a 11 19 0 1 8378042664123.794
a 11 20 0 1 5097767978939.838
a 11 21 0 1 3309202243589.14
a 11 22 0 1 13474668804473.506
a 11 23 0 1 9364114137070.55
a 11 24 0 1 3746694902889.866
a 11 25 0 1 12725578035161.164
a 11 26 0 1 8275491288954.423
a 11 27 0 1 9756938642070.418
a 11 28 0 1 3686334387014.716
a 11 29 0 1 8334284714881.249
a 11 30 0 1 6761794695667.953
a 11 31 0 1 3097338980116.134
a 11 32 0 1 6374259989264.567
a 11 33 0 1 10312857572394.492
a 11 34 0 1 11673541937052.98
a 11 35 0 1 8628868053222.043
a 11 36 0 1 5855841027392.801
a 11 37 0 1 4588649119236.603
a 11 38 0 1 12868948732263.936
a 11 39 0 1 6908251798888.385
a 11 40 0 1 7376133019325.023
a 11 41 0 1 12671234775527.553
a 11 42 0 1 5163148436681.868
a 11 43 0 1 3228592335237.332
a 11 44 0 1 11700375604349.213
a 11 45 0 1 4365532604776.555
a 11 46 0 1 3880531486666.547
a 11 47 0 1 7839177628850.588
a 11 48 0 1 14112496206895.096
a 11 49 0 1 11985698683646.83
a 11 50 0 1 5507036918772.7295
a 11 51 0 1 10907869419118.01
a 11 52 0 1 12757925232781.168
a 11 53 0 1 3117856827101.296
a 11 54 0 1 6259778656825.932
a 11 55 0 1 6743413238773.835
a 11 56 0 1 10128171134330.31
a 11 57 0 1 12676388687328.164
a 11 58 0 1 8195139365997.727
a 11 59 0 1 10059244135198.229
a 11 60 0 1 10381657107626.156
a 11 61 0 1 3050567348429.6914
a 11 62 0 1 8889931273737.455
a 11 63 0 1 9789834605620.867
a 11 64 0 1 8024258539322.21
a 11 65 0 1 11708646965615.316
a 11 66 0 1 13649027279911.42
a 11 67 0 1 8737997481856.886
a 11 68 0 1 13916129778618.6
a 11 69 0 1 11752732605278.89
a 11 70 0 1 9541596065095.54
a 11 71 0 1 5654148379000.493
a 11 72 0 1 11114292834017.889
a 11 73 0 1 3946221857276.9214
a 11 74 0 1 4446441032191.645
a 11 75 0 1 11438914355141.582
a 11 76 0 1 14236089813649.035
a 11 77 0 1 8422042656709.747
a 11 78 0 1 7124695455013.537
a 11 79 0 1 12335917976764.67
a 11 80 0 1 9107466657394.904
a 11 81 0 1 12943147185121.56
a 12 18 0 1 28770839410262.273
a 12 19 0 1 16920438092917.76
a 12 20 0 1 10291574017912.844
a 12 21 0 1 6679345493788.242
a 12 22 0 1 27229988094739.074
a 12 23 0 1 18914116637433.613
a 12 24 0 1 7562775618067.687
a 12 25 0 1 25713937304872.938
a 12 26 0 1 16713122192155.117
a 12 27 0 1 19708473719079.926
a 12 28 0 1 7440884068640.999
a 12 29 0 1 16831977247044.242
a 12 30 0 1 13653643562743.635
a 12 31 0 1 6251562023583.448
a 12 32 0 1 12870534713389.637
a 12 33 0 1 20832760636960.273
a 12 34 0 1 23585221112206.312
a 12 35 0 1 17427522983490.71
a 12 36 0 1 11823053663354.717
a 12 37 0 1 9263191405355.586
a 12 38 0 1 26004078031608.61
a 12 39 0 1 13949614606284.086
a 12 40 0 1 14895210894338.746
a 12 41 0 1 25603964864481.64
a 12 42 0 1 10423646638528.18
a 12 43 0 1 6516579581336.105
a 12 44 0 1 23639510468806.57
a 12 45 0 1 8812551218923.297
a 12 46 0 1 7833050319193.556
a 12 47 0 1 15831134728577.377
a 12 48 0 1 28521069095460.754
a 12 49 0 1 24216791831693.902
a 12 50 0 1 11118356308363.326
a 12 51 0 1 22036271875521.79
a 12 52 0 1 25779397798609.062
a 12 53 0 1 6292989681144.395
a 12 54 0 1 12639210771634.951
a 12 55 0 1 13616497712793.611
a 12 56 0 1 20459235634791.734
a 12 57 0 1 25614394584309.29
a 12 58 0 1 16550687774106.64
a 12 59 0 1 20319836179370.473
a 12 60 0 1 20971910612871.75
a 12 61 0 1 6157126001856.625
a 12 62 0 1 17955337119429.734
a 12 63 0 1 19774998211559.332
a 12 64 0 1 16205255997037.057
a 12 65 0 1 23656244996120.16
a 12 66 0 1 27582902711374.39
a 12 67 0 1 17648155462777.594
a 12 68 0 1 28123566320873.453
a 12 69 0 1 23745439128450.09
a 12 70 0 1 19273005789766.89
a 12 71 0 1 11415562098571.322
a 12 72 0 1 22453837250113.85
a 12 73 0 1 7965711065363.61
a 12 74 0 1 8975963506765.217
a 12 75 0 1 23110541746691.926
a 12 76 0 1 28771267949918.598
a 12 77 0 1 17009389170506.451
a 12 78 0 1 14387038165222.303
a 12 79 0 1 24925427845818.633
a 12 80 0 1 18395172019424.215
a 12 81 0 1 26154238040031.363
a 13 18 0 1 30042302397940.402
a 13 19 0 1 17667133561643.297
a 13 20 0 1 10745377113280.6
a 13 21 0 1 6973740825957.8545
a 13 22 0 1 28433133452828.984
a 13 23 0 1 19748992945227.1
a 13 24 0 1 7896143963113.031
a 13 25 0 1 26849889329640.863
a 13 26 0 1 17450650459243.418
a 13 27 0 1 20578496392962.145
a 13 28 0 1 7768874607699.841
a 13 29 0 1 17574761052480.125
a 13 30 0 1 14255939339993.982
a 13 31 0 1 6527088423615.447
a 13 32 0 1 13438232161768.846
a 13 33 0 1 21752538913617.01
a 13 34 0 1 24626867014715.85
a 13 35 0 1 18196642919823.527
a 13 36 0 1 12344482806347.516
a 13 37 0 1 9671597845400.291
a 13 38 0 1 27152887573611.77
a 13 39 0 1 14564988299786.104
a 13 40 0 1 15552373388722.982
a 13 41 0 1 26735043721169.957
a 13 42 0 1 10883280726760.395
a 13 43 0 1 6803795307442.162
a 13 44 0 1 24683560891892.06
a 13 45 0 1 9201068252049.4
a 13 46 0 1 8178343637171.194
a 13 47 0 1 16529667925102.35
a 13 48 0 1 29781456150880.77
a 13 49 0 1 25286412466120.168
a 13 50 0 1 11608664806968.373
a 13 51 0 1 23009326755271.965
a 13 52 0 1 26918250611211.387
a 13 53 0 1 6570343312497.347
a 13 54 0 1 13196689403247.25
a 13 55 0 1 14217152211710.5
a 13 56 0 1 21362481975657.91
a 13 57 0 1 26745935603784.188
a 13 58 0 1 17281033751425.377
a 13 59 0 1 21216913185588.496
a 13 60 0 1 21897847942460.785
a 13 61 0 1 6428487222181.056
a 13 62 0 1 18747801122789.145
a 13 63 0 1 20647964569356.395
a 13 64 0 1 16920329105001.018
a 13 65 0 1 24701036611613.45
a 13 66 0 1 28801693217219.098
a 13 67 0 1 18427033131670.188
a 13 68 0 1 29366327698145.824
a 13 69 0 1 24794181309996.957
a 13 70 0 1 20123760333507.15
a 13 71 0 1 11918995071903.621
a 13 72 0 1 23445380366709.79
a 13 73 0 1 8316857881384.473
a 13 74 0 1 9371692638069.826
a 13 75 0 1 24131165043890.348
a 13 76 0 1 30042749941531.84
a 13 77 0 1 17760018064043.26
a 13 78 0 1 15021741766774.137
a 13 79 0 1 26026441792881.52
a 13 80 0 1 19207091223390.195
a 13 81 0 1 27309702239335.055
a 14 18 0 1 23955824581643.363
a 14 19 0 1 14091893708774.607
a 14 20 0 1 8572252707462.28
a 14 21 0 1 5563873485949.519
a 14 22 0 1 22673519809442.023
a 14 23 0 1 15751689604020.031
a 14 24 0 1 6299660932027.477
a 14 25 0 1 21411779671390.445
a 14 26 0 1 13919289813441.666
a 14 27 0 1 16412979632748.441
a 14 28 0 1 6198141915163.929
a 14 29 0 1 14018244502209.51
a 14 30 0 1 11371915605880.367
a 14 31 0 1 5207574058282.183
a 14 32 0 1 10719837514333.537
a 14 33 0 1 17348896530093.77
a 14 34 0 1 19640021290706.164
a 14 35 0 1 14514068861221.959
a 14 36 0 1 9847591556020.338
a 14 37 0 1 7715825433213.564
a 14 38 0 1 21653256322399.65
a 14 39 0 1 11618359278997.254
a 14 40 0 1 12405702004507.635
a 14 41 0 1 21320251735683.395
a 14 42 0 1 8682239074568.344
a 14 43 0 1 5428306990731.062
a 14 44 0 1 19685208843096.957
a 14 45 0 1 7340525880433.359
a 14 46 0 1 6524761154435.51
a 14 47 0 1 13184962789931.645
a 14 48 0 1 23747969563459.938
a 14 49 0 1 20165701069445.926
a 14 50 0 1 9260764556305.418
a 14 51 0 1 18350719022949.574
a 14 52 0 1 21466260990023.555
a 14 53 0 1 5242079272766.253
a 14 54 0 1 10527215221558.803
a 14 55 0 1 11340985490750.643
a 14 56 0 1 17037958732247.338
a 14 57 0 1 21328932206511.45
a 14 58 0 1 13784051691235.979
a 14 59 0 1 16921915660661.219
a 14 60 0 1 17464729630726.443
a 14 61 0 1 5128917820075.69
a 14 62 0 1 14953493446001.531
a 14 63 0 1 16468359328035.994
a 14 64 0 1 13496452531148.94
a 14 65 0 1 19699137748141.86
a 14 66 0 1 22967223995942.094
a 14 67 0 1 14697754562655.736
a 14 68 0 1 23417169725502.22
a 14 69 0 1 19773377912583.383
a 14 70 0 1 16050461801722.479
a 14 71 0 1 9508260519668.705
a 14 72 0 1 18698296416958.45
a 14 73 0 1 6635247751219.03
a 14 74 0 1 7476618708924.081
a 14 75 0 1 19244919579481.227
a 14 76 0 1 23956181204035.91
a 14 77 0 1 14165950810737.531
a 14 78 0 1 11982579859832.156
a 14 79 0 1 20755509897154.504
a 14 80 0 1 15319665265294.525
a 14 81 0 1 21778229565760.938
a 15 18 0 1 23068470020229.637
a 15 19 0 1 13570482741662.316
a 15 20 0 1 8255266848989.13
a 15 21 0 1 5358200489931.727
a 15 22 0 1 21833782953151.156
a 15 23 0 1 15168757586866.738
a 15 24 0 1 6066769967252.983
a 15 25 0 1 20618883651602.633
a 15 26 0 1 13404275184537.648
a 15 27 0 1 15805530307898.48
a 15 28 0 1 5969006567253.327
a 15 29 0 1 13499562850104.582
a 15 30 0 1 10951272859704.65
a 15 31 0 1 5015079559122.426
a 15 32 0 1 10323343561158.357
a 15 33 0 1 16706741970106.836
a 15 34 0 1 18912877907992.367
a 15 35 0 1 13977011937111.352
a 15 36 0 1 9483394543976.719
a 15 37 0 1 7430535750685.573
a 15 38 0 1 20851396738137.668
a 15 39 0 1 11188588929562.133
a 15 40 0 1 11946767279913.543
a 15 41 0 1 20530753088949.57
a 15 42 0 1 8361182209852.763
a 15 43 0 1 5227648334381.432
a 15 44 0 1 18956388802829.188
a 15 45 0 1 7069124051148.26
a 15 46 0 1 6283542480903.44
a 15 47 0 1 12697158043842.7
a 15 48 0 1 22868334506869.32
a 15 49 0 1 19419051608726.84
a 15 50 0 1 8918292668093.307
a 15 51 0 1 17671407366050.8
a 15 52 0 1 20671342676622.504
a 15 53 0 1 5048308569937.036
a 15 54 0 1 10137854095475.338
a 15 55 0 1 10921488276674.307
a 15 56 0 1 16407335021948.744
a 15 57 0 1 20539111357308.94
a 15 58 0 1 13274048532350.99
a 15 59 0 1 16295595100022.13
a 15 60 0 1 16818279300733.914
a 15 61 0 1 4939332449925.914
a 15 62 0 1 14400149739347.521
a 15 63 0 1 15858856639535.055
a 15 64 0 1 12997106330401.438
a 15 65 0 1 18969800880658.188
a 15 66 0 1 22116581786251.656
a 15 67 0 1 14153889725740.465
a 15 68 0 1 22549819474399.902
a 15 69 0 1 19041286362484.89
a 15 70 0 1 15456453259600.387
a 15 71 0 1 9156626343126.889
a 15 72 0 1 18006091359168.246
a 15 73 0 1 6389941412094.071
a 15 74 0 1 7200180936775.321
a 15 75 0 1 18532435497858.336
a 15 76 0 1 23068813397757.703
a 15 77 0 1 13641795367763.572
a 15 78 0 1 11539318857554.809
a 15 79 0 1 19986972054490.43
a 15 80 0 1 14752748596073.455
a 15 81 0 1 20971730811514.953
a 16 18 0 1 22489572098863.53
a 16 19 0 1 13230297711750.121
a 16 20 0 1 8048447191908.649
a 16 21 0 1 5224004852597.722
a 16 22 0 1 21285945205915.55
a 16 23 0 1 14788438726350.777
a 16 24 0 1 5914816185164.608
a 16 25 0 1 20101599890050.11
a 16 26 0 1 13068262919407.742
a 16 27 0 1 15409217614892.963
a 16 28 0 1 5819503096239.376
a 16 29 0 1 13161158336048.582
a 16 30 0 1 10676826947818.502
a 16 31 0 1 4889482192126.39
a 16 32 0 1 10064652200304.844
a 16 33 0 1 16287789618997.432
a 16 34 0 1 18438485100403.797
a 16 35 0 1 13626620032196.932
a 16 36 0 1 9245773771253.668
a 16 37 0 1 7244395364548.275
a 16 38 0 1 20328266057222.227
a 16 39 0 1 10908188252936.404
a 16 40 0 1 11647340170740.621
a 16 41 0 1 20015685433842.06
a 16 42 0 1 8151706558295.026
a 16 43 0 1 5096724282686.209
a 16 44 0 1 18480902285211.55
a 16 45 0 1 6892044479508.594
a 16 46 0 1 6126155388973.708
a 16 47 0 1 12378896742292.842
a 16 48 0 1 22294471841686.555
a 16 49 0 1 18931934723576.27
a 16 50 0 1 8694845554696.88
a 16 51 0 1 17228216237508.547
a 16 52 0 1 20152739774304.78
a 16 53 0 1 4921878545837.587
a 16 54 0 1 9883816182816.838
a 16 55 0 1 10647789700893.738
a 16 56 0 1 15995904687120.205
a 16 57 0 1 20023833529408.297
a 16 58 0 1 12941305595749.697
a 16 59 0 1 15886971883505.424
a 16 60 0 1 16396524662238.441
a 16 61 0 1 4815633141145.159
a 16 62 0 1 14039132971807.053
a 16 63 0 1 15461204444303.076
a 16 64 0 1 12671315685437.625
a 16 65 0 1 18493977228680.723
a 16 66 0 1 21561630623109.74
a 16 67 0 1 13799056595645.03
a 16 68 0 1 21983969936953.7
a 16 69 0 1 18563665789686.59
a 16 70 0 1 15068908624538.486
a 16 71 0 1 8927201659023.643
a 16 72 0 1 17554489527825.275
a 16 73 0 1 6229887379967.453
a 16 74 0 1 7019815773031.015
a 16 75 0 1 18067605212079.87
a 16 76 0 1 22489906837081.73
a 16 77 0 1 13299819933415.207
a 16 78 0 1 11250117040487.389
a 16 79 0 1 19485577195244.266
a 16 80 0 1 14382877406662.281
a 16 81 0 1 20445574014960.848
a 17 18 0 1 34641130086197.14
a 17 19 0 1 20367145995138.355
a 17 20 0 1 12386050353064.45
a 17 21 0 1 8038003353204.476
a 17 22 0 1 32784701087695.74
a 17 23 0 1 22768004271709.797
a 17 24 0 1 9101321988577.06
a 17 25 0 1 30958283569415.07
a 17 26 0 1 20117501767591.195
a 17 27 0 1 23724659911415.254
a 17 28 0 1 8954607645898.453
a 17 29 0 1 20260623527958.53
a 17 30 0 1 16433642760957.746
a 17 31 0 1 7523128274449.229
a 17 32 0 1 15490801661168.45
a 17 33 0 1 25078715908166.383
a 17 34 0 1 28393995693942.023
a 17 35 0 1 20977774226310.5
a 17 36 0 1 14229718048921.365
a 17 37 0 1 11148109043189.504
a 17 38 0 1 31307811961873.71
a 17 39 0 1 16789992630103.576
a 17 40 0 1 17928526104784.305
a 17 41 0 1 30825802589174.09
a 17 42 0 1 12545040404516.404
a 17 43 0 1 7842099026831.577
a 17 44 0 1 28459390384420.98
a 17 45 0 1 10605658460375.658
a 17 46 0 1 9426640190808.752
a 17 47 0 1 19055463395494.656
a 17 48 0 1 34340195812245.016
a 17 49 0 1 29154769735954.996
a 17 50 0 1 13381353552235.791
a 17 51 0 1 26528266601841.844
a 17 52 0 1 31037142474402.863
a 17 53 0 1 7572989657083.181
a 17 54 0 1 15212300754752.232
a 17 55 0 1 16388919415559.865
a 17 56 0 1 24628846132468.797
a 17 57 0 1 30838366975856.316
a 17 58 0 1 19921904313486.293
a 17 59 0 1 24460956849312.723
a 17 60 0 1 25246308768903.04
a 17 61 0 1 7409467597086.991
a 17 62 0 1 21613379940619.324
a 17 63 0 1 23804777935391.67
a 17 64 0 1 19505953245657.055
a 17 65 0 1 28479548130488.2
a 17 66 0 1 33209883304179.633
a 17 67 0 1 21243462926573.95
a 17 68 0 1 33861274275749.05
a 17 69 0 1 28586988103056.77
a 17 70 0 1 23200215203899.625
a 17 71 0 1 13739147472258.031
a 17 72 0 1 27031216018251.97
a 17 73 0 1 9586319816805.6
a 17 74 0 1 10802361941894.518
a 17 75 0 1 27822223887311.934
a 17 76 0 1 34641646412691.582
a 17 77 0 1 20474259234509.133
a 17 78 0 1 17316660750244.676
a 17 79 0 1 30008401621082.293
a 17 80 0 1 22143051121519.81
a 17 81 0 1 31488709457860.04
a 18 1 0 1 0
a 19 1 0 1 0
a 20 1 0 1 0
a 21 1 0 1 0
a 22 1 0 1 0
a 23 1 0 1 0
a 24 1 0 1 0
a 25 1 0 1 0
a 26 1 0 1 0
a 27 1 0 1 0
a 28 1 0 1 0
a 29 1 0 1 0
a 30 1 0 1 0
a 31 1 0 1 0
a 32 1 0 1 0
a 33 1 0 1 0
a 34 1 0 1 0
a 35 1 0 1 0
a 36 1 0 1 0
a 37 1 0 1 0
a 38 1 0 1 0
a 39 1 0 1 0
a 40 1 0 1 0
a 41 1 0 1 0
a 42 1 0 1 0
a 43 1 0 1 0
a 44 1 0 1 0
a 45 1 0 1 0
a 46 1 0 1 0
a 47 1 0 1 0
a 48 1 0 1 0
a 49 1 0 1 0
a 50 1 0 1 0
a 51 1 0 1 0
a 52 1 0 1 0
a 53 1 0 1 0
a 54 1 0 1 0
a 55 1 0 1 0
a 56 1 0 1 0
a 57 1 0 1 0
a 58 1 0 1 0
a 59 1 0 1 0
a 60 1 0 1 0
a 61 1 0 1 0
a 62 1 0 1 0
a 63 1 0 1 0
a 64 1 0 1 0
a 65 1 0 1 0
a 66 1 0 1 0
a 67 1 0 1 0
a 68 1 0 1 0
a 69 1 0 1 0
a 70 1 0 1 0
a 71 1 0 1 0
a 72 1 0 1 0
a 73 1 0 1 0
a 74 1 0 1 0
a 75 1 0 1 0
a 76 1 0 1 0
a 77 1 0 1 0
a 78 1 0 1 0
a 79 1 0 1 0
a 80 1 0 1 0
a 81 1 0 1 0
