p min 81 1087
n 0 16
n 1 -16
a 0 2 0 1 0
a 0 3 0 1 0
a 0 4 0 1 0
a 0 5 0 1 0
a 0 6 0 1 0
a 0 7 0 1 0
a 0 8 0 1 0
a 0 9 0 1 0
a 0 10 0 1 0
a 0 11 0 1 0
a 0 12 0 1 0
a 0 13 0 1 0
a 0 14 0 1 0
a 0 15 0 1 0
a 0 16 0 1 0
a 0 17 0 1 0
a 2 18 0 1 4482865827174.1
a 2 19 0 1 13926372389153.432
a 2 20 0 1 8845180724155.215
a 2 21 0 1 9180481303417.533
a 2 22 0 1 9212333967183.672
a 2 23 0 1 9195406886852.602
a 2 24 0 1 4411676571126.329
a 2 25 0 1 4981602100899.011
a 2 26 0 1 3738497282353.748
a 2 27 0 1 14290081506784.135
a 2 28 0 1 5897630026636.133
a 2 29 0 1 9392941648359.682
a 2 30 0 1 11728727610270.166
a 2 31 0 1 4335238482450.0776
a 2 32 0 1 8588325215529.395
a 2 33 0 1 8632372506890.725
a 2 34 0 1 8556800989978.841
a 2 35 0 1 9213723750267.771
a 2 36 0 1 9796072409462.414
a 2 37 0 1 3910824314884.85
a 2 38 0 1 7146976011427.486
a 2 39 0 1 10038091814489.705
a 2 40 0 1 12253145527949.258
a 2 41 0 1 13161466324928.154
a 2 42 0 1 3972848180218.2095
a 2 43 0 1 4081877204088.6665
a 2 44 0 1 12225434004911.78
a 2 45 0 1 10810594797538.672
a 2 46 0 1 5752675183641.741
a 2 47 0 1 6783084994434.901
a 2 48 0 1 12105209513599.514
a 2 49 0 1 6310135887145.836
a 2 50 0 1 13297863723496.865
a 2 51 0 1 9823334726516.617
a 2 52 0 1 8368245701051.3
a 2 53 0 1 12989861084203.557
a 2 54 0 1 5498860332159.162
a 2 55 0 1 11292635017066.812
a 2 56 0 1 12226650768617.395
a 2 57 0 1 13635791131518.371
a 2 58 0 1 14010431714457.0
a 2 59 0 1 13764328038115.52
a 2 60 0 1 13439098767366.502
a 2 61 0 1 10374551809029.994
a 2 62 0 1 4706121889250.133
a 2 63 0 1 14099565771646.025
a 2 64 0 1 8115836996614.933
a 2 65 0 1 5142316375240.75
a 2 66 0 1 3901455957604.8613
a 2 67 0 1 5322918801317.425
a 2 68 0 1 9960168985864.623
a 2 69 0 1 4739952323523.695
a 2 70 0 1 9680818460932.56
a 2 71 0 1 4936588616828.926
a 2 72 0 1 5046407535322.765
a 2 73 0 1 3804585597253.9106
a 2 74 0 1 5089947187136.597
a 2 75 0 1 11938701051758.217
a 2 76 0 1 8945097338806.523
a 2 77 0 1 8240106259347.696
a 2 78 0 1 5400776958156.391
a 2 79 0 1 9438406975784.484
a 2 80 0 1 9306068750693.533
a 3 18 0 1 8872741860291.738
a 3 19 0 1 27593289268814.434
a 3 20 0 1 17515505522199.344
a 3 21 0 1 18180166944144.49
a 3 22 0 1 18243310634306.254
a 3 23 0 1 18209754881232.62
a 3 24 0 1 8731769938167.289
a 3 25 0 1 9860423677689.438
a 3 26 0 1 7398824311661.648
a 3 27 0 1 28315096872892.242
a 3 28 0 1 11674786668476.018
a 3 29 0 1 18601350062051.008
a 3 30 0 1 23233166497356.797
a 3 31 0 1 8580406581381.571
a 3 32 0 1 17006378707166.709
a 3 33 0 1 17093685059517.027
a 3 34 0 1 16943894918919.049
a 3 35 0 1 18246065705690.38
a 3 36 0 1 19400575414866.254
a 3 37 0 1 7740025515093.125
a 3 38 0 1 14149953041040.66
a 3 39 0 1 19880425083252.37
a 3 40 0 1 24273413384072.61
a 3 41 0 1 26075470856384.297
a 3 42 0 1 7862833740486.946
a 3 43 0 1 8078717082967.472
a 3 44 0 1 24218441106892.434
a 3 45 0 1 21412235542516.598
a 3 46 0 1 11387651753551.682
a 3 47 0 1 13428951081697.635
a 3 48 0 1 23979951749148.19
a 3 49 0 1 12491953517239.666
a 3 50 0 1 26346107667849.78
a 3 51 0 1 19454626849113.49
a 3 52 0 1 16570171048389.988
a 3 53 0 1 25734987277161.258
a 3 54 0 1 10884903292799.715
a 3 55 0 1 22368217739282.203
a 3 56 0 1 24220854834599.91
a 3 57 0 1 27016652068843.816
a 3 58 0 1 27760105919704.938
a 3 59 0 1 27271719450979.645
a 3 60 0 1 26626352048072.08
a 3 61 0 1 20547564911728.414
a 3 62 0 1 9314857480420.256
a 3 63 0 1 27936996904098.2
a 3 64 0 1 16069912180495.906
a 3 65 0 1 10178720923947.031
a 3 66 0 1 7721476170275.294
a 3 67 0 1 10536420762099.783
a 3 68 0 1 19725925332878.74
a 3 69 0 1 9381854081918.879
a 3 70 0 1 19172071697775.81
a 3 71 0 1 9771275807351.82
a 3 72 0 1 9988770509834.84
a 3 73 0 1 7529675182629.631
a 3 74 0 1 10075001622695.395
a 3 75 0 1 23649659591312.855
a 3 76 0 1 17713563490134.07
a 3 77 0 1 16316202815637.076
a 3 78 0 1 10690630555203.227
a 3 79 0 1 18691483526792.363
a 3 80 0 1 18429130076037.402
a 4 18 0 1 11762273659470.086
a 4 19 0 1 36605178308867.96
a 4 20 0 1 23227210278473.65
a 4 21 0 1 24109216245399.406
a 4 22 0 1 24193010242944.41
a 4 23 0 1 24148480475743.816
a 4 24 0 1 11575331054788.75
a 4 25 0 1 13072092193899.297
a 4 26 0 1 9807812124998.916
a 4 27 0 1 37563747558719.18
a 4 28 0 1 15478470797291.938
a 4 29 0 1 24668149257566.285
a 4 30 0 1 30815992969979.89
a 4 31 0 1 11374610590786.07
a 4 32 0 1 22551628647825.957
a 4 33 0 1 22667477253059.043
a 4 34 0 1 22468718083894.215
a 4 35 0 1 24196666332998.61
a 4 36 0 1 25728813717240.883
a 4 37 0 1 10260236533886.752
a 4 38 0 1 18761798126565.02
a 4 39 0 1 26365660392747.875
a 4 40 0 1 32197015484482.195
a 4 41 0 1 34589667493312.562
a 4 42 0 1 10423080057888.43
a 4 43 0 1 10709344687560.982
a 4 44 0 1 32124032066119.64
a 4 45 0 1 28398802020531.723
a 4 46 0 1 15097623655045.266
a 4 47 0 1 17805320383077.65
a 4 48 0 1 31807407454688.62
a 4 49 0 1 16562381384344.768
a 4 50 0 1 34949029150633.184
a 4 51 0 1 25800548525843.805
a 4 52 0 1 21972827084902.59
a 4 53 0 1 34137571118996.1
a 4 54 0 1 14430812959840.959
a 4 55 0 1 29667777188432.918
a 4 56 0 1 32127236622287.434
a 4 57 0 1 35839434660797.75
a 4 58 0 1 36826708200906.53
a 4 59 0 1 36178146516935.17
a 4 60 0 1 35321155833875.07
a 4 61 0 1 27251113000471.9
a 4 62 0 1 12348575199339.967
a 4 63 0 1 37061619698474.766
a 4 64 0 1 21309059714529.95
a 4 65 0 1 13494224172497.06
a 4 66 0 1 10235640260772.137
a 4 67 0 1 13968624677230.227
a 4 68 0 1 26160608967863.5
a 4 69 0 1 12437422911851.8
a 4 70 0 1 25425556344060.91
a 4 71 0 1 12953864369167.87
a 4 72 0 1 13242307036537.27
a 4 73 0 1 9981315793842.248
a 4 74 0 1 13356668515882.492
a 4 75 0 1 31368912489480.926
a 4 76 0 1 23490028662633.715
a 4 77 0 1 21635846774973.477
a 4 78 0 1 14173149819833.072
a 4 79 0 1 24787763593404.902
a 4 80 0 1 24439601783036.867
a 5 18 0 1 8559462724657.823
a 5 19 0 1 26616995247170.023
a 5 20 0 1 16896473136304.676
a 5 21 0 1 17537596656104.592
a 5 22 0 1 17598504034543.066
a 5 23 0 1 17566136703785.887
a 5 24 0 1 8423473073515.889
a 5 25 0 1 9512233225961.113
a 5 26 0 1 7137629091219.931
a 5 27 0 1 27313183770699.117
a 5 28 0 1 11262444469053.717
a 5 29 0 1 17943862460916.18
a 5 30 0 1 22411538791254.973
a 5 31 0 1 8277459071162.195
a 5 32 0 1 16405373868447.785
a 5 33 0 1 16489588956281.967
a 5 34 0 1 16345102412971.764
a 5 35 0 1 17601161530958.547
a 5 36 0 1 18714777299274.832
a 5 37 0 1 7466774763452.377
a 5 38 0 1 13650052887836.357
a 5 39 0 1 19177627105650.934
a 5 40 0 1 23414898678935.63
a 5 41 0 1 25153035290538.375
a 5 42 0 1 7585243629324.701
a 5 43 0 1 7793498568468.204
a 5 44 0 1 23361875923767.46
a 5 45 0 1 20655157263723.43
a 5 46 0 1 10985463713539.535
a 5 47 0 1 12954561033887.895
a 5 48 0 1 23131844012671.566
a 5 49 0 1 12050709711915.377
a 5 50 0 1 25414070121932.164
a 5 51 0 1 18766913918246.477
a 5 52 0 1 15984610158807.86
a 5 53 0 1 24824630979729.156
a 5 54 0 1 10500492750213.38
a 5 55 0 1 21577254498505.504
a 5 56 0 1 23364204052187.38
a 5 57 0 1 26060821651248.91
a 5 58 0 1 26777891448043.777
a 5 59 0 1 26306837568213.484
a 5 60 0 1 25684371044896.15
a 5 61 0 1 19821128844012.82
a 5 62 0 1 8985951953075.441
a 5 63 0 1 26948504197037.434
a 5 64 0 1 15502061133725.18
a 5 65 0 1 9819278075542.129
a 5 66 0 1 7448880839003.772
a 5 67 0 1 10164331613085.385
a 5 68 0 1 19028601089044.195
a 5 69 0 1 9050580453817.957
a 5 70 0 1 18494368255073.47
a 5 71 0 1 9426236755203.78
a 5 72 0 1 9636042855795.715
a 5 73 0 1 7263856766582.051
a 5 74 0 1 9719225530906.035
a 5 75 0 1 22813264125351.008
a 5 76 0 1 17087517567194.467
a 5 77 0 1 15739632992059.48
a 5 78 0 1 10313089085367.396
a 5 79 0 1 18030803429554.87
a 5 80 0 1 17777742269438.723
a 6 18 0 1 7928064330686.139
a 6 19 0 1 24649776354314.03
a 6 20 0 1 15648976801843.912
a 6 21 0 1 16242676473946.14
a 6 22 0 1 16299078201999.352
a 6 23 0 1 16269105266203.115
a 6 24 0 1 7802115122278.034
a 6 25 0 1 8810481329153.178
a 6 26 0 1 6611193699147.93
a 6 27 0 1 25294360735810.938
a 6 28 0 1 10431418014105.852
a 6 29 0 1 16618887478731.916
a 6 30 0 1 20755881505329.22
a 6 31 0 1 7666881360432.817
a 6 32 0 1 15194199716847.871
a 6 33 0 1 15272186444494.598
a 6 34 0 1 15138385735213.654
a 6 35 0 1 16301539107604.902
a 6 36 0 1 17332764291610.875
a 6 37 0 1 6916043918109.918
a 6 38 0 1 12642594455162.725
a 6 39 0 1 17761364515015.418
a 6 40 0 1 21684932760133.23
a 6 41 0 1 23294305695589.723
a 6 42 0 1 7025767743661.337
a 6 43 0 1 7218649350106.568
a 6 44 0 1 21635837257458.07
a 6 45 0 1 19129538980333.04
a 6 46 0 1 10174898897026.832
a 6 47 0 1 11998505143360.596
a 6 48 0 1 21422842675613.652
a 6 49 0 1 11161444443797.758
a 6 50 0 1 23535998567389.742
a 6 51 0 1 17381043116441.416
a 6 52 0 1 14804553078006.51
a 6 53 0 1 22990233707682.99
a 6 54 0 1 9725751701759.172
a 6 55 0 1 19983372037786.066
a 6 56 0 1 21637992948615.523
a 6 57 0 1 24134822958155.535
a 6 58 0 1 24798746997145.637
a 6 59 0 1 24362606276443.137
a 6 60 0 1 23786269804543.81
a 6 61 0 1 18357243319192.4
a 6 62 0 1 8323062945850.111
a 6 63 0 1 24956713554801.367
a 6 64 0 1 14357686945255.01
a 6 65 0 1 9094850641861.377
a 6 66 0 1 6899470853909.22
a 6 67 0 1 9414419895031.877
a 6 68 0 1 17623366373146.527
a 6 69 0 1 8382919232982.276
a 6 70 0 1 17128663708337.621
a 6 71 0 1 8730835508552.804
a 6 72 0 1 8925147685687.768
a 6 73 0 1 6728104246896.025
a 6 74 0 1 9002187230252.084
a 6 75 0 1 21127857049559.887
a 6 76 0 1 15825890371866.7
a 6 77 0 1 14577691615203.324
a 6 78 0 1 9552190152504.408
a 6 79 0 1 16699396375574.002
a 6 80 0 1 16465056869349.834
a 7 18 0 1 8900152230325.373
a 7 19 0 1 27678717243231.43
a 7 20 0 1 17569669858110.58
a 7 21 0 1 18236390974249.965
a 7 22 0 1 18299730354456.203
a 7 23 0 1 18266070607630.14
a 7 24 0 1 8758744367382.431
a 7 25 0 1 9890888747832.885
a 7 26 0 1 7421677448501.013
a 7 27 0 1 28402766857057.14
a 7 28 0 1 11710865012571.498
a 7 29 0 1 18658879444302.645
a 7 30 0 1 23305059420850.242
a 7 31 0 1 8606912951163.884
a 7 32 0 1 17058965543062.867
a 7 33 0 1 17146542395924.07
a 7 34 0 1 16996288165189.07
a 7 35 0 1 18302493964209.723
a 7 36 0 1 19460582146126.785
a 7 37 0 1 7763933480307.948
a 7 38 0 1 14193692846197.629
a 7 39 0 1 19941919418363.08
a 7 40 0 1 24348534289342.7
a 7 41 0 1 26156185547627.355
a 7 42 0 1 7887121389422.889
a 7 43 0 1 8103672200199.34
a 7 44 0 1 24293391408719.305
a 7 45 0 1 21478479816507.88
a 7 46 0 1 11422841603320.516
a 7 47 0 1 13470458694472.723
a 7 48 0 1 24054161937433.152
a 7 49 0 1 12530560779525.762
a 7 50 0 1 26427662646836.43
a 7 51 0 1 19514801139452.594
a 7 52 0 1 16621406467609.707
a 7 53 0 1 25814644891261.69
a 7 54 0 1 10918537607567.26
a 7 55 0 1 22437427237703.0
a 7 56 0 1 24295812627253.203
a 7 57 0 1 27100289216500.516
a 7 58 0 1 27846052010839.41
a 7 59 0 1 27356148716332.21
a 7 60 0 1 26708777200257.992
a 7 61 0 1 20611127751435.78
a 7 62 0 1 9343635138500.2
a 7 63 0 1 28023492423684.094
a 7 64 0 1 16119597913338.293
a 7 65 0 1 10210170571581.307
a 7 66 0 1 7745326787789.717
a 7 67 0 1 10568976956238.35
a 7 68 0 1 19786940678267.914
a 7 69 0 1 9410838946065.89
a 7 70 0 1 19231370092187.12
a 7 71 0 1 9801465132549.709
a 7 72 0 1 10019632581935.27
a 7 73 0 1 7552932836972.066
a 7 74 0 1 10106130431172.605
a 7 75 0 1 23722844838089.164
a 7 76 0 1 17768341547333.92
a 7 77 0 1 16366651477579.059
a 7 78 0 1 10723663826424.102
a 7 79 0 1 18749292271759.477
a 7 80 0 1 18486125689999.99
a 8 18 0 1 9787455601841.205
a 8 19 0 1 30444729956965.35
a 8 20 0 1 19323208349286.684
a 8 21 0 1 20056625260019.492
a 8 22 0 1 20126301414023.637
a 8 23 0 1 20089274172872.26
a 8 24 0 1 9631934399773.719
a 8 25 0 1 10877087646039.977
a 8 26 0 1 8161445291412.326
a 8 27 0 1 31241396500344.086
a 8 28 0 1 12878798992396.13
a 8 29 0 1 20521383414996.965
a 8 30 0 1 25632709083139.76
a 8 31 0 1 9464949874950.441
a 8 32 0 1 18761423079274.113
a 8 33 0 1 18857758952624.996
a 8 34 0 1 18692477127313.02
a 8 35 0 1 20129341510796.273
a 8 36 0 1 21403308365459.27
a 8 37 0 1 8537849799050.005
a 8 38 0 1 15609686566059.408
a 8 39 0 1 21932818399728.82
a 8 40 0 1 26780725256179.066
a 8 41 0 1 28769542813761.137
a 8 42 0 1 8673329463061.921
a 8 43 0 1 8911488758080.043
a 8 44 0 1 26720057153491.945
a 8 45 0 1 23623198755620.95
a 8 46 0 1 12562009212233.568
a 8 47 0 1 14814177869023.53
a 8 48 0 1 26456858193233.074
a 8 49 0 1 13780373452112.69
a 8 50 0 1 29068235038239.473
a 8 51 0 1 21462953361561.035
a 8 52 0 1 18280104335529.926
a 8 53 0 1 28393765936251.8
a 8 54 0 1 12007342850373.53
a 8 55 0 1 24678173564335.97
a 8 56 0 1 26722720972349.652
a 8 57 0 1 29808299361381.348
a 8 58 0 1 30628846005682.285
a 8 59 0 1 30089814433165.12
a 8 60 0 1 29377532828288.227
a 8 61 0 1 22669011596941.758
a 8 62 0 1 10275203999266.62
a 8 63 0 1 30824081928340.76
a 8 64 0 1 17728116582729.36
a 8 65 0 1 11228245535318.629
a 8 66 0 1 8517386554216.376
a 8 67 0 1 11622877065837.246
a 8 68 0 1 21762328576266.59
a 8 69 0 1 10349116073899.342
a 8 70 0 1 21151158582122.324
a 8 71 0 1 10778736727994.152
a 8 72 0 1 11018684538399.47
a 8 73 0 1 8305796290474.317
a 8 74 0 1 11113818080399.27
a 8 75 0 1 26092347325483.71
a 8 76 0 1 19541753086499.375
a 8 77 0 1 17999873890626.387
a 8 78 0 1 11793009703601.56
a 8 79 0 1 20620842572136.336
a 8 80 0 1 20331345218062.82
a 9 18 0 1 7930113434443.704
a 9 19 0 1 24656159673960.53
a 9 20 0 1 15653025067937.504
a 9 21 0 1 16246878612898.135
a 9 22 0 1 16303294960035.21
a 9 23 0 1 16273314255360.398
a 9 24 0 1 7804131643688.067
a 9 25 0 1 8812758735705.027
a 9 26 0 1 6612902182639.797
a 9 27 0 1 25300911464091.254
a 9 28 0 1 10434114917422.15
a 9 29 0 1 16623187133536.242
a 9 30 0 1 20761254048041.926
a 9 31 0 1 7668862898685.275
a 9 32 0 1 15198130129749.479
a 9 33 0 1 15276137066387.873
a 9 34 0 1 15142301685054.146
a 9 35 0 1 16305756503500.719
a 9 36 0 1 17337249010232.68
a 9 37 0 1 6917831244624.795
a 9 38 0 1 12645863861285.809
a 9 39 0 1 17765960357612.555
a 9 40 0 1 21690546383566.883
a 9 41 0 1 23300337059404.676
a 9 42 0 1 7027583449263.797
a 9 43 0 1 7220514944552.544
a 9 44 0 1 21641438139744.406
a 9 45 0 1 19134489625473.07
a 9 46 0 1 10177529403025.676
a 9 47 0 1 12001607756151.504
a 9 48 0 1 21428388283726.06
a 9 49 0 1 11164330328367.465
a 9 50 0 1 23542092680114.06
a 9 51 0 1 17385540351855.648
a 9 52 0 1 14808382525762.334
a 9 53 0 1 22996186132527.14
a 9 54 0 1 9728265960103.273
a 9 55 0 1 19988544160285.105
a 9 56 0 1 21643594390338.402
a 9 57 0 1 24141072554219.133
a 9 58 0 1 24805169004586.766
a 9 59 0 1 24368915021536.902
a 9 60 0 1 23792428896995.617
a 9 61 0 1 18361993674621.605
a 9 62 0 1 8325214239645.547
a 9 63 0 1 24963176587733.59
a 9 64 0 1 14361400612317.898
a 9 65 0 1 9097201631575.412
a 9 66 0 1 6901253894010.853
a 9 67 0 1 9416853581964.434
a 9 68 0 1 17627926435513.117
a 9 69 0 1 8385086012999.421
a 9 70 0 1 17133095513277.055
a 9 71 0 1 8733092306883.686
a 9 72 0 1 8927454762629.295
a 9 73 0 1 6729842966159.452
a 9 74 0 1 9004514241930.834
a 9 75 0 1 21133326110498.855
a 9 76 0 1 15829984487557.486
a 9 77 0 1 14581462282843.584
a 9 78 0 1 9554659493108.621
a 9 79 0 1 16703716899801.273
a 9 80 0 1 16469316649438.396
a 10 18 0 1 3056337332005.8496
a 10 19 0 1 9491464330096.773
a 10 20 0 1 6029521245517.971
a 10 21 0 1 6258009699421.186
a 10 22 0 1 6279715202916.451
a 10 23 0 1 6268180512980.53
a 10 24 0 1 3007809622142.965
a 10 25 0 1 3396304695114.07
a 10 26 0 1 2548909751641.315
a 10 27 0 1 9739218950008.502
a 10 28 0 1 4020689699062.052
a 10 29 0 1 6402786545922.1
a 10 30 0 1 7994312333945.09
a 10 31 0 1 2955703649069.999
a 10 32 0 1 5854484886442.176
a 10 33 0 1 5884501519993.2
a 10 34 0 1 5833002209084.365
a 10 35 0 1 6280662247881.602
a 10 36 0 1 6677485726056.07
a 10 37 0 1 2666385594589.7607
a 10 38 0 1 4872204110025.883
a 10 39 0 1 6842397375940.312
a 10 40 0 1 8351595525599.687
a 10 41 0 1 8970397212798.555
a 10 42 0 1 2708667082187.971
a 10 43 0 1 2782991382987.5366
a 10 44 0 1 8332716153603.178
a 10 45 0 1 7368760130184.241
a 10 46 0 1 3921888047279.498
a 10 47 0 1 4624195639821.624
a 10 48 0 1 8250808883029.163
a 10 49 0 1 4301849173917.628
a 10 50 0 1 9063315601105.111
a 10 51 0 1 6696062373247.354
a 10 52 0 1 5704507216497.433
a 10 53 0 1 8853492764496.377
a 10 54 0 1 3748884561343.709
a 10 55 0 1 7697194254243.333
a 10 56 0 1 8333545114065.764
a 10 57 0 1 9293518844370.152
a 10 58 0 1 9548725198597.543
a 10 59 0 1 9381079384028.547
a 10 60 0 1 9159528571973.33
a 10 61 0 1 7071655833321.676
a 10 62 0 1 3208523056288.437
a 10 63 0 1 9609442567724.818
a 10 64 0 1 5532495180854.892
a 10 65 0 1 3505854151163.896
a 10 66 0 1 2659999196123.4834
a 10 67 0 1 3628958648921.9087
a 10 68 0 1 6789301200107.559
a 10 69 0 1 3231583843908.461
a 10 70 0 1 6598950833842.097
a 10 71 0 1 3365621422589.875
a 10 72 0 1 3440478898530.138
a 10 73 0 1 2593962524926.203
a 10 74 0 1 3470157301510.8257
a 10 75 0 1 8137367794798.488
a 10 76 0 1 6097609376873.876
a 10 77 0 1 5617182867605.966
a 10 78 0 1 3682028802528.163
a 10 79 0 1 6433767689547.984
a 10 80 0 1 6343589022536.304
a 11 18 0 1 3532977335138.6855
a 11 19 0 1 10972939906782.438
a 11 20 0 1 6970205595919.041
a 11 21 0 1 7234370943388.231
a 11 22 0 1 7259465724170.537
a 11 23 0 1 7246129909669.2295
a 11 24 0 1 3476878632459.637
a 11 25 0 1 3925987043737.1343
a 11 26 0 1 2946388880446.2617
a 11 27 0 1 11259415469591.348
a 11 28 0 1 4647802271155.963
a 11 29 0 1 7401754817456.164
a 11 30 0 1 9241856154821.217
a 11 31 0 1 3416643516977.2056
a 11 32 0 1 6767839986543.353
a 11 33 0 1 6802543167855.639
a 11 34 0 1 6743003205429.263
a 11 35 0 1 7260560649034.102
a 11 36 0 1 7719350903025.384
a 11 37 0 1 3082190506571.886
a 11 38 0 1 5632214713798.757
a 11 39 0 1 7910016591965.974
a 11 40 0 1 9654956793776.44
a 11 41 0 1 10370444861918.557
a 11 42 0 1 3131067885117.132
a 11 43 0 1 3216986919655.348
a 11 44 0 1 9633127812486.406
a 11 45 0 1 8518588300918.128
a 11 46 0 1 4533582343238.143
a 11 47 0 1 5345495818190.439
a 11 48 0 1 9538423971917.787
a 11 49 0 1 4972839693145.044
a 11 50 0 1 10477882916334.012
a 11 51 0 1 7740828584671.547
a 11 52 0 1 6594446610340.907
a 11 53 0 1 10235273134379.07
a 11 54 0 1 4333582152534.195
a 11 55 0 1 8898324114061.15
a 11 56 0 1 9634086284863.438
a 11 57 0 1 10744059857239.809
a 11 58 0 1 11039149704651.027
a 11 59 0 1 10845303999175.752
a 11 60 0 1 10589130751776.986
a 11 61 0 1 8175079924655.582
a 11 62 0 1 3708906768077.74
a 11 63 0 1 11109356346219.055
a 11 64 0 1 6395579839046.397
a 11 65 0 1 4052629633943.531
a 11 66 0 1 3074807839587.577
a 11 67 0 1 4194942870198.77
a 11 68 0 1 7848628331616.9
a 11 69 0 1 3735565537021.2183
a 11 70 0 1 7628551715704.23
a 11 71 0 1 3890516312436.169
a 11 72 0 1 3977053741580.2812
a 11 73 0 1 2998469646687.029
a 11 74 0 1 4011362906906.937
a 11 75 0 1 9407260170339.717
a 11 76 0 1 7048924991614.891
a 11 77 0 1 6493488920441.391
a 11 78 0 1 4256294074654.789
a 11 79 0 1 7437573806154.939
a 11 80 0 1 7333313445208.349
a 12 18 0 1 5940788422851.9795
a 12 19 0 1 18462057988818.98
a 12 20 0 1 11723736404270.148
a 12 21 0 1 12168309407190.373
a 12 22 0 1 12210543242548.018
a 12 23 0 1 12188099407727.236
a 12 24 0 1 5846431330009.615
a 12 25 0 1 6601847583439.684
a 12 26 0 1 4954197405969.002
a 12 27 0 1 18944482267259.33
a 12 28 0 1 7816078009370.912
a 12 29 0 1 12450015078770.814
a 12 30 0 1 15547379388230.05
a 12 31 0 1 5745117784443.1455
a 12 32 0 1 11383180810487.637
a 12 33 0 1 11441581083013.818
a 12 34 0 1 11341384411957.164
a 12 35 0 1 12212385975187.92
a 12 36 0 1 12984547041411.326
a 12 37 0 1 5182595905531.012
a 12 38 0 1 9472268835624.602
a 12 39 0 1 13305460879400.3
a 12 40 0 1 16242857398795.926
a 12 41 0 1 17447528547937.309
a 12 42 0 1 5264801708862.033
a 12 43 0 1 5409308599556.355
a 12 44 0 1 16206105957293.709
a 12 45 0 1 14329826414563.979
a 12 46 0 1 7623929208564.6455
a 12 47 0 1 8989862057194.244
a 12 48 0 1 16046663302154.559
a 12 49 0 1 8362897702454.584
a 12 50 0 1 17628434302723.348
a 12 51 0 1 13020696143932.11
a 12 52 0 1 11091390421686.605
a 12 53 0 1 17219928779048.83
a 12 54 0 1 7287483116935.005
a 12 55 0 1 14969058435051.695
a 12 56 0 1 16207719646139.754
a 12 57 0 1 18076640081369.594
a 12 58 0 1 18573553222896.27
a 12 59 0 1 18247126382982.41
a 12 60 0 1 17815758247183.36
a 12 61 0 1 13751611106426.0
a 12 62 0 1 6236704219079.095
a 12 63 0 1 18691780287091.277
a 12 64 0 1 10756742606793.416
a 12 65 0 1 6814874536319.957
a 12 66 0 1 5170179212823.808
a 12 67 0 1 7054266318936.841
a 12 68 0 1 13202135825758.633
a 12 69 0 1 6281545359056.91
a 12 70 0 1 12831724208713.879
a 12 71 0 1 6542182619251.171
a 12 72 0 1 6687746951517.718
a 12 73 0 1 5041789072045.819
a 12 74 0 1 6745458836263.471
a 12 75 0 1 15825840863333.297
a 12 76 0 1 11856214067198.908
a 12 77 0 1 10921500147280.186
a 12 78 0 1 7157469713840.651
a 12 79 0 1 12510299102869.62
a 12 80 0 1 12334827920850.432
a 13 18 0 1 11813894467390.494
a 13 19 0 1 36766289169369.42
a 13 20 0 1 23329282301861.273
a 13 21 0 1 24215175062015.566
a 13 22 0 1 24299338361277.152
a 13 23 0 1 24254612339038.97
a 13 24 0 1 11626130333553.84
a 13 25 0 1 13129470064952.195
a 13 26 0 1 9850845703639.34
a 13 27 0 1 37729095736204.89
a 13 28 0 1 15546430002962.582
a 13 29 0 1 24776571571190.87
a 13 30 0 1 30951532927328.04
a 13 31 0 1 11424527832403.12
a 13 32 0 1 22650724077751.203
a 13 33 0 1 22767083075608.25
a 13 34 0 1 22567448244269.15
a 13 35 0 1 24303010564823.62
a 13 36 0 1 25841911784635.99
a 13 37 0 1 10305257563955.348
a 13 38 0 1 18844204290369.32
a 13 39 0 1 26481566438466.15
a 13 40 0 1 32338652326226.805
a 13 41 0 1 34741871932497.176
a 13 42 0 1 10468816492816.906
a 13 43 0 1 10756338806788.416
a 13 44 0 1 32265346654774.65
a 13 45 0 1 28523675343326.637
a 13 46 0 1 15163907806344.059
a 13 47 0 1 17883516819751.688
a 13 48 0 1 31947324072884.902
a 13 49 0 1 16635108688606.871
a 13 50 0 1 35102821283303.605
a 13 51 0 1 25913962865008.41
a 13 52 0 1 22069372701475.496
a 13 53 0 1 34287778341441.09
a 13 54 0 1 14494164677779.705
a 13 55 0 1 29798249529850.05
a 13 56 0 1 32268565360316.832
a 13 57 0 1 35997161257046.516
a 13 58 0 1 36988798241964.555
a 13 59 0 1 36337370002939.05
a 13 60 0 1 35476592196187.99
a 13 61 0 1 27370923862756.477
a 13 62 0 1 12402772770755.98
a 13 63 0 1 37224748122703.695
a 13 64 0 1 21402681635240.34
a 13 65 0 1 13553457817570.168
a 13 66 0 1 10280553236731.568
a 13 67 0 1 14029944095122.287
a 13 68 0 1 26275610857639.445
a 13 69 0 1 12492010994635.252
a 13 70 0 1 25537317437273.477
a 13 71 0 1 13010722520257.5
a 13 72 0 1 13300433183242.686
a 13 73 0 1 10025111530725.65
a 13 74 0 1 13415297419721.383
a 13 75 0 1 31506893220635.07
a 13 76 0 1 23593258782013.8
a 13 77 0 1 21730908038425.63
a 13 78 0 1 14235368533721.098
a 13 79 0 1 24896713148531.49
a 13 80 0 1 24547016735281.97
a 14 18 0 1 7967316625195.912
a 14 19 0 1 24772055283269.68
a 14 20 0 1 15726525045291.197
a 14 21 0 1 16323172318773.842
a 14 22 0 1 16379854091308.527
a 14 23 0 1 16349732334170.193
a 14 24 0 1 7840743272065.213
a 14 25 0 1 8854106975265.162
a 14 26 0 1 6643921104582.55
a 14 27 0 1 25419846589970.805
a 14 28 0 1 10483079520371.85
a 14 29 0 1 16701251346364.195
a 14 30 0 1 20858797764727.492
a 14 31 0 1 7704839375892.247
a 14 32 0 1 15269490355953.082
a 14 33 0 1 15347864208424.943
a 14 34 0 1 15213399318927.166
a 14 35 0 1 16382327215826.014
a 14 36 0 1 17418673261199.062
a 14 37 0 1 6950281632087.085
a 14 38 0 1 12705222820822.23
a 14 39 0 1 17849402188495.367
a 14 40 0 1 21792467208455.203
a 14 41 0 1 23409842470443.594
a 14 42 0 1 7060549084539.235
a 14 43 0 1 7254386356727.666
a 14 44 0 1 21743127633786.934
a 14 45 0 1 19224373299467.418
a 14 46 0 1 10225288498475.93
a 14 47 0 1 12057938414517.104
a 14 48 0 1 21529074208812.613
a 14 49 0 1 11216726070601.266
a 14 50 0 1 23652737375347.145
a 14 51 0 1 17467191859119.64
a 14 52 0 1 14877909622292.998
a 14 53 0 1 23104258309201.844
a 14 54 0 1 9773914467845.805
a 14 55 0 1 20082449012373.625
a 14 56 0 1 21745294041627.207
a 14 57 0 1 24254540243467.82
a 14 58 0 1 24921767039798.77
a 14 59 0 1 24483456635750.7
a 14 60 0 1 23904253380019.336
a 14 61 0 1 18448240860219.152
a 14 62 0 1 8364272784707.552
a 14 63 0 1 25080519492816.008
a 14 64 0 1 14428825588139.738
a 14 65 0 1 9139885842514.967
a 14 66 0 1 6933626457807.813
a 14 67 0 1 9461039239081.047
a 14 68 0 1 17710718636208.105
a 14 69 0 1 8424425724785.238
a 14 70 0 1 17213559057591.129
a 14 71 0 1 8774066384923.078
a 14 72 0 1 8969341695905.494
a 14 73 0 1 6761410845483.193
a 14 74 0 1 9046763109086.951
a 14 75 0 1 21232622230216.254
a 14 76 0 1 15904316913823.668
a 14 77 0 1 14649922164193.098
a 14 78 0 1 9599492476501.803
a 14 79 0 1 16782160019928.79
a 14 80 0 1 16546656893085.785
a 15 18 0 1 11393973337489.826
a 15 19 0 1 35455814310572.18
a 15 20 0 1 22498988763134.688
a 15 21 0 1 23353267586909.863
a 15 22 0 1 23434427114303.24
a 15 23 0 1 23391297362134.504
a 15 24 0 1 11212891839413.63
a 15 25 0 1 12662719010897.328
a 15 26 0 1 9500776862086.512
a 15 27 0 1 36384159244478.08
a 15 28 0 1 14993607902537.096
a 15 29 0 1 23894626901682.74
a 15 30 0 1 29849028502006.266
a 15 31 0 1 11018464179451.54
a 15 32 0 1 21844641337309.957
a 15 33 0 1 21956848932541.492
a 15 34 0 1 21764336514734.035
a 15 35 0 1 23437968256337.58
a 15 36 0 1 24921936446683.67
a 15 37 0 1 9939021833378.7
a 15 38 0 1 18173869675051.945
a 15 39 0 1 25538752293871.887
a 15 40 0 1 31186560603901.86
a 15 41 0 1 33503832800430.008
a 15 42 0 1 10096761326784.072
a 15 43 0 1 10374053069025.586
a 15 44 0 1 31115875875031.0
a 15 45 0 1 27507926188879.703
a 15 46 0 1 14624710889610.07
a 15 47 0 1 17247424115984.84
a 15 48 0 1 30809223255400.93
a 15 49 0 1 16043502249924.27
a 15 50 0 1 33851869397777.58
a 15 51 0 1 24991415112409.44
a 15 52 0 1 21284029540582.168
a 15 53 0 1 33065982674200.098
a 15 54 0 1 13978820774461.188
a 15 55 0 1 28736961513409.91
a 15 56 0 1 31118979501119.023
a 15 57 0 1 34714210419425.312
a 15 58 0 1 35670359794108.3
a 15 59 0 1 35042245030530.023
a 15 60 0 1 34212267782623.63
a 15 61 0 1 26396349907868.758
a 15 62 0 1 11961891308923.012
a 15 63 0 1 35897864610124.95
a 15 64 0 1 20641119232835.062
a 15 65 0 1 13071611356153.645
a 15 66 0 1 9915196469068.486
a 15 67 0 1 13531131403943.014
a 15 68 0 1 25340150690916.69
a 15 69 0 1 12047952978974.627
a 15 70 0 1 24628216470582.668
a 15 71 0 1 12548199028279.01
a 15 72 0 1 12827595431172.066
a 15 73 0 1 9668842919978.734
a 15 74 0 1 12938370094909.979
a 15 75 0 1 30384537387413.637
a 15 76 0 1 22753545638767.043
a 15 77 0 1 20957638295227.51
a 15 78 0 1 13729240748119.746
a 15 79 0 1 24010480097720.312
a 15 80 0 1 23673265569391.977
a 16 18 0 1 6653617727672.589
a 16 19 0 1 20680883869500.496
a 16 20 0 1 13131505724008.586
a 16 21 0 1 13629546227744.684
a 16 22 0 1 13676859722449.344
a 16 23 0 1 13651716456582.664
a 16 24 0 1 6547930283546.56
a 16 25 0 1 7394064266200.764
a 16 26 0 1 5548570997328.965
a 16 27 0 1 21221429139852.414
a 16 28 0 1 8754148331045.636
a 16 29 0 1 13945134994098.912
a 16 30 0 1 17415207601203.834
a 16 31 0 1 6434451366390.002
a 16 32 0 1 12749996647636.416
a 16 33 0 1 12815419584166.629
a 16 34 0 1 12703174274780.924
a 16 35 0 1 13678924090353.912
a 16 36 0 1 14543966350793.305
a 16 37 0 1 5804389635150.752
a 16 38 0 1 10609354838818.049
a 16 39 0 1 14903487500576.508
a 16 40 0 1 18194413980570.63
a 16 41 0 1 19544150644920.37
a 16 42 0 1 5896464963815.308
a 16 43 0 1 6058321677231.545
a 16 44 0 1 18153237669165.902
a 16 45 0 1 16051109990804.184
a 16 46 0 1 8538915529618.701
a 16 47 0 1 10068971017056.83
a 16 48 0 1 17974598620013.215
a 16 49 0 1 9366667050494.133
a 16 50 0 1 19746844816676.45
a 16 51 0 1 14584464185738.791
a 16 52 0 1 12423119893245.895
a 16 53 0 1 19289140043454.996
a 16 54 0 1 8162052883996.235
a 16 55 0 1 16767274217472.86
a 16 56 0 1 18155045645109.04
a 16 57 0 1 20249037197114.67
a 16 58 0 1 20805811063400.72
a 16 59 0 1 20440060294781.477
a 16 60 0 1 19956731261103.61
a 16 61 0 1 15403316824969.08
a 16 62 0 1 6985068729198.339
a 16 63 0 1 20938281500861.285
a 16 64 0 1 12048235568081.055
a 16 65 0 1 7632676762061.088
a 16 66 0 1 5790482228126.458
a 16 67 0 1 7900822305732.021
a 16 68 0 1 14787731650742.79
a 16 69 0 1 7035294877871.268
a 16 70 0 1 14372759398888.842
a 16 71 0 1 7327233510060.216
a 16 72 0 1 7490280384877.105
a 16 73 0 1 5646678196517.188
a 16 74 0 1 7554923754236.631
a 16 75 0 1 17727191158383.63
a 16 76 0 1 13279915448460.227
a 16 77 0 1 12232802361522.924
a 16 78 0 1 8016422186561.204
a 16 79 0 1 14012670201282.139
a 16 80 0 1 13816093016751.285
a 17 18 0 1 7955809373316.046
a 17 19 0 1 24736207596917.215
a 17 20 0 1 15703790834148.139
a 17 21 0 1 16299573976761.373
a 17 22 0 1 16356173650289.025
a 17 23 0 1 16326095522235.406
a 17 24 0 1 7829418995810.885
a 17 25 0 1 8841317621593.857
a 17 26 0 1 6634326702460.548
a 17 27 0 1 25383058741451.008
a 17 28 0 1 10467934353117.867
a 17 29 0 1 16677105366934.941
a 17 30 0 1 20828626548756.125
a 17 31 0 1 7693711557653.99
a 17 32 0 1 15247417993047.824
a 17 33 0 1 15325678354489.252
a 17 34 0 1 15191408178662.727
a 17 35 0 1 16358643192659.883
a 17 36 0 1 17393487984323.012
a 17 37 0 1 6940244465019.945
a 17 38 0 1 12686862575684.186
a 17 39 0 1 17823592851276.4
a 17 40 0 1 21760942099565.71
a 17 41 0 1 23375971354380.082
a 17 42 0 1 7050352546742.009
a 17 43 0 1 7243909654050.317
a 17 44 0 1 21711674078371.605
a 17 45 0 1 19196571425798.395
a 17 46 0 1 10210516206339.498
a 17 47 0 1 12040514853602.318
a 17 48 0 1 21497931069579.754
a 17 49 0 1 11200519618425.479
a 17 50 0 1 23618513864216.453
a 17 51 0 1 17441936289304.355
a 17 52 0 1 14856404266098.059
a 17 53 0 1 23070830510634.84
a 17 54 0 1 9759795000706.275
a 17 55 0 1 20053403340856.85
a 17 56 0 1 21713837344450.496
a 17 57 0 1 24219443544168.676
a 17 58 0 1 24885702083981.355
a 17 59 0 1 24448027757615.473
a 17 60 0 1 23869664945477.957
a 17 61 0 1 18421563794648.195
a 17 62 0 1 8352191654747.932
a 17 63 0 1 25044224139037.68
a 17 64 0 1 14407970440270.46
a 17 65 0 1 9126683260405.2
a 17 66 0 1 6923613362290.761
a 17 67 0 1 9447372245526.36
a 17 68 0 1 17685110236993.188
a 17 69 0 1 8412257627367.754
a 17 70 0 1 17188670938104.371
a 17 71 0 1 8761392762892.569
a 17 72 0 1 8956385719241.469
a 17 73 0 1 6751646646000.134
a 17 74 0 1 9033695182889.182
a 17 75 0 1 21201908974741.434
a 17 76 0 1 15881325217142.953
a 17 77 0 1 14628746909047.645
a 17 78 0 1 9585625258797.865
a 17 79 0 1 16757896840253.59
a 17 80 0 1 16522734845362.828
a 18 1 0 1 0
a 19 1 0 1 0
a 20 1 0 1 0
a 21 1 0 1 0
a 22 1 0 1 0
a 23 1 0 1 0
a 24 1 0 1 0
a 25 1 0 1 0
a 26 1 0 1 0
a 27 1 0 1 0
a 28 1 0 1 0
a 29 1 0 1 0
a 30 1 0 1 0
a 31 1 0 1 0
a 32 1 0 1 0
a 33 1 0 1 0
a 34 1 0 1 0
a 35 1 0 1 0
a 36 1 0 1 0
a 37 1 0 1 0
a 38 1 0 1 0
a 39 1 0 1 0
a 40 1 0 1 0
a 41 1 0 1 0
a 42 1 0 1 0
a 43 1 0 1 0
a 44 1 0 1 0
a 45 1 0 1 0
a 46 1 0 1 0
a 47 1 0 1 0
a 48 1 0 1 0
a 49 1 0 1 0
a 50 1 0 1 0
a 51 1 0 1 0
a 52 1 0 1 0
a 53 1 0 1 0
a 54 1 0 1 0
a 55 1 0 1 0
a 56 1 0 1 0
a 57 1 0 1 0
a 58 1 0 1 0
a 59 1 0 1 0
a 60 1 0 1 0
a 61 1 0 1 0
a 62 1 0 1 0
a 63 1 0 1 0
a 64 1 0 1 0
a 65 1 0 1 0
a 66 1 0 1 0
a 67 1 0 1 0
a 68 1 0 1 0
a 69 1 0 1 0
a 70 1 0 1 0
a 71 1 0 1 0
a 72 1 0 1 0
a 73 1 0 1 0
a 74 1 0 1 0
a 75 1 0 1 0
a 76 1 0 1 0
a 77 1 0 1 0
a 78 1 0 1 0
a 79 1 0 1 0
a 80 1 0 1 0
