p min 80 1199
n 0 19
n 1 -19
a 0 2 0 1 0
a 0 3 0 1 0
a 0 4 0 1 0
a 0 5 0 1 0
a 0 6 0 1 0
a 0 7 0 1 0
a 0 8 0 1 0
a 0 9 0 1 0
a 0 10 0 1 0
a 0 11 0 1 0
a 0 12 0 1 0
a 0 13 0 1 0
a 0 14 0 1 0
a 0 15 0 1 0
a 0 16 0 1 0
a 0 17 0 1 0
a 0 18 0 1 0
a 0 19 0 1 0
a 0 20 0 1 0
a 2 21 0 1 1905899630546.803
a 2 22 0 1 4121147308306.7173
a 2 23 0 1 3155126990135.7573
a 2 24 0 1 2697612424139.946
a 2 25 0 1 7762023665314.764
a 2 26 0 1 3819578286778.6987
a 2 27 0 1 6206821263508.724
a 2 28 0 1 6737882073139.205
a 2 29 0 1 2982832144520.9224
a 2 30 0 1 5080702824597.19
a 2 31 0 1 6999021925955.43
a 2 32 0 1 3089303049691.7407
a 2 33 0 1 5627590430075.242
a 2 34 0 1 8198976137061.372
a 2 35 0 1 8578452940061.6455
a 2 36 0 1 4985022883590.792
a 2 37 0 1 6841260313784.136
a 2 38 0 1 7545517877624.806
a 2 39 0 1 5391286258096.106
a 2 40 0 1 6310548214754.302
a 2 41 0 1 1833618473300.0874
a 2 42 0 1 5777812604057.917
a 2 43 0 1 4834325539118.371
a 2 44 0 1 3693217698060.8115
a 2 45 0 1 5863793039645.092
a 2 46 0 1 2287579427578.561
a 2 47 0 1 3880662264386.206
a 2 48 0 1 6874427321787.178
a 2 49 0 1 4140384328742.2466
a 2 50 0 1 6474783118303.179
a 2 51 0 1 8517809625591.261
a 2 52 0 1 5443117610631.393
a 2 53 0 1 4565669687788.492
a 2 54 0 1 6820231904942.803
a 2 55 0 1 4868751614514.192
a 2 56 0 1 4309246509829.9424
a 2 57 0 1 2839357166691.506
a 2 58 0 1 6508884714474.153
a 2 59 0 1 7008888419953.466
a 2 60 0 1 2526396686157.266
a 2 61 0 1 4758332992971.418
a 2 62 0 1 3167698339601.838
a 2 63 0 1 3109676973372.2817
a 2 64 0 1 4724282897156.824
a 2 65 0 1 8579599826183.136
a 2 66 0 1 3076176784166.859
a 2 67 0 1 6640631172903.6045
a 2 68 0 1 4393038332010.1724
a 2 69 0 1 2966511001236.4985
a 2 70 0 1 4812648400692.977
a 2 71 0 1 4806610310729.758
a 2 72 0 1 6353122377014.168
a 2 73 0 1 8985826993030.482
a 2 74 0 1 8342701580333.426
a 2 75 0 1 7549137176463.278
a 2 76 0 1 5355715013528.651
a 2 77 0 1 8723567601759.95
a 2 78 0 1 5369500410478.285
a 2 79 0 1 6762664604520.709
a 3 21 0 1 2496160646563.966
a 3 22 0 1 5397901558456.651
a 3 23 0 1 4132460386865.215
a 3 24 0 1 3533168269646.7217
a 3 25 0 1 10168062772011.393
a 3 26 0 1 5002850960269.519
a 3 27 0 1 8130333942696.706
a 3 28 0 1 8826139410349.514
a 3 29 0 1 3906771411702.722
a 3 30 0 1 6654960530197.174
a 3 31 0 1 9168299244909.732
a 3 32 0 1 4046237296209.413
a 3 33 0 1 7371445330751.987
a 3 34 0 1 10740627486726.125
a 3 35 0 1 11237892934022.602
a 3 36 0 1 6529611829461.545
a 3 37 0 1 8961590518287.354
a 3 38 0 1 9884369033423.379
a 3 39 0 1 7061856626838.982
a 3 40 0 1 8266236794112.282
a 3 41 0 1 2401487677090.705
a 3 42 0 1 7568258318059.979
a 3 43 0 1 6332187479140.809
a 3 44 0 1 4837323136586.324
a 3 45 0 1 7680906195893.305
a 3 46 0 1 2996088238077.3535
a 3 47 0 1 5082869307868.0625
a 3 48 0 1 9005047728083.662
a 3 49 0 1 5423102036283.116
a 3 50 0 1 8481419107168.112
a 3 51 0 1 11158425181972.025
a 3 52 0 1 7129761883987.823
a 3 53 0 1 5980234277043.306
a 3 54 0 1 8934038011723.703
a 3 55 0 1 6377287924557.348
a 3 56 0 1 5644312812278.94
a 3 57 0 1 3718835691427.028
a 3 58 0 1 8526099696762.485
a 3 59 0 1 9181226994534.047
a 3 60 0 1 3308900129939.4316
a 3 61 0 1 6232632588522.134
a 3 62 0 1 4148927703000.558
a 3 63 0 1 4072925151843.7744
a 3 64 0 1 6188025052386.012
a 3 65 0 1 11239395831151.938
a 3 66 0 1 4029043187400.583
a 3 67 0 1 8698717549558.293
a 3 68 0 1 5754081743576.758
a 3 69 0 1 3885392494067.465
a 3 70 0 1 6303789044839.314
a 3 71 0 1 6295878769593.739
a 3 72 0 1 8322017670820.214
a 3 73 0 1 11771729878974.91
a 3 74 0 1 10928963359062.504
a 3 75 0 1 9889111468348.639
a 3 76 0 1 7015254196965.627
a 3 77 0 1 11428054386361.057
a 3 78 0 1 7033314641651.515
a 3 79 0 1 8858610575349.84
a 4 21 0 1 4688485995415.57
a 4 22 0 1 10141742307462.105
a 4 23 0 1 7763198386573.44
a 4 24 0 1 6636971784495.087
a 4 25 0 1 19113301882064.836
a 4 26 0 1 9399133288416.11
a 4 27 0 1 15279747731142.178
a 4 28 0 1 16588579773178.682
a 4 29 0 1 7339053744450.078
a 4 30 0 1 12505134730391.15
a 4 31 0 1 17232260991190.045
a 4 32 0 1 7601154235964.578
a 4 33 0 1 13852464885898.963
a 4 34 0 1 20190746205522.188
a 4 35 0 1 21126595060939.65
a 4 36 0 1 12269440024953.494
a 4 37 0 1 16843389066613.787
a 4 38 0 1 18579497347520.234
a 4 39 0 1 13270267746435.207
a 4 40 0 1 15535370765712.783
a 4 41 0 1 4510620559091.217
a 4 42 0 1 14222600616526.479
a 4 43 0 1 11898232731133.818
a 4 44 0 1 9087994724635.523
a 4 45 0 1 14434458143833.607
a 4 46 0 1 5627774044037.97
a 4 47 0 1 9549545541472.494
a 4 48 0 1 16925141826562.512
a 4 49 0 1 10189115729597.375
a 4 50 0 1 15940126913093.441
a 4 51 0 1 20977031160187.73
a 4 52 0 1 13397963871486.928
a 4 53 0 1 11236509279432.574
a 4 54 0 1 16791556994599.094
a 4 55 0 1 11983031570943.184
a 4 56 0 1 10604971854851.174
a 4 57 0 1 6985874812647.47
a 4 58 0 1 16024172947041.018
a 4 59 0 1 17256581932974.342
a 4 60 0 1 6215548436497.438
a 4 61 0 1 11711050201304.73
a 4 62 0 1 7794146708862.012
a 4 63 0 1 7651309998175.079
a 4 64 0 1 11627180594964.307
a 4 65 0 1 21129423642340.527
a 4 66 0 1 7568840669317.733
a 4 67 0 1 16348881412931.283
a 4 68 0 1 10811334374299.13
a 4 69 0 1 7298876653109.84
a 4 70 0 1 11844837774113.996
a 4 71 0 1 11829964867803.775
a 4 72 0 1 15640292436119.793
a 4 73 0 1 22131376336269.066
a 4 74 0 1 20545181412256.523
a 4 75 0 1 18588420567347.39
a 4 76 0 1 13182632695981.691
a 4 77 0 1 21484502094307.293
a 4 78 0 1 13216594946583.748
a 4 79 0 1 16649663571576.771
a 5 21 0 1 6382210032906.37
a 5 22 0 1 13808599413553.697
a 5 23 0 1 10569020185742.662
a 5 24 0 1 9035322401990.318
a 5 25 0 1 26033660587849.17
a 5 26 0 1 12797096213569.191
a 5 27 0 1 20808762067527.777
a 5 28 0 1 22592431466442.45
a 5 29 0 1 9991402217374.715
a 5 30 0 1 17028178742224.398
a 5 31 0 1 23469708384167.348
a 5 32 0 1 10348339253435.057
a 5 33 0 1 18863890768700.49
a 5 34 0 1 27502452392731.387
a 5 35 0 1 28778326093968.484
a 5 36 0 1 16707070345994.016
a 5 37 0 1 22939706908685.184
a 5 38 0 1 25306017507948.457
a 5 39 0 1 18070632774338.97
a 5 40 0 1 21157108465992.016
a 5 41 0 1 6140044951752.983
a 5 42 0 1 19368229898673.293
a 5 43 0 1 16201353594542.021
a 5 44 0 1 12373314895139.826
a 5 45 0 1 19656909504840.613
a 5 46 0 1 7661116990703.421
a 5 47 0 1 13001966765245.402
a 5 48 0 1 23051127982453.8
a 5 49 0 1 13873128587065.145
a 5 50 0 1 21708698955973.16
a 5 51 0 1 28574413973860.625
a 5 52 0 1 18244618600922.125
a 5 53 0 1 15299889045893.244
a 5 54 0 1 22869065221594.84
a 5 55 0 1 16316878483522.273
a 5 56 0 1 14439593266062.678
a 5 57 0 1 9510443904476.766
a 5 58 0 1 21823236906313.94
a 5 59 0 1 23502856463939.957
a 5 60 0 1 8461464181547.702
a 5 61 0 1 15946350157167.047
a 5 62 0 1 10611167708517.852
a 5 63 0 1 10416643902078.963
a 5 64 0 1 15832093788711.473
a 5 65 0 1 28782182543984.223
a 5 66 0 1 10304333158501.924
a 5 67 0 1 22265757218141.32
a 5 68 0 1 14720700370585.744
a 5 69 0 1 9936688427096.322
a 5 70 0 1 16128611904493.604
a 5 71 0 1 16108350117233.75
a 5 72 0 1 21300091027792.04
a 5 73 0 1 30148288865712.555
a 5 74 0 1 27985653882420.547
a 5 75 0 1 25318180718008.78
a 5 76 0 1 17951231189794.81
a 5 77 0 1 29266299001304.688
a 5 78 0 1 17997504198510.85
a 5 79 0 1 22675680908134.06
a 6 21 0 1 7896363384677.462
a 6 22 0 1 17088103101220.951
a 6 23 0 1 13077973857375.104
a 6 24 0 1 11179726502185.848
a 6 25 0 1 32227374415546.055
a 6 26 0 1 15835932438935.82
a 6 27 0 1 25755721367128.85
a 6 28 0 1 27964797446058.23
a 6 29 0 1 12363041306565.078
a 6 30 0 1 21074180681874.227
a 6 31 0 1 29051385062451.082
a 6 32 0 1 12804828747999.219
a 6 33 0 1 23347243122649.84
a 6 34 0 1 34046980994924.234
a 6 35 0 1 35627711110077.23
a 6 36 0 1 20676593124610.33
a 6 37 0 1 28394923548615.246
a 6 38 0 1 31325991267683.242
a 6 39 0 1 22364966771438.95
a 6 40 0 1 26187131677873.176
a 6 41 0 1 7596695358418.827
a 6 42 0 1 23971778948978.13
a 6 43 0 1 20050442790369.73
a 6 44 0 1 15311341243126.777
a 6 45 0 1 24329265943054.92
a 6 46 0 1 9479017089454.021
a 6 47 0 1 16089542339772.354
a 6 48 0 1 28532928458254.543
a 6 49 0 1 17167988087994.271
a 6 50 0 1 26870266928461.438
a 6 51 0 1 35375068913376.31
a 6 52 0 1 22580406465463.016
a 6 53 0 1 18934342616885.63
a 6 54 0 1 28307427973852.895
a 6 55 0 1 20193477747782.26
a 6 56 0 1 17869264786049.39
a 6 57 0 1 11767764132122.22
a 6 58 0 1 27012122787016.445
a 6 59 0 1 29092443014695.414
a 6 60 0 1 10469507028479.72
a 6 61 0 1 19734718312114.727
a 6 62 0 1 13130141810522.45
a 6 63 0 1 12889371634048.465
a 6 64 0 1 19593256818397.363
a 6 65 0 1 35632489185909.79
a 6 66 0 1 12750361139906.174
a 6 67 0 1 27560194922380.918
a 6 68 0 1 18217280201126.793
a 6 69 0 1 12295321819207.11
a 6 70 0 1 19960379506797.28
a 6 71 0 1 19935292951375.484
a 6 72 0 1 26364211112991.69
a 6 73 0 1 37325135440292.77
a 6 74 0 1 34645625273484.855
a 6 75 0 1 31341058403271.29
a 6 76 0 1 22217117752184.812
a 6 77 0 1 36232309277795.67
a 6 78 0 1 22274415193081.566
a 6 79 0 1 28067907236922.113
a 7 21 0 1 7749872272964.977
a 7 22 0 1 16770759848315.322
a 7 23 0 1 12835212819831.555
a 7 24 0 1 10972246374392.98
a 7 25 0 1 31627854093659.73
a 7 26 0 1 15541884885415.154
a 7 27 0 1 25276942693927.832
a 7 28 0 1 27444823881548.8
a 7 29 0 1 12133569813833.611
a 7 30 0 1 20682635528693.69
a 7 31 0 1 28511141246030.945
a 7 32 0 1 12567145329828.537
a 7 33 0 1 22913354370702.734
a 7 34 0 1 33413480454799.695
a 7 35 0 1 34964679904532.395
a 7 36 0 1 20292452171311.355
a 7 37 0 1 27866926592644.094
a 7 38 0 1 30743298639101.65
a 7 39 0 1 21949378960508.215
a 7 40 0 1 25700309672976.098
a 7 41 0 1 7455768376920.159
a 7 42 0 1 23526252261883.793
a 7 43 0 1 19677961170792.664
a 7 44 0 1 15027051357666.695
a 7 45 0 1 23877076912650.45
a 7 46 0 1 9303133571141.3
a 7 47 0 1 15790777095896.498
a 7 48 0 1 28002357051482.016
a 7 49 0 1 16849158410917.791
a 7 50 0 1 26370706759368.086
a 7 51 0 1 34716758192116.2
a 7 52 0 1 22160805112383.055
a 7 53 0 1 18582639430789.312
a 7 54 0 1 27781063186724.79
a 7 55 0 1 19818332867993.02
a 7 56 0 1 17537385264628.232
a 7 57 0 1 11549356328720.328
a 7 58 0 1 26509917238913.152
a 7 59 0 1 28551433166103.473
a 7 60 0 1 10275223181405.654
a 7 61 0 1 19368115065724.7
a 7 62 0 1 12886410963390.572
a 7 63 0 1 12650116642991.076
a 7 64 0 1 19229287262311.707
a 7 65 0 1 34969368701977.812
a 7 66 0 1 12513690207535.867
a 7 67 0 1 27047767931479.355
a 7 68 0 1 17878923799089.676
a 7 69 0 1 12067109020850.344
a 7 70 0 1 19589574789477.0
a 7 71 0 1 19564955318446.902
a 7 72 0 1 25874087363745.58
a 7 73 0 1 36630381780903.82
a 7 74 0 1 34000942304266.41
a 7 75 0 1 30758084518323.48
a 7 76 0 1 21804284187250.055
a 7 77 0 1 35557980384811.18
a 7 78 0 1 21860514257978.59
a 7 79 0 1 27546010376790.516
a 8 21 0 1 4249792535952.2803
a 8 22 0 1 9192256870817.984
a 8 23 0 1 7036576296745.164
a 8 24 0 1 6015835598664.2
a 8 25 0 1 17322208608241.031
a 8 26 0 1 8519240252838.22
a 8 27 0 1 13848466898568.623
a 8 28 0 1 15034486010293.232
a 8 29 0 1 6652161278005.922
a 8 30 0 1 11334096011855.018
a 8 31 0 1 15617755748320.31
a 8 32 0 1 6889711234842.108
a 8 33 0 1 12555073470414.17
a 8 34 0 1 18298473578573.15
a 8 35 0 1 19146421399754.63
a 8 36 0 1 11120501118587.598
a 8 37 0 1 15265381630917.496
a 8 38 0 1 16838523526576.004
a 8 39 0 1 12027479169605.52
a 8 40 0 1 14080106439810.535
a 8 41 0 1 4088577493312.177
a 8 42 0 1 12890491631388.447
a 8 43 0 1 10784097712333.553
a 8 44 0 1 8237256329749.885
a 8 45 0 1 13082476381045.074
a 8 46 0 1 5101141413037.807
a 8 47 0 1 8655557736248.523
a 8 48 0 1 15339461682500.494
a 8 49 0 1 9235190403505.762
a 8 50 0 1 14446884260233.719
a 8 51 0 1 19010906669262.7
a 8 52 0 1 12143199556864.379
a 8 53 0 1 10184409859361.227
a 8 54 0 1 15218414065379.23
a 8 55 0 1 10860946166622.281
a 8 56 0 1 9612070149568.646
a 8 57 0 1 6332061929175.404
a 8 58 0 1 14523043840688.016
a 8 59 0 1 15639793935164.793
a 8 60 0 1 5633877704808.148
a 8 61 0 1 10614464137758.361
a 8 62 0 1 7064625552404.479
a 8 63 0 1 6935168833789.553
a 8 64 0 1 10538457350382.02
a 8 65 0 1 19148984276308.055
a 8 66 0 1 6860424500978.056
a 8 67 0 1 14817282011915.465
a 8 68 0 1 9799089955241.096
a 8 69 0 1 6615747391982.6875
a 8 70 0 1 10735708771591.396
a 8 71 0 1 10722230256904.955
a 8 72 0 1 14175183602890.162
a 8 73 0 1 20056807950982.59
a 8 74 0 1 18619619935836.934
a 8 75 0 1 16846608982053.916
a 8 76 0 1 11948062620750.37
a 8 77 0 1 19470706930794.16
a 8 78 0 1 11978839875778.062
a 8 79 0 1 15089837253072.62
a 9 21 0 1 1959169736902.718
a 9 22 0 1 4236364039296.986
a 9 23 0 1 3243326179925.823
a 9 24 0 1 2773018056624.4756
a 9 25 0 1 7979123529857.95
a 9 26 0 1 3926360108036.2344
a 9 27 0 1 6380390947110.727
a 9 28 0 1 6926314369578.913
a 9 29 0 1 3066213261727.522
a 9 30 0 1 5222762406524.551
a 9 31 0 1 7194763337225.787
a 9 32 0 1 3175661508159.689
a 9 33 0 1 5784951513277.086
a 9 34 0 1 8428309203637.017
a 9 35 0 1 8818411109552.238
a 9 36 0 1 5124405616766.119
a 9 37 0 1 7032586038077.883
a 9 38 0 1 7756556775847.495
a 9 39 0 1 5542035486390.589
a 9 40 0 1 6487020721386.322
a 9 41 0 1 1884867874847.0547
a 9 42 0 1 5939377136768.903
a 9 43 0 1 4969492318228.505
a 9 44 0 1 3796465382505.101
a 9 45 0 1 6027763505605.85
a 9 46 0 1 2351520415095.9907
a 9 47 0 1 3989152560773.8154
a 9 48 0 1 7066681364215.689
a 9 49 0 1 4256139141167.0713
a 9 50 0 1 6655851922947.27
a 9 51 0 1 8756069757766.221
a 9 52 0 1 5595317062583.08
a 9 53 0 1 4693320843312.657
a 9 54 0 1 7010969064596.748
a 9 55 0 1 5004881494572.383
a 9 56 0 1 4429724695483.14
a 9 57 0 1 2918726283297.228
a 9 58 0 1 6690907912944.386
a 9 59 0 1 7204905996084.358
a 9 60 0 1 2597014940199.615
a 9 61 0 1 4891373838875.926
a 9 62 0 1 3256249083724.0005
a 9 63 0 1 3196605174664.387
a 9 64 0 1 4856371185341.1045
a 9 65 0 1 8819590109183.564
a 9 66 0 1 3162168177061.87
a 9 67 0 1 6826341602727.21
a 9 68 0 1 4515860392897.277
a 9 69 0 1 3049435722331.484
a 9 70 0 1 4947208746054.731
a 9 71 0 1 4941001736678.157
a 9 72 0 1 6530786352180.796
a 9 73 0 1 9237192432499.043
a 9 74 0 1 8576058753272.383
a 9 75 0 1 7760277392511.578
a 9 76 0 1 5505468980763.362
a 9 77 0 1 8967589139378.71
a 9 78 0 1 5519640083459.015
a 9 79 0 1 6951790526612.084
a 10 21 0 1 1805630983044.925
a 10 22 0 1 3904282933358.9736
a 10 23 0 1 2989114350493.5
a 10 24 0 1 2555679813812.1
a 10 25 0 1 7353405625193.361
a 10 26 0 1 3618589788505.7666
a 10 27 0 1 5880129542609.511
a 10 28 0 1 6383217788839.072
a 10 29 0 1 2825888055495.4478
a 10 30 0 1 4813316414891.63
a 10 31 0 1 6630601434983.346
a 10 32 0 1 2926755021341.8125
a 10 33 0 1 5331404837661.679
a 10 34 0 1 7767334928882.096
a 10 35 0 1 8126815195082.514
a 10 36 0 1 4722674640717.065
a 10 37 0 1 6481150411132.485
a 10 38 0 1 7148306784987.957
a 10 39 0 1 5107544900078.454
a 10 40 0 1 5978393139306.308
a 10 41 0 1 1737153270289.2625
a 10 42 0 1 5473715688121.35
a 10 43 0 1 4579912271463.554
a 10 44 0 1 3498881048454.454
a 10 45 0 1 5555167920259.537
a 10 46 0 1 2167225741899.6555
a 10 47 0 1 3676458129924.179
a 10 48 0 1 6512570266580.225
a 10 49 0 1 3922507199737.7944
a 10 50 0 1 6133977448961.899
a 10 51 0 1 8069367592253.804
a 10 52 0 1 5156646768333.07
a 10 53 0 1 4325401858661.4126
a 10 54 0 1 6461229718158.664
a 10 55 0 1 4612525663351.06
a 10 56 0 1 4082479263554.9336
a 10 57 0 1 2689964466005.622
a 10 58 0 1 6166282804293.476
a 10 59 0 1 6639948170924.8545
a 10 60 0 1 2393474930510.659
a 10 61 0 1 4507921017203.382
a 10 62 0 1 3001024007398.732
a 10 63 0 1 2946056578712.045
a 10 64 0 1 4475663764817.851
a 10 65 0 1 8127901643510.87
a 10 66 0 1 2914319644509.836
a 10 67 0 1 6291089627157.628
a 10 68 0 1 4161859561209.873
a 10 69 0 1 2810425940052.4175
a 10 70 0 1 4559376522245.321
a 10 71 0 1 4553656361232.606
a 10 72 0 1 6018724861663.313
a 10 73 0 1 8512720822921.794
a 10 74 0 1 7903486952126.558
a 10 75 0 1 7151735399809.82
a 10 76 0 1 5073846850451.076
a 10 77 0 1 8264282599623.457
a 10 78 0 1 5086906305006.441
a 10 79 0 1 6406694870931.079
a 11 21 0 1 2598489433041.561
a 11 22 0 1 5619262662659.248
a 11 23 0 1 4301901646765.7925
a 11 24 0 1 3678026640363.334
a 11 25 0 1 10585280681919.666
a 11 26 0 1 5208001824333.459
a 11 27 0 1 8463857874296.484
a 11 28 0 1 9188236997409.375
a 11 29 0 1 4066954522971.8447
a 11 30 0 1 6927913160382.385
a 11 31 0 1 9544449572356.219
a 11 32 0 1 4212141478007.7036
a 11 33 0 1 7673810494097.384
a 11 34 0 1 11181369239762.482
a 11 35 0 1 11699067476827.816
a 11 36 0 1 6797419269078.871
a 11 37 0 1 9329251037940.715
a 11 38 0 1 10289932571429.82
a 11 39 0 1 7351512194541.184
a 11 40 0 1 8605341280680.155
a 11 41 0 1 2499934278080.898
a 11 42 0 1 7878703767547.945
a 11 43 0 1 6591891551085.97
a 11 44 0 1 5035682299767.311
a 11 45 0 1 7995976649351.185
a 11 46 0 1 3118918652064.553
a 11 47 0 1 5291303466934.381
a 11 48 0 1 9374493059366.438
a 11 49 0 1 5645497252001.858
a 11 50 0 1 8829359959168.758
a 11 51 0 1 11616334206945.23
a 11 52 0 1 7422205096554.501
a 11 53 0 1 6225493229069.824
a 11 54 0 1 9300566944332.121
a 11 55 0 1 6638843129954.927
a 11 56 0 1 5875785767268.7
a 11 57 0 1 3871309739472.381
a 11 58 0 1 8875875394336.555
a 11 59 0 1 9557908296172.104
a 11 60 0 1 3444559957051.4697
a 11 61 0 1 6488250532457.237
a 11 62 0 1 4319044500041.119
a 11 63 0 1 4239924125714.898
a 11 64 0 1 6441812157551.025
a 11 65 0 1 11700632132152.318
a 11 66 0 1 4194242034333.5312
a 11 67 0 1 9055582127453.908
a 11 68 0 1 5990059421552.831
a 11 69 0 1 4044698631455.992
a 11 70 0 1 6562327522339.6875
a 11 71 0 1 6554092576632.52
a 11 72 0 1 8663412730375.6
a 11 73 0 1 12254842656746.664
a 11 74 0 1 11377443604313.719
a 11 75 0 1 10294869822964.883
a 11 76 0 1 7302996669175.511
a 11 77 0 1 11897043365417.037
a 11 78 0 1 7321798518059.51
a 11 79 0 1 9222041726049.545
a 12 21 0 1 6495676761427.218
a 12 22 0 1 14054310723668.07
a 12 23 0 1 10757014754903.959
a 12 24 0 1 9196007703017.238
a 12 25 0 1 26497570215020.605
a 12 26 0 1 13024781753290.836
a 12 27 0 1 21179338882931.758
a 12 28 0 1 22994857273906.75
a 12 29 0 1 10169110476278.633
a 12 30 0 1 17331293904687.254
a 12 31 0 1 23887803630869.22
a 12 32 0 1 10532403737996.318
a 12 33 0 1 19199755359768.918
a 12 34 0 1 27992619761522.16
a 12 35 0 1 29291309725112.12
a 12 36 0 1 17004458325363.936
a 12 37 0 1 23348335174418.3
a 12 38 0 1 25756922333049.094
a 12 39 0 1 18392343773110.78
a 12 40 0 1 21533904267769.27
a 12 41 0 1 6249203227044.309
a 12 42 0 1 19713094456924.355
a 12 43 0 1 16489722651163.053
a 12 44 0 1 12593449593645.805
a 12 45 0 1 20006926049675.996
a 12 46 0 1 7797341306701.9375
a 12 47 0 1 13233302911775.652
a 12 48 0 1 23461746373674.664
a 12 49 0 1 14119990002032.15
a 12 50 0 1 22095343275019.145
a 12 51 0 1 29083750616355.98
a 12 52 0 1 18569433691646.25
a 12 53 0 1 15572184087618.734
a 12 54 0 1 23276431761716.46
a 12 55 0 1 16607307710005.234
a 12 56 0 1 14696551539782.76
a 12 57 0 1 9679588245605.607
a 12 58 0 1 22211926432917.03
a 12 59 0 1 23921543846634.76
a 12 60 0 1 8611933794520.85
a 12 61 0 1 16230171902892.373
a 12 62 0 1 10799912901804.807
a 12 63 0 1 10601924795560.896
a 12 64 0 1 16113878162888.521
a 12 65 0 1 29295235149800.77
a 12 66 0 1 10487613967236.432
a 12 67 0 1 22662348972486.45
a 12 68 0 1 14982669690441.006
a 12 69 0 1 10113422406540.363
a 12 70 0 1 16415683778034.074
a 12 71 0 1 16395060671685.367
a 12 72 0 1 21679439627032.43
a 12 73 0 1 30685778937599.918
a 12 74 0 1 28484461469942.77
a 12 75 0 1 25769302911873.17
a 12 76 0 1 18270812010708.73
a 12 77 0 1 29788010784324.664
a 12 78 0 1 18317910543593.55
a 12 79 0 1 23079593533119.36
a 13 21 0 1 5455255642287.078
a 13 22 0 1 11801567117976.268
a 13 23 0 1 9033339324811.809
a 13 24 0 1 7722686322213.188
a 13 25 0 1 22245201448510.297
a 13 26 0 1 10937267601042.463
a 13 27 0 1 17782195479749.445
a 13 28 0 1 19305858956686.156
a 13 29 0 1 8539731905105.866
a 13 30 0 1 14552407206921.982
a 13 31 0 1 20055221535717.58
a 13 32 0 1 8844756038826.93
a 13 33 0 1 16120724600818.336
a 13 34 0 1 23499673619369.125
a 13 35 0 1 24589327197354.18
a 13 36 0 1 14278062380597.89
a 13 37 0 1 19602501363531.258
a 13 38 0 1 21623709914204.4
a 13 39 0 1 15443026496038.924
a 13 40 0 1 18079770506669.26
a 13 41 0 1 5248283956627.892
a 13 42 0 1 16551583459165.107
a 13 43 0 1 13845988042895.441
a 13 44 0 1 10575150312197.125
a 13 45 0 1 16798200276291.426
a 13 46 0 1 6548273638820.685
a 13 47 0 1 11112325783645.326
a 13 48 0 1 19697676423385.98
a 13 49 0 1 11856704390861.021
a 13 50 0 1 18550959750656.105
a 13 51 0 1 24415180204114.758
a 13 52 0 1 15591668035615.324
a 13 53 0 1 13075776486673.92
a 13 54 0 1 19542159570749.066
a 13 55 0 1 13944690856822.725
a 13 56 0 1 12340717832184.996
a 13 57 0 1 8128718375784.852
a 13 58 0 1 18648801261513.668
a 13 59 0 1 20083535914455.53
a 13 60 0 1 7232266667024.431
a 13 61 0 1 13628115397480.986
a 13 62 0 1 9069356407374.855
a 13 63 0 1 8903126047608.658
a 13 64 0 1 13530495178709.3
a 13 65 0 1 24592620708448.02
a 13 66 0 1 8807150384902.633
a 13 67 0 1 19026810916622.46
a 13 68 0 1 12580905242880.06
a 13 69 0 1 8492975363112.011
a 13 70 0 1 13783838386473.643
a 13 71 0 1 13766526923416.477
a 13 72 0 1 18201912400687.246
a 13 73 0 1 25759285053147.14
a 13 74 0 1 23912354940989.38
a 13 75 0 1 21634098830321.477
a 13 76 0 1 15341017481694.957
a 13 77 0 1 25006065674837.68
a 13 78 0 1 15380550204955.443
a 13 79 0 1 19376970878795.58
a 14 21 0 1 7247002232035.706
a 14 22 0 1 15681488968267.531
a 14 23 0 1 12001911369975.244
a 14 24 0 1 10260037340454.752
a 14 25 0 1 29570315412968.2
a 14 26 0 1 14532563773858.016
a 14 27 0 1 23633685096341.04
a 14 28 0 1 25660215250987.297
a 14 29 0 1 11345880709024.39
a 14 30 0 1 19338719808856.11
a 14 31 0 1 26656981971910.652
a 14 32 0 1 11751271200445.477
a 14 33 0 1 21424133237782.58
a 14 34 0 1 31239360207766.664
a 14 35 0 1 32689247191813.754
a 14 36 0 1 18973945194745.613
a 14 37 0 1 26054788184521.59
a 14 38 0 1 28743495011112.3
a 14 39 0 1 20522958185895.812
a 14 40 0 1 24029452719338.28
a 14 41 0 1 6971997332009.926
a 14 42 0 1 21997095732592.77
a 14 43 0 1 18399465526100.754
a 14 44 0 1 14051218678749.016
a 14 45 0 1 22325058867689.316
a 14 46 0 1 8699375265338.692
a 14 47 0 1 14765264934607.504
a 14 48 0 1 26181385262233.887
a 14 49 0 1 15754786256008.984
a 14 50 0 1 24656141375557.203
a 14 51 0 1 32457520097528.88
a 14 52 0 1 20720611618532.9
a 14 53 0 1 17375450309887.482
a 14 54 0 1 25974525041148.74
a 14 55 0 1 18530697672114.375
a 14 56 0 1 16398227542834.637
a 14 57 0 1 10799640464787.047
a 14 58 0 1 24786274844122.285
a 14 59 0 1 26694645534971.445
a 14 60 0 1 9608308020396.344
a 14 61 0 1 18109792412953.598
a 14 62 0 1 12049780959520.654
a 14 63 0 1 11828848577720.545
a 14 64 0 1 17980002763861.504
a 14 65 0 1 32693629701651.32
a 14 66 0 1 11701291125817.818
a 14 67 0 1 25289053231685.977
a 14 68 0 1 16717538388415.934
a 14 69 0 1 11283740036039.93
a 14 70 0 1 18316833808884.88
a 14 71 0 1 18293817243876.516
a 14 72 0 1 24191901088640.88
a 14 73 0 1 34246120514772.613
a 14 74 0 1 31788457528312.977
a 14 75 0 1 28757315904350.047
a 14 76 0 1 20387314811518.7
a 14 77 0 1 33243788886376.94
a 14 78 0 1 20439882119402.227
a 14 79 0 1 25754802533702.24
a 15 21 0 1 1586968756142.193
a 15 22 0 1 3431373167672.2065
a 15 23 0 1 2627088727618.862
a 15 24 0 1 2246163051386.127
a 15 25 0 1 6462406841014.475
a 15 26 0 1 3180297532336.2173
a 15 27 0 1 5167751161654.943
a 15 28 0 1 5609850835404.06
a 15 29 0 1 2483637186012.6123
a 15 30 0 1 4230245520216.1313
a 15 31 0 1 5827242286075.936
a 15 32 0 1 2572284265413.6035
a 15 33 0 1 4685540384630.775
a 15 34 0 1 6826141657996.1
a 15 35 0 1 7142026703544.963
a 15 36 0 1 4150589069683.3154
a 15 37 0 1 5695910522741.257
a 15 38 0 1 6282177431912.807
a 15 39 0 1 4488813615622.688
a 15 40 0 1 5254102909719.467
a 15 41 0 1 1526785164076.2092
a 15 42 0 1 4810601666491.138
a 15 43 0 1 4025128367455.1055
a 15 44 0 1 3075093335167.7744
a 15 45 0 1 4882180809754.223
a 15 46 0 1 1904764723179.479
a 15 47 0 1 3231154114044.1978
a 15 48 0 1 5723521118584.446
a 15 49 0 1 3447389127249.882
a 15 50 0 1 5390826273853.349
a 15 51 0 1 7091546151991.678
a 15 52 0 1 4531964147846.603
a 15 53 0 1 3801461358610.1763
a 15 54 0 1 5678404948991.405
a 15 55 0 1 4053789318924.3438
a 15 56 0 1 3587976390692.0645
a 15 57 0 1 2364180147492.0913
a 15 58 0 1 5419215288707.233
a 15 59 0 1 5835455816905.858
a 15 60 0 1 2103607456636.8816
a 15 61 0 1 3961861692738.427
a 15 62 0 1 2637555512211.1416
a 15 63 0 1 2589247438704.1367
a 15 64 0 1 3933513637363.845
a 15 65 0 1 7142981390396.222
a 15 66 0 1 2561355429907.0107
a 15 67 0 1 5528891685772.439
a 15 68 0 1 3657737455763.159
a 15 69 0 1 2470048261353.992
a 15 70 0 1 4007081347071.595
a 15 71 0 1 4002054410916.7227
a 15 72 0 1 5289545414455.898
a 15 73 0 1 7481128900800.427
a 15 74 0 1 6945782501216.338
a 15 75 0 1 6285190315664.021
a 15 76 0 1 4459199865514.094
a 15 77 0 1 7262822196730.65
a 15 78 0 1 4470676480316.0205
a 15 79 0 1 5630481677270.213
a 16 21 0 1 2346248590613.737
a 16 22 0 1 5073617664972.08
a 16 23 0 1 3884233033353.839
a 16 24 0 1 3320952774614.7905
a 16 25 0 1 9556891584666.232
a 16 26 0 1 4702312944682.94
a 16 27 0 1 7641752188208.519
a 16 28 0 1 8295704190692.905
a 16 29 0 1 3672106405800.432
a 16 30 0 1 6255103264878.608
a 16 31 0 1 8617280422749.683
a 16 32 0 1 3803191432732.522
a 16 33 0 1 6928504377400.629
a 16 34 0 1 10095001169987.572
a 16 35 0 1 10562339295016.773
a 16 36 0 1 6137291349835.57
a 16 37 0 1 8423007032461.154
a 16 38 0 1 9290268054295.713
a 16 39 0 1 6637532691453.974
a 16 40 0 1 7769480828688.982
a 16 41 0 1 2257262878544.0825
a 16 42 0 1 7113481429953.024
a 16 43 0 1 5951737031217.821
a 16 44 0 1 4546734137872.219
a 16 45 0 1 7219354665536.979
a 16 46 0 1 2816142267893.3237
a 16 47 0 1 4777521677646.063
a 16 48 0 1 8463849957495.082
a 16 49 0 1 5097303312331.089
a 16 50 0 1 7971719981099.58
a 16 51 0 1 10487654430155.97
a 16 52 0 1 6701354594410.637
a 16 53 0 1 5620943566090.924
a 16 54 0 1 8397112007934.075
a 16 55 0 1 5994125881574.366
a 16 56 0 1 5305216492913.431
a 16 57 0 1 3495463817960.3623
a 16 58 0 1 8013712969179.892
a 16 59 0 1 8629430436775.492
a 16 60 0 1 3110159854344.74
a 16 61 0 1 5858167631909.387
a 16 62 0 1 3899710751669.243
a 16 63 0 1 3828275518818.681
a 16 64 0 1 5816241971603.463
a 16 65 0 1 10563751737210.107
a 16 66 0 1 3787030575059.187
a 16 67 0 1 8175947366547.261
a 16 68 0 1 5408386671916.988
a 16 69 0 1 3652012179012.131
a 16 70 0 1 5925045995613.996
a 16 71 0 1 5917611307875.5205
a 16 72 0 1 7821906557916.355
a 16 73 0 1 11064044321537.959
a 16 74 0 1 10272002653470.629
a 16 75 0 1 9294725139573.309
a 16 76 0 1 6593732575827.135
a 16 77 0 1 10741055258014.361
a 16 78 0 1 6610707006645.167
a 16 79 0 1 8326222025439.211
a 17 21 0 1 7188869286159.462
a 17 22 0 1 15555576205302.754
a 17 23 0 1 11905583873090.084
a 17 24 0 1 10177706533890.967
a 17 25 0 1 29332506644671.99
a 17 26 0 1 14415891495971.61
a 17 27 0 1 23443748517932.7
a 17 28 0 1 25453944302107.99
a 17 29 0 1 11254825348090.129
a 17 30 0 1 19183376807751.234
a 17 31 0 1 26442674044577.97
a 17 32 0 1 11656958045732.0
a 17 33 0 1 21251997619744.65
a 17 34 0 1 30988080792110.547
a 17 35 0 1 32426261754786.508
a 17 36 0 1 18821538688837.71
a 17 37 0 1 25845335993717.766
a 17 38 0 1 28512357502872.805
a 17 39 0 1 20358080185885.527
a 17 40 0 1 23836326742994.06
a 17 41 0 1 6916072137293.986
a 17 42 0 1 21820344981200.492
a 17 43 0 1 18251683179282.02
a 17 44 0 1 13938417004573.814
a 17 45 0 1 22145666146964.05
a 17 46 0 1 8629580305863.294
a 17 47 0 1 14646721301975.41
a 17 48 0 1 25970912322494.54
a 17 49 0 1 15628283901100.111
a 17 50 0 1 24457964473386.016
a 17 51 0 1 32196405826821.586
a 17 52 0 1 20554141943450.387
a 17 53 0 1 17235909063998.83
a 17 54 0 1 25765719994687.52
a 17 55 0 1 18381859051877.96
a 17 56 0 1 16266549022964.48
a 17 57 0 1 10712974315533.043
a 17 58 0 1 24587049013904.07
a 17 59 0 1 26480033888625.38
a 17 60 0 1 9531212701589.783
a 17 61 0 1 17964341501771.39
a 17 62 0 1 11953068731726.861
a 17 63 0 1 11733911962312.955
a 17 64 0 1 17835596415340.44
a 17 65 0 1 32430608875470.215
a 17 66 0 1 11607379636631.443
a 17 67 0 1 25085774512699.164
a 17 68 0 1 16583290889248.613
a 17 69 0 1 11193184022508.592
a 17 70 0 1 18169716539618.785
a 17 71 0 1 18146885225705.12
a 17 72 0 1 23997465895741.758
a 17 73 0 1 33970560958839.953
a 17 74 0 1 31532745295598.164
a 17 75 0 1 28526066891590.44
a 17 76 0 1 20223529086795.34
a 17 77 0 1 32976325194785.09
a 17 78 0 1 20275673097729.43
a 17 79 0 1 25547769001545.363
a 18 21 0 1 5253924529589.914
a 18 22 0 1 11365712991947.854
a 18 23 0 1 8699823492260.094
a 18 24 0 1 7437601960836.8125
a 18 25 0 1 21422691776549.543
a 18 26 0 1 10533372409180.266
a 18 27 0 1 17125029615454.229
a 18 28 0 1 18592263360593.926
a 18 29 0 1 8224457589684.497
a 18 30 0 1 14014795344064.041
a 18 31 0 1 19313865881523.305
a 18 32 0 1 8518209634703.207
a 18 33 0 1 15525070517736.354
a 18 34 0 1 22630659256488.414
a 18 35 0 1 23679907654961.73
a 18 36 0 1 13750601734615.01
a 18 37 0 1 18877917232152.08
a 18 38 0 1 20824234839631.79
a 18 39 0 1 14872455975018.219
a 18 40 0 1 17411585282306.205
a 18 41 0 1 5054595765882.805
a 18 42 0 1 15939980086589.652
a 18 43 0 1 13334513617110.521
a 18 44 0 1 10184643197995.412
a 18 45 0 1 16177467096173.37
a 18 46 0 1 6306574417610.549
a 18 47 0 1 10701958014511.238
a 18 48 0 1 18969566565711.938
a 18 49 0 1 11418811263216.88
a 18 50 0 1 17865324653086.97
a 18 51 0 1 23512218819465.82
a 18 52 0 1 15015596185071.018
a 18 53 0 1 12592795144883.08
a 18 54 0 1 18819810741115.992
a 18 55 0 1 13429564683038.082
a 18 56 0 1 11884924595717.305
a 18 57 0 1 7828631754217.735
a 18 58 0 1 17959542503830.258
a 18 59 0 1 19341131266636.887
a 18 60 0 1 6965300757025.041
a 18 61 0 1 13124701411320.457
a 18 62 0 1 8734509466772.958
a 18 63 0 1 8574422507854.419
a 18 64 0 1 13030692634247.17
a 18 65 0 1 23683079025373.6
a 18 66 0 1 8481993729287.938
a 18 67 0 1 18323551447348.12
a 18 68 0 1 12116228521687.396
a 18 69 0 1 8179428856326.553
a 18 70 0 1 13274663295702.52
a 18 71 0 1 13257992294793.424
a 18 72 0 1 17529203987151.37
a 18 73 0 1 24806471719048.027
a 18 74 0 1 23028039190747.4
a 18 75 0 1 20834238733146.43
a 18 76 0 1 14774222282223.354
a 18 77 0 1 24081190573432.816
a 18 78 0 1 14812291921959.424
a 18 79 0 1 18660741147091.707
a 19 21 0 1 6495901257610.572
a 19 22 0 1 14054796875808.93
a 19 23 0 1 10757386709103.92
a 19 24 0 1 9196325623818.992
a 19 25 0 1 26498488106570.637
a 19 26 0 1 13025232239604.896
a 19 27 0 1 21180072098293.742
a 19 28 0 1 22995653507929.23
a 19 29 0 1 10169462078216.104
a 19 30 0 1 17331893637199.297
a 19 31 0 1 23888630869717.67
a 19 32 0 1 10532767916213.172
a 19 33 0 1 19200419891605.13
a 19 34 0 1 27993589609575.668
a 19 35 0 1 29292324720228.26
a 19 36 0 1 17005046725892.723
a 19 37 0 1 23349143681115.81
a 19 38 0 1 25757814491960.47
a 19 39 0 1 18392980300025.266
a 19 40 0 1 21534649788419.547
a 19 41 0 1 6249419198760.846
a 19 42 0 1 19713776796540.26
a 19 43 0 1 16490293206601.121
a 19 44 0 1 12593885139893.15
a 19 45 0 1 20007618583283.445
a 19 46 0 1 7797610829934.501
a 19 47 0 1 13233760621175.66
a 19 48 0 1 23462558818195.504
a 19 49 0 1 14120478429778.572
a 19 50 0 1 22096108282618.42
a 19 51 0 1 29084758395076.82
a 19 52 0 1 18570076360445.082
a 19 53 0 1 15572722838656.525
a 19 54 0 1 23277237771861.812
a 19 55 0 1 16607882341748.865
a 19 56 0 1 14697059945264.393
a 19 57 0 1 9679922903204.598
a 19 58 0 1 22212695487308.55
a 19 59 0 1 23922372257133.99
a 19 60 0 1 8612231502919.754
a 19 61 0 1 16230733460908.557
a 19 62 0 1 10800286341173.973
a 19 63 0 1 10602291380538.127
a 19 64 0 1 16114435689714.477
a 19 65 0 1 29296250281399.38
a 19 66 0 1 10487976594890.863
a 19 67 0 1 22663133662805.535
a 19 68 0 1 14983188010841.215
a 19 69 0 1 10113772080793.805
a 19 70 0 1 16416251766832.39
a 19 71 0 1 16395627945568.562
a 19 72 0 1 21680190198817.44
a 19 73 0 1 30686842424438.957
a 19 74 0 1 28485448414567.457
a 19 75 0 1 25770195500892.402
a 19 76 0 1 18271444322766.48
a 19 77 0 1 29789043050098.832
a 19 78 0 1 18318544489067.05
a 19 79 0 1 23080392709075.24
a 20 21 0 1 5425576018476.586
a 20 22 0 1 11737313341612.0
a 20 23 0 1 8984172791395.12
a 20 24 0 1 7680659702251.333
a 20 25 0 1 22123942166528.297
a 20 26 0 1 10877725409351.986
a 20 27 0 1 17685313740535.67
a 20 28 0 1 19200657562120.637
a 20 29 0 1 8493254599094.51
a 20 30 0 1 14473151475752.719
a 20 31 0 1 19945927333740.883
a 20 32 0 1 8796616963737.791
a 20 33 0 1 16032911678326.58
a 20 34 0 1 23371557753633.895
a 20 35 0 1 24455254000104.367
a 20 36 0 1 14200303238001.137
a 20 37 0 1 19495679875648.01
a 20 38 0 1 21505846796460.97
a 20 39 0 1 15358911666644.22
a 20 40 0 1 17981264147482.523
a 20 41 0 1 5219731050679.941
a 20 42 0 1 16461419108481.621
a 20 43 0 1 13770585734300.42
a 20 44 0 1 10517581865325.299
a 20 45 0 1 16706689900778.826
a 20 46 0 1 6512642929341.992
a 20 47 0 1 11051829366778.457
a 20 48 0 1 19590335119749.98
a 20 49 0 1 11792150011205.357
a 20 50 0 1 18449880692912.395
a 20 51 0 1 24282059199513.03
a 20 52 0 1 15506742141604.639
a 20 53 0 1 13004574869371.504
a 20 54 0 1 19435667644581.35
a 20 55 0 1 13868750174971.154
a 20 56 0 1 12273524493280.738
a 20 57 0 1 8084480084665.13
a 20 58 0 1 18547187953215.016
a 20 59 0 1 19974087053544.316
a 20 60 0 1 7192911106324.548
a 20 61 0 1 13553901429413.008
a 20 62 0 1 9019993637039.36
a 20 63 0 1 8854668959938.361
a 20 64 0 1 13456813640362.129
a 20 65 0 1 24458529502730.094
a 20 66 0 1 8759216191392.406
a 20 67 0 1 18923133424424.14
a 20 68 0 1 12512402235077.096
a 20 69 0 1 8446752776112.518
a 20 70 0 1 13708775066154.83
a 20 71 0 1 13691558025655.201
a 20 72 0 1 18102739172041.04
a 20 73 0 1 25618813831380.164
a 20 74 0 1 23781983047348.812
a 20 75 0 1 21516178945921.777
a 20 76 0 1 15257459249923.47
a 20 77 0 1 24869713700592.066
a 20 78 0 1 15296776270067.008
a 20 79 0 1 19271381121095.984
a 21 1 0 1 0
a 22 1 0 1 0
a 23 1 0 1 0
a 24 1 0 1 0
a 25 1 0 1 0
a 26 1 0 1 0
a 27 1 0 1 0
a 28 1 0 1 0
a 29 1 0 1 0
a 30 1 0 1 0
a 31 1 0 1 0
a 32 1 0 1 0
a 33 1 0 1 0
a 34 1 0 1 0
a 35 1 0 1 0
a 36 1 0 1 0
a 37 1 0 1 0
a 38 1 0 1 0
a 39 1 0 1 0
a 40 1 0 1 0
a 41 1 0 1 0
a 42 1 0 1 0
a 43 1 0 1 0
a 44 1 0 1 0
a 45 1 0 1 0
a 46 1 0 1 0
a 47 1 0 1 0
a 48 1 0 1 0
a 49 1 0 1 0
a 50 1 0 1 0
a 51 1 0 1 0
a 52 1 0 1 0
a 53 1 0 1 0
a 54 1 0 1 0
a 55 1 0 1 0
a 56 1 0 1 0
a 57 1 0 1 0
a 58 1 0 1 0
a 59 1 0 1 0
a 60 1 0 1 0
a 61 1 0 1 0
a 62 1 0 1 0
a 63 1 0 1 0
a 64 1 0 1 0
a 65 1 0 1 0
a 66 1 0 1 0
a 67 1 0 1 0
a 68 1 0 1 0
a 69 1 0 1 0
a 70 1 0 1 0
a 71 1 0 1 0
a 72 1 0 1 0
a 73 1 0 1 0
a 74 1 0 1 0
a 75 1 0 1 0
a 76 1 0 1 0
a 77 1 0 1 0
a 78 1 0 1 0
a 79 1 0 1 0
