p min 82 159
n 0 1
n 1 -1
a 0 2 0 1 0
a 2 3 0 1 6.9297778266038765
a 2 4 0 1 33.03021516924768
a 2 5 0 1 32.62272102594791
a 2 6 0 1 15.999687173903279
a 2 7 0 1 31.766121644486333
a 2 8 0 1 24.335273811537625
a 2 9 0 1 28.101601823421973
a 2 10 0 1 23.58848134569319
a 2 11 0 1 21.424141855765132
a 2 12 0 1 20.504606409995567
a 2 13 0 1 21.28794754526573
a 2 14 0 1 31.309336406457852
a 2 15 0 1 14.759189376705583
a 2 16 0 1 23.040210123201074
a 2 17 0 1 32.35545893138732
a 2 18 0 1 29.56427510564736
a 2 19 0 1 18.166926050512917
a 2 20 0 1 10.753794978358515
a 2 21 0 1 29.04744077522348
a 2 22 0 1 31.539007373290364
a 2 23 0 1 21.287651439247057
a 2 24 0 1 26.07242257593541
a 2 25 0 1 32.69903256221489
a 2 26 0 1 28.90447962158141
a 2 27 0 1 34.02701846793445
a 2 28 0 1 27.830490005849345
a 2 29 0 1 23.88047369847837
a 2 30 0 1 27.93963800985396
a 2 31 0 1 12.596926360045822
a 2 32 0 1 9.642481625711671
a 2 33 0 1 27.95145254573145
a 2 34 0 1 34.05999529865327
a 2 35 0 1 13.171739806578952
a 2 36 0 1 9.687495182700182
a 2 37 0 1 13.540936289639903
a 2 38 0 1 32.133389065892295
a 2 39 0 1 15.351144169211972
a 2 40 0 1 18.18834441539012
a 2 41 0 1 7.317137406543891
a 2 42 0 1 23.503103584054866
a 2 43 0 1 10.12199016773103
a 2 44 0 1 30.8807781257506
a 2 45 0 1 22.032880329838893
a 2 46 0 1 8.331448476722063
a 2 47 0 1 24.722338935584094
a 2 48 0 1 13.199703427710839
a 2 49 0 1 21.164671041871884
a 2 50 0 1 11.78250989246986
a 2 51 0 1 13.24427671117555
a 2 52 0 1 13.78190295479571
a 2 53 0 1 30.419058863547225
a 2 54 0 1 7.201202441788444
a 2 55 0 1 22.19468599147339
a 2 56 0 1 23.635710027594396
a 2 57 0 1 21.764303090326322
a 2 58 0 1 20.389525453667343
a 2 59 0 1 26.821744922760434
a 2 60 0 1 20.995560872567022
a 2 61 0 1 20.94697524774525
a 2 62 0 1 20.781757901881534
a 2 63 0 1 11.99526529669481
a 2 64 0 1 13.779771739933423
a 2 65 0 1 25.10498514760194
a 2 66 0 1 19.645914318502253
a 2 67 0 1 24.94282659386566
a 2 68 0 1 15.938722227572587
a 2 69 0 1 33.81415799946728
a 2 70 0 1 15.604313225059288
a 2 71 0 1 15.008212871610063
a 2 72 0 1 11.332117203167705
a 2 73 0 1 25.71330887334565
a 2 74 0 1 15.031012348793412
a 2 75 0 1 27.73950534729233
a 2 76 0 1 29.714759315017766
a 2 77 0 1 16.665444094468434
a 2 78 0 1 7.6471710120455185
a 2 79 0 1 31.488778873814642
a 2 80 0 1 25.846053591314057
a 2 81 0 1 32.94540698044968
a 3 1 0 1 0
a 4 1 0 1 0
a 5 1 0 1 0
a 6 1 0 1 0
a 7 1 0 1 0
a 8 1 0 1 0
a 9 1 0 1 0
a 10 1 0 1 0
a 11 1 0 1 0
a 12 1 0 1 0
a 13 1 0 1 0
a 14 1 0 1 0
a 15 1 0 1 0
a 16 1 0 1 0
a 17 1 0 1 0
a 18 1 0 1 0
a 19 1 0 1 0
a 20 1 0 1 0
a 21 1 0 1 0
a 22 1 0 1 0
a 23 1 0 1 0
a 24 1 0 1 0
a 25 1 0 1 0
a 26 1 0 1 0
a 27 1 0 1 0
a 28 1 0 1 0
a 29 1 0 1 0
a 30 1 0 1 0
a 31 1 0 1 0
a 32 1 0 1 0
a 33 1 0 1 0
a 34 1 0 1 0
a 35 1 0 1 0
a 36 1 0 1 0
a 37 1 0 1 0
a 38 1 0 1 0
a 39 1 0 1 0
a 40 1 0 1 0
a 41 1 0 1 0
a 42 1 0 1 0
a 43 1 0 1 0
a 44 1 0 1 0
a 45 1 0 1 0
a 46 1 0 1 0
a 47 1 0 1 0
a 48 1 0 1 0
a 49 1 0 1 0
a 50 1 0 1 0
a 51 1 0 1 0
a 52 1 0 1 0
a 53 1 0 1 0
a 54 1 0 1 0
a 55 1 0 1 0
a 56 1 0 1 0
a 57 1 0 1 0
a 58 1 0 1 0
a 59 1 0 1 0
a 60 1 0 1 0
a 61 1 0 1 0
a 62 1 0 1 0
a 63 1 0 1 0
a 64 1 0 1 0
a 65 1 0 1 0
a 66 1 0 1 0
a 67 1 0 1 0
a 68 1 0 1 0
a 69 1 0 1 0
a 70 1 0 1 0
a 71 1 0 1 0
a 72 1 0 1 0
a 73 1 0 1 0
a 74 1 0 1 0
a 75 1 0 1 0
a 76 1 0 1 0
a 77 1 0 1 0
a 78 1 0 1 0
a 79 1 0 1 0
a 80 1 0 1 0
a 81 1 0 1 0
