p min 81 157
n 0 1
n 1 -1
a 0 2 0 1 0
a 2 3 0 1 32.965107401065204
a 2 4 0 1 31.842231166476967
a 2 5 0 1 33.813189014156
a 2 6 0 1 11.8804734708147
a 2 7 0 1 25.503976413747626
a 2 8 0 1 33.248222125715685
a 2 9 0 1 8.732335815579448
a 2 10 0 1 23.168339113990516
a 2 11 0 1 31.26750566667359
a 2 12 0 1 20.093740696474576
a 2 13 0 1 13.712808754487721
a 2 14 0 1 33.31960703863692
a 2 15 0 1 18.926503826456543
a 2 16 0 1 34.1404555887234
a 2 17 0 1 24.407361379826494
a 2 18 0 1 32.363185755747224
a 2 19 0 1 28.38299710844947
a 2 20 0 1 16.219500467211777
a 2 21 0 1 20.745245090433666
a 2 22 0 1 15.820073020776846
a 2 23 0 1 31.00384140277305
a 2 24 0 1 10.58643202980669
a 2 25 0 1 27.72599009044843
a 2 26 0 1 24.87643906365688
a 2 27 0 1 11.522706002368519
a 2 28 0 1 21.949554540707286
a 2 29 0 1 18.89601917236023
a 2 30 0 1 27.289320151147216
a 2 31 0 1 9.444556879457139
a 2 32 0 1 16.408856271707396
a 2 33 0 1 26.532914390652518
a 2 34 0 1 32.71707941269987
a 2 35 0 1 10.61063407851839
a 2 36 0 1 29.992812269743283
a 2 37 0 1 13.558958123597625
a 2 38 0 1 22.62501678404546
a 2 39 0 1 26.861495016605442
a 2 40 0 1 23.445058362825826
a 2 41 0 1 13.625010638968105
a 2 42 0 1 34.92790463611458
a 2 43 0 1 15.266279542862922
a 2 44 0 1 33.91087659658231
a 2 45 0 1 33.27858481053478
a 2 46 0 1 23.639100589340497
a 2 47 0 1 12.06645133444666
a 2 48 0 1 11.40749500107634
a 2 49 0 1 33.003063641214396
a 2 50 0 1 10.733913984669265
a 2 51 0 1 34.8778225946621
a 2 52 0 1 32.56032688957901
a 2 53 0 1 9.663552364653086
a 2 54 0 1 32.33673152218925
a 2 55 0 1 26.027184569023905
a 2 56 0 1 23.41115180131927
a 2 57 0 1 24.21804151980219
a 2 58 0 1 9.96267499871964
a 2 59 0 1 30.215140701475505
a 2 60 0 1 17.98875948612483
a 2 61 0 1 31.594386402866856
a 2 62 0 1 18.893545570360438
a 2 63 0 1 10.739606867022708
a 2 64 0 1 36.529556887876346
a 2 65 0 1 28.848879231465553
a 2 66 0 1 32.11986108697704
a 2 67 0 1 27.685777580382272
a 2 68 0 1 31.501279187932113
a 2 69 0 1 27.000484696562275
a 2 70 0 1 20.483866516498814
a 2 71 0 1 30.875384797983358
a 2 72 0 1 29.718909715173094
a 2 73 0 1 25.13293600865205
a 2 74 0 1 33.561389290953564
a 2 75 0 1 22.033625620789124
a 2 76 0 1 15.17558333235453
a 2 77 0 1 28.83999096884267
a 2 78 0 1 34.55367717148534
a 2 79 0 1 20.982886808606658
a 2 80 0 1 25.459351624808725
a 3 1 0 1 0
a 4 1 0 1 0
a 5 1 0 1 0
a 6 1 0 1 0
a 7 1 0 1 0
a 8 1 0 1 0
a 9 1 0 1 0
a 10 1 0 1 0
a 11 1 0 1 0
a 12 1 0 1 0
a 13 1 0 1 0
a 14 1 0 1 0
a 15 1 0 1 0
a 16 1 0 1 0
a 17 1 0 1 0
a 18 1 0 1 0
a 19 1 0 1 0
a 20 1 0 1 0
a 21 1 0 1 0
a 22 1 0 1 0
a 23 1 0 1 0
a 24 1 0 1 0
a 25 1 0 1 0
a 26 1 0 1 0
a 27 1 0 1 0
a 28 1 0 1 0
a 29 1 0 1 0
a 30 1 0 1 0
a 31 1 0 1 0
a 32 1 0 1 0
a 33 1 0 1 0
a 34 1 0 1 0
a 35 1 0 1 0
a 36 1 0 1 0
a 37 1 0 1 0
a 38 1 0 1 0
a 39 1 0 1 0
a 40 1 0 1 0
a 41 1 0 1 0
a 42 1 0 1 0
a 43 1 0 1 0
a 44 1 0 1 0
a 45 1 0 1 0
a 46 1 0 1 0
a 47 1 0 1 0
a 48 1 0 1 0
a 49 1 0 1 0
a 50 1 0 1 0
a 51 1 0 1 0
a 52 1 0 1 0
a 53 1 0 1 0
a 54 1 0 1 0
a 55 1 0 1 0
a 56 1 0 1 0
a 57 1 0 1 0
a 58 1 0 1 0
a 59 1 0 1 0
a 60 1 0 1 0
a 61 1 0 1 0
a 62 1 0 1 0
a 63 1 0 1 0
a 64 1 0 1 0
a 65 1 0 1 0
a 66 1 0 1 0
a 67 1 0 1 0
a 68 1 0 1 0
a 69 1 0 1 0
a 70 1 0 1 0
a 71 1 0 1 0
a 72 1 0 1 0
a 73 1 0 1 0
a 74 1 0 1 0
a 75 1 0 1 0
a 76 1 0 1 0
a 77 1 0 1 0
a 78 1 0 1 0
a 79 1 0 1 0
a 80 1 0 1 0
