p min 82 159
n 0 1
n 1 -1
a 0 2 0 1 0
a 2 3 0 1 12.641726969994009
a 2 4 0 1 6.51138642610512
a 2 5 0 1 5.240453060358956
a 2 6 0 1 4.551465579134497
a 2 7 0 1 5.063926258712207
a 2 8 0 1 13.104219975991972
a 2 9 0 1 10.183534395922777
a 2 10 0 1 11.86320068623398
a 2 11 0 1 6.838207338157376
a 2 12 0 1 10.814424969425207
a 2 13 0 1 4.856835866511683
a 2 14 0 1 3.3858394606412516
a 2 15 0 1 5.436596138920955
a 2 16 0 1 9.567590973691471
a 2 17 0 1 3.210847541436018
a 2 18 0 1 10.635094695645817
a 2 19 0 1 3.5897768360438356
a 2 20 0 1 7.519295976343593
a 2 21 0 1 7.297978182299445
a 2 22 0 1 11.525104155964854
a 2 23 0 1 6.621525638597542
a 2 24 0 1 7.781522977063859
a 2 25 0 1 12.663861473959658
a 2 26 0 1 7.824619724860559
a 2 27 0 1 2.9329573685504227
a 2 28 0 1 11.100733422294521
a 2 29 0 1 12.966642976802829
a 2 30 0 1 6.213596991808949
a 2 31 0 1 4.394821360624069
a 2 32 0 1 5.885403577456619
a 2 33 0 1 4.579413323849258
a 2 34 0 1 6.862130218158543
a 2 35 0 1 5.4857823762654165
a 2 36 0 1 7.571762740122306
a 2 37 0 1 8.109955335090516
a 2 38 0 1 4.256799397814217
a 2 39 0 1 4.118147969837577
a 2 40 0 1 3.7638311473279358
a 2 41 0 1 3.1524713956162733
a 2 42 0 1 10.153247772992868
a 2 43 0 1 12.159418566600097
a 2 44 0 1 3.0452368967620456
a 2 45 0 1 13.136568546431047
a 2 46 0 1 3.010941785235229
a 2 47 0 1 3.722005185836947
a 2 48 0 1 5.346398839570824
a 2 49 0 1 11.669729715719011
a 2 50 0 1 9.819871159176842
a 2 51 0 1 2.8820592961015445
a 2 52 0 1 7.758264677185749
a 2 53 0 1 11.930795435514874
a 2 54 0 1 3.432697676096021
a 2 55 0 1 2.9029991645670323
a 2 56 0 1 9.743172016265927
a 2 57 0 1 13.216871306657904
a 2 58 0 1 7.477478428795308
a 2 59 0 1 10.347265409808804
a 2 60 0 1 4.092417162166382
a 2 61 0 1 10.635842931983108
a 2 62 0 1 12.82107685634706
a 2 63 0 1 10.05567322039602
a 2 64 0 1 8.420663120463322
a 2 65 0 1 11.922674007517852
a 2 66 0 1 9.897341293882986
a 2 67 0 1 9.546759735369445
a 2 68 0 1 10.142648120854565
a 2 69 0 1 11.666842700190317
a 2 70 0 1 6.9603171571400075
a 2 71 0 1 8.843786400883099
a 2 72 0 1 8.51706620402074
a 2 73 0 1 8.068276256911172
a 2 74 0 1 9.327401133933428
a 2 75 0 1 12.35434517953503
a 2 76 0 1 10.279274094777527
a 2 77 0 1 2.9706552504909047
a 2 78 0 1 7.214506630488231
a 2 79 0 1 9.873293706631255
a 2 80 0 1 9.175258428286515
a 2 81 0 1 6.0056265918477285
a 3 1 0 1 0
a 4 1 0 1 0
a 5 1 0 1 0
a 6 1 0 1 0
a 7 1 0 1 0
a 8 1 0 1 0
a 9 1 0 1 0
a 10 1 0 1 0
a 11 1 0 1 0
a 12 1 0 1 0
a 13 1 0 1 0
a 14 1 0 1 0
a 15 1 0 1 0
a 16 1 0 1 0
a 17 1 0 1 0
a 18 1 0 1 0
a 19 1 0 1 0
a 20 1 0 1 0
a 21 1 0 1 0
a 22 1 0 1 0
a 23 1 0 1 0
a 24 1 0 1 0
a 25 1 0 1 0
a 26 1 0 1 0
a 27 1 0 1 0
a 28 1 0 1 0
a 29 1 0 1 0
a 30 1 0 1 0
a 31 1 0 1 0
a 32 1 0 1 0
a 33 1 0 1 0
a 34 1 0 1 0
a 35 1 0 1 0
a 36 1 0 1 0
a 37 1 0 1 0
a 38 1 0 1 0
a 39 1 0 1 0
a 40 1 0 1 0
a 41 1 0 1 0
a 42 1 0 1 0
a 43 1 0 1 0
a 44 1 0 1 0
a 45 1 0 1 0
a 46 1 0 1 0
a 47 1 0 1 0
a 48 1 0 1 0
a 49 1 0 1 0
a 50 1 0 1 0
a 51 1 0 1 0
a 52 1 0 1 0
a 53 1 0 1 0
a 54 1 0 1 0
a 55 1 0 1 0
a 56 1 0 1 0
a 57 1 0 1 0
a 58 1 0 1 0
a 59 1 0 1 0
a 60 1 0 1 0
a 61 1 0 1 0
a 62 1 0 1 0
a 63 1 0 1 0
a 64 1 0 1 0
a 65 1 0 1 0
a 66 1 0 1 0
a 67 1 0 1 0
a 68 1 0 1 0
a 69 1 0 1 0
a 70 1 0 1 0
a 71 1 0 1 0
a 72 1 0 1 0
a 73 1 0 1 0
a 74 1 0 1 0
a 75 1 0 1 0
a 76 1 0 1 0
a 77 1 0 1 0
a 78 1 0 1 0
a 79 1 0 1 0
a 80 1 0 1 0
a 81 1 0 1 0
