p min 82 159
n 0 1
n 1 -1
a 0 2 0 1 0
a 2 3 0 1 12.514913442163353
a 2 4 0 1 7.4488522235047805
a 2 5 0 1 6.710567434998019
a 2 6 0 1 11.142260659650258
a 2 7 0 1 10.34364893508529
a 2 8 0 1 3.644184460070552
a 2 9 0 1 4.030759415709258
a 2 10 0 1 8.254984939304286
a 2 11 0 1 12.192551235218934
a 2 12 0 1 9.30592234279223
a 2 13 0 1 13.76648224275797
a 2 14 0 1 4.002682389335119
a 2 15 0 1 14.047065332255329
a 2 16 0 1 10.676096321403428
a 2 17 0 1 13.798818818569918
a 2 18 0 1 3.918754987747528
a 2 19 0 1 9.559191927366193
a 2 20 0 1 3.401745043438122
a 2 21 0 1 4.247431891379528
a 2 22 0 1 9.893836317715543
a 2 23 0 1 11.156093605305534
a 2 24 0 1 6.895227250721757
a 2 25 0 1 4.2515470647158455
a 2 26 0 1 12.644280032146925
a 2 27 0 1 7.123668441245211
a 2 28 0 1 5.785935755438185
a 2 29 0 1 4.563058521457721
a 2 30 0 1 10.199969573181432
a 2 31 0 1 11.266885512195275
a 2 32 0 1 9.603644607086832
a 2 33 0 1 9.905338116604298
a 2 34 0 1 9.649255304601839
a 2 35 0 1 8.05238577736142
a 2 36 0 1 11.198706003466096
a 2 37 0 1 6.897535744405527
a 2 38 0 1 4.942009402645863
a 2 39 0 1 7.897508225273462
a 2 40 0 1 4.173806728740035
a 2 41 0 1 8.969816727852772
a 2 42 0 1 10.398868343087715
a 2 43 0 1 4.304424569386811
a 2 44 0 1 10.252353604855589
a 2 45 0 1 12.314448829648713
a 2 46 0 1 12.690883622425291
a 2 47 0 1 3.6676999170354097
a 2 48 0 1 11.056646264814061
a 2 49 0 1 5.318986914452303
a 2 50 0 1 5.235403447682215
a 2 51 0 1 9.353224653705798
a 2 52 0 1 12.945879748511523
a 2 53 0 1 9.841543342403558
a 2 54 0 1 10.81058818417264
a 2 55 0 1 7.132644749608092
a 2 56 0 1 9.67761990574008
a 2 57 0 1 6.494848837655276
a 2 58 0 1 11.688812989277134
a 2 59 0 1 2.9338927858905017
a 2 60 0 1 5.749043607707687
a 2 61 0 1 12.317526654636389
a 2 62 0 1 4.3682886450705505
a 2 63 0 1 6.1259961223489325
a 2 64 0 1 4.884646228166025
a 2 65 0 1 11.54482055332655
a 2 66 0 1 13.334059817006578
a 2 67 0 1 11.18456557704223
a 2 68 0 1 10.545465378608313
a 2 69 0 1 11.663936292127598
a 2 70 0 1 11.812962745556266
a 2 71 0 1 8.153009052514061
a 2 72 0 1 12.243196044253331
a 2 73 0 1 9.683449348106034
a 2 74 0 1 4.200662430604736
a 2 75 0 1 13.776959119694267
a 2 76 0 1 9.815223129689526
a 2 77 0 1 9.231660406900842
a 2 78 0 1 3.062485825070036
a 2 79 0 1 3.9508793565193674
a 2 80 0 1 11.108925131187268
a 2 81 0 1 3.762708609662205
a 3 1 0 1 0
a 4 1 0 1 0
a 5 1 0 1 0
a 6 1 0 1 0
a 7 1 0 1 0
a 8 1 0 1 0
a 9 1 0 1 0
a 10 1 0 1 0
a 11 1 0 1 0
a 12 1 0 1 0
a 13 1 0 1 0
a 14 1 0 1 0
a 15 1 0 1 0
a 16 1 0 1 0
a 17 1 0 1 0
a 18 1 0 1 0
a 19 1 0 1 0
a 20 1 0 1 0
a 21 1 0 1 0
a 22 1 0 1 0
a 23 1 0 1 0
a 24 1 0 1 0
a 25 1 0 1 0
a 26 1 0 1 0
a 27 1 0 1 0
a 28 1 0 1 0
a 29 1 0 1 0
a 30 1 0 1 0
a 31 1 0 1 0
a 32 1 0 1 0
a 33 1 0 1 0
a 34 1 0 1 0
a 35 1 0 1 0
a 36 1 0 1 0
a 37 1 0 1 0
a 38 1 0 1 0
a 39 1 0 1 0
a 40 1 0 1 0
a 41 1 0 1 0
a 42 1 0 1 0
a 43 1 0 1 0
a 44 1 0 1 0
a 45 1 0 1 0
a 46 1 0 1 0
a 47 1 0 1 0
a 48 1 0 1 0
a 49 1 0 1 0
a 50 1 0 1 0
a 51 1 0 1 0
a 52 1 0 1 0
a 53 1 0 1 0
a 54 1 0 1 0
a 55 1 0 1 0
a 56 1 0 1 0
a 57 1 0 1 0
a 58 1 0 1 0
a 59 1 0 1 0
a 60 1 0 1 0
a 61 1 0 1 0
a 62 1 0 1 0
a 63 1 0 1 0
a 64 1 0 1 0
a 65 1 0 1 0
a 66 1 0 1 0
a 67 1 0 1 0
a 68 1 0 1 0
a 69 1 0 1 0
a 70 1 0 1 0
a 71 1 0 1 0
a 72 1 0 1 0
a 73 1 0 1 0
a 74 1 0 1 0
a 75 1 0 1 0
a 76 1 0 1 0
a 77 1 0 1 0
a 78 1 0 1 0
a 79 1 0 1 0
a 80 1 0 1 0
a 81 1 0 1 0
