p min 80 155
n 0 1
n 1 -1
a 0 2 0 1 0
a 2 3 0 1 22.78389946773366
a 2 4 0 1 15.258955203897495
a 2 5 0 1 22.610771317519692
a 2 6 0 1 21.900285984088317
a 2 7 0 1 14.490795446255431
a 2 8 0 1 28.35215326095484
a 2 9 0 1 22.04871706625581
a 2 10 0 1 25.072335964926353
a 2 11 0 1 17.73515188015499
a 2 12 0 1 17.7349666367371
a 2 13 0 1 9.190573298994893
a 2 14 0 1 8.57585058861589
a 2 15 0 1 17.123504260482104
a 2 16 0 1 19.10421494609732
a 2 17 0 1 27.659905948244386
a 2 18 0 1 14.505462861997886
a 2 19 0 1 32.23905185454425
a 2 20 0 1 18.873177019668113
a 2 21 0 1 22.686902374350517
a 2 22 0 1 8.452225990423655
a 2 23 0 1 29.162963570951057
a 2 24 0 1 16.92957952787269
a 2 25 0 1 8.529455843247877
a 2 26 0 1 11.878160352429529
a 2 27 0 1 12.055299897736871
a 2 28 0 1 6.641577815099183
a 2 29 0 1 10.44644757797042
a 2 30 0 1 31.87067149798552
a 2 31 0 1 20.605123530717492
a 2 32 0 1 30.017836404257352
a 2 33 0 1 13.421828570380278
a 2 34 0 1 8.8034198888367
a 2 35 0 1 8.485011236471218
a 2 36 0 1 32.48463200100527
a 2 37 0 1 16.47451122819559
a 2 38 0 1 16.842558180672114
a 2 39 0 1 12.220089917453064
a 2 40 0 1 22.484757799141942
a 2 41 0 1 23.314314090217863
a 2 42 0 1 23.28803852572938
a 2 43 0 1 30.26897581540006
a 2 44 0 1 7.679044978204368
a 2 45 0 1 11.99678880070393
a 2 46 0 1 19.896136223522994
a 2 47 0 1 23.26332245039969
a 2 48 0 1 10.70824762853754
a 2 49 0 1 18.034140942733565
a 2 50 0 1 25.77942277250599
a 2 51 0 1 10.769035703523475
a 2 52 0 1 15.03057160162826
a 2 53 0 1 17.605448692204416
a 2 54 0 1 7.966809156785973
a 2 55 0 1 10.807382089633522
a 2 56 0 1 19.45242522416937
a 2 57 0 1 12.50032684806001
a 2 58 0 1 26.073671142195845
a 2 59 0 1 29.31481067406664
a 2 60 0 1 20.57475658326731
a 2 61 0 1 17.088626894618667
a 2 62 0 1 16.700550254797804
a 2 63 0 1 16.71805446724503
a 2 64 0 1 13.544456789159849
a 2 65 0 1 15.872550051564533
a 2 66 0 1 28.452758103617885
a 2 67 0 1 14.101662447168197
a 2 68 0 1 26.35759000358647
a 2 69 0 1 18.82951476675711
a 2 70 0 1 8.460559897106872
a 2 71 0 1 6.630611125826774
a 2 72 0 1 7.012726603225258
a 2 73 0 1 14.919018033212474
a 2 74 0 1 30.654306857270562
a 2 75 0 1 8.851154795761785
a 2 76 0 1 26.820087859800132
a 2 77 0 1 12.62839145785075
a 2 78 0 1 17.12625178955311
a 2 79 0 1 23.05010337035247
a 3 1 0 1 0
a 4 1 0 1 0
a 5 1 0 1 0
a 6 1 0 1 0
a 7 1 0 1 0
a 8 1 0 1 0
a 9 1 0 1 0
a 10 1 0 1 0
a 11 1 0 1 0
a 12 1 0 1 0
a 13 1 0 1 0
a 14 1 0 1 0
a 15 1 0 1 0
a 16 1 0 1 0
a 17 1 0 1 0
a 18 1 0 1 0
a 19 1 0 1 0
a 20 1 0 1 0
a 21 1 0 1 0
a 22 1 0 1 0
a 23 1 0 1 0
a 24 1 0 1 0
a 25 1 0 1 0
a 26 1 0 1 0
a 27 1 0 1 0
a 28 1 0 1 0
a 29 1 0 1 0
a 30 1 0 1 0
a 31 1 0 1 0
a 32 1 0 1 0
a 33 1 0 1 0
a 34 1 0 1 0
a 35 1 0 1 0
a 36 1 0 1 0
a 37 1 0 1 0
a 38 1 0 1 0
a 39 1 0 1 0
a 40 1 0 1 0
a 41 1 0 1 0
a 42 1 0 1 0
a 43 1 0 1 0
a 44 1 0 1 0
a 45 1 0 1 0
a 46 1 0 1 0
a 47 1 0 1 0
a 48 1 0 1 0
a 49 1 0 1 0
a 50 1 0 1 0
a 51 1 0 1 0
a 52 1 0 1 0
a 53 1 0 1 0
a 54 1 0 1 0
a 55 1 0 1 0
a 56 1 0 1 0
a 57 1 0 1 0
a 58 1 0 1 0
a 59 1 0 1 0
a 60 1 0 1 0
a 61 1 0 1 0
a 62 1 0 1 0
a 63 1 0 1 0
a 64 1 0 1 0
a 65 1 0 1 0
a 66 1 0 1 0
a 67 1 0 1 0
a 68 1 0 1 0
a 69 1 0 1 0
a 70 1 0 1 0
a 71 1 0 1 0
a 72 1 0 1 0
a 73 1 0 1 0
a 74 1 0 1 0
a 75 1 0 1 0
a 76 1 0 1 0
a 77 1 0 1 0
a 78 1 0 1 0
a 79 1 0 1 0
