p min 80 1310
n 0 22
n 1 -22
a 0 2 0 1 0
a 0 3 0 1 0
a 0 4 0 1 0
a 0 5 0 1 0
a 0 6 0 1 0
a 0 7 0 1 0
a 0 8 0 1 0
a 0 9 0 1 0
a 0 10 0 1 0
a 0 11 0 1 0
a 0 12 0 1 0
a 0 13 0 1 0
a 0 14 0 1 0
a 0 15 0 1 0
a 0 16 0 1 0
a 0 17 0 1 0
a 0 18 0 1 0
a 0 19 0 1 0
a 0 20 0 1 0
a 0 21 0 1 0
a 0 22 0 1 0
a 0 23 0 1 0
a 2 24 0 1 15886796290600.977
a 2 25 0 1 23974822877973.3
a 2 26 0 1 10650314315772.898
a 2 27 0 1 7164772364259.964
a 2 28 0 1 25947872462858.89
a 2 29 0 1 6538236004340.724
a 2 30 0 1 19415691487912.062
a 2 31 0 1 7566452372247.148
a 2 32 0 1 17224656525903.281
a 2 33 0 1 27348220620610.98
a 2 34 0 1 13378940987503.152
a 2 35 0 1 15757613422942.715
a 2 36 0 1 13126447919765.857
a 2 37 0 1 14082501490912.516
a 2 38 0 1 16438138685272.879
a 2 39 0 1 12001339686444.68
a 2 40 0 1 12620450631050.982
a 2 41 0 1 19230676091027.184
a 2 42 0 1 23007413529133.438
a 2 43 0 1 11504832463845.89
a 2 44 0 1 13400487767679.766
a 2 45 0 1 25966581431817.62
a 2 46 0 1 22794089027155.92
a 2 47 0 1 17265276879045.107
a 2 48 0 1 26252937540043.133
a 2 49 0 1 13800185609654.92
a 2 50 0 1 25251853632661.22
a 2 51 0 1 15341113413139.682
a 2 52 0 1 20371131160066.523
a 2 53 0 1 14071600627100.768
a 2 54 0 1 18746657630390.004
a 2 55 0 1 19513127495341.465
a 2 56 0 1 25974503945945.902
a 2 57 0 1 11167161253089.434
a 2 58 0 1 24747144727757.96
a 2 59 0 1 14022043399394.871
a 2 60 0 1 18325765056559.47
a 2 61 0 1 19166292554441.633
a 2 62 0 1 15599251365320.443
a 2 63 0 1 26317998068811.836
a 2 64 0 1 11535741915329.957
a 2 65 0 1 27086651104308.844
a 2 66 0 1 8136168657256.092
a 2 67 0 1 9180089446591.863
a 2 68 0 1 12004212358036.457
a 2 69 0 1 5529119450701.383
a 2 70 0 1 16684855063487.496
a 2 71 0 1 21704253454936.875
a 2 72 0 1 8854303438263.418
a 2 73 0 1 22304384552128.633
a 2 74 0 1 25876591898960.793
a 2 75 0 1 18056498213422.707
a 2 76 0 1 18302618004503.496
a 2 77 0 1 24144159017286.156
a 2 78 0 1 17986025754981.707
a 2 79 0 1 20156850708187.484
a 3 24 0 1 3415002220322.1333
a 3 25 0 1 5149827783373.198
a 3 26 0 1 2290459190939.368
a 3 27 0 1 1541343000558.6746
a 3 28 0 1 5572648263072.037
a 3 29 0 1 1406637121348.341
a 3 30 0 1 4172237835499.051
a 3 31 0 1 1627696537448.757
a 3 32 0 1 3702139151147.535
a 3 33 0 1 5872648438502.019
a 3 34 0 1 2876569064762.453
a 3 35 0 1 3387272797079.094
a 3 36 0 1 2822345613359.3047
a 3 37 0 1 3027647198872.5415
a 3 38 0 1 3533341952281.6797
a 3 39 0 1 2580696008705.7725
a 3 40 0 1 2713674111687.834
a 3 41 0 1 4132548958106.995
a 3 42 0 1 4942458796591.256
a 3 43 0 1 2474041057522.338
a 3 44 0 1 2881196169392.487
a 3 45 0 1 5576656834433.23
a 3 46 0 1 4896726748984.69
a 3 47 0 1 3710856167689.2515
a 3 48 0 1 5638009612322.02
a 3 49 0 1 2967026780245.3306
a 3 50 0 1 5423510084887.99
a 3 51 0 1 3297865624893.4287
a 3 52 0 1 4377174386487.801
a 3 53 0 1 3025306562881.125
a 3 54 0 1 4028712672327.5063
a 3 55 0 1 4193138944497.151
a 3 56 0 1 5578354302999.945
a 3 57 0 1 2401500275218.0435
a 3 58 0 1 5315352748539.835
a 3 59 0 1 3014665565358.2485
a 3 60 0 1 3938411368551.5
a 3 61 0 1 4118737308024.798
a 3 62 0 1 3353279104492.708
a 3 63 0 1 5651948610523.823
a 3 64 0 1 2480681010867.3
a 3 65 0 1 5816617503285.812
a 3 66 0 1 1750163915019.9597
a 3 67 0 1 1974534536988.7415
a 3 68 0 1 2581313060792.1567
a 3 69 0 1 1189644083449.8286
a 3 70 0 1 3586293155785.182
a 3 71 0 1 4663062604802.558
a 3 72 0 1 1904517668351.4487
a 3 73 0 1 4791738281875.38
a 3 74 0 1 5557375612095.388
a 3 75 0 1 3880637328203.2637
a 3 76 0 1 3933445035001.7993
a 3 77 0 1 5186122091742.777
a 3 78 0 1 3865516254648.0776
a 3 79 0 1 4331215489581.4736
a 4 24 0 1 6539497943964.246
a 4 25 0 1 9863374831224.955
a 4 26 0 1 4385554596264.3105
a 4 27 0 1 2950984937978.2163
a 4 28 0 1 10673671334716.205
a 4 29 0 1 2693045009239.8096
a 4 30 0 1 7990190475447.848
a 4 31 0 1 3116341817020.8584
a 4 32 0 1 7089560233058.086
a 4 33 0 1 11248637887327.53
a 4 34 0 1 5508122424367.899
a 4 35 0 1 6486379023667.973
a 4 36 0 1 5404263205144.751
a 4 37 0 1 5797502686069.928
a 4 38 0 1 6766194890711.229
a 4 39 0 1 4941423675773.717
a 4 40 0 1 5196118144843.801
a 4 41 0 1 7914149791426.976
a 4 42 0 1 9465997689053.719
a 4 43 0 1 4737151396223.328
a 4 44 0 1 5516985203152.575
a 4 45 0 1 10681353738461.318
a 4 46 0 1 9378364598544.627
a 4 47 0 1 7106259762491.926
a 4 48 0 1 10798936792094.443
a 4 49 0 1 5681387141269.303
a 4 50 0 1 10387853500444.922
a 4 51 0 1 6315111349959.92
a 4 52 0 1 8382842486454.073
a 4 53 0 1 5793019280991.431
a 4 54 0 1 7715210863967.651
a 4 55 0 1 8030235568279.62
a 4 56 0 1 10684606929076.043
a 4 57 0 1 4598219344754.533
a 4 58 0 1 10180579569514.07
a 4 59 0 1 5772636856197.701
a 4 60 0 1 7542207018075.204
a 4 61 0 1 7887687934511.51
a 4 62 0 1 6421260593954.455
a 4 63 0 1 10825651197712.8
a 4 64 0 1 4749868519024.188
a 4 65 0 1 11141248806625.824
a 4 66 0 1 3350857616874.8286
a 4 67 0 1 3780526149031.357
a 4 68 0 1 4942605506149.025
a 4 69 0 1 2277553897245.1206
a 4 70 0 1 6867632444458.037
a 4 71 0 1 8930623709819.008
a 4 72 0 1 3646442042646.317
a 4 73 0 1 9177185818007.648
a 4 74 0 1 10644401447317.512
a 4 75 0 1 7431522291475.451
a 4 76 0 1 7532692358402.531
a 4 77 0 1 9932926693786.105
a 4 78 0 1 7402553242077.61
a 4 79 0 1 8294785203610.778
a 5 24 0 1 6736155285453.912
a 5 25 0 1 10160105573999.062
a 5 26 0 1 4517404348535.627
a 5 27 0 1 3039689895695.51
a 5 28 0 1 10994809988927.316
a 5 29 0 1 2773993960405.2754
a 5 30 0 1 8230514742744.791
a 5 31 0 1 3210019147283.0024
a 5 32 0 1 7302773090727.166
a 5 33 0 1 11587098643260.29
a 5 34 0 1 5673743731610.97
a 5 35 0 1 6681437731228.198
a 5 36 0 1 5566759613380.54
a 5 37 0 1 5971831224816.721
a 5 38 0 1 6969674988672.28
a 5 39 0 1 5089995180681.97
a 5 40 0 1 5352352150658.819
a 5 41 0 1 8152184804325.615
a 5 42 0 1 9750760273300.143
a 5 43 0 1 4879577689815.39
a 5 44 0 1 5682873175782.043
a 5 45 0 1 11002723826006.418
a 5 46 0 1 9660488011381.297
a 5 47 0 1 7319975268531.692
a 5 48 0 1 11123849135852.627
a 5 49 0 1 5852221779986.268
a 5 50 0 1 10700382157830.871
a 5 51 0 1 6505015829482.006
a 5 52 0 1 8634988455788.92
a 5 53 0 1 5967212912938.394
a 5 54 0 1 7947256885983.739
a 5 55 0 1 8271765435818.089
a 5 56 0 1 11006075019505.576
a 5 57 0 1 4736466255478.059
a 5 58 0 1 10486864657351.174
a 5 59 0 1 5946217177605.185
a 5 60 0 1 7769045046030.393
a 5 61 0 1 8124926305628.367
a 5 62 0 1 6614359565307.918
a 5 63 0 1 11151368341872.135
a 5 64 0 1 4892677378630.006
a 5 65 0 1 11476474056548.438
a 5 66 0 1 3451587300995.665
a 5 67 0 1 3894177833374.833
a 5 68 0 1 5091212565438.204
a 5 69 0 1 2346010426426.533
a 5 70 0 1 7074165563947.546
a 5 71 0 1 9199263746445.227
a 5 72 0 1 3756061093787.4873
a 5 73 0 1 9453250707775.465
a 5 74 0 1 10964658346524.746
a 5 75 0 1 7655028451273.953
a 5 76 0 1 7759243969496.994
a 5 77 0 1 10231752307464.334
a 5 78 0 1 7625187380436.101
a 5 79 0 1 8544279907868.562
a 6 24 0 1 7191987959530.066
a 6 25 0 1 10847924995943.775
a 6 26 0 1 4823011740683.487
a 6 27 0 1 3245290919278.9014
a 6 28 0 1 11739213689999.135
a 6 29 0 1 2961617497325.674
a 6 30 0 1 8787572414579.86
a 6 31 0 1 3427145586054.916
a 6 32 0 1 7796982973662.252
a 6 33 0 1 12371660399945.15
a 6 34 0 1 6057633332360.568
a 6 35 0 1 7133564650555.04
a 6 36 0 1 5943405637102.566
a 6 37 0 1 6375904449748.552
a 6 38 0 1 7441323380826.653
a 6 39 0 1 5434363216324.915
a 6 40 0 1 5714481855121.826
a 6 41 0 1 8703935635111.205
a 6 42 0 1 10410834584258.344
a 6 43 0 1 5209701207401.838
a 6 44 0 1 6067380912916.151
a 6 45 0 1 11747664058509.482
a 6 46 0 1 10314444113349.62
a 6 47 0 1 7815350344201.819
a 6 48 0 1 11877001385616.781
a 6 49 0 1 6248196023567.649
a 6 50 0 1 11424825388082.64
a 6 51 0 1 6945194887944.785
a 6 52 0 1 9219450784728.47
a 6 53 0 1 6370973418832.912
a 6 54 0 1 8485124365861.45
a 6 55 0 1 8831617876725.174
a 6 56 0 1 11751242451924.992
a 6 57 0 1 5056902057396.152
a 6 58 0 1 11196833563964.773
a 6 59 0 1 6348556006998.317
a 6 60 0 1 8294839690728.334
a 6 61 0 1 8674830401371.314
a 6 62 0 1 7061943673578.263
a 6 63 0 1 11906386364568.379
a 6 64 0 1 5223687677193.219
a 6 65 0 1 12253534856848.795
a 6 66 0 1 3685060399013.9795
a 6 67 0 1 4157603079333.335
a 6 68 0 1 5435663015855.489
a 6 69 0 1 2504678261593.577
a 6 70 0 1 7552891141133.275
a 6 71 0 1 9821962460165.094
a 6 72 0 1 4010138991479.7856
a 6 73 0 1 10093161800397.258
a 6 74 0 1 11707017877624.117
a 6 75 0 1 8173099399786.335
a 6 76 0 1 8284374662536.321
a 6 77 0 1 10924428177282.93
a 6 78 0 1 8141236875058.109
a 6 79 0 1 9122596145098.16
a 7 24 0 1 14514920672208.215
a 7 25 0 1 21902757199997.895
a 7 26 0 1 9731132309403.715
a 7 27 0 1 6546638976572.009
a 7 28 0 1 23704816747765.23
a 7 29 0 1 5974193583720.916
a 7 30 0 1 17738461691824.703
a 7 31 0 1 6913636863051.267
a 7 32 0 1 15737042961703.371
a 7 33 0 1 24983763733414.133
a 7 34 0 1 12223931558427.934
a 7 35 0 1 14396911657124.822
a 7 36 0 1 11993266430291.799
a 7 37 0 1 12866663379952.688
a 7 38 0 1 15018570523043.654
a 7 39 0 1 10965409328315.594
a 7 40 0 1 11531008945141.514
a 7 41 0 1 17569461248821.244
a 7 42 0 1 21019160352330.613
a 7 43 0 1 10511811447858.207
a 7 44 0 1 12243615573116.625
a 7 45 0 1 23721904005154.547
a 7 46 0 1 20824315142809.902
a 7 47 0 1 15774148749043.635
a 7 48 0 1 23983437692041.805
a 7 49 0 1 12608757146038.828
a 7 50 0 1 23069124970693.652
a 7 51 0 1 14016435329966.102
a 7 52 0 1 18611188477264.57
a 7 53 0 1 12856705055526.766
a 7 54 0 1 17127336533745.328
a 7 55 0 1 17827463376798.906
a 7 56 0 1 23729139786153.496
a 7 57 0 1 10203320030742.074
a 7 58 0 1 22608155912444.203
a 7 59 0 1 12811432748972.889
a 7 60 0 1 16742870439253.35
a 7 61 0 1 17510650612347.307
a 7 62 0 1 14252246932638.59
a 7 63 0 1 24042858321794.418
a 7 64 0 1 10540049761402.656
a 7 65 0 1 24744873325975.664
a 7 66 0 1 7434157300375.704
a 7 67 0 1 8387918676639.076
a 7 68 0 1 10968033723715.285
a 7 69 0 1 5052182429134.485
a 7 70 0 1 15243943504815.566
a 7 71 0 1 19828873934499.16
a 7 72 0 1 8090271674996.205
a 7 73 0 1 20377028313907.414
a 7 74 0 1 23639714793792.74
a 7 75 0 1 16496905815790.93
a 7 76 0 1 16721726573502.576
a 7 77 0 1 22057420975484.914
a 7 78 0 1 16432531791216.775
a 7 79 0 1 18415459836356.555
a 8 24 0 1 21301692681034.758
a 8 25 0 1 32156686846476.35
a 8 26 0 1 14277459336354.754
a 8 27 0 1 9603544044480.805
a 8 28 0 1 34805779947748.918
a 8 29 0 1 8763529667897.696
a 8 30 0 1 26036995942032.24
a 8 31 0 1 10142109104541.875
a 8 32 0 1 23096766574852.414
a 8 33 0 1 36686192117570.5
a 8 34 0 1 17937286912888.23
a 8 35 0 1 21128371579666.62
a 8 36 0 1 17598592353963.613
a 8 37 0 1 18881079437593.055
a 8 38 0 1 22041433415112.72
a 8 39 0 1 16089452281816.986
a 8 40 0 1 16919867107299.973
a 8 41 0 1 25788697454382.816
a 8 42 0 1 30857956058842.16
a 8 43 0 1 15423515280053.477
a 8 44 0 1 17966190105680.18
a 8 45 0 1 34830901310930.816
a 8 46 0 1 30571584832907.68
a 8 47 0 1 23151271887654.58
a 8 48 0 1 35215408998627.48
a 8 49 0 1 18502360010696.203
a 8 50 0 1 33871230921075.11
a 8 51 0 1 20569576963282.785
a 8 52 0 1 27319293984677.484
a 8 53 0 1 18866456055696.26
a 8 54 0 1 25139141321497.53
a 8 55 0 1 26167760639429.24
a 8 56 0 1 34841539233540.94
a 8 57 0 1 14970630861599.963
a 8 58 0 1 33193587081503.508
a 8 59 0 1 18799975769686.227
a 8 60 0 1 24574320690797.88
a 8 61 0 1 25702292873830.965
a 8 62 0 1 20915903964651.617
a 8 63 0 1 35302770922056.07
a 8 64 0 1 15464971617450.785
a 8 65 0 1 36334936176564.984
a 8 66 0 1 10906003184628.639
a 8 67 0 1 12305814694204.672
a 8 68 0 1 16093305309029.043
a 8 69 0 1 7410666391124.578
a 8 70 0 1 22372465250989.688
a 8 71 0 1 29108642157460.363
a 8 72 0 1 11868950266143.42
a 8 73 0 1 29914213630131.105
a 8 74 0 1 34710068710058.336
a 8 75 0 1 24212985410785.516
a 8 76 0 1 24543258836044.137
a 8 77 0 1 32384027956998.836
a 8 78 0 1 24118418086195.4
a 8 79 0 1 27031699243493.035
a 9 24 0 1 7341938974427.938
a 9 25 0 1 11074198554951.473
a 9 26 0 1 4923542237735.42
a 9 27 0 1 3312922977150.357
a 9 28 0 1 11984104031500.402
a 9 29 0 1 3023335726071.8213
a 9 30 0 1 8970825309243.348
a 9 31 0 1 3498569032845.277
a 9 32 0 1 7959559534954.617
a 9 33 0 1 12629763330963.082
a 9 34 0 1 6183916516656.349
a 9 35 0 1 7282296533612.91
a 9 36 0 1 6067305858466.791
a 9 37 0 1 6508827589677.11
a 9 38 0 1 7596477520156.822
a 9 39 0 1 5547644818782.431
a 9 40 0 1 5833606571871.451
a 9 41 0 1 8885442613449.277
a 9 42 0 1 10627979847568.455
a 9 43 0 1 5318296767108.351
a 9 44 0 1 6193867449485.833
a 9 45 0 1 11992730925652.268
a 9 46 0 1 10529576462332.928
a 9 47 0 1 7978310239362.91
a 9 48 0 1 12124770114167.393
a 9 49 0 1 6378454776972.661
a 9 50 0 1 11663148502223.951
a 9 51 0 1 7089996132386.676
a 9 52 0 1 9411719679172.688
a 9 53 0 1 6503793680961.016
a 9 54 0 1 8662063825100.07
a 9 55 0 1 9015790233448.67
a 9 56 0 1 11996384070731.162
a 9 57 0 1 5162310644866.513
a 9 58 0 1 11430394482150.436
a 9 59 0 1 6480908568429.65
a 9 60 0 1 8467807292840.476
a 9 61 0 1 8855729816508.506
a 9 62 0 1 7209181049042.07
a 9 63 0 1 12154768957835.12
a 9 64 0 1 5332574962112.174
a 9 65 0 1 12509169850825.41
a 9 66 0 1 3761861249220.7446
a 9 67 0 1 4244257069635.4087
a 9 68 0 1 5548971730499.098
a 9 69 0 1 2556871363383.8306
a 9 70 0 1 7710373572048.805
a 9 71 0 1 10026811066805.658
a 9 72 0 1 4093718042964.36
a 9 73 0 1 10303673301452.732
a 9 74 0 1 11951235661553.55
a 9 75 0 1 8343525981137.885
a 9 76 0 1 8457123830787.751
a 9 77 0 1 11152299542600.238
a 9 78 0 1 8310998418774.001
a 9 79 0 1 9312842998488.088
a 10 24 0 1 14780328877951.326
a 10 25 0 1 22303600740907.055
a 10 26 0 1 9908968185004.334
a 10 27 0 1 6666233751400.753
a 10 28 0 1 24138731623054.39
a 10 29 0 1 6083323532747.531
a 10 30 0 1 18062935662821.84
a 10 31 0 1 7039941434135.713
a 10 32 0 1 16024839171955.688
a 10 33 0 1 25441158279291.04
a 10 34 0 1 12447388516925.424
a 10 35 0 1 14660158400538.973
a 10 36 0 1 12212500832979.346
a 10 37 0 1 13101887391932.244
a 10 38 0 1 15293204291117.855
a 10 39 0 1 11165830554958.469
a 10 40 0 1 11741781949752.207
a 10 41 0 1 17890837472480.33
a 10 42 0 1 21403793259664.594
a 10 43 0 1 10703931778635.596
a 10 44 0 1 12467432877760.973
a 10 45 0 1 24156132532086.29
a 10 46 0 1 21205373835318.35
a 10 47 0 1 16062624798938.367
a 10 48 0 1 24422467056704.9
a 10 49 0 1 12839259230047.682
a 10 50 0 1 23491372057161.434
a 10 51 0 1 14272713646533.865
a 10 52 0 1 18951661325162.285
a 10 53 0 1 13091746738227.309
a 10 54 0 1 17440609272520.184
a 10 55 0 1 18153568781819.06
a 10 56 0 1 24163501132590.188
a 10 57 0 1 10389795435781.416
a 10 58 0 1 23021943241647.88
a 10 59 0 1 13045645535848.693
a 10 60 0 1 17049097172293.207
a 10 61 0 1 17830948876543.02
a 10 62 0 1 14512844067265.873
a 10 63 0 1 24482978481067.746
a 10 64 0 1 10732686830950.85
a 10 65 0 1 25197881644648.715
a 10 66 0 1 7569979499831.82
a 10 67 0 1 8541183256385.424
a 10 68 0 1 11168502979679.012
a 10 69 0 1 5144460123004.423
a 10 70 0 1 15522705875730.475
a 10 71 0 1 20191674932775.074
a 10 72 0 1 8238092470091.764
a 10 73 0 1 20749882653496.21
a 10 74 0 1 24072434676958.707
a 10 75 0 1 16798625155112.432
a 10 76 0 1 17027565827081.97
a 10 77 0 1 22461102352458.17
a 10 78 0 1 16733071495382.855
a 10 79 0 1 18752344290916.582
a 11 24 0 1 4929455652786.214
a 11 25 0 1 7434284281004.612
a 11 26 0 1 3306020893878.122
a 11 27 0 1 2224670630715.855
a 11 28 0 1 8044841133498.55
a 11 29 0 1 2030231281036.6018
a 11 30 0 1 6022736001642.066
a 11 31 0 1 2349317863260.6963
a 11 32 0 1 5344007765607.514
a 11 33 0 1 8478060289359.131
a 11 34 0 1 4152129001163.8047
a 11 35 0 1 4889422118777.171
a 11 36 0 1 4073849910177.0874
a 11 37 0 1 4370233579769.8896
a 11 38 0 1 5100306412818.796
a 11 39 0 1 3725000380100.9067
a 11 40 0 1 3916968793750.875
a 11 41 0 1 5965431960890.642
a 11 42 0 1 7134851108948.85
a 11 43 0 1 3571034195026.7905
a 11 44 0 1 4158808890099.853
a 11 45 0 1 8050629675522.611
a 11 46 0 1 7068816572428.732
a 11 47 0 1 5356593092874.3125
a 11 48 0 1 8139225907907.12
a 11 49 0 1 4282718255159.5034
a 11 50 0 1 7829481152240.318
a 11 51 0 1 4760343932795.629
a 11 52 0 1 6318633493336.818
a 11 53 0 1 4366854485184.1934
a 11 54 0 1 5815510987927.611
a 11 55 0 1 6052913769032.653
a 11 56 0 1 8053080890709.495
a 11 57 0 1 3466315893822.4937
a 11 58 0 1 7673300784162.161
a 11 59 0 1 4351492458194.081
a 11 60 0 1 5685133394697.161
a 11 61 0 1 5945490323648.283
a 11 62 0 1 4840344886072.178
a 11 63 0 1 8159354539729.277
a 11 64 0 1 3580619526531.978
a 11 65 0 1 8397147079266.279
a 11 66 0 1 2526095595720.7256
a 11 67 0 1 2849973129240.2046
a 11 68 0 1 3725891156150.499
a 11 69 0 1 1717021286857.2937
a 11 70 0 1 5176754384938.377
a 11 71 0 1 6731423345232.061
a 11 72 0 1 2748903438202.356
a 11 73 0 1 6917220225397.252
a 11 74 0 1 8022786818654.3125
a 11 75 0 1 5601719501122.807
a 11 76 0 1 5677963005826.656
a 11 77 0 1 7486692576984.875
a 11 78 0 1 5579887846024.734
a 11 79 0 1 6252275234027.975
a 12 24 0 1 22055540719142.52
a 12 25 0 1 33296158635347.812
a 12 26 0 1 14782302784815.676
a 12 27 0 1 9942931081015.828
a 12 28 0 1 36039512400500.61
a 12 29 0 1 9073199769838.404
a 12 30 0 1 26958942939727.75
a 12 31 0 1 10500551925515.234
a 12 32 0 1 23914315768287.69
a 12 33 0 1 37986869988382.45
a 12 34 0 1 18571816878267.51
a 12 35 0 1 21876070476046.176
a 12 36 0 1 18221115876746.473
a 12 37 0 1 19549071184602.023
a 12 38 0 1 22821529069609.75
a 12 39 0 1 16658489817434.355
a 12 40 0 1 17518333298221.008
a 12 41 0 1 26701825365725.137
a 12 42 0 1 31951237844793.51
a 12 43 0 1 15968957216963.863
a 12 44 0 1 18601744710290.344
a 12 45 0 1 36065527923062.47
a 12 46 0 1 31654683609168.613
a 12 47 0 1 23970755718459.285
a 12 48 0 1 36463722286308.74
a 12 49 0 1 19156923509331.7
a 12 50 0 1 35071703229198.133
a 12 51 0 1 21297452494914.086
a 12 52 0 1 28286794062748.32
a 12 53 0 1 19533929279193.176
a 12 54 0 1 26029200713423.383
a 12 55 0 1 27094352358427.473
a 12 56 0 1 36076544489089.67
a 12 57 0 1 15500028257017.174
a 12 58 0 1 34369947010713.902
a 12 59 0 1 19465091723273.527
a 12 60 0 1 25444323787661.91
a 12 61 0 1 26612351982545.38
a 12 62 0 1 21656065213387.164
a 12 63 0 1 36554194060622.33
a 12 64 0 1 16011882333359.598
a 12 65 0 1 37623106543111.83
a 12 66 0 1 11291478693399.48
a 12 67 0 1 12740839518567.312
a 12 68 0 1 16662479376696.17
a 12 69 0 1 7672489166540.344
a 12 70 0 1 23164308137241.504
a 12 71 0 1 30139731333690.273
a 12 72 0 1 12288509566715.54
a 12 73 0 1 30973939722306.14
a 12 74 0 1 35940394505800.11
a 12 75 0 1 25070159219083.723
a 12 76 0 1 25412159031500.625
a 12 77 0 1 33531586716143.14
a 12 78 0 1 24972234443327.016
a 12 79 0 1 27988981431832.26
a 13 24 0 1 13536439620612.557
a 13 25 0 1 20425074357126.57
a 13 26 0 1 9075473392931.521
a 13 27 0 1 6105693951047.61
a 13 28 0 1 22105247185779.047
a 13 29 0 1 5571830019336.251
a 13 30 0 1 16542260865638.887
a 13 31 0 1 6447954555764.15
a 13 32 0 1 14676036817509.023
a 13 33 0 1 23297660840825.84
a 13 34 0 1 11400093621160.275
a 13 35 0 1 13426398141956.14
a 13 36 0 1 11184994310282.238
a 13 37 0 1 11999448343065.69
a 13 38 0 1 14006082608895.736
a 13 39 0 1 10226490015751.748
a 13 40 0 1 10753928710681.217
a 13 41 0 1 16384678550974.414
a 13 42 0 1 19601224523227.812
a 13 43 0 1 9803492968095.979
a 13 44 0 1 11418449277231.55
a 13 45 0 1 22121178478892.684
a 13 46 0 1 19419552823590.96
a 13 47 0 1 14710636658811.182
a 13 48 0 1 22365018709544.645
a 13 49 0 1 11758948570484.941
a 13 50 0 1 21512557365093.945
a 13 51 0 1 13071608808020.715
a 13 52 0 1 17356017267853.727
a 13 53 0 1 11990162138117.918
a 13 54 0 1 15972423021278.479
a 13 55 0 1 16625249188815.564
a 13 56 0 1 22127924753238.74
a 13 57 0 1 9515811440805.396
a 13 58 0 1 21082767313276.457
a 13 59 0 1 11947945387630.775
a 13 60 0 1 15613928490207.07
a 13 61 0 1 16329841223452.088
a 13 62 0 1 13291500374324.707
a 13 63 0 1 22420419235632.234
a 13 64 0 1 9829826342294.688
a 13 65 0 1 23074935521310.227
a 13 66 0 1 6933386268445.251
a 13 67 0 1 7822843602545.588
a 13 68 0 1 10228937354286.268
a 13 69 0 1 4711950258382.882
a 13 70 0 1 14216237025907.445
a 13 71 0 1 18491404925812.625
a 13 72 0 1 7545265828014.952
a 13 73 0 1 19002505030755.59
a 13 74 0 1 22044549383242.008
a 13 75 0 1 15384578214767.912
a 13 76 0 1 15594212878722.232
a 13 77 0 1 20569278918461.14
a 13 78 0 1 15324552363525.404
a 13 79 0 1 17173515024949.727
a 14 24 0 1 6506793062990.899
a 14 25 0 1 9814028017379.773
a 14 26 0 1 4363627278696.426
a 14 27 0 1 2936232744573.207
a 14 28 0 1 10620265619812.664
a 14 29 0 1 2679582674575.078
a 14 30 0 1 7950223849167.983
a 14 31 0 1 3100762697131.834
a 14 32 0 1 7054102184158.625
a 14 33 0 1 11192351618583.062
a 14 34 0 1 5480578841850.255
a 14 35 0 1 6453939994773.773
a 14 36 0 1 5377239296317.219
a 14 37 0 1 5768511084939.989
a 14 38 0 1 6732355389795.648
a 14 39 0 1 4916715496966.96
a 14 40 0 1 5170135680829.994
a 14 41 0 1 7874563862660.689
a 14 42 0 1 9418641123685.436
a 14 43 0 1 4713465177019.56
a 14 44 0 1 5489397273947.673
a 14 45 0 1 10627909537597.678
a 14 46 0 1 9331446915830.428
a 14 47 0 1 7070718123798.549
a 14 48 0 1 10744903535805.99
a 14 49 0 1 5652976577720.032
a 14 50 0 1 10335879577489.977
a 14 51 0 1 6283529467566.3955
a 14 52 0 1 8340909943222.727
a 14 53 0 1 5764050114930.382
a 14 54 0 1 7676620891116.543
a 14 55 0 1 7990068453668.134
a 14 56 0 1 10631146430928.195
a 14 57 0 1 4575228165341.374
a 14 58 0 1 10129643917608.752
a 14 59 0 1 5743769683994.837
a 14 60 0 1 7504483124402.202
a 14 61 0 1 7848234485415.06
a 14 62 0 1 6389147468436.128
a 14 63 0 1 10771484108144.988
a 14 64 0 1 4726118678360.315
a 14 65 0 1 11085500580653.113
a 14 66 0 1 3334105662747.8066
a 14 67 0 1 3761625221109.7188
a 14 68 0 1 4917891414590.138
a 14 69 0 1 2266169114139.0796
a 14 70 0 1 6833285228729.757
a 14 71 0 1 8885948258409.111
a 14 72 0 1 3628211754918.305
a 14 73 0 1 9131275642339.717
a 14 74 0 1 10591142362944.475
a 14 75 0 1 7394352481565.236
a 14 76 0 1 7495016095326.93
a 14 77 0 1 9883231513418.44
a 14 78 0 1 7365528447867.413
a 14 79 0 1 8253293558021.45
a 15 24 0 1 20315055594783.035
a 15 25 0 1 30665497833745.81
a 15 26 0 1 13616675981174.566
a 15 27 0 1 9159305006524.064
a 15 28 0 1 33191275567682.438
a 15 29 0 1 8358185267425.791
a 15 30 0 1 24830404672618.44
a 15 31 0 1 9672929465237.78
a 15 32 0 1 22026775466753.195
a 15 33 0 1 34984110960182.27
a 15 34 0 1 17106787105313.018
a 15 35 0 1 20149780897073.727
a 15 36 0 1 16783804488972.709
a 15 37 0 1 18006791202772.414
a 15 38 0 1 21020450544121.445
a 15 39 0 1 15344658787049.592
a 15 40 0 1 16136561593313.303
a 15 41 0 1 24593645297557.023
a 15 42 0 1 29427196811236.723
a 15 43 0 1 14709600768667.633
a 15 44 0 1 17134349433240.893
a 15 45 0 1 33215227187308.992
a 15 46 0 1 29154148080732.363
a 15 47 0 1 22078749318523.574
a 15 48 0 1 33581829970286.277
a 15 49 0 1 17645644024492.934
a 15 50 0 1 32300238015425.473
a 15 51 0 1 19616926143978.582
a 15 52 0 1 26053100789790.633
a 15 53 0 1 17992846360068.4
a 15 54 0 1 23974272846746.426
a 15 55 0 1 24955092122539.434
a 15 56 0 1 33225369766963.195
a 15 57 0 1 14277713670786.947
a 15 58 0 1 31654138871949.023
a 15 59 0 1 17929450796747.47
a 15 60 0 1 23435694896003.246
a 15 61 0 1 24511256027603.445
a 15 62 0 1 19947176638427.78
a 15 63 0 1 33665123605910.535
a 15 64 0 1 14749134939578.998
a 15 65 0 1 34649216871888.902
a 15 66 0 1 10401443042767.201
a 15 67 0 1 11736405506830.223
a 15 68 0 1 15348333139233.504
a 15 69 0 1 7067947655635.226
a 15 70 0 1 21336110933964.848
a 15 71 0 1 27759251015768.51
a 15 72 0 1 11319781829985.559
a 15 73 0 1 28527355779785.62
a 15 74 0 1 33100020939998.004
a 15 75 0 1 23091146258562.566
a 15 76 0 1 23406076141849.82
a 15 77 0 1 30882259021464.176
a 15 78 0 1 23000972051706.227
a 15 79 0 1 25778875071693.406
a 16 24 0 1 4524225355570.845
a 16 25 0 1 6822980508922.148
a 16 26 0 1 3034293121267.4136
a 16 27 0 1 2041841864694.7466
a 16 28 0 1 7383290014756.637
a 16 29 0 1 1863385435214.157
a 16 30 0 1 5527574410330.638
a 16 31 0 1 2156242745635.034
a 16 32 0 1 4904679595450.557
a 16 33 0 1 7780852353884.065
a 16 34 0 1 3810827572970.8545
a 16 35 0 1 4487484514445.508
a 16 36 0 1 3738985726030.001
a 16 37 0 1 4010995862957.5825
a 16 38 0 1 4681023606109.805
a 16 39 0 1 3418822377499.774
a 16 40 0 1 3595005333505.073
a 16 41 0 1 5474984613880.596
a 16 42 0 1 6548187590808.401
a 16 43 0 1 3277516284839.234
a 16 44 0 1 3816958139465.902
a 16 45 0 1 7388602142803.525
a 16 46 0 1 6487586804028.581
a 16 47 0 1 4916229703635.927
a 16 48 0 1 7469906572828.011
a 16 49 0 1 3930677644386.044
a 16 50 0 1 7185654377149.948
a 16 51 0 1 4369022609054.55
a 16 52 0 1 5799128328630.683
a 16 53 0 1 4007894661625.2686
a 16 54 0 1 5337396952997.915
a 16 55 0 1 5555269513653.592
a 16 56 0 1 7390851615619.496
a 16 57 0 1 3181408362163.588
a 16 58 0 1 7042327306310.353
a 16 59 0 1 3993795989385.3345
a 16 60 0 1 5217744609827.544
a 16 61 0 1 5456683506367.389
a 16 62 0 1 4442443766087.154
a 16 63 0 1 7488378523693.277
a 16 64 0 1 3286313460612.692
a 16 65 0 1 7706599086815.63
a 16 66 0 1 2318488390558.1655
a 16 67 0 1 2615740027265.1465
a 16 68 0 1 3419639907002.2407
a 16 69 0 1 1575919930665.249
a 16 70 0 1 4751183552792.461
a 16 71 0 1 6177955295405.911
a 16 72 0 1 2522979447671.2603
a 16 73 0 1 6348464500341.046
a 16 74 0 1 7363050829337.535
a 16 75 0 1 5141192437169.914
a 16 76 0 1 5211164069981.387
a 16 77 0 1 6871075983721.1455
a 16 78 0 1 5121156658660.041
a 16 79 0 1 5738229515173.372
a 17 24 0 1 12157887492976.348
a 17 25 0 1 18343500180910.637
a 17 26 0 1 8151652834223.441
a 17 27 0 1 5484367333289.253
a 17 28 0 1 19852050435492.645
a 17 29 0 1 5004861682829.641
a 17 30 0 1 14857071721759.945
a 17 31 0 1 5791775641936.927
a 17 32 0 1 13181251808324.64
a 17 33 0 1 20922627889146.793
a 17 34 0 1 10239363689830.5
a 17 35 0 1 12059068212641.115
a 17 36 0 1 10046190609227.629
a 17 37 0 1 10777617814590.148
a 17 38 0 1 12579632700359.498
a 17 39 0 1 9185379960346.273
a 17 40 0 1 9659062910336.537
a 17 41 0 1 14715569804649.006
a 17 42 0 1 17603781355965.96
a 17 43 0 1 8805489888317.61
a 17 44 0 1 10255848209936.182
a 17 45 0 1 19866354128826.773
a 17 46 0 1 17440659923778.238
a 17 47 0 1 13212322220546.236
a 17 48 0 1 20085282071450.754
a 17 49 0 1 10561636452223.38
a 17 50 0 1 19319908187983.0
a 17 51 0 1 11740459098902.793
a 17 52 0 1 15587780476269.645
a 17 53 0 1 10769278339956.238
a 17 54 0 1 14345380177503.246
a 17 55 0 1 14931591338143.076
a 17 56 0 1 19872411177237.633
a 17 57 0 1 8547123386813.305
a 17 58 0 1 18934019673596.53
a 17 59 0 1 10731365572080.443
a 17 60 0 1 14023462947006.695
a 17 61 0 1 14666328198097.912
a 17 62 0 1 11937927177324.506
a 17 63 0 1 20135022347998.234
a 17 64 0 1 8829139779098.184
a 17 65 0 1 20722662059798.54
a 17 66 0 1 6227771756099.571
a 17 67 0 1 7026635282075.124
a 17 68 0 1 9187577883420.78
a 17 69 0 1 4232522673483.9243
a 17 70 0 1 12768352457531.053
a 17 71 0 1 16607273161670.135
a 17 72 0 1 6777331397412.179
a 17 73 0 1 17066193718005.244
a 17 74 0 1 19797553695658.082
a 17 75 0 1 13817511924337.871
a 17 76 0 1 14005758846403.785
a 17 77 0 1 18472977192587.734
a 17 78 0 1 13763609972638.105
a 17 79 0 1 15423904656500.578
a 18 24 0 1 8915213307664.232
a 18 25 0 1 13448482848156.004
a 18 26 0 1 5978231389236.817
a 18 27 0 1 4022435962141.2603
a 18 28 0 1 14553797193614.508
a 18 29 0 1 3670802969786.065
a 18 30 0 1 10893585092304.928
a 18 31 0 1 4247860400241.9395
a 18 32 0 1 9665328612018.965
a 18 33 0 1 15338146728485.852
a 18 34 0 1 7508828327282.147
a 18 35 0 1 8842777313486.277
a 18 36 0 1 7367212492506.048
a 18 37 0 1 7903415366833.168
a 18 38 0 1 9224353836226.502
a 18 39 0 1 6736128874876.162
a 18 40 0 1 7083402814544.09
a 18 41 0 1 10789879171572.152
a 18 42 0 1 12906453576491.28
a 18 43 0 1 6457610550229.718
a 18 44 0 1 7520913106533.795
a 18 45 0 1 14564277014513.256
a 18 46 0 1 12786922960045.924
a 18 47 0 1 9688102159914.297
a 18 48 0 1 14724676787150.256
a 18 49 0 1 7745083830741.703
a 18 50 0 1 14163908435007.418
a 18 51 0 1 8609229123846.914
a 18 52 0 1 11429102865673.883
a 18 53 0 1 7897301906906.834
a 18 54 0 1 10518565107436.635
a 18 55 0 1 10948199716961.342
a 18 56 0 1 14568714801402.71
a 18 57 0 1 6268184130775.91
a 18 58 0 1 13881168537286.572
a 18 59 0 1 7869508967098.571
a 18 60 0 1 10282625133666.422
a 18 61 0 1 10753790076781.928
a 18 62 0 1 8753978542363.621
a 18 63 0 1 14761119202760.715
a 18 64 0 1 6474949776843.0205
a 18 65 0 1 15191647377546.28
a 18 66 0 1 4567571783551.792
a 18 67 0 1 5153347825786.236
a 18 68 0 1 6737740274361.082
a 18 69 0 1 3104406485531.586
a 18 70 0 1 9362683400302.666
a 18 71 0 1 12176222783937.686
a 18 72 0 1 4970545915936.1875
a 18 73 0 1 12512520534154.188
a 18 74 0 1 14513869234517.191
a 18 75 0 1 10131676806019.662
a 18 76 0 1 10269649286905.705
a 18 77 0 1 13543354644113.17
a 18 78 0 1 10092169964207.803
a 18 79 0 1 11309004558758.643
a 19 24 0 1 9195170125660.504
a 19 25 0 1 13871021549450.367
a 19 26 0 1 6165895197333.251
a 19 27 0 1 4148675693992.5454
a 19 28 0 1 15011123889217.459
a 19 29 0 1 3786002275773.8
a 19 30 0 1 11235747431673.549
a 19 31 0 1 4381178399471.043
a 19 32 0 1 9968867705262.002
a 19 33 0 1 15820165106573.887
a 19 34 0 1 7744582253255.547
a 19 35 0 1 9120457096610.387
a 19 36 0 1 7598516229570.989
a 19 37 0 1 8151569732926.186
a 19 38 0 1 9514028967179.766
a 19 39 0 1 6947603024072.665
a 19 40 0 1 7305788460774.853
a 19 41 0 1 11128779981874.234
a 19 42 0 1 13311936113748.39
a 19 43 0 1 6660334183766.382
a 19 44 0 1 7757046796056.842
a 19 45 0 1 15021933589358.162
a 19 46 0 1 13188644494443.45
a 19 47 0 1 9992357278231.885
a 19 48 0 1 15187382458708.373
a 19 49 0 1 7988262271075.12
a 19 50 0 1 14608962965392.674
a 19 51 0 1 8879567556089.945
a 19 52 0 1 11788108403182.068
a 19 53 0 1 8145264140254.878
a 19 54 0 1 10848933528330.057
a 19 55 0 1 11292079706908.234
a 19 56 0 1 15026511067220.41
a 19 57 0 1 6464956677438.315
a 19 58 0 1 14317324238163.191
a 19 59 0 1 8116597732333.381
a 19 60 0 1 10605574070133.455
a 19 61 0 1 11091555911598.758
a 19 62 0 1 9028866978044.205
a 19 63 0 1 15224972042914.87
a 19 64 0 1 6678218158982.332
a 19 65 0 1 15669053539647.295
a 19 66 0 1 4710929285007.387
a 19 67 0 1 5315101707695.617
a 19 68 0 1 6949265052347.265
a 19 69 0 1 3201824249685.726
a 19 70 0 1 9656707367159.348
a 19 71 0 1 12558730446492.408
a 19 72 0 1 5126558602987.951
a 19 73 0 1 12905608464360.334
a 19 74 0 1 14969939102718.562
a 19 75 0 1 10449879165232.496
a 19 76 0 1 10592190190576.992
a 19 77 0 1 13968878924580.027
a 19 78 0 1 10409130057018.42
a 19 79 0 1 11664232557088.176
a 20 24 0 1 9450435657378.125
a 20 25 0 1 14256305795013.611
a 20 26 0 1 6337004188218.631
a 20 27 0 1 4263777595155.977
a 20 28 0 1 15428132129198.896
a 20 29 0 1 3891037566296.189
a 20 30 0 1 11547736430673.863
a 20 31 0 1 4502734258728.766
a 20 32 0 1 10245637068420.342
a 20 33 0 1 16259690570348.477
a 20 34 0 1 7959541353667.439
a 20 35 0 1 9373646293669.947
a 20 36 0 1 7809417466245.115
a 20 37 0 1 8377836102302.954
a 20 38 0 1 9778156253067.068
a 20 39 0 1 7140422930452.658
a 20 40 0 1 7508557842450.119
a 20 41 0 1 11437794845563.04
a 20 42 0 1 13681666617604.438
a 20 43 0 1 6845175105932.19
a 20 44 0 1 7972352180729.427
a 20 45 0 1 15439242656345.125
a 20 46 0 1 13554945305733.672
a 20 47 0 1 10269779562480.74
a 20 48 0 1 15609295957395.23
a 20 49 0 1 8209991364167.474
a 20 50 0 1 15014779872325.85
a 20 51 0 1 9126062490723.672
a 20 52 0 1 12115456508599.363
a 20 53 0 1 8371355314038.672
a 20 54 0 1 11150167865086.309
a 20 55 0 1 11605635005252.312
a 20 56 0 1 15443947522704.854
a 20 57 0 1 6644371236585.059
a 20 58 0 1 14715026089690.89
a 20 59 0 1 8341892437361.134
a 20 60 0 1 10900042741030.463
a 20 61 0 1 11399535810604.336
a 20 62 0 1 9279510862760.197
a 20 63 0 1 15647931682517.553
a 20 64 0 1 6863555798465.584
a 20 65 0 1 16104372940969.826
a 20 66 0 1 4841639188231.668
a 20 67 0 1 5462585582945.825
a 20 68 0 1 7142131123673.977
a 20 69 0 1 3290646513200.2725
a 20 70 0 1 9924800200789.678
a 20 71 0 1 12907510042666.248
a 20 72 0 1 5268807594647.939
a 20 73 0 1 13264036235286.383
a 20 74 0 1 15385801203621.645
a 20 75 0 1 10740019547553.402
a 20 76 0 1 10886286785917.398
a 20 77 0 1 14356885771310.83
a 20 78 0 1 10698137648258.209
a 20 79 0 1 11988135960815.123
a 21 24 0 1 9617249925444.793
a 21 25 0 1 14508092629824.42
a 21 26 0 1 6448820944671.424
a 21 27 0 1 4338993888363.786
a 21 28 0 1 15700652535027.889
a 21 29 0 1 3959675442730.3237
a 21 30 0 1 11751621295836.734
a 21 31 0 1 4582168154188.54
a 21 32 0 1 10426504682744.225
a 21 33 0 1 16546927511346.963
a 21 34 0 1 8100014568424.67
a 21 35 0 1 9539103625929.809
a 21 36 0 1 7947238808859.982
a 21 37 0 1 8525698801086.116
a 21 38 0 1 9950761907679.434
a 21 39 0 1 7266427914236.989
a 21 40 0 1 7641064913544.094
a 21 41 0 1 11639735998445.525
a 21 42 0 1 13923288222226.314
a 21 43 0 1 6965965756960.629
a 21 44 0 1 8113051697406.12
a 21 45 0 1 15711959672224.094
a 21 46 0 1 13794325424734.08
a 21 47 0 1 10451073880524.574
a 21 48 0 1 15885022272216.363
a 21 49 0 1 8354888875341.295
a 21 50 0 1 15279986028806.4
a 21 51 0 1 9287144965009.645
a 21 52 0 1 12329379177975.266
a 21 53 0 1 8519103519412.627
a 21 54 0 1 11347024153559.953
a 21 55 0 1 11810543508407.457
a 21 56 0 1 15716747795274.125
a 21 57 0 1 6761615723155.009
a 21 58 0 1 14974928559799.59
a 21 59 0 1 8489120136453.816
a 21 60 0 1 11092477426886.172
a 21 61 0 1 11600800574613.977
a 21 62 0 1 9443304772211.584
a 21 63 0 1 15924341719965.191
a 21 64 0 1 6984671057941.013
a 21 65 0 1 16388860924888.457
a 21 66 0 1 4927055184999.472
a 21 67 0 1 5558963302822.146
a 21 68 0 1 7268166276682.142
a 21 69 0 1 3348689411934.254
a 21 70 0 1 10099997450191.357
a 21 71 0 1 13135439165875.168
a 21 72 0 1 5361764331682.763
a 21 73 0 1 13498270916766.158
a 21 74 0 1 15657572533090.54
a 21 75 0 1 10929625549273.736
a 21 76 0 1 11078478307528.74
a 21 77 0 1 14610451982713.184
a 21 78 0 1 10887003333160.506
a 21 79 0 1 12199807371646.172
a 22 24 0 1 18140177330548.348
a 22 25 0 1 27379029890967.39
a 22 26 0 1 12159913283510.162
a 22 27 0 1 8179857575906.043
a 22 28 0 1 29633191665050.15
a 22 29 0 1 7464478963783.845
a 22 30 0 1 22170889549614.207
a 22 31 0 1 8638503121200.394
a 22 32 0 1 19668229559324.88
a 22 33 0 1 31233144358584.01
a 22 34 0 1 15275982211007.213
a 22 35 0 1 17992633196801.188
a 22 36 0 1 14987625558113.701
a 22 37 0 1 16079487533872.154
a 22 38 0 1 18769891188354.547
a 22 39 0 1 13702738256255.025
a 22 40 0 1 14409764644077.256
a 22 41 0 1 21959552966576.01
a 22 42 0 1 26273841237889.598
a 22 43 0 1 13135735994306.479
a 22 44 0 1 15300589560868.988
a 22 45 0 1 29654566911247.312
a 22 46 0 1 26030139587544.625
a 22 47 0 1 19714625602801.094
a 22 48 0 1 29981734216147.234
a 22 49 0 1 15757064835283.674
a 22 50 0 1 28837990206799.2
a 22 51 0 1 17516938659595.814
a 22 52 0 1 23262275083587.055
a 22 53 0 1 16067037998571.418
a 22 54 0 1 21406681754330.938
a 22 55 0 1 22282187790117.055
a 22 56 0 1 29663618493104.508
a 22 57 0 1 12750126840937.57
a 22 58 0 1 28261371681105.258
a 22 59 0 1 16010440296198.363
a 22 60 0 1 20925923357614.562
a 22 61 0 1 21886010216756.66
a 22 62 0 1 17811763371765.18
a 22 63 0 1 30056067537416.74
a 22 64 0 1 13171033759831.645
a 22 65 0 1 30934285341974.668
a 22 66 0 1 9289025864696.504
a 22 67 0 1 10481043944833.596
a 22 68 0 1 13706018821999.81
a 22 69 0 1 6312301417775.476
a 22 70 0 1 19051681148626.2
a 22 71 0 1 24785139357833.656
a 22 72 0 1 10109035482870.41
a 22 73 0 1 25470708241265.613
a 22 74 0 1 29551752791740.418
a 22 75 0 1 20618360713640.195
a 22 76 0 1 20899484167634.117
a 22 77 0 1 27572486640618.246
a 22 78 0 1 20537865934476.07
a 22 79 0 1 23017502512754.61
a 23 24 0 1 12474770925255.562
a 23 25 0 1 18821955251674.66
a 23 26 0 1 8364017115926.343
a 23 27 0 1 5627199313465.77
a 23 28 0 1 20369945506837.59
a 23 29 0 1 5135198285474.181
a 23 30 0 1 15244430307091.807
a 23 31 0 1 5942619081316.948
a 23 32 0 1 13524849785749.627
a 23 33 0 1 21468520995375.746
a 23 34 0 1 10506182173348.314
a 23 35 0 1 12373372346293.686
a 23 36 0 1 10307969390870.852
a 23 37 0 1 11058480049505.473
a 23 38 0 1 12907524852084.57
a 23 39 0 1 9424703807197.385
a 23 40 0 1 9910742590997.045
a 23 41 0 1 15099232687171.713
a 23 42 0 1 18062902126976.594
a 23 43 0 1 9034905450910.064
a 23 44 0 1 10523096769550.793
a 23 45 0 1 20384623227600.273
a 23 46 0 1 17895517585367.04
a 23 47 0 1 13556731380572.918
a 23 48 0 1 20609276077063.9
a 23 49 0 1 10836863237455.293
a 23 50 0 1 19823889164317.875
a 23 51 0 1 12046447572661.445
a 23 52 0 1 15994225450861.635
a 23 53 0 1 11049922973490.057
a 23 54 0 1 14719375147574.23
a 23 55 0 1 15320896253174.984
a 23 56 0 1 20390838662216.375
a 23 57 0 1 8769800748233.581
a 23 58 0 1 19427911792717.824
a 23 59 0 1 11011020955585.451
a 23 60 0 1 14389051379141.324
a 23 61 0 1 15048705032723.402
a 23 62 0 1 12249069470636.217
a 23 63 0 1 20660317089753.91
a 23 64 0 1 9059172151647.975
a 23 65 0 1 21263325066975.504
a 23 66 0 1 6389978817551.13
a 23 67 0 1 7209666628999.316
a 23 68 0 1 9426959059038.854
a 23 69 0 1 4342735966894.677
a 23 70 0 1 13101171073521.652
a 23 71 0 1 17040353177718.879
a 23 72 0 1 6953863621351.829
a 23 73 0 1 17511265485699.092
a 23 74 0 1 20314023742756.754
a 23 75 0 1 14177722492357.883
a 23 76 0 1 14370884972678.967
a 23 77 0 1 18954816798580.39
a 23 78 0 1 14122413077515.87
a 23 79 0 1 15826068846006.338
a 24 1 0 1 0
a 25 1 0 1 0
a 26 1 0 1 0
a 27 1 0 1 0
a 28 1 0 1 0
a 29 1 0 1 0
a 30 1 0 1 0
a 31 1 0 1 0
a 32 1 0 1 0
a 33 1 0 1 0
a 34 1 0 1 0
a 35 1 0 1 0
a 36 1 0 1 0
a 37 1 0 1 0
a 38 1 0 1 0
a 39 1 0 1 0
a 40 1 0 1 0
a 41 1 0 1 0
a 42 1 0 1 0
a 43 1 0 1 0
a 44 1 0 1 0
a 45 1 0 1 0
a 46 1 0 1 0
a 47 1 0 1 0
a 48 1 0 1 0
a 49 1 0 1 0
a 50 1 0 1 0
a 51 1 0 1 0
a 52 1 0 1 0
a 53 1 0 1 0
a 54 1 0 1 0
a 55 1 0 1 0
a 56 1 0 1 0
a 57 1 0 1 0
a 58 1 0 1 0
a 59 1 0 1 0
a 60 1 0 1 0
a 61 1 0 1 0
a 62 1 0 1 0
a 63 1 0 1 0
a 64 1 0 1 0
a 65 1 0 1 0
a 66 1 0 1 0
a 67 1 0 1 0
a 68 1 0 1 0
a 69 1 0 1 0
a 70 1 0 1 0
a 71 1 0 1 0
a 72 1 0 1 0
a 73 1 0 1 0
a 74 1 0 1 0
a 75 1 0 1 0
a 76 1 0 1 0
a 77 1 0 1 0
a 78 1 0 1 0
a 79 1 0 1 0
