p min 81 1333
n 0 22
n 1 -22
a 0 2 0 1 0
a 0 3 0 1 0
a 0 4 0 1 0
a 0 5 0 1 0
a 0 6 0 1 0
a 0 7 0 1 0
a 0 8 0 1 0
a 0 9 0 1 0
a 0 10 0 1 0
a 0 11 0 1 0
a 0 12 0 1 0
a 0 13 0 1 0
a 0 14 0 1 0
a 0 15 0 1 0
a 0 16 0 1 0
a 0 17 0 1 0
a 0 18 0 1 0
a 0 19 0 1 0
a 0 20 0 1 0
a 0 21 0 1 0
a 0 22 0 1 0
a 0 23 0 1 0
a 2 24 0 1 10550744674571.322
a 2 25 0 1 25761904929559.992
a 2 26 0 1 20805998856103.15
a 2 27 0 1 19309854876951.926
a 2 28 0 1 24104206600296.99
a 2 29 0 1 8110213240871.581
a 2 30 0 1 7750635962952.87
a 2 31 0 1 12049652299589.041
a 2 32 0 1 15746294473425.283
a 2 33 0 1 8104979313615.53
a 2 34 0 1 13654243334740.678
a 2 35 0 1 26110100235443.8
a 2 36 0 1 6918331020384.332
a 2 37 0 1 22579532901876.87
a 2 38 0 1 19317804283057.312
a 2 39 0 1 24346458065325.71
a 2 40 0 1 27831665438142.625
a 2 41 0 1 19469712067188.49
a 2 42 0 1 24128534866592.13
a 2 43 0 1 20714607849602.86
a 2 44 0 1 6632627973196.619
a 2 45 0 1 6189332258267.765
a 2 46 0 1 6027964017875.708
a 2 47 0 1 20318735102404.37
a 2 48 0 1 13718938273468.97
a 2 49 0 1 19187400079185.504
a 2 50 0 1 10561763656753.645
a 2 51 0 1 24353687428042.74
a 2 52 0 1 24508835387867.793
a 2 53 0 1 12175407041601.389
a 2 54 0 1 9838367358667.506
a 2 55 0 1 13000806827947.393
a 2 56 0 1 21992867825883.125
a 2 57 0 1 7532522226574.334
a 2 58 0 1 15610640628012.602
a 2 59 0 1 16975877651301.309
a 2 60 0 1 7817426124399.888
a 2 61 0 1 12410649911984.32
a 2 62 0 1 7204432351009.453
a 2 63 0 1 10274739297275.79
a 2 64 0 1 16652718281952.389
a 2 65 0 1 10895265840778.428
a 2 66 0 1 17561120757868.244
a 2 67 0 1 18889915648012.773
a 2 68 0 1 21646757387989.125
a 2 69 0 1 24432070057100.12
a 2 70 0 1 20783141885980.496
a 2 71 0 1 24448374916508.125
a 2 72 0 1 18707501943218.86
a 2 73 0 1 23117000545151.54
a 2 74 0 1 25669231664951.176
a 2 75 0 1 11297518404139.648
a 2 76 0 1 23082620021446.562
a 2 77 0 1 5709691327359.355
a 2 78 0 1 6716820748315.787
a 2 79 0 1 16299697633539.672
a 2 80 0 1 13344979016849.53
a 3 24 0 1 11730890869529.854
a 3 25 0 1 28649106494032.676
a 3 26 0 1 23136298895134.58
a 3 27 0 1 21472170164230.586
a 3 28 0 1 26805051788299.875
a 3 29 0 1 9017092015153.994
a 3 30 0 1 8617267135615.905
a 3 31 0 1 13397716531508.883
a 3 32 0 1 17508757799795.68
a 3 33 0 1 9011272226144.42
a 3 34 0 1 15182136431850.13
a 3 35 0 1 29036455538541.062
a 3 36 0 1 7691816243230.564
a 3 37 0 1 25109046019585.34
a 3 38 0 1 21481011947382.28
a 3 39 0 1 27074531923956.418
a 3 40 0 1 30951658002481.395
a 3 41 0 1 21649972803490.5
a 3 42 0 1 26832114435838.746
a 3 43 0 1 23034644800590.316
a 3 44 0 1 7374143815766.382
a 3 45 0 1 6881249165963.478
a 3 46 0 1 6701827348499.744
a 3 47 0 1 22594318846133.4
a 3 48 0 1 15254083376732.68
a 3 49 0 1 21335969179090.273
a 3 50 0 1 11743144039457.693
a 3 51 0 1 27082573881245.953
a 3 52 0 1 27255161139232.89
a 3 53 0 1 13537562123192.76
a 3 54 0 1 10938730691790.816
a 3 55 0 1 14455459421480.598
a 3 56 0 1 24456473485983.977
a 3 57 0 1 8374741663214.584
a 3 58 0 1 17357890021751.453
a 3 59 0 1 18876266047537.29
a 3 60 0 1 8691532861346.512
a 3 61 0 1 13799165233177.486
a 3 62 0 1 8009933864390.548
a 3 63 0 1 11423972479438.072
a 3 64 0 1 18516852968300.023
a 3 65 0 1 12114001984373.715
a 3 66 0 1 19527172427087.848
a 3 67 0 1 21005092370360.66
a 3 68 0 1 24071484759250.02
a 3 69 0 1 27169766968407.56
a 3 70 0 1 23110875095248.88
a 3 71 0 1 27187904568366.76
a 3 72 0 1 20802204138645.996
a 3 73 0 1 25706902847893.535
a 3 74 0 1 28546012928395.64
a 3 75 0 1 12561315320304.56
a 3 76 0 1 25668659123115.13
a 3 77 0 1 6347949090539.873
a 3 78 0 1 7467757286392.385
a 3 79 0 1 18124232044163.453
a 3 80 0 1 14838206660986.451
a 4 24 0 1 9939613318514.395
a 4 25 0 1 24267231424859.34
a 4 26 0 1 19599509967874.22
a 4 27 0 1 18190305510875.66
a 4 28 0 1 22705962287830.75
a 4 29 0 1 7640569291734.817
a 4 30 0 1 7301831822480.207
a 4 31 0 1 11351586115832.094
a 4 32 0 1 14833706674411.906
a 4 33 0 1 7635638715778.022
a 4 34 0 1 12863081484804.674
a 4 35 0 1 24595167619052.57
a 4 36 0 1 6517758052497.879
a 4 37 0 1 21269949068350.816
a 4 38 0 1 18197793058997.59
a 4 39 0 1 22934124019212.8
a 4 40 0 1 26216544193370.742
a 4 41 0 1 18340874895849.895
a 4 42 0 1 22728875616584.81
a 4 43 0 1 19513430415977.848
a 4 44 0 1 6248609180905.83
a 4 45 0 1 5830996828413.049
a 4 46 0 1 5678977217098.545
a 4 47 0 1 19140563751208.97
a 4 48 0 1 12924022252729.646
a 4 49 0 1 18074965197579.406
a 4 50 0 1 9949993316191.617
a 4 51 0 1 22940932899228.336
a 4 52 0 1 23087056801940.42
a 4 53 0 1 11470045949847.18
a 4 54 0 1 9268543116958.508
a 4 55 0 1 12247560172981.943
a 4 56 0 1 20717391027572.254
a 4 57 0 1 7096358383548.988
a 4 58 0 1 14705928062832.912
a 4 59 0 1 15991897192664.307
a 4 60 0 1 7364751188769.737
a 4 61 0 1 11691642080113.783
a 4 62 0 1 6787281102130.429
a 4 63 0 1 9679612837771.59
a 4 64 0 1 15687503105034.09
a 4 65 0 1 10264155175715.383
a 4 66 0 1 16543152939636.633
a 4 67 0 1 17794763486453.363
a 4 68 0 1 20391400428774.04
a 4 69 0 1 23014756503246.94
a 4 70 0 1 19577981407034.574
a 4 71 0 1 23030113001692.832
a 4 72 0 1 17622946776336.156
a 4 73 0 1 21776166065818.7
a 4 74 0 1 24179949928140.44
a 4 75 0 1 10643078608770.723
a 4 76 0 1 21743784680470.57
a 4 77 0 1 5379142222503.968
a 4 78 0 1 6327923773812.925
a 4 79 0 1 15354980225846.496
a 4 80 0 1 12571762681828.094
a 5 24 0 1 12407393889287.691
a 5 25 0 1 30304668090331.99
a 5 26 0 1 24472390580159.836
a 5 27 0 1 22711909040335.72
a 5 28 0 1 28353701750885.73
a 5 29 0 1 9536922409442.115
a 5 30 0 1 9114023651154.217
a 5 31 0 1 14170499825602.006
a 5 32 0 1 18519172906002.44
a 5 33 0 1 9530766744511.99
a 5 34 0 1 16058035885869.945
a 5 35 0 1 30714480338272.023
a 5 36 0 1 8135173640887.152
a 5 37 0 1 26559410080310.97
a 5 38 0 1 22721262658229.113
a 5 39 0 1 28638802375572.54
a 5 40 0 1 32740780664371.99
a 5 41 0 1 22900004562748.586
a 5 42 0 1 28382333045799.25
a 5 43 0 1 24364849608340.664
a 5 44 0 1 7799174082481.344
a 5 45 0 1 7277846202626.633
a 5 46 0 1 7088075065740.9
a 5 47 0 1 23899025677020.74
a 5 48 0 1 16134141364302.375
a 5 49 0 1 22567823767210.62
a 5 50 0 1 12420354692231.646
a 5 51 0 1 28647310502852.3
a 5 52 0 1 28829902386262.406
a 5 53 0 1 14318425047241.338
a 5 54 0 1 11569490137412.092
a 5 55 0 1 15289361027759.445
a 5 56 0 1 25869030874082.45
a 5 57 0 1 8857503137621.617
a 5 58 0 1 18359580263769.43
a 5 59 0 1 19965780418635.414
a 5 60 0 1 9192575079212.477
a 5 61 0 1 14595143111049.795
a 5 62 0 1 8471645498016.435
a 5 63 0 1 12082751339170.674
a 5 64 0 1 19585575654304.418
a 5 65 0 1 12812631059606.69
a 5 66 0 1 20654345711027.36
a 5 67 0 1 22217794529835.965
a 5 68 0 1 25461740713063.914
a 5 69 0 1 28739557990398.066
a 5 70 0 1 24445494452178.832
a 5 71 0 1 28758747002473.688
a 5 72 0 1 22003163106474.125
a 5 73 0 1 27191908912316.258
a 5 74 0 1 30195596264442.65
a 5 75 0 1 13285780974656.312
a 5 76 0 1 27151449055686.17
a 5 77 0 1 6713785904841.602
a 5 78 0 1 7898188146221.608
a 5 79 0 1 19170244084802.32
a 5 80 0 1 15694227980393.707
a 6 24 0 1 2483236378423.876
a 6 25 0 1 6055241443278.312
a 6 26 0 1 4892507624310.666
a 6 27 0 1 4541289021055.767
a 6 28 0 1 5666432269448.47
a 6 29 0 1 1909239923628.7263
a 6 30 0 1 1824648932101.55
a 6 31 0 1 2835647023387.5894
a 6 32 0 1 3704373090167.708
a 6 33 0 1 1908008674295.0852
a 6 34 0 1 3212801975561.131
a 6 35 0 1 6136895382599.182
a 6 36 0 1 1628827635065.836
a 6 37 0 1 5308723403463.293
a 6 38 0 1 4543155382466.804
a 6 39 0 1 5723258858207.014
a 6 40 0 1 6540539367531.8545
a 6 41 0 1 4578819786795.445
a 6 42 0 1 5672139227436.05
a 6 43 0 1 4871056313709.923
a 6 44 0 1 1561601975935.0857
a 6 45 0 1 1457288215187.38
a 6 46 0 1 1419313961120.1565
a 6 47 0 1 4778133014591.827
a 6 48 0 1 3228006117323.456
a 6 49 0 1 4512538755721.677
a 6 50 0 1 2485827408961.596
a 6 51 0 1 5724954662153.213
a 6 52 0 1 5761347463019.026
a 6 53 0 1 2865209198383.087
a 6 54 0 1 2315715555651.7983
a 6 55 0 1 3059226288570.5347
a 6 56 0 1 5171058311895.245
a 6 57 0 1 1773334800715.2163
a 6 58 0 1 3672503877854.422
a 6 59 0 1 3993204824203.202
a 6 60 0 1 1840361803778.0962
a 6 61 0 1 2920507867099.264
a 6 62 0 1 1696143621027.8723
a 6 63 0 1 2418334155652.9087
a 6 64 0 1 3917300053875.5024
a 6 65 0 1 2564245552686.257
a 6 66 0 1 4130657713581.934
a 6 67 0 1 4442691980348.878
a 6 68 0 1 5089834384803.068
a 6 69 0 1 5743340870460.224
a 6 70 0 1 4887142665288.426
a 6 71 0 1 5747165468379.806
a 6 72 0 1 4399861007026.287
a 6 73 0 1 5434831479018.581
a 6 74 0 1 6033508148731.922
a 6 75 0 1 2658823211176.5234
a 6 76 0 1 5426765003692.539
a 6 77 0 1 1344412739297.6062
a 6 78 0 1 1581412808437.9463
a 6 79 0 1 3834376425912.9526
a 6 80 0 1 3140118493798.922
a 7 24 0 1 9750179997351.395
a 7 25 0 1 23803986920010.477
a 7 26 0 1 19225566337316.434
a 7 27 0 1 17843303688131.38
a 7 28 0 1 22272597803173.242
a 7 29 0 1 7494989932173.632
a 7 30 0 1 7162711910883.873
a 7 31 0 1 11135208310023.18
a 7 32 0 1 14550843298394.252
a 7 33 0 1 7490153381833.218
a 7 34 0 1 12617850494260.523
a 7 35 0 1 24125645637432.78
a 7 36 0 1 6393587894041.23
a 7 37 0 1 20864058119303.05
a 7 38 0 1 17850648108581.633
a 7 39 0 1 22496393566702.566
a 7 40 0 1 25715978384498.184
a 7 41 0 1 17990994828683.17
a 7 42 0 1 22295072686192.23
a 7 43 0 1 19141132739113.51
a 7 44 0 1 6129570211330.923
a 7 45 0 1 5719918812410.225
a 7 46 0 1 5570796967906.451
a 7 47 0 1 18775395403479.31
a 7 48 0 1 12677627747211.857
a 7 49 0 1 17730168123461.145
a 7 50 0 1 9760361946297.156
a 7 51 0 1 22503072152562.05
a 7 52 0 1 22646399792268.93
a 7 53 0 1 11251407200427.37
a 7 54 0 1 9091912724883.027
a 7 55 0 1 12014080159317.594
a 7 56 0 1 20322069141608.797
a 7 57 0 1 6961156442468.44
a 7 58 0 1 14425505341076.797
a 7 59 0 1 15686908414432.863
a 7 60 0 1 7224431493418.549
a 7 61 0 1 11468773748573.682
a 7 62 0 1 6657972308675.369
a 7 63 0 1 9495140133609.07
a 7 64 0 1 15388329856195.076
a 7 65 0 1 10068529427017.848
a 7 66 0 1 16227631257118.68
a 7 67 0 1 17455322273837.672
a 7 68 0 1 20002313314794.68
a 7 69 0 1 22575483061438.91
a 7 70 0 1 19204449433737.36
a 7 71 0 1 22590545693587.22
a 7 72 0 1 17286789553410.113
a 7 73 0 1 21360591284991.113
a 7 74 0 1 23718376119871.37
a 7 75 0 1 10440222229362.416
a 7 76 0 1 21328829382334.566
a 7 77 0 1 5276677075146.926
a 7 78 0 1 6207372743535.189
a 7 79 0 1 15062159457457.656
a 7 80 0 1 12332093490345.05
a 8 24 0 1 4216406540674.9297
a 8 25 0 1 10284439491840.043
a 8 26 0 1 8308833442572.88
a 8 27 0 1 7712149102966.306
a 8 28 0 1 9623770994091.281
a 8 29 0 1 3241640799649.359
a 8 30 0 1 3097995251139.1426
a 8 31 0 1 4814917916293.276
a 8 32 0 1 6290450785067.994
a 8 33 0 1 3239549978067.039
a 8 34 0 1 5455490993113.316
a 8 35 0 1 10423191949896.006
a 8 36 0 1 2765474929774.693
a 8 37 0 1 9015984978347.373
a 8 38 0 1 7715319770216.0
a 8 39 0 1 9720328730506.303
a 8 40 0 1 11109120686511.6
a 8 41 0 1 7775908410537.377
a 8 42 0 1 9633468016024.916
a 8 43 0 1 8272388901710.389
a 8 44 0 1 2651322763752.3105
a 8 45 0 1 2474195789666.0103
a 8 46 0 1 2409715439646.192
a 8 47 0 1 8114519022932.343
a 8 48 0 1 5481315050569.358
a 8 49 0 1 7663306847859.199
a 8 50 0 1 4220806855080.976
a 8 51 0 1 9723210194366.115
a 8 52 0 1 9785048039601.914
a 8 53 0 1 4865125938270.775
a 8 54 0 1 3931911935887.281
a 8 55 0 1 5194648020210.295
a 8 56 0 1 8782086438021.312
a 8 57 0 1 3010858714470.2207
a 8 58 0 1 6236317224506.693
a 8 59 0 1 6781077705576.806
a 8 60 0 1 3124677425385.0386
a 8 61 0 1 4959045134646.045
a 8 62 0 1 2879781710732.1714
a 8 63 0 1 4106184514332.5156
a 8 64 0 1 6652139098200.184
a 8 65 0 1 4353984264499.8315
a 8 66 0 1 7014571440404.366
a 8 67 0 1 7544648918301.219
a 8 68 0 1 8644086142489.604
a 8 69 0 1 9754451589057.24
a 8 70 0 1 8299718674480.856
a 8 71 0 1 9760950263758.922
a 8 72 0 1 7471886954481.873
a 8 73 0 1 9230252231196.775
a 8 74 0 1 10247508965699.521
a 8 75 0 1 4514607586242.964
a 8 76 0 1 9216546543267.816
a 8 77 0 1 2282534187216.4917
a 8 78 0 1 2684962312295.113
a 8 79 0 1 6511279433356.43
a 8 80 0 1 5332039819554.011
a 9 24 0 1 11458276324815.773
a 9 25 0 1 27982060232831.07
a 9 26 0 1 22597943240338.98
a 9 27 0 1 20972630478450.11
a 9 28 0 1 26181070774151.29
a 9 29 0 1 8807607492127.006
a 9 30 0 1 8417080323357.42
a 9 31 0 1 13086308180542.363
a 9 32 0 1 17101606625337.322
a 9 33 0 1 8801923045150.883
a 9 34 0 1 14829181258056.734
a 9 35 0 1 28360361027314.535
a 9 36 0 1 7513147082659.576
a 9 37 0 1 24524657019652.395
a 9 38 0 1 20981266064507.797
a 9 39 0 1 26444258702738.555
a 9 40 0 1 30230813883130.99
a 9 41 0 1 21146286546465.348
a 9 42 0 1 26207501541569.1
a 9 43 0 1 22498660654313.11
a 9 44 0 1 7202859821925.657
a 9 45 0 1 6721422815508.878
a 9 46 0 1 6546171454719.971
a 9 47 0 1 22068606525316.52
a 9 48 0 1 14899452705489.984
a 9 49 0 1 20839605751829.47
a 9 50 0 1 11470244366746.004
a 9 51 0 1 26452112879064.89
a 9 52 0 1 26620670115668.41
a 9 53 0 1 13222898335763.13
a 9 54 0 1 10684547835941.736
a 9 55 0 1 14119425551931.207
a 9 56 0 1 23887314292080.39
a 9 57 0 1 8180194241936.799
a 9 58 0 1 16954254000592.07
a 9 59 0 1 18437247087873.48
a 9 60 0 1 8489619103131.699
a 9 61 0 1 13478411366405.932
a 9 62 0 1 7823868658571.068
a 9 63 0 1 11158499587527.29
a 9 64 0 1 18086210555696.312
a 9 65 0 1 11832472174347.062
a 9 66 0 1 19072981600581.605
a 9 67 0 1 20516444710261.848
a 9 68 0 1 23511309424332.43
a 9 69 0 1 26537269972168.277
a 9 70 0 1 22573112562403.305
a 9 71 0 1 26554984046773.363
a 9 72 0 1 20318287376455.527
a 9 73 0 1 25108559040862.477
a 9 74 0 1 27881374740563.508
a 9 75 0 1 12269375242011.207
a 9 76 0 1 25071208033803.32
a 9 77 0 1 6200518202273.836
a 9 78 0 1 7294297045545.444
a 9 79 0 1 17702739352972.953
a 9 80 0 1 14493260534798.424
a 10 24 0 1 3973179838712.2812
a 10 25 0 1 9690782804541.01
a 10 26 0 1 7829319011469.373
a 10 27 0 1 7267098979443.663
a 10 28 0 1 9068290414725.945
a 10 29 0 1 3054663996676.348
a 10 30 0 1 2919306662382.3213
a 10 31 0 1 4537147580401.965
a 10 32 0 1 5927499550171.15
a 10 33 0 1 3052693815402.355
a 10 34 0 1 5140744423518.987
a 10 35 0 1 9821516886970.602
a 10 36 0 1 2605971462441.842
a 10 37 0 1 8495619910247.612
a 10 38 0 1 7270086521698.785
a 10 39 0 1 9159268994552.85
a 10 40 0 1 10467802893009.21
a 10 41 0 1 7327175781529.826
a 10 42 0 1 9077427142932.834
a 10 43 0 1 7794979624233.795
a 10 44 0 1 2498405110588.473
a 10 45 0 1 2331496851701.2646
a 10 46 0 1 2270736370242.392
a 10 47 0 1 7646228624028.101
a 10 48 0 1 5165077713642.94
a 10 49 0 1 7221077640719.764
a 10 50 0 1 3977326201297.9487
a 10 51 0 1 9161983964125.791
a 10 52 0 1 9220248722645.639
a 10 53 0 1 4584457596322.474
a 10 54 0 1 3705103528583.8735
a 10 55 0 1 4894958886522.597
a 10 56 0 1 8275233883736.763
a 10 57 0 1 2837197696758.216
a 10 58 0 1 5876491542766.585
a 10 59 0 1 6389797073334.033
a 10 60 0 1 2944449319587.053
a 10 61 0 1 4672955693738.477
a 10 62 0 1 2713683345536.007
a 10 63 0 1 3869318888782.4023
a 10 64 0 1 6268303830675.721
a 10 65 0 1 4102817534857.4873
a 10 66 0 1 6609807535752.506
a 10 67 0 1 7109272752954.581
a 10 68 0 1 8145205658787.007
a 10 69 0 1 9191420188513.19
a 10 70 0 1 7820730743191.081
a 10 71 0 1 9197543359408.998
a 10 72 0 1 7040713040316.826
a 10 73 0 1 8697508163334.515
a 10 74 0 1 9655986418519.29
a 10 75 0 1 4254170497678.0757
a 10 76 0 1 8684594320153.931
a 10 77 0 1 2150892046122.877
a 10 78 0 1 2530103899809.0405
a 10 79 0 1 6135577655915.232
a 10 80 0 1 5024419705461.151
a 11 24 0 1 5579178224430.784
a 11 25 0 1 13611517185305.6
a 11 26 0 1 10995981278034.797
a 11 27 0 1 10206097263048.893
a 11 28 0 1 12736804881882.135
a 11 29 0 1 4289205866572.468
a 11 30 0 1 4099118069692.6367
a 11 31 0 1 6371274545608.794
a 11 32 0 1 8324210600230.175
a 11 33 0 1 4286439043886.0073
a 11 34 0 1 7219076296287.921
a 11 35 0 1 13795228232222.998
a 11 36 0 1 3659097924891.8066
a 11 37 0 1 11932146029100.666
a 11 38 0 1 10210294463817.96
a 11 39 0 1 12864642766138.605
a 11 40 0 1 14703439626189.848
a 11 41 0 1 10290499440274.268
a 11 42 0 1 12749643239509.557
a 11 43 0 1 10947735397310.379
a 11 44 0 1 3508044246791.4346
a 11 45 0 1 3273660688259.8623
a 11 46 0 1 3188337726680.313
a 11 47 0 1 10738746177348.281
a 11 48 0 1 7253255417039.048
a 11 49 0 1 10141441991114.756
a 11 50 0 1 5585001665533.824
a 11 51 0 1 12868457702395.11
a 11 52 0 1 12950328591212.305
a 11 53 0 1 6437723658985.03
a 11 54 0 1 5202677910694.655
a 11 55 0 1 6873844402011.934
a 11 56 0 1 11622493258101.45
a 11 57 0 1 3983810284860.509
a 11 58 0 1 8252558533108.78
a 11 59 0 1 8973625607017.613
a 11 60 0 1 4134426742250.9224
a 11 61 0 1 6562024130918.478
a 11 62 0 1 3810357485799.9014
a 11 63 0 1 5433309388705.884
a 11 64 0 1 8802954590861.615
a 11 65 0 1 5761251519829.547
a 11 66 0 1 9282696350165.492
a 11 67 0 1 9984368719446.578
a 11 68 0 1 11439800449107.395
a 11 69 0 1 12909820040017.309
a 11 70 0 1 10983914986297.379
a 11 71 0 1 12918424033471.877
a 11 72 0 1 9888050856738.55
a 11 73 0 1 12215814141290.412
a 11 74 0 1 13562620745903.383
a 11 75 0 1 5973826211652.797
a 11 76 0 1 12197669064771.164
a 11 77 0 1 3020047639640.4966
a 11 78 0 1 3552558183652.606
a 11 79 0 1 8616506009341.087
a 11 80 0 1 7055684888321.98
a 12 24 0 1 2525225701573.6445
a 12 25 0 1 6157673036653.336
a 12 26 0 1 4975258927524.031
a 12 27 0 1 4618096694840.594
a 12 28 0 1 5762282330079.641
a 12 29 0 1 1941521306571.689
a 12 30 0 1 1855499747027.6375
a 12 31 0 1 2883597276299.2563
a 12 32 0 1 3767019708080.101
a 12 33 0 1 1940269234654.7146
a 12 34 0 1 3267132246357.885
a 12 35 0 1 6240709241910.25
a 12 36 0 1 1656366909566.4492
a 12 37 0 1 5398518908244.236
a 12 38 0 1 4619994639165.308
a 12 39 0 1 5820070808483.372
a 12 40 0 1 6651186639143.707
a 12 41 0 1 4656262565808.474
a 12 42 0 1 5768085887758.349
a 12 43 0 1 4953444585004.035
a 12 44 0 1 1588004430102.2693
a 12 45 0 1 1481926705651.431
a 12 46 0 1 1443310311088.4304
a 12 47 0 1 4858948716614.541
a 12 48 0 1 3282593595805.746
a 12 49 0 1 4588859913929.721
a 12 50 0 1 2527860556890.5366
a 12 51 0 1 5821795317080.987
a 12 52 0 1 5858804136873.8955
a 12 53 0 1 2913659509768.7056
a 12 54 0 1 2354871482339.0503
a 12 55 0 1 3110958578692.3047
a 12 56 0 1 5258523841870.7295
a 12 57 0 1 1803317825988.9175
a 12 58 0 1 3734611306850.7847
a 12 59 0 1 4060738312726.8726
a 12 60 0 1 1871478346177.586
a 12 61 0 1 2969893591479.144
a 12 62 0 1 1724821261264.1587
a 12 63 0 1 2459225729073.647
a 12 64 0 1 3983549244329.32
a 12 65 0 1 2607605080343.165
a 12 66 0 1 4200516943814.9536
a 12 67 0 1 4517831196352.584
a 12 68 0 1 5175925239093.334
a 12 69 0 1 5840492747062.798
a 12 70 0 1 4969803174280.476
a 12 71 0 1 5844382083772.155
a 12 72 0 1 4474275449883.627
a 12 73 0 1 5526761422601.714
a 12 74 0 1 6135571837884.241
a 12 75 0 1 2703782476137.8994
a 12 76 0 1 5518558416480.923
a 12 77 0 1 1367142534510.498
a 12 78 0 1 1608150272071.489
a 12 79 0 1 3899222586300.23
a 12 80 0 1 3193219194518.054
a 13 24 0 1 13893366972359.705
a 13 25 0 1 33942503822462.62
a 13 26 0 1 27407896196117.07
a 13 27 0 1 25435622821177.703
a 13 28 0 1 31756482052932.87
a 13 29 0 1 10678690309262.607
a 13 30 0 1 10205102266731.512
a 13 31 0 1 15868017555012.73
a 13 32 0 1 20738873578303.215
a 13 33 0 1 10671796777388.322
a 13 34 0 1 17982134530841.496
a 13 35 0 1 34401705919993.77
a 13 36 0 1 9108947016531.973
a 13 37 0 1 29746115774720.66
a 13 38 0 1 25446101456548.742
a 13 39 0 1 32075924658995.54
a 13 40 0 1 36672289151682.94
a 13 41 0 1 25646342277043.53
a 13 42 0 1 31788562035017.887
a 13 43 0 1 27287414926190.54
a 13 44 0 1 8732688146250.494
a 13 45 0 1 8148901904492.122
a 13 46 0 1 7936397074998.3545
a 13 47 0 1 26765543009908.22
a 13 48 0 1 18067378068218.43
a 13 49 0 1 25274207864007.812
a 13 50 0 1 13907882514433.426
a 13 51 0 1 32085457677102.72
a 13 52 0 1 32290045159971.54
a 13 53 0 1 16033695822448.16
a 13 54 0 1 12954961820570.031
a 13 55 0 1 17121174187212.307
a 13 56 0 1 28972625436258.93
a 13 57 0 1 9917837510009.06
a 13 58 0 1 20560106907369.457
a 13 59 0 1 22359317677954.176
a 13 60 0 1 10293068569662.912
a 13 61 0 1 16343625649664.99
a 13 62 0 1 9485738271616.46
a 13 63 0 1 13529782968728.873
a 13 64 0 1 21933418011579.36
a 13 65 0 1 14347217639620.074
a 13 66 0 1 23130649583849.1
a 13 67 0 1 24882081961235.668
a 13 68 0 1 28516310690363.656
a 13 69 0 1 32188817461111.96
a 13 70 0 1 27377763650159.758
a 13 71 0 1 32210318048949.793
a 13 72 0 1 24641639524797.387
a 13 73 0 1 30454770818281.76
a 13 74 0 1 33820287732306.57
a 13 75 0 1 14877134502375.98
a 13 76 0 1 30409439008437.32
a 13 77 0 1 7517273087629.818
a 13 78 0 1 8843565666894.977
a 13 79 0 1 21468174946662.062
a 13 80 0 1 17574646333642.105
a 14 24 0 1 6901019294525.884
a 14 25 0 1 16840105243936.168
a 14 26 0 1 13603204338482.09
a 14 27 0 1 12625760981198.762
a 14 28 0 1 15757538625211.865
a 14 29 0 1 5305234850330.657
a 14 30 0 1 5070092682448.057
a 14 31 0 1 7880952563515.894
a 14 32 0 1 10297187082885.744
a 14 33 0 1 5301812221309.936
a 14 34 0 1 8929848158701.035
a 14 35 0 1 17067477381344.123
a 14 36 0 1 4525788873768.998
a 14 37 0 1 14761717720132.055
a 14 38 0 1 12630954703085.295
a 14 39 0 1 15915750871580.742
a 14 40 0 1 18191569479698.52
a 14 41 0 1 12730202588928.09
a 14 42 0 1 15773427334743.666
a 14 43 0 1 13543501178426.324
a 14 44 0 1 4338938868533.229
a 14 45 0 1 4049014722586.2295
a 14 46 0 1 3943474166902.291
a 14 47 0 1 13284883677579.111
a 14 48 0 1 8972135394697.127
a 14 49 0 1 12545755070716.143
a 14 50 0 1 6908223546115.51
a 14 51 0 1 15920472256106.84
a 14 52 0 1 16021796322266.38
a 14 53 0 1 7963161281728.504
a 14 54 0 1 6435250923519.501
a 14 55 0 1 8502723323592.112
a 14 56 0 1 14378512708091.496
a 14 57 0 1 4927455979854.013
a 14 58 0 1 10208532313993.455
a 14 59 0 1 11100721075767.383
a 14 60 0 1 5113769987779.463
a 14 61 0 1 8116942651788.04
a 14 62 0 1 4712895094695.185
a 14 63 0 1 6720563886529.217
a 14 64 0 1 10889543699926.54
a 14 65 0 1 7126265521964.663
a 14 66 0 1 11483150416015.475
a 14 67 0 1 12351390194144.797
a 14 68 0 1 14152427673305.725
a 14 69 0 1 15971662558912.184
a 14 70 0 1 13588272567134.09
a 14 71 0 1 15982310932713.613
a 14 72 0 1 12232205818347.92
a 14 73 0 1 15112771598441.934
a 14 74 0 1 16779588375914.5
a 14 75 0 1 7389248422082.084
a 14 76 0 1 15090315969950.57
a 14 77 0 1 3735308556009.5527
a 14 78 0 1 4394001448032.924
a 14 79 0 1 10658846427108.639
a 14 80 0 1 8727697442279.354
a 15 24 0 1 3973360163066.074
a 15 25 0 1 9691222914291.082
a 15 26 0 1 7829674506071.588
a 15 27 0 1 7267428924766.233
a 15 28 0 1 9068702224274.816
a 15 29 0 1 3054802619159.02
a 15 30 0 1 2919439140203.377
a 15 31 0 1 4537353514031.443
a 15 32 0 1 5927768632655.565
a 15 33 0 1 3052832348447.007
a 15 34 0 1 5140977769629.195
a 15 35 0 1 9821962940763.336
a 15 36 0 1 2606089716879.635
a 15 37 0 1 8496005688216.705
a 15 38 0 1 7270416602777.803
a 15 39 0 1 9159684939982.703
a 15 40 0 1 10468278333903.467
a 15 41 0 1 7327508456798.424
a 15 42 0 1 9077839367832.455
a 15 43 0 1 7795333558237.402
a 15 44 0 1 2498518482448.0566
a 15 45 0 1 2331602647615.9473
a 15 46 0 1 2270839408317.91
a 15 47 0 1 7646575797987.177
a 15 48 0 1 5165312164934.826
a 15 49 0 1 7221405494815.929
a 15 50 0 1 3977506713922.617
a 15 51 0 1 9162400032979.416
a 15 52 0 1 9220667440258.387
a 15 53 0 1 4584665678408.02
a 15 54 0 1 3705271680997.0786
a 15 55 0 1 4895181069769.48
a 15 56 0 1 8275609644648.982
a 15 57 0 1 2837326447265.6357
a 15 58 0 1 5876758308144.118
a 15 59 0 1 6390087157543.762
a 15 60 0 1 2944582938766.2134
a 15 61 0 1 4673167794790.213
a 15 62 0 1 2713806489277.5337
a 15 63 0 1 3869494497265.4707
a 15 64 0 1 6268588395348.981
a 15 65 0 1 4103003745649.6577
a 15 66 0 1 6610107615606.599
a 15 67 0 1 7109595526685.77
a 15 68 0 1 8145575509853.867
a 15 69 0 1 9191837595555.598
a 15 70 0 1 7821085847486.45
a 15 71 0 1 9197961044814.582
a 15 72 0 1 7041032698790.332
a 15 73 0 1 8697903118039.03
a 15 74 0 1 9656424946224.238
a 15 75 0 1 4254363581153.0146
a 15 76 0 1 8684988687852.86
a 15 77 0 1 2150989644735.2295
a 15 78 0 1 2530218710505.826
a 15 79 0 1 6135856190908.8125
a 15 80 0 1 5024647768362.738
a 16 24 0 1 9009244098805.334
a 16 25 0 1 21992366060702.15
a 16 26 0 1 17763102619713.387
a 16 27 0 1 16486186562388.65
a 16 28 0 1 20577800794727.375
a 16 29 0 1 6925567153094.538
a 16 30 0 1 6618552792071.879
a 16 31 0 1 10288896580840.941
a 16 32 0 1 13444530228792.373
a 16 33 0 1 6921098346671.006
a 16 34 0 1 11658701854881.85
a 16 35 0 1 22289481822099.258
a 16 36 0 1 5907899724816.458
a 16 37 0 1 19276679655477.734
a 16 38 0 1 16492971323262.506
a 16 39 0 1 20784526404683.258
a 16 40 0 1 23758445547448.75
a 16 41 0 1 16622623173652.025
a 16 42 0 1 20598561429518.88
a 16 43 0 1 17685104860325.418
a 16 44 0 1 5663951195777.171
a 16 45 0 1 5285436982978.764
a 16 46 0 1 5147649064455.999
a 16 47 0 1 17347244032370.79
a 16 48 0 1 11713928996370.059
a 16 49 0 1 16381672044317.889
a 16 50 0 1 9018651497212.277
a 16 51 0 1 20790695564989.883
a 16 52 0 1 20923090362258.617
a 16 53 0 1 10396253406527.758
a 16 54 0 1 8401048283397.39
a 16 55 0 1 11100885930672.479
a 16 56 0 1 18776015456846.98
a 16 57 0 1 6432321056792.433
a 16 58 0 1 13328736453790.244
a 16 59 0 1 14494075126448.424
a 16 60 0 1 6675579865356.666
a 16 61 0 1 10597079028389.734
a 16 62 0 1 6152185979175.418
a 16 63 0 1 8773604812707.268
a 16 64 0 1 14218237679480.752
a 16 65 0 1 9303375590749.166
a 16 66 0 1 14993610362908.074
a 16 67 0 1 16127768867426.99
a 16 68 0 1 18480637668097.266
a 16 69 0 1 20857583107344.145
a 16 70 0 1 17743595334885.523
a 16 71 0 1 20871496779847.207
a 16 72 0 1 15972077378467.152
a 16 73 0 1 19735349708405.44
a 16 74 0 1 21913287187069.695
a 16 75 0 1 9646790365720.213
a 16 76 0 1 19706009927832.223
a 16 77 0 1 4875882542710.601
a 16 78 0 1 5735839729993.129
a 16 79 0 1 13916908262322.648
a 16 80 0 1 11394695238761.244
a 17 24 0 1 8531104239720.986
a 17 25 0 1 20823530120049.207
a 17 26 0 1 16819476262880.96
a 17 27 0 1 15610515580311.215
a 17 28 0 1 19484314002164.492
a 17 29 0 1 6558095995220.751
a 17 30 0 1 6267383598100.616
a 17 31 0 1 9742766618478.26
a 17 32 0 1 12730655020291.078
a 17 33 0 1 6553864482985.963
a 17 34 0 1 11039770795261.072
a 17 35 0 1 21104816568300.516
a 17 36 0 1 5594460868337.463
a 17 37 0 1 18252478710881.707
a 17 38 0 1 15616939317345.629
a 17 39 0 1 19680029481746.117
a 17 40 0 1 22495503856152.72
a 17 41 0 1 15739692161882.402
a 17 42 0 1 19503968955552.906
a 17 43 0 1 16745629958589.154
a 17 44 0 1 5363462825169.09
a 17 45 0 1 5005041417819.755
a 17 46 0 1 4874567333015.861
a 17 47 0 1 16425751063567.508
a 17 48 0 1 11092062321606.348
a 17 49 0 1 15511562315695.736
a 17 50 0 1 8540011876329.857
a 17 51 0 1 19685870067206.688
a 17 52 0 1 19811213295871.496
a 17 53 0 1 9844418531722.047
a 17 54 0 1 7955216248174.126
a 17 55 0 1 10511603761099.158
a 17 56 0 1 17778470086748.953
a 17 57 0 1 6091039933761.656
a 17 58 0 1 12621018579948.355
a 17 59 0 1 13724383271862.19
a 17 60 0 1 6321382708941.176
a 17 61 0 1 10034571976265.879
a 17 62 0 1 5825778017739.923
a 17 63 0 1 8307982799931.913
a 17 64 0 1 13463216583358.078
a 17 65 0 1 8809609706333.395
a 17 66 0 1 14197347858410.123
a 17 67 0 1 15271168886362.785
a 17 68 0 1 17498816972406.586
a 17 69 0 1 19749195092484.81
a 17 70 0 1 16801007265998.848
a 17 71 0 1 19762367698256.668
a 17 72 0 1 15123761101575.354
a 17 73 0 1 18686726421825.61
a 17 74 0 1 20748664126009.273
a 17 75 0 1 9134778964968.127
a 17 76 0 1 18658948940083.19
a 17 77 0 1 4617225634778.5
a 17 78 0 1 5431535087209.271
a 17 79 0 1 13177912738596.814
a 17 80 0 1 10789797041046.428
a 18 24 0 1 13651706553877.564
a 18 25 0 1 33350768131791.78
a 18 26 0 1 26930434882380.07
a 18 27 0 1 24992618590834.22
a 18 28 0 1 31202993366227.902
a 18 29 0 1 10493013357606.844
a 18 30 0 1 10027669391488.023
a 18 31 0 1 15591948482081.637
a 18 32 0 1 20377863176410.664
a 18 33 0 1 10486239832571.807
a 18 34 0 1 17669209532412.957
a 18 35 0 1 33801933548066.11
a 18 36 0 1 8950592289933.705
a 18 37 0 1 29227784101795.926
a 18 38 0 1 25002914197272.273
a 18 39 0 1 31516848130799.06
a 18 40 0 1 36032766113532.96
a 18 41 0 1 25199657354545.246
a 18 42 0 1 31234512208299.188
a 18 43 0 1 26812058950830.254
a 18 44 0 1 8580880965778.91
a 18 45 0 1 8007252497137.6045
a 18 46 0 1 7798444879483.627
a 18 47 0 1 26299305772612.96
a 18 48 0 1 17752966628303.277
a 18 49 0 1 24834022992491.715
a 18 50 0 1 13665969216005.773
a 18 51 0 1 31526214386629.74
a 18 52 0 1 31727222908410.37
a 18 53 0 1 15754739075771.697
a 18 54 0 1 12729647899030.664
a 18 55 0 1 16823260651705.78
a 18 56 0 1 28467816198867.086
a 18 57 0 1 9745404821769.834
a 18 58 0 1 20202215616275.895
a 18 59 0 1 21970028103595.547
a 18 60 0 1 10114104470608.059
a 18 61 0 1 16059266719636.223
a 18 62 0 1 9320826175893.572
a 18 63 0 1 13294456393646.748
a 18 64 0 1 21551562027586.25
a 18 65 0 1 14097650149164.717
a 18 66 0 1 22727895472040.387
a 18 67 0 1 24448745738829.65
a 18 68 0 1 28019477801344.285
a 18 69 0 1 31627766061930.168
a 18 70 0 1 26900828890084.805
a 18 71 0 1 31648890527182.82
a 18 72 0 1 24212502433436.914
a 18 73 0 1 29924048106464.473
a 18 74 0 1 33230690854091.285
a 18 75 0 1 14618333672836.422
a 18 76 0 1 29879508995933.74
a 18 77 0 1 7386612394393.49
a 18 78 0 1 8689829086365.092
a 18 79 0 1 21094438428414.957
a 18 80 0 1 17268826549520.459
a 19 24 0 1 10358700827718.867
a 19 25 0 1 25292181243324.004
a 19 26 0 1 20426850157540.707
a 19 27 0 1 18958030027412.348
a 19 28 0 1 23664790587045.473
a 19 29 0 1 7962632492068.786
a 19 30 0 1 7609604140313.788
a 19 31 0 1 11830288272376.098
a 19 32 0 1 15459513176745.848
a 19 33 0 1 7957493893350.76
a 19 34 0 1 13405622603304.746
a 19 35 0 1 25634009056397.43
a 19 36 0 1 6792455798783.268
a 19 37 0 1 22167982449635.35
a 19 38 0 1 18965834279147.207
a 19 39 0 1 23902613680809.145
a 19 40 0 1 27324084406696.6
a 19 41 0 1 19114968211118.613
a 19 42 0 1 23688674142131.938
a 19 43 0 1 20337128476052.875
a 19 44 0 1 6511954859240.711
a 19 45 0 1 6076730048827.747
a 19 46 0 1 5918299573462.336
a 19 47 0 1 19948486242123.164
a 19 48 0 1 13469137728739.004
a 19 49 0 1 18837811193812.25
a 19 50 0 1 10369519003695.367
a 19 51 0 1 23909710886617.35
a 19 52 0 1 24062022600435.72
a 19 53 0 1 11953750496072.344
a 19 54 0 1 9659304573817.979
a 19 55 0 1 12764101565004.723
a 19 56 0 1 21592036946453.215
a 19 57 0 1 7395462616790.174
a 19 58 0 1 15326334305346.652
a 19 59 0 1 16666659422989.756
a 19 60 0 1 7675177902986.49
a 19 61 0 1 12184704696411.092
a 19 62 0 1 7073347433074.593
a 19 63 0 1 10087725115962.088
a 19 64 0 1 16349397537982.637
a 19 65 0 1 10696943319951.672
a 19 66 0 1 17241221061577.39
a 19 67 0 1 18545758423702.566
a 19 68 0 1 21252249988611.02
a 19 69 0 1 23986660622260.273
a 19 70 0 1 20404410690287.176
a 19 71 0 1 24002667413384.773
a 19 72 0 1 18366675164379.4
a 19 73 0 1 22695628210139.2
a 19 74 0 1 25201202622304.797
a 19 75 0 1 11091864473398.52
a 19 76 0 1 22661876004582.73
a 19 77 0 1 5605820834015.453
a 19 78 0 1 6594614679399.819
a 19 79 0 1 16002818833803.926
a 19 80 0 1 13101997965095.627
a 20 24 0 1 13159756110178.977
a 20 25 0 1 32146313438702.062
a 20 26 0 1 25958542374167.867
a 20 27 0 1 24090854061411.668
a 20 28 0 1 30076373886465.285
a 20 29 0 1 10115021601534.166
a 20 30 0 1 9666459468879.889
a 20 31 0 1 15029958766840.482
a 20 32 0 1 19642981473169.93
a 20 33 0 1 10108492364513.422
a 20 34 0 1 17032200961388.143
a 20 35 0 1 32581123935146.98
a 20 36 0 1 8628218660754.62
a 20 37 0 1 28172713333650.73
a 20 38 0 1 24100777157999.793
a 20 39 0 1 30378856889779.926
a 20 40 0 1 34731063892957.0
a 20 41 0 1 24290401701324.34
a 20 42 0 1 30106750756010.29
a 20 43 0 1 25844451235216.504
a 20 44 0 1 8271835920242.498
a 20 45 0 1 7718885353899.53
a 20 46 0 1 7517604086211.74
a 20 47 0 1 25350256619863.996
a 20 48 0 1 17112932501854.588
a 20 49 0 1 23937996572390.3
a 20 50 0 1 13173504025689.557
a 20 51 0 1 30387883770022.16
a 20 52 0 1 30581608807473.688
a 20 53 0 1 15186871539012.967
a 20 54 0 1 12270971556416.725
a 20 55 0 1 16216807117894.492
a 20 56 0 1 27440265666196.22
a 20 57 0 1 9394373443100.762
a 20 58 0 1 19473682458008.906
a 20 59 0 1 21177588448766.535
a 20 60 0 1 9749777545923.6
a 20 61 0 1 15480403142347.734
a 20 62 0 1 8985104027916.66
a 20 63 0 1 12815398755593.924
a 20 64 0 1 20774252204369.19
a 20 65 0 1 13589604606742.717
a 20 66 0 1 21908051200245.8
a 20 67 0 1 23566658101443.29
a 20 68 0 1 27008160485983.03
a 20 69 0 1 30485755791014.402
a 20 70 0 1 25930008025276.13
a 20 71 0 1 30506114815545.816
a 20 72 0 1 23338961153186.637
a 20 73 0 1 28843759897308.71
a 20 74 0 1 32030588732603.203
a 20 75 0 1 14091493485019.266
a 20 76 0 1 28800834030617.266
a 20 77 0 1 7120614842755.878
a 20 78 0 1 8376856430230.66
a 20 79 0 1 20333654511412.49
a 20 80 0 1 16646280225702.842
a 21 24 0 1 6357957037675.072
a 21 25 0 1 15513507720119.91
a 21 26 0 1 12531965199631.635
a 21 27 0 1 11631597672983.062
a 21 28 0 1 14516364050603.27
a 21 29 0 1 4887820412260.962
a 21 30 0 1 4671189117479.468
a 21 31 0 1 7260711888713.577
a 21 32 0 1 9486577994915.094
a 21 33 0 1 4884667226229.145
a 21 34 0 1 8226979894549.514
a 21 35 0 1 15722935930195.658
a 21 36 0 1 4169730477255.7573
a 21 37 0 1 13599103864364.646
a 21 38 0 1 11636381888629.777
a 21 39 0 1 14662093340533.582
a 21 40 0 1 16758303358411.305
a 21 41 0 1 11727804349916.074
a 21 42 0 1 14530999158849.98
a 21 43 0 1 12476970362056.729
a 21 44 0 1 3997587330573.523
a 21 45 0 1 3730481796700.8438
a 21 46 0 1 3633247510139.8706
a 21 47 0 1 12238747317503.04
a 21 48 0 1 8265935534173.687
a 21 49 0 1 11557899883018.219
a 21 50 0 1 6364593949226.001
a 21 51 0 1 14666442201079.463
a 21 52 0 1 14759771563848.967
a 21 53 0 1 7336445213353.323
a 21 54 0 1 5928866423772.524
a 21 55 0 1 7833504378782.443
a 21 56 0 1 13246125631795.666
a 21 57 0 1 4539780618359.533
a 21 58 0 1 9404909813669.67
a 21 59 0 1 10226782152608.117
a 21 60 0 1 4711428125696.2705
a 21 61 0 1 7478113271816.079
a 21 62 0 1 4342109088885.139
a 21 63 0 1 6191712341107.5205
a 21 64 0 1 10032249584223.98
a 21 65 0 1 6565464551091.714
a 21 66 0 1 10579066864631.33
a 21 67 0 1 11378859391647.994
a 21 68 0 1 13037872777501.996
a 21 69 0 1 14713593491959.184
a 21 70 0 1 12518210986196.3
a 21 71 0 1 14723401683372.887
a 21 72 0 1 11269071603262.441
a 21 73 0 1 13922464852134.326
a 21 74 0 1 15457766622530.906
a 21 75 0 1 6807735805635.011
a 21 76 0 1 13901780697967.998
a 21 77 0 1 3441464436198.361
a 21 78 0 1 4048316026069.7256
a 21 79 0 1 9819734807169.113
a 21 80 0 1 8040755192628.504
a 22 24 0 1 13810242347244.076
a 22 25 0 1 33738957423238.85
a 22 26 0 1 27243659537889.848
a 22 27 0 1 25283239072107.684
a 22 28 0 1 31566092482852.266
a 22 29 0 1 10614822747356.496
a 22 30 0 1 10144070469372.898
a 22 31 0 1 15773057039858.033
a 22 32 0 1 20614694678764.973
a 22 33 0 1 10607970494980.904
a 22 34 0 1 17874496245038.8
a 22 35 0 1 34195394922217.195
a 22 36 0 1 9054477631165.229
a 22 37 0 1 29567820021441.934
a 22 38 0 1 25293654747429.133
a 22 39 0 1 31883612896668.824
a 22 40 0 1 36452303973308.75
a 22 41 0 1 25492692407802.695
a 22 42 0 1 31597979435379.637
a 22 43 0 1 27123902486122.49
a 22 44 0 1 8680470950698.521
a 22 45 0 1 8100178720871.633
a 22 46 0 1 7888945635549.359
a 22 47 0 1 26605167334063.15
a 22 48 0 1 17959228471993.98
a 22 49 0 1 25122793944844.94
a 22 50 0 1 13824670903891.238
a 22 51 0 1 31893088549280.89
a 22 52 0 1 32096444884810.344
a 22 53 0 1 15937742002390.1
a 22 54 0 1 12877460042431.672
a 22 55 0 1 17018699581209.64
a 22 56 0 1 28798981308337.94
a 22 57 0 1 9858525655326.445
a 22 58 0 1 20437000935963.457
a 22 59 0 1 22225411136914.914
a 22 60 0 1 10231510068307.389
a 22 61 0 1 16245813580009.787
a 22 62 0 1 9429013315340.44
a 22 63 0 1 13448837052560.77
a 22 64 0 1 21802068526128.586
a 22 65 0 1 14261373145083.094
a 22 66 0 1 22992111414837.04
a 22 67 0 1 24733023903914.113
a 22 68 0 1 28345410367285.832
a 22 69 0 1 31995826351694.31
a 22 70 0 1 27213708121851.73
a 22 71 0 1 32017197554964.527
a 22 72 0 1 24494025922313.65
a 22 73 0 1 30272212624011.34
a 22 74 0 1 33617477078731.49
a 22 75 0 1 14788113925816.148
a 22 76 0 1 30227153498083.152
a 22 77 0 1 7472329732173.809
a 22 78 0 1 8790684806886.067
a 22 79 0 1 21339618445469.004
a 22 80 0 1 17469452118326.87
a 23 24 0 1 11159151664690.46
a 23 25 0 1 27250217453933.92
a 23 26 0 1 22007273653250.848
a 23 27 0 1 20424543609724.855
a 23 28 0 1 25496469459670.49
a 23 29 0 1 8577748362792.613
a 23 30 0 1 8197422713309.115
a 23 31 0 1 12744620451627.748
a 23 32 0 1 16654876973308.658
a 23 33 0 1 8572212413801.252
a 23 34 0 1 14441910840902.576
a 23 35 0 1 27618592676570.69
a 23 36 0 1 7317098980093.9
a 23 37 0 1 23883487989520.984
a 23 38 0 1 20432952986964.266
a 23 39 0 1 25752754938238.504
a 23 40 0 1 29439957622507.152
a 23 41 0 1 20593650680049.336
a 23 42 0 1 25522207063805.46
a 23 43 0 1 21910592686954.062
a 23 44 0 1 7014914897555.653
a 23 45 0 1 6546049543459.758
a 23 46 0 1 6375374143659.919
a 23 47 0 1 21491807109232.617
a 23 48 0 1 14510344051962.08
a 23 49 0 1 20295003404984.777
a 23 50 0 1 11170806872263.018
a 23 51 0 1 25760403122188.547
a 23 52 0 1 25924539501526.977
a 23 53 0 1 12877638903714.295
a 23 54 0 1 10405645993743.518
a 23 55 0 1 13750720067002.969
a 23 56 0 1 23262852520571.3
a 23 57 0 1 7966724237072.507
a 23 58 0 1 16511380828110.297
a 23 59 0 1 17955555543275.406
a 23 60 0 1 8268066671322.318
a 23 61 0 1 13126470216979.693
a 23 62 0 1 7619705470604.652
a 23 63 0 1 10867210560463.535
a 23 64 0 1 17613708801839.137
a 23 65 0 1 11523565958225.416
a 23 66 0 1 18574645311109.438
a 23 67 0 1 19980306986183.26
a 23 68 0 1 22896703098957.06
a 23 69 0 1 25843326767227.887
a 23 70 0 1 21983093648544.18
a 23 71 0 1 25860576242579.64
a 23 72 0 1 19787339724295.63
a 23 73 0 1 24452081547313.73
a 23 74 0 1 27152173530065.71
a 23 75 0 1 11949047251742.16
a 23 76 0 1 24415709851064.64
a 23 77 0 1 6038745662349.327
a 23 78 0 1 7103964288899.766
a 23 79 0 1 17240275670927.947
a 23 80 0 1 14114777094337.71
a 24 1 0 1 0
a 25 1 0 1 0
a 26 1 0 1 0
a 27 1 0 1 0
a 28 1 0 1 0
a 29 1 0 1 0
a 30 1 0 1 0
a 31 1 0 1 0
a 32 1 0 1 0
a 33 1 0 1 0
a 34 1 0 1 0
a 35 1 0 1 0
a 36 1 0 1 0
a 37 1 0 1 0
a 38 1 0 1 0
a 39 1 0 1 0
a 40 1 0 1 0
a 41 1 0 1 0
a 42 1 0 1 0
a 43 1 0 1 0
a 44 1 0 1 0
a 45 1 0 1 0
a 46 1 0 1 0
a 47 1 0 1 0
a 48 1 0 1 0
a 49 1 0 1 0
a 50 1 0 1 0
a 51 1 0 1 0
a 52 1 0 1 0
a 53 1 0 1 0
a 54 1 0 1 0
a 55 1 0 1 0
a 56 1 0 1 0
a 57 1 0 1 0
a 58 1 0 1 0
a 59 1 0 1 0
a 60 1 0 1 0
a 61 1 0 1 0
a 62 1 0 1 0
a 63 1 0 1 0
a 64 1 0 1 0
a 65 1 0 1 0
a 66 1 0 1 0
a 67 1 0 1 0
a 68 1 0 1 0
a 69 1 0 1 0
a 70 1 0 1 0
a 71 1 0 1 0
a 72 1 0 1 0
a 73 1 0 1 0
a 74 1 0 1 0
a 75 1 0 1 0
a 76 1 0 1 0
a 77 1 0 1 0
a 78 1 0 1 0
a 79 1 0 1 0
a 80 1 0 1 0
