p min 81 1333
n 0 22
n 1 -22
a 0 2 0 1 0
a 0 3 0 1 0
a 0 4 0 1 0
a 0 5 0 1 0
a 0 6 0 1 0
a 0 7 0 1 0
a 0 8 0 1 0
a 0 9 0 1 0
a 0 10 0 1 0
a 0 11 0 1 0
a 0 12 0 1 0
a 0 13 0 1 0
a 0 14 0 1 0
a 0 15 0 1 0
a 0 16 0 1 0
a 0 17 0 1 0
a 0 18 0 1 0
a 0 19 0 1 0
a 0 20 0 1 0
a 0 21 0 1 0
a 0 22 0 1 0
a 0 23 0 1 0
a 2 24 0 1 3454852228236.673
a 2 25 0 1 16025836070679.008
a 2 26 0 1 12930817141640.043
a 2 27 0 1 9354434622615.885
a 2 28 0 1 8411846297445.713
a 2 29 0 1 15346480062014.4
a 2 30 0 1 10300107668765.0
a 2 31 0 1 16127779594644.727
a 2 32 0 1 15651312415173.74
a 2 33 0 1 5042405340393.143
a 2 34 0 1 13131066959592.998
a 2 35 0 1 4790415616045.183
a 2 36 0 1 4652079154061.212
a 2 37 0 1 9484169919823.66
a 2 38 0 1 14497188783738.3
a 2 39 0 1 15089019651324.664
a 2 40 0 1 9733978233551.334
a 2 41 0 1 16266611566419.574
a 2 42 0 1 15712696425377.943
a 2 43 0 1 14353977859895.904
a 2 44 0 1 5826192572224.154
a 2 45 0 1 14433924401056.773
a 2 46 0 1 10764476815798.795
a 2 47 0 1 11168850481186.896
a 2 48 0 1 8887351350874.303
a 2 49 0 1 5200348727139.267
a 2 50 0 1 5064074824677.454
a 2 51 0 1 4439043619047.219
a 2 52 0 1 15305437074445.8
a 2 53 0 1 10297274032536.646
a 2 54 0 1 15354339452044.584
a 2 55 0 1 15308749864126.11
a 2 56 0 1 9487861668990.438
a 2 57 0 1 14487817180110.852
a 2 58 0 1 8245467894300.166
a 2 59 0 1 10108301134117.27
a 2 60 0 1 15027843667684.883
a 2 61 0 1 15180476817941.426
a 2 62 0 1 7865399932675.883
a 2 63 0 1 9150664517839.826
a 2 64 0 1 13061363231588.463
a 2 65 0 1 9248776471546.71
a 2 66 0 1 11296692229830.848
a 2 67 0 1 11640742958845.984
a 2 68 0 1 13514673560557.566
a 2 69 0 1 14114627414859.217
a 2 70 0 1 13775545648306.475
a 2 71 0 1 10244647897047.227
a 2 72 0 1 4830701185895.857
a 2 73 0 1 3625322978643.6353
a 2 74 0 1 11362185965152.717
a 2 75 0 1 15532026509950.994
a 2 76 0 1 14478802777113.266
a 2 77 0 1 10582343754514.545
a 2 78 0 1 4253529683343.334
a 2 79 0 1 15253167362801.418
a 2 80 0 1 5389522021406.683
a 3 24 0 1 3012548443472.067
a 3 25 0 1 13971554090405.35
a 3 26 0 1 11273787192272.35
a 3 27 0 1 8156133478690.213
a 3 28 0 1 7334392501460.27
a 3 29 0 1 13379415958597.834
a 3 30 0 1 8980540710946.15
a 3 31 0 1 14060408755624.77
a 3 32 0 1 13645114439248.357
a 3 33 0 1 4396753852284.4966
a 3 34 0 1 11448342001056.57
a 3 35 0 1 4177045505700.485
a 3 36 0 1 4056430070361.729
a 3 37 0 1 8269233884878.001
a 3 38 0 1 12639142660983.428
a 3 39 0 1 13155006023964.693
a 3 40 0 1 8487010111217.982
a 3 41 0 1 14181415210855.744
a 3 42 0 1 13698617782307.934
a 3 43 0 1 12514312958269.926
a 3 44 0 1 5080122852437.064
a 3 45 0 1 12583998370722.352
a 3 46 0 1 9385354314421.34
a 3 47 0 1 9737862360718.367
a 3 48 0 1 7748936869104.446
a 3 49 0 1 4534462922118.387
a 3 50 0 1 4415647270894.729
a 3 51 0 1 3870683618677.189
a 3 52 0 1 13343641818903.209
a 3 53 0 1 8978070472747.186
a 3 54 0 1 13386266403223.357
a 3 55 0 1 13346529334502.795
a 3 56 0 1 8272452265047.949
a 3 57 0 1 12630973925318.658
a 3 58 0 1 7189342763613.05
a 3 59 0 1 8813331827183.488
a 3 60 0 1 13101683017515.936
a 3 61 0 1 13234722929102.324
a 3 62 0 1 6857994453060.729
a 3 63 0 1 7978490265344.03
a 3 64 0 1 11387582407999.244
a 3 65 0 1 8064022683981.803
a 3 66 0 1 9849306044443.908
a 3 67 0 1 10149223824331.785
a 3 68 0 1 11782723325355.066
a 3 69 0 1 12305682129025.281
a 3 70 0 1 12010117544805.807
a 3 71 0 1 8932193307810.475
a 3 72 0 1 4212170364867.6094
a 3 73 0 1 3161186913491.4897
a 3 74 0 1 9906398835834.465
a 3 75 0 1 13541142546059.975
a 3 76 0 1 12623116540586.531
a 3 77 0 1 9226580558532.93
a 3 78 0 1 3708932398041.959
a 3 79 0 1 13298082110516.41
a 3 80 0 1 4699400154069.963
a 4 24 0 1 1279068271873.4336
a 4 25 0 1 5927738448460.52
a 4 26 0 1 4784006899108.591
a 4 27 0 1 3461752475985.4463
a 4 28 0 1 3113145946738.4146
a 4 29 0 1 5676733630226.914
a 4 30 0 1 3811451945694.116
a 4 31 0 1 5965401859281.667
a 4 32 0 1 5789364516902.898
a 4 33 0 1 1866603234666.4907
a 4 34 0 1 4858022652878.256
a 4 35 0 1 1773353797887.5574
a 4 36 0 1 1722160590005.9407
a 4 37 0 1 3509729999177.997
a 4 38 0 1 5362907217578.33
a 4 39 0 1 5581602068016.674
a 4 40 0 1 3602109285221.599
a 4 41 0 1 6016692946637.708
a 4 42 0 1 5812044365782.827
a 4 43 0 1 5309984728532.129
a 4 44 0 1 2156623900603.9604
a 4 45 0 1 5339528490026.799
a 4 46 0 1 3983152970589.297
a 4 47 0 1 4132661172432.1377
a 4 48 0 1 3289012525086.1123
a 4 49 0 1 1925048847963.681
a 4 50 0 1 1874621923149.2727
a 4 51 0 1 1643322009114.4814
a 4 52 0 1 5661568494052.135
a 4 53 0 1 3810404169928.063
a 4 54 0 1 5679637617096.015
a 4 55 0 1 5662792553196.675
a 4 56 0 1 3511095234934.682
a 4 57 0 1 5359444047599.309
a 4 58 0 1 3051607666840.232
a 4 59 0 1 3740527882728.3516
a 4 60 0 1 5558997033375.891
a 4 61 0 1 5615395877143.2
a 4 62 0 1 2911026585623.7964
a 4 63 0 1 3386394252758.5796
a 4 64 0 1 4832259208290.999
a 4 65 0 1 3422678275842.9995
a 4 66 0 1 4179926000635.4795
a 4 67 0 1 4307121865377.356
a 4 68 0 1 4999804198101.136
a 4 69 0 1 5221532167064.569
a 4 70 0 1 5096218382805.947
a 4 71 0 1 3790944857992.3154
a 4 72 0 1 1788261804105.6772
a 4 73 0 1 1342163999762.2253
a 4 74 0 1 4204139583076.935
a 4 75 0 1 5745290795151.061
a 4 76 0 1 5356112872621.714
a 4 77 0 1 3915810441354.2935
a 4 78 0 1 1574666429338.4526
a 4 79 0 1 5642255020275.497
a 4 80 0 1 1995049061877.5332
a 5 24 0 1 7574580518842.265
a 5 25 0 1 35196660777930.83
a 5 26 0 1 28387120422637.406
a 5 27 0 1 20525746305393.703
a 5 28 0 1 18455099871808.996
a 5 29 0 1 33701469078798.68
a 5 30 0 1 22603709833268.965
a 5 31 0 1 35421052077771.17
a 5 32 0 1 34372338545756.25
a 5 33 0 1 11057618168008.879
a 5 34 0 1 28827526126749.688
a 5 35 0 1 10504659753202.51
a 5 36 0 1 10201114814742.125
a 5 37 0 1 20810786571517.508
a 5 38 0 1 31832662509786.586
a 5 39 0 1 33134898956916.11
a 5 40 0 1 21359666905026.742
a 5 41 0 1 35726649949009.16
a 5 42 0 1 34507438192409.066
a 5 43 0 1 31517580020846.906
a 5 44 0 1 12777781515275.592
a 5 45 0 1 31693471177087.8
a 5 46 0 1 23624284289617.824
a 5 47 0 1 24513109234826.484
a 5 48 0 1 19499606207735.812
a 5 49 0 1 11404223762219.89
a 5 50 0 1 11105170799859.934
a 5 51 0 1 9733683932258.467
a 5 52 0 1 33611146741302.305
a 5 53 0 1 22597482566735.52
a 5 54 0 1 33718765170520.938
a 5 55 0 1 33618437081618.05
a 5 56 0 1 20818897829890.85
a 5 57 0 1 31812043392729.688
a 5 58 0 1 18089661210452.004
a 5 59 0 1 22182202202340.508
a 5 60 0 1 33000280364814.938
a 5 61 0 1 33336155953772.824
a 5 62 0 1 17254931032634.684
a 5 63 0 1 20078065399502.63
a 5 64 0 1 28674225249608.23
a 5 65 0 1 20293613253394.668
a 5 66 0 1 24794129703990.92
a 5 67 0 1 25550467854939.066
a 5 68 0 1 29671253016757.348
a 5 69 0 1 30991006028290.88
a 5 70 0 1 30245081480350.504
a 5 71 0 1 22481831001087.44
a 5 72 0 1 10593058581519.055
a 5 73 0 1 7948514717694.7295
a 5 74 0 1 24938101225837.54
a 5 75 0 1 34109809573486.62
a 5 76 0 1 31792210228012.48
a 5 77 0 1 23223982965334.35
a 5 78 0 1 9326661734470.06
a 5 79 0 1 33496119499876.965
a 5 80 0 1 11819382975950.602
a 6 24 0 1 6900578482288.814
a 6 25 0 1 32055696732309.016
a 6 26 0 1 25855652501210.516
a 6 27 0 1 18696838815666.566
a 6 28 0 1 16811050652758.791
a 6 29 0 1 30694408531494.582
a 6 30 0 1 20589210123896.953
a 6 31 0 1 32259988805971.992
a 6 32 0 1 31305202754075.17
a 6 33 0 1 10073328535567.914
a 6 34 0 1 26256665474352.68
a 6 35 0 1 9569645747767.975
a 6 36 0 1 9293148094104.535
a 6 37 0 1 18956425645786.25
a 6 38 0 1 28992905937564.098
a 6 39 0 1 30178567240788.797
a 6 40 0 1 19456287950243.49
a 6 41 0 1 32538212077742.02
a 6 42 0 1 31428203430105.71
a 6 43 0 1 28706024594352.223
a 6 44 0 1 11640166906650.725
a 6 45 0 1 28866173016773.867
a 6 46 0 1 21518602892910.6
a 6 47 0 1 22328001213937.754
a 6 48 0 1 17762318057407.43
a 6 49 0 1 10389044249478.621
a 6 50 0 1 10116643356303.422
a 6 51 0 1 8867364139107.236
a 6 52 0 1 30612173763691.855
a 6 53 0 1 20583539163218.832
a 6 54 0 1 30710155893089.473
a 6 55 0 1 30618811323933.24
a 6 56 0 1 18963812565298.74
a 6 57 0 1 28974132371097.715
a 6 58 0 1 16478228426667.994
a 6 59 0 1 20205355763846.492
a 6 60 0 1 30056001070183.395
a 6 61 0 1 30361805036004.332
a 6 62 0 1 15717990905871.846
a 6 63 0 1 18289131707363.25
a 6 64 0 1 26117077230614.254
a 6 65 0 1 18485433583914.13
a 6 66 0 1 22583906225890.305
a 6 67 0 1 23272641313770.883
a 6 68 0 1 27024913821240.79
a 6 69 0 1 28226576926861.33
a 6 70 0 1 27547400821651.652
a 6 71 0 1 20478219068144.824
a 6 72 0 1 9650167500041.098
a 6 73 0 1 7241211486428.997
a 6 74 0 1 22715010102467.9
a 6 75 0 1 31066183820639.867
a 6 76 0 1 28956074401388.31
a 6 77 0 1 21154068213223.35
a 6 78 0 1 8496603279923.204
a 6 79 0 1 30507445976792.38
a 6 80 0 1 10767201051426.867
a 7 24 0 1 2259865639060.5503
a 7 25 0 1 10477467053508.508
a 7 26 0 1 8455030099128.265
a 7 27 0 1 6117424623759.293
a 7 28 0 1 5501216300629.5
a 7 29 0 1 10033585350862.15
a 7 30 0 1 6735603016170.205
a 7 31 0 1 10544073447748.17
a 7 32 0 1 10232761518417.375
a 7 33 0 1 3298097101525.834
a 7 34 0 1 8585898250422.739
a 7 35 0 1 3133309077560.858
a 7 36 0 1 3042842901724.7007
a 7 37 0 1 6202234238240.208
a 7 38 0 1 9478636473162.7
a 7 39 0 1 9865358035190.674
a 7 40 0 1 6365534640330.83
a 7 41 0 1 10634780614140.488
a 7 42 0 1 10272868984389.334
a 7 43 0 1 9385055047352.576
a 7 44 0 1 3810631568861.3755
a 7 45 0 1 9437296384772.08
a 7 46 0 1 7039140095179.9375
a 7 47 0 1 7303451688795.146
a 7 48 0 1 5812079080978.188
a 7 49 0 1 3401382081052.4204
a 7 50 0 1 3312267649838.2646
a 7 51 0 1 2903524751769.7417
a 7 52 0 1 10006767666612.523
a 7 53 0 1 6733750762003.852
a 7 54 0 1 10038720703852.225
a 7 55 0 1 10008932262482.395
a 7 56 0 1 6204647568804.51
a 7 57 0 1 9472512615268.527
a 7 58 0 1 5392443163490.597
a 7 59 0 1 6610224491486.484
a 7 60 0 1 9825384501654.332
a 7 61 0 1 9925117496891.594
a 7 62 0 1 5143960883244.065
a 7 63 0 1 5984215742458.463
a 7 64 0 1 8540345397424.275
a 7 65 0 1 6048353897863.034
a 7 66 0 1 7387011381396.505
a 7 67 0 1 7611884964934.648
a 7 68 0 1 8836588703000.137
a 7 69 0 1 9228648697947.916
a 7 70 0 1 9007066635957.502
a 7 71 0 1 6699350723891.858
a 7 72 0 1 3159653943248.775
a 7 73 0 1 2371356767345.949
a 7 74 0 1 7429818948211.261
a 7 75 0 1 10154821190607.57
a 7 76 0 1 9466622165176.96
a 7 77 0 1 6920089302083.041
a 7 78 0 1 2782202885569.6523
a 7 79 0 1 9972614260023.5
a 7 80 0 1 3525087732859.464
a 8 24 0 1 1604114342921.614
a 8 25 0 1 7435149897679.084
a 8 26 0 1 6000368842758.091
a 8 27 0 1 4341755364461.6616
a 8 28 0 1 3904490654131.818
a 8 29 0 1 7120262739356.281
a 8 30 0 1 4780399942673.874
a 8 31 0 1 7482399288367.574
a 8 32 0 1 7261558337970.96
a 8 33 0 1 2340998181940.2026
a 8 34 0 1 6093216743427.537
a 8 35 0 1 2224043445092.6006
a 8 36 0 1 2159836485220.753
a 8 37 0 1 4401935308417.744
a 8 38 0 1 6726572002358.968
a 8 39 0 1 7000920793279.554
a 8 40 0 1 4517810466936.438
a 8 41 0 1 7546744999216.924
a 8 42 0 1 7290010351656.789
a 8 43 0 1 6660182211688.622
a 8 44 0 1 2704750203781.1807
a 8 45 0 1 6697244013452.073
a 8 46 0 1 4995775944470.205
a 8 47 0 1 5183315778166.768
a 8 48 0 1 4125082791801.2246
a 8 49 0 1 2414301806146.196
a 8 50 0 1 2351055362051.0244
a 8 51 0 1 2060956837991.4258
a 8 52 0 1 7101238126892.976
a 8 53 0 1 4779085654575.295
a 8 54 0 1 7123905783070.314
a 8 55 0 1 7102773704355.686
a 8 56 0 1 4403647775517.831
a 8 57 0 1 6722227545640.057
a 8 58 0 1 3827302785456.9565
a 8 59 0 1 4691435811049.186
a 8 60 0 1 6972563017413.249
a 8 61 0 1 7043314837954.537
a 8 62 0 1 3650972055369.467
a 8 63 0 1 4247231158737.8315
a 8 64 0 1 6060898149030.786
a 8 65 0 1 4292743305807.9917
a 8 66 0 1 5242604091408.614
a 8 67 0 1 5402157549886.288
a 8 68 0 1 6271073501934.384
a 8 69 0 1 6549221392880.796
a 8 70 0 1 6392020371240.829
a 8 71 0 1 4754676685054.298
a 8 72 0 1 2242741230374.4355
a 8 73 0 1 1683247520633.8682
a 8 74 0 1 5272977320727.841
a 8 75 0 1 7206267683769.656
a 8 76 0 1 6718048674050.566
a 8 77 0 1 4911303478259.439
a 8 78 0 1 1974849121080.881
a 8 79 0 1 7077009463299.1875
a 8 80 0 1 2502097765092.348
a 9 24 0 1 2697779055764.7173
a 9 25 0 1 12510070452491.906
a 9 26 0 1 10094829427510.805
a 9 27 0 1 7303478928492.427
a 9 28 0 1 6567708966740.059
a 9 29 0 1 11979957936280.426
a 9 30 0 1 8041621563092.721
a 9 31 0 1 12589617066337.482
a 9 32 0 1 12217825820570.3
a 9 33 0 1 3937288689832.4785
a 9 34 0 1 10251108593250.535
a 9 35 0 1 3740549973280.895
a 9 36 0 1 3632543957509.4795
a 9 37 0 1 7404745564567.831
a 9 38 0 1 11317216550966.416
a 9 39 0 1 11779052640472.918
a 9 40 0 1 7599734943481.451
a 9 41 0 1 12697947105961.238
a 9 42 0 1 12265724769767.273
a 9 43 0 1 11205459618315.447
a 9 44 0 1 4549207538892.129
a 9 45 0 1 11267847278902.758
a 9 46 0 1 8404070778719.817
a 9 47 0 1 8719685417001.826
a 9 48 0 1 6938885283777.463
a 9 49 0 1 4060600295984.5034
a 9 50 0 1 3954206828407.3223
a 9 51 0 1 3466215260797.482
a 9 52 0 1 11947930843627.031
a 9 53 0 1 8039409828398.721
a 9 54 0 1 11986090849995.104
a 9 55 0 1 11950515916731.238
a 9 56 0 1 7407627199459.309
a 9 57 0 1 11309903295086.02
a 9 58 0 1 6437832903890.019
a 9 59 0 1 7891910323344.209
a 9 60 0 1 11731314512126.818
a 9 61 0 1 11850420141993.828
a 9 62 0 1 6141145287956.493
a 9 63 0 1 7144422084694.458
a 9 64 0 1 10196710518770.607
a 9 65 0 1 7221005543130.663
a 9 66 0 1 8819464873565.549
a 9 67 0 1 9087990497891.443
a 9 68 0 1 10550478826467.893
a 9 69 0 1 11018676867366.479
a 9 70 0 1 10754062563213.758
a 9 71 0 1 7998333556295.653
a 9 72 0 1 3772002738602.62
a 9 73 0 1 2830881811992.742
a 9 74 0 1 8870581957450.812
a 9 75 0 1 12124744648394.812
a 9 76 0 1 11302868782211.37
a 9 77 0 1 8261913370481.657
a 9 78 0 1 3321372751051.1333
a 9 79 0 1 11907143100153.057
a 9 80 0 1 4208292825740.2407
a 10 24 0 1 5393878758354.857
a 10 25 0 1 25040664606231.652
a 10 26 0 1 20200587334134.31
a 10 27 0 1 14610160221120.719
a 10 28 0 1 13137183520359.598
a 10 29 0 1 23978102039671.664
a 10 30 0 1 16088138210691.004
a 10 31 0 1 25200119836718.426
a 10 32 0 1 24454870575544.22
a 10 33 0 1 7873249790754.521
a 10 34 0 1 20513684775355.27
a 10 35 0 1 7479669261529.064
a 10 36 0 1 7263608216458.932
a 10 37 0 1 14812910818962.324
a 10 38 0 1 22649880105386.637
a 10 39 0 1 23575439592355.95
a 10 40 0 1 15203321383317.785
a 10 41 0 1 25417277625702.32
a 10 42 0 1 24550879612527.863
a 10 43 0 1 22425924391490.293
a 10 44 0 1 9097522197706.746
a 10 45 0 1 22550945658667.25
a 10 46 0 1 16813960000082.02
a 10 47 0 1 17446042792307.818
a 10 48 0 1 13880229718328.81
a 10 49 0 1 8119946716469.428
a 10 50 0 1 7907095766427.917
a 10 51 0 1 6930885855713.672
a 10 52 0 1 23913910803396.703
a 10 53 0 1 16083709293207.879
a 10 54 0 1 23990394165421.805
a 10 55 0 1 23919091994062.477
a 10 56 0 1 14818680342276.041
a 10 57 0 1 22635224502596.16
a 10 58 0 1 12877203738843.164
a 10 59 0 1 15788352055575.947
a 10 60 0 1 23479763672330.555
a 10 61 0 1 23718475057496.32
a 10 62 0 1 12283337667105.807
a 10 63 0 1 14291714750159.484
a 10 64 0 1 20404699688878.094
a 10 65 0 1 14445039956803.729
a 10 66 0 1 17645881121729.375
a 10 67 0 1 18183707202973.242
a 10 68 0 1 21113489541373.953
a 10 69 0 1 22051633329844.53
a 10 70 0 1 21521404485894.54
a 10 71 0 1 16001455978073.916
a 10 72 0 1 7542590076260.072
a 10 73 0 1 5660088124614.443
a 10 74 0 1 17748260218239.55
a 10 75 0 1 24268300970857.32
a 10 76 0 1 22621127517993.27
a 10 77 0 1 16529275791804.488
a 10 78 0 1 6641154644793.083
a 10 79 0 1 23832161464973.297
a 10 80 0 1 8415429288729.332
a 11 24 0 1 6506299001123.156
a 11 25 0 1 30219114090320.254
a 11 26 0 1 24375289499718.93
a 11 27 0 1 17627185125232.254
a 11 28 0 1 15849480626233.61
a 11 29 0 1 28936078918657.344
a 11 30 0 1 19411050975006.242
a 11 31 0 1 30411660532472.656
a 11 32 0 1 29511764774254.7
a 11 33 0 1 9497568799998.932
a 11 34 0 1 24753277020695.812
a 11 35 0 1 9022704848514.533
a 11 36 0 1 8762026011896.788
a 11 37 0 1 17871890310863.535
a 11 38 0 1 27332353920931.97
a 11 39 0 1 28449884488952.535
a 11 40 0 1 18343094049508.668
a 11 41 0 1 30673886712070.875
a 11 42 0 1 29627694825559.277
a 11 43 0 1 27061954783708.266
a 11 44 0 1 10974738417566.709
a 11 45 0 1 27212902318554.723
a 11 46 0 1 20287137569627.043
a 11 47 0 1 21050103346738.816
a 11 48 0 1 16746231812996.627
a 11 49 0 1 9795218840531.348
a 11 50 0 1 9538405162319.828
a 11 51 0 1 8360599894998.277
a 11 52 0 1 28858570638415.633
a 11 53 0 1 19405705244470.367
a 11 54 0 1 28950921182541.61
a 11 55 0 1 28864826704437.9
a 11 56 0 1 17878853739340.84
a 11 57 0 1 27314658984357.426
a 11 58 0 1 15535729463018.252
a 11 59 0 1 19049209796102.58
a 11 60 0 1 28334362055577.824
a 11 61 0 1 28622591468821.117
a 11 62 0 1 14819049182507.871
a 11 63 0 1 17242849437009.982
a 11 64 0 1 24621703913191.266
a 11 65 0 1 17427898754397.896
a 11 66 0 1 21291326224822.79
a 11 67 0 1 21940542206010.43
a 11 68 0 1 25477408315447.094
a 11 69 0 1 26610050552856.082
a 11 70 0 1 25969887031197.492
a 11 71 0 1 19306425194272.06
a 11 72 0 1 9098619660325.055
a 11 73 0 1 6827453899090.694
a 11 74 0 1 21414907913779.98
a 11 75 0 1 29286485170129.777
a 11 76 0 1 27297638525986.24
a 11 77 0 1 19943512392441.2
a 11 78 0 1 8011047331939.347
a 11 79 0 1 28759862015344.86
a 11 80 0 1 10151735377181.74
a 12 24 0 1 3752599445282.152
a 12 25 0 1 17409153954163.178
a 12 26 0 1 14046546986092.822
a 12 27 0 1 10161216773722.79
a 12 28 0 1 9137248469509.973
a 12 29 0 1 16671044677982.23
a 12 30 0 1 11188555407903.668
a 12 31 0 1 17519914799879.766
a 12 32 0 1 17002238846640.053
a 12 33 0 1 5477057882955.487
a 12 34 0 1 14264103663059.318
a 12 35 0 1 5203333769178.109
a 12 36 0 1 5053066218410.601
a 12 37 0 1 10302154492523.357
a 12 38 0 1 15748317532774.723
a 12 39 0 1 16391320729904.09
a 12 40 0 1 10573534351958.564
a 12 41 0 1 17670755018824.625
a 12 42 0 1 17068931571824.654
a 12 43 0 1 15592725093829.467
a 12 44 0 1 6328456378593.167
a 12 45 0 1 15679583478354.744
a 12 46 0 1 11693033203609.598
a 12 47 0 1 12132337362914.465
a 12 48 0 1 9653804668685.852
a 12 49 0 1 5648624758020.394
a 12 50 0 1 5500596447934.705
a 12 51 0 1 4821657839685.692
a 12 52 0 1 16626452458040.264
a 12 53 0 1 11185477038192.125
a 12 54 0 1 16679583720586.32
a 12 55 0 1 16630051723086.057
a 12 56 0 1 10306165023252.576
a 12 57 0 1 15738135679542.498
a 12 58 0 1 8956507493902.166
a 12 59 0 1 10980183454102.814
a 12 60 0 1 16324854847471.232
a 12 61 0 1 16490686365878.186
a 12 62 0 1 8543632506334.569
a 12 63 0 1 9939852201927.947
a 12 64 0 1 14188375598534.586
a 12 65 0 1 10046435490151.543
a 12 66 0 1 12271223037194.025
a 12 67 0 1 12644997193639.414
a 12 68 0 1 14680866400120.312
a 12 69 0 1 15332682237455.404
a 12 70 0 1 14964288172109.15
a 12 71 0 1 11128305757502.03
a 12 72 0 1 5247093921511.848
a 12 73 0 1 3937768423847.365
a 12 74 0 1 12342374747637.195
a 12 75 0 1 16872636890722.484
a 12 76 0 1 15728341911565.88
a 12 77 0 1 11495168328775.611
a 12 78 0 1 4620145405568.49
a 12 79 0 1 16569662724868.223
a 12 80 0 1 5854116000746.462
a 13 24 0 1 4088509236267.2314
a 13 25 0 1 18970188368455.094
a 13 26 0 1 15305533431796.963
a 13 27 0 1 11071518579926.379
a 13 28 0 1 9955711964275.84
a 13 29 0 1 18165756197282.348
a 13 30 0 1 12191021521201.932
a 13 31 0 1 19090902702957.92
a 13 32 0 1 18526708337108.645
a 13 33 0 1 5967436748816.014
a 13 34 0 1 15542624543036.416
a 13 35 0 1 5669189222527.422
a 13 36 0 1 5505459660355.308
a 13 37 0 1 11225098656673.863
a 13 38 0 1 17160134573090.648
a 13 39 0 1 17860900831064.2
a 13 40 0 1 11520823019692.379
a 13 41 0 1 19255298575991.305
a 13 42 0 1 18599393738086.457
a 13 43 0 1 16990566161647.92
a 13 44 0 1 6895124261813.581
a 13 45 0 1 17085226467221.031
a 13 46 0 1 12740765581658.756
a 13 47 0 1 13219492711192.623
a 13 48 0 1 10518594430597.332
a 13 49 0 1 6154375452911.281
a 13 50 0 1 5993084252815.71
a 13 51 0 1 5253321103566.862
a 13 52 0 1 18117157531714.375
a 13 53 0 1 12187666950185.41
a 13 54 0 1 18175062446318.117
a 13 55 0 1 18121080175716.055
a 13 56 0 1 11229468945510.86
a 13 57 0 1 17149038125948.506
a 13 58 0 1 9758763028536.252
a 13 59 0 1 11963954242090.748
a 13 60 0 1 17788463671094.812
a 13 61 0 1 17969193635598.95
a 13 62 0 1 9308866203569.916
a 13 63 0 1 10830298124436.76
a 13 64 0 1 15460096727551.477
a 13 65 0 1 10946441546347.418
a 13 66 0 1 13370842831523.13
a 13 67 0 1 13778163914246.5
a 13 68 0 1 15996811423391.002
a 13 69 0 1 16707166371558.186
a 13 70 0 1 16305685924039.725
a 13 71 0 1 12125366115728.312
a 13 72 0 1 5716869808814.815
a 13 73 0 1 4290261599826.9634
a 13 74 0 1 13448380297959.994
a 13 75 0 1 18385461282375.117
a 13 76 0 1 17138364626367.441
a 13 77 0 1 12525145815675.723
a 13 78 0 1 5033757629940.732
a 13 79 0 1 18055265516483.41
a 13 80 0 1 6378278907568.064
a 14 24 0 1 5558690988742.064
a 14 25 0 1 25807579417447.504
a 14 26 0 1 20818910655856.273
a 14 27 0 1 15057068428611.902
a 14 28 0 1 13538964778558.959
a 14 29 0 1 24712381310745.727
a 14 30 0 1 16580342447493.326
a 14 31 0 1 25971932865136.883
a 14 32 0 1 25203792294587.863
a 14 33 0 1 8113891042623.114
a 14 34 0 1 21141615098139.062
a 14 35 0 1 7708270277179.258
a 14 36 0 1 7485600069154.069
a 14 37 0 1 15266031843895.955
a 14 38 0 1 23343375948053.598
a 14 39 0 1 24297353641667.004
a 14 40 0 1 15668406468102.928
a 14 41 0 1 26195761702495.52
a 14 42 0 1 25302750147980.4
a 14 43 0 1 23112544877415.09
a 14 44 0 1 9375623023425.154
a 14 45 0 1 23241404205724.785
a 14 46 0 1 17328414529868.31
a 14 47 0 1 17979877139291.004
a 14 48 0 1 14304773389465.09
a 14 49 0 1 8368135381637.643
a 14 50 0 1 8148772471474.57
a 14 51 0 1 7142700616471.0625
a 14 52 0 1 24646218768833.613
a 14 53 0 1 16575777771929.922
a 14 54 0 1 24725050929719.754
a 14 55 0 1 24651559072168.434
a 14 56 0 1 15271978165118.549
a 14 57 0 1 23328270412558.42
a 14 58 0 1 13271021746721.518
a 14 59 0 1 16271367372776.756
a 14 60 0 1 24198739816659.332
a 14 61 0 1 24444781398089.363
a 14 62 0 1 12658967241006.13
a 14 63 0 1 14728865545108.043
a 14 64 0 1 21029285860407.082
a 14 65 0 1 14886888661187.693
a 14 66 0 1 18185843166956.734
a 14 67 0 1 18740162202420.504
a 14 68 0 1 21759826112554.676
a 14 69 0 1 22726764035708.324
a 14 70 0 1 22180260266802.688
a 14 71 0 1 16491003200220.307
a 14 72 0 1 7773115861287.491
a 14 73 0 1 5833039957793.715
a 14 74 0 1 18291361654741.46
a 14 75 0 1 25011492593220.055
a 14 76 0 1 23313740646522.43
a 14 77 0 1 17035002781711.846
a 14 78 0 1 6844107953006.669
a 14 79 0 1 24561958960909.84
a 14 80 0 1 8672658490413.884
a 15 24 0 1 5036732676329.339
a 15 25 0 1 23379134356509.992
a 15 26 0 1 18860909790719.016
a 15 27 0 1 13641815211603.78
a 15 28 0 1 12266603677687.613
a 15 29 0 1 22387258159690.254
a 15 30 0 1 15021664966035.42
a 15 31 0 1 23527980525402.586
a 15 32 0 1 22832311936912.316
a 15 33 0 1 7351797565831.2295
a 15 34 0 1 19153197184548.992
a 15 35 0 1 6984305184997.153
a 15 36 0 1 6782564622772.311
a 15 37 0 1 13831106318487.84
a 15 38 0 1 21147372733254.523
a 15 39 0 1 22011378384594.19
a 15 40 0 1 14195598032038.443
a 15 41 0 1 23730689533997.86
a 15 42 0 1 22921934036323.527
a 15 43 0 1 20938309233650.426
a 15 44 0 1 8494906009939.955
a 15 45 0 1 21055017144258.926
a 15 46 0 1 15699285439470.625
a 15 47 0 1 16289385929863.47
a 15 48 0 1 12960335900815.4
a 15 49 0 1 7582141271526.49
a 15 50 0 1 7383399986904.682
a 15 51 0 1 6471893732608.224
a 15 52 0 1 22327336691780.33
a 15 53 0 1 15017530146771.275
a 15 54 0 1 22398732651069.816
a 15 55 0 1 22332173250609.11
a 15 56 0 1 13836492826469.916
a 15 57 0 1 21133691694958.594
a 15 58 0 1 12023876193884.45
a 15 59 0 1 14741785204670.19
a 15 60 0 1 21922065907663.09
a 15 61 0 1 22144900260588.867
a 15 62 0 1 11469415547938.924
a 15 63 0 1 13344508390168.014
a 15 64 0 1 19051455959789.676
a 15 65 0 1 13487655935081.527
a 15 66 0 1 16475950012032.703
a 15 67 0 1 16978048200314.219
a 15 68 0 1 19713131965356.914
a 15 69 0 1 20588905522394.88
a 15 70 0 1 20093929212164.508
a 15 71 0 1 14940738736983.28
a 15 72 0 1 7043055495642.397
a 15 73 0 1 5285304735406.847
a 15 74 0 1 16571528363213.377
a 15 75 0 1 22658153374647.18
a 15 76 0 1 21120532125103.53
a 15 77 0 1 15433507806211.217
a 15 78 0 1 6201363430712.149
a 15 79 0 1 22251024937747.484
a 15 80 0 1 7858035544749.84
a 16 24 0 1 4507687189345.294
a 16 25 0 1 20918803067565.91
a 16 26 0 1 16876983517727.287
a 16 27 0 1 12207642597443.635
a 16 28 0 1 10977190689989.727
a 16 29 0 1 20031549032856.316
a 16 30 0 1 13442203263450.371
a 16 31 0 1 21051947239002.203
a 16 32 0 1 20429661602669.523
a 16 33 0 1 6579399343562.708
a 16 34 0 1 17138465319381.912
a 16 35 0 1 6250544420272.721
a 16 36 0 1 6070013237348.482
a 16 37 0 1 12377005042052.064
a 16 38 0 1 18922415491599.145
a 16 39 0 1 19695311116138.316
a 16 40 0 1 12703120696879.9
a 16 41 0 1 21233271407127.066
a 16 42 0 1 20509830459729.883
a 16 43 0 1 18735395454390.445
a 16 44 0 1 7602304810726.206
a 16 45 0 1 18839797907693.54
a 16 46 0 1 14048459642827.672
a 16 47 0 1 14576405154326.16
a 16 48 0 1 11597903333752.297
a 16 49 0 1 6785523653729.372
a 16 50 0 1 6607679008921.668
a 16 51 0 1 5792002060398.422
a 16 52 0 1 19977947340037.867
a 16 53 0 1 13438503875111.633
a 16 54 0 1 20041813327948.406
a 16 55 0 1 19982273801372.0
a 16 56 0 1 12381824444410.973
a 16 57 0 1 18910176998377.133
a 16 58 0 1 10760009300907.537
a 16 59 0 1 13191796336163.982
a 16 60 0 1 19615417456545.5
a 16 61 0 1 19814751566272.316
a 16 62 0 1 10263898623533.951
a 16 63 0 1 11941634817799.137
a 16 64 0 1 17047447308326.734
a 16 65 0 1 12069712712371.477
a 16 66 0 1 14743316966314.453
a 16 67 0 1 15192521429873.244
a 16 68 0 1 17639380665998.234
a 16 69 0 1 18422830428988.625
a 16 70 0 1 17980036424096.742
a 16 71 0 1 13369799173295.873
a 16 72 0 1 6303118030259.809
a 16 73 0 1 4730135655643.206
a 16 74 0 1 14828827001309.992
a 16 75 0 1 20273872598619.777
a 16 76 0 1 18898404985504.473
a 16 77 0 1 13810673762141.936
a 16 78 0 1 5549909933151.104
a 16 79 0 1 19909683892776.277
a 16 80 0 1 7032407622493.519
a 17 24 0 1 2480422340640.028
a 17 25 0 1 11501101935566.002
a 17 26 0 1 9280864334158.861
a 17 27 0 1 6714759694657.626
a 17 28 0 1 6038339957165.175
a 17 29 0 1 11013798554970.246
a 17 30 0 1 7393351426166.303
a 17 31 0 1 11574224363230.125
a 17 32 0 1 11232458057528.658
a 17 33 0 1 3620024591093.4487
a 17 34 0 1 9424528739409.809
a 17 35 0 1 3439145226881.153
a 17 36 0 1 3339845429372.0415
a 17 37 0 1 6807857024621.826
a 17 38 0 1 10404569968400.39
a 17 39 0 1 10829116073048.988
a 17 40 0 1 6987115873368.492
a 17 41 0 1 11673805492655.988
a 17 42 0 1 11276488938829.666
a 17 43 0 1 10301836066739.871
a 17 44 0 1 4182611679183.7983
a 17 45 0 1 10359186698837.06
a 17 46 0 1 7726556033077.49
a 17 47 0 1 8016703133758.192
a 17 48 0 1 6379576824785.247
a 17 49 0 1 3733395558740.7017
a 17 50 0 1 3635578906659.4033
a 17 51 0 1 3186923873707.4756
a 17 52 0 1 10984357650239.586
a 17 53 0 1 7391318140801.279
a 17 54 0 1 11019436233866.375
a 17 55 0 1 10986733979325.63
a 17 56 0 1 6810506191862.786
a 17 57 0 1 10397847176685.25
a 17 58 0 1 5918939270641.959
a 17 59 0 1 7255719145652.918
a 17 60 0 1 10785232628519.453
a 17 61 0 1 10894720830399.627
a 17 62 0 1 5646180422217.463
a 17 63 0 1 6568533811725.069
a 17 64 0 1 9374521692209.146
a 17 65 0 1 6638939410994.213
a 17 66 0 1 8108430844691.862
a 17 67 0 1 8355286835012.355
a 17 68 0 1 9699732821665.35
a 17 69 0 1 10130133304668.045
a 17 70 0 1 9886881734034.545
a 17 71 0 1 7353556009236.781
a 17 72 0 1 3468062590077.2666
a 17 73 0 1 2602797958932.806
a 17 74 0 1 8155422947901.423
a 17 75 0 1 11146893520435.541
a 17 76 0 1 10391380621710.2
a 17 77 0 1 7595869017191.555
a 17 78 0 1 3053756198405.558
a 17 79 0 1 10946863491913.6
a 17 80 0 1 3869181665335.114
a 18 24 0 1 3796534256821.156
a 18 25 0 1 17613302052745.215
a 18 26 0 1 14211198998474.36
a 18 27 0 1 10280271474171.71
a 18 28 0 1 9244292991500.596
a 18 29 0 1 16866520534879.95
a 18 30 0 1 11319662697038.023
a 18 31 0 1 17725364385699.855
a 18 32 0 1 17201605807241.809
a 18 33 0 1 5541195251390.367
a 18 34 0 1 14431310089286.23
a 18 35 0 1 5264263834180.664
a 18 36 0 1 5112235642658.292
a 18 37 0 1 10422862483250.14
a 18 38 0 1 15932954120802.371
a 18 39 0 1 16583510425564.514
a 18 40 0 1 10697425956241.68
a 18 41 0 1 17877977095645.21
a 18 42 0 1 17269082122120.682
a 18 43 0 1 15775534168202.162
a 18 44 0 1 6402571133273.633
a 18 45 0 1 15863412741201.89
a 18 46 0 1 11830060009575.533
a 18 47 0 1 12274519508276.027
a 18 48 0 1 9766907547599.043
a 18 49 0 1 5714772528683.526
a 18 50 0 1 5565009633990.8545
a 18 51 0 1 4878116040467.184
a 18 52 0 1 16821404436882.148
a 18 53 0 1 11316548208028.049
a 18 54 0 1 16875159896435.545
a 18 55 0 1 16825045986590.395
a 18 56 0 1 10426920060884.117
a 18 57 0 1 15922652674412.639
a 18 58 0 1 9061432392880.996
a 18 59 0 1 11108845920325.096
a 18 60 0 1 16516263741915.758
a 18 61 0 1 16684043371823.078
a 18 62 0 1 8643715787002.905
a 18 63 0 1 10056310262858.768
a 18 64 0 1 14354692858706.537
a 18 65 0 1 10164143772270.05
a 18 66 0 1 12415035148936.197
a 18 67 0 1 12793196191892.969
a 18 68 0 1 14852966554192.219
a 18 69 0 1 15512437121877.12
a 18 70 0 1 15139716603923.05
a 18 71 0 1 11258706126801.508
a 18 72 0 1 5308536722953.432
a 18 73 0 1 3983872157561.876
a 18 74 0 1 12487021918387.6
a 18 75 0 1 17070481159982.844
a 18 76 0 1 15912743871886.502
a 18 77 0 1 11629873315429.93
a 18 78 0 1 4674242768363.015
a 18 79 0 1 16763947534780.08
a 18 80 0 1 5922671801493.524
a 19 24 0 1 4957234520969.094
a 19 25 0 1 23009357536666.055
a 19 26 0 1 18562748416981.273
a 19 27 0 1 13426287102155.07
a 19 28 0 1 12072832854615.8
a 19 29 0 1 22033209208063.43
a 19 30 0 1 14784299372780.314
a 19 31 0 1 23155843193707.79
a 19 32 0 1 22471206345053.52
a 19 33 0 1 7235728726243.478
a 19 34 0 1 18850405170940.348
a 19 35 0 1 6874042840888.407
a 19 36 0 1 6675489637558.721
a 19 37 0 1 13612582894611.25
a 19 38 0 1 20812979283188.938
a 19 39 0 1 21663288716481.316
a 19 40 0 1 13971306583372.732
a 19 41 0 1 23355337365933.234
a 19 42 0 1 22559407337041.7
a 19 43 0 1 20607229455374.832
a 19 44 0 1 8360772604715.539
a 19 45 0 1 20722087556404.51
a 19 46 0 1 15451193333340.473
a 19 47 0 1 16031951382013.748
a 19 48 0 1 12755590355104.846
a 19 49 0 1 7462432682215.924
a 19 50 0 1 7266831796519.174
a 19 51 0 1 6369726843826.074
a 19 52 0 1 21974237782755.46
a 19 53 0 1 14780230001311.422
a 19 54 0 1 22044501772260.44
a 19 55 0 1 21978997659413.754
a 19 56 0 1 13617884165409.248
a 19 57 0 1 20799515095151.832
a 19 58 0 1 11833944869797.412
a 19 59 0 1 14508849536854.576
a 19 60 0 1 21575392145257.277
a 19 61 0 1 21794693764390.63
a 19 62 0 1 11288253971589.006
a 19 63 0 1 13133684560432.64
a 19 64 0 1 18750275843079.45
a 19 65 0 1 13274567124255.266
a 19 66 0 1 16215561530943.102
a 19 67 0 1 16709709205671.248
a 19 68 0 1 19401468181160.047
a 19 69 0 1 20263363468128.832
a 19 70 0 1 19776231321774.2
a 19 71 0 1 14704654069654.365
a 19 72 0 1 6931864910576.886
a 19 73 0 1 5201880849115.392
a 19 74 0 1 16309626508857.736
a 19 75 0 1 22299809273874.58
a 19 76 0 1 20786564109426.902
a 19 77 0 1 15189623070359.94
a 19 78 0 1 6103470200682.907
a 19 79 0 1 21899135917278.35
a 19 80 0 1 7733967193556.24
a 20 24 0 1 5578329102309.598
a 20 25 0 1 25898967833246.297
a 20 26 0 1 20892590947449.273
a 20 27 0 1 15110321473749.762
a 20 28 0 1 13586840272250.469
a 20 29 0 1 24799880386483.312
a 20 30 0 1 16638993255380.09
a 20 31 0 1 26063905028729.332
a 20 32 0 1 25293036379821.117
a 20 33 0 1 8142564803029.62
a 20 34 0 1 21216440266346.688
a 20 35 0 1 7735509333373.874
a 20 36 0 1 7512051585057.184
a 20 37 0 1 15320025244119.28
a 20 38 0 1 23426014705231.703
a 20 39 0 1 24383379100810.258
a 20 40 0 1 15723825577899.879
a 20 41 0 1 26288528893218.75
a 20 42 0 1 25392345658351.844
a 20 43 0 1 23194364276828.344
a 20 44 0 1 9408760462963.15
a 20 45 0 1 23323680998708.0
a 20 46 0 1 17389716847164.877
a 20 47 0 1 18043488911268.246
a 20 48 0 1 14355361357537.178
a 20 49 0 1 8397708487602.892
a 20 50 0 1 8177569615800.495
a 20 51 0 1 7167939444372.667
a 20 52 0 1 24733482915295.773
a 20 53 0 1 16634412401927.195
a 20 54 0 1 24812594993020.523
a 20 55 0 1 24738842180791.49
a 20 56 0 1 15325992633616.736
a 20 57 0 1 23410855549804.92
a 20 58 0 1 13317948306438.271
a 20 59 0 1 16328923165505.293
a 20 60 0 1 24284415153735.86
a 20 61 0 1 24531330304913.82
a 20 62 0 1 12703726398709.521
a 20 63 0 1 14780955843198.11
a 20 64 0 1 21103712502203.445
a 20 65 0 1 14939538787688.678
a 20 66 0 1 18250185167075.848
a 20 67 0 1 18806469647627.184
a 20 68 0 1 21836844781033.25
a 20 69 0 1 22807214165338.29
a 20 70 0 1 22258770874254.254
a 20 71 0 1 16549337379613.844
a 20 72 0 1 7800584271050.3125
a 20 73 0 1 5853647963012.588
a 20 74 0 1 18356077771616.79
a 20 75 0 1 25100053795057.64
a 20 76 0 1 23396274207816.47
a 20 77 0 1 17095265059020.635
a 20 78 0 1 6868290865241.858
a 20 79 0 1 24648923923709.88
a 20 80 0 1 8703308863972.256
a 21 24 0 1 6211185593606.978
a 21 25 0 1 28844853259182.117
a 21 26 0 1 23267497946488.266
a 21 27 0 1 16826671146855.912
a 21 28 0 1 15129839307014.021
a 21 29 0 1 27620351810358.668
a 21 30 0 1 18529352272569.438
a 21 31 0 1 29028614059489.996
a 21 32 0 1 28169776174384.31
a 21 33 0 1 9066635366566.377
a 21 34 0 1 23628260176232.016
a 21 35 0 1 8613338801731.507
a 21 36 0 1 8364498528104.032
a 21 37 0 1 17060241547335.387
a 21 38 0 1 26089767616694.445
a 21 39 0 1 27156333887382.633
a 21 40 0 1 17510002482606.635
a 21 41 0 1 29278874604241.66
a 21 42 0 1 28280417356069.15
a 21 43 0 1 25831697986089.887
a 21 44 0 1 10476700451094.037
a 21 45 0 1 25975762791126.883
a 21 46 0 1 19365556024602.62
a 21 47 0 1 20093782398874.605
a 21 48 0 1 15985798769261.633
a 21 49 0 1 9350765579944.46
a 21 50 0 1 9105616916514.926
a 21 51 0 1 7981301595589.953
a 21 52 0 1 27546379029457.793
a 21 53 0 1 18524249876746.004
a 21 54 0 1 27634517045330.754
a 21 55 0 1 27552349730560.633
a 21 56 0 1 17066888111157.543
a 21 57 0 1 26072879546213.49
a 21 58 0 1 14830358265526.672
a 21 59 0 1 18183981259792.19
a 21 60 0 1 27046080363909.41
a 21 61 0 1 27321163554511.094
a 21 62 0 1 14146270555255.682
a 21 63 0 1 16459822621772.855
a 21 64 0 1 23502683156788.246
a 21 65 0 1 16636452432896.602
a 21 66 0 1 20324020690582.586
a 21 67 0 1 20943670376477.09
a 21 68 0 1 24319388045158.383
a 21 69 0 1 25400397792922.75
a 21 70 0 1 24789418265950.773
a 21 71 0 1 18429488947844.23
a 21 72 0 1 8685805863280.1045
a 21 73 0 1 6517762579698.157
a 21 74 0 1 20441974604236.914
a 21 75 0 1 27954773713863.27
a 21 76 0 1 26056635195646.79
a 21 77 0 1 19037574906828.69
a 21 78 0 1 7647621273943.791
a 21 79 0 1 27452172861010.7
a 21 80 0 1 9691087297729.021
a 22 24 0 1 2074534539753.3828
a 22 25 0 1 9617465505164.229
a 22 26 0 1 7761180668032.707
a 22 27 0 1 5615531332583.57
a 22 28 0 1 5049908129358.458
a 22 29 0 1 9210056725615.121
a 22 30 0 1 6182956260046.301
a 22 31 0 1 9678598682265.57
a 22 32 0 1 9392867385977.967
a 22 33 0 1 3027591178330.771
a 22 34 0 1 7881299572316.903
a 22 35 0 1 2876323344313.255
a 22 36 0 1 2793279351576.5063
a 22 37 0 1 5693378330387.502
a 22 38 0 1 8700702138950.174
a 22 39 0 1 9055651437419.24
a 22 40 0 1 5843271904469.129
a 22 41 0 1 9761852085755.848
a 22 42 0 1 9429679298934.535
a 22 43 0 1 8614808784128.047
a 22 44 0 1 3498071258245.8022
a 22 45 0 1 8662758315214.134
a 22 46 0 1 6461570017062.361
a 22 47 0 1 6704177777030.72
a 22 48 0 1 5335252715604.795
a 22 49 0 1 3122401803526.827
a 22 50 0 1 3040599068558.041
a 22 51 0 1 2665391105644.864
a 22 52 0 1 9185442490347.357
a 22 53 0 1 6181256088905.605
a 22 54 0 1 9214770135888.43
a 22 55 0 1 9187429234763.549
a 22 56 0 1 5695593531877.314
a 22 57 0 1 8695081383984.018
a 22 58 0 1 4950063597096.068
a 22 59 0 1 6067872054979.348
a 22 60 0 1 9018962169111.963
a 22 61 0 1 9110500950633.318
a 22 62 0 1 4721977127774.122
a 22 63 0 1 5493258251608.411
a 22 64 0 1 7839488372872.801
a 22 65 0 1 5552131015290.207
a 22 66 0 1 6780875748913.09
a 22 67 0 1 6987282653447.94
a 22 68 0 1 8111397984537.122
a 22 69 0 1 8471251473327.999
a 22 70 0 1 8267872014753.733
a 22 71 0 1 6149680523757.252
a 22 72 0 1 2900506752097.9546
a 22 73 0 1 2176880012656.4417
a 22 74 0 1 6820168014493.493
a 22 75 0 1 9321331184484.182
a 22 76 0 1 8689674860687.653
a 22 77 0 1 6352294632974.643
a 22 78 0 1 2554022422789.9556
a 22 79 0 1 9154095247161.6
a 22 80 0 1 3235957376593.961
a 23 24 0 1 5773108383600.263
a 23 25 0 1 26805479325356.105
a 23 26 0 1 21623433511365.656
a 23 27 0 1 15638530466281.918
a 23 28 0 1 14061706925786.979
a 23 29 0 1 25667808002492.934
a 23 30 0 1 17220745797179.857
a 23 31 0 1 26976207575061.27
a 23 32 0 1 26178275171402.38
a 23 33 0 1 8426966757530.698
a 23 34 0 1 21958640050117.207
a 23 35 0 1 8005680623748.062
a 23 36 0 1 7774411376744.036
a 23 37 0 1 15855578206508.135
a 23 38 0 1 24245726463748.17
a 23 39 0 1 25236687923957.406
a 23 40 0 1 16273520938769.98
a 23 41 0 1 27208718498417.008
a 23 42 0 1 26281070733713.582
a 23 43 0 1 24005947811922.89
a 23 44 0 1 9737437459636.523
a 23 45 0 1 24139801984462.445
a 23 46 0 1 17997771519666.23
a 23 47 0 1 18674452783148.934
a 23 48 0 1 14857134168024.256
a 23 49 0 1 8691030972227.641
a 23 50 0 1 8463195403438.605
a 23 51 0 1 7418270788732.467
a 23 52 0 1 25599079946961.23
a 23 53 0 1 17216004464738.178
a 23 54 0 1 25680968902265.605
a 23 55 0 1 25604627323978.65
a 23 56 0 1 15861754583449.084
a 23 57 0 1 24230035385363.58
a 23 58 0 1 13783402134142.627
a 23 59 0 1 16899813556090.883
a 23 60 0 1 25134250651289.367
a 23 61 0 1 25389831906241.316
a 23 62 0 1 13147681051240.969
a 23 63 0 1 15297630966378.139
a 23 64 0 1 21841958885004.78
a 23 65 0 1 15461767124594.412
a 23 66 0 1 18888392742920.09
a 23 67 0 1 19464174076317.652
a 23 68 0 1 22600804262791.363
a 23 69 0 1 23605214256699.035
a 23 70 0 1 23037530578444.164
a 23 71 0 1 17127949079099.404
a 23 72 0 1 8073030489327.331
a 23 73 0 1 6058047297260.427
a 23 74 0 1 18997996509277.426
a 23 75 0 1 25978518107654.832
a 23 76 0 1 24214942397252.945
a 23 77 0 1 17693002844468.38
a 23 78 0 1 7108148790441.045
a 23 79 0 1 25511552946002.08
a 23 80 0 1 9007316698382.844
a 24 1 0 1 0
a 25 1 0 1 0
a 26 1 0 1 0
a 27 1 0 1 0
a 28 1 0 1 0
a 29 1 0 1 0
a 30 1 0 1 0
a 31 1 0 1 0
a 32 1 0 1 0
a 33 1 0 1 0
a 34 1 0 1 0
a 35 1 0 1 0
a 36 1 0 1 0
a 37 1 0 1 0
a 38 1 0 1 0
a 39 1 0 1 0
a 40 1 0 1 0
a 41 1 0 1 0
a 42 1 0 1 0
a 43 1 0 1 0
a 44 1 0 1 0
a 45 1 0 1 0
a 46 1 0 1 0
a 47 1 0 1 0
a 48 1 0 1 0
a 49 1 0 1 0
a 50 1 0 1 0
a 51 1 0 1 0
a 52 1 0 1 0
a 53 1 0 1 0
a 54 1 0 1 0
a 55 1 0 1 0
a 56 1 0 1 0
a 57 1 0 1 0
a 58 1 0 1 0
a 59 1 0 1 0
a 60 1 0 1 0
a 61 1 0 1 0
a 62 1 0 1 0
a 63 1 0 1 0
a 64 1 0 1 0
a 65 1 0 1 0
a 66 1 0 1 0
a 67 1 0 1 0
a 68 1 0 1 0
a 69 1 0 1 0
a 70 1 0 1 0
a 71 1 0 1 0
a 72 1 0 1 0
a 73 1 0 1 0
a 74 1 0 1 0
a 75 1 0 1 0
a 76 1 0 1 0
a 77 1 0 1 0
a 78 1 0 1 0
a 79 1 0 1 0
a 80 1 0 1 0
