p min 81 1429
n 0 25
n 1 -25
a 0 2 0 1 0
a 0 3 0 1 0
a 0 4 0 1 0
a 0 5 0 1 0
a 0 6 0 1 0
a 0 7 0 1 0
a 0 8 0 1 0
a 0 9 0 1 0
a 0 10 0 1 0
a 0 11 0 1 0
a 0 12 0 1 0
a 0 13 0 1 0
a 0 14 0 1 0
a 0 15 0 1 0
a 0 16 0 1 0
a 0 17 0 1 0
a 0 18 0 1 0
a 0 19 0 1 0
a 0 20 0 1 0
a 0 21 0 1 0
a 0 22 0 1 0
a 0 23 0 1 0
a 0 24 0 1 0
a 0 25 0 1 0
a 0 26 0 1 0
a 2 27 0 1 19368715627369.566
a 2 28 0 1 12006040055441.094
a 2 29 0 1 18487675673498.1
a 2 30 0 1 10337700977856.188
a 2 31 0 1 6629603174064.523
a 2 32 0 1 17525122110551.715
a 2 33 0 1 19697140026944.42
a 2 34 0 1 18000801542941.812
a 2 35 0 1 5218858396300.783
a 2 36 0 1 10692345632729.09
a 2 37 0 1 12733664825166.926
a 2 38 0 1 20493253354789.316
a 2 39 0 1 8007965650186.81
a 2 40 0 1 9343729868537.775
a 2 41 0 1 5353783796288.017
a 2 42 0 1 8368745974945.896
a 2 43 0 1 4899743410192.102
a 2 44 0 1 5543547490685.432
a 2 45 0 1 6198418646167.906
a 2 46 0 1 5359080752527.1
a 2 47 0 1 7322734503322.284
a 2 48 0 1 8261950488880.632
a 2 49 0 1 7084249128468.367
a 2 50 0 1 4348841472982.3145
a 2 51 0 1 5632295046876.634
a 2 52 0 1 16603761310639.164
a 2 53 0 1 8317000892301.682
a 2 54 0 1 5498014380061.554
a 2 55 0 1 8404920254811.992
a 2 56 0 1 20229881711078.902
a 2 57 0 1 16608901527109.56
a 2 58 0 1 19572174437196.29
a 2 59 0 1 11181836345149.045
a 2 60 0 1 11119884670616.676
a 2 61 0 1 20602668268032.004
a 2 62 0 1 7225974652305.781
a 2 63 0 1 13408370084616.139
a 2 64 0 1 19769570848318.12
a 2 65 0 1 16838135907267.225
a 2 66 0 1 18286233340254.645
a 2 67 0 1 20125027421574.992
a 2 68 0 1 13825394350776.951
a 2 69 0 1 5896197615203.496
a 2 70 0 1 4973667919273.212
a 2 71 0 1 18669677335579.984
a 2 72 0 1 19505756832486.598
a 2 73 0 1 12954897914594.984
a 2 74 0 1 6680928616415.891
a 2 75 0 1 12054338790346.87
a 2 76 0 1 4775314645381.804
a 2 77 0 1 13359808732190.658
a 2 78 0 1 12776175684560.898
a 2 79 0 1 7335408982703.528
a 2 80 0 1 5277714336476.705
a 3 27 0 1 18103568020371.105
a 3 28 0 1 11222437423097.43
a 3 29 0 1 17280191384823.26
a 3 30 0 1 9663107617953.215
a 3 31 0 1 6197156787769.18
a 3 32 0 1 16380623641665.473
a 3 33 0 1 18410494523996.58
a 3 34 0 1 16825178063840.469
a 3 35 0 1 4878486023425.417
a 3 36 0 1 9994583067302.344
a 3 37 0 1 11902506932730.664
a 3 38 0 1 19154489822851.848
a 3 39 0 1 7485531716242.965
a 3 40 0 1 8734063975556.72
a 3 41 0 1 5004606558290.991
a 3 42 0 1 7822753787091.492
a 3 43 0 1 4580194597030.229
a 3 44 0 1 5181986356715.937
a 3 45 0 1 5794117021280.077
a 3 46 0 1 5009557844337.242
a 3 47 0 1 6845039795039.391
a 3 48 0 1 7722932029272.386
a 3 49 0 1 6622123751052.263
a 3 50 0 1 4065237901684.324
a 3 51 0 1 5264942112487.78
a 3 52 0 1 15519540945083.404
a 3 53 0 1 7774387670127.439
a 3 54 0 1 5139424763164.057
a 3 55 0 1 7856565855896.095
a 3 56 0 1 18908360947565.605
a 3 57 0 1 15524344906792.113
a 3 58 0 1 18293709069642.793
a 3 59 0 1 10452092073571.896
a 3 60 0 1 10394188303022.844
a 3 61 0 1 19256741126316.598
a 3 62 0 1 6754596931436.822
a 3 63 0 1 12533108929851.855
a 3 64 0 1 18478183988084.742
a 3 65 0 1 15738583207314.504
a 3 66 0 1 17091931746088.38
a 3 67 0 1 18810371127521.51
a 3 68 0 1 12922870489731.559
a 3 69 0 1 5511621344429.078
a 3 70 0 1 4649295356436.344
a 3 71 0 1 17450282088267.18
a 3 72 0 1 18231639012228.566
a 3 73 0 1 12109279448825.947
a 3 74 0 1 6245131884167.278
a 3 75 0 1 11267579735761.584
a 3 76 0 1 4463884931139.336
a 3 77 0 1 12487722087090.346
a 3 78 0 1 11942239186178.064
a 3 79 0 1 6856886808600.077
a 3 80 0 1 4933501216251.04
a 4 27 0 1 34645054435888.355
a 4 28 0 1 21460984033634.418
a 4 29 0 1 33066477479716.836
a 4 30 0 1 18476004355407.89
a 4 31 0 1 11844741801140.832
a 4 32 0 1 31342140687465.133
a 4 33 0 1 35233563901439.3
a 4 34 0 1 32194244083345.645
a 4 35 0 1 9323051119770.297
a 4 36 0 1 19110456162865.14
a 4 37 0 1 22763128273035.098
a 4 38 0 1 36660279684374.28
a 4 39 0 1 14309172753559.861
a 4 40 0 1 16698028785353.701
a 4 41 0 1 9564200885607.652
a 4 42 0 1 14954328521312.639
a 4 43 0 1 8752726055329.186
a 4 44 0 1 9903372140846.904
a 4 45 0 1 11073935775450.31
a 4 46 0 1 9573668161539.582
a 4 47 0 1 13083942773271.846
a 4 48 0 1 14763349947550.477
a 4 49 0 1 12657553886935.273
a 4 50 0 1 7768226969508.0205
a 4 51 0 1 10061997741323.574
a 4 52 0 1 29691880638986.223
a 4 53 0 1 14861794165996.451
a 4 54 0 1 9821988163569.02
a 4 55 0 1 15019018540230.76
a 4 56 0 1 36188268070536.8
a 4 57 0 1 29701086572285.5
a 4 58 0 1 35009631706492.44
a 4 59 0 1 19986211876855.746
a 4 60 0 1 19875368833217.9
a 4 61 0 1 36856378493835.6
a 4 62 0 1 12910943252651.004
a 4 63 0 1 23970722658870.58
a 4 64 0 1 35363358709529.586
a 4 65 0 1 30111645440414.086
a 4 66 0 1 32705584818647.484
a 4 67 0 1 36000355736286.766
a 4 68 0 1 24717191069499.797
a 4 69 0 1 10533706974531.613
a 4 70 0 1 8884841641759.428
a 4 71 0 1 33392552731096.066
a 4 72 0 1 34890616699942.42
a 4 73 0 1 23159077196072.277
a 4 74 0 1 11936497624428.17
a 4 75 0 1 21547413246181.76
a 4 76 0 1 8530354829083.241
a 4 77 0 1 23883802103919.004
a 4 78 0 1 22839210271093.82
a 4 79 0 1 13106604038264.082
a 4 80 0 1 9428242568774.533
a 5 27 0 1 34431195356778.383
a 5 28 0 1 21328708280853.137
a 5 29 0 1 32862399646433.492
a 5 30 0 1 18362165577510.887
a 5 31 0 1 11771816529311.914
a 5 32 0 1 31148743226388.316
a 5 33 0 1 35016057370639.24
a 5 34 0 1 31995569304501.44
a 5 35 0 1 9265667866633.123
a 5 36 0 1 18992699694538.91
a 5 37 0 1 22622805772185.953
a 5 38 0 1 36433928645149.93
a 5 39 0 1 14221049705809.217
a 5 40 0 1 16595165837967.658
a 5 41 0 1 9505331734027.797
a 5 42 0 1 14862225478973.643
a 5 43 0 1 8698856661897.833
a 5 44 0 1 9842412970627.924
a 5 45 0 1 11005762189398.756
a 5 46 0 1 9514740673540.324
a 5 47 0 1 13003376606304.205
a 5 48 0 1 14672425121740.459
a 5 49 0 1 12579617072142.416
a 5 50 0 1 7720422146103.1045
a 5 51 0 1 10000061043262.83
a 5 52 0 1 29508700780188.582
a 5 53 0 1 14770262008300.63
a 5 54 0 1 9761530507095.52
a 5 55 0 1 14926516389878.195
a 5 56 0 1 35964843449292.81
a 5 57 0 1 29517849725557.355
a 5 58 0 1 34793513115873.86
a 5 59 0 1 19863046750783.098
a 5 60 0 1 19752888332489.25
a 5 61 0 1 36628811571497.34
a 5 62 0 1 12831443928343.297
a 5 63 0 1 23822935548287.65
a 5 64 0 1 35145047673060.04
a 5 65 0 1 29925866969371.703
a 5 66 0 1 32503742667676.938
a 5 67 0 1 35778096062042.91
a 5 68 0 1 24564788716114.87
a 5 69 0 1 10468863165857.586
a 5 70 0 1 8830158304862.822
a 5 71 0 1 33186454745972.527
a 5 72 0 1 34675235739873.16
a 5 73 0 1 23016307408495.81
a 5 74 0 1 11863006661805.428
a 5 75 0 1 21414603468564.855
a 5 76 0 1 8477855374431.76
a 5 77 0 1 23736552351927.945
a 5 78 0 1 22698417538759.914
a 5 79 0 1 13025898122091.184
a 5 80 0 1 9370211164981.916
a 6 27 0 1 31345185355527.035
a 6 28 0 1 19419678021200.785
a 6 29 0 1 29917482938327.984
a 6 30 0 1 16719167634434.113
a 6 31 0 1 10719233364624.002
a 6 32 0 1 28357895199534.71
a 6 33 0 1 31877434572690.79
a 6 34 0 1 29128593107676.64
a 6 35 0 1 8437391020647.488
a 6 36 0 1 17293170832037.998
a 6 37 0 1 20597672174633.54
a 6 38 0 1 33167730750745.402
a 6 39 0 1 12949140399185.885
a 6 40 0 1 15110549527549.209
a 6 41 0 1 8655609492816.06
a 6 42 0 1 13532880984366.957
a 6 43 0 1 7921294439050.8955
a 6 44 0 1 8962526493650.945
a 6 45 0 1 10021755233007.414
a 6 46 0 1 8664176487746.169
a 6 47 0 1 11840522665172.953
a 6 48 0 1 13360083351519.955
a 6 49 0 1 11454708701402.531
a 6 50 0 1 7030389774630.992
a 6 51 0 1 9106066453061.36
a 6 52 0 1 26865251261948.797
a 6 53 0 1 13449155883753.771
a 6 54 0 1 8888882116841.145
a 6 55 0 1 13591412423753.596
a 6 56 0 1 32740856395183.133
a 6 57 0 1 26873578088068.14
a 6 58 0 1 31674910630116.13
a 6 59 0 1 18085474118538.207
a 6 60 0 1 17985194360877.06
a 6 61 0 1 33345075830216.598
a 6 62 0 1 11683986114548.34
a 6 63 0 1 21690101023505.36
a 6 64 0 1 31994820346198.527
a 6 65 0 1 27244929521801.887
a 6 66 0 1 29591076095916.94
a 6 67 0 1 32570912400129.457
a 6 68 0 1 22365365946052.22
a 6 69 0 1 9532912161888.143
a 6 70 0 1 8040848591345.192
a 6 71 0 1 30212397189203.965
a 6 72 0 1 31567273229702.74
a 6 73 0 1 20955863539124.074
a 6 74 0 1 10802259539102.504
a 6 75 0 1 19497867873439.254
a 6 76 0 1 7720065293227.01
a 6 77 0 1 21611470852240.86
a 6 78 0 1 20666499260180.438
a 6 79 0 1 11861027396271.074
a 6 80 0 1 8532579798351.76
a 7 27 0 1 10598632214975.75
a 7 28 0 1 6572270767190.242
a 7 29 0 1 10116988589811.95
a 7 30 0 1 5659491059924.271
a 7 31 0 1 3630152265780.481
a 7 32 0 1 9590732779608.314
a 7 33 0 1 10778162703513.158
a 7 34 0 1 9850807060085.322
a 7 35 0 1 2857884900891.239
a 7 36 0 1 5853537115365.9795
a 7 37 0 1 6970318239553.272
a 7 38 0 1 11213325942681.844
a 7 39 0 1 4384583312215.5264
a 7 40 0 1 5115595271548.804
a 7 41 0 1 2931750430312.8315
a 7 42 0 1 4582034427703.8955
a 7 43 0 1 2683179804543.364
a 7 44 0 1 3035635678243.447
a 7 45 0 1 3394126055774.885
a 7 46 0 1 2934650252128.67
a 7 47 0 1 4009543374322.007
a 7 48 0 1 4523587203001.394
a 7 49 0 1 3879009544407.484
a 7 50 0 1 2381565205537.4756
a 7 51 0 1 3084219408243.0107
a 7 52 0 1 9086948719228.225
a 7 53 0 1 4553715367542.215
a 7 54 0 1 3010708976879.8613
a 7 55 0 1 4601831804788.387
a 7 56 0 1 11069368460161.346
a 7 57 0 1 9089759434556.861
a 7 58 0 1 10709852020271.932
a 7 59 0 1 6121353253042.836
a 7 60 0 1 6087458251713.662
a 7 61 0 1 11273130364787.994
a 7 62 0 1 3956582723564.1904
a 7 63 0 1 7339389077224.592
a 7 64 0 1 10817755586062.28
a 7 65 0 1 9215105265964.477
a 7 66 0 1 10006858627382.018
a 7 67 0 1 11012054584320.06
a 7 68 0 1 7567492726772.298
a 7 69 0 1 3228686885354.559
a 7 70 0 1 2723651590652.5747
a 7 71 0 1 10216488207339.188
a 7 72 0 1 10673545407483.023
a 7 73 0 1 7091337916663.647
a 7 74 0 1 3658246606522.837
a 7 75 0 1 6598693548826.789
a 7 76 0 1 2615057520631.2773
a 7 77 0 1 7312826376688.117
a 7 78 0 1 6993572891203.525
a 7 79 0 1 4016480599223.941
a 7 80 0 1 2890105983143.1753
a 8 27 0 1 15918832153623.668
a 8 28 0 1 9869058921607.053
a 8 29 0 1 15194994395840.312
a 8 30 0 1 8497961717041.416
a 8 31 0 1 5450186136644.536
a 8 32 0 1 14404157392078.21
a 8 33 0 1 16188649740648.285
a 8 34 0 1 14794981002631.045
a 8 35 0 1 4290539098169.8647
a 8 36 0 1 8789428484217.675
a 8 37 0 1 10467016055591.365
a 8 38 0 1 16842682798073.531
a 8 39 0 1 6583149819160.917
a 8 40 0 1 7681038200216.718
a 8 41 0 1 4401452094962.38
a 8 42 0 1 6879687515640.716
a 8 43 0 1 4028213926648.575
a 8 44 0 1 4557442886970.659
a 8 45 0 1 5095755036390.03
a 8 46 0 1 4405806349999.555
a 8 47 0 1 6019922810820.253
a 8 48 0 1 6791909107662.795
a 8 49 0 1 5823895604367.413
a 8 50 0 1 3575342618812.4385
a 8 51 0 1 4630395316676.93
a 8 52 0 1 13647135202245.076
a 8 53 0 1 6837156730713.304
a 8 54 0 1 4520013572471.646
a 8 55 0 1 6909420152349.553
a 8 56 0 1 16626316773511.018
a 8 57 0 1 13651358662957.02
a 8 58 0 1 16085984491081.117
a 8 59 0 1 9191712301092.219
a 8 60 0 1 9140798285960.42
a 8 61 0 1 16932569044487.006
a 8 62 0 1 5940389597498.515
a 8 63 0 1 11021468338921.328
a 8 64 0 1 16248154906911.203
a 8 65 0 1 13839708267412.531
a 8 66 0 1 15029491335013.568
a 8 67 0 1 16540175846904.451
a 8 68 0 1 11364158533499.412
a 8 69 0 1 4847327424693.767
a 8 70 0 1 4088983109503.532
a 8 71 0 1 15344524012689.564
a 8 72 0 1 16031419015992.965
a 8 73 0 1 10648820378652.352
a 8 74 0 1 5492374925761.56
a 8 75 0 1 9908751049775.959
a 8 76 0 1 3925927618855.0747
a 8 77 0 1 10981562607618.39
a 8 78 0 1 10501950641447.041
a 8 79 0 1 6030340766208.555
a 8 80 0 1 4338920639962.8413
a 9 27 0 1 9735432305077.941
a 9 28 0 1 6037223641287.082
a 9 29 0 1 9293057868448.918
a 9 30 0 1 5198797613338.781
a 9 31 0 1 3334714319388.097
a 9 32 0 1 8809703978166.314
a 9 33 0 1 9900324357344.549
a 9 34 0 1 9048576835907.268
a 9 35 0 1 2625316507180.4844
a 9 36 0 1 5377038166691.729
a 9 37 0 1 6402842262768.914
a 9 38 0 1 10300003242519.566
a 9 39 0 1 4027717933774.4004
a 9 40 0 1 4699199943592.337
a 9 41 0 1 2693169158147.72
a 9 42 0 1 4209090527498.2705
a 9 43 0 1 2464832562471.536
a 9 44 0 1 2788597672384.0093
a 9 45 0 1 3117903868657.7354
a 9 46 0 1 2695832923743.7363
a 9 47 0 1 3683215796178.585
a 9 48 0 1 4155402753187.225
a 9 49 0 1 3563310175425.6216
a 9 50 0 1 2187768425774.4197
a 9 51 0 1 2833226401074.763
a 9 52 0 1 8346985401509.886
a 9 53 0 1 4183077540757.866
a 9 54 0 1 2765700135312.326
a 9 55 0 1 4227275759365.492
a 9 56 0 1 10167784792862.852
a 9 57 0 1 8349567016159.925
a 9 58 0 1 9837583610171.857
a 9 59 0 1 5623038992185.051
a 9 60 0 1 5591905020619.55
a 9 61 0 1 10354930799659.908
a 9 62 0 1 3634567295700.9404
a 9 63 0 1 6741842531113.477
a 9 64 0 1 9936688867253.436
a 9 65 0 1 8464695802848.664
a 9 66 0 1 9191906419210.371
a 9 67 0 1 10115144485503.2
a 9 68 0 1 6951359938992.452
a 9 69 0 1 2965933135926.684
a 9 70 0 1 2502009955636.936
a 9 71 0 1 9384445448053.178
a 9 72 0 1 9804237343632.84
a 9 73 0 1 6514001948894.612
a 9 74 0 1 3360521332936.7754
a 9 75 0 1 6061493848592.341
a 9 76 0 1 2402255351205.449
a 9 77 0 1 6717444142620.817
a 9 78 0 1 6424202278022.431
a 9 79 0 1 3689588176324.8047
a 9 80 0 1 2654914707020.3477
a 10 27 0 1 5686270942400.719
a 10 28 0 1 3526845819917.0283
a 10 29 0 1 5428003882759.867
a 10 30 0 1 3037173157746.3735
a 10 31 0 1 1948336778737.009
a 10 32 0 1 5145799680275.686
a 10 33 0 1 5782535425246.999
a 10 34 0 1 5285266260112.597
a 10 35 0 1 1533916820669.291
a 10 36 0 1 3141275705578.9287
a 10 37 0 1 3740368676323.7407
a 10 38 0 1 6015862864739.539
a 10 39 0 1 2353152303150.4653
a 10 40 0 1 2745370436449.5635
a 10 41 0 1 1573556576947.051
a 10 42 0 1 2459096004532.0464
a 10 43 0 1 1440160513449.9397
a 10 44 0 1 1629305813344.7302
a 10 45 0 1 1821682230959.8418
a 10 46 0 1 1575112752883.152
a 10 47 0 1 2151915998338.6804
a 10 48 0 1 2427735992306.3906
a 10 49 0 1 2081873180236.7407
a 10 50 0 1 1278293515170.766
a 10 51 0 1 1655377694316.6418
a 10 52 0 1 4875631076233.342
a 10 53 0 1 2443901362703.109
a 10 54 0 1 1615929143016.259
a 10 55 0 1 2469718294958.8438
a 10 56 0 1 5938676408130.544
a 10 57 0 1 4877138442992.446
a 10 58 0 1 5745907365044.451
a 10 59 0 1 3284951159597.8066
a 10 60 0 1 3266767718695.123
a 10 61 0 1 6047928174051.861
a 10 62 0 1 2123498094125.1362
a 10 63 0 1 3938339618264.8096
a 10 64 0 1 5803764932273.405
a 10 65 0 1 4944360066289.491
a 10 66 0 1 5368948102065.76
a 10 67 0 1 5907945789198.597
a 10 68 0 1 4060691347032.5967
a 10 69 0 1 1732903649560.0637
a 10 70 0 1 1461880042315.4553
a 10 71 0 1 5481358680069.03
a 10 72 0 1 5726439718628.47
a 10 73 0 1 3805284931466.841
a 10 74 0 1 1963412332774.6536
a 10 75 0 1 3541019957681.1377
a 10 76 0 1 1403601897557.8718
a 10 77 0 1 3924091549394.038
a 10 78 0 1 3752842786426.5996
a 10 79 0 1 2155638399024.7195
a 10 80 0 1 1551208224317.6382
a 11 27 0 1 33281555876736.652
a 11 28 0 1 20617592649618.6
a 11 29 0 1 31765333206951.652
a 11 30 0 1 17750159005935.938
a 11 31 0 1 11379752534801.764
a 11 32 0 1 30109083387613.67
a 11 33 0 1 33846813461967.453
a 11 34 0 1 30927543967839.242
a 11 35 0 1 8957158024179.105
a 11 36 0 1 18359633119629.234
a 11 37 0 1 21868435206969.754
a 11 38 0 1 35217147453126.69
a 11 39 0 1 13747284057723.578
a 11 40 0 1 16042161772663.018
a 11 41 0 1 9188833594303.805
a 11 42 0 1 14367064097517.932
a 11 43 0 1 8409237652152.965
a 11 44 0 1 9514678769357.775
a 11 45 0 1 10639243134648.47
a 11 46 0 1 9197928913368.912
a 11 47 0 1 12570235730954.004
a 11 48 0 1 14183597606906.973
a 11 49 0 1 12160611345448.176
a 11 50 0 1 7463407051420.586
a 11 51 0 1 9667071607392.178
a 11 52 0 1 28523961013453.723
a 11 53 0 1 14278169592087.828
a 11 54 0 1 9436492469694.027
a 11 55 0 1 14429209482589.973
a 11 56 0 1 34763791040579.4
a 11 57 0 1 28532803643848.58
a 11 58 0 1 33631729135776.5
a 11 59 0 1 19200905502294.266
a 11 60 0 1 19094427329695.42
a 11 61 0 1 35405495323982.945
a 11 62 0 1 12404038291675.996
a 11 63 0 1 23028439764476.848
a 11 64 0 1 33971479698222.527
a 11 65 0 1 28927159466779.242
a 11 66 0 1 31418692862434.543
a 11 67 0 1 34583304978294.957
a 11 68 0 1 23745484403672.957
a 11 69 0 1 10120245014302.373
a 11 70 0 1 8536163451574.074
a 11 71 0 1 32078530167198.76
a 11 72 0 1 33517416397358.793
a 11 73 0 1 22248781664370.152
a 11 74 0 1 11467901540101.734
a 11 75 0 1 20700617194905.81
a 11 76 0 1 8195601307871.808
a 11 77 0 1 22944945067601.086
a 11 78 0 1 21941519281055.84
a 11 79 0 1 12592005969756.826
a 11 80 0 1 9058216815683.008
a 12 27 0 1 16582219936324.04
a 12 28 0 1 10280035193939.184
a 12 29 0 1 15828162581779.34
a 12 30 0 1 8851783315647.826
a 12 31 0 1 5677027436000.193
a 12 32 0 1 15004314818388.047
a 12 33 0 1 16863303515441.273
a 12 34 0 1 15411451228232.098
a 12 35 0 1 4469090082103.194
a 12 36 0 1 9155398405390.965
a 12 37 0 1 10902924270141.975
a 12 38 0 1 17544648164461.85
a 12 39 0 1 6857183252065.459
a 12 40 0 1 8000814986799.924
a 12 41 0 1 4584621165117.36
a 12 42 0 1 7166074959563.512
a 12 43 0 1 4195842962093.441
a 12 44 0 1 4747107156121.911
a 12 45 0 1 5307835600930.753
a 12 46 0 1 4589156720846.725
a 12 47 0 1 6270494149844.826
a 12 48 0 1 7074639537379.48
a 12 49 0 1 6066301869816.243
a 12 50 0 1 3724117905459.8228
a 12 51 0 1 4823097287937.196
a 12 52 0 1 14215699217158.541
a 12 53 0 1 7121772252221.706
a 12 54 0 1 4708119324613.275
a 12 55 0 1 7197046331511.074
a 12 56 0 1 17319246494641.04
a 12 57 0 1 14220098923013.527
a 12 58 0 1 16756351484236.842
a 12 59 0 1 9574450789882.521
a 12 60 0 1 9521414414748.197
a 12 61 0 1 17638288281523.72
a 12 62 0 1 6187648112642.159
a 12 63 0 1 11480497747565.79
a 12 64 0 1 16925293364852.682
a 12 65 0 1 14416308543732.379
a 12 66 0 1 15655750649097.545
a 12 67 0 1 17229508373800.14
a 12 68 0 1 11837479990892.365
a 12 69 0 1 5049062652746.5205
a 12 70 0 1 4259142217979.598
a 12 71 0 1 15983934500071.53
a 12 72 0 1 16699507673814.688
a 12 73 0 1 11092309669709.207
a 12 74 0 1 5720973314572.483
a 12 75 0 1 10321382182523.572
a 12 76 0 1 4089298134496.9043
a 12 77 0 1 11438927806148.363
a 12 78 0 1 10939315571100.35
a 12 79 0 1 6281346052539.047
a 12 80 0 1 4519486071818.671
a 13 27 0 1 30772120517349.836
a 13 28 0 1 19065118612840.07
a 13 29 0 1 29370608263345.953
a 13 30 0 1 16414006660671.348
a 13 31 0 1 10523716874021.96
a 13 32 0 1 27839620370731.164
a 13 33 0 1 31294603846514.707
a 13 34 0 1 28596186418346.543
a 13 35 0 1 8283534540440.94
a 13 36 0 1 16977512566726.123
a 13 37 0 1 20221555144827.816
a 13 38 0 1 32561220358425.0
a 13 39 0 1 12712891324365.885
a 13 40 0 1 14834799484434.0
a 13 41 0 1 8497769887504.079
a 13 42 0 1 13285965624056.797
a 13 43 0 1 7776857448504.032
a 13 44 0 1 8799084423238.51
a 13 45 0 1 9838975007852.156
a 13 46 0 1 8506180505720.305
a 13 47 0 1 11624526716370.785
a 13 48 0 1 13116325548758.725
a 13 49 0 1 11245759923894.3
a 13 50 0 1 6902210463604.619
a 13 51 0 1 8940004069808.594
a 13 52 0 1 26374339217820.2
a 13 53 0 1 13203770460401.914
a 13 54 0 1 8726784386846.583
a 13 55 0 1 13343427481541.768
a 13 56 0 1 32142180815352.73
a 13 57 0 1 26382513424199.664
a 13 58 0 1 31095796019960.992
a 13 59 0 1 17755324081941.58
a 13 60 0 1 17656878653385.633
a 13 61 0 1 32735310240411.688
a 13 62 0 1 11470849493236.969
a 13 63 0 1 21293987110493.07
a 13 64 0 1 31409835628154.066
a 13 65 0 1 26747058183867.973
a 13 66 0 1 29050187930288.223
a 13 67 0 1 31975355746306.273
a 13 68 0 1 21956888855497.797
a 13 69 0 1 9359057234972.951
a 13 70 0 1 7894229666897.624
a 13 71 0 1 29660113219221.656
a 13 72 0 1 30990133591209.36
a 13 73 0 1 20573190369300.082
a 13 74 0 1 10605226819334.438
a 13 75 0 1 19141877746840.41
a 13 76 0 1 7579300720305.637
a 13 77 0 1 21216796427503.7
a 13 78 0 1 20289122498016.938
a 13 79 0 1 11644656896514.79
a 13 80 0 1 8376985868816.597
a 14 27 0 1 24620460987047.816
a 14 28 0 1 15257918423294.916
a 14 29 0 1 23499883759422.973
a 14 30 0 1 13137019984403.855
a 14 31 0 1 8423841982279.579
a 14 32 0 1 22275701626747.78
a 14 33 0 1 25038193276547.383
a 14 34 0 1 22880664729482.863
a 14 35 0 1 6631001041794.672
a 14 36 0 1 13587848264784.117
a 14 37 0 1 16182990403197.127
a 14 38 0 1 26050828004728.77
a 14 39 0 1 10175682351785.977
a 14 40 0 1 11873525913215.58
a 14 41 0 1 6802463776894.817
a 14 42 0 1 10634243754929.232
a 14 43 0 1 6225476553176.218
a 14 44 0 1 7043617269445.735
a 14 45 0 1 7875855627704.954
a 14 46 0 1 6809195160127.013
a 14 47 0 1 9304763734860.295
a 14 48 0 1 10498502771585.076
a 14 49 0 1 9001661097793.95
a 14 50 0 1 5525421158264.888
a 14 51 0 1 7156399480206.142
a 14 52 0 1 21103977798174.055
a 14 53 0 1 10568473742300.479
a 14 54 0 1 6985753102824.881
a 14 55 0 1 10680222797753.414
a 14 56 0 1 25715820773401.11
a 14 57 0 1 21110514587556.824
a 14 58 0 1 24879244993492.473
a 14 59 0 1 14210110774768.086
a 14 60 0 1 14131353980778.584
a 14 61 0 1 26190004776161.023
a 14 62 0 1 9181786400575.672
a 14 63 0 1 17040820295726.307
a 14 64 0 1 25130321244506.664
a 14 65 0 1 21402033020101.633
a 14 66 0 1 23243681935207.113
a 14 67 0 1 25582448251994.777
a 14 68 0 1 17571048986441.82
a 14 69 0 1 7491775952892.084
a 14 70 0 1 6319417517733.049
a 14 71 0 1 23731362995555.28
a 14 72 0 1 24794766530257.867
a 14 73 0 1 16464265323652.846
a 14 74 0 1 8489071746983.823
a 14 75 0 1 15319322130231.58
a 14 76 0 1 6067357330545.132
a 14 77 0 1 16979077491402.082
a 14 78 0 1 16237038248631.834
a 14 79 0 1 9320872472032.26
a 14 80 0 1 6705794791136.504
a 15 27 0 1 25770111835334.94
a 15 28 0 1 15969581917264.354
a 15 29 0 1 24597061008933.715
a 15 30 0 1 13749603356084.076
a 15 31 0 1 8816425261849.291
a 15 32 0 1 23315569937349.316
a 15 33 0 1 26207409024291.293
a 15 34 0 1 23948851707094.203
a 15 35 0 1 6939964298595.567
a 15 36 0 1 14221488341045.908
a 15 37 0 1 16937885525994.246
a 15 38 0 1 27267479665129.78
a 15 39 0 1 10650008251177.385
a 15 40 0 1 12427107826942.041
a 15 41 0 1 7119422677054.508
a 15 42 0 1 11129972286838.75
a 15 43 0 1 6515530723058.594
a 15 44 0 1 7371822188692.768
a 15 45 0 1 8242876402437.804
a 15 46 0 1 7126467964618.672
a 15 47 0 1 9738447388678.291
a 15 48 0 1 10987895560057.68
a 15 49 0 1 9421202179712.32
a 15 50 0 1 5782836991051.719
a 15 51 0 1 7489864140773.566
a 15 52 0 1 22089008792780.133
a 15 53 0 1 11061132416978.076
a 15 54 0 1 7311259508822.49
a 15 55 0 1 11178097459673.44
a 15 56 0 1 26916778056374.246
a 15 57 0 1 22095851464523.367
a 15 58 0 1 26041016011088.188
a 15 59 0 1 14872818442653.412
a 15 60 0 1 14790382461455.7
a 15 61 0 1 27413176945406.656
a 15 62 0 1 9609731887417.225
a 15 63 0 1 17835813219828.074
a 15 64 0 1 26303852160693.08
a 15 65 0 1 22401011693399.27
a 15 66 0 1 24328863937255.266
a 15 67 0 1 26777157668251.336
a 15 68 0 1 18390830696308.14
a 15 69 0 1 7840882164929.308
a 15 70 0 1 6613851869877.583
a 15 71 0 1 24839378629732.336
a 15 72 0 1 25952580909261.418
a 15 73 0 1 17232307251354.707
a 15 74 0 1 8884698093915.367
a 15 75 0 1 16033854920908.344
a 15 76 0 1 6350039104560.015
a 15 77 0 1 17771184076096.785
a 15 78 0 1 16994459501455.406
a 15 79 0 1 9755307777960.846
a 15 80 0 1 7018245786416.827
a 16 27 0 1 22846765179652.227
a 16 28 0 1 14159814245416.69
a 16 29 0 1 21807118881883.625
a 16 30 0 1 12191770049429.582
a 16 31 0 1 7818025307414.281
a 16 32 0 1 20671328147193.773
a 16 33 0 1 23234322825971.04
a 16 34 0 1 21232613110811.688
a 16 35 0 1 6154211313042.142
a 16 36 0 1 12610112700213.56
a 16 37 0 1 15018194113427.607
a 16 38 0 1 24173799311134.81
a 16 39 0 1 9443741697887.35
a 16 40 0 1 11019303727794.969
a 16 41 0 1 6313336377657.55
a 16 42 0 1 9869281114849.275
a 16 43 0 1 5777864704274.723
a 16 44 0 1 6537136808060.065
a 16 45 0 1 7309481609779.467
a 16 46 0 1 6319583392263.718
a 16 47 0 1 8635530883328.921
a 16 48 0 1 9743315466812.764
a 16 49 0 1 8354249477239.798
a 16 50 0 1 5128173023651.56
a 16 51 0 1 6641803064524.262
a 16 52 0 1 19584186344180.207
a 16 53 0 1 9808247540081.992
a 16 54 0 1 6483436546067.982
a 16 55 0 1 9911948930100.84
a 16 56 0 1 23862996576920.26
a 16 57 0 1 19590251327784.594
a 16 58 0 1 23086856394859.734
a 16 59 0 1 13187531290999.543
a 16 60 0 1 13114450507248.225
a 16 61 0 1 24302919958193.043
a 16 62 0 1 8521407211572.665
a 16 63 0 1 15814167862857.305
a 16 64 0 1 23319795622598.914
a 16 65 0 1 19860728167540.67
a 16 66 0 1 21569417882318.74
a 16 67 0 1 23739259827548.258
a 16 68 0 1 16306157310888.088
a 16 69 0 1 6953044255208.632
a 16 70 0 1 5865046750435.84
a 16 71 0 1 22021881688056.59
a 16 72 0 1 23008480193119.61
a 16 73 0 1 15279188194663.82
a 16 74 0 1 7878559692790.841
a 16 75 0 1 14216791523757.395
a 16 76 0 1 5631121627777.945
a 16 77 0 1 15756877568965.656
a 16 78 0 1 15068345027511.05
a 16 79 0 1 8650479866608.802
a 16 80 0 1 6223623303470.762
a 17 27 0 1 10782418838335.416
a 17 28 0 1 6686184123024.525
a 17 29 0 1 10292413324012.834
a 17 30 0 1 5757573245734.106
a 17 31 0 1 3693049906447.1777
a 17 32 0 1 9757022184150.637
a 17 33 0 1 10965066424720.035
a 17 34 0 1 10021610980512.57
a 17 35 0 1 2907397412790.5483
a 17 36 0 1 5954984535383.157
a 17 37 0 1 7091136355340.913
a 17 38 0 1 11407785729002.05
a 17 39 0 1 4460559276553.544
a 17 40 0 1 5204245786528.065
a 17 41 0 1 2982543093094.487
a 17 42 0 1 4661433657195.943
a 17 43 0 1 2729664620384.1265
a 17 44 0 1 3088228796009.4526
a 17 45 0 1 3452932574916.8867
a 17 46 0 1 2985493171679.504
a 17 47 0 1 4079017602450.4673
a 17 48 0 1 4601973100131.587
a 17 49 0 1 3946220956797.456
a 17 50 0 1 2422823234027.0664
a 17 51 0 1 3137654554907.185
a 17 52 0 1 9244493938584.312
a 17 53 0 1 4632623611850.413
a 17 54 0 1 3062870081250.245
a 17 55 0 1 4681574275673.078
a 17 56 0 1 11261328519676.135
a 17 57 0 1 9247353436665.47
a 17 58 0 1 10895569681890.07
a 17 59 0 1 6227445512565.762
a 17 60 0 1 6192962640930.667
a 17 61 0 1 11468628640265.564
a 17 62 0 1 4025138865683.6104
a 17 63 0 1 7466609882882.247
a 17 64 0 1 11005346756278.188
a 17 65 0 1 9374874801974.268
a 17 66 0 1 10180371510863.941
a 17 67 0 1 11203019449617.7
a 17 68 0 1 7698670981604.589
a 17 69 0 1 3284625926661.3364
a 17 70 0 1 2770837784664.337
a 17 71 0 1 10393640292406.016
a 17 72 0 1 10858632695101.94
a 17 73 0 1 7214255436873.259
a 17 74 0 1 3721631230891.8003
a 17 75 0 1 6713065229449.053
a 17 76 0 1 2660361788745.627
a 17 77 0 1 7439586350603.965
a 17 78 0 1 7114794415435.128
a 17 79 0 1 4086075086707.9077
a 17 80 0 1 2940176910395.2773
a 18 27 0 1 34795717180925.656
a 18 28 0 1 21554170205761.58
a 18 29 0 1 33210249105748.57
a 18 30 0 1 18556201680676.04
a 18 31 0 1 11896115901407.748
a 18 32 0 1 31478387768909.367
a 18 33 0 1 35386796369223.08
a 18 34 0 1 32334209141090.355
a 18 35 0 1 9363476118337.166
a 18 36 0 1 19193413492763.28
a 18 37 0 1 22861983407786.723
a 18 38 0 1 36819743349203.555
a 18 39 0 1 14371253506629.764
a 18 40 0 1 16770493683818.771
a 18 41 0 1 9605672672794.219
a 18 42 0 1 15019213143894.023
a 18 43 0 1 8790675605617.718
a 18 44 0 1 9946316309453.838
a 18 45 0 1 11121962382574.582
a 18 46 0 1 9615181045692.898
a 18 47 0 1 13140699785516.41
a 18 48 0 1 14827404526986.832
a 18 49 0 1 12712458552696.133
a 18 50 0 1 7801904151954.266
a 18 51 0 1 10105630561540.459
a 18 52 0 1 29820929236413.426
a 18 53 0 1 14926276605337.684
a 18 54 0 1 9864579024441.1
a 18 55 0 1 15084184330972.312
a 18 56 0 1 36345669991810.38
a 18 57 0 1 29830175318651.305
a 18 58 0 1 35161886334584.844
a 18 59 0 1 20072979601682.594
a 18 60 0 1 19961654239605.92
a 18 61 0 1 37016698783122.5
a 18 62 0 1 12966948687044.584
a 18 63 0 1 24074836653729.918
a 18 64 0 1 35517157972572.18
a 18 65 0 1 30242524804025.375
a 18 66 0 1 32847781357333.285
a 18 67 0 1 36156936920380.43
a 18 68 0 1 24824556536927.473
a 18 69 0 1 10579387805907.912
a 18 70 0 1 8923364599654.533
a 18 71 0 1 33537747599707.99
a 18 72 0 1 35042351648484.203
a 18 73 0 1 23259656456576.246
a 18 74 0 1 11988270246001.988
a 18 75 0 1 21640975640148.582
a 18 76 0 1 8567339284113.34
a 18 77 0 1 23987537526072.44
a 18 78 0 1 22938396686151.707
a 18 79 0 1 13163459502169.473
a 18 80 0 1 9469124177697.639
a 19 27 0 1 31666892499383.043
a 19 28 0 1 19618712766749.42
a 19 29 0 1 30224486002715.89
a 19 30 0 1 16890470654421.758
a 19 31 0 1 10828984964775.482
a 19 32 0 1 28648841461760.703
a 19 33 0 1 32204624665251.16
a 19 34 0 1 29427473395038.137
a 19 35 0 1 8523756464247.451
a 19 36 0 1 17470366872221.613
a 19 37 0 1 20808809280753.082
a 19 38 0 1 33508215607231.348
a 19 39 0 1 13081757876968.336
a 19 40 0 1 15265341815786.033
a 19 41 0 1 8744210878163.702
a 19 42 0 1 13671486204810.299
a 19 43 0 1 8002372230653.406
a 19 44 0 1 9054272848552.314
a 19 45 0 1 10124357198692.008
a 19 46 0 1 8752865655794.128
a 19 47 0 1 11961770689852.389
a 19 48 0 1 13496916008536.797
a 19 49 0 1 11572000690344.488
a 19 50 0 1 7102341322890.2
a 19 51 0 1 9199283734802.844
a 19 52 0 1 27140835399589.18
a 19 53 0 1 13586902240645.09
a 19 54 0 1 8979873819486.545
a 19 55 0 1 13730618077655.861
a 19 56 0 1 33076942444755.38
a 19 57 0 1 27149247909678.21
a 19 58 0 1 32000014348586.14
a 19 59 0 1 18270805655774.97
a 19 60 0 1 18169496126618.117
a 19 61 0 1 33687388300798.785
a 19 62 0 1 11803629011469.785
a 19 63 0 1 21912464381988.223
a 19 64 0 1 32323219776019.168
a 19 65 0 1 27524420759819.945
a 19 66 0 1 29894718142678.16
a 19 67 0 1 32905247351474.145
a 19 68 0 1 22594670034097.84
a 19 69 0 1 9630503838511.15
a 19 70 0 1 8123151214924.906
a 19 71 0 1 30522437210857.215
a 19 72 0 1 31891268122328.92
a 19 73 0 1 21170681254056.41
a 19 74 0 1 10912862292375.266
a 19 75 0 1 19697705815454.66
a 19 76 0 1 7799081569674.197
a 19 77 0 1 21833026079155.78
a 19 78 0 1 20878343577798.715
a 19 79 0 1 11982485681050.676
a 19 80 0 1 8619920565049.878
a 20 27 0 1 15658655301518.906
a 20 28 0 1 9707869883306.477
a 20 29 0 1 14946668292077.326
a 20 30 0 1 8359188046857.4375
a 20 31 0 1 5361214065736.333
a 20 32 0 1 14168776734696.852
a 20 33 0 1 15924054909361.877
a 20 34 0 1 14553203127007.002
a 20 35 0 1 4220506992865.864
a 20 36 0 1 8645890355260.508
a 20 37 0 1 10296049141336.67
a 20 38 0 1 16567377742953.465
a 20 39 0 1 6475668784308.889
a 20 40 0 1 7555616686549.63
a 20 41 0 1 4329608715375.033
a 20 42 0 1 6767361229155.532
a 20 43 0 1 3962465564165.3594
a 20 44 0 1 4483052009266.964
a 20 45 0 1 5012572248586.425
a 20 46 0 1 4333891861946.049
a 20 47 0 1 5921643678177.506
a 20 48 0 1 6681017102669.3
a 20 49 0 1 5728818853824.158
a 20 50 0 1 3516988998813.903
a 20 51 0 1 4554813016111.108
a 20 52 0 1 13424144294534.47
a 20 53 0 1 6725525392241.367
a 20 54 0 1 4446233964107.118
a 20 55 0 1 6796608034109.936
a 20 56 0 1 16354555030738.129
a 20 57 0 1 13428298638169.445
a 20 58 0 1 15823070727089.43
a 20 59 0 1 9041597726838.023
a 20 60 0 1 8991516075686.256
a 20 61 0 1 16655791918632.39
a 20 62 0 1 5843409769699.603
a 20 63 0 1 10841433762607.707
a 20 64 0 1 15982585704780.713
a 20 65 0 1 13613565827825.97
a 20 66 0 1 14783874591985.748
a 20 67 0 1 16269824740361.008
a 20 68 0 1 11178518939964.639
a 20 69 0 1 4768202180333.84
a 20 70 0 1 4022242415223.4404
a 20 71 0 1 15093749953436.621
a 20 72 0 1 15769398705265.684
a 20 73 0 1 10474880312979.44
a 20 74 0 1 5402713711562.372
a 20 75 0 1 9746913001459.006
a 20 76 0 1 3861849512190.7925
a 20 77 0 1 10802180698416.898
a 20 78 0 1 10330412431173.564
a 20 79 0 1 5931891437527.795
a 20 80 0 1 4268098441303.059
a 21 27 0 1 15210586791890.592
a 21 28 0 1 9430266506441.723
a 21 29 0 1 14519007185607.502
a 21 30 0 1 8120187240719.764
a 21 31 0 1 5207980901689.609
a 21 32 0 1 13763408312934.018
a 21 33 0 1 15468378523838.719
a 21 34 0 1 14136818363453.861
a 21 35 0 1 4099892684675.178
a 21 36 0 1 8398684402849.263
a 21 37 0 1 10001606989488.453
a 21 38 0 1 16093258158836.277
a 21 39 0 1 6290559419761.493
a 21 40 0 1 7339610521469.055
a 21 41 0 1 4205874971111.128
a 21 42 0 1 6573907416883.373
a 21 43 0 1 3849228872679.1157
a 21 44 0 1 4354930886052.0547
a 21 45 0 1 4869309483469.417
a 21 46 0 1 4210035652416.174
a 21 47 0 1 5752381814609.184
a 21 48 0 1 6490033394128.292
a 21 49 0 1 5565072148924.805
a 21 50 0 1 3416487846702.2593
a 21 51 0 1 4424639990510.489
a 21 52 0 1 13040111790267.201
a 21 53 0 1 6533268411478.5205
a 21 54 0 1 4319165586953.4863
a 21 55 0 1 6602317528261.518
a 21 56 0 1 15886537080680.664
a 21 57 0 1 13044147109551.334
a 21 58 0 1 15370289181005.64
a 21 59 0 1 8783066143037.916
a 21 60 0 1 8734417945708.496
a 21 61 0 1 16179137411840.387
a 21 62 0 1 5676385574178.103
a 21 63 0 1 10531376008764.66
a 21 64 0 1 15525231429971.78
a 21 65 0 1 13224106174460.518
a 21 66 0 1 14360879120759.19
a 21 67 0 1 15804235929644.596
a 21 68 0 1 10858808718370.137
a 21 69 0 1 4631927405079.854
a 21 70 0 1 3907296692290.0166
a 21 71 0 1 14661873369568.74
a 21 72 0 1 15318155709031.021
a 21 73 0 1 10175318027893.094
a 21 74 0 1 5248293695973.293
a 21 75 0 1 9468191941678.986
a 21 76 0 1 3751489401008.0903
a 21 77 0 1 10493246912687.203
a 21 78 0 1 10034986436418.746
a 21 79 0 1 5762336461791.553
a 21 80 0 1 4146123407943.49
a 22 27 0 1 24624940793392.145
a 22 28 0 1 15260691678124.908
a 22 29 0 1 23504159119360.65
a 22 30 0 1 13139407164737.7
a 22 31 0 1 8425371881346.211
a 22 32 0 1 22279753698129.8
a 22 33 0 1 25042749310564.66
a 22 34 0 1 22884827137147.47
a 22 35 0 1 6632205084747.628
a 22 36 0 1 13590317495171.826
a 22 37 0 1 16185932111159.477
a 22 38 0 1 26055568854490.63
a 22 39 0 1 10177530784937.607
a 22 40 0 1 11875683184960.926
a 22 41 0 1 6803698978077.933
a 22 42 0 1 10636175588726.162
a 22 43 0 1 6226606909064.517
a 22 44 0 1 7044896295153.3545
a 22 45 0 1 7877285913751.682
a 22 46 0 1 6810431584563.163
a 22 47 0 1 9306453794332.271
a 22 48 0 1 10500409916634.908
a 22 49 0 1 9003296046501.727
a 22 50 0 1 5526424324644.517
a 22 51 0 1 7157699002519.993
a 22 52 0 1 21107816208252.07
a 22 53 0 1 10570393613665.104
a 22 54 0 1 6987021612726.977
a 22 55 0 1 10682162994453.479
a 22 56 0 1 25720500476295.137
a 22 57 0 1 21114354189444.69
a 22 58 0 1 24883772021805.562
a 22 59 0 1 14212693269970.47
a 22 60 0 1 14133922139697.516
a 22 61 0 1 26194771030413.26
a 22 62 0 1 9183454099584.48
a 22 63 0 1 17043918244289.158
a 22 64 0 1 25134894090996.043
a 22 65 0 1 21405925774437.145
a 22 66 0 1 23247910559197.0
a 22 67 0 1 25587103612511.96
a 22 68 0 1 17574243523492.467
a 22 69 0 1 7493136428386.139
a 22 70 0 1 6320564942838.42
a 22 71 0 1 23735680583955.19
a 22 72 0 1 24799278142937.2
a 22 73 0 1 16467258258140.92
a 22 74 0 1 8490613504361.547
a 22 75 0 1 15322106565400.66
a 22 76 0 1 6068458956761.164
a 22 77 0 1 16982164193426.164
a 22 78 0 1 16239989799670.842
a 22 79 0 1 9322565460536.455
a 22 80 0 1 6707012425467.287
a 23 27 0 1 20760939191868.184
a 23 28 0 1 12868250124689.045
a 23 29 0 1 19816425478081.18
a 23 30 0 1 11079946895412.994
a 23 31 0 1 7105390202590.618
a 23 32 0 1 18784541355228.836
a 23 33 0 1 21113028174956.71
a 23 34 0 1 19294480844316.074
a 23 35 0 1 5593335232026.674
a 23 36 0 1 11460088614217.338
a 23 37 0 1 13648211198581.602
a 23 38 0 1 21966513322463.504
a 23 39 0 1 8582771466174.699
a 23 40 0 1 10014526443301.006
a 23 41 0 1 5737948540568.562
a 23 42 0 1 8969475086409.512
a 23 43 0 1 5251308447247.309
a 23 44 0 1 5941338186615.448
a 23 45 0 1 6643237161684.447
a 23 46 0 1 5743625835244.6
a 23 47 0 1 7848310481799.852
a 23 48 0 1 8855005740318.914
a 23 49 0 1 7592693284937.544
a 23 50 0 1 4660857131779.41
a 23 51 0 1 6036458465858.506
a 23 52 0 1 17796832445812.87
a 23 53 0 1 8914011801494.822
a 23 54 0 1 5892535520094.75
a 23 55 0 1 9008248738851.72
a 23 56 0 1 21684160582113.805
a 23 57 0 1 17802342772538.83
a 23 58 0 1 20979057977446.645
a 23 59 0 1 11984774770912.969
a 23 60 0 1 11918368401538.02
a 23 61 0 1 22083814090740.188
a 23 62 0 1 7744599673990.738
a 23 63 0 1 14371454788219.145
a 23 64 0 1 21190678249310.223
a 23 65 0 1 18048083159760.582
a 23 66 0 1 19600472345369.914
a 23 67 0 1 21571749826312.914
a 23 68 0 1 14818483843325.871
a 23 69 0 1 6319311991692.422
a 23 70 0 1 5330540423223.8545
a 23 71 0 1 20011538160912.133
a 23 72 0 1 20907854652499.84
a 23 73 0 1 13885358916870.016
a 23 74 0 1 7160402157715.726
a 23 75 0 1 12920022580493.09
a 23 76 0 1 5117946442370.039
a 23 77 0 1 14319399659702.693
a 23 78 0 1 13693780052732.494
a 23 79 0 1 7861895472590.16
a 23 80 0 1 5656417104564.424
a 24 27 0 1 29029513309941.49
a 24 28 0 1 17986845188580.207
a 24 29 0 1 27707621291469.64
a 24 30 0 1 15485940665783.01
a 24 31 0 1 9929075100350.88
a 24 32 0 1 26263581483328.004
a 24 33 0 1 29522308038357.465
a 24 34 0 1 26977184136525.97
a 24 35 0 1 7815588008944.164
a 24 36 0 1 16017526537790.967
a 24 37 0 1 19077732922473.605
a 24 38 0 1 30716938754619.355
a 24 39 0 1 11994379519136.723
a 24 40 0 1 13996167543368.77
a 24 41 0 1 8017709776548.702
a 24 42 0 1 12535017832954.805
a 24 43 0 1 7337557882626.668
a 24 44 0 1 8301986031617.913
a 24 45 0 1 9283065882237.055
a 24 46 0 1 8025644818921.495
a 24 47 0 1 10967605195773.291
a 24 48 0 1 12374979800878.299
a 24 49 0 1 10610269307258.291
a 24 50 0 1 6512355057348.562
a 24 51 0 1 8434936783427.574
a 24 52 0 1 24881489716479.094
a 24 53 0 1 12457475160809.1
a 24 54 0 1 8233774410518.785
a 24 55 0 1 12589227128520.693
a 24 56 0 1 30321716737136.855
a 24 57 0 1 24889199916606.094
a 24 58 0 1 29334797287345.336
a 24 59 0 1 16751272166762.2
a 24 60 0 1 16658404445733.143
a 24 61 0 1 30881133013761.97
a 24 62 0 1 10822623355641.047
a 24 63 0 1 20089362896357.64
a 24 64 0 1 29630991654581.32
a 24 65 0 1 25233050570130.26
a 24 66 0 1 27405400708260.66
a 24 67 0 1 30164373130287.32
a 24 68 0 1 20714674058083.42
a 24 69 0 1 8830291381541.428
a 24 70 0 1 7448294285471.704
a 24 71 0 1 27980681389721.133
a 24 72 0 1 29235138832359.797
a 24 73 0 1 19409433597157.453
a 24 74 0 1 10005974025150.86
a 24 75 0 1 18059253993891.69
a 24 76 0 1 7151169940217.951
a 24 77 0 1 20016549045391.992
a 24 78 0 1 19141469933535.902
a 24 79 0 1 10986596346156.37
a 24 80 0 1 7903755357549.335
a 25 27 0 1 32392936816129.723
a 25 28 0 1 20067883391485.79
a 25 29 0 1 30917341618061.49
a 25 30 0 1 17277053832200.55
a 25 31 0 1 11076658024921.791
a 25 32 0 1 29305455551986.066
a 25 33 0 1 32943044685306.91
a 25 34 0 1 30101995178995.65
a 25 35 0 1 8718652995294.246
a 25 36 0 1 17870249837921.758
a 25 37 0 1 21285294006891.426
a 25 38 0 1 34276643789185.062
a 25 39 0 1 13381034225661.506
a 25 40 0 1 15614662710594.432
a 25 41 0 1 8944153313552.793
a 25 42 0 1 13984275726283.541
a 25 43 0 1 8185336021975.192
a 25 44 0 1 9261312627851.27
a 25 45 0 1 10355895277966.2
a 25 46 0 1 8953006192719.537
a 25 47 0 1 12235388557048.21
a 25 48 0 1 13805705192141.18
a 25 49 0 1 11836690662276.762
a 25 50 0 1 7264709867401.54
a 25 51 0 1 9409643003062.143
a 25 52 0 1 27762776317711.836
a 25 53 0 1 13897753470083.895
a 25 54 0 1 9185210551650.414
a 25 55 0 1 14044762664229.666
a 25 56 0 1 33835441864445.41
a 25 57 0 1 27771382220189.754
a 25 58 0 1 32733725154493.543
a 25 59 0 1 18689049487554.09
a 25 60 0 1 18585415878284.75
a 25 61 0 1 34459941689561.83
a 25 62 0 1 12073624458118.973
a 25 63 0 1 22414286122000.676
a 25 64 0 1 33064369428884.72
a 25 65 0 1 28155180183556.44
a 25 66 0 1 30579987628269.133
a 25 67 0 1 33659794290809.586
a 25 68 0 1 23112156713176.383
a 25 69 0 1 9850734969160.371
a 25 70 0 1 8308879102471.647
a 25 71 0 1 31222147537992.62
a 25 72 0 1 32622476168963.453
a 25 73 0 1 21655472881701.18
a 25 74 0 1 11162456203241.736
a 25 75 0 1 20148689185450.76
a 25 76 0 1 7977393115345.884
a 25 77 0 1 22333023905000.793
a 25 78 0 1 21356424433819.676
a 25 79 0 1 12256578059400.148
a 25 80 0 1 8817018130508.775
a 26 27 0 1 5238779886906.924
a 26 28 0 1 3249358083629.8154
a 26 29 0 1 5000849309868.221
a 26 30 0 1 2798224655401.5176
a 26 31 0 1 1795069789680.249
a 26 32 0 1 4740865176345.766
a 26 33 0 1 5327464020176.462
a 26 34 0 1 4869350664908.295
a 26 35 0 1 1413255711076.8245
a 26 36 0 1 2894134243573.952
a 26 37 0 1 3446074567652.211
a 26 38 0 1 5542417441176.604
a 26 39 0 1 2168032327840.6516
a 26 40 0 1 2529386093791.402
a 26 41 0 1 1449776800625.4263
a 26 42 0 1 2265639377367.8867
a 26 43 0 1 1326875598016.266
a 26 44 0 1 1501139908948.7773
a 26 45 0 1 1678380517202.859
a 26 46 0 1 1451210543535.3271
a 26 47 0 1 1982630681729.5037
a 26 48 0 1 2236747086855.919
a 26 49 0 1 1918099156464.9824
a 26 50 0 1 1177742996703.2495
a 26 51 0 1 1525160540272.8389
a 26 52 0 1 4491967741414.75
a 26 53 0 1 2251640405094.219
a 26 54 0 1 1488815666541.449
a 26 55 0 1 2275425795243.5703
a 26 56 0 1 5471309347536.98
a 26 57 0 1 4493356432135.442
a 26 58 0 1 5293720255912.868
a 26 59 0 1 3026502019151.3774
a 26 60 0 1 3009749687278.7617
a 26 61 0 1 5571957607403.342
a 26 62 0 1 1956448839510.413
a 26 63 0 1 3628462547428.8906
a 26 64 0 1 5347021788205.736
a 26 65 0 1 4555285611476.588
a 26 66 0 1 4946443547020.318
a 26 67 0 1 5442998709083.717
a 26 68 0 1 3741183230749.708
a 26 69 0 1 1596586941896.9365
a 26 70 0 1 1346886375305.2292
a 26 71 0 1 5050002931362.136
a 26 72 0 1 5275785590470.433
a 26 73 0 1 3505881116989.6914
a 26 74 0 1 1808959169928.9414
a 26 75 0 1 3262416599373.3657
a 26 76 0 1 1293193158987.0483
a 26 77 0 1 3615336014085.9736
a 26 78 0 1 3457566817694.509
a 26 79 0 1 1986060184424.379
a 26 80 0 1 1429186712884.3716
a 27 1 0 1 0
a 28 1 0 1 0
a 29 1 0 1 0
a 30 1 0 1 0
a 31 1 0 1 0
a 32 1 0 1 0
a 33 1 0 1 0
a 34 1 0 1 0
a 35 1 0 1 0
a 36 1 0 1 0
a 37 1 0 1 0
a 38 1 0 1 0
a 39 1 0 1 0
a 40 1 0 1 0
a 41 1 0 1 0
a 42 1 0 1 0
a 43 1 0 1 0
a 44 1 0 1 0
a 45 1 0 1 0
a 46 1 0 1 0
a 47 1 0 1 0
a 48 1 0 1 0
a 49 1 0 1 0
a 50 1 0 1 0
a 51 1 0 1 0
a 52 1 0 1 0
a 53 1 0 1 0
a 54 1 0 1 0
a 55 1 0 1 0
a 56 1 0 1 0
a 57 1 0 1 0
a 58 1 0 1 0
a 59 1 0 1 0
a 60 1 0 1 0
a 61 1 0 1 0
a 62 1 0 1 0
a 63 1 0 1 0
a 64 1 0 1 0
a 65 1 0 1 0
a 66 1 0 1 0
a 67 1 0 1 0
a 68 1 0 1 0
a 69 1 0 1 0
a 70 1 0 1 0
a 71 1 0 1 0
a 72 1 0 1 0
a 73 1 0 1 0
a 74 1 0 1 0
a 75 1 0 1 0
a 76 1 0 1 0
a 77 1 0 1 0
a 78 1 0 1 0
a 79 1 0 1 0
a 80 1 0 1 0
