p min 81 1429
n 0 25
n 1 -25
a 0 2 0 1 0
a 0 3 0 1 0
a 0 4 0 1 0
a 0 5 0 1 0
a 0 6 0 1 0
a 0 7 0 1 0
a 0 8 0 1 0
a 0 9 0 1 0
a 0 10 0 1 0
a 0 11 0 1 0
a 0 12 0 1 0
a 0 13 0 1 0
a 0 14 0 1 0
a 0 15 0 1 0
a 0 16 0 1 0
a 0 17 0 1 0
a 0 18 0 1 0
a 0 19 0 1 0
a 0 20 0 1 0
a 0 21 0 1 0
a 0 22 0 1 0
a 0 23 0 1 0
a 0 24 0 1 0
a 0 25 0 1 0
a 0 26 0 1 0
a 2 27 0 1 3684131838707.2827
a 2 28 0 1 2964170485629.679
a 2 29 0 1 3275422525654.326
a 2 30 0 1 1953074034167.0208
a 2 31 0 1 2604115896776.557
a 2 32 0 1 5703385290846.038
a 2 33 0 1 2772955868700.877
a 2 34 0 1 3361036918118.293
a 2 35 0 1 5823075671806.075
a 2 36 0 1 6141428229672.476
a 2 37 0 1 2004661778585.8606
a 2 38 0 1 2501850567831.3804
a 2 39 0 1 1551881211245.8188
a 2 40 0 1 5314117188495.592
a 2 41 0 1 5162059116681.308
a 2 42 0 1 4059986947665.6655
a 2 43 0 1 2343835806823.457
a 2 44 0 1 5833382136455.184
a 2 45 0 1 2178259200578.098
a 2 46 0 1 4007710133265.818
a 2 47 0 1 3283429210703.719
a 2 48 0 1 5961117191918.683
a 2 49 0 1 1705244274297.6082
a 2 50 0 1 5044814164394.33
a 2 51 0 1 5704015623826.598
a 2 52 0 1 6651991246801.812
a 2 53 0 1 5594087499596.763
a 2 54 0 1 6298151824416.386
a 2 55 0 1 6636002236986.97
a 2 56 0 1 4699273447856.273
a 2 57 0 1 5186369686356.453
a 2 58 0 1 3600546084208.267
a 2 59 0 1 1462508417454.3127
a 2 60 0 1 5291629794520.167
a 2 61 0 1 6153677037895.227
a 2 62 0 1 6646325545346.265
a 2 63 0 1 4947615964658.984
a 2 64 0 1 6298495388076.655
a 2 65 0 1 3443986020691.335
a 2 66 0 1 6536488821811.57
a 2 67 0 1 2172999513746.3833
a 2 68 0 1 3318658606271.1084
a 2 69 0 1 4523397681988.3955
a 2 70 0 1 3037119873611.4644
a 2 71 0 1 1549652193976.2068
a 2 72 0 1 2169394950062.3103
a 2 73 0 1 4709970999511.708
a 2 74 0 1 5961537022594.784
a 2 75 0 1 4735053704913.72
a 2 76 0 1 1986275769168.6548
a 2 77 0 1 1659173190052.8662
a 2 78 0 1 3669060477630.3438
a 2 79 0 1 1654969309792.6873
a 2 80 0 1 5003745450177.562
a 3 27 0 1 15428643632531.738
a 3 28 0 1 12410261087092.164
a 3 29 0 1 13714965289185.02
a 3 30 0 1 8174011926446.804
a 3 31 0 1 10901358895390.418
a 3 32 0 1 23902742701030.355
a 3 33 0 1 11608876911981.598
a 3 34 0 1 14073895466550.908
a 3 35 0 1 24405436941499.33
a 3 36 0 1 25742719249624.83
a 3 37 0 1 8390075936187.401
a 3 38 0 1 10472862269390.586
a 3 39 0 1 6493982537355.844
a 3 40 0 1 22268140576736.53
a 3 41 0 1 21629750483500.523
a 3 42 0 1 17005022148871.389
a 3 43 0 1 9810836136374.18
a 3 44 0 1 24448725704687.08
a 3 45 0 1 9117210959798.596
a 3 46 0 1 16785741229830.873
a 3 47 0 1 13748531595396.154
a 3 48 0 1 24985260200212.46
a 3 49 0 1 7136145122158.516
a 3 50 0 1 21137566189840.285
a 3 51 0 1 23905389955203.5
a 3 52 0 1 27888062516644.516
a 3 53 0 1 23443735593905.918
a 3 54 0 1 26401172846008.17
a 3 55 0 1 27820865778780.645
a 3 56 0 1 19687262876748.547
a 3 57 0 1 21731809497170.297
a 3 58 0 1 15078134816090.268
a 3 59 0 1 6119793656803.2295
a 3 60 0 1 22173726552489.37
a 3 61 0 1 25794178268196.594
a 3 62 0 1 27864251279484.2
a 3 63 0 1 20729568662865.793
a 3 64 0 1 26402616367164.227
a 3 65 0 1 14421673216488.994
a 3 66 0 1 27402660262578.387
a 3 67 0 1 9095178726716.762
a 3 68 0 1 13896225611457.53
a 3 69 0 1 18949218856138.39
a 3 70 0 1 12716023063321.95
a 3 71 0 1 6484649717939.585
a 3 72 0 1 9080079666382.484
a 3 73 0 1 19732157101394.477
a 3 74 0 1 24987023727664.68
a 3 75 0 1 19837422630935.414
a 3 76 0 1 8313069209551.607
a 3 77 0 1 6943228452820.318
a 3 78 0 1 15365441738446.682
a 3 79 0 1 6925625576099.427
a 3 80 0 1 20965173284255.324
a 4 27 0 1 9682855660362.186
a 4 28 0 1 7789558329668.653
a 4 29 0 1 8608001520448.497
a 4 30 0 1 5131520194284.55
a 4 31 0 1 6842907120407.269
a 4 32 0 1 14995659685097.213
a 4 33 0 1 7286803229702.124
a 4 34 0 1 8833142965301.236
a 4 35 0 1 15310700396596.162
a 4 36 0 1 16148714879007.09
a 4 37 0 1 5267113116306.682
a 4 38 0 1 6574055656943.583
a 4 39 0 1 4077116852202.0015
a 4 40 0 1 13971153185259.521
a 4 41 0 1 13570995453158.99
a 4 42 0 1 10671452919576.533
a 4 43 0 1 6158661440548.475
a 4 44 0 1 15337829020016.848
a 4 45 0 1 5723414816570.197
a 4 46 0 1 10533942871020.021
a 4 47 0 1 8629056512956.946
a 4 48 0 1 15674061300209.818
a 4 49 0 1 4480162482429.441
a 4 50 0 1 13262467925430.385
a 4 51 0 1 14997318766689.527
a 4 52 0 1 17492903446059.69
a 4 53 0 1 14707986004689.875
a 4 54 0 1 16561302640689.438
a 4 55 0 1 17450804348117.006
a 4 56 0 1 12353264116387.594
a 4 57 0 1 13634969886560.545
a 4 58 0 1 9463022217037.762
a 4 59 0 1 3842251464843.625
a 4 60 0 1 13911973665959.371
a 4 61 0 1 16180959999117.914
a 4 62 0 1 17477985612737.4
a 4 63 0 1 13006703290451.738
a 4 64 0 1 16562207127003.371
a 4 65 0 1 9051282356779.033
a 4 66 0 1 17188790997110.312
a 4 67 0 1 5709589266825.9
a 4 68 0 1 8721699182479.731
a 4 69 0 1 11890536421519.457
a 4 70 0 1 7981371564735.206
a 4 71 0 1 4071259056637.9785
a 4 72 0 1 5700114369688.232
a 4 73 0 1 12381410272954.756
a 4 74 0 1 15675166431646.586
a 4 75 0 1 12447405420230.934
a 4 76 0 1 5218787137197.812
a 4 77 0 1 4359082984903.922
a 4 78 0 1 9643216946547.703
a 4 79 0 1 4348034863911.99
a 4 80 0 1 13154399715693.26
a 5 27 0 1 12453318209764.623
a 5 28 0 1 10017684854611.273
a 5 29 0 1 11070534209881.727
a 5 30 0 1 6598763311854.7705
a 5 31 0 1 8799978937170.053
a 5 32 0 1 19289603242122.86
a 5 33 0 1 9370966387785.898
a 5 34 0 1 11360167241315.402
a 5 35 0 1 19695059266639.445
a 5 36 0 1 20773621353410.67
a 5 37 0 1 6773156230981.98
a 5 38 0 1 8454161070914.06
a 5 39 0 1 5242694969790.9795
a 5 40 0 1 17971126186959.902
a 5 41 0 1 17456171952686.047
a 5 42 0 1 13725220578469.186
a 5 43 0 1 7919860456327.297
a 5 44 0 1 19729974081653.883
a 5 45 0 1 7360040384781.489
a 5 46 0 1 13548298918805.97
a 5 47 0 1 11097620205830.963
a 5 48 0 1 20162713651218.863
a 5 49 0 1 5761040911680.074
a 5 50 0 1 17059143917214.076
a 5 51 0 1 19291738450803.492
a 5 52 0 1 22503776895361.383
a 5 53 0 1 18919375840207.793
a 5 54 0 1 21304662188444.516
a 5 55 0 1 22449587234098.836
a 5 56 0 1 15889183849626.248
a 5 57 0 1 17538498337849.695
a 5 58 0 1 12170497750959.098
a 5 59 0 1 4940647376005.086
a 5 60 0 1 17894968500105.523
a 5 61 0 1 20815123457531.793
a 5 62 0 1 22484574748509.453
a 5 63 0 1 16730019838555.057
a 5 64 0 1 21305826366777.5
a 5 65 0 1 11640796589366.338
a 5 66 0 1 22112328892063.258
a 5 67 0 1 7342258039570.378
a 5 68 0 1 11216799938583.68
a 5 69 0 1 15293774549013.498
a 5 70 0 1 10264429247513.398
a 5 71 0 1 5235161520869.606
a 5 72 0 1 7330071488909.543
a 5 73 0 1 15925401165246.662
a 5 74 0 1 20164135999580.97
a 5 75 0 1 16010321267973.379
a 5 76 0 1 6711001564867.512
a 5 77 0 1 5605322441296.162
a 5 78 0 1 12402321847720.889
a 5 79 0 1 5591113685480.733
a 5 80 0 1 16920078469649.975
a 6 27 0 1 3592685631850.5557
a 6 28 0 1 2890600850451.8027
a 6 29 0 1 3194124886653.3506
a 6 30 0 1 1904604948699.2268
a 6 31 0 1 2539485298705.2065
a 6 32 0 1 5561785791763.958
a 6 33 0 1 2704133588534.9736
a 6 34 0 1 3277613484752.9214
a 6 35 0 1 5678502643923.872
a 6 36 0 1 5988945818876.025
a 6 37 0 1 1954912161221.1035
a 6 38 0 1 2439758768459.676
a 6 39 0 1 1513370190380.2466
a 6 40 0 1 5182187921604.944
a 6 41 0 1 5033907060124.754
a 6 42 0 1 3959207146113.914
a 6 43 0 1 2285666704920.488
a 6 44 0 1 5688553056112.451
a 6 45 0 1 2124200368714.59
a 6 46 0 1 3908228566889.7017
a 6 47 0 1 3201932768474.132
a 6 48 0 1 5813114629353.794
a 6 49 0 1 1662926712763.4402
a 6 50 0 1 4919574452119.689
a 6 51 0 1 5562400465271.271
a 6 52 0 1 6486822855863.247
a 6 53 0 1 5455203271134.36
a 6 54 0 1 6141775450751.787
a 6 55 0 1 6471231147686.431
a 6 56 0 1 4582616461115.135
a 6 57 0 1 5057613749868.871
a 6 58 0 1 3511175451941.994
a 6 59 0 1 1426215609345.6746
a 6 60 0 1 5160259135610.492
a 6 61 0 1 6000890297486.64
a 6 62 0 1 6481297938302.299
a 6 63 0 1 4824790580682.012
a 6 64 0 1 6142110478060.82
a 6 65 0 1 3358502932788.903
a 6 66 0 1 6374190451633.069
a 6 67 0 1 2119071245730.4358
a 6 68 0 1 3236287426051.0356
a 6 69 0 1 4411108936070.055
a 6 70 0 1 2961739043666.548
a 6 71 0 1 1511196497361.9778
a 6 72 0 1 2115556159850.7754
a 6 73 0 1 4593048311235.816
a 6 74 0 1 5813524029499.875
a 6 75 0 1 4617508019875.303
a 6 76 0 1 1936982538481.9563
a 6 77 0 1 1617999147464.466
a 6 78 0 1 3577988520847.2188
a 6 79 0 1 1613899610083.8472
a 6 80 0 1 4879525859509.665
a 7 27 0 1 17164200388184.137
a 7 28 0 1 13805742281456.465
a 7 29 0 1 15257412816338.318
a 7 30 0 1 9092646104887.783
a 7 31 0 1 12126933445558.223
a 7 32 0 1 26594467391077.35
a 7 33 0 1 12914111809018.162
a 7 34 0 1 15656782730511.672
a 7 35 0 1 27153947983185.26
a 7 36 0 1 28642330669610.043
a 7 37 0 1 9333018513376.469
a 7 38 0 1 11650198863187.607
a 7 39 0 1 7223649992052.407
a 7 40 0 1 24775264634125.117
a 7 41 0 1 24064800183412.008
a 7 42 0 1 18918291116012.72
a 7 43 0 1 10913655627021.025
a 7 44 0 1 27202127160286.773
a 7 45 0 1 10141970141263.086
a 7 46 0 1 18674285378678.996
a 7 47 0 1 15294760794024.762
a 7 48 0 1 27799279481841.55
a 7 49 0 1 7938032283426.785
a 7 50 0 1 23517056242386.715
a 7 51 0 1 26597413670507.926
a 7 52 0 1 31030185839211.965
a 7 53 0 1 26083615394667.312
a 7 54 0 1 29375202384918.035
a 7 55 0 1 30955391087057.62
a 7 56 0 1 21903077878354.348
a 7 57 0 1 24178380886469.367
a 7 58 0 1 16774186895871.9
a 7 59 0 1 6807384082566.288
a 7 60 0 1 24670190506438.664
a 7 61 0 1 28699605110152.703
a 7 62 0 1 31003682222453.39
a 7 63 0 1 23063007704210.043
a 7 64 0 1 29376809065958.27
a 7 65 0 1 16043747249461.918
a 7 66 0 1 30489901521855.055
a 7 67 0 1 10117458636466.643
a 7 68 0 1 15459094806550.318
a 7 69 0 1 21081764705015.85
a 7 70 0 1 14145941922762.445
a 7 71 0 1 7213267660788.666
a 7 72 0 1 10100660497558.78
a 7 73 0 1 21953037761612.668
a 7 74 0 1 27801242266890.145
a 7 75 0 1 22070181199708.82
a 7 76 0 1 9247347948834.371
a 7 77 0 1 7723418325527.748
a 7 78 0 1 17093874957916.89
a 7 79 0 1 7703835711135.451
a 7 80 0 1 23325204622595.555
a 8 27 0 1 6087686889719.42
a 8 28 0 1 4897752464225.263
a 8 29 0 1 5412166383378.6455
a 8 30 0 1 3226854456362.7754
a 8 31 0 1 4302711386505.0566
a 8 32 0 1 9425746682520.424
a 8 33 0 1 4581739285366.226
a 8 34 0 1 5553667620395.516
a 8 35 0 1 9623640571918.178
a 8 36 0 1 10150016220716.295
a 8 37 0 1 3312100177510.995
a 8 38 0 1 4133709352732.801
a 8 39 0 1 2563929398878.311
a 8 40 0 1 8782162552133.71
a 8 41 0 1 8530772374070.417
a 8 42 0 1 6708942139737.569
a 8 43 0 1 3872581812714.4487
a 8 44 0 1 9640681258931.703
a 8 45 0 1 3598964585240.273
a 8 46 0 1 6622531087730.849
a 8 47 0 1 5425399546615.993
a 8 48 0 1 9851880324614.86
a 8 49 0 1 2817339527696.781
a 8 50 0 1 8336940950751.285
a 8 51 0 1 9426788854221.195
a 8 52 0 1 10994252252735.18
a 8 53 0 1 9245038823800.432
a 8 54 0 1 10409157950109.186
a 8 55 0 1 10967812812188.553
a 8 56 0 1 7765706823084.999
a 8 57 0 1 8570963464556.75
a 8 58 0 1 5949531802083.455
a 8 59 0 1 2416256563834.1685
a 8 60 0 1 8744984880490.964
a 8 61 0 1 10170269347560.803
a 8 62 0 1 10984883436599.67
a 8 63 0 1 8176253763760.615
a 8 64 0 1 10409726037725.418
a 8 65 0 1 5690765472518.969
a 8 66 0 1 10803258772437.227
a 8 67 0 1 3590273004398.5674
a 8 68 0 1 5483625623232.404
a 8 69 0 1 7474967422753.287
a 8 70 0 1 5018315556963.091
a 8 71 0 1 2560246315471.2046
a 8 72 0 1 3584316502270.6313
a 8 73 0 1 7783391143433.755
a 8 74 0 1 9852574485673.758
a 8 75 0 1 7824855938864.821
a 8 76 0 1 3281718299832.5664
a 8 77 0 1 2741213156458.877
a 8 78 0 1 6062775994968.375
a 8 79 0 1 2734266826755.8433
a 8 80 0 1 8269046236300.104
a 9 27 0 1 16524163712682.873
a 9 28 0 1 13291131008902.338
a 9 29 0 1 14688598728477.879
a 9 30 0 1 8753893334064.415
a 9 31 0 1 11674984186944.69
a 9 32 0 1 25601747197658.766
a 9 33 0 1 12432783799188.693
a 9 34 0 1 15073053815597.12
a 9 35 0 1 26140280544316.355
a 9 36 0 1 27572924757837.664
a 9 37 0 1 8985301236415.352
a 9 38 0 1 11216039606795.807
a 9 39 0 1 6954583715896.617
a 9 40 0 1 23850638389852.113
a 9 41 0 1 23166759634051.2
a 9 42 0 1 18212708817839.785
a 9 43 0 1 10506977791997.248
a 9 44 0 1 26186655746399.777
a 9 45 0 1 9764080119672.6
a 9 46 0 1 17977822440471.55
a 9 47 0 1 14724551968456.814
a 9 48 0 1 26761447268601.703
a 9 49 0 1 7642333299680.602
a 9 50 0 1 22639509502296.547
a 9 51 0 1 25604583173653.78
a 9 52 0 1 29871318670913.754
a 9 53 0 1 25110019498159.176
a 9 54 0 1 28278344389166.176
a 9 55 0 1 29799326830699.586
a 9 56 0 1 21085903584830.562
a 9 57 0 1 23276090409923.11
a 9 58 0 1 16148720506146.914
a 9 59 0 1 6553834567041.579
a 9 60 0 1 23749496416850.965
a 9 61 0 1 27628053959306.277
a 9 62 0 1 29845808274925.793
a 9 63 0 1 22202447279135.023
a 9 64 0 1 28279890881865.188
a 9 65 0 1 15445565538593.463
a 9 66 0 1 29351280309428.55
a 9 67 0 1 9740482938616.35
a 9 68 0 1 14882748889195.854
a 9 69 0 1 20295304147268.11
a 9 70 0 1 13618629760824.615
a 9 71 0 1 6944588414636.539
a 9 72 0 1 9724311397993.416
a 9 73 0 1 21133994993464.64
a 9 74 0 1 26763336550869.19
a 9 75 0 1 21246757244484.418
a 9 76 0 1 8902825745196.977
a 9 77 0 1 7435720754288.336
a 9 78 0 1 16456465622087.656
a 9 79 0 1 7416868215936.774
a 9 80 0 1 22454835411930.656
a 10 27 0 1 3595518856906.7197
a 10 28 0 1 2892880220550.2974
a 10 29 0 1 3196643687339.544
a 10 30 0 1 1906106645604.5427
a 10 31 0 1 2541487717219.643
a 10 32 0 1 5566172862783.521
a 10 33 0 1 2706265874907.3003
a 10 34 0 1 3280198147160.278
a 10 35 0 1 5682981840069.543
a 10 36 0 1 5993670061246.92
a 10 37 0 1 1956453532077.6772
a 10 38 0 1 2441682529148.1523
a 10 39 0 1 1514563362162.6008
a 10 40 0 1 5186275391487.875
a 10 41 0 1 5037877505080.52
a 10 42 0 1 3962329545297.6816
a 10 43 0 1 2287468931327.643
a 10 44 0 1 5693040185208.27
a 10 45 0 1 2125875249292.5852
a 10 46 0 1 3911310744089.9194
a 10 47 0 1 3204457728516.6626
a 10 48 0 1 5817700078409.132
a 10 49 0 1 1664237820538.2524
a 10 50 0 1 4923454667223.319
a 10 51 0 1 5566788021449.762
a 10 52 0 1 6491940130717.445
a 10 53 0 1 5459506218265.045
a 10 54 0 1 6146620334600.985
a 10 55 0 1 6476336113500.877
a 10 56 0 1 4586230767049.516
a 10 57 0 1 5061602904142.721
a 10 58 0 1 3513944371309.123
a 10 59 0 1 1427340055394.761
a 10 60 0 1 5164329298796.861
a 10 61 0 1 6005623968502.36
a 10 62 0 1 6486410851446.823
a 10 63 0 1 4828595995352.755
a 10 64 0 1 6146955626380.131
a 10 65 0 1 3361151407733.645
a 10 66 0 1 6379218808632.113
a 10 67 0 1 2120742081131.3354
a 10 68 0 1 3238839487377.6333
a 10 69 0 1 4414587905395.825
a 10 70 0 1 2964074528605.943
a 10 71 0 1 1512387955061.523
a 10 72 0 1 2117224223017.418
a 10 73 0 1 4596670849117.598
a 10 74 0 1 5818109801710.904
a 10 75 0 1 4621149859397.52
a 10 76 0 1 1938509769384.9006
a 10 77 0 1 1619274826219.9429
a 10 78 0 1 3580810150847.219
a 10 79 0 1 1615172056041.6191
a 10 80 0 1 4883374469331.913
a 11 27 0 1 3422565637584.7173
a 11 28 0 1 2753736348113.8335
a 11 29 0 1 3042884058011.5747
a 11 30 0 1 1814435246508.899
a 11 31 0 1 2419250086744.313
a 11 32 0 1 5298368543907.424
a 11 33 0 1 2576100578345.8496
a 11 34 0 1 3122418075475.6387
a 11 35 0 1 5409554010095.649
a 11 36 0 1 5705284129993.161
a 11 37 0 1 1862360254230.6033
a 11 38 0 1 2324246501469.5845
a 11 39 0 1 1441725787842.2869
a 11 40 0 1 4936759404654.903
a 11 41 0 1 4795505005393.598
a 11 42 0 1 3771724174909.051
a 11 43 0 1 2177451874986.6272
a 11 44 0 1 5419128111615.057
a 11 45 0 1 2023631939373.0815
a 11 46 0 1 3723160653174.1533
a 11 47 0 1 3050322109188.7935
a 11 48 0 1 5537786356611.227
a 11 49 0 1 1584200868981.7896
a 11 50 0 1 4686590025831.43
a 11 51 0 1 5298954087490.504
a 11 52 0 1 6179562833150.691
a 11 53 0 1 5196837004440.744
a 11 54 0 1 5850870229980.156
a 11 55 0 1 6164710178533.775
a 11 56 0 1 4365597933597.3213
a 11 57 0 1 4818088341237.853
a 11 58 0 1 3344916594818.8647
a 11 59 0 1 1358697834063.0476
a 11 60 0 1 4915869754257.302
a 11 61 0 1 5716662495385.513
a 11 62 0 1 6174299799307.552
a 11 63 0 1 4596297366744.193
a 11 64 0 1 5851189378026.903
a 11 65 0 1 3199475987000.9595
a 11 66 0 1 6072269195682.14
a 11 67 0 1 2018745706723.0405
a 11 68 0 1 3083049505472.0063
a 11 69 0 1 4202216403954.572
a 11 70 0 1 2821505187700.3745
a 11 71 0 1 1439655016602.044
a 11 72 0 1 2015397078067.4473
a 11 73 0 1 4375535514690.8203
a 11 74 0 1 5538176353850.729
a 11 75 0 1 4398836299214.694
a 11 76 0 1 1845279658557.208
a 11 77 0 1 1541400630259.917
a 11 78 0 1 3408564733816.4326
a 11 79 0 1 1537495205510.6714
a 11 80 0 1 4648439095880.495
a 12 27 0 1 15018875038669.693
a 12 28 0 1 12080769102655.639
a 12 29 0 1 13350780182233.826
a 12 30 0 1 7957095253105.197
a 12 31 0 1 10611977171072.205
a 12 32 0 1 23267307310346.543
a 12 33 0 1 11300689341168.797
a 12 34 0 1 13700164341126.223
a 12 35 0 1 23756601240529.953
a 12 36 0 1 25058228289959.445
a 12 37 0 1 8167420101863.11
a 12 38 0 1 10194868546125.875
a 12 39 0 1 6321681857710.538
a 12 40 0 1 21676268307399.656
a 12 41 0 1 21054887357720.336
a 12 42 0 1 16553306751808.121
a 12 43 0 1 9550434693908.14
a 12 44 0 1 23798735985422.645
a 12 45 0 1 8875238691824.676
a 12 46 0 1 16339861697953.89
a 12 47 0 1 13383453799793.78
a 12 48 0 1 24320966287186.633
a 12 49 0 1 6946792723333.896
a 12 50 0 1 20575815066927.59
a 12 51 0 1 23269884000672.617
a 12 52 0 1 27146349064006.617
a 12 53 0 1 22820534627912.047
a 12 54 0 1 25699121955889.03
a 12 55 0 1 27080945074381.45
a 12 56 0 1 19164140053194.86
a 12 57 0 1 21154227293978.04
a 12 58 0 1 14677691108081.498
a 12 59 0 1 5957427901931.333
a 12 60 0 1 21584369985705.773
a 12 61 0 1 25108315070107.887
a 12 62 0 1 27123173092222.66
a 12 63 0 1 20178685674476.73
a 12 64 0 1 25700526977739.812
a 12 65 0 1 14038691947230.088
a 12 66 0 1 26673896296547.902
a 12 67 0 1 8853791794046.271
a 12 68 0 1 13527219845665.703
a 12 69 0 1 18445748745524.29
a 12 70 0 1 12378401534906.271
a 12 71 0 1 6312596840019.655
a 12 72 0 1 8839093872183.438
a 12 73 0 1 19207838724868.027
a 12 74 0 1 24322682795555.33
a 12 75 0 1 19310300939826.49
a 12 76 0 1 8092458884282.259
a 12 77 0 1 6758998941208.565
a 12 78 0 1 14957354612770.172
a 12 79 0 1 6741863496487.348
a 12 80 0 1 20408014441031.65
a 13 27 0 1 3040353335005.6353
a 13 28 0 1 2446236062473.6934
a 13 29 0 1 2703085590884.964
a 13 30 0 1 1611842955148.8423
a 13 31 0 1 2149109975872.6306
a 13 32 0 1 4706563903906.6045
a 13 33 0 1 2288441495849.792
a 13 34 0 1 2773735218467.4727
a 13 35 0 1 4805323567118.318
a 13 36 0 1 5068002270807.173
a 13 37 0 1 1654415836587.7837
a 13 38 0 1 2064717273796.016
a 13 39 0 1 1280754820543.2156
a 13 40 0 1 4385365322181.3315
a 13 41 0 1 4259895577878.125
a 13 42 0 1 3350504826915.382
a 13 43 0 1 1934317629814.0867
a 13 44 0 1 4813827678355.688
a 13 45 0 1 1797676780934.9836
a 13 46 0 1 3307366856982.6763
a 13 47 0 1 2709692776710.6646
a 13 48 0 1 4919224644089.992
a 13 49 0 1 1407319755714.3198
a 13 50 0 1 4163151131759.565
a 13 51 0 1 4707084009378.998
a 13 52 0 1 5489270420938.749
a 13 53 0 1 4616379022461.17
a 13 54 0 1 5197316629694.073
a 13 55 0 1 5476077938750.7295
a 13 56 0 1 3878026220155.019
a 13 57 0 1 4279955340368.705
a 13 58 0 1 2971378654200.802
a 13 59 0 1 1206998357528.0557
a 13 60 0 1 4366810041433.1294
a 13 61 0 1 5078108926367.071
a 13 62 0 1 5484595669290.202
a 13 63 0 1 4082947878601.5195
a 13 64 0 1 5197600106946.521
a 13 65 0 1 2842185196997.722
a 13 66 0 1 5393969538935.535
a 13 67 0 1 1793336249021.1956
a 13 68 0 1 2738764353657.5234
a 13 69 0 1 3732899796194.861
a 13 70 0 1 2506435204461.8154
a 13 71 0 1 1278915288236.0513
a 13 72 0 1 1790361599198.4746
a 13 73 0 1 3886853425987.443
a 13 74 0 1 4919571054596.583
a 13 75 0 1 3907550689354.0024
a 13 76 0 1 1639242758465.5295
a 13 77 0 1 1369299054451.9297
a 13 78 0 1 3027916516167.192
a 13 79 0 1 1365829749575.9402
a 13 80 0 1 4129263253481.658
a 14 27 0 1 18191785565431.55
a 14 28 0 1 14631924653385.646
a 14 29 0 1 16170629916091.549
a 14 30 0 1 9636467856749.13
a 14 31 0 1 12852501484081.25
a 14 32 0 1 28188458079430.348
a 14 33 0 1 13686851870436.69
a 14 34 0 1 16593949413372.24
a 14 35 0 1 28781583468525.684
a 14 36 0 1 30359493570861.02
a 14 37 0 1 9891233068335.9
a 14 38 0 1 12347202770051.586
a 14 39 0 1 7655590473718.594
a 14 40 0 1 26259887916897.3
a 14 41 0 1 25506724725437.723
a 14 42 0 1 20051132711081.332
a 14 43 0 1 11566535184274.068
a 14 44 0 1 28832660152495.703
a 14 45 0 1 10748628577477.352
a 14 46 0 1 19792482404471.63
a 14 47 0 1 16210217494078.023
a 14 48 0 1 29465728181777.387
a 14 49 0 1 8412730873189.595
a 14 50 0 1 24926066561506.48
a 14 51 0 1 28191581523612.434
a 14 52 0 1 32891048121828.746
a 14 53 0 1 27646889617103.01
a 14 54 0 1 31136460062379.09
a 14 55 0 1 32811751005176.195
a 14 56 0 1 23215128968180.516
a 14 57 0 1 25627131103864.41
a 14 58 0 1 17778374946597.387
a 14 59 0 1 7214413130137.453
a 14 60 0 1 26148498393081.66
a 14 61 0 1 30420213765054.395
a 14 62 0 1 32862949077006.434
a 14 63 0 1 24444737342404.78
a 14 64 0 1 31138163421448.2
a 14 65 0 1 17004121810370.11
a 14 66 0 1 32318242555941.48
a 14 67 0 1 10722649066373.262
a 14 68 0 1 16384406165005.33
a 14 69 0 1 22344490333692.586
a 14 70 0 1 14992518155813.477
a 14 71 0 1 7644586781049.844
a 14 72 0 1 10704844883576.162
a 14 73 0 1 23268089602440.824
a 14 74 0 1 29467809027103.88
a 14 75 0 1 23392269195051.766
a 14 76 0 1 9800432701872.135
a 14 77 0 1 8185270787206.398
a 14 78 0 1 18117241108859.85
a 14 79 0 1 8164516051548.659
a 14 80 0 1 24722687517068.61
a 15 27 0 1 17114056150685.012
a 15 28 0 1 13765425144294.188
a 15 29 0 1 15212848912041.012
a 15 30 0 1 9066107068921.504
a 15 31 0 1 12091525789204.979
a 15 32 0 1 26516688941773.457
a 15 33 0 1 12876402376887.06
a 15 34 0 1 15611050247395.945
a 15 35 0 1 27074528165523.145
a 15 36 0 1 28558543303459.066
a 15 37 0 1 9305777141814.46
a 15 38 0 1 11616185016629.92
a 15 39 0 1 7202570587266.997
a 15 40 0 1 24702821788390.566
a 15 41 0 1 23994440478769.332
a 15 42 0 1 18863011264452.543
a 15 43 0 1 10881794882517.11
a 15 44 0 1 27122565987778.348
a 15 45 0 1 10112364837966.082
a 15 46 0 1 18619720049183.38
a 15 47 0 1 15250087611986.693
a 15 48 0 1 27717966170068.77
a 15 49 0 1 7914866332357.662
a 15 50 0 1 23448302336768.184
a 15 51 0 1 26519626578150.43
a 15 52 0 1 30939388370786.348
a 15 53 0 1 26007335466132.984
a 15 54 0 1 29289263912716.105
a 15 55 0 1 30864813254267.875
a 15 56 0 1 21839054434636.684
a 15 57 0 1 24107688176538.25
a 15 58 0 1 16725184256016.63
a 15 59 0 1 6787520336923.4375
a 15 60 0 1 24598055768229.36
a 15 61 0 1 28615649646585.453
a 15 62 0 1 30912962582629.707
a 15 63 0 1 22995584761479.95
a 15 64 0 1 29290865877470.49
a 15 65 0 1 15996882384200.549
a 15 66 0 1 30400690519674.312
a 15 67 0 1 10087924967541.496
a 15 68 0 1 15413940782804.47
a 15 69 0 1 21020147802044.4
a 15 70 0 1 14104629680791.85
a 15 71 0 1 7192218577881.658
a 15 72 0 1 10071175920618.096
a 15 73 0 1 21888867915128.5
a 15 74 0 1 27719923195599.785
a 15 75 0 1 22005668068749.62
a 15 76 0 1 9220356899495.807
a 15 77 0 1 7700879248405.63
a 15 78 0 1 17043936575583.242
a 15 79 0 1 7681353832068.512
a 15 80 0 1 23257013112953.69
a 16 27 0 1 11101185796677.531
a 16 28 0 1 8930275897331.36
a 16 29 0 1 9868709685412.344
a 16 30 0 1 5882725988064.162
a 16 31 0 1 7844870060012.171
a 16 32 0 1 17193743252896.984
a 16 33 0 1 8353825561093.617
a 16 34 0 1 10126863291153.668
a 16 35 0 1 17555056451723.703
a 16 36 0 1 18516175401042.848
a 16 37 0 1 6038182227871.01
a 16 38 0 1 7536618235203.348
a 16 39 0 1 4673884943955.288
a 16 40 0 1 16018786102158.74
a 16 41 0 1 15559875529071.072
a 16 42 0 1 12234795384843.47
a 16 43 0 1 7060353217387.4375
a 16 44 0 1 17586169847758.324
a 16 45 0 1 6561333832223.108
a 16 46 0 1 12077112416747.611
a 16 47 0 1 9892851857513.898
a 16 48 0 1 17971791787155.27
a 16 49 0 1 5135959303540.201
a 16 50 0 1 15206052930722.838
a 16 51 0 1 17195646006665.643
a 16 52 0 1 20057882399168.082
a 16 53 0 1 16863820056959.932
a 16 54 0 1 18989382382898.227
a 16 55 0 1 20009596090755.652
a 16 56 0 1 14163389943907.008
a 16 57 0 1 15633242540887.768
a 16 58 0 1 10849111242054.715
a 16 59 0 1 4404624845209.466
a 16 60 0 1 15950917205785.016
a 16 61 0 1 18553157878997.98
a 16 62 0 1 20040772117306.79
a 16 63 0 1 14912742167525.924
a 16 64 0 1 18990419767601.02
a 16 65 0 1 10376990014448.11
a 16 66 0 1 19709076768631.504
a 16 67 0 1 6545482669478.639
a 16 68 0 1 9999078424130.453
a 16 69 0 1 13632752202803.012
a 16 70 0 1 9150208226153.18
a 16 71 0 1 4667169281337.25
a 16 72 0 1 6534619587701.85
a 16 73 0 1 14195667106014.635
a 16 74 0 1 17973059260220.8
a 16 75 0 1 14271348467710.928
a 16 76 0 1 5982776783824.311
a 16 77 0 1 4997146243479.708
a 16 78 0 1 11055733469765.69
a 16 79 0 1 4984480019244.866
a 16 80 0 1 15082120049221.16
a 17 27 0 1 16468154063918.043
a 17 28 0 1 13246096637662.877
a 17 29 0 1 14638821328860.06
a 17 30 0 1 8724247940053.548
a 17 31 0 1 11635433148210.42
a 17 32 0 1 25514878028450.11
a 17 33 0 1 12390661918524.238
a 17 34 0 1 15021971302299.646
a 17 35 0 1 26051578593936.86
a 17 36 0 1 27479346011463.785
a 17 37 0 1 8954871362483.443
a 17 38 0 1 11178045324283.527
a 17 39 0 1 6931036615904.462
a 17 40 0 1 23769727173412.67
a 17 41 0 1 23088174588942.73
a 17 42 0 1 18150963774314.14
a 17 43 0 1 10471388349892.406
a 17 44 0 1 26097795957510.4
a 17 45 0 1 9731009855297.83
a 17 46 0 1 17916875356561.004
a 17 47 0 1 14674652522882.877
a 17 48 0 1 26670631031005.973
a 17 49 0 1 7616455547851.366
a 17 50 0 1 22562717616732.82
a 17 51 0 1 25517704353409.51
a 17 52 0 1 29769912721109.664
a 17 53 0 1 25024823619463.867
a 17 54 0 1 28182363768255.664
a 17 55 0 1 29698166112461.01
a 17 56 0 1 21014394198164.996
a 17 57 0 1 23197133507450.523
a 17 58 0 1 16093985804136.475
a 17 59 0 1 6531645359686.312
a 17 60 0 1 23668929251585.434
a 17 61 0 1 27534287518204.332
a 17 62 0 1 29744489223688.97
a 17 63 0 1 22127141662689.805
a 17 64 0 1 28183904994893.992
a 17 65 0 1 15393218346041.02
a 17 66 0 1 29251645716838.035
a 17 67 0 1 9707492685617.47
a 17 68 0 1 14832312420401.21
a 17 69 0 1 20226482197255.188
a 17 70 0 1 13572483989901.34
a 17 71 0 1 6921075184097.859
a 17 72 0 1 9691375977871.576
a 17 73 0 1 21062322116862.926
a 17 74 0 1 26672513882196.24
a 17 75 0 1 21174701018049.863
a 17 76 0 1 8872675470500.637
a 17 77 0 1 7410543211522.728
a 17 78 0 1 16400685873630.674
a 17 79 0 1 7391754562692.948
a 17 80 0 1 22378671545287.77
a 18 27 0 1 8252564260025.197
a 18 28 0 1 6639146864577.466
a 18 29 0 1 7336615041142.609
a 18 30 0 1 4373862368439.694
a 18 31 0 1 5832397011751.577
a 18 32 0 1 12779438448699.824
a 18 33 0 1 6210694932536.614
a 18 34 0 1 7528474666823.84
a 18 35 0 1 13047849054774.926
a 18 36 0 1 13761812511046.246
a 18 37 0 1 4489424940485.869
a 18 38 0 1 5603273167695.616
a 18 39 0 1 3475201683978.549
a 18 40 0 1 11906552255921.508
a 18 41 0 1 11565606993369.137
a 18 42 0 1 9094979103879.031
a 18 43 0 1 5249256766518.502
a 18 44 0 1 13070962155815.225
a 18 45 0 1 4878315942208.828
a 18 46 0 1 8977804160726.318
a 18 47 0 1 7354557615042.985
a 18 48 0 1 13357424259781.988
a 18 49 0 1 3818718495241.415
a 18 50 0 1 11302729981478.92
a 18 51 0 1 12780851972279.443
a 18 52 0 1 14906978663142.502
a 18 53 0 1 12534341681471.7
a 18 54 0 1 14113317540956.457
a 18 55 0 1 14871113611854.525
a 18 56 0 1 10528038206151.447
a 18 57 0 1 11620115261391.486
a 18 58 0 1 8065233409402.145
a 18 59 0 1 3275023148281.746
a 18 60 0 1 11856129990100.56
a 18 61 0 1 13789283988484.502
a 18 62 0 1 14894269872802.607
a 18 63 0 1 11084806836105.438
a 18 64 0 1 14114088114584.88
a 18 65 0 1 7714365924090.159
a 18 66 0 1 14647898116726.736
a 18 67 0 1 4866532967430.462
a 18 68 0 1 7433505386083.737
a 18 69 0 1 10133759484329.686
a 18 70 0 1 6802609711368.986
a 18 71 0 1 3470209035270.914
a 18 72 0 1 4858457880340.987
a 18 73 0 1 10552020643305.416
a 18 74 0 1 13358365800719.531
a 18 75 0 1 10608252901183.607
a 18 76 0 1 4448237936986.972
a 18 77 0 1 3715522627685.328
a 18 78 0 1 8218786272981.751
a 18 79 0 1 3706106310178.737
a 18 80 0 1 11210651164822.865
a 19 27 0 1 18975642350259.566
a 19 28 0 1 15262122713331.932
a 19 29 0 1 16867228912396.623
a 19 30 0 1 10051262198761.037
a 19 31 0 1 13405941315735.828
a 19 32 0 1 29404516954943.715
a 19 33 0 1 14276278638601.459
a 19 34 0 1 17308820547777.086
a 19 35 0 1 30023318511612.527
a 19 36 0 1 31669553544243.38
a 19 37 0 1 10317006613792.004
a 19 38 0 1 12878851723793.049
a 19 39 0 1 7985041068654.777
a 19 40 0 1 27392485022223.367
a 19 41 0 1 26606738059874.17
a 19 42 0 1 20915299070687.594
a 19 43 0 1 12064523246723.545
a 19 44 0 1 30076606456473.375
a 19 45 0 1 11211356843094.049
a 19 46 0 1 20645474901369.01
a 19 47 0 1 16908525167542.17
a 19 48 0 1 30737084127628.227
a 19 49 0 1 8774797168362.077
a 19 50 0 1 26000963159032.56
a 19 51 0 1 29407775602229.047
a 19 52 0 1 34310780813465.67
a 19 53 0 1 28839507399402.41
a 19 54 0 1 32480172902888.547
a 19 55 0 1 34228047352819.387
a 19 56 0 1 24216038242305.668
a 19 57 0 1 26732353131087.598
a 19 58 0 1 18544380428341.1
a 19 59 0 1 7524861651672.685
a 19 60 0 1 27276276130514.44
a 19 61 0 1 31732903495130.59
a 19 62 0 1 34281464087828.145
a 19 63 0 1 25498816395024.387
a 19 64 0 1 32481950046707.086
a 19 65 0 1 17736699374556.598
a 19 66 0 1 33713154164911.375
a 19 67 0 1 11184257473750.729
a 19 68 0 1 17090232354637.797
a 19 69 0 1 23307761618004.613
a 19 70 0 1 15638274983993.459
a 19 71 0 1 7973563408361.093
a 19 72 0 1 11165685837869.074
a 19 73 0 1 24271288635901.137
a 19 74 0 1 30739255073187.504
a 19 75 0 1 24400837262234.37
a 19 76 0 1 10222293094037.203
a 19 77 0 1 8537538051856.307
a 19 78 0 1 18897878891113.598
a 19 79 0 1 8515889224274.494
a 19 80 0 1 25788787653532.336
a 20 27 0 1 18503290533645.715
a 20 28 0 1 14882368258845.695
a 20 29 0 1 16447460283584.518
a 20 30 0 1 9801311498060.54
a 20 31 0 1 13072442188050.781
a 20 32 0 1 28671705823586.05
a 20 33 0 1 13921093439717.621
a 20 34 0 1 16878040818945.785
a 20 35 0 1 29275033745948.31
a 20 36 0 1 30880092869878.324
a 20 37 0 1 10060439831878.22
a 20 38 0 1 12558483952277.398
a 20 39 0 1 7786518386048.504
a 20 40 0 1 26709971524218.363
a 20 41 0 1 25943860831951.957
a 20 42 0 1 20394550819802.117
a 20 43 0 1 11764439744289.686
a 20 44 0 1 29326989082041.504
a 20 45 0 1 10932521053482.248
a 20 46 0 1 20131460303650.816
a 20 47 0 1 16487726861702.701
a 20 48 0 1 29970948404443.426
a 20 49 0 1 8556620359556.065
a 20 50 0 1 25353222230998.92
a 20 51 0 1 28674882991386.316
a 20 52 0 1 33455225514690.02
a 20 53 0 1 28120822912454.113
a 20 54 0 1 31670431287982.266
a 20 55 0 1 33374562988119.473
a 20 56 0 1 23612884684101.89
a 20 57 0 1 26066336942651.42
a 20 58 0 1 18082786177544.914
a 20 59 0 1 7337789536245.689
a 20 60 0 1 26596666978054.59
a 20 61 0 1 30941857997004.246
a 20 62 0 1 33426642632042.863
a 20 63 0 1 24863620884081.168
a 20 64 0 1 31672163965265.062
a 20 65 0 1 17295249433561.758
a 20 66 0 1 32872557431314.918
a 20 67 0 1 10906096514648.133
a 20 68 0 1 16664903265083.553
a 20 69 0 1 22727289923725.574
a 20 70 0 1 15249144610274.98
a 20 71 0 1 7775326336836.46
a 20 72 0 1 10887987348651.826
a 20 73 0 1 23666755192512.37
a 20 74 0 1 29973065051266.227
a 20 75 0 1 23793068259295.043
a 20 76 0 1 9968084383770.709
a 20 77 0 1 8325266116537.076
a 20 78 0 1 18427466913572.824
a 20 79 0 1 8304156066449.953
a 20 80 0 1 25146347798902.15
a 21 27 0 1 17541609279286.092
a 21 28 0 1 14109184910162.139
a 21 29 0 1 15592819682782.928
a 21 30 0 1 9292386624283.686
a 21 31 0 1 12393424106744.695
a 21 32 0 1 27179880114706.9
a 21 33 0 1 13197927097669.463
a 21 34 0 1 16000985212201.65
a 21 35 0 1 27751715708072.18
a 21 36 0 1 29272974247815.68
a 21 37 0 1 9538045156507.93
a 21 38 0 1 11906198864027.184
a 21 39 0 1 7382298885723.238
a 21 40 0 1 25320515174221.207
a 21 41 0 1 24594370607012.758
a 21 42 0 1 19334355128559.984
a 21 43 0 1 11153450128552.285
a 21 44 0 1 27800958901275.074
a 21 45 0 1 10364788952926.314
a 21 46 0 1 19084971250122.59
a 21 47 0 1 15630990167216.3
a 21 48 0 1 28411300072750.824
a 21 49 0 1 8112385405504.916
a 21 50 0 1 24034539618842.77
a 21 51 0 1 27182891452519.777
a 21 52 0 1 31713597158632.305
a 21 53 0 1 26657748402310.293
a 21 54 0 1 30022038090062.47
a 21 55 0 1 31637149113378.92
a 21 56 0 1 22384954706626.11
a 21 57 0 1 24710457886676.15
a 21 58 0 1 17143003177968.709
a 21 59 0 1 6956883441872.3955
a 21 60 0 1 25213121870773.285
a 21 61 0 1 29331514013880.6
a 21 62 0 1 31686507692005.105
a 21 63 0 1 23570472787860.94
a 21 64 0 1 30023680272312.273
a 21 65 0 1 16396472921883.006
a 21 66 0 1 31161370834910.445
a 21 67 0 1 10339738289714.037
a 21 68 0 1 15798943359416.424
a 21 69 0 1 21545527444110.266
a 21 70 0 1 14456874405302.355
a 21 71 0 1 7371688339678.91
a 21 72 0 1 10322570658437.65
a 21 73 0 1 22436016569729.39
a 21 74 0 1 28413306211399.086
a 21 75 0 1 22555743925914.117
a 21 76 0 1 9450490542749.727
a 21 77 0 1 7893053322810.137
a 21 78 0 1 17469734411196.85
a 21 79 0 1 7873040211383.098
a 21 80 0 1 23838454784229.21
a 22 27 0 1 10475772524499.021
a 22 28 0 1 8427284992080.262
a 22 29 0 1 9312805527764.564
a 22 30 0 1 5551495699284.378
a 22 31 0 1 7403065919033.222
a 22 32 0 1 16224448731598.883
a 22 33 0 1 7883332252455.02
a 22 34 0 1 9556401342800.16
a 22 35 0 1 16565354086112.084
a 22 36 0 1 17472178911126.639
a 22 37 0 1 5698193142136.558
a 22 38 0 1 7112188310948.866
a 22 39 0 1 4410753716664.134
a 22 40 0 1 15115844931798.96
a 22 41 0 1 14682845814516.816
a 22 42 0 1 11545432430909.123
a 22 43 0 1 6662765069066.526
a 22 44 0 1 16594710047289.902
a 22 45 0 1 6191866891348.739
a 22 46 0 1 11396645686732.898
a 22 47 0 1 9335586309801.404
a 22 48 0 1 16958549211307.893
a 22 49 0 1 4846799610839.621
a 22 50 0 1 14348999328678.734
a 22 51 0 1 16226244017423.555
a 22 52 0 1 18926770374063.035
a 22 53 0 1 15913158997428.86
a 22 54 0 1 17918650011895.773
a 22 55 0 1 18881212969403.777
a 22 56 0 1 13365194068441.549
a 22 57 0 1 14752070480136.97
a 22 58 0 1 10237915969831.877
a 22 59 0 1 4156659727409.0117
a 22 60 0 1 15051808277944.684
a 22 61 0 1 17507072002577.502
a 22 62 0 1 18910627084130.387
a 22 63 0 1 14072247137370.117
a 22 64 0 1 17919628782031.023
a 22 65 0 1 9792422148235.006
a 22 66 0 1 18597676872174.47
a 22 67 0 1 6176908938199.074
a 22 68 0 1 9435822618378.648
a 22 69 0 1 12864505403916.342
a 22 70 0 1 8634817483406.864
a 22 71 0 1 4404416325391.557
a 22 72 0 1 6166657986955.309
a 22 73 0 1 13395649403268.621
a 22 74 0 1 16959745085124.305
a 22 75 0 1 13467059014372.037
a 22 76 0 1 5645909414593.742
a 22 77 0 1 4715806110015.167
a 22 78 0 1 10432883945796.586
a 22 79 0 1 4703853382483.309
a 22 80 0 1 14232063085362.922
a 23 27 0 1 17319165223260.984
a 23 28 0 1 13930337048656.842
a 23 29 0 1 15395131929762.97
a 23 30 0 1 9174660944875.447
a 23 31 0 1 12236355860229.184
a 23 32 0 1 26834835617342.125
a 23 33 0 1 13030647666439.084
a 23 34 0 1 15798113266845.213
a 23 35 0 1 27399388919960.51
a 23 36 0 1 28901269717095.242
a 23 37 0 1 9417203842166.56
a 23 38 0 1 11755313834434.297
a 23 39 0 1 7288792507694.307
a 23 40 0 1 24999143031507.203
a 23 41 0 1 24282240598719.266
a 23 42 0 1 19089127372091.23
a 23 43 0 1 11012116641742.057
a 23 44 0 1 27448004959886.67
a 23 45 0 1 10233460944542.914
a 23 46 0 1 18842913426744.37
a 23 47 0 1 15432817623598.47
a 23 48 0 1 28050572342968.52
a 23 49 0 1 8009623005658.158
a 23 50 0 1 23729533917812.418
a 23 51 0 1 26837808608434.95
a 23 52 0 1 31310790048249.074
a 23 53 0 1 26319352393106.445
a 23 54 0 1 29640789545599.438
a 23 55 0 1 31235316496187.31
a 23 56 0 1 22100936051886.906
a 23 57 0 1 24396850459288.96
a 23 58 0 1 16925623677041.479
a 23 59 0 1 6868769763696.769
a 23 60 0 1 24893116691607.38
a 23 61 0 1 28959063671587.19
a 23 62 0 1 31284045896519.254
a 23 63 0 1 23271372029597.605
a 23 64 0 1 29642410802599.86
a 23 65 0 1 16188577348842.438
a 23 66 0 1 30765602644756.51
a 23 67 0 1 10208728061254.453
a 23 68 0 1 15598637648319.5
a 23 69 0 1 21272185484587.26
a 23 70 0 1 14273611989268.926
a 23 71 0 1 7278316470608.742
a 23 72 0 1 10191778208738.156
a 23 73 0 1 22151348392205.51
a 23 74 0 1 28052552928068.254
a 23 75 0 1 22269552749608.133
a 23 76 0 1 9330759684915.54
a 23 77 0 1 7793071772018.636
a 23 78 0 1 17248203606993.557
a 23 79 0 1 7773312394232.537
a 23 80 0 1 23535944208722.78
a 24 27 0 1 13917517559871.027
a 24 28 0 1 11195145279259.17
a 24 29 0 1 12371920993940.803
a 24 30 0 1 7374028700402.971
a 24 31 0 1 9834150318065.701
a 24 32 0 1 21559576430263.562
a 24 33 0 1 10472321015553.447
a 24 34 0 1 12695651370877.959
a 24 35 0 1 22012866981554.914
a 24 36 0 1 23218699005926.016
a 24 37 0 1 7568928287369.259
a 24 38 0 1 9447647798593.107
a 24 39 0 1 5858533198660.532
a 24 40 0 1 20085583783165.9
a 24 41 0 1 19509904550786.31
a 24 42 0 1 15339228173703.041
a 24 43 0 1 8850495099917.605
a 24 44 0 1 22051901178744.816
a 24 45 0 1 8224830250986.452
a 24 46 0 1 15141465245900.191
a 24 47 0 1 12402195608797.238
a 24 48 0 1 22535700075843.445
a 24 49 0 1 6437812289435.752
a 24 50 0 1 19066063234905.992
a 24 51 0 1 21561963531599.44
a 24 52 0 1 25153086101921.49
a 24 53 0 1 21145675032970.66
a 24 54 0 1 23812415451853.113
a 24 55 0 1 25092498387897.39
a 24 56 0 1 17758181863455.535
a 24 57 0 1 19601938577691.96
a 24 58 0 1 13601392374704.596
a 24 59 0 1 5520982735221.985
a 24 60 0 1 20000444838817.215
a 24 61 0 1 23265099049443.555
a 24 62 0 1 25131616790095.625
a 24 63 0 1 18698136007537.965
a 24 64 0 1 23813717040686.418
a 24 65 0 1 13009320521057.107
a 24 66 0 1 24715422709989.73
a 24 67 0 1 8204956541774.976
a 24 68 0 1 12535405687800.738
a 24 69 0 1 17092598397573.377
a 24 70 0 1 11470929878508.643
a 24 71 0 1 5850114229723.758
a 24 72 0 1 8191336748492.624
a 24 73 0 1 17798668051755.633
a 24 74 0 1 22537290257735.695
a 24 75 0 1 17893597696935.715
a 24 76 0 1 7499464818203.801
a 24 77 0 1 6263787783108.942
a 24 78 0 1 13860515725101.395
a 24 79 0 1 6247908703232.603
a 24 80 0 1 18910601815159.062
a 25 27 0 1 12126568336759.041
a 25 28 0 1 9754912863462.73
a 25 29 0 1 10780110836050.031
a 25 30 0 1 6425738755346.159
a 25 31 0 1 8569179879749.765
a 25 32 0 1 18783094819708.977
a 25 33 0 1 9125176173578.58
a 25 34 0 1 11062135980242.9
a 25 35 0 1 19177880813458.29
a 25 36 0 1 20228054605015.695
a 25 37 0 1 6595555487326.842
a 25 38 0 1 8232440456530.272
a 25 39 0 1 5105248451179.496
a 25 40 0 1 17499308264839.486
a 25 41 0 1 16997900226690.219
a 25 42 0 1 13365047182565.004
a 25 43 0 1 7712164967865.919
a 25 44 0 1 19211876760533.555
a 25 45 0 1 7167038092959.388
a 25 46 0 1 13192775306709.504
a 25 47 0 1 10806485376069.477
a 25 48 0 1 19633227142959.203
a 25 49 0 1 5609996258639.169
a 25 50 0 1 16611315196572.74
a 25 51 0 1 18785173840513.816
a 25 52 0 1 21912657244737.656
a 25 53 0 1 18422609520630.41
a 25 54 0 1 20745115656678.08
a 25 55 0 1 21859894599758.797
a 25 56 0 1 15472123115536.523
a 25 57 0 1 17078061069363.33
a 25 58 0 1 11851178643774.629
a 25 59 0 1 4811123956055.377
a 25 60 0 1 17425154052547.73
a 25 61 0 1 20268464215774.875
a 25 62 0 1 21893960764152.797
a 25 63 0 1 16290847344768.598
a 25 64 0 1 20746249185896.082
a 25 65 0 1 11335393472538.838
a 25 66 0 1 21531517140472.68
a 25 67 0 1 7149722438011.813
a 25 68 0 1 10922534615920.748
a 25 69 0 1 14892368981901.213
a 25 70 0 1 9995177500224.705
a 25 71 0 1 5097912620881.558
a 25 72 0 1 7137855717235.767
a 25 73 0 1 15507388097576.354
a 25 74 0 1 19634612054993.188
a 25 75 0 1 15590075197599.268
a 25 76 0 1 6535031821855.314
a 25 77 0 1 5458363026716.021
a 25 78 0 1 12076911877330.252
a 25 79 0 1 5444527027259.134
a 25 80 0 1 16475907359580.09
a 26 27 0 1 8840457346937.912
a 26 28 0 1 7112009794729.921
a 26 29 0 1 7859199023242.26
a 26 30 0 1 4685296886956.142
a 26 31 0 1 6247759095879.283
a 26 32 0 1 13690323958318.05
a 26 33 0 1 6653018659054.208
a 26 34 0 1 8064737421859.179
a 26 35 0 1 13977896987912.479
a 26 36 0 1 14742838042538.072
a 26 37 0 1 4809092480879.163
a 26 38 0 1 6002306607057.18
a 26 39 0 1 3722620946063.1973
a 26 40 0 1 12755129272462.129
a 26 41 0 1 12389850247684.018
a 26 42 0 1 9742951168278.965
a 26 43 0 1 5623062834410.66
a 26 44 0 1 14002660243408.17
a 26 45 0 1 5225690959796.719
a 26 46 0 1 9617418845678.658
a 26 47 0 1 7878420798688.6875
a 26 48 0 1 14309575023438.61
a 26 49 0 1 4090606181910.0107
a 26 50 0 1 12108212716158.266
a 26 51 0 1 13691838393130.783
a 26 52 0 1 15969788785667.193
a 26 53 0 1 13427730302095.125
a 26 54 0 1 15119444129392.414
a 26 55 0 1 15931362001369.771
a 26 56 0 1 11278241248249.287
a 26 57 0 1 12448248713098.871
a 26 58 0 1 8639768212477.367
a 26 59 0 1 3508184811261.3257
a 26 60 0 1 12701108166795.973
a 26 61 0 1 14772271186239.29
a 26 62 0 1 15956172241969.014
a 26 63 0 1 11874738157720.822
a 26 64 0 1 15120269732255.492
a 26 65 0 1 8263882550345.514
a 26 66 0 1 15692203402644.57
a 26 67 0 1 5213068439520.027
a 26 68 0 1 7962997155579.25
a 26 69 0 1 10855832030121.076
a 26 70 0 1 7287124799540.313
a 26 71 0 1 3717272690312.968
a 26 72 0 1 5204417998030.142
a 26 73 0 1 11303934842075.014
a 26 74 0 1 14310583790422.234
a 26 75 0 1 11364179334179.389
a 26 76 0 1 4764971165644.733
a 26 77 0 1 3980059538324.464
a 26 78 0 1 8804270656349.322
a 26 79 0 1 3969972493574.6655
a 26 80 0 1 12009562876782.422
a 27 1 0 1 0
a 28 1 0 1 0
a 29 1 0 1 0
a 30 1 0 1 0
a 31 1 0 1 0
a 32 1 0 1 0
a 33 1 0 1 0
a 34 1 0 1 0
a 35 1 0 1 0
a 36 1 0 1 0
a 37 1 0 1 0
a 38 1 0 1 0
a 39 1 0 1 0
a 40 1 0 1 0
a 41 1 0 1 0
a 42 1 0 1 0
a 43 1 0 1 0
a 44 1 0 1 0
a 45 1 0 1 0
a 46 1 0 1 0
a 47 1 0 1 0
a 48 1 0 1 0
a 49 1 0 1 0
a 50 1 0 1 0
a 51 1 0 1 0
a 52 1 0 1 0
a 53 1 0 1 0
a 54 1 0 1 0
a 55 1 0 1 0
a 56 1 0 1 0
a 57 1 0 1 0
a 58 1 0 1 0
a 59 1 0 1 0
a 60 1 0 1 0
a 61 1 0 1 0
a 62 1 0 1 0
a 63 1 0 1 0
a 64 1 0 1 0
a 65 1 0 1 0
a 66 1 0 1 0
a 67 1 0 1 0
a 68 1 0 1 0
a 69 1 0 1 0
a 70 1 0 1 0
a 71 1 0 1 0
a 72 1 0 1 0
a 73 1 0 1 0
a 74 1 0 1 0
a 75 1 0 1 0
a 76 1 0 1 0
a 77 1 0 1 0
a 78 1 0 1 0
a 79 1 0 1 0
a 80 1 0 1 0
