p min 81 1507
n 0 28
n 1 -28
a 0 2 0 1 0
a 0 3 0 1 0
a 0 4 0 1 0
a 0 5 0 1 0
a 0 6 0 1 0
a 0 7 0 1 0
a 0 8 0 1 0
a 0 9 0 1 0
a 0 10 0 1 0
a 0 11 0 1 0
a 0 12 0 1 0
a 0 13 0 1 0
a 0 14 0 1 0
a 0 15 0 1 0
a 0 16 0 1 0
a 0 17 0 1 0
a 0 18 0 1 0
a 0 19 0 1 0
a 0 20 0 1 0
a 0 21 0 1 0
a 0 22 0 1 0
a 0 23 0 1 0
a 0 24 0 1 0
a 0 25 0 1 0
a 0 26 0 1 0
a 0 27 0 1 0
a 0 28 0 1 0
a 0 29 0 1 0
a 2 30 0 1 8463640691491.405
a 2 31 0 1 27551601306456.523
a 2 32 0 1 6835740384952.768
a 2 33 0 1 30201528505399.254
a 2 34 0 1 15155851497841.014
a 2 35 0 1 18404531491394.895
a 2 36 0 1 13722588358793.146
a 2 37 0 1 9967411119129.916
a 2 38 0 1 19570390518654.82
a 2 39 0 1 23403332695053.473
a 2 40 0 1 7367354534689.129
a 2 41 0 1 21580703492751.387
a 2 42 0 1 27321922665271.867
a 2 43 0 1 9305096148892.906
a 2 44 0 1 19430478774172.707
a 2 45 0 1 11817828774189.174
a 2 46 0 1 11764485046413.768
a 2 47 0 1 13353698240831.295
a 2 48 0 1 20047703879437.78
a 2 49 0 1 29534401703003.67
a 2 50 0 1 24065734941802.11
a 2 51 0 1 23195593844598.773
a 2 52 0 1 7432706175726.955
a 2 53 0 1 9989795324731.525
a 2 54 0 1 14648773921357.338
a 2 55 0 1 29781802445530.125
a 2 56 0 1 7892789871775.255
a 2 57 0 1 29730890747045.62
a 2 58 0 1 20846612341866.223
a 2 59 0 1 25520829806671.11
a 2 60 0 1 11278860323248.52
a 2 61 0 1 7195593839800.556
a 2 62 0 1 6443904955192.853
a 2 63 0 1 23010869937142.844
a 2 64 0 1 19337771191038.8
a 2 65 0 1 24265389372908.312
a 2 66 0 1 22699732853421.312
a 2 67 0 1 21481947862636.484
a 2 68 0 1 11681608844427.893
a 2 69 0 1 25302766101613.074
a 2 70 0 1 22348341343065.39
a 2 71 0 1 11259401079136.652
a 2 72 0 1 29189292670162.3
a 2 73 0 1 18696511111716.523
a 2 74 0 1 25116001003920.035
a 2 75 0 1 19312038310587.88
a 2 76 0 1 29063870299294.58
a 2 77 0 1 30413093167005.758
a 2 78 0 1 25166378471447.613
a 2 79 0 1 13593531174215.69
a 2 80 0 1 21306127898311.84
a 3 30 0 1 4193781286764.0967
a 3 31 0 1 13636837255966.023
a 3 32 0 1 3387467842878.051
a 3 33 0 1 14946132048508.16
a 3 34 0 1 7506890139961.159
a 3 35 0 1 9114282803385.895
a 3 36 0 1 6797542327830.483
a 3 37 0 1 4938476569138.484
a 3 38 0 1 9690982281828.541
a 3 39 0 1 11586419756685.828
a 3 40 0 1 3650797813866.907
a 3 41 0 1 10685212443727.123
a 3 42 0 1 13523336973227.828
a 3 43 0 1 4610501829443.198
a 3 44 0 1 9621778191092.51
a 3 45 0 1 5854659426426.504
a 3 46 0 1 5828250521544.535
a 3 47 0 1 6614952813904.42
a 3 48 0 1 9927065757165.285
a 3 49 0 1 14616551381871.143
a 3 50 0 1 11913900193089.916
a 3 51 0 1 11483711990189.336
a 3 52 0 1 3683167999766.7876
a 3 53 0 1 4949560663859.569
a 3 54 0 1 7255941805735.224
a 3 55 0 1 14738777763663.188
a 3 56 0 1 3911051184641.5312
a 3 57 0 1 14713625529236.645
a 3 58 0 1 10322183715689.717
a 3 59 0 1 12633185744208.787
a 3 60 0 1 5587824524394.741
a 3 61 0 1 3565719579649.6133
a 3 62 0 1 3193365506677.1924
a 3 63 0 1 11392380911126.744
a 3 64 0 1 9575921920391.355
a 3 65 0 1 12012601004479.82
a 3 66 0 1 11238544268327.238
a 3 67 0 1 10636376811779.908
a 3 68 0 1 5787220635594.839
a 3 69 0 1 12525399798389.344
a 3 70 0 1 11064797782695.07
a 3 71 0 1 5578190242385.05
a 3 72 0 1 14446047106788.906
a 3 73 0 1 9258719696571.92
a 3 74 0 1 12433082155810.615
a 3 75 0 1 9563193489514.906
a 3 76 0 1 14384079338616.826
a 3 77 0 1 15050645992360.5
a 3 78 0 1 12457983842626.432
a 3 79 0 1 6733663793677.504
a 3 80 0 1 10549430718071.078
a 4 30 0 1 7482117436803.165
a 4 31 0 1 24350243049394.895
a 4 32 0 1 6043135101051.408
a 4 33 0 1 26691314826709.562
a 4 34 0 1 13397038718118.0
a 4 35 0 1 16268007915760.975
a 4 36 0 1 12130335882906.967
a 4 37 0 1 8811319551057.219
a 4 38 0 1 17298256368372.809
a 4 39 0 1 20685130972207.586
a 4 40 0 1 6513062265831.732
a 4 41 0 1 19074657867739.605
a 4 42 0 1 24147326169381.797
a 4 43 0 1 8225897373556.681
a 4 44 0 1 17174620599016.113
a 4 45 0 1 10446854295786.312
a 4 46 0 1 10399706332367.787
a 4 47 0 1 11804306829692.21
a 4 48 0 1 17720040236165.48
a 4 49 0 1 26101958947667.754
a 4 50 0 1 21270409355645.77
a 4 51 0 1 20501577131208.332
a 4 52 0 1 6570830228704.377
a 4 53 0 1 8831104836070.727
a 4 54 0 1 12948894461253.195
a 4 55 0 1 26320519951258.38
a 4 56 0 1 6977521030493.949
a 4 57 0 1 26275543196303.73
a 4 58 0 1 18425993533675.363
a 4 59 0 1 22556050216567.055
a 4 60 0 1 9970482829468.705
a 4 61 0 1 6361232920469.406
a 4 62 0 1 5696762860654.64
a 4 63 0 1 20338357969160.926
a 4 64 0 1 17092697461558.535
a 4 65 0 1 21446815871348.688
a 4 66 0 1 20063440270186.586
a 4 67 0 1 18987395257798.82
a 4 68 0 1 10326455897500.594
a 4 69 0 1 22363384455466.453
a 4 70 0 1 19752951394800.02
a 4 71 0 1 9953283496462.197
a 4 72 0 1 25797077177424.3
a 4 73 0 1 16526028023880.795
a 4 74 0 1 22198371047972.445
a 4 75 0 1 17069957987882.27
a 4 76 0 1 25686273830437.87
a 4 77 0 1 26878213938190.195
a 4 78 0 1 22242881360031.164
a 4 79 0 1 12016274121261.299
a 4 80 0 1 18832036364417.777
a 5 30 0 1 6557669477327.629
a 5 31 0 1 21336538325444.434
a 5 32 0 1 5296588059511.889
a 5 33 0 1 23387086830467.195
a 5 34 0 1 11740788178287.795
a 5 35 0 1 14256241987646.443
a 5 36 0 1 10630877140486.19
a 5 37 0 1 7722496864504.08
a 5 38 0 1 15158863388037.045
a 5 39 0 1 18125985404152.793
a 5 40 0 1 5708423962089.14
a 5 41 0 1 16715142180054.297
a 5 42 0 1 21158796646872.98
a 5 43 0 1 7209475889784.796
a 5 44 0 1 15050545003295.322
a 5 45 0 1 9155713993185.611
a 5 46 0 1 9114399224229.756
a 5 47 0 1 10345197304881.225
a 5 48 0 1 15528389068766.5
a 5 49 0 1 22870881995690.68
a 5 50 0 1 18638698197684.297
a 5 51 0 1 17965187674331.395
a 5 52 0 1 5759050408560.528
a 5 53 0 1 7739835084894.136
a 5 54 0 1 11348119557702.014
a 5 55 0 1 23062316150432.06
a 5 56 0 1 6115462041819.322
a 5 57 0 1 23022921813977.824
a 5 58 0 1 16146866199128.572
a 5 59 0 1 19764909126836.348
a 5 60 0 1 8738277141945.728
a 5 61 0 1 5575363996435.617
a 5 62 0 1 4993029993246.908
a 5 63 0 1 17822202921313.64
a 5 64 0 1 14978771211728.37
a 5 65 0 1 18793231316663.85
a 5 66 0 1 17581365481613.078
a 5 67 0 1 16638694554613.389
a 5 68 0 1 9050211298327.42
a 5 69 0 1 19596138122070.742
a 5 70 0 1 17309364185127.1
a 5 71 0 1 8723205529992.127
a 5 72 0 1 22603838838120.03
a 5 73 0 1 14482301086027.816
a 5 74 0 1 19451589237762.83
a 5 75 0 1 14958848870725.307
a 5 76 0 1 22506786622209.598
a 5 77 0 1 23550786147246.31
a 5 78 0 1 19490579566584.016
a 5 79 0 1 10530931916030.781
a 5 80 0 1 16502589759975.01
a 6 30 0 1 7055169174664.734
a 6 31 0 1 22958209521557.32
a 6 32 0 1 5698352633323.666
a 6 33 0 1 25165060810152.777
a 6 34 0 1 12632079106631.258
a 6 35 0 1 15338828698975.137
a 6 36 0 1 11437799212217.773
a 6 37 0 1 8308451127326.453
a 6 38 0 1 16310121921704.498
a 6 39 0 1 19503092106391.926
a 6 40 0 1 6141449811319.866
a 6 41 0 1 17984839145292.516
a 6 42 0 1 22766923247724.11
a 6 43 0 1 7756469262904.276
a 6 44 0 1 16193561816935.453
a 6 45 0 1 9850538811626.135
a 6 46 0 1 9806085134160.172
a 6 47 0 1 11130407443335.115
a 6 48 0 1 16707765705483.191
a 6 49 0 1 24609500850553.805
a 6 50 0 1 20054847843184.8
a 6 51 0 1 19330050693813.094
a 6 52 0 1 6195919385453.908
a 6 53 0 1 8327106168870.727
a 6 54 0 1 12209559493439.504
a 6 55 0 1 24815529234902.33
a 6 56 0 1 6579388111716.342
a 6 57 0 1 24773131563839.082
a 6 58 0 1 17373310017878.873
a 6 59 0 1 21266836852334.38
a 6 60 0 1 9401388481881.826
a 6 61 0 1 5998289298709.659
a 6 62 0 1 5371754391653.962
a 6 63 0 1 19176179008074.895
a 6 64 0 1 16116327029077.46
a 6 65 0 1 20221149591054.562
a 6 66 0 1 18917004953695.64
a 6 67 0 1 17902572512997.37
a 6 68 0 1 9737020564896.414
a 6 69 0 1 21085209845421.254
a 6 70 0 1 18624295639047.812
a 6 71 0 1 9385171911997.553
a 6 72 0 1 24322100470048.215
a 6 73 0 1 15582085028750.482
a 6 74 0 1 20929650487891.41
a 6 75 0 1 16094888889730.605
a 6 76 0 1 24217650107395.617
a 6 77 0 1 25341241509068.73
a 6 78 0 1 20971610721038.1
a 6 79 0 1 11330257882951.096
a 6 80 0 1 17756108026049.934
a 7 30 0 1 4310786912326.4253
a 7 31 0 1 14017727747746.777
a 7 32 0 1 3481968472002.406
a 7 33 0 1 15363657179651.73
a 7 34 0 1 7716412966410.537
a 7 35 0 1 9368717552757.33
a 7 36 0 1 6987250804447.932
a 7 37 0 1 5076271183498.831
a 7 38 0 1 9961534672294.676
a 7 39 0 1 11909961479835.023
a 7 40 0 1 3752647767623.1694
a 7 41 0 1 10983556821252.996
a 7 42 0 1 13901052212325.62
a 7 43 0 1 4739140216281.065
a 7 44 0 1 9890396344176.842
a 7 45 0 1 6018035321696.77
a 7 46 0 1 5990888960586.237
a 7 47 0 1 6799561520610.337
a 7 48 0 1 10204216861341.12
a 7 49 0 1 15024853632915.941
a 7 50 0 1 12246599451462.184
a 7 51 0 1 11804381779626.943
a 7 52 0 1 3785921410614.6216
a 7 53 0 1 5087664730604.229
a 7 54 0 1 7458454463478.302
a 7 55 0 1 15150500274798.18
a 7 56 0 1 4020165047703.2153
a 7 57 0 1 15124644197462.418
a 7 58 0 1 10610379494040.969
a 7 59 0 1 12986001315194.725
a 7 60 0 1 5743749392732.332
a 7 61 0 1 3665195019218.1807
a 7 62 0 1 3282449191217.4106
a 7 63 0 1 11710496942554.16
a 7 64 0 1 9843258419395.455
a 7 65 0 1 12348060433066.838
a 7 66 0 1 11552358914463.93
a 7 67 0 1 10933355920816.104
a 7 68 0 1 5948713343544.207
a 7 69 0 1 12875200693633.293
a 7 70 0 1 11373754538079.512
a 7 71 0 1 5733846094392.674
a 7 72 0 1 14849578303049.352
a 7 73 0 1 9517190972767.86
a 7 74 0 1 12780301070959.162
a 7 75 0 1 9830174239305.4
a 7 76 0 1 14785876598984.26
a 7 77 0 1 15471095958585.674
a 7 78 0 1 12805899213457.197
a 7 79 0 1 6921588102102.317
a 7 80 0 1 10843979166341.89
a 8 30 0 1 4066324289368.563
a 8 31 0 1 13221950562490.193
a 8 32 0 1 3284525513526.42
a 8 33 0 1 14491344915509.701
a 8 34 0 1 7278657044891.828
a 8 35 0 1 8837130170381.932
a 8 36 0 1 6590892007808.976
a 8 37 0 1 4788374384773.52
a 8 38 0 1 9396274043776.342
a 8 39 0 1 11233995607976.445
a 8 40 0 1 3539849844033.5283
a 8 41 0 1 10360233026884.135
a 8 42 0 1 13111908623901.848
a 8 43 0 1 4470373381946.844
a 8 44 0 1 9329176749657.12
a 8 45 0 1 5676692181694.434
a 8 46 0 1 5651086564951.574
a 8 47 0 1 6413857450129.655
a 8 48 0 1 9625170128722.865
a 8 49 0 1 14171809237707.79
a 8 50 0 1 11551501818294.898
a 8 51 0 1 11134415910149.092
a 8 52 0 1 3571235893476.703
a 8 53 0 1 4799121398570.69
a 8 54 0 1 7035344511464.191
a 8 55 0 1 14290310479198.076
a 8 56 0 1 3792190645303.7646
a 8 57 0 1 14265924827369.523
a 8 58 0 1 10008258159650.266
a 8 59 0 1 12248877190270.316
a 8 60 0 1 5417973464719.915
a 8 61 0 1 3457358171862.861
a 8 62 0 1 3096323888774.594
a 8 63 0 1 11045866351013.74
a 8 64 0 1 9284716474395.75
a 8 65 0 1 11647196309515.873
a 8 66 0 1 10896714728712.914
a 8 67 0 1 10312884443119.992
a 8 68 0 1 5611304688820.272
a 8 69 0 1 12144374739548.975
a 8 70 0 1 10728259414726.97
a 8 71 0 1 5408632214849.769
a 8 72 0 1 14006501316999.021
a 8 73 0 1 8977170398063.994
a 8 74 0 1 12054869316634.574
a 8 75 0 1 9272375530662.008
a 8 76 0 1 13946422053543.379
a 8 77 0 1 14592673319750.293
a 8 78 0 1 12079012443284.316
a 8 79 0 1 6528956888459.54
a 8 80 0 1 10228585823518.014
a 9 30 0 1 6439619669718.37
a 9 31 0 1 20951799756915.035
a 9 32 0 1 5201253574532.053
a 9 33 0 1 22965275098767.98
a 9 34 0 1 11529309012559.578
a 9 35 0 1 13999380519507.086
a 9 36 0 1 10439414115484.354
a 9 37 0 1 7583459761924.981
a 9 38 0 1 14885711074602.219
a 9 39 0 1 17799257940061.906
a 9 40 0 1 5605671964576.35
a 9 41 0 1 16413893761455.373
a 9 42 0 1 20777270773131.316
a 9 43 0 1 7079682831480.601
a 9 44 0 1 14779347835736.074
a 9 45 0 1 8990846293522.48
a 9 46 0 1 8950276249891.973
a 9 47 0 1 10158885418538.12
a 9 48 0 1 15248566459772.785
a 9 49 0 1 22458404676514.69
a 9 50 0 1 18302709411446.977
a 9 51 0 1 17641364538376.777
a 9 52 0 1 5655386538301.82
a 9 53 0 1 7600485548914.957
a 9 54 0 1 11143722353882.54
a 9 55 0 1 22646377298845.777
a 9 56 0 1 6005378265883.399
a 9 57 0 1 22607695307148.43
a 9 58 0 1 15855878233338.523
a 9 59 0 1 19408573403571.6
a 9 60 0 1 8580933690483.11
a 9 61 0 1 5475008596848.676
a 9 62 0 1 4903162403316.586
a 9 63 0 1 17500962286868.197
a 9 64 0 1 14708869534088.242
a 9 65 0 1 18454450930577.082
a 9 66 0 1 17264474514186.059
a 9 67 0 1 16338826505577.488
a 9 68 0 1 8887245338902.443
a 9 69 0 1 19242851867262.152
a 9 70 0 1 16997385437657.584
a 9 71 0 1 8566133729208.666
a 9 72 0 1 22196189970987.953
a 9 73 0 1 14221359931624.318
a 9 74 0 1 19100914697274.273
a 9 75 0 1 14689306780114.111
a 9 76 0 1 22100892500216.754
a 9 77 0 1 23126014051171.92
a 9 78 0 1 19139200555871.168
a 9 79 0 1 10341271057145.129
a 9 80 0 1 16205179215671.273
a 10 30 0 1 2065305910602.2742
a 10 31 0 1 6712009659699.181
a 10 32 0 1 1668300394751.4048
a 10 33 0 1 7355877463673.128
a 10 34 0 1 3696192553223.673
a 10 35 0 1 4487208276990.796
a 10 36 0 1 3347067353839.2515
a 10 37 0 1 2431939181869.059
a 10 38 0 1 4770972230384.927
a 10 39 0 1 5703484037961.651
a 10 40 0 1 1797960602327.195
a 10 41 0 1 5260136471826.403
a 10 42 0 1 6656189334012.568
a 10 43 0 1 2270472437323.004
a 10 44 0 1 4736921491135.409
a 10 45 0 1 2882956555300.0464
a 10 46 0 1 2869956688154.907
a 10 47 0 1 3257196174173.3315
a 10 48 0 1 4887131163347.344
a 10 49 0 1 7193809901477.284
a 10 50 0 1 5864575962125.201
a 10 51 0 1 5652959468421.612
a 10 52 0 1 1813898979856.7307
a 10 53 0 1 2437395935106.701
a 10 54 0 1 3572684680674.7295
a 10 55 0 1 7253914070471.923
a 10 56 0 1 1926102011410.8467
a 10 57 0 1 7241545664083.218
a 10 58 0 1 5081531835186.291
a 10 59 0 1 6218380298648.311
a 10 60 0 1 2751604382842.536
a 10 61 0 1 1756069637344.3557
a 10 62 0 1 1572724407316.1206
a 10 63 0 1 5608030871611.721
a 10 64 0 1 4714358512462.068
a 10 65 0 1 5913126976095.452
a 10 66 0 1 5532352759754.503
a 10 67 0 1 5236110521972.14
a 10 68 0 1 2849759517107.9756
a 10 69 0 1 6165364120566.2705
a 10 70 0 1 5446878599093.913
a 10 71 0 1 2746861733682.723
a 10 72 0 1 7109963900693.077
a 10 73 0 1 4558279990133.8
a 10 74 0 1 6119955734191.791
a 10 75 0 1 4708095632948.806
a 10 76 0 1 7079490645912.01
a 10 77 0 1 7407269707072.064
a 10 78 0 1 6132204204193.58
a 10 79 0 1 3315626340310.4917
a 10 80 0 1 5193334806903.314
a 11 30 0 1 9957518697418.463
a 11 31 0 1 32427210464086.348
a 11 32 0 1 8042019135579.672
a 11 33 0 1 35547998621834.64
a 11 34 0 1 17833368245748.92
a 11 35 0 1 21657410610472.86
a 11 36 0 1 16146425885215.72
a 11 37 0 1 11727071234771.738
a 11 38 0 1 23029874423943.062
a 11 39 0 1 27542522240836.113
a 11 40 0 1 8667538991476.786
a 11 41 0 1 25396593372476.027
a 11 42 0 1 32156736555852.29
a 11 43 0 1 10947682850705.455
a 11 44 0 1 22865165122504.723
a 11 45 0 1 13904687407443.053
a 11 46 0 1 13841908923851.406
a 11 47 0 1 15712260309125.873
a 11 48 0 1 23591792515454.99
a 11 49 0 1 34762299346565.734
a 11 50 0 1 28322461600616.78
a 11 51 0 1 27297926412720.414
a 11 52 0 1 8744435449938.862
a 11 53 0 1 11753412528143.363
a 11 54 0 1 17236529629641.895
a 11 55 0 1 35053669613700.824
a 11 56 0 1 9285801884745.643
a 11 57 0 1 34993709345690.105
a 11 58 0 1 24532333569232.55
a 11 59 0 1 30035823631579.215
a 11 60 0 1 13270399387156.578
a 11 61 0 1 8465436561647.951
a 11 62 0 1 7580977534234.832
a 11 63 0 1 27080430576862.92
a 11 64 0 1 22756026830836.312
a 11 65 0 1 28557546992290.47
a 11 66 0 1 26714098272194.87
a 11 67 0 1 25280324938522.27
a 11 68 0 1 13744374910537.861
a 11 69 0 1 29779048952107.66
a 11 70 0 1 26300376067986.938
a 11 71 0 1 13247498927832.766
a 11 72 0 1 34355860420643.74
a 11 73 0 1 22001126539493.125
a 11 74 0 1 29559130872154.277
a 11 75 0 1 22725733345341.402
a 11 76 0 1 34208150456207.953
a 11 77 0 1 35797170427959.81
a 11 78 0 1 29618450762154.734
a 11 79 0 1 15994531166617.72
a 11 80 0 1 25073327147183.61
a 12 30 0 1 8599826928149.75
a 12 31 0 1 27995918695290.902
a 12 32 0 1 6945711551394.804
a 12 33 0 1 30688731754178.293
a 12 34 0 1 15399911436646.271
a 12 35 0 1 18701018783229.47
a 12 36 0 1 13943530894455.955
a 12 37 0 1 10127822360238.615
a 12 38 0 1 19885702218093.72
a 12 39 0 1 23780568755822.418
a 12 40 0 1 7485885509712.456
a 12 41 0 1 21928486541058.26
a 12 42 0 1 27762524235773.734
a 12 43 0 1 9454836770208.03
a 12 44 0 1 19743531133699.96
a 12 45 0 1 12008061035831.195
a 12 46 0 1 11953857448744.59
a 12 47 0 1 13568692124352.756
a 12 48 0 1 20370723945346.426
a 12 49 0 1 30010805808401.582
a 12 50 0 1 24453678289737.45
a 12 51 0 1 23569472288275.258
a 12 52 0 1 7552289486555.065
a 12 53 0 1 10150567228802.97
a 12 54 0 1 14884654212904.977
a 12 55 0 1 30262211164276.29
a 12 56 0 1 8019782213198.48
a 12 57 0 1 30210475352039.742
a 12 58 0 1 21182536296993.953
a 12 59 0 1 25932299612741.867
a 12 60 0 1 11460405327113.852
a 12 61 0 1 7311359086026.915
a 12 62 0 1 6547567647780.796
a 12 63 0 1 23381762884023.684
a 12 64 0 1 19649326519396.082
a 12 65 0 1 24656560326041.086
a 12 66 0 1 23065597512979.746
a 12 67 0 1 21828135415249.484
a 12 68 0 1 11869645368272.477
a 12 69 0 1 25710709670846.17
a 12 70 0 1 22708527603539.723
a 12 71 0 1 11440632453463.004
a 12 72 0 1 29660110970007.637
a 12 73 0 1 18997712336674.957
a 12 74 0 1 25520924598888.02
a 12 75 0 1 19623178113169.84
a 12 76 0 1 29532658671367.23
a 12 77 0 1 30903721479786.81
a 12 78 0 1 25572116652383.617
a 12 79 0 1 13812392499783.69
a 12 80 0 1 21649474995299.688
a 13 30 0 1 7943657177032.606
a 13 31 0 1 25855407602228.312
a 13 32 0 1 6415844611745.916
a 13 33 0 1 28341661097951.516
a 13 34 0 1 14224042566758.25
a 13 35 0 1 17272590400894.707
a 13 36 0 1 12879029728255.479
a 13 37 0 1 9354940416136.664
a 13 38 0 1 18366593416846.582
a 13 39 0 1 21963170208351.57
a 13 40 0 1 6914777548369.398
a 13 41 0 1 20252961176597.703
a 13 42 0 1 25639910732485.98
a 13 43 0 1 8733363857604.242
a 13 44 0 1 18235305883343.64
a 13 45 0 1 11091509602128.514
a 13 46 0 1 11041448528400.08
a 13 47 0 1 12532848856617.957
a 13 48 0 1 18814483045986.535
a 13 49 0 1 27715748447305.59
a 13 50 0 1 22584704369275.766
a 13 51 0 1 21768246971382.156
a 13 52 0 1 6976111409450.5205
a 13 53 0 1 9375947687064.934
a 13 54 0 1 13748190398416.621
a 13 55 0 1 27947865814269.14
a 13 56 0 1 7407907828033.603
a 13 57 0 1 27900099292777.36
a 13 58 0 1 19564136425011.445
a 13 59 0 1 23950004028108.902
a 13 60 0 1 10585706327537.793
a 13 61 0 1 6753576328131.178
a 13 62 0 1 6048095033531.924
a 13 63 0 1 21594918379866.652
a 13 64 0 1 18148312685851.816
a 13 65 0 1 22772039617675.23
a 13 66 0 1 21302973806217.64
a 13 67 0 1 20160295551254.633
a 13 68 0 1 10963672268003.814
a 13 69 0 1 23745399027703.98
a 13 70 0 1 20973256351411.45
a 13 71 0 1 10567444426839.191
a 13 72 0 1 27391957432130.797
a 13 73 0 1 17546575984442.926
a 13 74 0 1 23570160407411.86
a 13 75 0 1 18124165929384.453
a 13 76 0 1 27274282237289.777
a 13 77 0 1 28540154352951.008
a 13 78 0 1 23617428802671.188
a 13 79 0 1 12757917639506.922
a 13 80 0 1 19995317628649.1
a 14 30 0 1 8673013081577.158
a 14 31 0 1 28234706806247.176
a 14 32 0 1 7004809515419.183
a 14 33 0 1 30950569866985.516
a 14 34 0 1 15531071160424.156
a 14 35 0 1 18860354856002.965
a 14 36 0 1 14062266658764.367
a 14 37 0 1 10214027341963.438
a 14 38 0 1 20055155333539.285
a 14 39 0 1 23983303150212.164
a 14 40 0 1 7549583569281.071
a 14 41 0 1 22115391308200.586
a 14 42 0 1 27999315210305.65
a 14 43 0 1 9535307210150.19
a 14 44 0 1 19911769979577.414
a 14 45 0 1 12110292370029.63
a 14 46 0 1 12055626676723.725
a 14 47 0 1 13684230927808.645
a 14 48 0 1 20544319886446.28
a 14 49 0 1 30266839637721.543
a 14 50 0 1 24662167394950.89
a 14 51 0 1 23770402110974.133
a 14 52 0 1 7616553079036.644
a 14 53 0 1 10236966036277.367
a 14 54 0 1 15011417946611.23
a 14 55 0 1 30520397375720.43
a 14 56 0 1 8088027478556.496
a 14 57 0 1 30468218622168.06
a 14 58 0 1 21363067398552.227
a 14 59 0 1 26153433263817.58
a 14 60 0 1 11557967955363.174
a 14 61 0 1 7373570823835.27
a 14 62 0 1 6603275406778.205
a 14 63 0 1 23581088135145.465
a 14 64 0 1 19816760794798.137
a 14 65 0 1 24866784135860.664
a 14 66 0 1 23262220287419.766
a 14 67 0 1 22014182682217.43
a 14 68 0 1 11970696667737.334
a 14 69 0 1 25929948101612.45
a 14 70 0 1 22902098501456.12
a 14 71 0 1 11538026531198.574
a 14 72 0 1 29913142570006.906
a 14 73 0 1 19159581872624.64
a 14 74 0 1 25738539908408.785
a 14 75 0 1 19790389066797.477
a 14 76 0 1 29784599237959.605
a 14 77 0 1 31167400487910.723
a 14 78 0 1 25790169770692.742
a 14 79 0 1 13930009766725.943
a 14 80 0 1 21833995658785.426
a 15 30 0 1 4625695363967.679
a 15 31 0 1 15042969809399.168
a 15 32 0 1 3736304637657.1514
a 15 33 0 1 16487526116836.488
a 15 34 0 1 8280343999652.427
a 15 35 0 1 10053542173016.06
a 15 36 0 1 7497847182412.613
a 15 37 0 1 5447134309406.54
a 15 38 0 1 10689745766886.566
a 15 39 0 1 12780816764141.725
a 15 40 0 1 4026764541876.8057
a 15 41 0 1 11786581521055.672
a 15 42 0 1 14917746081417.164
a 15 43 0 1 5085358744681.562
a 15 44 0 1 10613400706220.373
a 15 45 0 1 6457753189138.3125
a 15 46 0 1 6428621865104.553
a 15 47 0 1 7296430898073.105
a 15 48 0 1 10950190957700.193
a 15 49 0 1 16123892669698.94
a 15 50 0 1 13142106937109.299
a 15 51 0 1 12667505821374.021
a 15 52 0 1 4062469836031.966
a 15 53 0 1 5459360771611.557
a 15 54 0 1 8003515992077.77
a 15 55 0 1 16258747336294.148
a 15 56 0 1 4313832657768.526
a 15 57 0 1 16230996370792.656
a 15 58 0 1 11386084845126.324
a 15 59 0 1 13935662844200.365
a 15 60 0 1 6163411873240.925
a 15 61 0 1 3932920806894.796
a 15 62 0 1 3522205802342.2915
a 15 63 0 1 12566746286249.678
a 15 64 0 1 10562812728745.73
a 15 65 0 1 13250998369693.188
a 15 66 0 1 12397028993878.375
a 15 67 0 1 11732705395638.895
a 15 68 0 1 6383362360731.528
a 15 69 0 1 13816746517205.535
a 15 70 0 1 12205347299826.365
a 15 71 0 1 6152784485599.582
a 15 72 0 1 15935772750166.227
a 15 73 0 1 10212881312590.346
a 15 74 0 1 13714896050777.002
a 15 75 0 1 10548770916875.824
a 15 76 0 1 15867402972795.305
a 15 77 0 1 16602839197288.531
a 15 78 0 1 13742369091828.273
a 15 79 0 1 7427382045325.508
a 15 80 0 1 11636785451441.12
a 16 30 0 1 2755150316035.6367
a 16 31 0 1 8955526764858.643
a 16 32 0 1 2225504782501.1675
a 16 33 0 1 9814853363507.01
a 16 34 0 1 4931087891688.868
a 16 35 0 1 5986563617560.198
a 16 36 0 1 4465260232042.054
a 16 37 0 1 3244290569989.772
a 16 38 0 1 6365213936597.262
a 16 39 0 1 7609601832592.132
a 16 40 0 1 2398482841705.359
a 16 41 0 1 7017966711377.882
a 16 42 0 1 8881029178016.453
a 16 43 0 1 3028869564909.9736
a 16 44 0 1 6319776709369.086
a 16 45 0 1 3846029990896.4023
a 16 46 0 1 3828685505251.084
a 16 47 0 1 4345349741157.8643
a 16 48 0 1 6520217042856.328
a 16 49 0 1 9598548787863.6
a 16 50 0 1 7824579574210.136
a 16 51 0 1 7542177165614.413
a 16 52 0 1 2419746150651.217
a 16 53 0 1 3251570749069.3066
a 16 54 0 1 4766293477336.278
a 16 55 0 1 9678766911210.145
a 16 56 0 1 2569436386040.59
a 16 57 0 1 9662259367878.791
a 16 58 0 1 6779629448933.18
a 16 59 0 1 8296742073559.168
a 16 60 0 1 3670780084893.19
a 16 61 0 1 2342596441252.63
a 16 62 0 1 2097999159162.329
a 16 63 0 1 7482220503539.309
a 16 64 0 1 6289668788746.302
a 16 65 0 1 7889371596897.6455
a 16 66 0 1 7381229459358.631
a 16 67 0 1 6985905319770.018
a 16 68 0 1 3801738376334.756
a 16 69 0 1 8225989574059.903
a 16 70 0 1 7267166476603.128
a 16 71 0 1 3664452481385.176
a 16 72 0 1 9486644212139.758
a 16 73 0 1 6081399857974.235
a 16 74 0 1 8165390248132.005
a 16 75 0 1 6281311644384.981
a 16 76 0 1 9445973439580.533
a 16 77 0 1 9883444935291.146
a 16 78 0 1 8181736305260.748
a 16 79 0 1 4423310011100.166
a 16 80 0 1 6928823479807.268
a 17 30 0 1 6524305096582.112
a 17 31 0 1 21227797387294.656
a 17 32 0 1 5269643753951.03
a 17 33 0 1 23267867319811.344
a 17 34 0 1 11681017425638.357
a 17 35 0 1 14183644477772.873
a 17 36 0 1 10576763676631.627
a 17 37 0 1 7683200782935.394
a 17 38 0 1 15081661444919.805
a 17 39 0 1 18033640930143.875
a 17 40 0 1 5679383233389.482
a 17 41 0 1 16629999144099.895
a 17 42 0 1 21050963760272.79
a 17 43 0 1 7172792482136.444
a 17 44 0 1 14973895661909.523
a 17 45 0 1 9109117305861.318
a 17 46 0 1 9068013022061.857
a 17 47 0 1 10292539736987.941
a 17 48 0 1 15449301834351.688
a 17 49 0 1 22754300823232.633
a 17 50 0 1 18543736081301.754
a 17 51 0 1 17873664085789.582
a 17 52 0 1 5729751955666.394
a 17 53 0 1 7700450699200.286
a 17 54 0 1 11290350426998.818
a 17 55 0 1 22944756588736.086
a 17 56 0 1 6084349118621.024
a 17 57 0 1 22905563593919.63
a 17 58 0 1 16064623185360.377
a 17 59 0 1 19664196089157.887
a 17 60 0 1 8693807066429.585
a 17 61 0 1 5547000622226.449
a 17 62 0 1 4967630803118.828
a 17 63 0 1 17731409256146.402
a 17 64 0 1 14902488027053.268
a 17 65 0 1 18697480174998.227
a 17 66 0 1 17491801214301.326
a 17 67 0 1 16553941667648.416
a 17 68 0 1 9004152108573.516
a 17 69 0 1 19496286996832.734
a 17 70 0 1 17221188315601.28
a 17 71 0 1 8678812232269.19
a 17 72 0 1 22488622408706.05
a 17 73 0 1 14408550497614.295
a 17 74 0 1 19352476296257.16
a 17 75 0 1 14882667319558.197
a 17 76 0 1 22392066164361.21
a 17 77 0 1 23430729899375.31
a 17 78 0 1 19391267511272.86
a 17 79 0 1 10477327808897.473
a 17 80 0 1 16418531464305.994
a 18 30 0 1 10231607790426.594
a 18 31 0 1 33322174646870.664
a 18 32 0 1 8263332315578.346
a 18 33 0 1 36529456773951.734
a 18 34 0 1 18324704561937.547
a 18 35 0 1 22254375304607.492
a 18 36 0 1 16591195552115.38
a 18 37 0 1 12049936362273.951
a 18 38 0 1 23664772870863.0
a 18 39 0 1 28302233382120.363
a 18 40 0 1 8906083887105.084
a 18 41 0 1 26096934898742.426
a 18 42 0 1 33044207446866.145
a 18 43 0 1 11249062361342.395
a 18 44 0 1 23495510491457.586
a 18 45 0 1 14287604491621.414
a 18 46 0 1 14223094337349.152
a 18 47 0 1 16145048201396.463
a 18 48 0 1 24242225463568.414
a 18 49 0 1 35721975492725.68
a 18 50 0 1 29103758141133.64
a 18 51 0 1 28050869003898.793
a 18 52 0 1 8985098852284.787
a 18 53 0 1 12077003882643.988
a 18 54 0 1 17711388584423.17
a 18 55 0 1 36021422969406.9
a 18 56 0 1 9541381088677.674
a 18 57 0 1 35959800469642.04
a 18 58 0 1 25208772858499.992
a 18 59 0 1 30864552725522.402
a 18 60 0 1 13635821564727.523
a 18 61 0 1 8698413694700.075
a 18 62 0 1 7789591650313.921
a 18 63 0 1 27827354868419.777
a 18 64 0 1 23383355375315.36
a 18 65 0 1 29345350476458.45
a 18 66 0 1 27450886529296.684
a 18 67 0 1 25977450624365.82
a 18 68 0 1 14122870013943.156
a 18 69 0 1 30600668294826.37
a 18 70 0 1 27025718117765.03
a 18 71 0 1 13612289514964.914
a 18 72 0 1 35304270416128.86
a 18 73 0 1 22607590098410.707
a 18 74 0 1 30374661317568.086
a 18 75 0 1 23352224524498.52
a 18 76 0 1 35152466322170.11
a 18 77 0 1 36785537236539.75
a 18 78 0 1 30435623573013.48
a 18 79 0 1 16435108817467.764
a 18 80 0 1 25764727750277.453
a 19 30 0 1 4058257749936.4766
a 19 31 0 1 13195694003900.824
a 19 32 0 1 3278010446735.9805
a 19 33 0 1 14462563354504.832
a 19 34 0 1 7264212733581.216
a 19 35 0 1 8819589966858.502
a 19 36 0 1 6577813582699.912
a 19 37 0 1 4778874695802.103
a 19 38 0 1 9377622835918.934
a 19 39 0 1 11211691889375.215
a 19 40 0 1 3532828119055.3525
a 19 41 0 1 10339666122367.826
a 19 42 0 1 13085870919385.365
a 19 43 0 1 4461504901463.28
a 19 44 0 1 9310658869914.957
a 19 45 0 1 5665429003131.678
a 19 46 0 1 5639874223729.761
a 19 47 0 1 6401130576815.856
a 19 48 0 1 9606064069114.992
a 19 49 0 1 14143663347103.36
a 19 50 0 1 11528566893052.67
a 19 51 0 1 11112310147846.426
a 19 52 0 1 3564151884880.947
a 19 53 0 1 4789600376764.422
a 19 54 0 1 7021383438157.698
a 19 55 0 1 14261928852815.305
a 19 56 0 1 3784668153357.382
a 19 57 0 1 14237591712147.643
a 19 58 0 1 9988390791631.361
a 19 59 0 1 12224555711677.766
a 19 60 0 1 5407223932029.313
a 19 61 0 1 3450500144214.817
a 19 62 0 1 3090182264792.4946
a 19 63 0 1 11023936614190.982
a 19 64 0 1 9266286939927.15
a 19 65 0 1 11624071133299.258
a 19 66 0 1 10875081478615.78
a 19 67 0 1 10292411645384.158
a 19 68 0 1 5600171329862.522
a 19 69 0 1 12120261051623.633
a 19 70 0 1 10706961011419.326
a 19 71 0 1 5397901227191.102
a 19 72 0 1 13978684264473.645
a 19 73 0 1 8959351951650.111
a 19 74 0 1 12030933595608.074
a 19 75 0 1 9253970518239.426
a 19 76 0 1 13918724510343.098
a 19 77 0 1 14563690170670.729
a 19 78 0 1 12055028717958.184
a 19 79 0 1 6516001454537.835
a 19 80 0 1 10208280569372.488
a 20 30 0 1 9809934121408.795
a 20 31 0 1 31945365730342.727
a 20 32 0 1 7922850887066.656
a 20 33 0 1 35019594014106.223
a 20 34 0 1 17568816048485.105
a 20 35 0 1 21335990512181.277
a 20 36 0 1 15906944781895.154
a 20 37 0 1 11553224472831.104
a 20 38 0 1 22688032180665.383
a 20 39 0 1 27133487344997.3
a 20 40 0 1 8539092549002.55
a 20 41 0 1 25019519614068.055
a 20 42 0 1 31678925542965.902
a 20 43 0 1 10785404403890.365
a 20 44 0 1 22525774075373.09
a 20 45 0 1 13698507856063.098
a 20 46 0 1 13636661717865.0
a 20 47 0 1 15479230159801.482
a 20 48 0 1 23241587144140.605
a 20 49 0 1 34245619901149.523
a 20 50 0 1 27901806551614.336
a 20 51 0 1 26892535275474.043
a 20 52 0 1 8614848328886.963
a 20 53 0 1 11579174751612.06
a 20 54 0 1 16980848658471.057
a 20 55 0 1 34532642229760.918
a 20 56 0 1 9148183595393.451
a 20 57 0 1 34473576735275.754
a 20 58 0 1 24168127570674.28
a 20 59 0 1 29589634340997.61
a 20 60 0 1 13073639260209.332
a 20 61 0 1 8339988002582.968
a 20 62 0 1 7468646968357.613
a 20 63 0 1 26678279318212.918
a 20 64 0 1 22418259924229.06
a 20 65 0 1 28133389052057.13
a 20 66 0 1 26317403640348.363
a 20 67 0 1 24904982420192.7
a 20 68 0 1 13540576190232.742
a 20 69 0 1 29336687007845.867
a 20 70 0 1 25909843404188.312
a 20 71 0 1 13051078856287.465
a 20 72 0 1 33845245532307.56
a 20 73 0 1 21674592574092.17
a 20 74 0 1 29120046732199.332
a 20 75 0 1 22388417243843.08
a 20 76 0 1 33699739439493.05
a 20 77 0 1 35265046938372.47
a 20 78 0 1 29178482495486.91
a 20 79 0 1 15757307029916.365
a 20 80 0 1 24701066718480.137
a 21 30 0 1 5792937525645.9
a 21 31 0 1 18844603690718.05
a 21 32 0 1 4678998139998.775
a 21 33 0 1 20655094816306.156
a 21 34 0 1 10370897365033.613
a 21 35 0 1 12592427516207.451
a 21 36 0 1 9390628491601.393
a 21 37 0 1 6821820195056.611
a 21 38 0 1 13389543501501.654
a 21 39 0 1 16009708718840.055
a 21 40 0 1 5042785488959.895
a 21 41 0 1 14763866831430.082
a 21 42 0 1 18687665488609.688
a 21 43 0 1 6368676859902.8545
a 21 44 0 1 13293887235206.846
a 21 45 0 1 8087725168279.982
a 21 46 0 1 8051234121667.508
a 21 47 0 1 9138312498277.783
a 21 48 0 1 13715870557419.8
a 21 49 0 1 20199331423168.586
a 21 50 0 1 16462446853351.715
a 21 51 0 1 15867719040700.723
a 21 52 0 1 5087505112061.528
a 21 53 0 1 6837134662510.07
a 21 54 0 1 10024097395880.51
a 21 55 0 1 20368351657040.723
a 21 56 0 1 5402330818213.95
a 21 57 0 1 20333569847476.168
a 21 58 0 1 14262038652707.938
a 21 59 0 1 17456897131755.926
a 21 60 0 1 7719024459217.171
a 21 61 0 1 4925249959399.866
a 21 62 0 1 4410853365324.468
a 21 63 0 1 15741458289788.768
a 21 64 0 1 13230503446981.982
a 21 65 0 1 16598902210402.309
a 21 66 0 1 15528788949135.496
a 21 67 0 1 14696358578533.453
a 21 68 0 1 7994540402277.319
a 21 69 0 1 17307873353130.152
a 21 70 0 1 15288598985709.082
a 21 71 0 1 7705712394644.337
a 21 72 0 1 19963553351334.402
a 21 73 0 1 12792064885156.893
a 21 74 0 1 17180237021977.86
a 21 75 0 1 13212909907977.229
a 21 76 0 1 19877863469431.53
a 21 77 0 1 20799625566931.848
a 21 78 0 1 17214665441271.717
a 21 79 0 1 9302355843461.254
a 21 80 0 1 14576168799766.64
a 22 30 0 1 8921609600478.746
a 22 31 0 1 29045883061604.117
a 22 32 0 1 7205550265820.457
a 22 33 0 1 31840058617450.934
a 22 34 0 1 15976603629762.182
a 22 35 0 1 19401606426980.81
a 22 36 0 1 14465594022064.023
a 22 37 0 1 10506847753977.95
a 22 38 0 1 20630776616827.29
a 22 39 0 1 24671990390765.46
a 22 40 0 1 7765950177897.1
a 22 41 0 1 22750300333863.508
a 22 42 0 1 28803706270842.523
a 22 43 0 1 9808647781722.48
a 22 44 0 1 20483266116297.22
a 22 45 0 1 12457553788825.357
a 22 46 0 1 12401318323105.266
a 22 47 0 1 14076698065337.496
a 22 48 0 1 21134015317526.91
a 22 49 0 1 31136608134199.887
a 22 50 0 1 25370405409007.305
a 22 51 0 1 24452958611253.266
a 22 52 0 1 7834840726061.684
a 22 53 0 1 10530444862883.984
a 22 54 0 1 15442016852973.453
a 22 55 0 1 31397478651421.29
a 22 56 0 1 8319840358075.505
a 22 57 0 1 31343794990901.477
a 22 58 0 1 21976323324046.043
a 22 59 0 1 26904629640616.6
a 22 60 0 1 11889369838185.53
a 22 61 0 1 7584888604773.213
a 22 62 0 1 6792500168368.93
a 22 63 0 1 24258193372582.68
a 22 64 0 1 20385523627623.082
a 22 65 0 1 25580915572975.73
a 22 66 0 1 23930144333561.215
a 22 67 0 1 22646178535111.867
a 22 68 0 1 12313949516162.496
a 22 69 0 1 26674705654471.363
a 22 70 0 1 23559654361725.496
a 22 71 0 1 11868855851426.945
a 22 72 0 1 30772710933959.707
a 22 73 0 1 19709440115433.496
a 22 74 0 1 26477783076865.363
a 22 75 0 1 20358393226545.832
a 22 76 0 1 30640460802369.918
a 22 77 0 1 32063143768125.004
a 22 78 0 1 26530900347754.676
a 22 79 0 1 14329537538080.094
a 22 80 0 1 22460805210313.758
a 23 30 0 1 8468077243430.022
a 23 31 0 1 27566075379400.94
a 23 32 0 1 6839322936524.659
a 23 33 0 1 30217399551313.57
a 23 34 0 1 15163802166071.97
a 23 35 0 1 18414190013556.42
a 23 36 0 1 13729785956771.924
a 23 37 0 1 9972636837235.95
a 23 38 0 1 19580662252842.46
a 23 39 0 1 23415621620026.45
a 23 40 0 1 7371215937090.032
a 23 41 0 1 21592032987071.29
a 23 42 0 1 27336275697745.566
a 23 43 0 1 9309974255940.617
a 23 44 0 1 19440676909664.617
a 23 45 0 1 11824025951301.66
a 23 46 0 1 11770654212568.043
a 23 47 0 1 13360702055475.46
a 23 48 0 1 20058226715766.844
a 23 49 0 1 29549920976620.67
a 23 50 0 1 24078372654648.793
a 23 51 0 1 23207773395653.008
a 23 52 0 1 7436601859781.133
a 23 53 0 1 9995032791946.709
a 23 54 0 1 14656458130647.645
a 23 55 0 1 29797452165892.926
a 23 56 0 1 7896926917554.7
a 23 57 0 1 29746513622639.566
a 23 58 0 1 20857555524941.96
a 23 59 0 1 25534233886560.23
a 23 60 0 1 11284774502167.557
a 23 61 0 1 7199365143776.791
a 23 62 0 1 6447281996786.987
a 23 63 0 1 23022952235977.195
a 23 64 0 1 19347920560256.69
a 23 65 0 1 24278132224225.773
a 23 66 0 1 22711651356218.883
a 23 67 0 1 21493225383569.887
a 23 68 0 1 11687734492711.53
a 23 69 0 1 25316055315692.766
a 23 70 0 1 22360074872272.062
a 23 71 0 1 11265305041174.01
a 23 72 0 1 29204629990899.508
a 23 73 0 1 18706323192231.19
a 23 74 0 1 25129191843425.508
a 23 75 0 1 19322174143917.535
a 23 76 0 1 29079141496800.05
a 23 77 0 1 30429075781095.742
a 23 78 0 1 25179595845804.418
a 23 79 0 1 13600660974708.844
a 23 80 0 1 21317312891156.465
a 24 30 0 1 4804512465210.447
a 24 31 0 1 15625216244053.182
a 24 32 0 1 3880724891813.259
a 24 33 0 1 17125795221578.037
a 24 34 0 1 8600580072013.3125
a 24 35 0 1 10442437835344.744
a 24 36 0 1 7787793638226.891
a 24 37 0 1 5657726748611.395
a 24 38 0 1 11103282817994.008
a 24 39 0 1 13275371437241.785
a 24 40 0 1 4182417417493.521
a 24 41 0 1 12242609936030.852
a 24 42 0 1 15495137010879.098
a 24 43 0 1 5281956019928.422
a 24 44 0 1 11023980568314.408
a 24 45 0 1 6707447490756.386
a 24 46 0 1 6677188914158.175
a 24 47 0 1 7578581661836.344
a 24 48 0 1 11373816633680.908
a 24 49 0 1 16748057547343.307
a 24 50 0 1 13650663744135.621
a 24 51 0 1 13157669273608.89
a 24 52 0 1 4219503555236.1836
a 24 53 0 1 5670426208479.628
a 24 54 0 1 8313035699761.619
a 24 55 0 1 16888142670095.732
a 24 56 0 1 4480587754832.337
a 24 57 0 1 16859315345345.387
a 24 58 0 1 11826596746277.887
a 24 59 0 1 14474978890319.03
a 24 60 0 1 6401716837380.201
a 24 61 0 1 4084944486466.764
a 24 62 0 1 3658346958282.1978
a 24 63 0 1 13053005031356.617
a 24 64 0 1 10971433119735.658
a 24 65 0 1 13763775601941.525
a 24 66 0 1 12876710943202.928
a 24 67 0 1 12186646391795.447
a 24 68 0 1 6630178084013.821
a 24 69 0 1 14351452842921.549
a 24 70 0 1 12677601621385.385
a 24 71 0 1 6390678245182.258
a 24 72 0 1 16552641514070.361
a 24 73 0 1 10607948134304.338
a 24 74 0 1 14245654308223.158
a 24 75 0 1 10956847417530.326
a 24 76 0 1 16481620138868.63
a 24 77 0 1 17245581199252.771
a 24 78 0 1 14274192287715.469
a 24 79 0 1 7714601149113.044
a 24 80 0 1 12087010116695.852
a 25 30 0 1 5569310247997.492
a 25 31 0 1 18116085186309.266
a 25 32 0 1 4498395020417.475
a 25 33 0 1 19856423923201.44
a 25 34 0 1 9970342149595.8
a 25 35 0 1 12105950481160.066
a 25 36 0 1 9027973568843.734
a 25 37 0 1 6558444515254.56
a 25 38 0 1 12872226218410.45
a 25 39 0 1 15390979451957.324
a 25 40 0 1 4848132821362.533
a 25 41 0 1 14193364490645.04
a 25 42 0 1 17965226656528.707
a 25 43 0 1 6122808396261.628
a 25 44 0 1 12780271160050.033
a 25 45 0 1 7775431877857.164
a 25 46 0 1 7740351124870.862
a 25 47 0 1 8785411578486.519
a 25 48 0 1 13185926179996.184
a 25 49 0 1 19418322966491.65
a 25 50 0 1 15826188657950.738
a 25 51 0 1 15254486909828.613
a 25 52 0 1 4891125284620.514
a 25 53 0 1 6573167276787.954
a 25 54 0 1 9636951503359.664
a 25 55 0 1 19580793278962.043
a 25 56 0 1 5193791318598.686
a 25 57 0 1 19547359364250.824
a 25 58 0 1 13710958479412.982
a 25 59 0 1 16782130053050.568
a 25 60 0 1 7420980065164.375
a 25 61 0 1 4735136663715.657
a 25 62 0 1 4240605332045.3228
a 25 63 0 1 15133114203769.154
a 25 64 0 1 12719339824338.23
a 25 65 0 1 15957360448207.326
a 25 66 0 1 14928677811804.533
a 25 67 0 1 14128469123344.29
a 25 68 0 1 7685848462572.817
a 25 69 0 1 16638877579816.867
a 25 70 0 1 14697785721458.64
a 25 71 0 1 7408182440092.508
a 25 72 0 1 19191681425959.61
a 25 73 0 1 12297864433482.836
a 25 74 0 1 16516184122206.574
a 25 75 0 1 12702427010381.725
a 25 76 0 1 19109311956466.832
a 25 77 0 1 19995353226178.332
a 25 78 0 1 16549279272470.424
a 25 79 0 1 8943113416649.648
a 25 80 0 1 14012931155351.865
a 26 30 0 1 8518913573107.328
a 26 31 0 1 27731929256000.285
a 26 32 0 1 6880373633603.626
a 26 33 0 1 30399261268826.9
a 26 34 0 1 15254905535137.176
a 26 35 0 1 18524863234848.38
a 26 36 0 1 13812260120910.945
a 26 37 0 1 10032515912868.02
a 26 38 0 1 19698362134011.887
a 26 39 0 1 23556436127839.156
a 26 40 0 1 7415461866406.957
a 26 41 0 1 21721853534789.18
a 26 42 0 1 27500742580867.45
a 26 43 0 1 9365870190120.602
a 26 44 0 1 19557533439136.305
a 26 45 0 1 11895036623262.049
a 26 46 0 1 11841343916678.607
a 26 47 0 1 13440955717834.273
a 26 48 0 1 20178803923947.258
a 26 49 0 1 29727751747549.95
a 26 50 0 1 24223183873572.176
a 26 51 0 1 23347334603956.543
a 26 52 0 1 7481240608069.903
a 26 53 0 1 10055046496176.463
a 26 54 0 1 14744508224921.75
a 26 55 0 1 29976777721085.688
a 26 56 0 1 7944331328827.764
a 26 57 0 1 29925531564611.05
a 26 58 0 1 20982949403382.547
a 26 59 0 1 25687826811537.94
a 26 60 0 1 11352542397291.092
a 26 61 0 1 7242578673547.144
a 26 62 0 1 6485977844662.924
a 26 63 0 1 23161399045855.12
a 26 64 0 1 19464218287541.332
a 26 65 0 1 24424148210868.258
a 26 66 0 1 22848221252885.91
a 26 67 0 1 21622450377567.1
a 26 68 0 1 11757925540704.172
a 26 69 0 1 25468332006191.66
a 26 70 0 1 22494525186473.285
a 26 71 0 1 11332955864694.074
a 26 72 0 1 29380375771671.008
a 26 73 0 1 18818756003288.664
a 26 74 0 1 25280341271034.586
a 26 75 0 1 19438316766387.387
a 26 76 0 1 29254129574592.26
a 26 77 0 1 30612215955321.594
a 26 78 0 1 25331049333176.73
a 26 79 0 1 13682358268818.28
a 26 80 0 1 21445477622556.87
a 27 30 0 1 8383753730786.056
a 27 31 0 1 27290979022221.84
a 27 32 0 1 6771230897531.23
a 27 33 0 1 29915752994142.492
a 27 34 0 1 15012688553882.9
a 27 35 0 1 18230616889600.707
a 27 36 0 1 13592985288456.34
a 27 37 0 1 9873314166864.426
a 27 38 0 1 19385434462844.145
a 27 39 0 1 23182055448270.35
a 27 40 0 1 7297823941042.554
a 27 41 0 1 21376701549618.773
a 27 42 0 1 27063479785107.38
a 27 43 0 1 9217258392249.186
a 27 44 0 1 19246847929905.727
a 27 45 0 1 11706239471503.35
a 27 46 0 1 11653400115496.113
a 27 47 0 1 13227584463776.81
a 27 48 0 1 19858226504114.1
a 27 49 0 1 29254960020972.977
a 27 50 0 1 23838177512967.69
a 27 51 0 1 22976285957602.652
a 27 52 0 1 7362558292507.457
a 27 53 0 1 9895486814418.836
a 27 54 0 1 14510408864072.393
a 27 55 0 1 29500012006043.76
a 27 56 0 1 7818295932627.634
a 27 57 0 1 29449583660638.676
a 27 58 0 1 20649566257049.98
a 27 59 0 1 25279473409532.207
a 27 60 0 1 11172366753972.56
a 27 61 0 1 7127685595912.588
a 27 62 0 1 6383095971475.632
a 27 63 0 1 22793313150401.562
a 27 64 0 1 19155018428169.71
a 27 65 0 1 24035938850489.56
a 27 66 0 1 22485125340685.04
a 27 67 0 1 21278881743265.81
a 27 68 0 1 11571307506424.062
a 27 69 0 1 25063477939834.125
a 27 70 0 1 22137064425123.062
a 27 71 0 1 11153091477596.37
a 27 72 0 1 28913127140980.066
a 27 73 0 1 18519831545888.883
a 27 74 0 1 24878484142627.582
a 27 75 0 1 19129529273827.414
a 27 76 0 1 28788895352714.598
a 27 77 0 1 30125308819181.19
a 27 78 0 1 24928383832208.734
a 27 79 0 1 13465148875761.31
a 27 80 0 1 21104727824190.016
a 28 30 0 1 4841067077080.932
a 28 31 0 1 15744248389137.717
a 28 32 0 1 3910247801648.0435
a 28 33 0 1 17256281432195.727
a 28 34 0 1 8666045482260.041
a 28 35 0 1 10521939986008.176
a 28 36 0 1 7847066735772.103
a 28 37 0 1 5700777210472.728
a 28 38 0 1 11187822709968.738
a 28 39 0 1 13376474997962.648
a 28 40 0 1 4214236589926.0
a 28 41 0 1 12335836939504.83
a 28 42 0 1 15613176436318.809
a 28 43 0 1 5322145435593.625
a 28 44 0 1 11107915884053.176
a 28 45 0 1 6758491646635.291
a 28 46 0 1 6728002621690.868
a 28 47 0 1 7636261041351.257
a 28 48 0 1 11460419076897.361
a 28 49 0 1 16875660073905.65
a 28 50 0 1 13754630012477.537
a 28 51 0 1 13257875060500.7
a 28 52 0 1 4251605011288.5654
a 28 53 0 1 5713573365947.47
a 28 54 0 1 8376310284611.051
a 28 55 0 1 17016814589850.742
a 28 56 0 1 4514676539477.005
a 28 57 0 1 16987767197886.059
a 28 58 0 1 11916651477139.457
a 28 59 0 1 14585233861170.38
a 28 60 0 1 6450432632840.041
a 28 61 0 1 4116021748745.3525
a 28 62 0 1 3686177393014.5044
a 28 63 0 1 13152412511823.607
a 28 64 0 1 11054967835833.607
a 28 65 0 1 13868604729762.455
a 28 66 0 1 12974773818163.229
a 28 67 0 1 12279446632275.916
a 28 68 0 1 6680633761784.321
a 28 69 0 1 14460765356604.072
a 28 70 0 1 12774145943828.52
a 28 71 0 1 6439309976855.355
a 28 72 0 1 16678752315897.14
a 28 73 0 1 10688711927532.68
a 28 74 0 1 14354159640449.424
a 28 75 0 1 11040270939238.514
a 28 76 0 1 16607188809808.033
a 28 77 0 1 17376981919793.572
a 28 78 0 1 14382915346221.326
a 28 79 0 1 7773316678051.67
a 28 80 0 1 12179050571354.438
a 29 30 0 1 6176917227216.44
a 29 31 0 1 20095705571486.77
a 29 32 0 1 4989098944107.835
a 29 33 0 1 22026701142348.137
a 29 34 0 1 11058709634247.45
a 29 35 0 1 13427802653009.418
a 29 36 0 1 10013352995543.645
a 29 37 0 1 7274055599876.783
a 29 38 0 1 14277885878801.896
a 29 39 0 1 17072230473380.83
a 29 40 0 1 5377011244162.992
a 29 41 0 1 15743555419538.326
a 29 42 0 1 19928324245769.77
a 29 43 0 1 6790848775362.455
a 29 44 0 1 14175872840179.291
a 29 45 0 1 8623963912795.856
a 29 46 0 1 8585051015773.983
a 29 47 0 1 9744286292770.166
a 29 48 0 1 14625899901599.77
a 29 49 0 1 21540597555526.24
a 29 50 0 1 17555076405403.67
a 29 51 0 1 16920798947990.877
a 29 52 0 1 5424696646116.403
a 29 53 0 1 7290386153791.825
a 29 54 0 1 10688881094919.598
a 29 55 0 1 21720869079319.566
a 29 56 0 1 5760402327789.66
a 29 57 0 1 21683771886176.08
a 29 58 0 1 15208368996536.229
a 29 59 0 1 18615670942878.09
a 29 60 0 1 8230794145481.91
a 29 61 0 1 5251680983335.83
a 29 62 0 1 4703173238462.802
a 29 63 0 1 16786142548359.87
a 29 64 0 1 14108277007525.756
a 29 65 0 1 17700606914673.723
a 29 66 0 1 16559332449303.604
a 29 67 0 1 15671559421675.787
a 29 68 0 1 8524594671043.078
a 29 69 0 1 18456734058587.26
a 29 70 0 1 16303172720880.68
a 29 71 0 1 8216598658666.902
a 29 72 0 1 21289125057503.12
a 29 73 0 1 13640704672319.305
a 29 74 0 1 18320607609496.965
a 29 75 0 1 14089514336269.309
a 29 76 0 1 21197731505065.61
a 29 77 0 1 22180854022083.15
a 29 78 0 1 18357326113379.992
a 29 79 0 1 9919220000456.9
a 29 80 0 1 15543379973188.115
a 30 1 0 1 0
a 31 1 0 1 0
a 32 1 0 1 0
a 33 1 0 1 0
a 34 1 0 1 0
a 35 1 0 1 0
a 36 1 0 1 0
a 37 1 0 1 0
a 38 1 0 1 0
a 39 1 0 1 0
a 40 1 0 1 0
a 41 1 0 1 0
a 42 1 0 1 0
a 43 1 0 1 0
a 44 1 0 1 0
a 45 1 0 1 0
a 46 1 0 1 0
a 47 1 0 1 0
a 48 1 0 1 0
a 49 1 0 1 0
a 50 1 0 1 0
a 51 1 0 1 0
a 52 1 0 1 0
a 53 1 0 1 0
a 54 1 0 1 0
a 55 1 0 1 0
a 56 1 0 1 0
a 57 1 0 1 0
a 58 1 0 1 0
a 59 1 0 1 0
a 60 1 0 1 0
a 61 1 0 1 0
a 62 1 0 1 0
a 63 1 0 1 0
a 64 1 0 1 0
a 65 1 0 1 0
a 66 1 0 1 0
a 67 1 0 1 0
a 68 1 0 1 0
a 69 1 0 1 0
a 70 1 0 1 0
a 71 1 0 1 0
a 72 1 0 1 0
a 73 1 0 1 0
a 74 1 0 1 0
a 75 1 0 1 0
a 76 1 0 1 0
a 77 1 0 1 0
a 78 1 0 1 0
a 79 1 0 1 0
a 80 1 0 1 0
