p min 81 1567
n 0 31
n 1 -31
a 0 2 0 1 0
a 0 3 0 1 0
a 0 4 0 1 0
a 0 5 0 1 0
a 0 6 0 1 0
a 0 7 0 1 0
a 0 8 0 1 0
a 0 9 0 1 0
a 0 10 0 1 0
a 0 11 0 1 0
a 0 12 0 1 0
a 0 13 0 1 0
a 0 14 0 1 0
a 0 15 0 1 0
a 0 16 0 1 0
a 0 17 0 1 0
a 0 18 0 1 0
a 0 19 0 1 0
a 0 20 0 1 0
a 0 21 0 1 0
a 0 22 0 1 0
a 0 23 0 1 0
a 0 24 0 1 0
a 0 25 0 1 0
a 0 26 0 1 0
a 0 27 0 1 0
a 0 28 0 1 0
a 0 29 0 1 0
a 0 30 0 1 0
a 0 31 0 1 0
a 0 32 0 1 0
a 2 33 0 1 6985508500338.438
a 2 34 0 1 3961930247803.931
a 2 35 0 1 10575096135920.918
a 2 36 0 1 9389877281004.209
a 2 37 0 1 14513249764297.371
a 2 38 0 1 12866813353840.387
a 2 39 0 1 13207772373521.385
a 2 40 0 1 6069977970655.081
a 2 41 0 1 9323916851338.809
a 2 42 0 1 14541119473401.54
a 2 43 0 1 12699250941120.492
a 2 44 0 1 5530104841917.637
a 2 45 0 1 15580238834989.148
a 2 46 0 1 16369584701674.215
a 2 47 0 1 11881692628441.457
a 2 48 0 1 11494450397649.666
a 2 49 0 1 7196918761534.817
a 2 50 0 1 9207969879693.766
a 2 51 0 1 4443520510266.85
a 2 52 0 1 10071821072500.428
a 2 53 0 1 18061627177984.355
a 2 54 0 1 6838622485656.306
a 2 55 0 1 6703861149495.114
a 2 56 0 1 11002113827093.416
a 2 57 0 1 6631697438141.446
a 2 58 0 1 4929646587552.025
a 2 59 0 1 7550692399285.587
a 2 60 0 1 16306389164953.334
a 2 61 0 1 16759890570173.184
a 2 62 0 1 4023451844374.0225
a 2 63 0 1 14679607945192.209
a 2 64 0 1 5867336257607.398
a 2 65 0 1 14246479056883.893
a 2 66 0 1 6628879506748.459
a 2 67 0 1 7180243871641.48
a 2 68 0 1 13261936458534.5
a 2 69 0 1 9200363318897.031
a 2 70 0 1 3874778685400.513
a 2 71 0 1 12810068247857.467
a 2 72 0 1 12085514765883.658
a 2 73 0 1 17490504047438.658
a 2 74 0 1 11794484472174.877
a 2 75 0 1 4848610606931.669
a 2 76 0 1 17612054122169.79
a 2 77 0 1 6836789661423.721
a 2 78 0 1 5418353559536.031
a 2 79 0 1 10653125838094.764
a 2 80 0 1 7260009512080.744
a 3 33 0 1 8174795634915.321
a 3 34 0 1 4636176527497.501
a 3 35 0 1 12376384143555.264
a 3 36 0 1 10989027861394.28
a 3 37 0 1 16986648349412.09
a 3 38 0 1 15059133739037.795
a 3 39 0 1 15458290745982.53
a 3 40 0 1 7103267962031.097
a 3 41 0 1 10911819868882.836
a 3 42 0 1 17019277024954.145
a 3 43 0 1 14862972209576.137
a 3 44 0 1 6471423950163.501
a 3 45 0 1 18235859503388.43
a 3 46 0 1 19160044842642.926
a 3 47 0 1 13905893696076.44
a 3 48 0 1 13452577473178.725
a 3 49 0 1 8422233536934.532
a 3 50 0 1 10776102121209.695
a 3 51 0 1 5199773502981.442
a 3 52 0 1 11787268329786.254
a 3 53 0 1 21141226027908.984
a 3 54 0 1 8002879136568.917
a 3 55 0 1 7845154324832.24
a 3 56 0 1 12876244933032.607
a 3 57 0 1 7760694182872.346
a 3 58 0 1 5768689460067.87
a 3 59 0 1 8836300370526.02
a 3 60 0 1 19086052914493.77
a 3 61 0 1 19617035049348.12
a 3 62 0 1 4708173623196.445
a 3 63 0 1 17181413995028.822
a 3 64 0 1 6866103352434.505
a 3 65 0 1 16674326308075.32
a 3 66 0 1 7757396091200.44
a 3 67 0 1 8402716908401.351
a 3 68 0 1 15521700542133.771
a 3 69 0 1 10767198544165.852
a 3 70 0 1 4534185658579.08
a 3 71 0 1 14992703381314.574
a 3 72 0 1 14144496170162.062
a 3 73 0 1 20472493788935.043
a 3 74 0 1 13803804869323.562
a 3 75 0 1 5673851863791.778
a 3 76 0 1 20614816398973.04
a 3 77 0 1 8000733991536.35
a 3 78 0 1 6340636784701.361
a 3 79 0 1 12467723968604.344
a 3 80 0 1 8496076343526.436
a 4 33 0 1 4289674477106.791
a 4 34 0 1 2433276578987.646
a 4 35 0 1 6492939513776.013
a 4 36 0 1 5765537830357.922
a 4 37 0 1 8909342891642.76
a 4 38 0 1 7899212443772.8955
a 4 39 0 1 8108411590906.564
a 4 40 0 1 3727615361490.658
a 4 41 0 1 5725053832815.321
a 4 42 0 1 8926440390381.107
a 4 43 0 1 7796400361157.102
a 4 44 0 1 3396157006707.9507
a 4 45 0 1 9563888679944.578
a 4 46 0 1 10048073891288.016
a 4 47 0 1 7294745155637.281
a 4 48 0 1 7057119912918.669
a 4 49 0 1 4419456181085.122
a 4 50 0 1 5653889425482.14
a 4 51 0 1 2728993797218.5615
a 4 52 0 1 6184075016169.955
a 4 53 0 1 11085859091437.916
a 4 54 0 1 4199501839353.592
a 4 55 0 1 4116771449316.0024
a 4 56 0 1 6754993323766.974
a 4 57 0 1 4072469522143.957
a 4 58 0 1 3027483365742.1143
a 4 59 0 1 4636627248027.706
a 4 60 0 1 10009310965369.254
a 4 61 0 1 10287475166260.525
a 4 62 0 1 2471054201171.991
a 4 63 0 1 9011399617415.607
a 4 64 0 1 3603204127588.3276
a 4 65 0 1 8745682351839.72
a 4 66 0 1 4070739563899.202
a 4 67 0 1 4409219795784.264
a 4 68 0 1 8141643975280.969
a 4 69 0 1 5649220744987.695
a 4 70 0 1 2379760403684.5195
a 4 71 0 1 7864395245412.22
a 4 72 0 1 7419814188991.416
a 4 73 0 1 10735588004966.191
a 4 74 0 1 7241231925204.259
a 4 75 0 1 2977726809583.0293
a 4 76 0 1 10810136428256.3
a 4 77 0 1 4198376669687.2153
a 4 78 0 1 3327544647653.032
a 4 79 0 1 6540825815810.542
a 4 80 0 1 4458186208430.439
a 5 33 0 1 8840879416872.688
a 5 34 0 1 5013766558828.046
a 5 35 0 1 13385342034412.55
a 5 36 0 1 11884729716045.543
a 5 37 0 1 18372243743060.523
a 5 38 0 1 16287207392056.486
a 5 39 0 1 16718978387542.943
a 5 40 0 1 7681966242634.854
a 5 41 0 1 11801220042670.404
a 5 42 0 1 18407539573766.676
a 5 43 0 1 16075019247830.738
a 5 44 0 1 6998604852888.127
a 5 45 0 1 19723584229577.15
a 5 46 0 1 20723346850894.59
a 5 47 0 1 15039757586251.87
a 5 48 0 1 14549416746937.982
a 5 49 0 1 9108499752900.854
a 5 50 0 1 11654425368515.295
a 5 51 0 1 5623295005340.348
a 5 52 0 1 12748129307745.557
a 5 53 0 1 22866602108140.68
a 5 54 0 1 8654941169315.594
a 5 55 0 1 8484352630130.585
a 5 56 0 1 13926018264244.508
a 5 57 0 1 8393004291757.742
a 5 58 0 1 6238582453060.157
a 5 59 0 1 9556343000165.701
a 5 60 0 1 20643303429894.99
a 5 61 0 1 21217714862596.992
a 5 62 0 1 5091630843752.06
a 5 63 0 1 18582930374696.355
a 5 64 0 1 7425463475149.389
a 5 65 0 1 18034392759887.76
a 5 66 0 1 8389437225224.843
a 5 67 0 1 9087391192642.059
a 5 68 0 1 16787569517015.4
a 5 69 0 1 11644795117960.918
a 5 70 0 1 4903464427378.305
a 5 71 0 1 16215349512661.156
a 5 72 0 1 15297849603997.455
a 5 73 0 1 22143154088962.516
a 5 74 0 1 14929330286734.496
a 5 75 0 1 6136014329536.931
a 5 76 0 1 22297120794558.03
a 5 77 0 1 8652621067056.924
a 5 78 0 1 6857154973368.974
a 5 79 0 1 13484139706934.227
a 5 80 0 1 9188365837179.95
a 6 33 0 1 9191875162142.912
a 6 34 0 1 5212729176488.299
a 6 35 0 1 13917048833096.246
a 6 36 0 1 12356742757474.012
a 6 37 0 1 19102481630823.867
a 6 38 0 1 16934410087484.28
a 6 39 0 1 17383372673973.65
a 6 40 0 1 7986909133161.214
a 6 41 0 1 12269911732641.73
a 6 42 0 1 19139183451450.66
a 6 43 0 1 16713774014553.709
a 6 44 0 1 7276398338211.997
a 6 45 0 1 20507660501080.707
a 6 46 0 1 21547265602006.117
a 6 47 0 1 15637301234422.795
a 6 48 0 1 15127444745147.531
a 6 49 0 1 9470132002675.422
a 6 50 0 1 12117278893349.938
a 6 51 0 1 5846461985857.155
a 6 52 0 1 13254485419351.115
a 6 53 0 1 23775965884002.562
a 6 54 0 1 8998547245839.486
a 6 55 0 1 8821179364509.785
a 6 56 0 1 14479238203136.072
a 6 57 0 1 8726200874744.464
a 6 58 0 1 6486186068706.472
a 6 59 0 1 9935776194271.994
a 6 60 0 1 21464031944186.83
a 6 61 0 1 22061338662224.16
a 6 62 0 1 5293685253892.296
a 6 63 0 1 19321561024279.594
a 6 64 0 1 7720215193761.615
a 6 65 0 1 18751173141523.984
a 6 66 0 1 8722492055830.754
a 6 67 0 1 9448184463117.85
a 6 68 0 1 17454695022754.387
a 6 69 0 1 12107265645657.293
a 6 70 0 1 5098047326921.524
a 6 71 0 1 16859691254464.518
a 6 72 0 1 15905666279359.195
a 6 73 0 1 23023671304809.383
a 6 74 0 1 15522478709454.04
a 6 75 0 1 6379544119771.343
a 6 76 0 1 23183776816364.0
a 6 77 0 1 8996134938770.787
a 6 78 0 1 7129329322161.449
a 6 79 0 1 14019777390008.443
a 6 80 0 1 9553172476890.129
a 7 33 0 1 13288371870606.855
a 7 34 0 1 7534321228483.753
a 7 35 0 1 20124274332544.258
a 7 36 0 1 17866614162520.418
a 7 37 0 1 27629860781966.434
a 7 38 0 1 24491226360631.883
a 7 39 0 1 25141114780263.83
a 7 40 0 1 11545680485050.77
a 7 41 0 1 17740986033051.34
a 7 42 0 1 27682998645282.11
a 7 43 0 1 24171859254342.863
a 7 44 0 1 10518199891201.402
a 7 45 0 1 29664459360648.05
a 7 46 0 1 31169923076318.164
a 7 47 0 1 22613786621866.207
a 7 48 0 1 21875887290808.094
a 7 49 0 1 13690833636796.78
a 7 50 0 1 17520157798709.883
a 7 51 0 1 8450574199570.67
a 7 52 0 1 19165544406319.11
a 7 53 0 1 34397873160364.59
a 7 54 0 1 13008755351721.336
a 7 55 0 1 12752227242320.453
a 7 56 0 1 20937814196846.69
a 7 57 0 1 12614861270067.936
a 7 58 0 1 9375549834487.998
a 7 59 0 1 14364352204457.639
a 7 60 0 1 31049385542791.574
a 7 61 0 1 31914417674986.645
a 7 62 0 1 7651364469657.736
a 7 63 0 1 27947052685078.383
a 7 64 0 1 11160001484017.627
a 7 65 0 1 27121237265788.55
a 7 66 0 1 12609497287823.248
a 7 67 0 1 13659089001641.717
a 7 68 0 1 25244359042794.285
a 7 69 0 1 17505670815967.44
a 7 70 0 1 7368520203486.323
a 7 71 0 1 24383071259078.715
a 7 72 0 1 23002198513292.754
a 7 73 0 1 33308200203296.258
a 7 74 0 1 22447604196638.87
a 7 75 0 1 9221352256824.021
a 7 76 0 1 33540100468040.695
a 7 77 0 1 13005266387822.158
a 7 78 0 1 10305530490992.594
a 7 79 0 1 20272928512496.832
a 7 80 0 1 13810942944430.389
a 8 33 0 1 3826870860304.9336
a 8 34 0 1 2170805734709.0654
a 8 35 0 1 5792271878880.636
a 8 36 0 1 5143412227459.725
a 8 37 0 1 7947677073967.722
a 8 38 0 1 7046667598300.364
a 8 39 0 1 7233269528599.644
a 8 40 0 1 3325474294323.389
a 8 41 0 1 5107299191322.103
a 8 42 0 1 7962927392964.401
a 8 43 0 1 6954960687555.812
a 8 44 0 1 3029786667623.2246
a 8 45 0 1 8531502408518.426
a 8 46 0 1 8963367671026.059
a 8 47 0 1 6507488038496.944
a 8 48 0 1 6295526170814.511
a 8 49 0 1 3942644342980.6562
a 8 50 0 1 5043818148532.42
a 8 51 0 1 2434615809129.5728
a 8 52 0 1 5516758813540.161
a 8 53 0 1 9888994643367.086
a 8 54 0 1 3746430948291.5493
a 8 55 0 1 3672629851200.6846
a 8 56 0 1 6026027252471.998
a 8 57 0 1 3633109476788.81
a 8 58 0 1 2700897138644.4727
a 8 59 0 1 4136373825503.472
a 8 60 0 1 8928793569999.504
a 8 61 0 1 9176897868392.688
a 8 62 0 1 2204507354494.439
a 8 63 0 1 8038707697970.577
a 8 64 0 1 3214489709616.202
a 8 65 0 1 7801697765015.76
a 8 66 0 1 3631566233841.1475
a 8 67 0 1 3933512853876.908
a 8 68 0 1 7262912136906.597
a 8 69 0 1 5039653524716.345
a 8 70 0 1 2123063612958.8806
a 8 71 0 1 7015611180402.62
a 8 72 0 1 6619049192701.042
a 8 73 0 1 9576581639524.994
a 8 74 0 1 6459754312179.19
a 8 75 0 1 2656509654513.634
a 8 76 0 1 9643072930576.197
a 8 77 0 1 3745427221951.724
a 8 78 0 1 2968578596796.946
a 8 79 0 1 5834987190773.25
a 8 80 0 1 3977193902917.763
a 9 33 0 1 3415105763090.4155
a 9 34 0 1 1937270301451.3438
a 9 35 0 1 5168906941015.238
a 9 36 0 1 4589914542167.58
a 9 37 0 1 7092157725988.23
a 9 38 0 1 6288206696099.797
a 9 39 0 1 6454708988524.14
a 9 40 0 1 2967677088493.3027
a 9 41 0 1 4557689775343.721
a 9 42 0 1 7105765097131.593
a 9 43 0 1 6206377619923.636
a 9 44 0 1 2703813235770.673
a 9 45 0 1 7613082697155.048
a 9 46 0 1 7998414664982.162
a 9 47 0 1 5807099986366.048
a 9 48 0 1 5617965912756.669
a 9 49 0 1 3518417160188.6064
a 9 50 0 1 4501043629079.639
a 9 51 0 1 2172692569791.8552
a 9 52 0 1 4923061430420.343
a 9 53 0 1 8824291823764.98
a 9 54 0 1 3343324387009.8843
a 9 55 0 1 3277467099270.057
a 9 56 0 1 5377489957839.449
a 9 57 0 1 3242200573068.669
a 9 58 0 1 2410318608348.432
a 9 59 0 1 3691292556762.164
a 9 60 0 1 7967566060380.479
a 9 61 0 1 8188935550815.32
a 9 62 0 1 1967345477359.8403
a 9 63 0 1 7173381359550.86
a 9 64 0 1 2868637593950.5044
a 9 65 0 1 6961904804146.515
a 9 66 0 1 3240823439214.576
a 9 67 0 1 3510268613316.748
a 9 68 0 1 6481158602378.982
a 9 69 0 1 4497327400150.738
a 9 70 0 1 1894665400923.7341
a 9 71 0 1 6260495413995.558
a 9 72 0 1 5906645867614.13
a 9 73 0 1 8545548000734.385
a 9 74 0 1 5764507156712.72
a 9 75 0 1 2370707896483.671
a 9 76 0 1 8604873614554.442
a 9 77 0 1 3342428700667.173
a 9 78 0 1 2649192523408.427
a 9 79 0 1 5207022470018.347
a 9 80 0 1 3549247680048.324
a 10 33 0 1 4058344451493.308
a 10 34 0 1 2302083380597.5244
a 10 35 0 1 6142709575860.652
a 10 36 0 1 5454568670352.339
a 10 37 0 1 8428645333228.743
a 10 38 0 1 7473062690774.429
a 10 39 0 1 7670965911734.725
a 10 40 0 1 3526607903819.0405
a 10 41 0 1 5416269573319.118
a 10 42 0 1 8444819450852.001
a 10 43 0 1 7375801865161.344
a 10 44 0 1 3213029679633.061
a 10 45 0 1 9047838746840.611
a 10 46 0 1 9505869607634.729
a 10 47 0 1 6901231352139.074
a 10 48 0 1 6676434618651.807
a 10 49 0 1 4181124025308.873
a 10 50 0 1 5348945825716.536
a 10 51 0 1 2581851889488.518
a 10 52 0 1 5850516490350.537
a 10 53 0 1 10487587218798.422
a 10 54 0 1 3973036793942.334
a 10 55 0 1 3894769777052.4204
a 10 56 0 1 6390617769381.423
a 10 57 0 1 3852857942519.8267
a 10 58 0 1 2864242187521.2524
a 10 59 0 1 4386577588956.1904
a 10 60 0 1 9469200649708.84
a 10 61 0 1 9732338066461.73
a 10 62 0 1 2337823626019.0186
a 10 63 0 1 8525190251303.432
a 10 64 0 1 3408908038760.7295
a 10 65 0 1 8273823400691.286
a 10 66 0 1 3851221315197.1514
a 10 67 0 1 4171439932306.073
a 10 68 0 1 7702403831468.862
a 10 69 0 1 5344529106359.822
a 10 70 0 1 2251453345858.149
a 10 71 0 1 7440125433396.329
a 10 72 0 1 7019548103574.633
a 10 73 0 1 10156241364461.348
a 10 74 0 1 6850607161307.081
a 10 75 0 1 2817169363199.797
a 10 76 0 1 10226762039229.895
a 10 77 0 1 3971972328651.477
a 10 78 0 1 3148118372205.4414
a 10 79 0 1 6188011044413.118
a 10 80 0 1 4217764407798.067
a 11 33 0 1 8833786470479.354
a 11 34 0 1 5009745836636.904
a 11 35 0 1 13374597494559.756
a 11 36 0 1 11875191379305.93
a 11 37 0 1 18357487702413.004
a 11 38 0 1 16274129130052.9
a 11 39 0 1 16705552755870.205
a 11 40 0 1 7675803902195.349
a 11 41 0 1 11791748819383.787
a 11 42 0 1 18392755124484.207
a 11 43 0 1 16062111683410.139
a 11 44 0 1 6992991134581.085
a 11 45 0 1 19707740367780.777
a 11 46 0 1 20706697968367.56
a 11 47 0 1 15027682732383.637
a 11 48 0 1 14537736228485.564
a 11 49 0 1 9101191872415.174
a 11 50 0 1 11645072115229.344
a 11 51 0 1 5618785163790.527
a 11 52 0 1 12737897014997.375
a 11 53 0 1 22848226826935.9
a 11 54 0 1 8647997547833.935
a 11 55 0 1 8477546000765.333
a 11 56 0 1 13914839022837.13
a 11 57 0 1 8386271017994.795
a 11 58 0 1 6233578801238.795
a 11 59 0 1 9548675413442.965
a 11 60 0 1 20626719006099.2
a 11 61 0 1 21200667840651.656
a 11 62 0 1 5087547642770.96
a 11 63 0 1 18568004754803.234
a 11 64 0 1 7419507072603.193
a 11 65 0 1 18019908634450.67
a 11 66 0 1 8382706815897.322
a 11 67 0 1 9080100265568.557
a 11 68 0 1 16774088699028.934
a 11 69 0 1 11635449603786.229
a 11 70 0 1 4899532210392.661
a 11 71 0 1 16202329058620.545
a 11 72 0 1 15285567172914.104
a 11 73 0 1 22125361642536.184
a 11 74 0 1 14917344243128.3
a 11 75 0 1 6131093000506.851
a 11 76 0 1 22279204315347.598
a 11 77 0 1 8645679308782.701
a 11 78 0 1 6851654804309.384
a 11 79 0 1 13473315738180.566
a 11 80 0 1 9180993811230.139
a 12 33 0 1 8227009524349.626
a 12 34 0 1 4665776479002.83
a 12 35 0 1 12455472841837.172
a 12 36 0 1 11059239656788.227
a 12 37 0 1 17095256010770.947
a 12 38 0 1 15155395921510.955
a 12 39 0 1 15557109024151.775
a 12 40 0 1 7148632177489.2
a 12 41 0 1 10981537738119.938
a 12 42 0 1 17128093716177.205
a 12 43 0 1 14957978312241.719
a 12 44 0 1 6512749939165.585
a 12 45 0 1 18352471144243.277
a 12 46 0 1 19282579440152.8
a 12 47 0 1 13994772163136.77
a 12 48 0 1 13538554085596.992
a 12 49 0 1 8476029399499.8
a 12 50 0 1 10844951778626.182
a 12 51 0 1 5232973942072.447
a 12 52 0 1 11862587262786.715
a 12 53 0 1 21276461975225.94
a 12 54 0 1 8053993945932.582
a 12 55 0 1 7895260821566.599
a 12 56 0 1 12958532655308.756
a 12 57 0 1 7810260752900.592
a 12 58 0 1 5805524843511.431
a 12 59 0 1 8892743737003.543
a 12 60 0 1 19208113262806.312
a 12 61 0 1 19742498893047.844
a 12 62 0 1 4738233495346.708
a 12 63 0 1 17291269411641.875
a 12 64 0 1 6909951737752.336
a 12 65 0 1 16780933213238.799
a 12 66 0 1 7806941577797.145
a 12 67 0 1 8456387989771.395
a 12 68 0 1 15620924901597.387
a 12 69 0 1 10835991244689.352
a 12 70 0 1 4563134101017.638
a 12 71 0 1 15088540184329.664
a 12 72 0 1 14234902147540.732
a 12 73 0 1 20603441842826.16
a 12 74 0 1 13892029799235.045
a 12 75 0 1 5710081273159.979
a 12 76 0 1 20746676966015.496
a 12 77 0 1 8051835087041.45
a 12 78 0 1 6381126963734.376
a 12 79 0 1 12547397198554.768
a 12 80 0 1 8550344331355.567
a 13 33 0 1 13503040601373.008
a 13 34 0 1 7655953461133.311
a 13 35 0 1 20449634807276.54
a 13 36 0 1 18155397431812.21
a 13 37 0 1 28076961091834.844
a 13 38 0 1 24887392333856.97
a 13 39 0 1 25547824191608.957
a 13 40 0 1 11732158640363.176
a 13 41 0 1 18027734521013.277
a 13 42 0 1 28130961608231.145
a 13 43 0 1 24562844575940.816
a 13 44 0 1 10688062434825.945
a 13 45 0 1 30144597500399.86
a 13 46 0 1 31674517076349.668
a 13 47 0 1 22979503033214.55
a 13 48 0 1 22229639623262.676
a 13 49 0 1 13912014407804.025
a 13 50 0 1 17803329707465.96
a 13 51 0 1 8587012824075.887
a 13 52 0 1 19475369774765.797
a 13 53 0 1 34954933405859.363
a 13 54 0 1 13218900103120.201
a 13 55 0 1 12958221827314.012
a 13 56 0 1 21276359874954.977
a 13 57 0 1 12818633621504.916
a 13 58 0 1 9526939026741.227
a 13 59 0 1 14596432227355.29
a 13 60 0 1 31552021125142.19
a 13 61 0 1 32431108977141.355
a 13 62 0 1 7774887911523.999
a 13 63 0 1 28399302525033.082
a 13 64 0 1 11340242272193.807
a 13 65 0 1 27560080999670.156
a 13 66 0 1 12813182865061.531
a 13 67 0 1 13879756105699.941
a 13 68 0 1 25652743580793.02
a 13 69 0 1 17788608097051.652
a 13 70 0 1 7487473477077.322
a 13 71 0 1 24777482738062.64
a 13 72 0 1 23374213348701.11
a 13 73 0 1 33847544762062.777
a 13 74 0 1 22810625995654.324
a 13 75 0 1 9370248897781.945
a 13 76 0 1 34083214836931.22
a 13 77 0 1 13215354692348.084
a 13 78 0 1 10471954410529.79
a 13 79 0 1 20600698067860.72
a 13 80 0 1 14034067265185.05
a 14 33 0 1 13957293466794.64
a 14 34 0 1 7913326511550.165
a 14 35 0 1 21138145877360.098
a 14 36 0 1 18766497685013.188
a 14 37 0 1 29023133054831.58
a 14 38 0 1 25725759648892.51
a 14 39 0 1 26408506809783.57
a 14 40 0 1 12126754440942.96
a 14 41 0 1 18634528488348.125
a 14 42 0 1 29078959446386.605
a 14 43 0 1 25390247046496.07
a 14 44 0 1 11047496743524.748
a 14 45 0 1 31160697515236.324
a 14 46 0 1 32742381566987.273
a 14 47 0 1 23753424462388.344
a 14 48 0 1 22978239705202.91
a 14 49 0 1 14380048263412.469
a 14 50 0 1 18402554438122.414
a 14 51 0 1 8875717641437.604
a 14 52 0 1 20131002599164.324
a 14 53 0 1 36133853595442.41
a 14 54 0 1 13663579214982.396
a 14 55 0 1 13394118284900.223
a 14 56 0 1 21992776182062.516
a 14 57 0 1 13249827360571.455
a 14 58 0 1 9847281039014.463
a 14 59 0 1 15087531576429.457
a 14 60 0 1 32615740299202.055
a 14 61 0 1 33524579547844.477
a 14 62 0 1 8036262926259.035
a 14 63 0 1 29356373902570.8
a 14 64 0 1 11721638682066.62
a 14 65 0 1 28488777307608.453
a 14 66 0 1 13244192971630.15
a 14 67 0 1 14346702920356.893
a 14 68 0 1 26516971638558.773
a 14 69 0 1 18387336277831.598
a 14 70 0 1 7739177624825.174
a 14 71 0 1 25612136663059.47
a 14 72 0 1 24161465150325.42
a 14 73 0 1 34988965555851.254
a 14 74 0 1 23578844399794.18
a 14 75 0 1 9685316348919.55
a 14 76 0 1 35232615275916.266
a 14 77 0 1 13659914350183.145
a 14 78 0 1 10824112051639.791
a 14 79 0 1 21294307709745.117
a 14 80 0 1 14506214136111.129
a 15 33 0 1 2953223567987.178
a 15 34 0 1 1675299203528.4756
a 15 35 0 1 4469706626690.956
a 15 36 0 1 3969070576931.612
a 15 37 0 1 6132614697076.21
a 15 38 0 1 5437503406624.656
a 15 39 0 1 5581465873169.779
a 15 40 0 1 2566326079245.361
a 15 41 0 1 3941206595241.0337
a 15 42 0 1 6144379738019.688
a 15 43 0 1 5366751460430.807
a 15 44 0 1 2338156990495.714
a 15 45 0 1 6583006994278.704
a 15 46 0 1 6916160726447.828
a 15 47 0 1 5021521100061.539
a 15 48 0 1 4857987213767.223
a 15 49 0 1 3042557532230.629
a 15 50 0 1 3892225965639.841
a 15 51 0 1 1878879156460.2734
a 15 52 0 1 4257133047733.889
a 15 53 0 1 7630191445503.247
a 15 54 0 1 2891153626500.332
a 15 55 0 1 2834206170443.386
a 15 56 0 1 4650059419533.795
a 15 57 0 1 2803710804125.0776
a 15 58 0 1 2084363292383.9858
a 15 59 0 1 3192043247171.1606
a 15 60 0 1 6889489513527.508
a 15 61 0 1 7080881485786.966
a 15 62 0 1 1701306609357.5562
a 15 63 0 1 6202841220424.045
a 15 64 0 1 2480684590357.4717
a 15 65 0 1 6019996735919.5205
a 15 66 0 1 2802519980138.2734
a 15 67 0 1 3035511446935.158
a 15 68 0 1 5604334868805.249
a 15 69 0 1 3889012624294.6675
a 15 70 0 1 1638456719356.3167
a 15 71 0 1 5413543396584.154
a 15 72 0 1 5107592590409.481
a 15 73 0 1 7389199244207.623
a 15 74 0 1 4984693494530.557
a 15 75 0 1 2050110531822.0386
a 15 76 0 1 7440490279203.12
a 15 77 0 1 2890379118336.612
a 15 78 0 1 2290924981050.7925
a 15 79 0 1 4502663578174.2295
a 15 80 0 1 3069216805855.724
a 16 33 0 1 4856919760839.95
a 16 34 0 1 2754963143866.8916
a 16 35 0 1 7351780336633.383
a 16 36 0 1 6528090692401.297
a 16 37 0 1 10088180142992.459
a 16 38 0 1 8944256884150.188
a 16 39 0 1 9181161778925.0
a 16 40 0 1 4220500614509.8335
a 16 41 0 1 6482248264381.406
a 16 42 0 1 10107542526232.424
a 16 43 0 1 8827829211877.27
a 16 44 0 1 3845195657073.0996
a 16 45 0 1 10829440008663.791
a 16 46 0 1 11377779491124.668
a 16 47 0 1 8259744137432.208
a 16 48 0 1 7990655267563.383
a 16 49 0 1 5003873042745.556
a 16 50 0 1 6401664728458.518
a 16 51 0 1 3089788986761.9224
a 16 52 0 1 7002028450299.762
a 16 53 0 1 12553097943020.75
a 16 54 0 1 4754816611847.469
a 16 55 0 1 4661140622058.388
a 16 56 0 1 7648527332840.1045
a 16 57 0 1 4610977449306.511
a 16 58 0 1 3427756881290.206
a 16 59 0 1 5249779582086.743
a 16 60 0 1 11333880200801.494
a 16 61 0 1 11648904294617.186
a 16 62 0 1 2797736691481.0796
a 16 63 0 1 10203756346699.852
a 16 64 0 1 4079631333635.427
a 16 65 0 1 9902840204920.479
a 16 66 0 1 4609018615031.259
a 16 67 0 1 4992282247524.88
a 16 68 0 1 9218795506085.67
a 16 69 0 1 6396378120142.561
a 16 70 0 1 2694369772491.276
a 16 71 0 1 8904828740496.564
a 16 72 0 1 8401374170232.149
a 16 73 0 1 12156402760286.943
a 16 74 0 1 8199145124673.069
a 16 75 0 1 3371419293687.429
a 16 76 0 1 12240831298987.293
a 16 77 0 1 4753542575629.389
a 16 78 0 1 3767507461168.7695
a 16 79 0 1 7406006107678.78
a 16 80 0 1 5047727600529.573
a 17 33 0 1 13614086332773.271
a 17 34 0 1 7718871430954.985
a 17 35 0 1 20617943393217.69
a 17 36 0 1 18304783718427.43
a 17 37 0 1 28308250468205.62
a 17 38 0 1 25092331054695.324
a 17 39 0 1 25758217475400.895
a 17 40 0 1 11828621227617.344
a 17 41 0 1 18176068171671.25
a 17 42 0 1 28362697278425.715
a 17 43 0 1 24765103135669.496
a 17 44 0 1 10775929739439.525
a 17 45 0 1 30392979103799.26
a 17 46 0 1 31935551124412.223
a 17 47 0 1 23168689030803.59
a 17 48 0 1 22412636190996.625
a 17 49 0 1 14026428874879.568
a 17 50 0 1 17949813118920.555
a 17 51 0 1 8657590032727.998
a 17 52 0 1 19635641633783.9
a 17 53 0 1 35243111671307.69
a 17 54 0 1 13327605544726.707
a 17 55 0 1 13064780358740.7
a 17 56 0 1 21451489554273.375
a 17 57 0 1 12924042577212.79
a 17 58 0 1 9605250095566.02
a 17 59 0 1 14716484990415.934
a 17 60 0 1 31812041965390.82
a 17 61 0 1 32698401705999.266
a 17 62 0 1 7838784187913.55
a 17 63 0 1 28633256014295.53
a 17 64 0 1 11433478253550.773
a 17 65 0 1 27787098840842.516
a 17 66 0 1 12918546931935.717
a 17 67 0 1 13993904848067.793
a 17 68 0 1 25864003479742.344
a 17 69 0 1 17934970130785.703
a 17 70 0 1 7549005645094.27
a 17 71 0 1 24981513787359.402
a 17 72 0 1 23566657748264.902
a 17 73 0 1 34126557489426.812
a 17 74 0 1 22998417975269.676
a 17 75 0 1 9447270578439.96
a 17 76 0 1 34364177940513.85
a 17 77 0 1 13324030933572.123
a 17 78 0 1 10558042915606.355
a 17 79 0 1 20770252939699.203
a 17 80 0 1 14149487149118.834
a 18 33 0 1 8006439582496.286
a 18 34 0 1 4540734761928.78
a 18 35 0 1 12121377532309.057
a 18 36 0 1 10762642174211.312
a 18 37 0 1 16636468428785.688
a 18 38 0 1 14748757054904.604
a 18 39 0 1 15139672877623.697
a 18 40 0 1 6956997194607.629
a 18 41 0 1 10687026706438.28
a 18 42 0 1 16668423172242.79
a 18 43 0 1 14556645297250.752
a 18 44 0 1 6338173635204.883
a 18 45 0 1 17859874092436.95
a 18 46 0 1 18764963460049.695
a 18 47 0 1 13619323183689.213
a 18 48 0 1 13175363008754.969
a 18 49 0 1 8248776776903.896
a 18 50 0 1 10554108263275.46
a 18 51 0 1 5092722551384.211
a 18 52 0 1 11544416171419.639
a 18 53 0 1 20705195093754.887
a 18 54 0 1 7838066819049.067
a 18 55 0 1 7683593086472.212
a 18 56 0 1 12610924084235.121
a 18 57 0 1 7600873819052.314
a 18 58 0 1 5649918263451.447
a 18 59 0 1 8654307362119.463
a 18 60 0 1 18692500536041.266
a 18 61 0 1 19212509639960.082
a 18 62 0 1 4611248916123.596
a 18 63 0 1 16827211195288.816
a 18 64 0 1 6724720069727.291
a 18 65 0 1 16330597021895.854
a 18 66 0 1 7597643706274.23
a 18 67 0 1 8229662476281.509
a 18 68 0 1 15201773416871.316
a 18 69 0 1 10545388327778.68
a 18 70 0 1 4440844582267.29
a 18 71 0 1 14683698177746.393
a 18 72 0 1 13853000728451.832
a 18 73 0 1 20050287101585.777
a 18 74 0 1 13519341463934.555
a 18 75 0 1 5557034522168.287
a 18 76 0 1 20189667747713.742
a 18 77 0 1 7835965891274.285
a 18 78 0 1 6210081377991.941
a 18 79 0 1 12210832718118.076
a 18 80 0 1 8321097325962.514
a 19 33 0 1 5575861984057.781
a 19 34 0 1 3162651379247.6685
a 19 35 0 1 8440381611195.565
a 19 36 0 1 7494620376508.312
a 19 37 0 1 11582509388392.873
a 19 38 0 1 10268940095818.742
a 19 39 0 1 10540974232360.062
a 19 40 0 1 4845184769306.132
a 19 41 0 1 7441984837845.072
a 19 42 0 1 11604743692179.76
a 19 43 0 1 10135248851142.03
a 19 44 0 1 4414301990075.876
a 19 45 0 1 12433726928286.615
a 19 46 0 1 13063420356552.576
a 19 47 0 1 9482937319199.521
a 19 48 0 1 9173956723472.857
a 19 49 0 1 5744582315127.652
a 19 50 0 1 7349460317314.472
a 19 51 0 1 3547046056023.3735
a 19 52 0 1 8038792914486.181
a 19 53 0 1 14413153727507.902
a 19 54 0 1 5458635585890.694
a 19 55 0 1 5351084914586.508
a 19 56 0 1 8781113309279.062
a 19 57 0 1 5293492038509.083
a 19 58 0 1 3935052394685.4893
a 19 59 0 1 6026914973235.596
a 19 60 0 1 13013007548984.854
a 19 61 0 1 13374774731514.234
a 19 62 0 1 3211757033769.374
a 19 63 0 1 11715228621048.535
a 19 64 0 1 4683453919083.802
a 19 65 0 1 11369679695310.314
a 19 66 0 1 5291243081888.069
a 19 67 0 1 5731274634646.531
a 19 68 0 1 10584188647437.402
a 19 69 0 1 7343390340643.534
a 19 70 0 1 3093088013917.6074
a 19 71 0 1 10223665596842.62
a 19 72 0 1 9645564776443.639
a 19 73 0 1 13957583708822.78
a 19 74 0 1 9413354412630.11
a 19 75 0 1 3870373333782.5415
a 19 76 0 1 14054542047127.65
a 19 77 0 1 5457172845367.146
a 19 78 0 1 4325109863567.374
a 19 79 0 1 8502644625881.267
a 19 80 0 1 5794932872043.686
a 20 33 0 1 9148807769151.02
a 20 34 0 1 5188316716279.248
a 20 35 0 1 13851806892312.262
a 20 36 0 1 12298825760170.121
a 20 37 0 1 19012877562374.387
a 20 38 0 1 16854995544330.424
a 20 39 0 1 17301848507399.756
a 20 40 0 1 7949492627705.419
a 20 41 0 1 12212402291471.016
a 20 42 0 1 19049406847818.793
a 20 43 0 1 16635396135318.258
a 20 44 0 1 7242313159381.581
a 20 45 0 1 20411449653727.418
a 20 46 0 1 21446165437290.184
a 20 47 0 1 15563980436853.312
a 20 48 0 1 15056518729223.553
a 20 49 0 1 9425759456392.898
a 20 50 0 1 12060485840623.697
a 20 51 0 1 5819079614159.767
a 20 52 0 1 13192354239268.918
a 20 53 0 1 23664380098569.254
a 20 54 0 1 8956386601197.94
a 20 55 0 1 8779850576981.352
a 20 56 0 1 14411356391185.477
a 20 57 0 1 8685317523369.294
a 20 58 0 1 6455805270633.299
a 20 59 0 1 9889219375159.684
a 20 60 0 1 21363323274632.742
a 20 61 0 1 21957820354454.152
a 20 62 0 1 5268893426935.132
a 20 63 0 1 19230927042533.76
a 20 64 0 1 7684049182754.226
a 20 65 0 1 18663220500124.68
a 20 66 0 1 8681626098113.493
a 20 67 0 1 9403914863971.406
a 20 68 0 1 17372835700707.463
a 20 69 0 1 12050519589640.22
a 20 70 0 1 5074172263118.112
a 20 71 0 1 16780627785423.74
a 20 72 0 1 15831084866283.25
a 20 73 0 1 22915625524394.84
a 20 74 0 1 15449697254481.082
a 20 75 0 1 6349663189646.581
a 20 76 0 1 23074977692948.58
a 20 77 0 1 8953985608100.234
a 20 78 0 1 7095933628682.291
a 20 79 0 1 13954053092402.79
a 20 80 0 1 9508410416247.25
a 21 33 0 1 14208353549537.64
a 21 34 0 1 8055568487614.321
a 21 35 0 1 21518693582177.168
a 21 36 0 1 19104254898563.12
a 21 37 0 1 29546116882837.457
a 21 38 0 1 26189146976563.707
a 21 39 0 1 26884230281310.758
a 21 40 0 1 12344840457289.027
a 21 41 0 1 18969905344691.35
a 21 42 0 1 29602952673378.715
a 21 43 0 1 25847572924172.312
a 21 44 0 1 11246148385770.904
a 21 45 0 1 31722340154937.56
a 21 46 0 1 33332642144798.93
a 21 47 0 1 24181185951461.406
a 21 48 0 1 23392003718084.734
a 21 49 0 1 14638725570574.12
a 21 50 0 1 18733747306362.3
a 21 51 0 1 9035276591614.861
a 21 52 0 1 20493376003002.047
a 21 53 0 1 36785512991365.72
a 21 54 0 1 13909347578920.012
a 21 55 0 1 13635032211756.465
a 21 56 0 1 22388749396268.312
a 21 57 0 1 13488141959774.172
a 21 58 0 1 10024325969259.553
a 21 59 0 1 15358958054366.13
a 21 60 0 1 33203709123425.29
a 21 61 0 1 34128996616946.73
a 21 62 0 1 8180716765255.839
a 21 63 0 1 29885383266205.51
a 21 64 0 1 11932429134707.754
a 21 65 0 1 29002100098535.957
a 21 66 0 1 13482406071962.838
a 21 67 0 1 14604779381458.713
a 21 68 0 1 26994655076963.57
a 21 69 0 1 18718254672454.066
a 21 70 0 1 7878286436021.427
a 21 71 0 1 26073471197619.074
a 21 72 0 1 24596595633576.188
a 21 73 0 1 35619892572604.43
a 21 74 0 1 24003453282633.848
a 21 75 0 1 9859445998407.264
a 21 76 0 1 35867953994598.01
a 21 77 0 1 13905616688186.352
a 21 78 0 1 11018741782423.068
a 21 79 0 1 21677673801178.062
a 21 80 0 1 14767164854726.36
a 22 33 0 1 2612325511814.535
a 22 34 0 1 1481940352657.6853
a 22 35 0 1 3953677404175.8555
a 22 36 0 1 3510863329340.1313
a 22 37 0 1 5424482218362.106
a 22 38 0 1 4809679818397.632
a 22 39 0 1 4937010678938.942
a 22 40 0 1 2270100250433.0264
a 22 41 0 1 3486217381475.009
a 22 42 0 1 5434887900871.346
a 22 43 0 1 4747101480184.1455
a 22 44 0 1 2068274529845.89
a 22 45 0 1 5822832885037.467
a 22 46 0 1 6117488519206.128
a 22 47 0 1 4441752116101.943
a 22 48 0 1 4297108678580.414
a 22 49 0 1 2691344235399.2656
a 22 50 0 1 3442893520213.2036
a 22 51 0 1 1662019119448.7517
a 22 52 0 1 3765656161622.7256
a 22 53 0 1 6748999508701.224
a 22 54 0 1 2557422570221.8584
a 22 55 0 1 2507050558817.294
a 22 56 0 1 4113198541249.435
a 22 57 0 1 2480076312170.588
a 22 58 0 1 1843781262927.8186
a 22 59 0 1 2823568669712.097
a 22 60 0 1 6093899435986.266
a 22 61 0 1 6263173749848.814
a 22 62 0 1 1504945528534.2195
a 22 63 0 1 5486594568068.739
a 22 64 0 1 2194346682955.8599
a 22 65 0 1 5324876216716.355
a 22 66 0 1 2479022985146.1743
a 22 67 0 1 2685111756387.1494
a 22 68 0 1 4957237634634.307
a 22 69 0 1 3440051285387.4946
a 22 70 0 1 1449350845592.0156
a 22 71 0 1 4788487798115.463
a 22 72 0 1 4517880894003.707
a 22 73 0 1 6535859847393.14
a 22 74 0 1 4409178668456.336
a 22 75 0 1 1813482860655.9355
a 22 76 0 1 6581223063972.263
a 22 77 0 1 2556737491244.8594
a 22 78 0 1 2026495561060.8455
a 22 79 0 1 3982827718939.1675
a 22 80 0 1 2714925171754.4736
a 23 33 0 1 2424983743471.016
a 23 34 0 1 1375676495065.877
a 23 35 0 1 3670100525167.85
a 23 36 0 1 3259059137187.7734
a 23 37 0 1 5035350928720.347
a 23 38 0 1 4464674738363.57
a 23 39 0 1 4582867157760.964
a 23 40 0 1 2107306969994.0098
a 23 41 0 1 3236181490985.7915
a 23 42 0 1 5045009714330.036
a 23 43 0 1 4406587509786.405
a 23 44 0 1 1919957761679.4756
a 23 45 0 1 5405107679248.121
a 23 46 0 1 5678611139747.338
a 23 47 0 1 4123151536040.8267
a 23 48 0 1 3988887932428.6143
a 23 49 0 1 2498334044156.606
a 23 50 0 1 3195966014917.537
a 23 51 0 1 1542840259148.4954
a 23 52 0 1 3495570504028.7383
a 23 53 0 1 6264783942131.522
a 23 54 0 1 2374019218283.6978
a 23 55 0 1 2327260560157.8706
a 23 56 0 1 3818175003951.0215
a 23 57 0 1 2302221250675.5737
a 23 58 0 1 1711566166335.9338
a 23 59 0 1 2621073119834.9214
a 23 60 0 1 5656715473455.02
a 23 61 0 1 5813837706262.273
a 23 62 0 1 1397031798908.427
a 23 63 0 1 5093004966564.432
a 23 64 0 1 2036987111470.663
a 23 65 0 1 4942894341746.033
a 23 66 0 1 2301243481479.7607
a 23 67 0 1 2492548656668.526
a 23 68 0 1 4601642417001.158
a 23 69 0 1 3193327702753.0386
a 23 70 0 1 1345424209724.8547
a 23 71 0 1 4445003629473.092
a 23 72 0 1 4193817067717.5503
a 23 73 0 1 6066946940706.068
a 23 74 0 1 4092915636724.705
a 23 75 0 1 1683440843216.8076
a 23 76 0 1 6109053300141.678
a 23 77 0 1 2373383282579.5776
a 23 78 0 1 1881175427846.4019
a 23 79 0 1 3697159148200.4087
a 23 80 0 1 2520223379089.703
a 24 33 0 1 14033671580714.496
a 24 34 0 1 7956600091460.517
a 24 35 0 1 21253915832316.336
a 24 36 0 1 18869250299032.25
a 24 37 0 1 29182233011644.473
a 24 38 0 1 25866730080159.094
a 24 39 0 1 26553229966137.758
a 24 40 0 1 12193101278783.717
a 24 41 0 1 18736556968746.62
a 24 42 0 1 29238366465456.008
a 24 43 0 1 25529373547500.695
a 24 44 0 1 11107931286893.814
a 24 45 0 1 31331557565240.504
a 24 46 0 1 32921947208048.168
a 24 47 0 1 23883557269398.363
a 24 48 0 1 23104114367098.707
a 24 49 0 1 14458743660003.186
a 24 50 0 1 18503310097767.45
a 24 51 0 1 8924259412257.432
a 24 52 0 1 20241243741559.246
a 24 53 0 1 36332096652933.76
a 24 54 0 1 13738347500926.562
a 24 55 0 1 13467409769968.176
a 24 56 0 1 22113238725780.082
a 24 57 0 1 13322328086260.854
a 24 58 0 1 9901142401110.057
a 24 59 0 1 15170105470315.705
a 24 60 0 1 32794608789147.332
a 24 61 0 1 33708451585864.52
a 24 62 0 1 8080209402613.294
a 24 63 0 1 29517306845000.45
a 24 64 0 1 11785766077244.12
a 24 65 0 1 28644938344906.125
a 24 66 0 1 13316662819642.676
a 24 67 0 1 14425215529977.393
a 24 68 0 1 26662291027295.832
a 24 69 0 1 18488008439188.918
a 24 70 0 1 7781498027950.861
a 24 71 0 1 25752482622273.37
a 24 72 0 1 24293839660939.793
a 24 73 0 1 35180901879274.12
a 24 74 0 1 23708018159401.812
a 24 75 0 1 9738290824267.717
a 24 76 0 1 35425893628973.47
a 24 77 0 1 13734662549943.502
a 24 78 0 1 10883323053182.105
a 24 79 0 1 21410935045963.49
a 24 80 0 1 14585601140629.77
a 25 33 0 1 4386780579872.3022
a 25 34 0 1 2488347042264.669
a 25 35 0 1 6639959448827.751
a 25 36 0 1 5896075992155.133
a 25 37 0 1 9111134981315.676
a 25 38 0 1 8078104308097.721
a 25 39 0 1 8292045670322.444
a 25 40 0 1 3811992450211.6523
a 25 41 0 1 5854674774099.457
a 25 42 0 1 9128620136847.498
a 25 43 0 1 7972961723155.467
a 25 44 0 1 3473028311596.1377
a 25 45 0 1 9780522599419.352
a 25 46 0 1 10275688185507.793
a 25 47 0 1 7459936011436.729
a 25 48 0 1 7216925228820.557
a 25 49 0 1 4519501703663.479
a 25 50 0 1 5781898060669.911
a 25 51 0 1 2790759149770.082
a 25 52 0 1 6324096224675.459
a 25 53 0 1 11337012544527.51
a 25 54 0 1 4294565679105.409
a 25 55 0 1 4209961618955.1367
a 25 56 0 1 6907951676011.694
a 25 57 0 1 4164656360899.7217
a 25 58 0 1 3096006844961.7935
a 25 59 0 1 4741591668988.431
a 25 60 0 1 10236046146049.887
a 25 61 0 1 10520519076286.842
a 25 62 0 1 2526979904866.1577
a 25 63 0 1 9215505693445.78
a 25 64 0 1 3684763889252.236
a 25 65 0 1 8943763795245.658
a 25 66 0 1 4162887223520.7295
a 25 67 0 1 4509033471681.889
a 25 68 0 1 8326031401998.998
a 25 69 0 1 5777123607146.89
a 25 70 0 1 2433619337452.197
a 25 71 0 1 8042497881377.193
a 25 72 0 1 7587839731144.092
a 25 73 0 1 10978795927337.373
a 25 74 0 1 7405209930544.024
a 25 75 0 1 3045123713565.579
a 25 76 0 1 11055035348203.28
a 25 77 0 1 4293415026457.44
a 25 78 0 1 3402862317609.97
a 25 79 0 1 6688930877877.314
a 25 80 0 1 4559108943011.06
a 26 33 0 1 6071164527436.886
a 26 34 0 1 3443503987599.9004
a 26 35 0 1 9190408141473.65
a 26 36 0 1 8160525987242.7705
a 26 37 0 1 12612156371378.31
a 26 38 0 1 11181664702057.393
a 26 39 0 1 11477909761187.412
a 26 40 0 1 5275541993531.995
a 26 41 0 1 8103209356181.727
a 26 42 0 1 12636370108667.887
a 26 43 0 1 11036075598636.67
a 26 44 0 1 4806366320458.833
a 26 45 0 1 13539162371805.992
a 26 46 0 1 14224931192400.691
a 26 47 0 1 10325717290985.705
a 26 48 0 1 9989244975433.227
a 26 49 0 1 6254883042468.898
a 26 50 0 1 8002456403710.165
a 26 51 0 1 3862049206118.6914
a 26 52 0 1 8753097622047.442
a 26 53 0 1 15694890711512.512
a 26 54 0 1 5943517807967.489
a 26 55 0 1 5826407165623.937
a 26 56 0 1 9561451176036.03
a 26 57 0 1 5763695076229.169
a 26 58 0 1 4284530293114.661
a 26 59 0 1 6562314730238.285
a 26 60 0 1 14170028702770.398
a 26 61 0 1 14564015535773.205
a 26 62 0 1 3496972122461.6226
a 26 63 0 1 12756691244277.512
a 26 64 0 1 5099437509594.242
a 26 65 0 1 12380379837737.783
a 26 66 0 1 5761246219845.057
a 26 67 0 1 6240392369237.392
a 26 68 0 1 11524970392864.012
a 26 69 0 1 7995846615837.763
a 26 70 0 1 3367760798332.181
a 26 71 0 1 11132360952203.834
a 26 72 0 1 10502815471993.182
a 26 73 0 1 15198736700086.44
a 26 74 0 1 10249943020899.822
a 26 75 0 1 4214104200517.7676
a 26 76 0 1 15304332085178.945
a 26 77 0 1 5941925045540.25
a 26 78 0 1 4709248135804.009
a 26 79 0 1 9258209852181.39
a 26 80 0 1 6309709572436.879
a 27 33 0 1 3979804762517.747
a 27 34 0 1 2257540818124.86
a 27 35 0 1 6023803930313.264
a 27 36 0 1 5348991709088.896
a 27 37 0 1 8265448252318.777
a 27 38 0 1 7328383402267.062
a 27 39 0 1 7522451876631.505
a 27 40 0 1 3458362819814.593
a 27 41 0 1 5311434371051.33
a 27 42 0 1 8281308904838.773
a 27 43 0 1 7233007125018.089
a 27 44 0 1 3150855000020.7104
a 27 45 0 1 8872640470747.852
a 27 46 0 1 9321792706235.064
a 27 47 0 1 6767631406942.561
a 27 48 0 1 6547189762142.299
a 27 49 0 1 4100207105316.3896
a 27 50 0 1 5245414502751.303
a 27 51 0 1 2531894562601.1885
a 27 52 0 1 5737270620949.783
a 27 53 0 1 10284477277304.832
a 27 54 0 1 3896148774206.9365
a 27 55 0 1 3819397082443.8096
a 27 56 0 1 6266909852631.962
a 27 57 0 1 3778296690543.6997
a 27 58 0 1 2808819006046.273
a 27 59 0 1 4301682574979.7812
a 27 60 0 1 9285834585620.389
a 27 61 0 1 9543870884508.998
a 27 62 0 1 2292589349964.7744
a 27 63 0 1 8360122049006.087
a 27 64 0 1 3342941498109.2964
a 27 65 0 1 8113626813376.623
a 27 66 0 1 3776691749323.8105
a 27 67 0 1 4090710515979.3257
a 27 68 0 1 7553280611853.485
a 27 69 0 1 5241083322636.608
a 27 70 0 1 2207890663090.4326
a 27 71 0 1 7296084349478.187
a 27 72 0 1 6883655865699.125
a 27 73 0 1 9959555858998.021
a 27 74 0 1 6717988000719.334
a 27 75 0 1 2762657332179.6987
a 27 76 0 1 10028709254782.959
a 27 77 0 1 3895104918173.001
a 27 78 0 1 3087200224513.3867
a 27 79 0 1 6068227876592.103
a 27 80 0 1 4136138052035.013
a 28 33 0 1 7119845571797.848
a 28 34 0 1 4038094390311.9824
a 28 35 0 1 10778549638455.34
a 28 36 0 1 9570503311593.256
a 28 37 0 1 14792598244632.678
a 28 38 0 1 13114423646239.457
a 28 39 0 1 13461954291549.752
a 28 40 0 1 6186696094232.854
a 28 41 0 1 9503272661840.525
a 28 42 0 1 14821005300858.729
a 28 43 0 1 12943631837395.336
a 28 44 0 1 5636435139158.347
a 28 45 0 1 15880162105832.842
a 28 46 0 1 16684732274730.98
a 28 47 0 1 12110318711860.283
a 28 48 0 1 11715615158393.588
a 28 49 0 1 7335324860571.325
a 28 50 0 1 9385092911701.203
a 28 51 0 1 4528947571668.059
a 28 52 0 1 10265580655043.457
a 28 53 0 1 18409419082842.45
a 28 54 0 1 6970132550931.388
a 28 55 0 1 6832777648998.087
a 28 56 0 1 11213793302960.568
a 28 57 0 1 6759225135838.644
a 28 58 0 1 5024424871642.542
a 28 59 0 1 7695908055031.493
a 28 60 0 1 16620317766736.24
a 28 61 0 1 17082567107883.688
a 28 62 0 1 4100799236448.569
a 28 63 0 1 14962163977579.443
a 28 64 0 1 5980155149843.316
a 28 65 0 1 14520684192690.775
a 28 66 0 1 6756352973396.127
a 28 67 0 1 7318329020611.843
a 28 68 0 1 13517162380601.623
a 28 69 0 1 9377339874296.488
a 28 70 0 1 3949266664492.964
a 28 71 0 1 13056584889208.932
a 28 72 0 1 12318068334735.389
a 28 73 0 1 17827275906571.7
a 28 74 0 1 12021430183331.156
a 28 75 0 1 4941829991884.808
a 28 76 0 1 17951171214129.777
a 28 77 0 1 6968264452305.703
a 28 78 0 1 5522533788379.007
a 28 79 0 1 10858082425808.018
a 28 80 0 1 7399629962169.768
a 29 33 0 1 8718355204096.923
a 29 34 0 1 4944311831609.188
a 29 35 0 1 13199741127923.857
a 29 36 0 1 11719964358908.682
a 29 37 0 1 18117350190221.758
a 29 38 0 1 16061294816625.629
a 29 39 0 1 16487065534500.336
a 29 40 0 1 7575517217673.261
a 29 41 0 1 11637613983635.98
a 29 42 0 1 18152155308176.113
a 29 43 0 1 15852055213887.16
a 29 44 0 1 6901632694282.882
a 29 45 0 1 19449900381072.137
a 29 46 0 1 20435757661493.35
a 29 47 0 1 14831177389372.629
a 29 48 0 1 14347648123893.87
a 29 49 0 1 8982262799556.07
a 29 50 0 1 11492857089425.3
a 29 51 0 1 5545391207790.194
a 29 52 0 1 12571376774999.691
a 29 53 0 1 22549192508719.125
a 29 54 0 1 8534996375347.266
a 29 55 0 1 8366774221140.374
a 29 56 0 1 13732908491475.104
a 29 57 0 1 8276693018931.7705
a 29 58 0 1 6152148569828.063
a 29 59 0 1 9423892539720.166
a 29 60 0 1 20356827652068.21
a 29 61 0 1 20923248518820.777
a 29 62 0 1 5021096854173.422
a 29 63 0 1 18325107618226.277
a 29 64 0 1 7322571806938.78
a 29 65 0 1 17784196100683.473
a 29 66 0 1 8273175432338.603
a 29 67 0 1 8961447089991.904
a 29 68 0 1 16554703405873.902
a 29 69 0 1 11483360522079.074
a 29 70 0 1 4835538544811.141
a 29 71 0 1 15990435481775.984
a 29 72 0 1 15085683815062.932
a 29 73 0 1 21835811883029.3
a 29 74 0 1 14722284157767.127
a 29 75 0 1 6051002490285.594
a 29 76 0 1 21987636149697.914
a 29 77 0 1 8532708457899.465
a 29 78 0 1 6762144260201.213
a 29 79 0 1 13297166775461.432
a 29 80 0 1 9061020844909.936
a 30 33 0 1 8834156062350.037
a 30 34 0 1 5009955344315.529
a 30 35 0 1 13375157359641.152
a 30 36 0 1 11875688392901.078
a 30 37 0 1 18358256594184.336
a 30 38 0 1 16274810598077.129
a 30 39 0 1 16706252324233.318
a 30 40 0 1 7676125003052.27
a 30 41 0 1 11792242335903.906
a 30 42 0 1 18393525496539.27
a 30 43 0 1 16062784256921.506
a 30 44 0 1 6993283648420.486
a 30 45 0 1 19708565942458.4
a 30 46 0 1 20707565490111.734
a 30 47 0 1 15028311915964.18
a 30 48 0 1 14538344864483.441
a 30 49 0 1 9101572663839.38
a 30 50 0 1 11645559484699.988
a 30 51 0 1 5619020157988.538
a 30 52 0 1 12738430188479.408
a 30 53 0 1 22849184305792.945
a 30 54 0 1 8648359358843.817
a 30 55 0 1 8477900673537.7705
a 30 56 0 1 13915421538856.543
a 30 57 0 1 8386621868432.166
a 30 58 0 1 6233839526381.614
a 30 59 0 1 9549074948049.225
a 30 60 0 1 20627583169103.887
a 30 61 0 1 21201556108170.973
a 30 62 0 1 5087760406028.84
a 30 63 0 1 18568782482810.355
a 30 64 0 1 7419817442668.558
a 30 65 0 1 18020663357580.652
a 30 66 0 1 8383057517078.227
a 30 67 0 1 9080480173602.383
a 30 68 0 1 16774791142977.322
a 30 69 0 1 11635936569995.102
a 30 70 0 1 4899737106334.568
a 30 71 0 1 16203007514453.73
a 30 72 0 1 15286207172691.445
a 30 73 0 1 22126288751740.742
a 30 74 0 1 14917968799084.613
a 30 75 0 1 6131349436060.561
a 30 76 0 1 22280137887502.805
a 30 77 0 1 8646041022706.321
a 30 78 0 1 6851941401445.565
a 30 79 0 1 13473879742053.3
a 30 80 0 1 9181377945076.484
a 31 33 0 1 13707388419707.281
a 31 34 0 1 7771735399329.776
a 31 35 0 1 20759360200839.008
a 31 36 0 1 18430301064701.816
a 31 37 0 1 28502587801085.055
a 31 38 0 1 25264526694139.65
a 31 39 0 1 25934996405985.742
a 31 40 0 1 11909670114242.053
a 31 41 0 1 18300701044361.387
a 31 42 0 1 28557409621221.74
a 31 43 0 1 24935046727130.156
a 31 44 0 1 10849756644189.963
a 31 45 0 1 30601678672710.266
a 31 46 0 1 32154882341355.72
a 31 47 0 1 23327648230753.344
a 31 48 0 1 22566394662690.01
a 31 49 0 1 14122561486533.398
a 31 50 0 1 18072891335720.34
a 31 51 0 1 8716889425111.582
a 31 52 0 1 19770305566314.508
a 31 53 0 1 35485251934748.92
a 31 54 0 1 13418941244048.691
a 31 55 0 1 13154312156007.465
a 31 56 0 1 21598637816626.055
a 31 57 0 1 13012608465157.13
a 31 58 0 1 9671047631284.588
a 31 59 0 1 14817355096537.393
a 31 60 0 1 32030521797822.543
a 31 61 0 1 32922992013950.17
a 31 62 0 1 7892470145104.949
a 31 63 0 1 28829831937917.93
a 31 64 0 1 11511816058202.967
a 31 65 0 1 27977846909494.875
a 31 66 0 1 13007075102893.693
a 31 67 0 1 14089814188761.807
a 31 68 0 1 26041510599722.363
a 31 69 0 1 18057946360497.516
a 31 70 0 1 7600705241223.194
a 31 71 0 1 25152946741073.848
a 31 72 0 1 23728354857446.55
a 31 73 0 1 34360996002703.56
a 31 74 0 1 23156205836954.242
a 31 75 0 1 9511984743063.643
a 31 76 0 1 34600255341465.395
a 31 77 0 1 13415342097794.254
a 31 78 0 1 10630375229623.967
a 31 79 0 1 20912716943474.957
a 31 80 0 1 14246464546528.162
a 32 33 0 1 12002151141844.852
a 32 34 0 1 6805488415735.247
a 32 35 0 1 18175000648346.82
a 32 36 0 1 16136427980134.062
a 32 37 0 1 24951491517638.305
a 32 38 0 1 22117883663579.434
a 32 39 0 1 22704629349524.105
a 32 40 0 1 10428342574578.227
a 32 41 0 1 16022988015527.361
a 32 42 0 1 24999463491707.547
a 32 43 0 1 21829542930378.926
a 32 44 0 1 9500405621828.07
a 32 45 0 1 26788252337412.848
a 32 46 0 1 28147275781008.496
a 32 47 0 1 20422806828975.72
a 32 48 0 1 19756562999679.99
a 32 49 0 1 12365601962891.28
a 32 50 0 1 15823583279241.592
a 32 51 0 1 7633029712019.482
a 32 52 0 1 17309320203435.55
a 32 53 0 1 31061080472951.355
a 32 54 0 1 11749636156734.8
a 32 55 0 1 11517970375619.438
a 32 56 0 1 18909567896809.617
a 32 57 0 1 11393917166796.617
a 32 58 0 1 8468431995741.6
a 32 59 0 1 12973828526230.31
a 32 60 0 1 28038464926651.195
a 32 61 0 1 28819334566800.53
a 32 62 0 1 6911200464083.719
a 32 63 0 1 25237846215213.105
a 32 64 0 1 10080031144533.74
a 32 65 0 1 24492311828907.04
a 32 66 0 1 11389073024842.83
a 32 67 0 1 12336934479546.979
a 32 68 0 1 22797841681760.496
a 32 69 0 1 15810501706705.785
a 32 70 0 1 6655738451110.859
a 32 71 0 1 22020236012974.57
a 32 72 0 1 20773496626769.797
a 32 73 0 1 30077478490137.625
a 32 74 0 1 20272762909710.805
a 32 75 0 1 8329167893349.686
a 32 76 0 1 30286807125298.184
a 32 77 0 1 11746485346997.828
a 32 78 0 1 9308337249944.615
a 32 79 0 1 18309225543925.613
a 32 80 0 1 12474068345445.22
a 33 1 0 1 0
a 34 1 0 1 0
a 35 1 0 1 0
a 36 1 0 1 0
a 37 1 0 1 0
a 38 1 0 1 0
a 39 1 0 1 0
a 40 1 0 1 0
a 41 1 0 1 0
a 42 1 0 1 0
a 43 1 0 1 0
a 44 1 0 1 0
a 45 1 0 1 0
a 46 1 0 1 0
a 47 1 0 1 0
a 48 1 0 1 0
a 49 1 0 1 0
a 50 1 0 1 0
a 51 1 0 1 0
a 52 1 0 1 0
a 53 1 0 1 0
a 54 1 0 1 0
a 55 1 0 1 0
a 56 1 0 1 0
a 57 1 0 1 0
a 58 1 0 1 0
a 59 1 0 1 0
a 60 1 0 1 0
a 61 1 0 1 0
a 62 1 0 1 0
a 63 1 0 1 0
a 64 1 0 1 0
a 65 1 0 1 0
a 66 1 0 1 0
a 67 1 0 1 0
a 68 1 0 1 0
a 69 1 0 1 0
a 70 1 0 1 0
a 71 1 0 1 0
a 72 1 0 1 0
a 73 1 0 1 0
a 74 1 0 1 0
a 75 1 0 1 0
a 76 1 0 1 0
a 77 1 0 1 0
a 78 1 0 1 0
a 79 1 0 1 0
a 80 1 0 1 0
