p min 80 1535
n 0 31
n 1 -31
a 0 2 0 1 0
a 0 3 0 1 0
a 0 4 0 1 0
a 0 5 0 1 0
a 0 6 0 1 0
a 0 7 0 1 0
a 0 8 0 1 0
a 0 9 0 1 0
a 0 10 0 1 0
a 0 11 0 1 0
a 0 12 0 1 0
a 0 13 0 1 0
a 0 14 0 1 0
a 0 15 0 1 0
a 0 16 0 1 0
a 0 17 0 1 0
a 0 18 0 1 0
a 0 19 0 1 0
a 0 20 0 1 0
a 0 21 0 1 0
a 0 22 0 1 0
a 0 23 0 1 0
a 0 24 0 1 0
a 0 25 0 1 0
a 0 26 0 1 0
a 0 27 0 1 0
a 0 28 0 1 0
a 0 29 0 1 0
a 0 30 0 1 0
a 0 31 0 1 0
a 0 32 0 1 0
a 2 33 0 1 4440909186795.62
a 2 34 0 1 3570915437377.9834
a 2 35 0 1 2248251021988.666
a 2 36 0 1 3959105185091.0654
a 2 37 0 1 5748307491339.163
a 2 38 0 1 2045962871748.0337
a 2 39 0 1 7957268519444.669
a 2 40 0 1 2326583199369.518
a 2 41 0 1 6451974132565.72
a 2 42 0 1 8817334075928.816
a 2 43 0 1 5868675783179.219
a 2 44 0 1 9042342118120.197
a 2 45 0 1 7314572524801.857
a 2 46 0 1 2348373954478.529
a 2 47 0 1 4525844344612.732
a 2 48 0 1 7129418135208.231
a 2 49 0 1 9217152643428.443
a 2 50 0 1 9184433211832.71
a 2 51 0 1 9089835484093.133
a 2 52 0 1 7352258092768.8125
a 2 53 0 1 3949870777965.462
a 2 54 0 1 4922226467061.193
a 2 55 0 1 3294390339454.262
a 2 56 0 1 5971384130771.863
a 2 57 0 1 8494909426572.403
a 2 58 0 1 4740509333022.237
a 2 59 0 1 3372882729541.352
a 2 60 0 1 7211051748841.05
a 2 61 0 1 4983616776772.202
a 2 62 0 1 6448719204130.23
a 2 63 0 1 3590969397129.721
a 2 64 0 1 6257041291600.704
a 2 65 0 1 3362426979562.5728
a 2 66 0 1 4721373571032.975
a 2 67 0 1 6667587697881.823
a 2 68 0 1 2221242194401.4634
a 2 69 0 1 4124691308062.5303
a 2 70 0 1 5401661166590.242
a 2 71 0 1 3022981185923.3613
a 2 72 0 1 8694052058494.24
a 2 73 0 1 7518009910552.701
a 2 74 0 1 2605225324283.4834
a 2 75 0 1 7130445328420.48
a 2 76 0 1 6625576102881.141
a 2 77 0 1 7572307769756.309
a 2 78 0 1 2196314781657.5867
a 2 79 0 1 7270609473682.611
a 3 33 0 1 9421047852532.594
a 3 34 0 1 7574571728578.115
a 3 35 0 1 4768141705490.52
a 3 36 0 1 8398414974910.051
a 3 37 0 1 12196653181553.31
a 3 38 0 1 4339011122441.14
a 3 39 0 1 16888408861650.932
a 3 40 0 1 4934320252281.95
a 3 41 0 1 13690925333594.262
a 3 42 0 1 18715883734781.19
a 3 43 0 1 12452242129152.912
a 3 44 0 1 19194049996760.207
a 3 45 0 1 15523068431922.389
a 3 46 0 1 4980549055701.012
a 3 47 0 1 9601336614451.088
a 3 48 0 1 15129769441463.145
a 3 49 0 1 19565560383469.242
a 3 50 0 1 19496023195030.816
a 3 51 0 1 19294982064305.92
a 3 52 0 1 15603121210337.95
a 3 53 0 1 8378816115061.662
a 3 54 0 1 10442774838877.645
a 3 55 0 1 6987761355012.634
a 3 56 0 1 12670338402584.164
a 3 57 0 1 18030745298901.324
a 3 58 0 1 10057015802585.469
a 3 59 0 1 7154324790887.901
a 3 60 0 1 15303170610806.215
a 3 61 0 1 10573101630146.244
a 3 62 0 1 13684012700067.428
a 3 63 0 1 7617129610624.264
a 3 64 0 1 13276948220330.848
a 3 65 0 1 7132137150206.726
a 3 66 0 1 10016394418804.045
a 3 67 0 1 14148846236146.178
a 3 68 0 1 4710844349214.534
a 3 69 0 1 8749858493378.005
a 3 70 0 1 11460631950243.918
a 3 71 0 1 6411848226305.511
a 3 72 0 1 18453908022570.848
a 3 73 0 1 15955225309039.625
a 3 74 0 1 5525475500039.315
a 3 75 0 1 15131951320202.08
a 3 76 0 1 14059619848254.855
a 3 77 0 1 16070572721812.838
a 3 78 0 1 4657962924897.608
a 3 79 0 1 15429681828306.87
a 4 33 0 1 16671260962259.557
a 4 34 0 1 13401586903762.48
a 4 35 0 1 8434111084086.158
a 4 36 0 1 14860286758284.373
a 4 37 0 1 21588221205622.504
a 4 38 0 1 7674753276274.606
a 4 39 0 1 29905143986008.145
a 4 40 0 1 8728183885834.946
a 4 41 0 1 24236315569752.844
a 4 42 0 1 33146529503631.562
a 4 43 0 1 22041116702590.434
a 4 44 0 1 33994825489191.242
a 4 45 0 1 27484133070468.438
a 4 46 0 1 8809992818876.29
a 4 47 0 1 16990567300469.3
a 4 48 0 1 26786847546135.633
a 4 49 0 1 34653957387393.215
a 4 50 0 1 34530581529449.465
a 4 51 0 1 34173894347589.973
a 4 52 0 1 27626065788949.973
a 4 53 0 1 14825582469381.232
a 4 54 0 1 18480959322744.387
a 4 55 0 1 12362708326129.521
a 4 56 0 1 22427592642582.92
a 4 57 0 1 31931178299188.133
a 4 58 0 1 17797658474268.74
a 4 59 0 1 12657578259555.514
a 4 60 0 1 27094266996236.383
a 4 61 0 1 18711819730684.52
a 4 62 0 1 24224063633843.723
a 4 63 0 1 13476934822103.1
a 4 64 0 1 23502610035489.2
a 4 65 0 1 12618298618932.771
a 4 66 0 1 17725707923556.793
a 4 67 0 1 25047967085563.25
a 4 68 0 1 8332718571125.219
a 4 69 0 1 15482618826591.568
a 4 70 0 1 20284129882642.348
a 4 71 0 1 11343227163731.402
a 4 72 0 1 32681799333882.695
a 4 73 0 1 28250366594706.863
a 4 74 0 1 9774373965270.078
a 4 75 0 1 26790715696194.734
a 4 76 0 1 24889810715581.816
a 4 77 0 1 28454892696877.582
a 4 78 0 1 8239141336366.639
a 4 79 0 1 27318562178319.492
a 5 33 0 1 15034203376989.883
a 5 34 0 1 12086046374636.21
a 5 35 0 1 7606620143523.628
a 5 36 0 1 13401334773774.113
a 5 37 0 1 19467252809061.09
a 5 38 0 1 6921824141583.828
a 5 39 0 1 26964526696974.066
a 5 40 0 1 7871814599402.976
a 5 41 0 1 21854525855264.656
a 5 42 0 1 29886084009814.203
a 5 43 0 1 19875550994844.43
a 5 44 0 1 30650642921399.31
a 5 45 0 1 24782257120128.695
a 5 46 0 1 7945589471326.164
a 5 47 0 1 15322099646444.707
a 5 48 0 1 24153710242962.562
a 5 49 0 1 31244700351119.703
a 5 50 0 1 31133505764830.28
a 5 51 0 1 30812033633191.844
a 5 52 0 1 24910196843698.11
a 5 53 0 1 13370042926658.092
a 5 54 0 1 16665854708375.355
a 5 55 0 1 11149278223610.219
a 5 56 0 1 20223966743202.94
a 5 57 0 1 28790676982028.113
a 5 58 0 1 16049788219874.783
a 5 59 0 1 11415167899098.152
a 5 60 0 1 24430825403946.848
a 5 61 0 1 16873997122140.943
a 5 62 0 1 21843480991281.05
a 5 63 0 1 12153987558215.951
a 5 64 0 1 21193100248655.742
a 5 65 0 1 11379748822718.41
a 5 66 0 1 15984916791052.059
a 5 67 0 1 22586205883649.164
a 5 68 0 1 7515184103316.983
a 5 69 0 1 13962469310734.14
a 5 70 0 1 18291553934151.26
a 5 71 0 1 10229979523545.83
a 5 72 0 1 29467222078906.008
a 5 73 0 1 25472943606210.742
a 5 74 0 1 8815253104594.125
a 5 75 0 1 24157197096897.668
a 5 76 0 1 22443633613186.477
a 5 77 0 1 25657302360653.89
a 5 78 0 1 7430795715952.385
a 5 79 0 1 24633009164237.887
a 6 33 0 1 17944754657806.773
a 6 34 0 1 14424899900478.48
a 6 35 0 1 9077723061335.12
a 6 36 0 1 15995187831836.172
a 6 37 0 1 23238320455021.855
a 6 38 0 1 8260363087194.798
a 6 39 0 1 32193308588946.28
a 6 40 0 1 9394261012182.893
a 6 41 0 1 26089431020790.152
a 6 42 0 1 35683726243863.29
a 6 43 0 1 23725927746164.992
a 6 44 0 1 36597228942198.82
a 6 45 0 1 29586424554426.992
a 6 46 0 1 9482319878839.01
a 6 47 0 1 18288503745076.027
a 6 48 0 1 28835625623428.8
a 6 49 0 1 37307036380948.07
a 6 50 0 1 37174174479915.086
a 6 51 0 1 36790064197172.82
a 6 52 0 1 29739251079274.36
a 6 53 0 1 15957828254842.408
a 6 54 0 1 19893010164891.438
a 6 55 0 1 13306573461240.482
a 6 56 0 1 24142027891323.844
a 6 57 0 1 34374977468972.562
a 6 58 0 1 19157385992306.742
a 6 59 0 1 13623991386393.326
a 6 60 0 1 29166636939995.168
a 6 61 0 1 20141550563586.49
a 6 62 0 1 26076239483066.434
a 6 63 0 1 14506010819232.13
a 6 64 0 1 25299462589985.156
a 6 65 0 1 13581708031364.854
a 6 66 0 1 19079926390062.945
a 6 67 0 1 26963334505198.527
a 6 68 0 1 8968585234016.371
a 6 69 0 1 16665139533132.9
a 6 70 0 1 21834299915006.07
a 6 71 0 1 12209147733554.555
a 6 72 0 1 35183279066652.312
a 6 73 0 1 30411473591955.66
a 6 74 0 1 10520386128122.693
a 6 75 0 1 28839790610417.676
a 6 76 0 1 26793046890760.453
a 6 77 0 1 30631700854415.21
a 6 78 0 1 8867859862111.172
a 6 79 0 1 29408146032191.95
a 7 33 0 1 6372074193825.315
a 7 34 0 1 5123533464761.548
a 7 35 0 1 3225566898176.5156
a 7 36 0 1 5680616792273.885
a 7 37 0 1 8248545290041.725
a 7 38 0 1 2935314263977.1147
a 7 39 0 1 11419562279507.986
a 7 40 0 1 3337963201298.5835
a 7 41 0 1 9258599536784.584
a 7 42 0 1 12654397238350.355
a 7 43 0 1 8421318791525.493
a 7 44 0 1 12977469032662.994
a 7 45 0 1 10496884171079.697
a 7 46 0 1 3369230206453.079
a 7 47 0 1 6493971709923.364
a 7 48 0 1 10231080726485.209
a 7 49 0 1 13228471097130.29
a 7 50 0 1 13181490496727.852
a 7 51 0 1 13045662047516.764
a 7 52 0 1 10550985322773.037
a 7 53 0 1 5667364428109.317
a 7 54 0 1 7062866413388.058
a 7 55 0 1 4726711050459.838
a 7 56 0 1 8568745318880.319
a 7 57 0 1 12191465123019.893
a 7 58 0 1 6802059931028.263
a 7 59 0 1 4839349038981.662
a 7 60 0 1 10348271483357.777
a 7 61 0 1 7150976903661.348
a 7 62 0 1 9253927196879.055
a 7 63 0 1 5152311969840.032
a 7 64 0 1 8978782712090.854
a 7 65 0 1 4824344798980.072
a 7 66 0 1 6774595924563.117
a 7 67 0 1 9568108928467.418
a 7 68 0 1 3186813011026.671
a 7 69 0 1 5918252710867.578
a 7 70 0 1 7750989858389.823
a 7 71 0 1 4337240868989.922
a 7 72 0 1 12477389136009.38
a 7 73 0 1 10788939961934.006
a 7 74 0 1 3737784903405.6426
a 7 75 0 1 10232555328160.453
a 7 76 0 1 9507801515201.46
a 7 77 0 1 10866891264409.652
a 7 78 0 1 3151045755841.857
a 7 79 0 1 10433771364589.447
a 8 33 0 1 11848797529851.361
a 8 34 0 1 9525973112197.29
a 8 35 0 1 5996036482322.127
a 8 36 0 1 10562317455803.205
a 8 37 0 1 15340924614961.762
a 8 38 0 1 5456326491164.261
a 8 39 0 1 21245166730556.73
a 8 40 0 1 6205040010870.265
a 8 41 0 1 17221181374585.473
a 8 42 0 1 23545360670536.54
a 8 43 0 1 15662522754779.766
a 8 44 0 1 24147257138909.91
a 8 45 0 1 19526812465085.7
a 8 46 0 1 6263182557620.027
a 8 47 0 1 12075610292379.7
a 8 48 0 1 19031850470028.668
a 8 49 0 1 24614911317113.156
a 8 50 0 1 24527377696351.477
a 8 51 0 1 24274308560001.203
a 8 52 0 1 19627559332106.637
a 8 53 0 1 10537662701696.373
a 8 54 0 1 13134216053368.383
a 8 55 0 1 8787832523589.883
a 8 56 0 1 15936949111651.627
a 8 57 0 1 22682965834709.023
a 8 58 0 1 12648889554510.094
a 8 59 0 1 8997347733474.285
a 8 60 0 1 19250072304182.125
a 8 61 0 1 13298183736327.709
a 8 62 0 1 17212482757762.314
a 8 63 0 1 9579507079115.133
a 8 64 0 1 16700253327800.15
a 8 65 0 1 8969438438162.875
a 8 66 0 1 12597784117352.135
a 8 67 0 1 17797421027551.277
a 8 68 0 1 5923973809555.317
a 8 69 0 1 11004427307372.67
a 8 70 0 1 14414843566519.152
a 8 71 0 1 8063424433388.67
a 8 72 0 1 23215603446085.52
a 8 73 0 1 20070689998888.277
a 8 74 0 1 6948555413441.7295
a 8 75 0 1 19034596305920.332
a 8 76 0 1 17685138870458.547
a 8 77 0 1 20215859246541.78
a 8 78 0 1 5857465255461.998
a 8 79 0 1 19409285511510.906
a 9 33 0 1 15300541218715.799
a 9 34 0 1 12300082269063.6
a 9 35 0 1 7741257649719.316
a 9 36 0 1 13638700152662.05
a 9 37 0 1 19812303466180.254
a 9 38 0 1 7044330896248.551
a 9 39 0 1 27442884491088.992
a 9 40 0 1 8011150389674.544
a 9 41 0 1 22241998599016.773
a 9 42 0 1 30416452731218.766
a 9 43 0 1 20227855470211.223
a 9 44 0 1 31194628557622.0
a 9 45 0 1 25221788360179.38
a 9 46 0 1 8086232336707.842
a 9 47 0 1 15593546865222.975
a 9 48 0 1 24582062171005.09
a 9 49 0 1 31799267928405.336
a 9 50 0 1 31686092521613.633
a 9 51 0 1 31358893975342.97
a 9 52 0 1 25352003816757.832
a 9 53 0 1 13606853193452.53
a 9 54 0 1 16961154490692.012
a 9 55 0 1 11346702892752.432
a 9 56 0 1 20582461715380.156
a 9 57 0 1 29301540583050.074
a 9 58 0 1 16334151471839.098
a 9 59 0 1 11617307081764.898
a 9 60 0 1 24864105889249.055
a 9 61 0 1 17172992245328.889
a 9 62 0 1 22230757412015.516
a 9 63 0 1 12369228360358.559
a 9 64 0 1 21568817014619.883
a 9 65 0 1 11581259969627.518
a 9 66 0 1 16268128524863.566
a 9 67 0 1 22986685408970.656
a 9 68 0 1 7648201762146.364
a 9 69 0 1 14209789812748.316
a 9 70 0 1 18615721022514.277
a 9 71 0 1 10411106288940.71
a 9 72 0 1 29990131837682.92
a 9 73 0 1 25924761270244.977
a 9 74 0 1 8971305571146.893
a 9 75 0 1 24585611037454.668
a 9 76 0 1 22841578513646.973
a 9 77 0 1 26112399866022.12
a 9 78 0 1 7562318411847.138
a 9 79 0 1 25069885736460.098
a 10 33 0 1 15716959387798.111
a 10 34 0 1 12634721383325.5
a 10 35 0 1 7951754679493.463
a 10 36 0 1 14009816816478.596
a 10 37 0 1 20351801346371.09
a 10 38 0 1 7235861595159.603
a 10 39 0 1 28190841827691.99
a 10 40 0 1 8228993184683.26
a 10 41 0 1 22847832371578.734
a 10 42 0 1 31245746768565.16
a 10 43 0 1 20778696109561.816
a 10 44 0 1 32045217665807.844
a 10 45 0 1 25909028857076.312
a 10 46 0 1 8306118746739.753
a 10 47 0 1 16017954165265.121
a 10 48 0 1 25251820753966.24
a 10 49 0 1 32666405924291.18
a 10 50 0 1 32550132743745.004
a 10 51 0 1 32213978768870.5
a 10 52 0 1 26042803059183.324
a 10 53 0 1 13977101888452.783
a 10 54 0 1 17422858486743.666
a 10 55 0 1 11655369309173.867
a 10 56 0 1 21142982441912.105
a 10 57 0 1 30100331465689.83
a 10 58 0 1 16778754664353.986
a 10 59 0 1 11933344911382.33
a 10 60 0 1 25541571606138.496
a 10 61 0 1 17640474451570.453
a 10 62 0 1 22836284188247.08
a 10 63 0 1 12705751433691.4
a 10 64 0 1 22156267666551.434
a 10 65 0 1 11896315828011.674
a 10 66 0 1 16710931163196.89
a 10 67 0 1 23612858364416.895
a 10 68 0 1 7856166165945.813
a 10 69 0 1 14596472275508.432
a 10 70 0 1 19122563642333.062
a 10 71 0 1 10694290153004.799
a 10 72 0 1 30807761107238.375
a 10 73 0 1 26631215086727.082
a 10 74 0 1 9215285047886.334
a 10 75 0 1 25255466593637.52
a 10 76 0 1 23463787970692.9
a 10 77 0 1 26823982671163.87
a 10 78 0 1 7767945448215.849
a 10 79 0 1 25752974923218.727
a 11 33 0 1 9425235052181.08
a 11 34 0 1 7577937542842.505
a 11 35 0 1 4770259777889.581
a 11 36 0 1 8402147223967.793
a 11 37 0 1 12202075737398.629
a 11 38 0 1 4340938474005.7456
a 11 39 0 1 16895921403710.742
a 11 40 0 1 4936512185378.917
a 11 41 0 1 13697013281740.133
a 11 42 0 1 18724210953993.266
a 11 43 0 1 12457778481305.768
a 11 44 0 1 19202590436190.062
a 11 45 0 1 15529972537343.395
a 11 46 0 1 4982761536427.481
a 11 47 0 1 9605604032373.824
a 11 48 0 1 15136498316557.24
a 11 49 0 1 19574266500163.53
a 11 50 0 1 19504698300124.055
a 11 51 0 1 19303567513588.297
a 11 52 0 1 15610060984395.86
a 11 53 0 1 8382539645992.911
a 11 54 0 1 10447416693148.525
a 11 55 0 1 6990866206037.68
a 11 56 0 1 12675971863415.828
a 11 57 0 1 18038767047389.684
a 11 58 0 1 10061485986753.887
a 11 59 0 1 7157503711547.554
a 11 60 0 1 15309976741053.957
a 11 61 0 1 10577801485763.037
a 11 62 0 1 13690097569522.69
a 11 63 0 1 7620514352380.031
a 11 64 0 1 13282851803493.69
a 11 65 0 1 7135306204008.226
a 11 66 0 1 10020846526572.76
a 11 67 0 1 14155138140153.04
a 11 68 0 1 4712936955546.892
a 11 69 0 1 8753747081117.288
a 11 70 0 1 11465726843509.816
a 11 71 0 1 6414696994554.475
a 11 72 0 1 18462118433549.08
a 11 73 0 1 15962321975824.895
a 11 74 0 1 5527930204408.303
a 11 75 0 1 15138681167367.396
a 11 76 0 1 14065872009550.879
a 11 77 0 1 16077720788580.973
a 11 78 0 1 4660032028144.909
a 11 79 0 1 15436544324847.648
a 12 33 0 1 11479210365868.982
a 12 34 0 1 9228916386231.443
a 12 35 0 1 5809130473548.875
a 12 36 0 1 10232905411325.863
a 12 37 0 1 14862224668824.72
a 12 38 0 1 5286254343256.033
a 12 39 0 1 20581793149012.8
a 12 40 0 1 6011614519031.485
a 12 41 0 1 16683696910103.625
a 12 42 0 1 22809975473412.363
a 12 43 0 1 15173770082910.46
a 12 44 0 1 23393022415019.773
a 12 45 0 1 18917210880365.59
a 12 46 0 1 6067943361265.551
a 12 47 0 1 11698938861711.295
a 12 48 0 1 18437733774680.965
a 12 49 0 1 23846029370761.844
a 12 50 0 1 23761237474182.03
a 12 51 0 1 23516094656991.664
a 12 52 0 1 19014805671559.62
a 12 53 0 1 10209020480920.78
a 12 54 0 1 12724475404261.709
a 12 55 0 1 8513816447792.024
a 12 56 0 1 15439617670350.242
a 12 57 0 1 21974583753573.688
a 12 58 0 1 12254310729367.787
a 12 59 0 1 8716792141885.174
a 12 60 0 1 18649128747983.562
a 12 61 0 1 12883320290114.936
a 12 62 0 1 16675270304399.668
a 12 63 0 1 9280779172429.77
a 12 64 0 1 16179057674329.496
a 12 65 0 1 8689753986070.263
a 12 66 0 1 12204801754148.756
a 12 67 0 1 17241916017826.49
a 12 68 0 1 5739315593676.674
a 12 69 0 1 10661210040592.645
a 12 70 0 1 13965087641688.299
a 12 71 0 1 7812016667097.635
a 12 72 0 1 22490544147444.902
a 12 73 0 1 19444071230355.36
a 12 74 0 1 6731934853407.75
a 12 75 0 1 18440393711793.402
a 12 76 0 1 17133145403861.115
a 12 77 0 1 19584697981831.426
a 12 78 0 1 5674881555265.064
a 12 79 0 1 18803360913106.184
a 13 33 0 1 17471757729065.076
a 13 34 0 1 14044831162890.355
a 13 35 0 1 8838685669329.584
a 13 36 0 1 15573670756375.092
a 13 37 0 1 22625429200036.824
a 13 38 0 1 8042868604051.231
a 13 39 0 1 31343383450754.754
a 13 40 0 1 9146879664967.852
a 13 41 0 1 25401123974172.562
a 13 42 0 1 34741282614639.76
a 13 43 0 1 23100142024956.727
a 13 44 0 1 35630559669214.18
a 13 45 0 1 28805551384892.316
a 13 46 0 1 9232617190498.16
a 13 47 0 1 17806427516419.75
a 13 48 0 1 28074632370329.33
a 13 49 0 1 36321539937661.75
a 13 50 0 1 36192202338077.53
a 13 51 0 1 35818280393631.42
a 13 52 0 1 28954330905764.348
a 13 53 0 1 15537297468854.238
a 13 54 0 1 19368545527893.277
a 13 55 0 1 12956014473985.703
a 13 56 0 1 23505237550493.414
a 13 57 0 1 33467232572557.34
a 13 58 0 1 18652357223114.9
a 13 59 0 1 13265057310707.791
a 13 60 0 1 28396879465970.117
a 13 61 0 1 19610518536046.84
a 13 62 0 1 25388281481747.4
a 13 63 0 1 14123801485929.79
a 13 64 0 1 24632056121286.348
a 13 65 0 1 13223889638603.162
a 13 66 0 1 18576943988357.383
a 13 67 0 1 26251901857903.5
a 13 68 0 1 8732424582979.852
a 13 69 0 1 16225934390690.145
a 13 70 0 1 21258529223522.516
a 13 71 0 1 11887539789372.643
a 13 72 0 1 34254104948243.57
a 13 73 0 1 29608750626905.086
a 13 74 0 1 10243315269213.44
a 13 75 0 1 28078687084564.996
a 13 76 0 1 26086120821149.926
a 13 77 0 1 29823144921627.582
a 13 78 0 1 8634354147447.817
a 13 79 0 1 28631993686575.99
a 14 33 0 1 3542348339270.055
a 14 34 0 1 2848444363939.2456
a 14 35 0 1 1793437948773.3774
a 14 36 0 1 3158066626793.239
a 14 37 0 1 4585071746305.125
a 14 38 0 1 1632079651322.067
a 14 39 0 1 6346697536303.336
a 14 40 0 1 1855920423096.7952
a 14 41 0 1 5146259015134.726
a 14 42 0 1 7032542702685.781
a 14 43 0 1 4681069009055.564
a 14 44 0 1 7211967133434.786
a 14 45 0 1 5834172199843.222
a 14 46 0 1 1873302004541.9028
a 14 47 0 1 3610090816939.701
a 14 48 0 1 5686515845298.251
a 14 49 0 1 7351362091030.883
a 14 50 0 1 7325271507206.187
a 14 51 0 1 7249838739758.334
a 14 52 0 1 5864225414812.162
a 14 53 0 1 3150701278275.135
a 14 54 0 1 3926233231548.905
a 14 55 0 1 2627883019488.8374
a 14 56 0 1 4762981519476.726
a 14 57 0 1 6775433680096.493
a 14 58 0 1 3781301856323.516
a 14 59 0 1 2690490237057.7983
a 14 60 0 1 5751616926175.724
a 14 61 0 1 3975195766904.1665
a 14 62 0 1 5143663191392.492
a 14 63 0 1 2864439648968.738
a 14 64 0 1 4990798282925.979
a 14 65 0 1 2682150519343.4326
a 14 66 0 1 3766039755156.286
a 14 67 0 1 5318211169302.974
a 14 68 0 1 1771894024248.1985
a 14 69 0 1 3290137318546.7637
a 14 70 0 1 4308608069156.733
a 14 71 0 1 2411399479684.524
a 14 72 0 1 6934235169895.986
a 14 73 0 1 5996407352101.009
a 14 74 0 1 2078180357841.729
a 14 75 0 1 5687335011706.541
a 14 76 0 1 5284706992456.06
a 14 77 0 1 6039707989705.766
a 14 78 0 1 1752010341893.6292
a 14 79 0 1 5799112796137.869
a 15 33 0 1 13763555076830.025
a 15 34 0 1 11064885455481.648
a 15 35 0 1 6964233441938.104
a 15 36 0 1 12268886908280.416
a 15 37 0 1 17821166381816.305
a 15 38 0 1 6337311352005.731
a 15 39 0 1 24682692026251.7
a 15 40 0 1 7207013372360.115
a 15 41 0 1 20006114213328.574
a 15 42 0 1 27356237215604.465
a 15 43 0 1 18194867857863.055
a 15 44 0 1 28055867218059.65
a 15 45 0 1 22685576561593.99
a 15 46 0 1 7274552488640.933
a 15 47 0 1 14027079854402.285
a 15 48 0 1 22110342794123.8
a 15 49 0 1 28599468075383.99
a 15 50 0 1 28497718338736.453
a 15 51 0 1 28203550751813.508
a 15 52 0 1 22802663620951.52
a 15 53 0 1 12240243032027.443
a 15 54 0 1 15257061481975.303
a 15 55 0 1 10207358729245.44
a 15 56 0 1 18513758616566.266
a 15 57 0 1 26353837602738.453
a 15 58 0 1 14693160285492.506
a 15 59 0 1 10450758328593.908
a 15 60 0 1 22363954021729.61
a 15 61 0 1 15447577952614.074
a 15 62 0 1 19996005653657.945
a 15 63 0 1 11127078870768.03
a 15 64 0 1 19400755680989.113
a 15 65 0 1 10418335220642.607
a 15 66 0 1 14633781436230.81
a 15 67 0 1 20675762804845.598
a 15 68 0 1 6880525385365.945
a 15 69 0 1 12782534294012.135
a 15 70 0 1 16745072466054.998
a 15 71 0 1 9365808499115.629
a 15 72 0 1 26972942011203.637
a 15 73 0 1 23317671136075.797
a 15 74 0 1 8070701264568.344
a 15 75 0 1 22113533913896.98
a 15 76 0 1 20545278484626.74
a 15 77 0 1 23486389034644.668
a 15 78 0 1 6803269196527.59
a 15 79 0 1 22548988400488.586
a 16 33 0 1 6337842668631.779
a 16 34 0 1 5096013181627.787
a 16 35 0 1 3208245020376.014
a 16 36 0 1 5650102273594.594
a 16 37 0 1 8204223618145.55
a 16 38 0 1 2919551619308.6963
a 16 39 0 1 11358179579704.465
a 16 40 0 1 3320037504274.844
a 16 41 0 1 9208844813059.246
a 16 42 0 1 12586367401398.936
a 16 43 0 1 8376067865190.603
a 16 44 0 1 12907699784591.873
a 16 45 0 1 10440467035969.82
a 16 46 0 1 3351136533002.636
a 16 47 0 1 6459084849980.682
a 16 48 0 1 10176093867626.482
a 16 49 0 1 13157350370871.81
a 16 50 0 1 13110622735480.139
a 16 51 0 1 12975525633370.271
a 16 52 0 1 10494277061160.957
a 16 53 0 1 5636921143244.781
a 16 54 0 1 7024920869625.937
a 16 55 0 1 4701323392624.389
a 16 56 0 1 8522701436582.369
a 16 57 0 1 12125927477622.861
a 16 58 0 1 6765516672621.23
a 16 59 0 1 4813356055443.365
a 16 60 0 1 10292654037094.523
a 16 61 0 1 7112557594884.925
a 16 62 0 1 9204197608425.256
a 16 63 0 1 5124637016110.345
a 16 64 0 1 8930533240623.764
a 16 65 0 1 4798432450348.118
a 16 66 0 1 6738200327755.664
a 16 67 0 1 9516689111327.006
a 16 68 0 1 3169699324567.6733
a 16 69 0 1 5886460820142.375
a 16 70 0 1 7709344060401.845
a 16 71 0 1 4313946135217.217
a 16 72 0 1 12410312252042.332
a 16 73 0 1 10730951187498.088
a 16 74 0 1 3717711144709.839
a 16 75 0 1 10177560534777.906
a 16 76 0 1 9456706148126.205
a 16 77 0 1 10808482992989.21
a 16 78 0 1 3134124214475.565
a 16 79 0 1 10377693844504.773
a 17 33 0 1 8629180771915.328
a 17 34 0 1 6938030446758.112
a 17 35 0 1 4367561865099.0654
a 17 36 0 1 7692579370656.475
a 17 37 0 1 11171188018172.01
a 17 38 0 1 3974499784051.205
a 17 39 0 1 15467769216089.297
a 17 40 0 1 4519772198561.078
a 17 41 0 1 12539643907059.42
a 17 42 0 1 17141214767730.846
a 17 43 0 1 11405259435243.742
a 17 44 0 1 17579068831539.28
a 17 45 0 1 14217468223928.998
a 17 46 0 1 4562115131847.155
a 17 47 0 1 8794300379637.896
a 17 48 0 1 13857301268041.572
a 17 49 0 1 17919255925295.28
a 17 50 0 1 17855581838248.06
a 17 51 0 1 17671491219002.688
a 17 52 0 1 14290776912341.006
a 17 53 0 1 7674629131337.066
a 17 54 0 1 9564933961449.5
a 17 55 0 1 6400569969968.025
a 17 56 0 1 11604993695560.002
a 17 57 0 1 16513830405213.514
a 17 58 0 1 9211637014775.383
a 17 59 0 1 6553126284487.837
a 17 60 0 1 14016095228919.883
a 17 61 0 1 9684292998748.354
a 17 62 0 1 12533313401837.725
a 17 63 0 1 6977009035450.575
a 17 64 0 1 12160527234738.79
a 17 65 0 1 6532804537754.661
a 17 66 0 1 9174433815905.562
a 17 67 0 1 12959000377888.17
a 17 68 0 1 4315080550666.533
a 17 69 0 1 8014458941389.43
a 17 70 0 1 10497124487787.36
a 17 71 0 1 5873084357742.367
a 17 72 0 1 16901323409127.861
a 17 73 0 1 14613216457538.057
a 17 74 0 1 5061233654593.907
a 17 75 0 1 13859299349969.238
a 17 76 0 1 12877288603732.414
a 17 77 0 1 14718845442870.86
a 17 78 0 1 4266643942129.1665
a 17 79 0 1 14131948881837.441
a 18 33 0 1 5990455246959.208
a 18 34 0 1 4816730196271.894
a 18 35 0 1 3032455801800.5903
a 18 36 0 1 5340434197810.905
a 18 37 0 1 7754445472124.147
a 18 38 0 1 2759585790765.795
a 18 39 0 1 10735279061282.719
a 18 40 0 1 3138120632066.2812
a 18 41 0 1 8703935354694.779
a 18 42 0 1 11896018828479.285
a 18 43 0 1 7916860154638.897
a 18 44 0 1 12199701713758.566
a 18 45 0 1 9867952520106.562
a 18 46 0 1 3167515010956.2236
a 18 47 0 1 6105047276020.779
a 18 48 0 1 9618092604299.97
a 18 49 0 1 12435639143565.834
a 18 50 0 1 12391478285739.326
a 18 51 0 1 12263802003185.01
a 18 52 0 1 9918808442475.26
a 18 53 0 1 5327975935710.76
a 18 54 0 1 6639844782503.959
a 18 55 0 1 4443682137830.047
a 18 56 0 1 8055447261488.23
a 18 57 0 1 11460866870298.521
a 18 58 0 1 6394670483869.346
a 18 59 0 1 4549571986225.973
a 18 60 0 1 9728254091261.846
a 18 61 0 1 6722673918674.066
a 18 62 0 1 8699543205766.842
a 18 63 0 1 4843784449107.584
a 18 64 0 1 8440898091566.726
a 18 65 0 1 4535466659506.13
a 18 66 0 1 6368852559957.605
a 18 67 0 1 8994883449548.307
a 18 68 0 1 2996022867071.2456
a 18 69 0 1 5563830219625.132
a 18 70 0 1 7286719341254.54
a 18 71 0 1 4077543840845.3384
a 18 72 0 1 11729633158441.287
a 18 73 0 1 10142489045747.701
a 18 74 0 1 3513995477609.6416
a 18 75 0 1 9619478758356.207
a 18 76 0 1 8938192773023.867
a 18 77 0 1 10215764172400.55
a 18 78 0 1 2962397679018.599
a 18 79 0 1 9808625454322.146
a 19 33 0 1 10045490238383.457
a 19 34 0 1 8076512840487.347
a 19 35 0 1 5084001378175.865
a 19 36 0 1 8955005684332.365
a 19 37 0 1 13005342839705.348
a 19 38 0 1 4626428424340.822
a 19 39 0 1 18008827316671.918
a 19 40 0 1 5261194887443.447
a 19 41 0 1 14598858182867.818
a 19 42 0 1 19957820173628.062
a 19 43 0 1 13277904334990.361
a 19 44 0 1 20467791114593.836
a 19 45 0 1 16552734128209.889
a 19 46 0 1 5310487996229.881
a 19 47 0 1 10237742923692.37
a 19 48 0 1 16133298607112.568
a 19 49 0 1 20864014665581.242
a 19 50 0 1 20789851636943.027
a 19 51 0 1 20575437039906.152
a 19 52 0 1 16638107091903.963
a 19 53 0 1 8934106606800.568
a 19 54 0 1 11135025812024.646
a 19 55 0 1 7450783172954.667
a 19 56 0 1 13510484273373.594
a 19 57 0 1 19227117051453.61
a 19 58 0 1 10723663245630.873
a 19 59 0 1 7628393102171.844
a 19 60 0 1 16318222772249.39
a 19 61 0 1 11274003177971.309
a 19 62 0 1 14591486357824.633
a 19 63 0 1 8121893526587.437
a 19 64 0 1 14157382826355.646
a 19 65 0 1 7604733950243.45
a 19 66 0 1 10680345887725.207
a 19 67 0 1 15087199531385.168
a 19 68 0 1 5022906233752.808
a 19 69 0 1 9329765553681.357
a 19 70 0 1 12220451597277.979
a 19 71 0 1 6836678945087.758
a 19 72 0 1 19678421031725.887
a 19 73 0 1 17013612732425.396
a 19 74 0 1 5891537854773.137
a 19 75 0 1 16135625474787.674
a 19 76 0 1 14992045418054.746
a 19 77 0 1 17136626804696.828
a 19 78 0 1 4966519765868.517
a 19 79 0 1 16453141325836.559
a 20 33 0 1 12158313776732.701
a 20 34 0 1 9774743851866.906
a 20 35 0 1 6152557639804.263
a 20 36 0 1 10838186108890.398
a 20 37 0 1 15741828232201.44
a 20 38 0 1 5598749920051.127
a 20 39 0 1 21800753296621.87
a 20 40 0 1 6367021018450.196
a 20 41 0 1 17671321692281.715
a 20 42 0 1 24161267563013.023
a 20 43 0 1 16071846241004.094
a 20 44 0 1 24778953587770.875
a 20 45 0 1 20037358268496.38
a 20 46 0 1 6426682485051.114
a 20 47 0 1 12391059836134.215
a 20 48 0 1 19529425934807.863
a 20 49 0 1 25258877293308.4
a 20 50 0 1 25169047008819.918
a 20 51 0 1 24909338237185.7
a 20 52 0 1 20140745364393.945
a 20 53 0 1 10812886615175.96
a 20 54 0 1 13477362346247.996
a 20 55 0 1 9017306706922.166
a 20 56 0 1 16353457952505.352
a 20 57 0 1 23276253427956.285
a 20 58 0 1 12979337185452.416
a 20 59 0 1 9232298745517.479
a 20 60 0 1 19753366023234.68
a 20 61 0 1 13645620604531.857
a 20 62 0 1 17662395241734.887
a 20 63 0 1 9829677440813.8
a 20 64 0 1 17136750350603.668
a 20 65 0 1 9203659872104.09
a 20 66 0 1 12926894649364.852
a 20 67 0 1 18262655227623.562
a 20 68 0 1 6078612518786.083
a 20 69 0 1 11291858089625.072
a 20 70 0 1 14791504718262.684
a 20 71 0 1 8273964328755.86
a 20 72 0 1 23822860765978.305
a 20 73 0 1 20595489708094.02
a 20 74 0 1 7129961640807.588
a 20 75 0 1 19532243720364.9
a 20 76 0 1 18147431817594.844
a 20 77 0 1 20744463851354.645
a 20 78 0 1 6010366631659.883
a 20 79 0 1 19916751417117.14
a 21 33 0 1 3360469839791.6655
a 21 34 0 1 2702204787454.445
a 21 35 0 1 1701373175430.2266
a 21 36 0 1 2995925511684.9126
a 21 37 0 1 4349628791870.8066
a 21 38 0 1 1548299560071.1091
a 21 39 0 1 6020732560719.457
a 21 40 0 1 1760647509238.2532
a 21 41 0 1 4881982953121.97
a 21 42 0 1 6671325809442.298
a 21 43 0 1 4440694084607.159
a 21 44 0 1 6841527089991.201
a 21 45 0 1 5534547187535.231
a 21 46 0 1 1777136631756.3716
a 21 47 0 1 3424732772934.988
a 21 48 0 1 5394478716496.972
a 21 49 0 1 6973756326670.39
a 21 50 0 1 6949006968948.301
a 21 51 0 1 6877451894526.608
a 21 52 0 1 5563055973746.832
a 21 53 0 1 2988938444235.84
a 21 54 0 1 3724636074838.3955
a 21 55 0 1 2492970347027.0234
a 21 56 0 1 4518398163628.536
a 21 57 0 1 6427432612996.475
a 21 58 0 1 3587149448678.804
a 21 59 0 1 2552362433165.538
a 21 60 0 1 5456234360833.656
a 21 61 0 1 3771083478409.241
a 21 62 0 1 4879520507729.393
a 21 63 0 1 2717378615124.2446
a 21 64 0 1 4734509954932.037
a 21 65 0 1 2544450995903.703
a 21 66 0 1 3572671308371.0303
a 21 67 0 1 5045099710938.739
a 21 68 0 1 1680935405927.8325
a 21 69 0 1 3121213007363.2783
a 21 70 0 1 4087368177005.8105
a 21 71 0 1 2287603765375.109
a 21 72 0 1 6578071532975.779
a 21 73 0 1 5688444987136.719
a 21 74 0 1 1971495231447.5913
a 21 75 0 1 5395255787597.854
a 21 76 0 1 5013317101113.418
a 21 77 0 1 5729520331489.039
a 21 78 0 1 1662072630213.0537
a 21 79 0 1 5501289466820.07
a 22 33 0 1 4183904921072.5566
a 22 34 0 1 3364278946814.5454
a 22 35 0 1 2118171198698.925
a 22 36 0 1 3729995852418.03
a 22 37 0 1 5415594293681.43
a 22 38 0 1 1927589680192.8997
a 22 39 0 1 7496589823215.255
a 22 40 0 1 2191970071164.57
a 22 41 0 1 6078504058386.332
a 22 42 0 1 8306815044796.713
a 22 43 0 1 5528991208797.133
a 22 44 0 1 8518782457791.259
a 22 45 0 1 6891131644874.471
a 22 46 0 1 2212499719876.2637
a 22 47 0 1 4263922298680.526
a 22 48 0 1 6716704140409.258
a 22 49 0 1 8683461175933.037
a 22 50 0 1 8652638152346.437
a 22 51 0 1 8563523203575.34
a 22 52 0 1 6926633853702.334
a 22 53 0 1 3721296059884.181
a 22 54 0 1 4637352536718.561
a 22 55 0 1 3103761115641.979
a 22 56 0 1 5625750847661.337
a 22 57 0 1 8003075819401.805
a 22 58 0 1 4466157692985.625
a 22 59 0 1 3177709897761.549
a 22 60 0 1 6793608378919.418
a 22 61 0 1 4695187960440.451
a 22 62 0 1 6075437672062.927
a 22 63 0 1 3383172001419.092
a 22 64 0 1 5894862490372.106
a 22 65 0 1 3167859393456.601
a 22 66 0 1 4448129958906.398
a 22 67 0 1 6281627886139.376
a 22 68 0 1 2092725430583.8794
a 22 69 0 1 3885995389608.4893
a 22 70 0 1 5089023685537.591
a 22 71 0 1 2848062147398.676
a 22 72 0 1 8190677724645.866
a 22 73 0 1 7082782426764.679
a 22 74 0 1 2454485762891.4277
a 22 75 0 1 6717671824562.396
a 22 76 0 1 6242049921301.087
a 22 77 0 1 7133934329070.115
a 22 78 0 1 2069240613191.654
a 22 79 0 1 6849715623950.85
a 23 33 0 1 8774820363157.788
a 23 34 0 1 7055104343697.682
a 23 35 0 1 4441238913208.749
a 23 36 0 1 7822397167495.833
a 23 37 0 1 11359786651879.314
a 23 38 0 1 4041543124019.7866
a 23 39 0 1 15729036744453.037
a 23 40 0 1 4596018264227.769
a 23 41 0 1 12751379561447.55
a 23 42 0 1 17430805387444.14
a 23 43 0 1 11597815080668.738
a 23 44 0 1 17876071969929.586
a 23 45 0 1 14457581631492.275
a 23 46 0 1 4639075881031.644
a 23 47 0 1 8942729658643.064
a 23 48 0 1 14091322079585.922
a 23 49 0 1 18222018683400.125
a 23 50 0 1 18157266511949.527
a 23 51 0 1 17970059091545.863
a 23 52 0 1 14532130475013.596
a 23 53 0 1 7804143732751.26
a 23 54 0 1 9726384483895.873
a 23 55 0 1 6508567839706.453
a 23 56 0 1 11800926049511.729
a 23 57 0 1 16792801234598.6
a 23 58 0 1 9367117656813.66
a 23 59 0 1 6663700237357.186
a 23 60 0 1 14252802140976.734
a 23 61 0 1 9847760517424.822
a 23 62 0 1 12744942006819.838
a 23 63 0 1 7094741203315.465
a 23 64 0 1 12365852272328.012
a 23 65 0 1 6643035330003.656
a 23 66 0 1 9329285840866.525
a 23 67 0 1 13177827740861.525
a 23 68 0 1 4387871836396.4556
a 23 69 0 1 8149713785273.765
a 23 70 0 1 10674329189875.055
a 23 71 0 1 5972175755057.317
a 23 72 0 1 17186853182476.602
a 23 73 0 1 14860024947670.676
a 23 74 0 1 5146619289992.656
a 23 75 0 1 14093353959715.078
a 23 76 0 1 13094734089859.924
a 23 77 0 1 14967441019417.19
a 23 78 0 1 4338617740354.852
a 23 79 0 1 14370615594892.215
a 24 33 0 1 16860975402254.752
a 24 34 0 1 13554035252299.148
a 24 35 0 1 8529996930857.08
a 24 36 0 1 15029357124287.42
a 24 37 0 1 21834030121337.99
a 24 38 0 1 7761998407940.476
a 24 39 0 1 30245981726691.414
a 24 40 0 1 8827416390757.912
a 24 41 0 1 24512361534654.785
a 24 42 0 1 33524453060572.688
a 24 43 0 1 22292095646746.453
a 24 44 0 1 34382459317814.184
a 24 45 0 1 27797289443735.8
a 24 46 0 1 8910156380715.787
a 24 47 0 1 17183922553751.438
a 24 48 0 1 27092034187007.168
a 24 49 0 1 35049137489368.066
a 24 50 0 1 34924349037015.64
a 24 51 0 1 34563578186261.42
a 24 52 0 1 27940844562639.344
a 24 53 0 1 14994257311282.79
a 24 54 0 1 18691311992047.14
a 24 55 0 1 12503322001112.652
a 24 56 0 1 22682983833970.062
a 24 57 0 1 32295193320654.703
a 24 58 0 1 18000217596550.832
a 24 59 0 1 12801550736193.672
a 24 60 0 1 27402967175591.137
a 24 61 0 1 18924805812457.574
a 24 62 0 1 24499969658073.074
a 24 63 0 1 13630241628724.383
a 24 64 0 1 23770276376035.21
a 24 65 0 1 12761823656095.195
a 24 66 0 1 17927446469238.082
a 24 67 0 1 25333284561296.895
a 24 68 0 1 8427450586420.193
a 24 69 0 1 15658782441683.328
a 24 70 0 1 20515054989494.63
a 24 71 0 1 11472229919400.78
a 24 72 0 1 33054404032363.957
a 24 73 0 1 28572282244791.473
a 24 74 0 1 9885514361672.256
a 24 75 0 1 27095946545113.71
a 24 76 0 1 25173321430589.785
a 24 77 0 1 28779146672303.465
a 24 78 0 1 8332808481044.737
a 24 79 0 1 27629826016378.73
a 25 33 0 1 4888824859228.407
a 25 34 0 1 3931042730230.317
a 25 35 0 1 2474949423613.058
a 25 36 0 1 4358401113210.648
a 25 37 0 1 6328185098992.817
a 25 38 0 1 2252258617245.475
a 25 39 0 1 8760206479687.118
a 25 40 0 1 2561182416335.8384
a 25 41 0 1 7102894270919.125
a 25 42 0 1 9707155040636.127
a 25 43 0 1 6460704934399.101
a 25 44 0 1 9954896307796.87
a 25 45 0 1 8052598313171.646
a 25 46 0 1 2585171079415.9883
a 25 47 0 1 4982331598611.441
a 25 48 0 1 7848745328104.791
a 25 49 0 1 10147369350293.465
a 25 50 0 1 10111343951100.865
a 25 51 0 1 10007188234115.229
a 25 52 0 1 8094089824366.163
a 25 53 0 1 4348234902759.969
a 25 54 0 1 5418718697387.051
a 25 55 0 1 3626618394147.7036
a 25 56 0 1 6573782293889.799
a 25 57 0 1 9352157140101.781
a 25 58 0 1 5218661211883.059
a 25 59 0 1 3713029858981.7803
a 25 60 0 1 7938622947683.249
a 25 61 0 1 5486305200741.0625
a 25 62 0 1 7099310694130.004
a 25 63 0 1 3953120055075.6523
a 25 64 0 1 6888279645227.188
a 25 65 0 1 3701519222286.942
a 25 66 0 1 5197594164393.742
a 25 67 0 1 7340278824614.288
a 25 68 0 1 2445216442076.7915
a 25 69 0 1 4540696172310.538
a 25 70 0 1 5946545849481.268
a 25 71 0 1 3327828063201.8125
a 25 72 0 1 9571418027910.244
a 25 73 0 1 8276581691726.742
a 25 74 0 1 2867930482582.9404
a 25 75 0 1 7849876254326.949
a 25 76 0 1 7294025130691.447
a 25 77 0 1 8336363498079.614
a 25 78 0 1 2417774826793.399
a 25 79 0 1 8004195388806.923
a 26 33 0 1 10420384758151.53
a 26 34 0 1 8377854852145.264
a 26 35 0 1 5273622279041.468
a 26 36 0 1 9289160127906.963
a 26 37 0 1 13490869800571.207
a 26 38 0 1 4798973534766.331
a 26 39 0 1 18681550914307.18
a 26 40 0 1 5457428829105.321
a 26 41 0 1 15143979459033.047
a 26 42 0 1 20703522508559.695
a 26 43 0 1 13773622947431.695
a 26 44 0 1 21232594580217.184
a 26 45 0 1 17170957457860.824
a 26 46 0 1 5508561656276.827
a 26 47 0 1 10619821028957.738
a 26 48 0 1 16735826356124.748
a 26 49 0 1 21643660422088.086
a 26 50 0 1 21566719185076.34
a 26 51 0 1 21344272716795.39
a 26 52 0 1 17259525332244.082
a 26 53 0 1 9267480372647.74
a 26 54 0 1 11550635553766.36
a 26 55 0 1 7728757863988.11
a 26 56 0 1 14014900066993.877
a 26 57 0 1 19945454714040.65
a 26 58 0 1 11123899395918.66
a 26 59 0 1 7913000123849.369
a 26 60 0 1 16927670323478.807
a 26 61 0 1 11694807173778.197
a 26 62 0 1 15136331890114.592
a 26 63 0 1 8424930375636.419
a 26 64 0 1 14685991527462.709
a 26 65 0 1 7888457472872.6
a 26 66 0 1 11078963253866.115
a 26 67 0 1 15650588347542.46
a 26 68 0 1 5210247066985.789
a 26 69 0 1 9677919682549.215
a 26 70 0 1 12676633518594.396
a 26 71 0 1 7091723852746.081
a 26 72 0 1 20413659365785.758
a 26 73 0 1 17649084286300.348
a 26 74 0 1 6111299101763.085
a 26 75 0 1 16738240292534.457
a 26 76 0 1 15551874606903.91
a 26 77 0 1 17776702439247.434
a 26 78 0 1 5151756288559.465
a 26 79 0 1 17067637678401.129
a 27 33 0 1 4477050614193.048
a 27 34 0 1 3599973664498.802
a 27 35 0 1 2266543294752.2397
a 27 36 0 1 3991323747522.607
a 27 37 0 1 5795096012128.808
a 27 38 0 1 2062608892047.7283
a 27 39 0 1 8022053556910.521
a 27 40 0 1 2345512972352.978
a 27 41 0 1 6504494459320.323
a 27 42 0 1 8889128607141.883
a 27 43 0 1 5916444712793.564
a 27 44 0 1 9115970685235.752
a 27 45 0 1 7374120533740.335
a 27 46 0 1 2367481071856.813
a 27 47 0 1 4562677362513.132
a 27 48 0 1 7187457552743.024
a 27 49 0 1 9292206153647.42
a 27 50 0 1 9259220009865.51
a 27 51 0 1 9163851180896.436
a 27 52 0 1 7412113162180.478
a 27 53 0 1 3982014157817.6274
a 27 54 0 1 4962287234623.634
a 27 55 0 1 3321197490611.6733
a 27 56 0 1 6019989649291.634
a 27 57 0 1 8564076048110.189
a 27 58 0 1 4779090336492.542
a 27 59 0 1 3400328839957.567
a 27 60 0 1 7269756288538.724
a 27 61 0 1 5024177473743.455
a 27 62 0 1 6501213015296.781
a 27 63 0 1 3620190880826.8315
a 27 64 0 1 6307973674390.566
a 27 65 0 1 3389787975344.5093
a 27 66 0 1 4759798751258.28
a 27 67 0 1 6721864519711.23
a 27 68 0 1 2239314660649.33
a 27 69 0 1 4158258028992.7207
a 27 70 0 1 5445626379934.3545
a 27 71 0 1 3047579048405.3286
a 27 72 0 1 8764841761151.627
a 27 73 0 1 7579215550912.106
a 27 74 0 1 2626422898084.2344
a 27 75 0 1 7188493115088.369
a 27 76 0 1 6679510670517.867
a 27 77 0 1 7633955848608.516
a 27 78 0 1 2214184381834.945
a 27 79 0 1 7329799276866.416
a 28 33 0 1 15769320707694.402
a 28 34 0 1 12676799182259.715
a 28 35 0 1 7978222324213.246
a 28 36 0 1 14056481553277.082
a 28 37 0 1 20419640057121.285
a 28 38 0 1 7259944376925.203
a 28 39 0 1 28284895639993.273
a 28 40 0 1 8256384503215.348
a 28 41 0 1 22924013088741.07
a 28 42 0 1 31350029572127.246
a 28 43 0 1 20847961207925.54
a 28 44 0 1 32152178596082.598
a 28 45 0 1 25995446994675.6
a 28 46 0 1 8333767034547.066
a 28 47 0 1 16071320110999.107
a 28 48 0 1 25336040409962.812
a 28 49 0 1 32775448098435.516
a 28 50 0 1 32658785330746.555
a 28 51 0 1 32321505090797.05
a 28 52 0 1 26129668736905.332
a 28 53 0 1 14023657480381.002
a 28 54 0 1 17480914485078.164
a 28 55 0 1 11694181148954.207
a 28 56 0 1 21213464844980.383
a 28 57 0 1 30200778134323.984
a 28 58 0 1 16834660234190.193
a 28 59 0 1 11973083673599.06
a 28 60 0 1 25626760490718.023
a 28 61 0 1 17699257062821.86
a 28 62 0 1 22912426299051.37
a 28 63 0 1 12748066133530.004
a 28 64 0 1 22230136617673.203
a 28 65 0 1 11935931111610.105
a 28 66 0 1 16766610313640.38
a 28 67 0 1 23691596844714.445
a 28 68 0 1 7882315352721.499
a 28 69 0 1 14645094376083.322
a 28 70 0 1 19186295874874.164
a 28 71 0 1 10729897688765.104
a 28 72 0 1 30910576923768.086
a 28 73 0 1 26720049454647.58
a 28 74 0 1 9245962868562.5
a 28 75 0 1 25339698444715.875
a 28 76 0 1 23542028018400.883
a 28 77 0 1 26913462052923.508
a 28 78 0 1 7793800729472.1455
a 28 79 0 1 25838871001576.37
a 29 33 0 1 4515605879410.816
a 29 34 0 1 3630972599678.473
a 29 35 0 1 2286057201182.6836
a 29 36 0 1 4025694112764.293
a 29 37 0 1 5845009602388.129
a 29 38 0 1 2080366595506.5476
a 29 39 0 1 8091165971833.418
a 29 40 0 1 2365706956968.77
a 29 41 0 1 6560522767141.358
a 29 42 0 1 8965718849278.592
a 29 43 0 1 5967404206616.07
a 29 44 0 1 9194517506968.38
a 29 45 0 1 7437646028731.756
a 29 46 0 1 2387864245549.4907
a 29 47 0 1 4601970415111.203
a 29 48 0 1 7249373668329.888
a 29 49 0 1 9372273129245.037
a 29 50 0 1 9339002452227.975
a 29 51 0 1 9242810999152.334
a 29 52 0 1 7475966232294.825
a 29 53 0 1 4016304318596.6978
a 29 54 0 1 5005023647376.805
a 29 55 0 1 3349794992191.1343
a 29 56 0 1 6071841619471.154
a 29 57 0 1 8637862796060.037
a 29 58 0 1 4820248137714.712
a 29 59 0 1 3429607978970.03
a 29 60 0 1 7332381962521.213
a 29 61 0 1 5067447211168.452
a 29 62 0 1 6557213036125.756
a 29 63 0 1 3651363977189.0356
a 29 64 0 1 6362307954451.382
a 29 65 0 1 3418976314628.12
a 29 66 0 1 4800790320392.904
a 29 67 0 1 6779766668076.788
a 29 68 0 1 2258594079966.9287
a 29 69 0 1 4194066604590.099
a 29 70 0 1 5492528058662.556
a 29 71 0 1 3073819697297.749
a 29 72 0 1 8840360036420.867
a 29 73 0 1 7644509423923.383
a 29 74 0 1 2649036149209.168
a 29 75 0 1 7250418158941.497
a 29 76 0 1 6737047699729.606
a 29 77 0 1 7699721719727.529
a 29 78 0 1 2233247385937.685
a 29 79 0 1 7392942634507.02
a 30 33 0 1 9534277418649.521
a 30 34 0 1 7665589301724.74
a 30 35 0 1 4825417916573.847
a 30 36 0 1 8499341704099.711
a 30 37 0 1 12343289590420.812
a 30 38 0 1 4391129894183.757
a 30 39 0 1 17091563817301.46
a 30 40 0 1 4993593792981.863
a 30 41 0 1 13855555567014.725
a 30 42 0 1 18941069826037.277
a 30 43 0 1 12601955861613.414
a 30 44 0 1 19425002173392.996
a 30 45 0 1 15709769639123.898
a 30 46 0 1 5040378242391.336
a 30 47 0 1 9716735457717.463
a 30 48 0 1 15311731964744.63
a 30 49 0 1 19800992952943.445
a 30 50 0 1 19730617120701.492
a 30 51 0 1 19527151437206.652
a 30 52 0 1 15790786990918.746
a 30 53 0 1 8479507087800.183
a 30 54 0 1 10568299271810.58
a 30 55 0 1 7071721954718.594
a 30 56 0 1 12822678186981.371
a 30 57 0 1 18247670599743.95
a 30 58 0 1 10177897892226.525
a 30 59 0 1 7240288382091.8125
a 30 60 0 1 15487222313820.496
a 30 61 0 1 10700194550218.045
a 30 62 0 1 13848559678056.861
a 30 63 0 1 7708659021803.862
a 30 64 0 1 13436592769464.746
a 30 65 0 1 7217833921726.571
a 30 66 0 1 10136787682462.012
a 30 67 0 1 14318991945960.37
a 30 68 0 1 4767431911075.566
a 30 69 0 1 8855012951075.875
a 30 70 0 1 11598407593226.398
a 30 71 0 1 6488883840900.603
a 30 72 0 1 18675935287751.844
a 30 73 0 1 16147133882302.143
a 30 74 0 1 5591854868172.801
a 30 75 0 1 15313940130769.05
a 30 76 0 1 14228690815301.701
a 30 77 0 1 16263871286889.158
a 30 78 0 1 4713914920189.236
a 30 79 0 1 15615257822700.637
a 31 33 0 1 14957569223054.947
a 31 34 0 1 12024460733034.707
a 31 35 0 1 7567879749866.937
a 31 36 0 1 13333036656619.43
a 31 37 0 1 19367971548713.69
a 31 38 0 1 6886574168742.867
a 31 39 0 1 26826891758033.367
a 31 40 0 1 7831722356473.71
a 31 41 0 1 21743039209403.637
a 31 42 0 1 29733485464053.836
a 31 43 0 1 19774182705856.984
a 31 44 0 1 30494126810858.973
a 31 45 0 1 24655792778280.695
a 31 46 0 1 7905121140672.632
a 31 47 0 1 15243995415904.398
a 31 48 0 1 24030462269887.84
a 31 49 0 1 31085139843852.316
a 31 50 0 1 30974515133706.758
a 31 51 0 1 30654690476339.996
a 31 52 0 1 24783077758339.785
a 31 53 0 1 13301904528582.64
a 31 54 0 1 16580887616723.08
a 31 55 0 1 11092472074845.242
a 31 56 0 1 20120817362113.906
a 31 57 0 1 28643690055999.57
a 31 58 0 1 15967967781411.979
a 31 59 0 1 11357005256578.395
a 31 60 0 1 24306159448053.59
a 31 61 0 1 16787966811118.062
a 31 62 0 1 21732050829748.71
a 31 63 0 1 12092055233423.49
a 31 64 0 1 21084995934971.676
a 31 65 0 1 11321766883057.44
a 31 66 0 1 15903427667425.627
a 31 67 0 1 22470977048484.203
a 31 68 0 1 7476909792914.126
a 31 69 0 1 13891306870067.383
a 31 70 0 1 18198281204267.062
a 31 71 0 1 10177862739529.44
a 31 72 0 1 29316769471560.633
a 31 73 0 1 25342944383780.64
a 31 74 0 1 8770350944992.467
a 31 75 0 1 24033931282344.12
a 31 76 0 1 22329134015402.555
a 31 77 0 1 25526359509653.508
a 31 78 0 1 7392951555654.167
a 31 79 0 1 24507308588524.605
a 32 33 0 1 17740349802080.023
a 32 34 0 1 14260654809709.521
a 32 35 0 1 8974425020021.902
a 32 36 0 1 15813030524287.705
a 32 37 0 1 22973458070706.703
a 32 38 0 1 8166374768990.6045
a 32 39 0 1 31826005767767.08
a 32 40 0 1 9287357140993.037
a 32 41 0 1 25791976059784.78
a 32 42 0 1 35276438258130.63
a 32 43 0 1 23455492760244.383
a 32 44 0 1 36179470900869.99
a 32 45 0 1 29248964688271.27
a 32 46 0 1 9374412842266.977
a 32 47 0 1 18080175160956.035
a 32 48 0 1 28506757431260.55
a 32 49 0 1 36881141421709.16
a 32 50 0 1 36749802690638.96
a 32 51 0 1 36370095708000.87
a 32 52 0 1 29400042181965.043
a 32 53 0 1 15776097180974.76
a 32 54 0 1 19666362859887.14
a 32 55 0 1 13155081176014.88
a 32 56 0 1 23866837031392.562
a 32 57 0 1 33982685834455.242
a 32 58 0 1 18939138171633.83
a 32 59 0 1 13468879764325.748
a 32 60 0 1 28833981042054.855
a 32 61 0 1 19912065063330.992
a 32 62 0 1 25778935370329.598
a 32 63 0 1 14340840656001.621
a 32 64 0 1 25011040301072.41
a 32 65 0 1 13427078557545.992
a 32 66 0 1 18862562934713.824
a 32 67 0 1 26655885247869.82
a 32 68 0 1 8866530371827.564
a 32 69 0 1 16475338162364.86
a 32 70 0 1 21585479872561.574
a 32 71 0 1 12070166757551.957
a 32 72 0 1 34781726002840.83
a 32 73 0 1 30064570686514.625
a 32 74 0 1 10400651939439.7
a 32 75 0 1 28510874760789.793
a 32 76 0 1 26487545264035.293
a 32 77 0 1 30282277053840.598
a 32 78 0 1 8766952326120.042
a 32 79 0 1 29072726407019.086
a 33 1 0 1 0
a 34 1 0 1 0
a 35 1 0 1 0
a 36 1 0 1 0
a 37 1 0 1 0
a 38 1 0 1 0
a 39 1 0 1 0
a 40 1 0 1 0
a 41 1 0 1 0
a 42 1 0 1 0
a 43 1 0 1 0
a 44 1 0 1 0
a 45 1 0 1 0
a 46 1 0 1 0
a 47 1 0 1 0
a 48 1 0 1 0
a 49 1 0 1 0
a 50 1 0 1 0
a 51 1 0 1 0
a 52 1 0 1 0
a 53 1 0 1 0
a 54 1 0 1 0
a 55 1 0 1 0
a 56 1 0 1 0
a 57 1 0 1 0
a 58 1 0 1 0
a 59 1 0 1 0
a 60 1 0 1 0
a 61 1 0 1 0
a 62 1 0 1 0
a 63 1 0 1 0
a 64 1 0 1 0
a 65 1 0 1 0
a 66 1 0 1 0
a 67 1 0 1 0
a 68 1 0 1 0
a 69 1 0 1 0
a 70 1 0 1 0
a 71 1 0 1 0
a 72 1 0 1 0
a 73 1 0 1 0
a 74 1 0 1 0
a 75 1 0 1 0
a 76 1 0 1 0
a 77 1 0 1 0
a 78 1 0 1 0
a 79 1 0 1 0
