p min 81 1609
n 0 34
n 1 -34
a 0 2 0 1 0
a 0 3 0 1 0
a 0 4 0 1 0
a 0 5 0 1 0
a 0 6 0 1 0
a 0 7 0 1 0
a 0 8 0 1 0
a 0 9 0 1 0
a 0 10 0 1 0
a 0 11 0 1 0
a 0 12 0 1 0
a 0 13 0 1 0
a 0 14 0 1 0
a 0 15 0 1 0
a 0 16 0 1 0
a 0 17 0 1 0
a 0 18 0 1 0
a 0 19 0 1 0
a 0 20 0 1 0
a 0 21 0 1 0
a 0 22 0 1 0
a 0 23 0 1 0
a 0 24 0 1 0
a 0 25 0 1 0
a 0 26 0 1 0
a 0 27 0 1 0
a 0 28 0 1 0
a 0 29 0 1 0
a 0 30 0 1 0
a 0 31 0 1 0
a 0 32 0 1 0
a 0 33 0 1 0
a 0 34 0 1 0
a 0 35 0 1 0
a 2 36 0 1 3919917381725.656
a 2 37 0 1 5341311442892.234
a 2 38 0 1 6486220266897.259
a 2 39 0 1 3972642843277.5728
a 2 40 0 1 2952102680861.068
a 2 41 0 1 5017477637150.036
a 2 42 0 1 7250218308590.657
a 2 43 0 1 6049265388253.07
a 2 44 0 1 1588767892072.3728
a 2 45 0 1 6027286764130.626
a 2 46 0 1 3309924302417.318
a 2 47 0 1 3329556673999.399
a 2 48 0 1 6241965886012.843
a 2 49 0 1 3044954364001.185
a 2 50 0 1 5292849257729.828
a 2 51 0 1 7183082784088.344
a 2 52 0 1 3634601948247.3203
a 2 53 0 1 2388363634857.418
a 2 54 0 1 3087537519920.2544
a 2 55 0 1 1845977122607.4111
a 2 56 0 1 1976388347514.4822
a 2 57 0 1 1577757734586.134
a 2 58 0 1 5399199712659.308
a 2 59 0 1 2823059464625.5728
a 2 60 0 1 4410572992129.658
a 2 61 0 1 3023142477263.7227
a 2 62 0 1 2182057645108.8647
a 2 63 0 1 3630947989491.5103
a 2 64 0 1 2529452134859.072
a 2 65 0 1 3491843529019.4595
a 2 66 0 1 4036680043533.19
a 2 67 0 1 2512447077799.3555
a 2 68 0 1 2634428886170.436
a 2 69 0 1 4754636005609.506
a 2 70 0 1 4911216005318.298
a 2 71 0 1 5576519780516.75
a 2 72 0 1 2257581114317.216
a 2 73 0 1 5118885917752.661
a 2 74 0 1 6625599958542.986
a 2 75 0 1 1582249043890.0708
a 2 76 0 1 5780371347977.562
a 2 77 0 1 2563241444892.2056
a 2 78 0 1 2213856769200.685
a 2 79 0 1 6815950146458.991
a 2 80 0 1 3589766610179.166
a 3 36 0 1 19559612384047.562
a 3 37 0 1 26669529591774.395
a 3 38 0 1 32403227816538.816
a 3 39 0 1 19823182762269.094
a 3 40 0 1 14723855447894.814
a 3 41 0 1 25048869791497.07
a 3 42 0 1 36232699867733.055
a 3 43 0 1 30214244833042.324
a 3 44 0 1 7919150812498.436
a 3 45 0 1 30104163344766.53
a 3 46 0 1 16511235586218.488
a 3 47 0 1 16609319664886.322
a 3 48 0 1 31179494496627.152
a 3 49 0 1 15187608946255.766
a 3 50 0 1 26426964775539.684
a 3 51 0 1 35896080687506.88
a 3 52 0 1 18133565206499.94
a 3 53 0 1 11909075619574.086
a 3 54 0 1 15400306411196.865
a 3 55 0 1 9202286491520.504
a 3 56 0 1 9852982760915.555
a 3 57 0 1 7864231376091.958
a 3 58 0 1 26959288423693.395
a 3 59 0 1 14079406852758.867
a 3 60 0 1 22012855339284.24
a 3 61 0 1 15078664564018.357
a 3 62 0 1 10879343086387.912
a 3 63 0 1 18115304629140.93
a 3 64 0 1 12613401337723.611
a 3 65 0 1 17420178860653.225
a 3 66 0 1 20143316829819.16
a 3 67 0 1 12528505814005.87
a 3 68 0 1 13137513427782.006
a 3 69 0 1 23733807336557.21
a 3 70 0 1 24517177888836.883
a 3 71 0 1 27846957544347.207
a 3 72 0 1 11256279790026.33
a 3 73 0 1 25556325986265.234
a 3 74 0 1 33101654542897.883
a 3 75 0 1 7886634274297.464
a 3 76 0 1 28867623517716.195
a 3 77 0 1 12782093988136.252
a 3 78 0 1 11038048934136.654
a 3 79 0 1 34055637890959.746
a 3 80 0 1 17909505851322.05
a 4 36 0 1 12490705776637.062
a 4 37 0 1 17026036006659.945
a 4 38 0 1 20681534028740.848
a 4 39 0 1 12658882118622.564
a 4 40 0 1 9404498961383.47
a 4 41 0 1 15992473303318.1
a 4 42 0 1 23122025288263.586
a 4 43 0 1 19286162485586.527
a 4 44 0 1 5059593592635.796
a 4 45 0 1 19215984088925.293
a 4 46 0 1 10545359688523.75
a 4 47 0 1 10607960522309.291
a 4 48 0 1 19901494226062.9
a 4 49 0 1 9700522904458.139
a 4 50 0 1 16871351144647.982
a 4 51 0 1 22907531924851.363
a 4 52 0 1 11580723844139.84
a 4 53 0 1 7607518515455.745
a 4 54 0 1 9836288497494.18
a 4 55 0 1 5879083117394.268
a 4 56 0 1 6294624424358.697
a 4 57 0 1 5024516703461.711
a 4 58 0 1 17210812638427.377
a 4 59 0 1 8993114426314.094
a 4 60 0 1 14055903592926.625
a 4 61 0 1 9630982363524.725
a 4 62 0 1 6950022911988.207
a 4 63 0 1 11569070796725.314
a 4 64 0 1 8057205814794.501
a 4 65 0 1 11125460821528.6
a 4 66 0 1 12863145083575.049
a 4 67 0 1 8003004394193.704
a 4 68 0 1 8391815914931.366
a 4 69 0 1 15153700158635.094
a 4 70 0 1 15653360647423.658
a 4 71 0 1 17776843545542.707
a 4 72 0 1 7190707702054.46
a 4 73 0 1 16316114419778.896
a 4 74 0 1 21126693871077.367
a 4 75 0 1 5038825390729.173
a 4 76 0 1 18427629384634.695
a 4 77 0 1 8164906249189.099
a 4 78 0 1 7051362023274.937
a 4 79 0 1 21734697206774.74
a 4 80 0 1 11437738404915.543
a 5 36 0 1 3457564011677.596
a 5 37 0 1 4711214009689.701
a 5 38 0 1 5720972620783.58
a 5 39 0 1 3504068007791.117
a 5 40 0 1 2603937059795.1665
a 5 41 0 1 4425601309565.983
a 5 42 0 1 6394767398214.446
a 5 43 0 1 5335601579038.149
a 5 44 0 1 1401417438532.625
a 5 45 0 1 5316217476654.275
a 5 46 0 1 2919543663746.766
a 5 47 0 1 2936859761999.658
a 5 48 0 1 5505553767980.325
a 5 49 0 1 2685834597809.5034
a 5 50 0 1 4668471826755.435
a 5 51 0 1 6335558951569.212
a 5 52 0 1 3205913891421.2
a 5 53 0 1 2106700498112.285
a 5 54 0 1 2723393951582.7373
a 5 55 0 1 1628290393779.419
a 5 56 0 1 1743319796885.7341
a 5 57 0 1 1391705827254.0974
a 5 58 0 1 4762269640633.258
a 5 59 0 1 2490117329222.2876
a 5 60 0 1 3890320979129.6875
a 5 61 0 1 2666595979411.6416
a 5 62 0 1 1924729860212.1567
a 5 63 0 1 3202691062713.0522
a 5 64 0 1 2231145955327.1733
a 5 65 0 1 3079999278826.5503
a 5 66 0 1 3560548897676.2637
a 5 67 0 1 2216146869402.32
a 5 68 0 1 2323739158578.3384
a 5 69 0 1 4193780217374.481
a 5 70 0 1 4331880862787.459
a 5 71 0 1 4918659856536.222
a 5 72 0 1 1991344883331.939
a 5 73 0 1 4515040953800.644
a 5 74 0 1 5843897157942.027
a 5 75 0 1 1395667428529.837
a 5 76 0 1 5098449013483.803
a 5 77 0 1 2260949349292.565
a 5 78 0 1 1952778103580.8425
a 5 79 0 1 6011773866542.815
a 5 80 0 1 3166368646072.1226
a 6 36 0 1 8679478533459.611
a 6 37 0 1 11829080367185.8
a 6 38 0 1 14366943059005.248
a 6 39 0 1 8796288083137.52
a 6 40 0 1 6535659283874.15
a 6 41 0 1 11111401650353.828
a 6 42 0 1 16060912662857.045
a 6 43 0 1 13398270766586.27
a 6 44 0 1 3516702586817.439
a 6 45 0 1 13349550140072.854
a 6 46 0 1 7328207093671.972
a 6 47 0 1 7371693606739.222
a 6 48 0 1 13825448158495.348
a 6 49 0 1 6741311112466.74
a 6 50 0 1 11721674595078.55
a 6 51 0 1 15912042327032.691
a 6 52 0 1 8047412166098.97
a 6 53 0 1 5287180884262.0625
a 6 54 0 1 6835627870921.11
a 6 55 0 1 4086176396857.244
a 6 56 0 1 4374928868386.5317
a 6 57 0 1 3492326473767.032
a 6 58 0 1 11957378892812.438
a 6 59 0 1 6249857789288.518
a 6 60 0 1 9766558130496.252
a 6 61 0 1 6693000744683.242
a 6 62 0 1 4830336815312.943
a 6 63 0 1 8039317787774.728
a 6 64 0 1 5599622492575.457
a 6 65 0 1 7731174834709.008
a 6 66 0 1 8938160311921.04
a 6 67 0 1 5561964004743.807
a 6 68 0 1 5832102344291.906
a 6 69 0 1 10528941303242.197
a 6 70 0 1 10875919381556.148
a 6 71 0 1 12350388611628.445
a 6 72 0 1 4997572958771.849
a 6 73 0 1 11336135130413.354
a 6 74 0 1 14675954708532.994
a 6 75 0 1 3502270070278.3433
a 6 76 0 1 12802226494786.766
a 6 77 0 1 5674451018825.548
a 6 78 0 1 4900751090841.783
a 6 79 0 1 15097989960696.44
a 6 80 0 1 7948091915948.57
a 7 36 0 1 13311240341162.8
a 7 37 0 1 18145126667317.04
a 7 38 0 1 22041504326475.195
a 7 39 0 1 13490481626086.201
a 7 40 0 1 10022061638221.406
a 7 41 0 1 17043496361795.225
a 7 42 0 1 24642932501982.195
a 7 43 0 1 20554159045316.6
a 7 44 0 1 5391663432058.571
a 7 45 0 1 20479355781013.875
a 7 46 0 1 11237935933181.744
a 7 47 0 1 11304653487995.2
a 7 48 0 1 21210045534897.598
a 7 49 0 1 10337547650403.39
a 7 50 0 1 17980253586254.41
a 7 51 0 1 24414290621889.62
a 7 52 0 1 12341395254933.754
a 7 53 0 1 8106969199630.801
a 7 54 0 1 10482239613778.41
a 7 55 0 1 6264976270219.508
a 7 56 0 1 6707814081394.733
a 7 57 0 1 5354282966812.598
a 7 58 0 1 18342074000189.46
a 7 59 0 1 9583633009139.98
a 7 60 0 1 14979435960218.822
a 7 61 0 1 10263435045435.004
a 7 62 0 1 7406270715433.327
a 7 63 0 1 12328975698582.736
a 7 64 0 1 8586208675441.945
a 7 65 0 1 11856187774961.424
a 7 66 0 1 13708184420423.732
a 7 67 0 1 8528445118052.828
a 7 68 0 1 8942810520401.133
a 7 69 0 1 16149496610619.861
a 7 70 0 1 16682054438916.393
a 7 71 0 1 18945391157541.97
a 7 72 0 1 7662769671339.712
a 7 73 0 1 17388449736930.572
a 7 74 0 1 22516012813239.2
a 7 75 0 1 5369531334490.406
a 7 76 0 1 19639052724665.113
a 7 77 0 1 8700987361593.404
a 7 78 0 1 7514268187277.169
a 7 79 0 1 23164105973786.773
a 7 80 0 1 12189004735050.828
a 8 36 0 1 14307591662731.182
a 8 37 0 1 19504109440370.938
a 8 38 0 1 23693103960646.875
a 8 39 0 1 14500271635598.828
a 8 40 0 1 10771911280241.139
a 8 41 0 1 18319798177062.17
a 8 42 0 1 26490055847295.766
a 8 43 0 1 22094026161469.145
a 8 44 0 1 5794835996681.381
a 8 45 0 1 22013604604489.965
a 8 46 0 1 12078883743734.215
a 8 47 0 1 12150600838266.611
a 8 48 0 1 22799179158227.72
a 8 49 0 1 11111032133338.629
a 8 50 0 1 19326860660533.91
a 8 51 0 1 26244224163225.72
a 8 52 0 1 13265042388226.664
a 8 53 0 1 8713388036064.954
a 8 54 0 1 11266564407097.855
a 8 55 0 1 6733503213477.509
a 8 56 0 1 7209486196329.711
a 8 57 0 1 5754658479021.599
a 8 58 0 1 19715840690698.094
a 8 59 0 1 10300640547996.785
a 8 60 0 1 16100883975187.535
a 8 61 0 1 11031367168252.406
a 8 62 0 1 7960227739853.378
a 8 63 0 1 13251691916194.781
a 8 64 0 1 9228513764282.889
a 8 65 0 1 12743468003366.268
a 8 66 0 1 14734297587006.178
a 8 67 0 1 9166424549627.262
a 8 68 0 1 9611821313192.816
a 8 69 0 1 17358717391294.277
a 8 70 0 1 17931233767576.684
a 8 71 0 1 20364450538449.555
a 8 72 0 1 8235929906024.366
a 8 73 0 1 18690639006674.176
a 8 74 0 1 24203267183873.16
a 8 75 0 1 5771047826794.346
a 8 76 0 1 21110195561453.227
a 8 77 0 1 9351887901988.406
a 8 78 0 1 8076310468967.8125
a 8 79 0 1 24900065062400.34
a 8 80 0 1 13101229538639.064
a 9 36 0 1 9066816963508.154
a 9 37 0 1 12357175927967.336
a 9 38 0 1 15008534462708.72
a 9 39 0 1 9188844880849.598
a 9 40 0 1 6827250440488.149
a 9 41 0 1 11607414442544.273
a 9 42 0 1 16778298707373.902
a 9 43 0 1 13996533967689.084
a 9 44 0 1 3673544767356.1733
a 9 45 0 1 13945634359819.998
a 9 46 0 1 7655189274747.297
a 9 47 0 1 7700617862456.717
a 9 48 0 1 14442817535387.299
a 9 49 0 1 7042084951906.908
a 9 50 0 1 12244968386785.115
a 9 51 0 1 16622766108702.77
a 9 52 0 1 8406516109851.28
a 9 53 0 1 5523035233283.595
a 9 54 0 1 7140613256304.85
a 9 55 0 1 4268429146770.711
a 9 56 0 1 4570067412077.467
a 9 57 0 1 3648081042087.4556
a 9 58 0 1 12491210433569.568
a 9 59 0 1 6528688206660.892
a 9 60 0 1 10202466588295.848
a 9 61 0 1 6991617408171.075
a 9 62 0 1 5045800096258.172
a 9 63 0 1 8398060182439.238
a 9 64 0 1 5849423848933.276
a 9 65 0 1 8076154027097.992
a 9 66 0 1 9337055328444.14
a 9 67 0 1 5810084277181.265
a 9 68 0 1 6092281994111.318
a 9 69 0 1 10998920136027.078
a 9 70 0 1 11361406492980.678
a 9 71 0 1 12901791961715.328
a 9 72 0 1 5220500503876.459
a 9 73 0 1 11842193705751.361
a 9 74 0 1 15331370165207.783
a 9 75 0 1 3658468300731.479
a 9 76 0 1 13373833965998.557
a 9 77 0 1 5927592783715.269
a 9 78 0 1 5119357141178.645
a 9 79 0 1 15772287393891.984
a 9 80 0 1 8302759601551.991
a 10 36 0 1 10518604844618.947
a 10 37 0 1 14336689656917.5
a 10 38 0 1 17413625333441.31
a 10 39 0 1 10660195986988.541
a 10 40 0 1 7920109594594.134
a 10 41 0 1 13466636487322.68
a 10 42 0 1 19467627352133.63
a 10 43 0 1 16239150163813.059
a 10 44 0 1 4261332783169.9585
a 10 45 0 1 16180079885213.248
a 10 46 0 1 8880714725663.36
a 10 47 0 1 8933423495660.918
a 10 48 0 1 16757078258394.484
a 10 49 0 1 8169365688575.662
a 10 50 0 1 14206478011637.4
a 10 51 0 1 19287109631347.53
a 10 52 0 1 9752457193241.607
a 10 53 0 1 6406970582476.245
a 10 54 0 1 8283681224295.629
a 10 55 0 1 4951456313803.722
a 10 56 0 1 5301391716242.873
a 10 57 0 1 4231792731915.0146
a 10 58 0 1 14492231189206.164
a 10 59 0 1 7573713892230.108
a 10 60 0 1 11836343767402.451
a 10 61 0 1 8110811870186.688
a 10 62 0 1 5853304763107.422
a 10 63 0 1 9742645894445.027
a 10 64 0 1 6785636954913.398
a 10 65 0 1 9369144790760.17
a 10 66 0 1 10832168038278.299
a 10 67 0 1 6739996111248.005
a 10 68 0 1 7067396715565.781
a 10 69 0 1 12760533107626.6
a 10 70 0 1 13181164288768.96
a 10 71 0 1 14968698963533.729
a 10 72 0 1 6055982850426.398
a 10 73 0 1 13739081128722.69
a 10 74 0 1 17788300913258.355
a 10 75 0 1 4243842817448.33
a 10 76 0 1 15516498743864.713
a 10 77 0 1 6876326906638.458
a 10 78 0 1 5938641560970.887
a 10 79 0 1 18300026381461.043
a 10 80 0 1 9632070124475.24
a 11 36 0 1 16098805113593.168
a 11 37 0 1 21947537363536.13
a 11 38 0 1 26662932032936.46
a 11 39 0 1 16315652655658.586
a 11 40 0 1 12119863635597.24
a 11 41 0 1 20614506011978.31
a 11 42 0 1 29811674660537.17
a 11 43 0 1 24862842432045.242
a 11 44 0 1 6519510243490.675
a 11 45 0 1 24772313697256.297
a 11 46 0 1 13590641280771.508
a 11 47 0 1 13671348411856.508
a 11 48 0 1 25656626296520.223
a 11 49 0 1 12501481778527.84
a 11 50 0 1 21748027633202.91
a 11 51 0 1 29534912909727.984
a 11 52 0 1 14925511324024.533
a 11 53 0 1 9803454480172.227
a 11 54 0 1 12676505993453.969
a 11 55 0 1 7575665073533.443
a 11 56 0 1 8111235045697.139
a 11 57 0 1 6474304573078.585
a 11 58 0 1 22185861612021.586
a 11 59 0 1 11589541311276.852
a 11 60 0 1 18117074132738.004
a 11 61 0 1 12411833178157.922
a 11 62 0 1 8955974777113.896
a 11 63 0 1 14910486818691.914
a 11 64 0 1 10383100785132.781
a 11 65 0 1 14338540345339.785
a 11 66 0 1 16579033765267.24
a 11 67 0 1 10313234309819.879
a 11 68 0 1 10814423995952.889
a 11 69 0 1 19532770891066.035
a 11 70 0 1 20177157505151.094
a 11 71 0 1 22915944570844.137
a 11 72 0 1 9266201408380.453
a 11 73 0 1 21031910332921.67
a 11 74 0 1 27237242769868.824
a 11 75 0 1 6492745015468.357
a 11 76 0 1 23755380966505.19
a 11 77 0 1 10521929070343.57
a 11 78 0 1 9086593522807.125
a 11 79 0 1 28021669160407.457
a 11 80 0 1 14741158165564.055
a 12 36 0 1 9834171184058.742
a 12 37 0 1 13403433942182.89
a 12 38 0 1 16279698908026.557
a 12 39 0 1 9966538576352.727
a 12 40 0 1 7404901234160.413
a 12 41 0 1 12590099552036.31
a 12 42 0 1 18199669622315.387
a 12 43 0 1 15181836007104.31
a 12 44 0 1 3984239444055.5
a 12 45 0 1 15126618434312.78
a 12 46 0 1 8302958613792.717
a 12 47 0 1 8352234990479.57
a 12 48 0 1 15665981486485.994
a 12 49 0 1 7637928792552.911
a 12 50 0 1 13281711471959.793
a 12 51 0 1 18030933732216.137
a 12 52 0 1 9117928236885.564
a 12 53 0 1 5990260807688.428
a 12 54 0 1 7744801194952.531
a 12 55 0 1 4629463741213.717
a 12 56 0 1 4956629900650.368
a 12 57 0 1 3956621110955.8223
a 12 58 0 1 13548834600344.742
a 12 59 0 1 7081057175368.444
a 12 60 0 1 11066057044108.566
a 12 61 0 1 7583187367334.473
a 12 62 0 1 5472628141132.661
a 12 63 0 1 9108755965137.818
a 12 64 0 1 6344280701839.65
a 12 65 0 1 8759580637946.213
a 12 66 0 1 10127307379132.922
a 12 67 0 1 6301610616780.723
a 12 68 0 1 6607700097493.325
a 12 69 0 1 11930019254747.402
a 12 70 0 1 12323234976216.037
a 12 71 0 1 13994235891528.96
a 12 72 0 1 5662116224062.219
a 12 73 0 1 12844784665393.045
a 12 74 0 1 16629929924979.098
a 12 75 0 1 3967887283680.0806
a 12 76 0 1 14506314287018.225
a 12 77 0 1 6429067565751.428
a 12 78 0 1 5552411410557.253
a 12 79 0 1 17108266244371.12
a 12 80 0 1 9005382095134.512
a 13 36 0 1 13111310240200.738
a 13 37 0 1 17872443790497.37
a 13 38 0 1 21710120637193.797
a 13 39 0 1 13287855264112.656
a 13 40 0 1 9871589992749.188
a 13 41 0 1 16787400673969.594
a 13 42 0 1 24272328153070.79
a 13 43 0 1 20245189052818.54
a 13 44 0 1 5310755283234.761
a 13 45 0 1 20171512844035.957
a 13 46 0 1 11069185826047.822
a 13 47 0 1 11134900257717.428
a 13 48 0 1 20891192527969.465
a 13 49 0 1 10182333729985.162
a 13 50 0 1 17710053458366.273
a 13 51 0 1 24047134339856.715
a 13 52 0 1 12156052277601.025
a 13 53 0 1 7985277270778.58
a 13 54 0 1 10324850621078.727
a 13 55 0 1 6170953738614.487
a 13 56 0 1 6607140540945.179
a 13 57 0 1 5273936095784.806
a 13 58 0 1 18066425261147.816
a 13 59 0 1 9439751105457.27
a 13 60 0 1 14754407565978.678
a 13 61 0 1 10109335190162.166
a 13 62 0 1 7295105653256.802
a 13 63 0 1 12143819498941.078
a 13 64 0 1 8457315981565.767
a 13 65 0 1 11678141441031.725
a 13 66 0 1 13502283087626.244
a 13 67 0 1 8400420386239.19
a 13 68 0 1 8808559233127.842
a 13 69 0 1 15906858783739.006
a 13 70 0 1 16431400060090.143
a 13 71 0 1 18660656141853.543
a 13 72 0 1 7547751319393.408
a 13 73 0 1 17127160550113.121
a 13 74 0 1 22177476880495.805
a 13 75 0 1 5288955505671.929
a 13 76 0 1 19343869261007.92
a 13 77 0 1 8570369955822.129
a 13 78 0 1 7401480745998.847
a 13 79 0 1 22815800120595.496
a 13 80 0 1 12005953522156.434
a 14 36 0 1 15517213273391.23
a 14 37 0 1 21154136775309.688
a 14 38 0 1 25698565638993.58
a 14 39 0 1 15726212702811.16
a 14 40 0 1 11682210003110.861
a 14 41 0 1 19869404641298.008
a 14 42 0 1 28733044823527.527
a 14 43 0 1 23963762900162.355
a 14 44 0 1 6284234162672.388
a 14 45 0 1 23876516833795.25
a 14 46 0 1 13099797074480.24
a 14 47 0 1 13177584935114.164
a 14 48 0 1 24728760491219.707
a 14 49 0 1 12050028619739.791
a 14 50 0 1 20961856714307.035
a 14 51 0 1 28466329568143.098
a 14 52 0 1 14386376601293.148
a 14 53 0 1 9449538430064.723
a 14 54 0 1 12218723469847.729
a 14 55 0 1 7302242425065.634
a 14 56 0 1 7818465077546.166
a 14 57 0 1 6240661046848.955
a 14 58 0 1 21383824406351.887
a 14 59 0 1 11171062491296.674
a 14 60 0 1 17462422809951.87
a 14 61 0 1 11963621868120.379
a 14 62 0 1 8632684141147.007
a 14 63 0 1 14371895704973.527
a 14 64 0 1 10008234711575.861
a 14 65 0 1 13820641760327.787
a 14 66 0 1 15980061056145.482
a 14 67 0 1 9940893547104.158
a 14 68 0 1 10423966957545.305
a 14 69 0 1 18826853117012.34
a 14 70 0 1 19447899303883.773
a 14 71 0 1 22087447091709.11
a 14 72 0 1 8931700766313.266
a 14 73 0 1 20271686846839.71
a 14 74 0 1 26252041399230.133
a 14 75 0 1 6258435534301.918
a 14 76 0 1 22896454637072.887
a 14 77 0 1 10142044957858.486
a 14 78 0 1 8758583086522.882
a 14 79 0 1 27008005898715.77
a 14 80 0 1 14208693489752.174
a 15 36 0 1 11965640013391.008
a 15 37 0 1 16309962485927.742
a 15 38 0 1 19811368212874.89
a 15 39 0 1 12126736933198.729
a 15 40 0 1 9009301174532.463
a 15 41 0 1 15319945617005.586
a 15 42 0 1 22148914873053.32
a 15 43 0 1 18474831223629.266
a 15 44 0 1 4847080200430.901
a 15 45 0 1 18407611356135.426
a 15 46 0 1 10102164636104.256
a 15 47 0 1 10162131434390.867
a 15 48 0 1 19064220300639.793
a 15 49 0 1 9292872225103.314
a 15 50 0 1 16161795403857.598
a 15 51 0 1 21943471471939.0
a 15 52 0 1 11093959427352.832
a 15 53 0 1 7287897181616.526
a 15 54 0 1 9422926270518.33
a 15 55 0 1 5632127146541.079
a 15 56 0 1 6030201160346.764
a 15 57 0 1 4813477429733.624
a 15 58 0 1 16486953103641.516
a 15 59 0 1 8615221076659.697
a 15 60 0 1 13464940311904.16
a 15 61 0 1 9226257131693.617
a 15 62 0 1 6658046695765.557
a 15 63 0 1 11082796809503.684
a 15 64 0 1 7718674580535.308
a 15 65 0 1 10657855643946.188
a 15 66 0 1 12322401048019.684
a 15 67 0 1 7666752495316.591
a 15 68 0 1 8039212699945.008
a 15 69 0 1 14516504180234.62
a 15 70 0 1 14995118217610.021
a 15 71 0 1 17029130943020.863
a 15 72 0 1 6888612097311.0625
a 15 73 0 1 15629952225283.346
a 15 74 0 1 20237754491213.383
a 15 75 0 1 4827184790814.787
a 15 76 0 1 17652488382584.125
a 15 77 0 1 7821845801647.954
a 15 78 0 1 6755125155271.161
a 15 79 0 1 20820113745498.6
a 15 80 0 1 10956991578935.154
a 16 36 0 1 12974402370860.799
a 16 37 0 1 17685719006757.63
a 16 38 0 1 21483201939816.418
a 16 39 0 1 13149101125298.469
a 16 40 0 1 9768549230470.133
a 16 41 0 1 16612033719021.271
a 16 42 0 1 24018554599703.74
a 16 43 0 1 20033617465887.19
a 16 44 0 1 5255349829317.4795
a 16 45 0 1 19960712978284.426
a 16 46 0 1 10953628652655.768
a 16 47 0 1 11018656185453.74
a 16 48 0 1 20672853825193.594
a 16 49 0 1 10076045625573.656
a 16 50 0 1 17525028695056.13
a 16 51 0 1 23795721702850.18
a 16 52 0 1 12029133000328.361
a 16 53 0 1 7901943968544.29
a 16 54 0 1 10217073106106.373
a 16 55 0 1 6106567791508.165
a 16 56 0 1 6538200120202.159
a 16 57 0 1 5218914995815.144
a 16 58 0 1 17877669655453.43
a 16 59 0 1 9341222775172.596
a 16 60 0 1 14600313670811.623
a 16 61 0 1 10003809957615.78
a 16 62 0 1 7218980878778.522
a 16 63 0 1 12017028118815.473
a 16 64 0 1 8369051797458.111
a 16 65 0 1 11556218591130.682
a 16 66 0 1 13361286409372.234
a 16 67 0 1 8312750557472.264
a 16 68 0 1 8716625643535.105
a 16 69 0 1 15740706950852.55
a 16 70 0 1 16259758975755.88
a 16 71 0 1 18465678882695.242
a 16 72 0 1 7468987907694.787
a 16 73 0 1 16948237416792.605
a 16 74 0 1 21945660925788.33
a 16 75 0 1 5233777619104.905
a 16 76 0 1 19141737654835.98
a 16 77 0 1 8480924739441.164
a 16 78 0 1 7324245006088.947
a 16 79 0 1 22577294564543.266
a 16 80 0 1 11880603545013.717
a 17 36 0 1 16659967221066.209
a 17 37 0 1 22713104640181.336
a 17 38 0 1 27593503452184.53
a 17 39 0 1 16884388202789.773
a 17 40 0 1 12542129941155.787
a 17 41 0 1 21333460601316.523
a 17 42 0 1 30852532216245.543
a 17 43 0 1 25730402068217.918
a 17 44 0 1 6746503934027.212
a 17 45 0 1 25636705106696.83
a 17 46 0 1 14064233748095.02
a 17 47 0 1 14147757860435.361
a 17 48 0 1 26551968849188.734
a 17 49 0 1 12937063796947.95
a 17 50 0 1 22506617624001.38
a 17 51 0 1 30566073441949.316
a 17 52 0 1 15445702720132.977
a 17 53 0 1 10144920838281.752
a 17 54 0 1 13118195496030.846
a 17 55 0 1 7839464739924.088
a 17 56 0 1 8393702348169.523
a 17 57 0 1 6699723096366.037
a 17 58 0 1 22959764036819.273
a 17 59 0 1 11993305214122.803
a 17 60 0 1 18748739783016.867
a 17 61 0 1 12844287000054.4
a 17 62 0 1 9267890869203.9
a 17 63 0 1 15430153642417.33
a 17 64 0 1 10744781922583.732
a 17 65 0 1 14838239367400.785
a 17 66 0 1 17156968471681.48
a 17 67 0 1 10672478752422.596
a 17 68 0 1 11191149055440.273
a 17 69 0 1 20213910859768.93
a 17 70 0 1 20880822364701.016
a 17 71 0 1 23715383851037.79
a 17 72 0 1 9588933916076.0
a 17 73 0 1 21765458888407.582
a 17 74 0 1 28187923512360.305
a 17 75 0 1 6718806083995.287
a 17 76 0 1 24584187560388.117
a 17 77 0 1 10888452166362.803
a 17 78 0 1 9403063693315.242
a 17 79 0 1 28999820812003.04
a 17 80 0 1 15254913101870.188
a 18 36 0 1 10876684069368.977
a 18 37 0 1 14824967900682.38
a 18 38 0 1 18006915126238.043
a 18 39 0 1 11023101442896.002
a 18 40 0 1 8189646214481.231
a 18 41 0 1 13925234973563.57
a 18 42 0 1 20131060221888.08
a 18 43 0 1 16792347667986.87
a 18 44 0 1 4406290996443.277
a 18 45 0 1 16731261242155.453
a 18 46 0 1 9182977168641.217
a 18 47 0 1 9237481833670.355
a 18 48 0 1 17327954552248.768
a 18 49 0 1 8447393227137.176
a 18 50 0 1 14690314009097.88
a 18 51 0 1 19944376541747.0
a 18 52 0 1 10084424572048.213
a 18 53 0 1 6624972875720.194
a 18 54 0 1 8565603094648.559
a 18 55 0 1 5119904374179.276
a 18 56 0 1 5481752059793.355
a 18 57 0 1 4375745571787.9116
a 18 58 0 1 14985816003692.805
a 18 59 0 1 7831451365589.862
a 18 60 0 1 12239345316732.791
a 18 61 0 1 8386844725330.421
a 18 62 0 1 6052455004350.573
a 18 63 0 1 10074278915433.969
a 18 64 0 1 7016534085221.616
a 18 65 0 1 9688049903080.973
a 18 66 0 1 11200935498283.098
a 18 67 0 1 6969338958897.483
a 18 68 0 1 7307889448069.439
a 18 69 0 1 13195049106058.314
a 18 70 0 1 13630025921702.621
a 18 71 0 1 15478540530558.428
a 18 72 0 1 6262033893657.058
a 18 73 0 1 14206972743092.555
a 18 74 0 1 18394383119798.094
a 18 75 0 1 4388205772054.8574
a 18 76 0 1 16045033141775.197
a 18 77 0 1 7110312501044.452
a 18 78 0 1 6140697316696.258
a 18 79 0 1 18923582090835.664
a 18 80 0 1 9959934903973.938
a 19 36 0 1 13131944436510.494
a 19 37 0 1 17900586374928.625
a 19 38 0 1 21744321306638.98
a 19 39 0 1 13308767727751.047
a 19 40 0 1 9887119806977.357
a 19 41 0 1 16813831401649.275
a 19 42 0 1 24310576461350.504
a 19 43 0 1 20277076575883.453
a 19 44 0 1 5319105677364.745
a 19 45 0 1 20203284052029.96
a 19 46 0 1 11086602083181.547
a 19 47 0 1 11152420042752.654
a 19 48 0 1 20924100002756.31
a 19 49 0 1 10198352975085.432
a 19 50 0 1 17737939814673.273
a 19 51 0 1 24085026803080.094
a 19 52 0 1 12175181008693.92
a 19 53 0 1 7997836837451.315
a 19 54 0 1 10341094346365.713
a 19 55 0 1 6180657633022.8
a 19 56 0 1 6617530866739.883
a 19 57 0 1 5282228561856.7295
a 19 58 0 1 18094873932464.54
a 19 59 0 1 9454600818492.129
a 19 60 0 1 14777632022963.8
a 19 61 0 1 10125239457181.041
a 19 62 0 1 7306578776746.643
a 19 63 0 1 12162928953598.713
a 19 64 0 1 8470618714081.233
a 19 65 0 1 11696517119778.566
a 19 66 0 1 13523533544069.062
a 19 67 0 1 8413633539475.812
a 19 68 0 1 8822415006659.36
a 19 69 0 1 15931900608113.354
a 19 70 0 1 16457269224098.19
a 19 71 0 1 18690042546096.555
a 19 72 0 1 7559622128482.414
a 19 73 0 1 17154127265944.04
a 19 74 0 1 22212415676084.75
a 19 75 0 1 5297271601898.559
a 19 76 0 1 19374333976457.24
a 19 77 0 1 8583850689672.591
a 19 78 0 1 7413121310038.06
a 19 79 0 1 22851747190181.93
a 19 80 0 1 12024845731111.348
a 20 36 0 1 2887794610358.02
a 20 37 0 1 3934762955536.4707
a 20 38 0 1 4778012572423.892
a 20 39 0 1 2926632665209.9106
a 20 40 0 1 2174871432043.456
a 20 41 0 1 3696241867464.7817
a 20 42 0 1 5340680739408.603
a 20 43 0 1 4456192953717.509
a 20 44 0 1 1170524560230.2144
a 20 45 0 1 4440005353456.723
a 20 46 0 1 2438459126809.8257
a 20 47 0 1 2452921059887.6196
a 20 48 0 1 4598118958562.033
a 20 49 0 1 2243270758030.1543
a 20 50 0 1 3899068236868.945
a 20 51 0 1 5291237911291.129
a 20 52 0 1 2677626510972.537
a 20 53 0 1 1759583985770.438
a 20 54 0 1 2274639572301.024
a 20 55 0 1 1360012828607.058
a 20 56 0 1 1456086778898.3374
a 20 57 0 1 1162413215880.3447
a 20 58 0 1 3977400299088.455
a 20 59 0 1 2079810921600.5269
a 20 60 0 1 3249211198920.503
a 20 61 0 1 2227203034888.5327
a 20 62 0 1 1607601808224.74
a 20 63 0 1 2674934920522.6816
a 20 64 0 1 1863520433065.2417
a 20 65 0 1 2572466917152.5225
a 20 66 0 1 2973802882724.0205
a 20 67 0 1 1850993270553.5125
a 20 68 0 1 1940853661401.1377
a 20 69 0 1 3502641365031.8066
a 20 70 0 1 3617973415485.172
a 20 71 0 1 4108003662159.9497
a 20 72 0 1 1663238907409.7131
a 20 73 0 1 3770935047045.269
a 20 74 0 1 4880664670320.325
a 20 75 0 1 1165722029907.7856
a 20 76 0 1 4258146806033.595
a 20 77 0 1 1888412059400.3777
a 20 78 0 1 1631027815858.4548
a 20 79 0 1 5020854754199.783
a 20 80 0 1 2644599723718.7646
a 21 36 0 1 15826300746266.645
a 21 37 0 1 21575785367838.562
a 21 38 0 1 26211068387999.176
a 21 39 0 1 16039470929135.42
a 21 40 0 1 11914803200345.896
a 21 41 0 1 20265385899021.094
a 21 42 0 1 29306268188276.844
a 21 43 0 1 24441571290609.3
a 21 44 0 1 6409274169702.874
a 21 45 0 1 24352580761529.062
a 21 46 0 1 13360657917929.588
a 21 47 0 1 13439997193572.744
a 21 48 0 1 25221866343156.426
a 21 49 0 1 12289955465183.922
a 21 50 0 1 21379663299831.74
a 21 51 0 1 29034214165374.01
a 21 52 0 1 14672900859586.549
a 21 53 0 1 9637629722758.25
a 21 54 0 1 12462014002097.746
a 21 55 0 1 7447555537289.284
a 21 56 0 1 7974060347637.332
a 21 57 0 1 6364833426095.894
a 21 58 0 1 21810062685460.777
a 21 59 0 1 11393465369208.264
a 21 60 0 1 17810336435155.184
a 21 61 0 1 12201825859878.889
a 21 62 0 1 8804499615672.33
a 21 63 0 1 14658131069531.506
a 21 64 0 1 10207459823458.107
a 21 65 0 1 14095880344812.33
a 21 66 0 1 16298385307975.63
a 21 67 0 1 10138776592403.783
a 21 68 0 1 10631477818694.662
a 21 69 0 1 19202011195994.004
a 21 70 0 1 19835461101385.47
a 21 71 0 1 22527746909713.59
a 21 72 0 1 9109473783525.406
a 21 73 0 1 20675704365053.156
a 21 74 0 1 26775616097028.953
a 21 75 0 1 6382961838029.611
a 21 76 0 1 23352924928498.92
a 21 77 0 1 10343936885841.14
a 21 78 0 1 8932906893466.81
a 21 79 0 1 27546705536024.91
a 21 80 0 1 14491673039696.922
a 22 36 0 1 11101848351413.514
a 22 37 0 1 15132010300912.28
a 22 38 0 1 18379998940261.65
a 22 39 0 1 11251300720423.621
a 22 40 0 1 8359131087110.546
a 22 41 0 1 14213612344502.592
a 22 42 0 1 20548258232652.516
a 22 43 0 1 17140217268120.44
a 22 44 0 1 4497438723893.663
a 22 45 0 1 17077862888579.959
a 22 46 0 1 9373041235121.793
a 22 47 0 1 9428675231905.637
a 22 48 0 1 17686942373017.945
a 22 49 0 1 8622217475549.185
a 22 50 0 1 14994562752750.367
a 22 51 0 1 20357696627285.336
a 22 52 0 1 10293168406731.62
a 22 53 0 1 6762051591972.31
a 22 54 0 1 8742876235805.4795
a 22 55 0 1 5225822660431.624
a 22 56 0 1 5595160911923.933
a 22 57 0 1 4466261117230.897
a 22 58 0 1 15296195626192.404
a 22 59 0 1 7993516565517.868
a 22 60 0 1 12492759401334.363
a 22 61 0 1 8560414648065.391
a 22 62 0 1 6177679204957.778
a 22 63 0 1 10282812490079.932
a 22 64 0 1 7161721359511.822
a 22 65 0 1 9888579585306.467
a 22 66 0 1 11432821128790.562
a 22 67 0 1 7113548863881.924
a 22 68 0 1 7459110674171.222
a 22 69 0 1 13468281615789.244
a 22 70 0 1 13912280017927.547
a 22 71 0 1 15799143820818.705
a 22 72 0 1 6391597435243.392
a 22 73 0 1 14501194361426.861
a 22 74 0 1 18775512217999.94
a 22 75 0 1 4478979198923.592
a 22 76 0 1 16377392195964.05
a 22 77 0 1 7257441875520.399
a 22 78 0 1 6267748552571.493
a 22 79 0 1 19315700521979.812
a 22 80 0 1 10166098831652.424
a 23 36 0 1 17946902106163.99
a 23 37 0 1 24468945948525.777
a 23 38 0 1 29727918077059.914
a 23 39 0 1 18188695297418.64
a 23 40 0 1 13510478679364.229
a 23 41 0 1 22982365785986.35
a 23 42 0 1 33240005627537.785
a 23 43 0 1 27720241520026.8
a 23 44 0 1 7267011435699.891
a 23 45 0 1 27619275514392.484
a 23 46 0 1 15150305706895.186
a 23 47 0 1 15240291064394.24
a 23 48 0 1 28605552986425.777
a 23 49 0 1 13935953412456.24
a 23 50 0 1 24246451807225.523
a 23 51 0 1 32931295546759.76
a 23 52 0 1 16638659345370.367
a 23 53 0 1 10927953683640.53
a 23 54 0 1 14131093321240.902
a 23 55 0 1 8444378564306.521
a 23 56 0 1 9041427146049.111
a 23 57 0 1 7216618354718.442
a 23 58 0 1 24734727757105.38
a 23 59 0 1 12919217411436.02
a 23 60 0 1 20197401915344.266
a 23 61 0 1 13836001766101.512
a 23 62 0 1 9983152571441.77
a 23 63 0 1 16621907027039.44
a 23 64 0 1 11574176602855.172
a 23 65 0 1 15984191859598.746
a 23 66 0 1 18482377040181.22
a 23 67 0 1 11496284927181.346
a 23 68 0 1 12055046865465.72
a 23 69 0 1 21776066712696.734
a 23 70 0 1 22494651561568.934
a 23 71 0 1 25548934717332.133
a 23 72 0 1 10329002015744.312
a 23 73 0 1 23447844297203.598
a 23 74 0 1 30368478722463.816
a 23 75 0 1 7237174855033.968
a 23 76 0 1 26485114886935.234
a 23 77 0 1 11728951801716.445
a 23 78 0 1 10128769706777.635
a 23 79 0 1 31243408809565.32
a 23 80 0 1 16433106097246.838
a 24 36 0 1 19536829633724.4
a 24 37 0 1 26638439882704.566
a 24 38 0 1 32365429169836.72
a 24 39 0 1 19800092308652.67
a 24 40 0 1 14706714857098.58
a 24 41 0 1 25019674795563.82
a 24 42 0 1 36190415467488.76
a 24 43 0 1 30179008535507.816
a 24 44 0 1 7909939047099.864
a 24 45 0 1 30069055870820.234
a 24 46 0 1 16492010285826.973
a 24 47 0 1 16589979939391.3
a 24 48 0 1 31143128469604.773
a 24 49 0 1 15169927539212.484
a 24 50 0 1 26396158693904.02
a 24 51 0 1 35854190753454.06
a 24 52 0 1 18112446960997.297
a 24 53 0 1 11895216308332.02
a 24 54 0 1 15382376943076.307
a 24 55 0 1 9191580568697.42
a 24 56 0 1 9841518961191.643
a 24 57 0 1 7855083552222.676
a 24 58 0 1 26927859883188.547
a 24 59 0 1 14063017703963.846
a 24 60 0 1 21987207847285.617
a 24 61 0 1 15061110210024.451
a 24 62 0 1 10866683636948.049
a 24 63 0 1 18094207694133.742
a 24 64 0 1 12598721170545.498
a 24 65 0 1 17399893086141.23
a 24 66 0 1 20119852612961.707
a 24 67 0 1 12513924595307.705
a 24 68 0 1 13122222348228.812
a 24 69 0 1 23706149261005.48
a 24 70 0 1 24488604339993.68
a 24 71 0 1 27814490861442.75
a 24 72 0 1 11243181160519.953
a 24 73 0 1 25526537799313.074
a 24 74 0 1 33063038070085.94
a 24 75 0 1 7877460367309.186
a 24 76 0 1 28833962888609.484
a 24 77 0 1 12767217198484.953
a 24 78 0 1 11025204576475.53
a 24 79 0 1 34015904134506.023
a 24 80 0 1 17888649081821.008
a 25 36 0 1 17646522349216.85
a 25 37 0 1 24059103135602.145
a 25 38 0 1 29229693255367.113
a 25 39 0 1 17884260276409.38
a 25 40 0 1 13284465550599.076
a 25 41 0 1 22597487290562.098
a 25 42 0 1 32682698219597.992
a 25 43 0 1 27255770023056.504
a 25 44 0 1 7145529500008.237
a 25 45 0 1 27156501066185.36
a 25 46 0 1 14896813279785.672
a 25 47 0 1 14985290418018.014
a 25 48 0 1 28126199406502.008
a 25 49 0 1 13702811397669.686
a 25 50 0 1 23840345899537.605
a 25 51 0 1 32379183340816.715
a 25 52 0 1 16360217092344.969
a 25 53 0 1 10745196375512.37
a 25 54 0 1 13894681481491.826
a 25 55 0 1 8303195873320.435
a 25 56 0 1 8890252099569.174
a 25 57 0 1 7095979523745.173
a 25 58 0 1 24320420753245.92
a 25 59 0 1 12703109804104.303
a 25 60 0 1 19859269041962.37
a 25 61 0 1 13604534516221.797
a 25 62 0 1 9816213825269.033
a 25 63 0 1 16343745646143.258
a 25 64 0 1 11380597801810.764
a 25 65 0 1 15716721724215.57
a 25 66 0 1 18173016201354.84
a 25 67 0 1 11304010565241.14
a 25 68 0 1 11853414499679.76
a 25 69 0 1 21411439567038.633
a 25 70 0 1 22117961478925.15
a 25 71 0 1 25120950254762.297
a 25 72 0 1 10156273193905.156
a 25 73 0 1 23055149869258.008
a 25 74 0 1 29859481481583.65
a 25 75 0 1 7116192103357.067
a 25 76 0 1 26041400881960.324
a 25 77 0 1 11532780937555.295
a 25 78 0 1 9959393150931.846
a 25 79 0 1 30719695193766.965
a 25 80 0 1 16158110110200.92
a 26 36 0 1 11425942031186.959
a 26 37 0 1 15573966675138.58
a 26 38 0 1 18917025188228.63
a 26 39 0 1 11579763147699.125
a 26 40 0 1 8603077936013.398
a 26 41 0 1 14628700127339.633
a 26 42 0 1 21148791008280.645
a 26 43 0 1 17640945994870.23
a 26 44 0 1 4628628672422.502
a 26 45 0 1 17576766326047.82
a 26 46 0 1 9646610181801.824
a 26 47 0 1 9703869770914.344
a 26 48 0 1 18203676447124.77
a 26 49 0 1 8873849894435.455
a 26 50 0 1 15432497598241.178
a 26 51 0 1 20952646702398.402
a 26 52 0 1 10593625676889.777
a 26 53 0 1 6959353073947.028
a 26 54 0 1 8998033631863.676
a 26 55 0 1 5378272672636.903
a 26 56 0 1 5758392567891.633
a 26 57 0 1 4596541135959.852
a 26 58 0 1 15742956011934.861
a 26 59 0 1 8226783475081.287
a 26 60 0 1 12857517763823.998
a 26 61 0 1 8810241571472.5
a 26 62 0 1 6357917529174.668
a 26 63 0 1 10582967102883.004
a 26 64 0 1 7370694206629.579
a 26 65 0 1 10177213077182.967
a 26 66 0 1 11766589915124.535
a 26 67 0 1 7321114894048.991
a 26 68 0 1 7676768756596.534
a 26 69 0 1 13861568349343.424
a 26 70 0 1 14318553315756.963
a 26 71 0 1 16260621477617.045
a 26 72 0 1 6578081708737.547
a 26 73 0 1 14924694996306.086
a 26 74 0 1 19324120290500.477
a 26 75 0 1 4609630398684.859
a 26 76 0 1 16855792725871.725
a 26 77 0 1 7469210167188.886
a 26 78 0 1 6450616668181.759
a 26 79 0 1 19880128695245.7
a 26 80 0 1 10462842475013.46
a 27 36 0 1 7946063751171.4375
a 27 37 0 1 10829192666890.85
a 27 38 0 1 13152210063148.275
a 27 39 0 1 8052993755631.441
a 27 40 0 1 5983521750063.786
a 27 41 0 1 10172248915755.637
a 27 42 0 1 14702711016658.654
a 27 43 0 1 12265555249983.057
a 27 44 0 1 3219703380579.304
a 27 45 0 1 12220959356467.441
a 27 46 0 1 6709062779512.233
a 27 47 0 1 6748872356052.359
a 27 48 0 1 12656565597696.588
a 27 49 0 1 6171787606019.329
a 27 50 0 1 10730876902999.986
a 27 51 0 1 14566451121904.725
a 27 52 0 1 7367452220716.938
a 27 53 0 1 4840574553705.86
a 27 54 0 1 6258130497008.943
a 27 55 0 1 3741062195603.601
a 27 56 0 1 4005415686349.952
a 27 57 0 1 3197386682950.9644
a 27 58 0 1 10946632710719.29
a 27 59 0 1 5721880894491.857
a 27 60 0 1 8941190675005.078
a 27 61 0 1 6127561503699.635
a 27 62 0 1 4422339594499.287
a 27 63 0 1 7360042350387.242
a 27 64 0 1 5126608747981.441
a 27 65 0 1 7077956900001.4375
a 27 66 0 1 8182866354962.0625
a 27 67 0 1 5092133229560.361
a 27 68 0 1 5339438386207.386
a 27 69 0 1 9639073661817.76
a 27 70 0 1 9956692793015.387
a 27 71 0 1 11306378420363.502
a 27 72 0 1 4575442597212.9795
a 27 73 0 1 10377964873323.781
a 27 74 0 1 13435054174501.412
a 27 75 0 1 3206490196188.8403
a 27 76 0 1 11719969723339.555
a 27 77 0 1 5195112545129.959
a 27 78 0 1 4486803214324.844
a 27 79 0 1 13821348138606.707
a 27 80 0 1 7276530991325.929
a 28 36 0 1 12489930607491.564
a 28 37 0 1 17024978824250.277
a 28 38 0 1 20680249327849.918
a 28 39 0 1 12658096497289.512
a 28 40 0 1 9403915528642.703
a 28 41 0 1 15991480415214.217
a 28 42 0 1 23120588584373.242
a 28 43 0 1 19284964655326.82
a 28 44 0 1 5059279864495.515
a 28 45 0 1 19214790626974.035
a 28 46 0 1 10544705393535.693
a 28 47 0 1 10607302338459.174
a 28 48 0 1 19900258090982.49
a 28 49 0 1 9699921086579.424
a 28 50 0 1 16870303585613.78
a 28 51 0 1 22906108583840.992
a 28 52 0 1 11580005223497.033
a 28 53 0 1 7607046660762.199
a 28 54 0 1 9835678247212.656
a 28 55 0 1 5878718541102.854
a 28 56 0 1 6294234060658.5625
a 28 57 0 1 5024205151577.111
a 28 58 0 1 17209743960101.271
a 28 59 0 1 8992556541322.924
a 28 60 0 1 14055031130838.234
a 28 61 0 1 9630384864708.69
a 28 62 0 1 6949591870954.306
a 28 63 0 1 11568352900155.875
a 28 64 0 1 8056706042463.214
a 28 65 0 1 11124770487597.924
a 28 66 0 1 12862346766721.97
a 28 67 0 1 8002507986966.98
a 28 68 0 1 8391295367347.497
a 28 69 0 1 15152759436416.846
a 28 70 0 1 15652388850993.479
a 28 71 0 1 17775739648439.266
a 28 72 0 1 7190261721368.057
a 28 73 0 1 16315101400744.09
a 28 74 0 1 21125381450322.15
a 28 75 0 1 5038512951100.445
a 28 76 0 1 18426484989579.42
a 28 77 0 1 8164399790134.131
a 28 78 0 1 7050924692077.208
a 28 79 0 1 21733346921386.363
a 28 80 0 1 11437028668661.057
a 29 36 0 1 11690050728371.412
a 29 37 0 1 15934132282418.207
a 29 38 0 1 19354675233604.51
a 29 39 0 1 11847432245702.836
a 29 40 0 1 8801870474981.69
a 29 41 0 1 14966967686614.178
a 29 42 0 1 21638202252853.406
a 29 43 0 1 18049012246074.582
a 29 44 0 1 4735532978124.514
a 29 45 0 1 17983344912241.605
a 29 46 0 1 9869543178699.47
a 29 47 0 1 9928127549052.197
a 29 48 0 1 18624787580685.93
a 29 49 0 1 9078905741619.53
a 29 50 0 1 15789385622098.164
a 29 51 0 1 21437507693922.215
a 29 52 0 1 10838471507617.736
a 29 53 0 1 7120132688187.675
a 29 54 0 1 9205962144348.303
a 29 55 0 1 5502501969852.719
a 29 56 0 1 5891407969425.093
a 29 57 0 1 4702703936214.182
a 29 58 0 1 16107036940620.732
a 29 59 0 1 8416872496254.574
a 29 60 0 1 13154767233665.367
a 29 61 0 1 9013826039361.314
a 29 62 0 1 6504791970409.575
a 29 63 0 1 10827566279438.824
a 29 64 0 1 7540985150968.002
a 29 65 0 1 10412423003889.645
a 29 66 0 1 12038583548554.191
a 29 67 0 1 7490259380460.154
a 29 68 0 1 7854137578317.911
a 29 69 0 1 14182068115667.365
a 29 70 0 1 14649637075409.383
a 29 71 0 1 16636697190511.955
a 29 72 0 1 6730046111056.6875
a 29 73 0 1 15269819049274.459
a 29 74 0 1 19771210036710.613
a 29 75 0 1 4716095675818.648
a 29 76 0 1 17245660911054.488
a 29 77 0 1 7641779206330.829
a 29 78 0 1 6599634182494.179
a 29 79 0 1 20340112599283.473
a 29 80 0 1 10704661844048.021
a 30 36 0 1 3182433277734.187
a 30 37 0 1 4336276049611.169
a 30 38 0 1 5265625152492.982
a 30 39 0 1 3225235410341.7344
a 30 40 0 1 2396751219494.9287
a 30 41 0 1 4073404254467.21
a 30 42 0 1 5885754457814.197
a 30 43 0 1 4910944164569.611
a 30 44 0 1 1289925938149.2136
a 30 45 0 1 4893103700828.458
a 30 46 0 1 2687238379230.4185
a 30 47 0 1 2703176223339.481
a 30 48 0 1 5067362065241.859
a 30 49 0 1 2472130612246.429
a 30 50 0 1 4296937149986.675
a 30 51 0 1 5831262070525.574
a 30 52 0 1 2950814661066.704
a 30 53 0 1 1939086802772.0725
a 30 54 0 1 2506700615804.254
a 30 55 0 1 1498746619826.6628
a 30 56 0 1 1604622805498.0527
a 30 57 0 1 1280987060087.2754
a 30 58 0 1 4383266410798.1187
a 30 59 0 1 2291990102517.5435
a 30 60 0 1 3580740027371.9824
a 30 61 0 1 2454423186910.649
a 30 62 0 1 1771597099606.9404
a 30 63 0 1 2947848364567.748
a 30 64 0 1 2053628766326.1716
a 30 65 0 1 2834922527702.7666
a 30 66 0 1 3277220195714.878
a 30 67 0 1 2039823336469.5107
a 30 68 0 1 2138853140597.5525
a 30 69 0 1 3860040087993.457
a 30 70 0 1 3987145668129.9434
a 30 71 0 1 4527203888805.673
a 30 72 0 1 1832911069647.0303
a 30 73 0 1 4155722730172.81
a 30 74 0 1 5378759738035.041
a 30 75 0 1 1284633444974.561
a 30 76 0 1 4692676632223.437
a 30 77 0 1 2081060337693.708
a 30 78 0 1 1797413344661.7822
a 30 79 0 1 5533266003798.221
a 30 80 0 1 2914417144320.3853
a 31 36 0 1 5127224518730.671
a 31 37 0 1 6986750279972.741
a 31 38 0 1 8484703202381.086
a 31 39 0 1 5196198770851.396
a 31 40 0 1 3861197130623.374
a 31 41 0 1 6563081167831.818
a 31 42 0 1 9484355440846.514
a 31 43 0 1 7912994543450.659
a 31 44 0 1 2077925522607.4265
a 31 45 0 1 7884238336354.072
a 31 46 0 1 4329264178793.3735
a 31 47 0 1 4354945660007.3896
a 31 48 0 1 8165120319191.433
a 31 49 0 1 3982655427572.4634
a 31 50 0 1 6923346980887.068
a 31 51 0 1 9396509877704.283
a 31 52 0 1 4753985820727.356
a 31 53 0 1 3123793266546.461
a 31 54 0 1 4038358267502.564
a 31 55 0 1 2414347603970.782
a 31 56 0 1 2584923981115.427
a 31 57 0 1 2063524698560.1667
a 31 58 0 1 7062486054669.347
a 31 59 0 1 3692398403553.3877
a 31 60 0 1 5769099025885.614
a 31 61 0 1 3954123459144.3267
a 31 62 0 1 2853940254718.6807
a 31 63 0 1 4749205901146.856
a 31 64 0 1 3308342565193.972
a 31 65 0 1 4567237572754.25
a 31 66 0 1 5279971129857.909
a 31 67 0 1 3286099184875.9873
a 31 68 0 1 3445657476719.842
a 31 69 0 1 6219214777113.186
a 31 70 0 1 6424062068573.206
a 31 71 0 1 7294477525232.785
a 31 72 0 1 2952726243112.1006
a 31 73 0 1 6695751742261.47
a 31 74 0 1 8667070332553.697
a 31 75 0 1 2069399141332.86
a 31 76 0 1 7561184307950.481
a 31 77 0 1 3352540583762.0273
a 31 78 0 1 2895533987973.221
a 31 79 0 1 8916131178733.453
a 31 80 0 1 4695334639495.5
a 32 36 0 1 14918093062241.559
a 32 37 0 1 20336864651276.387
a 32 38 0 1 24705223443768.918
a 32 39 0 1 15119008961526.287
a 32 40 0 1 11231350930539.785
a 32 41 0 1 19101876279815.17
a 32 42 0 1 27622035639247.12
a 32 43 0 1 23037655076826.863
a 32 44 0 1 6041847568926.523
a 32 45 0 1 22953789655191.08
a 32 46 0 1 12594148780773.742
a 32 47 0 1 12668929671462.22
a 32 48 0 1 23773007445857.08
a 32 49 0 1 11584955144038.826
a 32 50 0 1 20152030414884.688
a 32 51 0 1 27365665880600.016
a 32 52 0 1 13830987595226.576
a 32 53 0 1 9084936440648.695
a 32 54 0 1 11747130370367.666
a 32 55 0 1 7020558909736.152
a 32 56 0 1 7516851069523.8125
a 32 57 0 1 5999956254902.111
a 32 58 0 1 20557657477129.14
a 32 59 0 1 10739954865950.37
a 32 60 0 1 16788052719608.096
a 32 61 0 1 11501887697720.043
a 32 62 0 1 8299629868176.331
a 32 63 0 1 13817066626607.34
a 32 64 0 1 9622052036613.152
a 32 65 0 1 13287126488830.883
a 32 66 0 1 15363038647229.822
a 32 67 0 1 9557312191639.77
a 32 68 0 1 10021724117443.676
a 32 69 0 1 18099681089980.523
a 32 70 0 1 18696688197861.082
a 32 71 0 1 21234029094708.574
a 32 72 0 1 8587098838932.502
a 32 73 0 1 19488583973211.06
a 32 74 0 1 25237243150913.695
a 32 75 0 1 6017044698241.652
a 32 76 0 1 22011698806828.39
a 32 77 0 1 9750693216468.559
a 32 78 0 1 8420666844243.246
a 32 79 0 1 25963897667508.45
a 32 80 0 1 13660174769663.145
a 33 36 0 1 19099320964926.812
a 33 37 0 1 26041420022004.51
a 33 38 0 1 31639588004333.72
a 33 39 0 1 19356674975360.223
a 33 40 0 1 14377551109488.855
a 33 41 0 1 24459036895165.223
a 33 42 0 1 35378443589366.83
a 33 43 0 1 29502367705120.613
a 33 44 0 1 7733035276477.475
a 33 45 0 1 29394888631267.004
a 33 46 0 1 16122814071116.492
a 33 47 0 1 16218586442247.314
a 33 48 0 1 30444795336191.88
a 33 49 0 1 14830378514738.21
a 33 50 0 1 25804584978674.332
a 33 51 0 1 35049792927392.883
a 33 52 0 1 17706901049427.906
a 33 53 0 1 11629063425948.416
a 33 54 0 1 15038064418484.963
a 33 55 0 1 8985983546736.734
a 33 56 0 1 9621368025340.8
a 33 57 0 1 7679407695740.32
a 33 58 0 1 26324333872532.793
a 33 59 0 1 13748283916170.977
a 33 60 0 1 21494689377992.67
a 33 61 0 1 14724000978782.508
a 33 62 0 1 10623572106931.578
a 33 63 0 1 17689071000270.65
a 33 64 0 1 12316805187882.48
a 33 65 0 1 17010332843322.672
a 33 66 0 1 19669258112093.08
a 33 67 0 1 12233908741656.81
a 33 68 0 1 12828574902612.982
a 33 69 0 1 23175023280648.17
a 33 70 0 1 23939899431050.996
a 33 71 0 1 27191030783894.32
a 33 72 0 1 10991635892108.043
a 33 73 0 1 24954509511081.953
a 33 74 0 1 32321493735445.81
a 33 75 0 1 7701283618303.734
a 33 76 0 1 28187577170111.656
a 33 77 0 1 12481525434574.176
a 33 78 0 1 10778542182904.006
a 33 79 0 1 33252906810266.477
a 33 80 0 1 17488124201902.682
a 34 36 0 1 9740729769350.576
a 34 37 0 1 13276026568355.357
a 34 38 0 1 16124900182912.557
a 34 39 0 1 9871838015462.129
a 34 40 0 1 7334561525857.314
a 34 41 0 1 12470434495611.947
a 34 42 0 1 18026576559410.12
a 34 43 0 1 15037494610287.225
a 34 44 0 1 3946407620257.879
a 34 45 0 1 14982802924984.918
a 34 46 0 1 8224080111597.257
a 34 47 0 1 8272887914347.8
a 34 48 0 1 15517028845496.826
a 34 49 0 1 7565373609557.548
a 34 50 0 1 13155462893749.389
a 34 51 0 1 17859448781264.273
a 34 52 0 1 9031299431311.467
a 34 53 0 1 5933368055118.8
a 34 54 0 1 7671229899174.491
a 34 55 0 1 4585502039556.697
a 34 56 0 1 4909559650541.474
a 34 57 0 1 3919051651765.6245
a 34 58 0 1 13420042972832.922
a 34 59 0 1 7013796170553.667
a 34 60 0 1 10960895833056.371
a 34 61 0 1 7511152640840.105
a 34 62 0 1 5420654695141.355
a 34 63 0 1 9022214395233.291
a 34 64 0 1 6284023197351.1455
a 34 65 0 1 8676359870100.808
a 34 66 0 1 10031077452226.082
a 34 67 0 1 6241758680878.816
a 34 68 0 1 6544938769517.341
a 34 69 0 1 11816636599063.53
a 34 70 0 1 12206109952257.602
a 34 71 0 1 13861203637290.934
a 34 72 0 1 5608342051122.515
a 34 73 0 1 12722695357154.816
a 34 74 0 1 16471794639764.385
a 34 75 0 1 3930210799947.6406
a 34 76 0 1 14368406046824.297
a 34 77 0 1 6368004171413.598
a 34 78 0 1 5499679784505.512
a 34 79 0 1 16945573542470.03
a 34 80 0 1 8919823681129.188
a 35 36 0 1 4015012878197.926
a 35 37 0 1 5470911068118.322
a 35 38 0 1 6643620795061.441
a 35 39 0 1 4069018035897.932
a 35 40 0 1 3023711238172.1665
a 35 41 0 1 5139215227587.047
a 35 42 0 1 7426174565138.49
a 35 43 0 1 6196054805658.168
a 35 44 0 1 1627300117545.7922
a 35 45 0 1 6173542476559.55
a 35 46 0 1 3390215854650.7637
a 35 47 0 1 3410324651804.6396
a 35 48 0 1 6393434750949.691
a 35 49 0 1 3118816014622.5703
a 35 50 0 1 5421272280169.0205
a 35 51 0 1 7357408341517.465
a 35 52 0 1 3722772848969.0303
a 35 53 0 1 2446293836638.9033
a 35 54 0 1 3162432488979.3745
a 35 55 0 1 1890748775308.022
a 35 56 0 1 2024323683491.5747
a 35 57 0 1 1616022882150.778
a 35 58 0 1 5530204812143.635
a 35 59 0 1 2891536804605.161
a 35 60 0 1 4517577773095.472
a 35 61 0 1 3096474846928.718
a 35 62 0 1 2234982569255.2764
a 35 63 0 1 3719030211782.7656
a 35 64 0 1 2590805485159.9834
a 35 65 0 1 3576549862715.946
a 35 66 0 1 4134609500155.494
a 35 67 0 1 2573387838218.4287
a 35 68 0 1 2698329300464.5825
a 35 69 0 1 4869992770283.028
a 35 70 0 1 5030373907469.834
a 35 71 0 1 5711830168527.909
a 35 72 0 1 2312338317312.656
a 35 73 0 1 5243085433115.787
a 35 74 0 1 6786385444600.007
a 35 75 0 1 1620623138903.0234
a 35 76 0 1 5920631425413.549
a 35 77 0 1 2625414622549.6724
a 35 78 0 1 2267553169586.8955
a 35 79 0 1 6981358633311.874
a 35 80 0 1 3676849401153.8403
a 36 1 0 1 0
a 37 1 0 1 0
a 38 1 0 1 0
a 39 1 0 1 0
a 40 1 0 1 0
a 41 1 0 1 0
a 42 1 0 1 0
a 43 1 0 1 0
a 44 1 0 1 0
a 45 1 0 1 0
a 46 1 0 1 0
a 47 1 0 1 0
a 48 1 0 1 0
a 49 1 0 1 0
a 50 1 0 1 0
a 51 1 0 1 0
a 52 1 0 1 0
a 53 1 0 1 0
a 54 1 0 1 0
a 55 1 0 1 0
a 56 1 0 1 0
a 57 1 0 1 0
a 58 1 0 1 0
a 59 1 0 1 0
a 60 1 0 1 0
a 61 1 0 1 0
a 62 1 0 1 0
a 63 1 0 1 0
a 64 1 0 1 0
a 65 1 0 1 0
a 66 1 0 1 0
a 67 1 0 1 0
a 68 1 0 1 0
a 69 1 0 1 0
a 70 1 0 1 0
a 71 1 0 1 0
a 72 1 0 1 0
a 73 1 0 1 0
a 74 1 0 1 0
a 75 1 0 1 0
a 76 1 0 1 0
a 77 1 0 1 0
a 78 1 0 1 0
a 79 1 0 1 0
a 80 1 0 1 0
