p min 82 1644
n 0 34
n 1 -34
a 0 2 0 1 0
a 0 3 0 1 0
a 0 4 0 1 0
a 0 5 0 1 0
a 0 6 0 1 0
a 0 7 0 1 0
a 0 8 0 1 0
a 0 9 0 1 0
a 0 10 0 1 0
a 0 11 0 1 0
a 0 12 0 1 0
a 0 13 0 1 0
a 0 14 0 1 0
a 0 15 0 1 0
a 0 16 0 1 0
a 0 17 0 1 0
a 0 18 0 1 0
a 0 19 0 1 0
a 0 20 0 1 0
a 0 21 0 1 0
a 0 22 0 1 0
a 0 23 0 1 0
a 0 24 0 1 0
a 0 25 0 1 0
a 0 26 0 1 0
a 0 27 0 1 0
a 0 28 0 1 0
a 0 29 0 1 0
a 0 30 0 1 0
a 0 31 0 1 0
a 0 32 0 1 0
a 0 33 0 1 0
a 0 34 0 1 0
a 0 35 0 1 0
a 2 36 0 1 11354094690653.922
a 2 37 0 1 14077239274593.863
a 2 38 0 1 7070742983190.659
a 2 39 0 1 7752344528161.046
a 2 40 0 1 12659528151559.826
a 2 41 0 1 9618578983439.443
a 2 42 0 1 13153147331789.164
a 2 43 0 1 4240885926508.833
a 2 44 0 1 9450442494632.152
a 2 45 0 1 11250063123205.156
a 2 46 0 1 7788015769783.921
a 2 47 0 1 3379060689037.207
a 2 48 0 1 4051943120392.1646
a 2 49 0 1 14283337993148.998
a 2 50 0 1 5440225433697.1
a 2 51 0 1 3809813144257.9517
a 2 52 0 1 5611532515040.953
a 2 53 0 1 11426964167942.559
a 2 54 0 1 10711878716066.816
a 2 55 0 1 9772113669529.758
a 2 56 0 1 14169852842040.502
a 2 57 0 1 13687344531921.203
a 2 58 0 1 14296053271668.727
a 2 59 0 1 11577403488219.205
a 2 60 0 1 10464689128371.922
a 2 61 0 1 4798231748029.044
a 2 62 0 1 8459485424169.891
a 2 63 0 1 12410484667852.182
a 2 64 0 1 4684137270251.023
a 2 65 0 1 6377121130026.22
a 2 66 0 1 7275806689257.119
a 2 67 0 1 7037436853540.577
a 2 68 0 1 14259321567395.488
a 2 69 0 1 5660457146997.792
a 2 70 0 1 3551371827410.7373
a 2 71 0 1 5519962813814.351
a 2 72 0 1 14111305597818.717
a 2 73 0 1 9454177087075.324
a 2 74 0 1 4761591143355.206
a 2 75 0 1 5377743005482.105
a 2 76 0 1 3754693865222.6646
a 2 77 0 1 4163421958682.5083
a 2 78 0 1 11377663698453.81
a 2 79 0 1 10252404851394.62
a 2 80 0 1 12690657137360.914
a 2 81 0 1 8155176616547.28
a 3 36 0 1 10869106778620.35
a 3 37 0 1 13475752207835.855
a 3 38 0 1 6768860185778.6
a 3 39 0 1 7421336129455.431
a 3 40 0 1 12118701069299.852
a 3 41 0 1 9207801889724.371
a 3 42 0 1 12591201784662.887
a 3 43 0 1 4059879320320.545
a 3 44 0 1 9046853425111.54
a 3 45 0 1 10769524410851.111
a 3 46 0 1 7455482978271.557
a 3 47 0 1 3234851621370.307
a 3 48 0 1 3879004444342.645
a 3 49 0 1 13673030947325.537
a 3 50 0 1 5207998734960.066
a 3 51 0 1 3647213019668.802
a 3 52 0 1 5371988713803.748
a 3 53 0 1 10938859729034.11
a 3 54 0 1 10254355329598.66
a 3 55 0 1 9354772562431.752
a 3 56 0 1 13564402434239.615
a 3 57 0 1 13102541885309.854
a 3 58 0 1 13685202063341.156
a 3 59 0 1 11082864809072.143
a 3 60 0 1 10017735829865.59
a 3 61 0 1 4593424304371.549
a 3 62 0 1 8098255473824.569
a 3 63 0 1 11880311518489.396
a 3 64 0 1 4484202343221.335
a 3 65 0 1 6104873083325.435
a 3 66 0 1 6965161749044.356
a 3 67 0 1 6736977152410.874
a 3 68 0 1 13650042323318.623
a 3 69 0 1 5418823559201.818
a 3 70 0 1 3399806112901.234
a 3 71 0 1 5284330297345.892
a 3 72 0 1 13508360692974.94
a 3 73 0 1 9050428362415.094
a 3 74 0 1 4558348486030.956
a 3 75 0 1 5148185072965.436
a 3 76 0 1 3594447166024.9717
a 3 77 0 1 3985723134210.319
a 3 78 0 1 10891667777993.908
a 3 79 0 1 9814528593234.086
a 3 80 0 1 12148498334386.477
a 3 81 0 1 7806952691861.64
a 4 36 0 1 29112404687229.0
a 4 37 0 1 36112414950757.77
a 4 38 0 1 18115710613996.863
a 4 39 0 1 19864456716106.426
a 4 40 0 1 32467241301066.03
a 4 41 0 1 24654748199556.883
a 4 42 0 1 33736207066107.547
a 4 43 0 1 10859899027396.828
a 4 44 0 1 24223039546355.426
a 4 45 0 1 28845121801053.895
a 4 46 0 1 19955988214575.508
a 4 47 0 1 8651629270647.756
a 4 48 0 1 10375708998476.072
a 4 49 0 1 36642485101815.836
a 4 50 0 1 13934127352996.143
a 4 51 0 1 9755268180465.17
a 4 52 0 1 14373341624209.771
a 4 53 0 1 29299630422499.707
a 4 54 0 1 27462553046919.895
a 4 55 0 1 25048988029894.285
a 4 56 0 1 36350605075342.81
a 4 57 0 1 35109743616434.258
a 4 58 0 1 36675189121345.45
a 4 59 0 1 29686174279709.043
a 4 60 0 1 26827625462889.555
a 4 61 0 1 12288360550512.8
a 4 62 0 1 21679181974552.926
a 4 63 0 1 31827101632346.8
a 4 64 0 1 11995916317160.746
a 4 65 0 1 16336565684034.977
a 4 66 0 1 18641785646775.44
a 4 67 0 1 18030269992232.76
a 4 68 0 1 36580714655003.06
a 4 69 0 1 14498784475221.367
a 4 70 0 1 9093090336609.201
a 4 71 0 1 14138562672379.062
a 4 72 0 1 36200028202518.88
a 4 73 0 1 24232628232601.062
a 4 74 0 1 12194442920880.098
a 4 75 0 1 13773935381836.928
a 4 76 0 1 9614036505416.217
a 4 77 0 1 10661383752722.73
a 4 78 0 1 29172960707023.9
a 4 79 0 1 26282400392651.203
a 4 80 0 1 32547259086725.293
a 4 81 0 1 20898182037720.59
a 5 36 0 1 21628181193758.32
a 5 37 0 1 26823064371919.715
a 5 38 0 1 13462900665938.898
a 5 39 0 1 14761737961757.994
a 5 40 0 1 24118159023016.637
a 5 41 0 1 18318917531779.883
a 5 42 0 1 25059862993232.31
a 5 43 0 1 8072391734078.441
a 5 44 0 1 17998380289780.74
a 5 45 0 1 21429781069178.875
a 5 46 0 1 14829716980166.494
a 5 47 0 1 6431358017069.338
a 5 48 0 1 7712593458925.555
a 5 49 0 1 27216354768383.47
a 5 50 0 1 10356589161228.518
a 5 51 0 1 7251533098074.358
a 5 52 0 1 10682897979506.457
a 5 53 0 1 21767154207707.84
a 5 54 0 1 20403470541644.16
a 5 55 0 1 18611627563117.605
a 5 56 0 1 26999793245715.58
a 5 57 0 1 26079089331652.773
a 5 58 0 1 27240619409086.445
a 5 59 0 1 22054071229097.66
a 5 60 0 1 19932121929731.188
a 5 61 0 1 9133811598765.14
a 5 62 0 1 16109437342264.701
a 5 63 0 1 23643082190433.805
a 5 64 0 1 8916517900697.318
a 5 65 0 1 12141347334745.164
a 5 66 0 1 13853643848888.748
a 5 67 0 1 13399438340111.438
a 5 68 0 1 27170524258053.586
a 5 69 0 1 10776092638937.123
a 5 70 0 1 6759438562272.208
a 5 71 0 1 10508472912221.09
a 5 72 0 1 26888070679813.07
a 5 73 0 1 18005499835533.7
a 5 74 0 1 9064028758601.701
a 5 75 0 1 10237574403493.809
a 5 76 0 1 7146579020306.744
a 5 77 0 1 7924877647378.064
a 5 78 0 1 21673130592418.016
a 5 79 0 1 19527351240720.523
a 5 80 0 1 24177542600214.36
a 5 81 0 1 15529448229186.455
a 6 36 0 1 6664992020077.342
a 6 37 0 1 8262441036341.77
a 6 38 0 1 4151457673498.26
a 6 39 0 1 4551500102869.203
a 6 40 0 1 7430836079108.257
a 6 41 0 1 5646689081883.99
a 6 42 0 1 7720397334279.523
a 6 43 0 1 2490293691760.5835
a 6 44 0 1 5548027118305.666
a 6 45 0 1 6603956889552.859
a 6 46 0 1 4572435389004.769
a 6 47 0 1 1984301940885.4565
a 6 48 0 1 2379365815440.609
a 6 49 0 1 8383325655617.532
a 6 50 0 1 3194376620966.9917
a 6 51 0 1 2237208963913.3887
a 6 52 0 1 3294937414020.12
a 6 53 0 1 6707744049378.679
a 6 54 0 1 6288195432441.898
a 6 55 0 1 5736781374828.482
a 6 56 0 1 8316762656574.678
a 6 57 0 1 8033746675687.582
a 6 58 0 1 8390783565124.775
a 6 59 0 1 6796004842875.551
a 6 60 0 1 6143159901696.335
a 6 61 0 1 2817498501889.8525
a 6 62 0 1 4966504558572.32
a 6 63 0 1 7284739866653.056
a 6 64 0 1 2750517690639.335
a 6 65 0 1 3744333715344.4033
a 6 66 0 1 4271815443977.01
a 6 67 0 1 4131909129159.5835
a 6 68 0 1 8369239244306.491
a 6 69 0 1 3323656882203.7144
a 6 70 0 1 2085471955962.1646
a 6 71 0 1 3241184312909.2505
a 6 72 0 1 8282422374727.54
a 6 73 0 1 5550218582560.03
a 6 74 0 1 2795988184856.5225
a 6 75 0 1 3157697738068.68
a 6 76 0 1 2204847444667.962
a 6 77 0 1 2444815019765.8174
a 6 78 0 1 6678819829927.682
a 6 79 0 1 6018601921157.313
a 6 80 0 1 7449097011760.781
a 6 81 0 1 4787916257272.578
a 7 36 0 1 5764283522637.481
a 7 37 0 1 7145675272628.539
a 7 38 0 1 3590569181773.605
a 7 39 0 1 3936538820743.9956
a 7 40 0 1 6426554652129.899
a 7 41 0 1 4883671651569.928
a 7 42 0 1 6676951460537.584
a 7 43 0 1 2153894735835.4417
a 7 44 0 1 4798348901555.712
a 7 45 0 1 5711502117917.075
a 7 46 0 1 3954644215081.0894
a 7 47 0 1 1716267905790.1082
a 7 48 0 1 2057954996763.4668
a 7 49 0 1 7250207276928.153
a 7 50 0 1 2762837035231.885
a 7 51 0 1 1935005334436.9102
a 7 52 0 1 2849808259002.3276
a 7 53 0 1 5801254173729.403
a 7 54 0 1 5438439196821.057
a 7 55 0 1 4961583131589.916
a 7 56 0 1 7192648607700.3
a 7 57 0 1 6947916366782.249
a 7 58 0 1 7256656308038.052
a 7 59 0 1 5877579260492.031
a 7 60 0 1 5313015054952.773
a 7 61 0 1 2436886993432.982
a 7 62 0 1 4295443551879.275
a 7 63 0 1 6300217744714.687
a 7 64 0 1 2378956994634.277
a 7 65 0 1 3238470785068.8203
a 7 66 0 1 3694658929700.2173
a 7 67 0 1 3573662857617.27
a 7 68 0 1 7238026419119.814
a 7 69 0 1 2874646590067.0854
a 7 70 0 1 1803769316072.4387
a 7 71 0 1 2803319270217.349
a 7 72 0 1 7162953671194.11
a 7 73 0 1 4800244080110.935
a 7 74 0 1 2418283280890.1216
a 7 75 0 1 2731114789943.9897
a 7 76 0 1 1907016189895.506
a 7 77 0 1 2114561002719.7947
a 7 78 0 1 5776241396262.224
a 7 79 0 1 5205299081443.142
a 7 80 0 1 6442345779189.265
a 7 81 0 1 4140997136789.773
a 8 36 0 1 8641668409133.5
a 8 37 0 1 10713467074797.824
a 8 38 0 1 5382218200463.702
a 8 39 0 1 5900939672041.229
a 8 40 0 1 9634895469736.783
a 8 41 0 1 7321106669964.171
a 8 42 0 1 10010442485296.832
a 8 43 0 1 3228394723344.674
a 8 44 0 1 7193164152565.634
a 8 45 0 1 8562513874730.539
a 8 46 0 1 5928086138973.796
a 8 47 0 1 2572387071498.358
a 8 48 0 1 3084577127804.818
a 8 49 0 1 10870256621390.477
a 8 50 0 1 4141261125136.711
a 8 51 0 1 2900272869630.222
a 8 52 0 1 4271645043522.79
a 8 53 0 1 8697112363281.2
a 8 54 0 1 8153018080410.358
a 8 55 0 1 7437936993213.506
a 8 56 0 1 10783923042409.205
a 8 57 0 1 10416849881384.877
a 8 58 0 1 10879929707917.904
a 8 59 0 1 8811575919293.154
a 8 60 0 1 7964931462339.901
a 8 61 0 1 3652620936134.299
a 8 62 0 1 6439076877820.491
a 8 63 0 1 9445418533728.748
a 8 64 0 1 3565778483234.104
a 8 65 0 1 4854328902870.944
a 8 66 0 1 5538280554980.1
a 8 67 0 1 5356870628244.445
a 8 68 0 1 10851986223371.79
a 8 69 0 1 4308881954759.611
a 8 70 0 1 2703550053614.6772
a 8 71 0 1 4201950374891.5337
a 8 72 0 1 10739383144144.658
a 8 73 0 1 7196005982580.487
a 8 74 0 1 3624732178762.0596
a 8 75 0 1 4093704677738.053
a 8 76 0 1 2858316887879.426
a 8 77 0 1 3169431655770.6357
a 8 78 0 1 8659601305183.81
a 8 79 0 1 7803402260793.368
a 8 80 0 1 9658578801088.283
a 8 81 0 1 6207499157992.307
a 9 36 0 1 6225736952347.475
a 9 37 0 1 7717812808700.009
a 9 38 0 1 3877930583559.1367
a 9 39 0 1 4251602513775.579
a 9 40 0 1 6941067855075.831
a 9 41 0 1 5274585840942.579
a 9 42 0 1 7211528207294.702
a 9 43 0 1 2326245025343.749
a 9 44 0 1 5182429343536.095
a 9 45 0 1 6168727188236.039
a 9 46 0 1 4271157698955.385
a 9 47 0 1 1853592710298.4026
a 9 48 0 1 2222626418268.782
a 9 49 0 1 7830721994599.088
a 9 50 0 1 2983930394591.3164
a 9 51 0 1 2089836323384.2712
a 9 52 0 1 3077863872893.0474
a 9 53 0 1 6265669384114.683
a 9 54 0 1 5873789870463.587
a 9 55 0 1 5358737604834.488
a 9 56 0 1 7768550553955.759
a 9 57 0 1 7504206124911.433
a 9 58 0 1 7837687857379.717
a 9 59 0 1 6348109087341.454
a 9 60 0 1 5738318808007.971
a 9 61 0 1 2631888611850.9746
a 9 62 0 1 4639247786760.955
a 9 63 0 1 6804608425149.758
a 9 64 0 1 2569321637503.968
a 9 65 0 1 3497641604211.355
a 9 66 0 1 3990354698031.627
a 9 67 0 1 3859670606567.7676
a 9 68 0 1 7817564953177.122
a 9 69 0 1 3104690599426.748
a 9 70 0 1 1948096995397.423
a 9 71 0 1 3027653310602.6846
a 9 72 0 1 7736475880916.99
a 9 73 0 1 5184476310883.874
a 9 74 0 1 2611795767876.358
a 9 75 0 1 2949668745155.77
a 9 76 0 1 2059607074114.2986
a 9 77 0 1 2283763059040.0557
a 9 78 0 1 6238652788242.522
a 9 79 0 1 5621974651428.15
a 9 80 0 1 6958124240779.783
a 9 81 0 1 4472433224567.73
a 10 36 0 1 18282963882187.08
a 10 37 0 1 22672258441308.496
a 10 38 0 1 11382257165734.71
a 10 39 0 1 12480075225093.117
a 10 40 0 1 20386913779754.99
a 10 41 0 1 15486454863359.84
a 10 42 0 1 21182574117403.402
a 10 43 0 1 6825486883313.302
a 10 44 0 1 15215565802984.984
a 10 45 0 1 18115314216735.51
a 10 46 0 1 12537531826235.922
a 10 47 0 1 5438094738156.801
a 10 48 0 1 6521306710501.559
a 10 49 0 1 23004526768410.57
a 10 50 0 1 8756499113868.347
a 10 51 0 1 6131511987577.61
a 10 52 0 1 9032340872456.666
a 10 53 0 1 18400396464858.98
a 10 54 0 1 17248054798804.21
a 10 55 0 1 15733824179086.2
a 10 56 0 1 22821567030934.266
a 10 57 0 1 22043704156959.477
a 10 58 0 1 23025026408141.51
a 10 59 0 1 18642840302018.15
a 10 60 0 1 16849742168833.97
a 10 61 0 1 7722808336453.252
a 10 62 0 1 13619139329347.566
a 10 63 0 1 19985503818146.363
a 10 64 0 1 7539111597993.425
a 10 65 0 1 10265186650681.82
a 10 66 0 1 11712530915252.633
a 10 67 0 1 11328615513531.99
a 10 68 0 1 22965807459174.445
a 10 69 0 1 9111121418012.469
a 10 70 0 1 5715472954649.041
a 10 71 0 1 8884892858530.275
a 10 72 0 1 22727178836090.633
a 10 73 0 1 15221582632186.477
a 10 74 0 1 7663815155369.22
a 10 75 0 1 8655890431096.035
a 10 76 0 1 6042779662703.578
a 10 77 0 1 6700776194125.859
a 10 78 0 1 18320946312591.875
a 10 79 0 1 16507685794046.979
a 10 80 0 1 20437088678562.742
a 10 81 0 1 13128944149659.69
a 11 36 0 1 22679822954970.375
a 11 37 0 1 28128119543906.3
a 11 38 0 1 14116870994218.932
a 11 39 0 1 15478912779444.84
a 11 40 0 1 25291225591878.27
a 11 41 0 1 19209294626600.367
a 11 42 0 1 26278871180766.19
a 11 43 0 1 8464258912635.134
a 11 44 0 1 18873144037900.688
a 11 45 0 1 22471750905730.965
a 11 46 0 1 15550200363304.285
a 11 47 0 1 6743500791770.064
a 11 48 0 1 8086978278865.979
a 11 49 0 1 28540608124996.133
a 11 50 0 1 10859479405528.496
a 11 51 0 1 7603517521988.629
a 11 52 0 1 11201653412905.17
a 11 53 0 1 22825571122302.77
a 11 54 0 1 21395415558872.03
a 11 55 0 1 19516263598866.95
a 11 56 0 1 28313475083535.965
a 11 57 0 1 27347832889950.51
a 11 58 0 1 28566057286206.824
a 11 59 0 1 23126476519831.38
a 11 60 0 1 20901096447208.61
a 11 61 0 1 9577261311429.12
a 11 62 0 1 16892215352183.22
a 11 63 0 1 24792975802694.8
a 11 64 0 1 9349406569405.396
a 11 65 0 1 12731028099683.12
a 11 66 0 1 14526626578384.482
a 11 67 0 1 14050320949679.229
a 11 68 0 1 28492540337779.188
a 11 69 0 1 11299379441687.078
a 11 70 0 1 7087517560572.98
a 11 71 0 1 11018747614290.617
a 11 72 0 1 28196298961647.598
a 11 73 0 1 18880610363107.445
a 11 74 0 1 9504086781708.188
a 11 75 0 1 10734678441538.145
a 11 76 0 1 7493464649217.337
a 11 77 0 1 8309577030996.158
a 11 78 0 1 22726963682754.984
a 11 79 0 1 20476601924741.54
a 11 80 0 1 25353505925492.184
a 11 81 0 1 16283990963072.705
a 12 36 0 1 16540065506962.803
a 12 37 0 1 20509943685492.016
a 12 38 0 1 10297976888066.102
a 12 39 0 1 11291080171577.637
a 12 40 0 1 18443021588938.53
a 12 41 0 1 14010575329079.584
a 12 42 0 1 19162648224559.598
a 12 43 0 1 6175595762923.3955
a 12 44 0 1 13765543285375.62
a 12 45 0 1 16388427903342.188
a 12 46 0 1 11343055646780.121
a 12 47 0 1 4920379486840.728
a 12 48 0 1 5900397889921.558
a 12 49 0 1 20810446701922.445
a 12 50 0 1 7922578225144.401
a 12 51 0 1 5547740140262.247
a 12 52 0 1 8172125606402.989
a 12 53 0 1 16646281881172.787
a 12 54 0 1 15603990690479.969
a 12 55 0 1 14234331370304.322
a 12 56 0 1 20644978439797.617
a 12 57 0 1 19941474046881.625
a 12 58 0 1 20828986475815.59
a 12 59 0 1 16865568580306.54
a 12 60 0 1 15243711412737.424
a 12 61 0 1 6987409689363.111
a 12 62 0 1 12321469954330.168
a 12 63 0 1 18079965784019.83
a 12 64 0 1 6821219075679.567
a 12 65 0 1 9287432957621.383
a 12 66 0 1 10596750174668.373
a 12 67 0 1 10249451201988.625
a 12 68 0 1 20775429125232.16
a 12 69 0 1 8243396187135.509
a 12 70 0 1 5171335131951.258
a 12 71 0 1 8038733134978.867
a 12 72 0 1 20559613766353.945
a 12 73 0 1 13770985809504.95
a 12 74 0 1 6934038575452.364
a 12 75 0 1 7831559602112.161
a 12 76 0 1 5467461202616.622
a 12 77 0 1 6062767735632.79
a 12 78 0 1 16574420193490.984
a 12 79 0 1 14934314177066.184
a 12 80 0 1 18488402121367.92
a 12 81 0 1 11878045828429.588
a 13 36 0 1 14304923615210.004
a 13 37 0 1 17737235943001.66
a 13 38 0 1 8907224728017.846
a 13 39 0 1 9766057559169.256
a 13 40 0 1 15950251202025.729
a 13 41 0 1 12117733127028.047
a 13 42 0 1 16572426964840.367
a 13 43 0 1 5341917723421.323
a 13 44 0 1 11905850541228.895
a 13 45 0 1 14173811014080.203
a 13 46 0 1 9811005067736.654
a 13 47 0 1 4256233117385.3496
a 13 48 0 1 5103892176031.306
a 13 49 0 1 17997030195258.133
a 13 50 0 1 6852879179662.376
a 13 51 0 1 4798866659093.935
a 13 52 0 1 7068705481716.924
a 13 53 0 1 14396762636752.688
a 13 54 0 1 13495541896367.842
a 13 55 0 1 12311216647437.36
a 13 56 0 1 17853978010934.15
a 13 57 0 1 17245769508081.21
a 13 58 0 1 18013058329637.586
a 13 59 0 1 14586365924164.934
a 13 60 0 1 13184018344971.58
a 13 61 0 1 6044064093588.754
a 13 62 0 1 10657107577455.635
a 13 63 0 1 15636354628578.357
a 13 64 0 1 5900325534017.141
a 13 65 0 1 8033282022407.831
a 13 66 0 1 9165605789765.154
a 13 67 0 1 8865259175444.184
a 13 68 0 1 17966756530816.566
a 13 69 0 1 7130345035029.973
a 13 70 0 1 4473297650771.498
a 13 71 0 1 6953338405293.582
a 13 72 0 1 17780177448720.25
a 13 73 0 1 11910556784427.508
a 13 74 0 1 5997903402533.269
a 13 75 0 1 6774159391830.767
a 13 76 0 1 4729430245664.273
a 13 77 0 1 5244330177224.877
a 13 78 0 1 14334628115604.068
a 13 79 0 1 12916488300309.041
a 13 80 0 1 15989486776113.047
a 13 81 0 1 10273651266672.959
a 14 36 0 1 20216974993787.227
a 14 37 0 1 25071920389438.16
a 14 38 0 1 12585238742277.203
a 14 39 0 1 13799268753361.918
a 14 40 0 1 22544063462313.58
a 14 41 0 1 17124061687563.514
a 14 42 0 1 23424140295377.203
a 14 43 0 1 7546448594419.122
a 14 44 0 1 16824472085652.73
a 14 45 0 1 20031550053877.676
a 14 46 0 1 13862808444383.51
a 14 47 0 1 6012407696472.231
a 14 48 0 1 7210111836066.665
a 14 49 0 1 25439459549144.93
a 14 50 0 1 9681657013350.227
a 14 51 0 1 6779113375380.543
a 14 52 0 1 9986676040134.068
a 14 53 0 1 20346858971207.965
a 14 54 0 1 19072350441435.656
a 14 55 0 1 17397641370813.227
a 14 56 0 1 25237077963570.04
a 14 57 0 1 24376652191557.85
a 14 58 0 1 25462135357308.75
a 14 59 0 1 20615010343632.438
a 14 60 0 1 18631818564397.086
a 14 61 0 1 8538645422280.545
a 14 62 0 1 15058945345473.588
a 14 63 0 1 22100071942408.203
a 14 64 0 1 8335524340221.0625
a 14 65 0 1 11349951604708.18
a 14 66 0 1 12950470931473.602
a 14 67 0 1 12525919567082.96
a 14 68 0 1 25396629967526.457
a 14 69 0 1 10073790004431.865
a 14 70 0 1 6319100928226.512
a 14 71 0 1 9823631400847.95
a 14 72 0 1 25132670469071.39
a 14 73 0 1 16831126372979.736
a 14 74 0 1 8473414122759.957
a 14 75 0 1 9570406918430.61
a 14 76 0 1 6681002060694.512
a 14 77 0 1 7408553740305.064
a 14 78 0 1 20258984666369.27
a 14 79 0 1 18253509256236.15
a 14 80 0 1 22599561219167.68
a 14 81 0 1 14516840405470.504
a 15 36 0 1 22595452655065.37
a 15 37 0 1 28023415779592.34
a 15 38 0 1 14064406979127.076
a 15 39 0 1 15421377872027.809
a 15 40 0 1 25197112506500.695
a 15 41 0 1 19137863363189.277
a 15 42 0 1 26181071803630.508
a 15 43 0 1 8432822692876.051
a 15 44 0 1 18802965484605.918
a 15 45 0 1 22388156643116.91
a 15 46 0 1 15492400008013.652
a 15 47 0 1 6718460404216.906
a 15 48 0 1 8056944577833.041
a 15 49 0 1 28434363886279.176
a 15 50 0 1 10819136261311.973
a 15 51 0 1 7575280880657.905
a 15 52 0 1 11160037452643.723
a 15 53 0 1 22740657209721.875
a 15 54 0 1 21315835066144.21
a 15 55 0 1 19443688290146.426
a 15 56 0 1 28208079110906.793
a 15 57 0 1 27246042775220.195
a 15 58 0 1 28459718000614.742
a 15 59 0 1 23040440230401.305
a 15 60 0 1 20823358991371.273
a 15 61 0 1 9541686862919.346
a 15 62 0 1 16829417032867.105
a 15 63 0 1 24700722069604.777
a 15 64 0 1 9314679388411.816
a 15 65 0 1 12683721962698.723
a 15 66 0 1 14472637206642.28
a 15 67 0 1 13998104660332.953
a 15 68 0 1 28386475619887.945
a 15 69 0 1 11257399942608.322
a 15 70 0 1 7061198709729.591
a 15 71 0 1 10977812037935.908
a 15 72 0 1 28091340585437.246
a 15 73 0 1 18810403986602.125
a 15 74 0 1 9468784434193.768
a 15 75 0 1 10694799506051.773
a 15 76 0 1 7465637054777.877
a 15 77 0 1 8278715846780.468
a 15 78 0 1 22642417558976.33
a 15 79 0 1 20400447002534.527
a 15 80 0 1 25259160409457.4
a 15 81 0 1 16223457998090.533
a 16 36 0 1 26467764439363.957
a 16 37 0 1 32829470191644.61
a 16 38 0 1 16471930916883.674
a 16 39 0 1 18061669459797.56
a 16 40 0 1 29516802841089.277
a 16 41 0 1 22416097766936.152
a 16 42 0 1 30670044568408.8
a 16 43 0 1 9875244254373.047
a 16 44 0 1 22023687713090.004
a 16 45 0 1 26224835542495.85
a 16 46 0 1 18144876706090.363
a 16 47 0 1 7867377207138.927
a 16 48 0 1 9435002890006.432
a 16 49 0 1 33311167154717.664
a 16 50 0 1 12670328940747.133
a 16 51 0 1 8870871353328.604
a 16 52 0 1 13069647357517.137
a 16 53 0 1 26637929933776.785
a 16 54 0 1 24968220427800.215
a 16 55 0 1 22774446696737.234
a 16 56 0 1 33045924204888.54
a 16 57 0 1 31918286053184.203
a 16 58 0 1 33340886492258.293
a 16 59 0 1 26989249321265.445
a 16 60 0 1 24391123283074.85
a 16 61 0 1 11174022093054.625
a 16 62 0 1 19711326347146.414
a 16 63 0 1 28935029404959.207
a 16 64 0 1 10908130731489.838
a 16 65 0 1 14854497887185.977
a 16 66 0 1 16950177850023.152
a 16 67 0 1 16394257630152.52
a 16 68 0 1 33255034036906.203
a 16 69 0 1 13183694983345.514
a 16 70 0 1 8268782645154.326
a 16 71 0 1 12856194915174.229
a 16 72 0 1 32909088395762.42
a 16 73 0 1 22032403576216.72
a 16 74 0 1 11088632019505.809
a 16 75 0 1 12524687030951.156
a 16 76 0 1 8742456404432.054
a 16 77 0 1 9694748231633.213
a 16 78 0 1 26522802592780.684
a 16 79 0 1 23895552240272.65
a 16 80 0 1 29589524268088.977
a 16 81 0 1 19001374264063.332
a 17 36 0 1 20031488645651.293
a 17 37 0 1 24841763435177.973
a 17 38 0 1 12469872455484.654
a 17 39 0 1 13672756175854.52
a 17 40 0 1 22337171625710.652
a 17 41 0 1 16967007606596.77
a 17 42 0 1 23209150198770.914
a 17 43 0 1 7477311623389.651
a 17 44 0 1 16670170980559.4
a 17 45 0 1 19847768829558.17
a 17 46 0 1 13735712409234.521
a 17 47 0 1 5957334519013.587
a 17 48 0 1 7144058757411.957
a 17 49 0 1 25205918832854.305
a 17 50 0 1 9592936664608.787
a 17 51 0 1 6717011802158.033
a 17 52 0 1 9895157385763.59
a 17 53 0 1 20160178197828.125
a 17 54 0 1 18897388637901.09
a 17 55 0 1 17238073158823.623
a 17 56 0 1 25005400515473.58
a 17 57 0 1 24152895472123.957
a 17 58 0 1 25228385866110.79
a 17 59 0 1 20425863513105.63
a 17 60 0 1 18460906612047.223
a 17 61 0 1 8460409558799.963
a 17 62 0 1 14920864121426.43
a 17 63 0 1 21897264994315.777
a 17 64 0 1 8259151356354.4
a 17 65 0 1 11245923606878.316
a 17 66 0 1 12831751688033.35
a 17 67 0 1 12411097824272.174
a 17 68 0 1 25163483577870.895
a 17 69 0 1 9981472113357.502
a 17 70 0 1 6261216439521.786
a 17 71 0 1 9733608574871.543
a 17 72 0 1 24901954236667.26
a 17 73 0 1 16676764122638.88
a 17 74 0 1 8395776522976.912
a 17 75 0 1 9482707151873.719
a 17 76 0 1 6619799943104.584
a 17 77 0 1 7340681164276.46
a 17 78 0 1 20073111997215.78
a 17 79 0 1 18086074812278.316
a 17 80 0 1 22392158753293.65
a 17 81 0 1 14383738184627.002
a 18 36 0 1 15056807790010.123
a 18 37 0 1 18669914741811.895
a 18 38 0 1 9375093010901.375
a 18 39 0 1 10279091018673.512
a 18 40 0 1 16788783074293.498
a 18 41 0 1 12754487026643.154
a 18 42 0 1 17443733412956.338
a 18 43 0 1 5622390495166.424
a 18 44 0 1 12531454516350.916
a 18 45 0 1 14918791907459.715
a 18 46 0 1 10326402531546.582
a 18 47 0 1 4479673554590.888
a 18 48 0 1 5371859891513.558
a 18 49 0 1 18943399596818.72
a 18 50 0 1 7212749576085.053
a 18 51 0 1 5050810421287.996
a 18 52 0 1 7439919438021.952
a 18 53 0 1 15153482408865.39
a 18 54 0 1 14204814373449.457
a 18 55 0 1 12958152755360.367
a 18 56 0 1 18792808760961.285
a 18 57 0 1 18152551432452.844
a 18 58 0 1 18960272407915.38
a 18 59 0 1 15353069213132.496
a 18 60 0 1 13876892200796.836
a 18 61 0 1 6361429460936.66
a 18 62 0 1 11217010421874.514
a 18 63 0 1 16458353134206.246
a 18 64 0 1 6210137992722.215
a 18 65 0 1 8455200164952.005
a 18 66 0 1 9647061090659.902
a 18 67 0 1 9330920771962.43
a 18 68 0 1 18911530530480.477
a 18 69 0 1 7504798797918.441
a 18 70 0 1 4708139552088.886
a 18 71 0 1 7318488738867.376
a 18 72 0 1 18715119113781.523
a 18 73 0 1 12536408410569.98
a 18 74 0 1 6312843174369.155
a 18 75 0 1 7129892522561.697
a 18 76 0 1 4977726459384.663
a 18 77 0 1 5519675942491.836
a 18 78 0 1 15088076308816.654
a 18 79 0 1 13595280344338.986
a 18 80 0 1 16830085328775.959
a 18 81 0 1 10813383002180.7
a 19 36 0 1 27471520951042.24
a 19 37 0 1 34075434339985.707
a 19 38 0 1 17095861728442.385
a 19 39 0 1 18745947129512.55
a 19 40 0 1 30636598673211.18
a 19 41 0 1 23265788047747.613
a 19 42 0 1 31833752149438.453
a 19 43 0 1 10249008072689.152
a 19 44 0 1 22858464369326.94
a 19 45 0 1 27219350381351.59
a 19 46 0 1 18832313574420.27
a 19 47 0 1 8165074684119.514
a 19 48 0 1 9792085413107.033
a 19 49 0 1 34575485835342.812
a 19 50 0 1 13150042963380.441
a 19 51 0 1 9206580793045.934
a 19 52 0 1 13564503683272.504
a 19 53 0 1 27648160321081.906
a 19 54 0 1 25914938792279.133
a 19 55 0 1 23637757324073.41
a 19 56 0 1 34300135833563.125
a 19 57 0 1 33129536312708.92
a 19 58 0 1 34606337664729.55
a 19 59 0 1 28012846341909.81
a 19 60 0 1 25315896053807.453
a 19 61 0 1 11597008453538.947
a 19 62 0 1 20458249635841.785
a 19 63 0 1 30032677762124.688
a 19 64 0 1 11321038798559.277
a 19 65 0 1 15417054077698.27
a 19 66 0 1 17592260619152.785
a 19 67 0 1 17015240532491.049
a 19 68 0 1 34517213718108.08
a 19 69 0 1 13682876302864.299
a 19 70 0 1 8581684108013.957
a 19 71 0 1 13342956865026.838
a 19 72 0 1 34158086162302.86
a 19 73 0 1 22867511465430.668
a 19 74 0 1 11508381701774.867
a 19 75 0 1 12998878617744.002
a 19 76 0 1 9073301027853.605
a 19 77 0 1 10061672617911.727
a 19 78 0 1 27528652979359.434
a 19 79 0 1 24801482071293.71
a 19 80 0 1 30712088741520.23
a 19 81 0 1 19721334138436.043
a 20 36 0 1 22573772270033.727
a 20 37 0 1 27996510443857.09
a 20 38 0 1 14050925394960.928
a 20 39 0 1 15406593240574.623
a 20 40 0 1 25172928580960.53
a 20 41 0 1 19119507849512.824
a 20 42 0 1 26155940637402.99
a 20 43 0 1 8424744559102.879
a 20 44 0 1 18784931873455.945
a 20 45 0 1 22366675671667.67
a 20 46 0 1 15477547165514.854
a 20 47 0 1 6712025795057.157
a 20 48 0 1 8049226846318.425
a 20 49 0 1 28407062706669.77
a 20 50 0 1 10808769337480.97
a 20 51 0 1 7568024935974.694
a 20 52 0 1 11149343456945.09
a 20 53 0 1 22718837135874.555
a 20 54 0 1 21295385489442.07
a 20 55 0 1 19425038797086.6
a 20 56 0 1 28180995903697.047
a 20 57 0 1 27219886138120.176
a 20 58 0 1 28432392397545.62
a 20 59 0 1 23018331746327.453
a 20 60 0 1 20803383009378.438
a 20 61 0 1 9532545338139.729
a 20 62 0 1 16813279885151.64
a 20 63 0 1 24677015929240.11
a 20 64 0 1 9305755583890.125
a 20 65 0 1 12671565780175.457
a 20 66 0 1 14458763657366.879
a 20 67 0 1 13984686733326.654
a 20 68 0 1 28359220570357.81
a 20 69 0 1 11246612529410.916
a 20 70 0 1 7054435576090.693
a 20 71 0 1 10967292878512.654
a 20 72 0 1 28064369824027.01
a 20 73 0 1 18792363225861.836
a 20 74 0 1 9459712830533.92
a 20 75 0 1 10684551868629.088
a 20 76 0 1 7458486222088.758
a 20 77 0 1 8270785478652.6455
a 20 78 0 1 22620691993559.69
a 20 79 0 1 20380877675410.22
a 20 80 0 1 25234916757801.5
a 20 81 0 1 16207902968459.13
a 21 36 0 1 6901355145946.959
a 21 37 0 1 8555510922026.605
a 21 38 0 1 4298638264860.1406
a 21 39 0 1 4712870995383.485
a 21 40 0 1 7694382688860.249
a 21 41 0 1 5846915432715.005
a 21 42 0 1 7994223156942.4795
a 21 43 0 1 2578563967518.0645
a 21 44 0 1 5744752693169.315
a 21 45 0 1 6838153799050.588
a 21 46 0 1 4734548935054.235
a 21 47 0 1 2054632727258.266
a 21 48 0 1 2463703056365.5557
a 21 49 0 1 8680687621593.736
a 21 50 0 1 3307613134642.9185
a 21 51 0 1 2316506074268.179
a 21 52 0 1 3411740077954.037
a 21 53 0 1 6945624519290.12
a 21 54 0 1 6511186059468.9
a 21 55 0 1 5940204499972.81
a 21 56 0 1 8611761248382.642
a 21 57 0 1 8318696970500.033
a 21 58 0 1 8688410332664.618
a 21 59 0 1 7037017891125.306
a 21 60 0 1 6361003542582.246
a 21 61 0 1 2917370686708.361
a 21 62 0 1 5142597915523.01
a 21 63 0 1 7543100437004.523
a 21 64 0 1 2848014820555.6133
a 21 65 0 1 3877074199194.8545
a 21 66 0 1 4423265222652.143
a 21 67 0 1 4278396329433.124
a 21 68 0 1 8666101057504.952
a 21 69 0 1 3441478029725.9365
a 21 70 0 1 2159389462517.6643
a 21 71 0 1 3356080739837.958
a 21 72 0 1 8576201701179.315
a 21 73 0 1 5747021915224.763
a 21 74 0 1 2895097636888.533
a 21 75 0 1 3269633543349.1685
a 21 76 0 1 2282997210471.4116
a 21 77 0 1 2531472800966.961
a 21 78 0 1 6915673727180.546
a 21 79 0 1 6232025420358.953
a 21 80 0 1 7713291850308.453
a 21 81 0 1 4957673937625.747
a 22 36 0 1 26430767853227.5
a 22 37 0 1 32783547613113.637
a 22 38 0 1 16448932952386.648
a 22 39 0 1 18036447303911.03
a 22 40 0 1 29475529834499.418
a 22 41 0 1 22384779197718.094
a 22 42 0 1 30627153304188.25
a 22 43 0 1 9861466983622.703
a 22 44 0 1 21992918787491.754
a 22 45 0 1 26188179546683.383
a 22 46 0 1 18119538113171.484
a 22 47 0 1 7856403710553.344
a 22 48 0 1 9421840480601.46
a 22 49 0 1 33264568184135.758
a 22 50 0 1 12652646473742.799
a 22 51 0 1 8858496745011.348
a 22 52 0 1 13051406771621.205
a 22 53 0 1 26600694761476.484
a 22 54 0 1 24933325923422.71
a 22 55 0 1 22742626149544.12
a 22 56 0 1 32999697693966.547
a 22 57 0 1 31873642741635.824
a 22 58 0 1 33294245787750.676
a 22 59 0 1 26951521540458.16
a 22 60 0 1 24357037568420.402
a 22 61 0 1 11158430526709.125
a 22 62 0 1 19683795308827.664
a 22 63 0 1 28894572594576.582
a 22 64 0 1 10892910639617.379
a 22 65 0 1 14833762026987.938
a 22 66 0 1 16926510859295.69
a 22 67 0 1 16371368316943.486
a 22 68 0 1 33208513891509.87
a 22 69 0 1 13165294986090.664
a 22 70 0 1 8257248731809.196
a 22 71 0 1 12838252673610.03
a 22 72 0 1 32863054023645.152
a 22 73 0 1 22001622442960.92
a 22 74 0 1 11073159753354.203
a 22 75 0 1 12507208111806.568
a 22 76 0 1 8730261111354.646
a 22 77 0 1 9681223057460.785
a 22 78 0 1 26485728839600.96
a 22 79 0 1 23862160972547.676
a 22 80 0 1 29548149229649.88
a 22 81 0 1 18974836991780.49
a 23 36 0 1 10994722498731.645
a 23 37 0 1 13631540585743.562
a 23 38 0 1 6847051448692.008
a 23 39 0 1 7507071059181.518
a 23 40 0 1 12258778910597.668
a 23 41 0 1 9314197092212.78
a 23 42 0 1 12736749187771.082
a 23 43 0 1 4106762684328.77
a 23 44 0 1 9151386924573.797
a 23 45 0 1 10893987800158.426
a 23 46 0 1 7541612731824.174
a 23 47 0 1 3272204000816.0845
a 23 48 0 1 3923798127023.3066
a 23 49 0 1 13831103628202.193
a 23 50 0 1 5268148590842.3955
a 23 51 0 1 3689328901291.0093
a 23 52 0 1 5434033759468.78
a 23 53 0 1 11065282620740.062
a 23 54 0 1 10372857797162.002
a 23 55 0 1 9462867846740.002
a 23 56 0 1 13721217285724.334
a 23 57 0 1 13254009124458.32
a 23 58 0 1 13843415677775.32
a 23 59 0 1 11210954149337.338
a 23 60 0 1 10133500658691.992
a 23 61 0 1 4646472326421.552
a 23 62 0 1 8191817886993.471
a 23 63 0 1 12017630044523.072
a 23 64 0 1 4535988336136.4375
a 23 65 0 1 6175388768872.093
a 23 66 0 1 7045622451822.903
a 23 67 0 1 6814799825777.576
a 23 68 0 1 13807848812063.324
a 23 69 0 1 5481409876354.775
a 23 70 0 1 3439063953048.4766
a 23 71 0 1 5345362288351.768
a 23 72 0 1 13664526639347.426
a 23 73 0 1 9155003212688.545
a 23 74 0 1 4610991213336.477
a 23 75 0 1 5207643695838.202
a 23 76 0 1 3635953483352.99
a 23 77 0 1 4031749747259.2744
a 23 78 0 1 11017544569466.15
a 23 79 0 1 9927942476732.184
a 23 80 0 1 12288921084327.807
a 23 81 0 1 7897146505622.467
a 24 36 0 1 4502602061097.009
a 24 37 0 1 5581441629131.799
a 24 38 0 1 2804822095378.811
a 24 39 0 1 3075054191755.6353
a 24 40 0 1 5019832061227.632
a 24 41 0 1 3814822425080.8823
a 24 42 0 1 5215386049706.563
a 24 43 0 1 1682605156954.1855
a 24 44 0 1 3748181625792.3145
a 24 45 0 1 4461379339843.697
a 24 46 0 1 3089195934907.673
a 24 47 0 1 1340749395948.7698
a 24 48 0 1 1607661693918.7273
a 24 49 0 1 5663075993013.227
a 24 50 0 1 2158272848140.16
a 24 51 0 1 1511618861404.8179
a 24 52 0 1 2226208144826.8696
a 24 53 0 1 4531476385375.838
a 24 54 0 1 4248113148583.043
a 24 55 0 1 3875674447977.9395
a 24 56 0 1 5618125551150.921
a 24 57 0 1 5427000454297.445
a 24 58 0 1 5668112355631.124
a 24 59 0 1 4591086615260.963
a 24 60 0 1 4150154049452.6987
a 24 61 0 1 1903662849115.5657
a 24 62 0 1 3355384729250.2
a 24 63 0 1 4921164985599.754
a 24 64 0 1 1858411437186.8088
a 24 65 0 1 2529798072673.848
a 24 66 0 1 2886125652397.8633
a 24 67 0 1 2791616678812.9424
a 24 68 0 1 5653563363178.264
a 24 69 0 1 2245609902819.109
a 24 70 0 1 1409102437901.7708
a 24 71 0 1 2189894524215.9917
a 24 72 0 1 5594935239907.154
a 24 73 0 1 3749661846241.53
a 24 74 0 1 1889130768276.6658
a 24 75 0 1 2133493771825.9954
a 24 76 0 1 1489754897783.4553
a 24 77 0 1 1651879599453.147
a 24 78 0 1 4511941245781.261
a 24 79 0 1 4066024936918.498
a 24 80 0 1 5032164631145.534
a 24 81 0 1 3234751536986.8574
a 25 36 0 1 28798554160536.773
a 25 37 0 1 35722788920296.37
a 25 38 0 1 17920656208594.293
a 25 39 0 1 19650530682876.535
a 25 40 0 1 32117089555410.363
a 25 41 0 1 24389089128090.4
a 25 42 0 1 33372317165234.438
a 25 43 0 1 10743065605953.229
a 25 44 0 1 23962045052807.414
a 25 45 0 1 28534162232676.598
a 25 46 0 1 19741074210352.05
a 25 47 0 1 8558576364048.724
a 25 48 0 1 10264090768304.36
a 25 49 0 1 36247116110101.95
a 25 50 0 1 13784168119617.738
a 25 51 0 1 9650331852644.482
a 25 52 0 1 14218647819921.92
a 25 53 0 1 28983754738787.555
a 25 54 0 1 27166544670459.535
a 25 55 0 1 24779068827480.13
a 25 56 0 1 35958398497411.3
a 25 57 0 1 34730978974008.793
a 25 58 0 1 36279465780393.18
a 25 59 0 1 29366117209513.566
a 25 60 0 1 26538481658802.863
a 25 61 0 1 12156137875688.92
a 25 62 0 1 21445664348852.45
a 25 63 0 1 31483878699540.094
a 25 64 0 1 11866844641244.984
a 25 65 0 1 16160703243491.102
a 25 66 0 1 18441054882848.594
a 25 67 0 1 17836137428384.83
a 25 68 0 1 36186014941120.94
a 25 69 0 1 14342738355431.174
a 25 70 0 1 8995284360755.664
a 25 71 0 1 13986399759159.7
a 25 72 0 1 35809452987960.82
a 25 73 0 1 23971530139035.992
a 25 74 0 1 12063232203229.11
a 25 75 0 1 13625702842063.498
a 25 76 0 1 9510621054969.543
a 25 77 0 1 10546688600862.9
a 25 78 0 1 28858455175937.22
a 25 79 0 1 25999150542541.68
a 25 80 0 1 32196241164888.676
a 25 81 0 1 20673097001898.484
a 26 36 0 1 29587738133647.51
a 26 37 0 1 36702524990821.695
a 26 38 0 1 18411114592181.68
a 26 39 0 1 20188442972021.375
a 26 40 0 1 32997559306264.36
a 26 41 0 1 25057089025857.633
a 26 42 0 1 34287334216784.145
a 26 43 0 1 11036835692249.738
a 26 44 0 1 24618315332757.953
a 26 45 0 1 29316076434079.848
a 26 46 0 1 20281470823848.54
a 26 47 0 1 8792550912766.708
a 26 48 0 1 10544747338047.113
a 26 49 0 1 37241294168002.97
a 26 50 0 1 14161233096681.54
a 26 51 0 1 9914186918706.168
a 26 52 0 1 14607617959369.596
a 26 53 0 1 29778031293742.195
a 26 54 0 1 27910861853166.42
a 26 55 0 1 25457781331298.594
a 26 56 0 1 36944623940194.06
a 26 57 0 1 35683401683393.67
a 26 58 0 1 37274534931311.69
a 26 59 0 1 30170908542202.812
a 26 60 0 1 27265536908447.453
a 26 61 0 1 12488604136968.37
a 26 62 0 1 22032841270741.445
a 26 63 0 1 32346924646799.344
a 26 64 0 1 12191387719880.307
a 26 65 0 1 16602902534034.996
a 26 66 0 1 18945786797262.87
a 26 67 0 1 18324277790894.18
a 26 68 0 1 37178509945605.24
a 26 69 0 1 14735108919762.201
a 26 70 0 1 9241210349135.508
a 26 71 0 1 14369005925757.203
a 26 72 0 1 36791575996630.5
a 26 73 0 1 24628060932941.664
a 26 74 0 1 12393153898567.809
a 26 75 0 1 13998426022377.633
a 26 76 0 1 9770651912158.55
a 26 77 0 1 10835082038985.682
a 26 78 0 1 29649286262166.062
a 26 79 0 1 26711384648620.562
a 26 80 0 1 33078889081684.656
a 26 81 0 1 21239069458024.383
a 27 36 0 1 25378269450222.84
a 27 37 0 1 31477157399920.45
a 27 38 0 1 15794643672959.018
a 27 39 0 1 17318885462246.455
a 27 40 0 1 28301390588093.63
a 27 41 0 1 21493794865168.293
a 27 42 0 1 29406984372050.31
a 27 43 0 1 9469493060610.283
a 27 44 0 1 21117569676502.305
a 27 45 0 1 25145369232848.754
a 27 46 0 1 17398663961711.945
a 27 47 0 1 7544196345687.212
a 27 48 0 1 9047359053924.232
a 27 49 0 1 31938939234848.773
a 27 50 0 1 12149573382200.992
a 27 51 0 1 8506427970010.314
a 27 52 0 1 12532455961649.564
a 27 53 0 1 25541409790201.54
a 27 54 0 1 23940621577128.574
a 27 55 0 1 21837362548397.117
a 27 56 0 1 31684662668316.1
a 27 57 0 1 30603639181804.926
a 27 58 0 1 31967429796065.438
a 27 59 0 1 25878224386181.996
a 27 60 0 1 23387339604041.68
a 27 61 0 1 10714841230772.648
a 27 62 0 1 18900552670558.082
a 27 63 0 1 27743649407411.8
a 27 64 0 1 10459889467039.426
a 27 65 0 1 14243824813939.33
a 27 66 0 1 16253189392596.26
a 27 67 0 1 15720169913491.693
a 27 68 0 1 31885126976058.9
a 27 69 0 1 12641809152219.973
a 27 70 0 1 7929097552135.137
a 27 71 0 1 12327789343984.525
a 27 72 0 1 31553484040057.027
a 27 73 0 1 21125926071022.406
a 27 74 0 1 10632964440512.043
a 27 75 0 1 12009925693146.594
a 27 76 0 1 8383293805811.372
a 27 77 0 1 9296421146608.604
a 27 78 0 1 25431035423749.945
a 27 79 0 1 22912216959344.344
a 27 80 0 1 28371107776581.04
a 27 81 0 1 18219863897677.113
a 28 36 0 1 17879799878739.605
a 28 37 0 1 22172057256008.22
a 28 38 0 1 11131458092083.57
a 28 39 0 1 12205052587793.982
a 28 40 0 1 19937248262892.508
a 28 41 0 1 15145065228108.7
a 28 42 0 1 20715317169269.867
a 28 43 0 1 6675169821970.975
a 28 44 0 1 14880157990830.69
a 28 45 0 1 17715854659652.867
a 28 46 0 1 12261241233227.75
a 28 47 0 1 5318350795800.105
a 28 48 0 1 6377693500618.034
a 28 49 0 1 22496975991055.21
a 28 50 0 1 8563613605704.858
a 28 51 0 1 5996488823937.0
a 28 52 0 1 8833373024205.14
a 28 53 0 1 17994637546202.742
a 28 54 0 1 16867756280211.44
a 28 55 0 1 15386971769418.39
a 28 56 0 1 22318063290044.742
a 28 57 0 1 21557404741747.668
a 28 58 0 1 22517022172057.957
a 28 59 0 1 18231723869488.25
a 28 60 0 1 16478242627897.701
a 28 61 0 1 7552712459436.294
a 28 62 0 1 13318976695949.002
a 28 63 0 1 19544711967352.67
a 28 64 0 1 7373065101332.017
a 28 65 0 1 10039029803904.088
a 28 66 0 1 11454444918450.576
a 28 67 0 1 11078999899670.041
a 28 68 0 1 22459113159879.473
a 28 69 0 1 8910416381000.4
a 28 70 0 1 5589617360717.968
a 28 71 0 1 8689176301654.609
a 28 72 0 1 22225762879893.133
a 28 73 0 1 14886041959242.127
a 28 74 0 1 7495019732485.854
a 28 75 0 1 8465223261052.916
a 28 76 0 1 5909711819808.583
a 28 77 0 1 6553207697298.902
a 28 78 0 1 17916943016484.82
a 28 79 0 1 16143741864720.973
a 28 80 0 1 19986313926813.035
a 28 81 0 1 12839601280626.332
a 29 36 0 1 8982723309328.316
a 29 37 0 1 11136393145045.863
a 29 38 0 1 5594551712921.59
a 29 39 0 1 6133751683856.526
a 29 40 0 1 10015194610424.396
a 29 41 0 1 7609998176736.059
a 29 42 0 1 10405582614949.162
a 29 43 0 1 3355725067578.653
a 29 44 0 1 7477002689219.838
a 29 45 0 1 8900441634059.32
a 29 46 0 1 6161969930642.515
a 29 47 0 1 2673836009363.043
a 29 48 0 1 3206233102575.266
a 29 49 0 1 11299380189434.246
a 29 50 0 1 4304613461662.0166
a 29 51 0 1 3014657346183.5415
a 29 52 0 1 4440143012415.216
a 29 53 0 1 9040357710922.771
a 29 54 0 1 8474768925073.254
a 29 55 0 1 7731442739547.59
a 29 56 0 1 11209634031688.13
a 29 57 0 1 10828052053619.844
a 29 58 0 1 11309435636444.332
a 29 59 0 1 9159343518389.422
a 29 60 0 1 8279252576057.909
a 29 61 0 1 3796690399837.4346
a 29 62 0 1 6693136586031.839
a 29 63 0 1 9818230369623.732
a 29 64 0 1 3706421178756.774
a 29 65 0 1 5045824591384.728
a 29 66 0 1 5756774953958.244
a 29 67 0 1 5568203514215.205
a 29 68 0 1 11280387596403.207
a 29 69 0 1 4478849516695.588
a 29 70 0 1 2810173426897.998
a 29 71 0 1 4367697807124.6797
a 29 72 0 1 11163333595611.398
a 29 73 0 1 7479956752973.598
a 29 74 0 1 3767701155578.7793
a 29 75 0 1 4255180227714.537
a 29 76 0 1 2971046087507.213
a 29 77 0 1 3294435569594.94
a 29 78 0 1 9001364684609.646
a 29 79 0 1 8111342972190.975
a 29 80 0 1 10039813827945.275
a 29 81 0 1 6452414964701.724
a 30 36 0 1 11372432890790.44
a 30 37 0 1 14099982818250.13
a 30 38 0 1 7082157424464.942
a 30 39 0 1 7764860276356.06
a 30 40 0 1 12679977860096.266
a 30 41 0 1 9634111011300.031
a 30 42 0 1 13174395623575.627
a 30 43 0 1 4247729838963.127
a 30 44 0 1 9465702720638.355
a 30 45 0 1 11268233082037.719
a 30 46 0 1 7800589159037.694
a 30 47 0 1 3384513251878.1997
a 30 48 0 1 4058481975756.4185
a 30 49 0 1 14306415063856.6
a 30 50 0 1 5449006046492.235
a 30 51 0 1 3815961088765.3613
a 30 52 0 1 5620589799223.145
a 30 53 0 1 11445420216019.67
a 30 54 0 1 10729178380010.705
a 30 55 0 1 9787893903835.781
a 30 56 0 1 14192746259146.195
a 30 57 0 1 13709457157018.549
a 30 58 0 1 14319150919875.092
a 30 59 0 1 11596102840094.713
a 30 60 0 1 10481589099665.516
a 30 61 0 1 4805975599095.758
a 30 62 0 1 8473143927827.678
a 30 63 0 1 12430531505247.04
a 30 64 0 1 4691696885121.174
a 30 65 0 1 6387415020120.129
a 30 66 0 1 7287552446781.654
a 30 67 0 1 7048797484421.139
a 30 68 0 1 14282359771796.127
a 30 69 0 1 5669593449451.004
a 30 70 0 1 3557102551023.1865
a 30 71 0 1 5528872205983.385
a 30 72 0 1 14134104269497.926
a 30 73 0 1 9469443350139.982
a 30 74 0 1 4769275827790.715
a 30 75 0 1 5386422708065.161
a 30 76 0 1 3760752824522.139
a 30 77 0 1 4170140800291.6143
a 30 78 0 1 11396040015280.121
a 30 79 0 1 10268961588287.89
a 30 80 0 1 12711157204072.523
a 30 81 0 1 8168343327539.848
a 31 36 0 1 17915447906798.52
a 31 37 0 1 22216284925509.992
a 31 38 0 1 11153634266795.777
a 31 39 0 1 12229370598466.79
a 31 40 0 1 19977007791513.2
a 31 41 0 1 15175251321339.414
a 31 42 0 1 20756632060021.977
a 31 43 0 1 6688461308733.811
a 31 44 0 1 14909815182492.902
a 31 45 0 1 17751175151844.582
a 31 46 0 1 12285671355640.664
a 31 47 0 1 5328938949382.331
a 31 48 0 1 6390392221601.619
a 31 49 0 1 22541853475117.926
a 31 50 0 1 8580669046399.313
a 31 51 0 1 6008427997420.168
a 31 52 0 1 8850966270074.613
a 31 53 0 1 18030515008611.848
a 31 54 0 1 16901382607656.273
a 31 55 0 1 15417640870327.604
a 31 56 0 1 22362582955293.582
a 31 57 0 1 21600403282787.023
a 31 58 0 1 22561939748665.51
a 31 59 0 1 18268075026253.305
a 31 60 0 1 16511090972379.81
a 31 61 0 1 7567752817362.381
a 31 62 0 1 13345517561587.457
a 31 63 0 1 19583686920670.285
a 31 64 0 1 7387747407847.819
a 31 65 0 1 10059027113479.197
a 31 66 0 1 11477265400582.412
a 31 67 0 1 11101071433152.248
a 31 68 0 1 22503914918442.805
a 31 69 0 1 8928163230306.568
a 31 70 0 1 5600745919514.155
a 31 71 0 1 8706482065931.837
a 31 72 0 1 22270097953496.773
a 31 73 0 1 14915710898213.99
a 31 74 0 1 7509945102620.115
a 31 75 0 1 8482082554417.449
a 31 76 0 1 5921478100085.142
a 31 77 0 1 6566256151482.636
a 31 78 0 1 17952665252210.312
a 31 79 0 1 16175922160320.094
a 31 80 0 1 20026171529597.13
a 31 81 0 1 12865185474246.102
a 32 36 0 1 7472894259837.482
a 32 37 0 1 9264185933219.193
a 32 38 0 1 4654516586626.99
a 32 39 0 1 5103063225023.887
a 32 40 0 1 8331659788006.764
a 32 41 0 1 6331066940268.488
a 32 42 0 1 8656358906012.223
a 32 43 0 1 2791993938719.267
a 32 44 0 1 6220438595821.463
a 32 45 0 1 7404454399153.622
a 32 46 0 1 5126537003589.25
a 32 47 0 1 2224685348216.13
a 32 48 0 1 2667622970389.7075
a 32 49 0 1 9399742566575.172
a 32 50 0 1 3581412022050.528
a 32 51 0 1 2508239022581.064
a 32 52 0 1 3694162092485.594
a 32 53 0 1 7520832998490.614
a 32 54 0 1 7050386893797.166
a 32 55 0 1 6432086493539.027
a 32 56 0 1 9325100623213.22
a 32 57 0 1 9007735721828.336
a 32 58 0 1 9408105672848.926
a 32 59 0 1 7619801841015.44
a 32 60 0 1 6887757678237.252
a 32 61 0 1 3158854183428.5664
a 32 62 0 1 5568391294910.976
a 32 63 0 1 8167835996794.638
a 32 64 0 1 3083755391273.713
a 32 65 0 1 4198034943748.4536
a 32 66 0 1 4789466928444.204
a 32 67 0 1 4632597955383.19
a 32 68 0 1 9383946435070.541
a 32 69 0 1 3726362792223.7036
a 32 70 0 1 2338114656898.762
a 32 71 0 1 3633893376307.647
a 32 72 0 1 9286592416018.852
a 32 73 0 1 6222895852165.142
a 32 74 0 1 3134736830670.1914
a 32 75 0 1 3540287259761.7246
a 32 76 0 1 2471955902348.3936
a 32 77 0 1 2741003765400.6655
a 32 78 0 1 7488399664038.157
a 32 79 0 1 6748090589109.622
a 32 80 0 1 8352136582284.633
a 32 81 0 1 5368146640458.301
a 33 36 0 1 11965561242384.904
a 33 37 0 1 14835609466811.818
a 33 38 0 1 7451334810299.35
a 33 39 0 1 8169658954113.535
a 33 40 0 1 13341405925428.447
a 33 41 0 1 10136471481166.75
a 33 42 0 1 13861655277682.285
a 33 43 0 1 4469078682750.255
a 33 44 0 1 9959271646498.877
a 33 45 0 1 11855919479270.123
a 33 46 0 1 8207252219990.669
a 33 47 0 1 3560861509174.015
a 33 48 0 1 4269964280561.256
a 33 49 0 1 15052830405993.703
a 33 50 0 1 5732994620683.774
a 33 51 0 1 4014800098153.3813
a 33 52 0 1 5913526979428.257
a 33 53 0 1 12042360496093.727
a 33 54 0 1 11288714221702.896
a 33 55 0 1 10298282730448.725
a 33 56 0 1 14933220903012.283
a 33 57 0 1 14424675380563.775
a 33 58 0 1 15066231889108.734
a 33 59 0 1 12200913074961.64
a 33 60 0 1 11028196547256.568
a 33 61 0 1 5056431520798.692
a 33 62 0 1 8914904850941.107
a 33 63 0 1 13078928050483.229
a 33 64 0 1 4936193964755.498
a 33 65 0 1 6720348975983.304
a 33 66 0 1 7667446080545.259
a 33 67 0 1 7416234404274.158
a 33 68 0 1 15027517893152.3
a 33 69 0 1 5965086384906.294
a 33 70 0 1 3742447356910.3423
a 33 71 0 1 5817025993043.568
a 33 72 0 1 14871514157864.299
a 33 73 0 1 9963207546985.662
a 33 74 0 1 5017818093059.193
a 33 75 0 1 5667147466515.66
a 33 76 0 1 3956713775736.8667
a 33 77 0 1 4387444443166.9546
a 33 78 0 1 11990401295077.807
a 33 79 0 1 10804466862924.846
a 33 80 0 1 13374214189021.049
a 33 81 0 1 8594197254630.004
a 34 36 0 1 18686049894334.344
a 34 37 0 1 23172374037492.336
a 34 38 0 1 11632998926376.379
a 34 39 0 1 12755036547291.24
a 34 40 0 1 20836497123302.363
a 34 41 0 1 15827773602745.291
a 34 42 0 1 21649747569754.293
a 34 43 0 1 6975766117269.492
a 34 44 0 1 15550903499656.951
a 34 45 0 1 18514696158489.31
a 34 46 0 1 12813760902099.955
a 34 47 0 1 5557807704218.176
a 34 48 0 1 6664883558424.17
a 34 49 0 1 23511991557828.3
a 34 50 0 1 8949337972220.092
a 34 51 0 1 6266500697232.148
a 34 52 0 1 9231260878430.371
a 34 53 0 1 18806077132617.246
a 34 54 0 1 17628277747619.293
a 34 55 0 1 16080604994613.094
a 34 56 0 1 23324985000417.89
a 34 57 0 1 22529918805449.21
a 34 58 0 1 23532944632495.344
a 34 59 0 1 19053877957486.492
a 34 60 0 1 17221167135971.744
a 34 61 0 1 7892862183114.057
a 34 62 0 1 13919236779828.084
a 34 63 0 1 20426214216787.703
a 34 64 0 1 7705116910124.765
a 34 65 0 1 10491290532909.254
a 34 66 0 1 11970558366728.467
a 34 67 0 1 11578174016832.344
a 34 68 0 1 23472415815727.832
a 34 69 0 1 9311778275289.768
a 34 70 0 1 5841296168320.897
a 34 71 0 1 9080562208439.408
a 34 72 0 1 23228509135536.812
a 34 73 0 1 15557053172136.541
a 34 74 0 1 7832568818710.866
a 34 75 0 1 8846511390481.074
a 34 76 0 1 6175813490665.733
a 34 77 0 1 6848307461884.341
a 34 78 0 1 18724871533097.438
a 34 79 0 1 16871556033264.615
a 34 80 0 1 20887781169399.766
a 34 81 0 1 13418223464739.424
a 35 36 0 1 16063059492488.426
a 35 37 0 1 19918185880185.445
a 35 38 0 1 10001196438194.285
a 35 39 0 1 10965643035029.703
a 35 40 0 1 17911022159719.54
a 35 41 0 1 13606632685069.752
a 35 42 0 1 18609846249483.49
a 35 43 0 1 5997701477720.48
a 35 44 0 1 13368676104335.525
a 35 45 0 1 15915803048427.723
a 35 46 0 1 11016118546455.281
a 35 47 0 1 4778662871913.409
a 35 48 0 1 5730436188988.762
a 35 49 0 1 20209998522767.797
a 35 50 0 1 7694315747750.037
a 35 51 0 1 5387943092520.818
a 35 52 0 1 7936666687821.567
a 35 53 0 1 16166206942581.254
a 35 54 0 1 15154027661249.836
a 35 55 0 1 13823927283371.762
a 35 56 0 1 20049315579552.11
a 35 57 0 1 19366154458462.633
a 35 58 0 1 20228002117972.863
a 35 59 0 1 16379157530771.098
a 35 60 0 1 14804155260162.715
a 35 61 0 1 6786112006981.114
a 35 62 0 1 11966293475732.941
a 35 63 0 1 17558460089347.035
a 35 64 0 1 6624712769232.712
a 35 65 0 1 9019805924677.082
a 35 66 0 1 10291349082867.855
a 35 67 0 1 9954070831505.008
a 35 68 0 1 20175993664248.24
a 35 69 0 1 8005881895590.37
a 35 70 0 1 5022386320208.827
a 35 71 0 1 7807121035137.338
a 35 72 0 1 19966419571249.62
a 35 73 0 1 13373961476175.957
a 35 74 0 1 6734279633983.261
a 35 75 0 1 7605921817563.773
a 35 76 0 1 5309977922432.992
a 35 77 0 1 5888125779648.6455
a 35 78 0 1 16096421572371.285
a 35 79 0 1 14503694474624.88
a 35 80 0 1 17955090957147.516
a 35 81 0 1 11535668396760.521
a 36 1 0 1 0
a 37 1 0 1 0
a 38 1 0 1 0
a 39 1 0 1 0
a 40 1 0 1 0
a 41 1 0 1 0
a 42 1 0 1 0
a 43 1 0 1 0
a 44 1 0 1 0
a 45 1 0 1 0
a 46 1 0 1 0
a 47 1 0 1 0
a 48 1 0 1 0
a 49 1 0 1 0
a 50 1 0 1 0
a 51 1 0 1 0
a 52 1 0 1 0
a 53 1 0 1 0
a 54 1 0 1 0
a 55 1 0 1 0
a 56 1 0 1 0
a 57 1 0 1 0
a 58 1 0 1 0
a 59 1 0 1 0
a 60 1 0 1 0
a 61 1 0 1 0
a 62 1 0 1 0
a 63 1 0 1 0
a 64 1 0 1 0
a 65 1 0 1 0
a 66 1 0 1 0
a 67 1 0 1 0
a 68 1 0 1 0
a 69 1 0 1 0
a 70 1 0 1 0
a 71 1 0 1 0
a 72 1 0 1 0
a 73 1 0 1 0
a 74 1 0 1 0
a 75 1 0 1 0
a 76 1 0 1 0
a 77 1 0 1 0
a 78 1 0 1 0
a 79 1 0 1 0
a 80 1 0 1 0
a 81 1 0 1 0
