p min 82 1644
n 0 34
n 1 -34
a 0 2 0 1 0
a 0 3 0 1 0
a 0 4 0 1 0
a 0 5 0 1 0
a 0 6 0 1 0
a 0 7 0 1 0
a 0 8 0 1 0
a 0 9 0 1 0
a 0 10 0 1 0
a 0 11 0 1 0
a 0 12 0 1 0
a 0 13 0 1 0
a 0 14 0 1 0
a 0 15 0 1 0
a 0 16 0 1 0
a 0 17 0 1 0
a 0 18 0 1 0
a 0 19 0 1 0
a 0 20 0 1 0
a 0 21 0 1 0
a 0 22 0 1 0
a 0 23 0 1 0
a 0 24 0 1 0
a 0 25 0 1 0
a 0 26 0 1 0
a 0 27 0 1 0
a 0 28 0 1 0
a 0 29 0 1 0
a 0 30 0 1 0
a 0 31 0 1 0
a 0 32 0 1 0
a 0 33 0 1 0
a 0 34 0 1 0
a 0 35 0 1 0
a 2 36 0 1 16472134313877.36
a 2 37 0 1 29578030981563.434
a 2 38 0 1 19238908069410.45
a 2 39 0 1 19200223478793.598
a 2 40 0 1 25718809810246.113
a 2 41 0 1 12614702861665.47
a 2 42 0 1 27152401628042.105
a 2 43 0 1 25434586415600.758
a 2 44 0 1 15272879342778.562
a 2 45 0 1 20860042856349.418
a 2 46 0 1 24923105418850.1
a 2 47 0 1 7200440503545.134
a 2 48 0 1 9608870734116.445
a 2 49 0 1 24543598730627.918
a 2 50 0 1 15028208923655.672
a 2 51 0 1 24683237541004.004
a 2 52 0 1 13834576809234.947
a 2 53 0 1 25396975021381.4
a 2 54 0 1 14687781950997.479
a 2 55 0 1 28138336660237.176
a 2 56 0 1 28784788917000.348
a 2 57 0 1 23449079013461.39
a 2 58 0 1 9194457374084.352
a 2 59 0 1 27552346656859.105
a 2 60 0 1 15957551116156.385
a 2 61 0 1 9352918332122.244
a 2 62 0 1 30101723686041.824
a 2 63 0 1 8300608504323.6045
a 2 64 0 1 20932667462732.71
a 2 65 0 1 17142965129594.982
a 2 66 0 1 18527776027381.49
a 2 67 0 1 19834674510096.367
a 2 68 0 1 26808574233309.92
a 2 69 0 1 11472336492054.27
a 2 70 0 1 23533145596615.086
a 2 71 0 1 11151299201504.854
a 2 72 0 1 17562157518905.723
a 2 73 0 1 14514558602894.904
a 2 74 0 1 20754083986763.22
a 2 75 0 1 13394776489758.639
a 2 76 0 1 6140633238597.69
a 2 77 0 1 17024546353053.88
a 2 78 0 1 30101945540476.477
a 2 79 0 1 17118897521855.262
a 2 80 0 1 6116929371029.9375
a 2 81 0 1 29322758733850.883
a 3 36 0 1 15294100149977.908
a 3 37 0 1 27459737508397.31
a 3 38 0 1 17862595902472.582
a 3 39 0 1 17826684411760.355
a 3 40 0 1 23877662965432.28
a 3 41 0 1 11712911918421.05
a 3 42 0 1 25208329312521.43
a 3 43 0 1 23613841791624.65
a 3 44 0 1 14180752132375.379
a 3 45 0 1 19367499233160.35
a 3 46 0 1 23139072976685.09
a 3 47 0 1 6685998451069.69
a 3 48 0 1 8922179355766.12
a 3 49 0 1 22786803257346.766
a 3 50 0 1 13953605631987.238
a 3 51 0 1 22916420530402.07
a 3 52 0 1 12845451349026.475
a 3 53 0 1 23578930138502.723
a 3 54 0 1 13637559381625.332
a 3 55 0 1 26123460321587.87
a 3 56 0 1 26723480101595.62
a 3 57 0 1 21770824195164.816
a 3 58 0 1 8537410881028.545
a 3 59 0 1 25579554453201.125
a 3 60 0 1 14816381097829.658
a 3 61 0 1 8684536711257.36
a 3 62 0 1 27945804057218.773
a 3 63 0 1 7707494172787.847
a 3 64 0 1 19434915887710.9
a 3 65 0 1 15916867332139.742
a 3 66 0 1 17202437605936.875
a 3 67 0 1 18415652006441.562
a 3 68 0 1 24889190059366.7
a 3 69 0 1 10652310412738.059
a 3 70 0 1 21848858971456.902
a 3 71 0 1 10354247769654.959
a 3 72 0 1 16306021958858.53
a 3 73 0 1 13476741274074.293
a 3 74 0 1 19269138589365.38
a 3 75 0 1 12437140308556.225
a 3 76 0 1 5701959799237.3545
a 3 77 0 1 15806933515739.164
a 3 78 0 1 27946009971012.75
a 3 79 0 1 15894524237671.695
a 3 80 0 1 5679950391797.942
a 3 81 0 1 27222804477130.62
a 4 36 0 1 20588949707866.86
a 4 37 0 1 36984327389932.2
a 4 38 0 1 24049129127263.074
a 4 39 0 1 24000745640134.117
a 4 40 0 1 32155180480882.504
a 4 41 0 1 15765694708923.83
a 4 42 0 1 33948946455548.977
a 4 43 0 1 31799566756805.23
a 4 44 0 1 19089310410379.504
a 4 45 0 1 26076807628570.395
a 4 46 0 1 31159628312233.062
a 4 47 0 1 8997617372026.146
a 4 48 0 1 12008005591540.662
a 4 49 0 1 30684821496196.266
a 4 50 0 1 18783368715036.516
a 4 51 0 1 30859524607431.74
a 4 52 0 1 17290884690994.543
a 4 53 0 1 31752508690010.08
a 4 54 0 1 18357697934307.133
a 4 55 0 1 35182673159946.004
a 4 56 0 1 35991634259622.06
a 4 57 0 1 29315508925740.164
a 4 58 0 1 11489984903390.053
a 4 59 0 1 34449399812023.9
a 4 60 0 1 19945463176594.098
a 4 61 0 1 11688061166620.64
a 4 62 0 1 37639721240083.88
a 4 63 0 1 10372707282979.414
a 4 64 0 1 26167649276168.61
a 4 65 0 1 21427852640963.05
a 4 66 0 1 23159721234814.746
a 4 67 0 1 24794278174471.78
a 4 68 0 1 33518722652862.16
a 4 69 0 1 14337508482661.232
a 4 70 0 1 29420678403592.332
a 4 71 0 1 13936164637903.86
a 4 72 0 1 21952087327920.824
a 4 73 0 1 18141102212112.86
a 4 74 0 1 25944270887521.35
a 4 75 0 1 16740996630249.445
a 4 76 0 1 7673056275902.513
a 4 77 0 1 21279762482277.43
a 4 78 0 1 37639998891913.24
a 4 79 0 1 21397754495599.31
a 4 80 0 1 7643431792764.505
a 4 81 0 1 36664865066421.375
a 5 36 0 1 14596259108769.191
a 5 37 0 1 26205124170127.375
a 5 38 0 1 17047329047535.057
a 5 39 0 1 17013059805775.69
a 5 40 0 1 22787141391882.77
a 5 41 0 1 11178684118692.13
a 5 42 0 1 24056866129964.56
a 5 43 0 1 22535400534670.957
a 5 44 0 1 13533790257257.916
a 5 45 0 1 18483400807076.348
a 5 46 0 1 22082369521011.62
a 5 47 0 1 6381217432498.408
a 5 48 0 1 8515362129489.519
a 5 49 0 1 21746227384616.977
a 5 50 0 1 13317022652186.941
a 5 51 0 1 21869910675624.98
a 5 52 0 1 12259495299748.951
a 5 53 0 1 22502087426411.84
a 5 54 0 1 13015416488665.0
a 5 55 0 1 24930075798639.68
a 5 56 0 1 25502604628987.285
a 5 57 0 1 20776754800193.03
a 5 58 0 1 8148154086864.959
a 5 59 0 1 24411086792076.117
a 5 60 0 1 14140372982207.803
a 5 61 0 1 8288565422888.742
a 5 62 0 1 26668914474404.215
a 5 63 0 1 7356108857335.46
a 5 64 0 1 18547733412446.234
a 5 65 0 1 15190560870625.018
a 5 66 0 1 16417358022532.203
a 5 67 0 1 17575092005438.207
a 5 68 0 1 23752344380958.61
a 5 69 0 1 10166513457406.256
a 5 70 0 1 20851217899881.223
a 5 71 0 1 9882059385145.443
a 5 72 0 1 15561926053800.514
a 5 73 0 1 12861945741732.787
a 5 74 0 1 18389539697412.79
a 5 75 0 1 11869835173755.285
a 5 76 0 1 5442064259560.804
a 5 77 0 1 15085652188332.967
a 5 78 0 1 26669110950743.223
a 5 79 0 1 15169239100898.277
a 5 80 0 1 5421058667967.797
a 5 81 0 1 25979048826919.54
a 6 36 0 1 6505713270968.961
a 6 37 0 1 11671260826138.877
a 6 38 0 1 7596993738359.476
a 6 39 0 1 7581738530471.735
a 6 40 0 1 10151171514648.385
a 6 41 0 1 4983549098744.513
a 6 42 0 1 10715937399781.271
a 6 43 0 1 10039187813956.48
a 6 44 0 1 6032568181733.533
a 6 45 0 1 8236211722240.889
a 6 46 0 1 9837653683659.354
a 6 47 0 1 2845669863906.9517
a 6 48 0 1 3796863378720.163
a 6 49 0 1 9688110875323.9
a 6 50 0 1 5936028027931.883
a 6 51 0 1 9743135806220.709
a 6 52 0 1 5465006720621.888
a 6 53 0 1 10024368633813.723
a 6 54 0 1 5801699518807.684
a 6 55 0 1 11104282578773.656
a 6 56 0 1 11358881525811.998
a 6 57 0 1 9256776226642.857
a 6 58 0 1 3633216309958.643
a 6 59 0 1 10873476253601.707
a 6 60 0 1 6302703153175.876
a 6 61 0 1 3695791835243.2095
a 6 62 0 1 11877472438492.975
a 6 63 0 1 3280213502664.8384
a 6 64 0 1 8264844425598.569
a 6 65 0 1 6770343344607.123
a 6 66 0 1 7316546779025.865
a 6 67 0 1 7831922910289.825
a 6 68 0 1 10580496324041.994
a 6 69 0 1 4532607800042.127
a 6 70 0 1 9289908006273.627
a 6 71 0 1 4405867605765.554
a 6 72 0 1 6935694251062.233
a 6 73 0 1 5733345160797.982
a 6 74 0 1 8194436257742.768
a 6 75 0 1 5291436570072.77
a 6 76 0 1 2427004900127.528
a 6 77 0 1 6723631175125.716
a 6 78 0 1 11877559793705.521
a 6 79 0 1 6760849556463.572
a 6 80 0 1 2417640246659.6533
a 6 81 0 1 11570738204167.213
a 7 36 0 1 7712953685761.226
a 7 37 0 1 13838580584965.879
a 7 38 0 1 9006948991140.176
a 7 39 0 1 8988859579418.041
a 7 40 0 1 12035823701735.604
a 7 41 0 1 5908135138112.445
a 7 42 0 1 12705596692251.918
a 7 43 0 1 11903020758817.965
a 7 44 0 1 7151936549808.993
a 7 45 0 1 9764935329677.885
a 7 46 0 1 11664020387890.324
a 7 47 0 1 3373466181609.044
a 7 48 0 1 4501172321532.908
a 7 49 0 1 11486678128021.352
a 7 50 0 1 7037468446635.169
a 7 51 0 1 11551931856790.4
a 7 52 0 1 6478983098714.201
a 7 53 0 1 11885446545954.43
a 7 54 0 1 6878195303385.843
a 7 55 0 1 13166156414102.822
a 7 56 0 1 13468103343452.062
a 7 57 0 1 10975166332252.756
a 7 58 0 1 4307154062859.0337
a 7 59 0 1 12892429685429.426
a 7 60 0 1 7472239335592.297
a 7 61 0 1 4381342793059.3013
a 7 62 0 1 14083147230684.15
a 7 63 0 1 3888642234503.503
a 7 64 0 1 9798888548447.541
a 7 65 0 1 8026735549868.191
a 7 66 0 1 8674400803306.086
a 7 67 0 1 9285526201618.068
a 7 68 0 1 12544971536911.914
a 7 69 0 1 5373480001537.83
a 7 70 0 1 11014456363161.389
a 7 71 0 1 5223213305041.654
a 7 72 0 1 8222800161938.826
a 7 73 0 1 6797147978800.923
a 7 74 0 1 9715397242719.324
a 7 75 0 1 6273185508122.902
a 7 76 0 1 2877124242109.877
a 7 77 0 1 7971346909724.864
a 7 78 0 1 14083250834285.754
a 7 79 0 1 8015478345599.488
a 7 80 0 1 2866022219797.6274
a 7 81 0 1 13719361697544.846
a 8 36 0 1 14252023754472.656
a 8 37 0 1 25586299957892.03
a 8 38 0 1 16645177278201.97
a 8 39 0 1 16611718005526.5
a 8 40 0 1 22249238462781.32
a 8 41 0 1 10915149505865.416
a 8 42 0 1 23488909525404.52
a 8 43 0 1 22003455152109.4
a 8 44 0 1 13214650101952.219
a 8 45 0 1 18047301219363.926
a 8 46 0 1 21561144446534.652
a 8 47 0 1 6230863002888.654
a 8 48 0 1 8314674766084.15
a 8 49 0 1 21232955910462.957
a 8 50 0 1 13003001747179.75
a 8 51 0 1 21353712749044.586
a 8 52 0 1 11970445708112.514
a 8 53 0 1 21970930386418.15
a 8 54 0 1 12708517992355.23
a 8 55 0 1 24341445829832.758
a 8 56 0 1 24900417755055.73
a 8 57 0 1 20286419057978.074
a 8 58 0 1 7956128895942.026
a 8 59 0 1 23834744451712.496
a 8 60 0 1 13806906257161.83
a 8 61 0 1 8093228114416.091
a 8 62 0 1 26039105161580.516
a 8 63 0 1 7182765006647.643
a 8 64 0 1 18110112786562.62
a 8 65 0 1 14832285670596.727
a 8 66 0 1 16030094907328.24
a 8 67 0 1 17160465530945.113
a 8 68 0 1 23191596418154.348
a 8 69 0 1 9926867788385.318
a 8 70 0 1 20359120690752.504
a 8 71 0 1 9649126336047.814
a 8 72 0 1 15194876732249.496
a 8 73 0 1 12558671261107.496
a 8 74 0 1 17955659261109.57
a 8 75 0 1 11589985100479.207
a 8 76 0 1 5313851724033.873
a 8 77 0 1 14729855498111.225
a 8 78 0 1 26039296984038.895
a 8 79 0 1 14811467640987.176
a 8 80 0 1 5293341316184.378
a 8 81 0 1 25365578904749.598
a 9 36 0 1 16785580049958.502
a 9 37 0 1 30141733710770.242
a 9 38 0 1 19605121259725.87
a 9 39 0 1 19565698646784.902
a 9 40 0 1 26208740777044.133
a 9 41 0 1 12854637451503.867
a 9 42 0 1 27669728924997.47
a 9 43 0 1 25919086890552.574
a 9 44 0 1 15563463725670.457
a 9 45 0 1 21257189983576.715
a 9 46 0 1 25397834234839.55
a 9 47 0 1 7337307562019.371
a 9 48 0 1 9791569229289.559
a 9 49 0 1 25011077966861.547
a 9 50 0 1 15314129953477.22
a 9 51 0 1 25153384172132.902
a 9 52 0 1 14097751367272.03
a 9 53 0 1 25880756904335.08
a 9 54 0 1 14967214978710.469
a 9 55 0 1 28674510793709.94
a 9 56 0 1 29333322803712.035
a 9 57 0 1 23895653648848.82
a 9 58 0 1 9369267908484.096
a 9 59 0 1 28077318656641.344
a 9 60 0 1 16261186583773.275
a 9 61 0 1 9530744928281.096
a 9 62 0 1 30675442323443.74
a 9 63 0 1 8458408094047.294
a 9 64 0 1 21331200663151.46
a 9 65 0 1 17469201694771.867
a 9 66 0 1 18880423353117.848
a 9 67 0 1 20212254543301.113
a 9 68 0 1 27319330054934.387
a 9 69 0 1 11690513750814.615
a 9 70 0 1 23981325657651.094
a 9 71 0 1 11363363083983.691
a 9 72 0 1 17896387908798.668
a 9 73 0 1 14790690465271.855
a 9 74 0 1 21149208883806.684
a 9 75 0 1 13649571591136.236
a 9 76 0 1 6257340805355.308
a 9 77 0 1 17348524863790.604
a 9 78 0 1 30675668421225.645
a 9 79 0 1 17444675151619.363
a 9 80 0 1 6233186103755.968
a 9 81 0 1 29881579688491.555
a 10 36 0 1 12058591628955.955
a 10 37 0 1 21644134488915.46
a 10 38 0 1 14082833664889.95
a 10 39 0 1 14054533420477.84
a 10 40 0 1 18822339705971.113
a 10 41 0 1 9235819167934.268
a 10 42 0 1 19870635569085.14
a 10 43 0 1 18614493901041.46
a 10 44 0 1 11181078687568.781
a 10 45 0 1 15268736279325.803
a 10 46 0 1 18240450812110.465
a 10 47 0 1 5272662455418.213
a 10 48 0 1 7035759823792.663
a 10 49 0 1 17962912120670.52
a 10 50 0 1 11002041669130.453
a 10 51 0 1 18065032745867.91
a 10 52 0 1 10128565308708.576
a 10 53 0 1 18586989309618.4
a 10 54 0 1 10752930510831.795
a 10 55 0 1 20591534098280.83
a 10 56 0 1 21064184852245.254
a 10 57 0 1 17162437636560.46
a 10 58 0 1 6732406149814.427
a 10 59 0 1 20163073714062.76
a 10 60 0 1 11682071308481.625
a 10 61 0 1 6848401670349.407
a 10 62 0 1 22026997457202.06
a 10 63 0 1 6078075692919.302
a 10 64 0 1 15321860302213.57
a 10 65 0 1 12549420295490.855
a 10 66 0 1 13562584425919.67
a 10 67 0 1 14518666253953.713
a 10 68 0 1 19619224618560.8
a 10 69 0 1 8399734797562.972
a 10 70 0 1 17223921460749.033
a 10 71 0 1 8164760806378.836
a 10 72 0 1 12856121639729.713
a 10 73 0 1 10626170421736.178
a 10 74 0 1 15191228217406.32
a 10 75 0 1 9806711905206.32
a 10 76 0 1 4496744898866.245
a 10 77 0 1 12462777975368.31
a 10 78 0 1 22027159648633.59
a 10 79 0 1 12531811033202.37
a 10 80 0 1 4479389987103.077
a 10 81 0 1 21457504721784.266
a 11 36 0 1 11818603664302.479
a 11 37 0 1 21212910290396.684
a 11 38 0 1 13802495536327.09
a 11 39 0 1 13774759540987.877
a 11 40 0 1 18447454653135.836
a 11 41 0 1 9052068083267.953
a 11 42 0 1 19474824729652.37
a 11 43 0 1 18243757219582.605
a 11 44 0 1 10958576872728.441
a 11 45 0 1 14964750435080.055
a 11 46 0 1 17877179125061.74
a 11 47 0 1 5167807202604.0
a 11 48 0 1 6895814739188.801
a 11 49 0 1 17605179026709.277
a 11 50 0 1 10783107089336.945
a 11 51 0 1 17705261761654.06
a 11 52 0 1 9927032300347.33
a 11 53 0 1 18216801574673.434
a 11 54 0 1 10538959123190.688
a 11 55 0 1 20181330012696.055
a 11 56 0 1 20644542691012.176
a 11 57 0 1 16820676957811.6
a 11 58 0 1 6598499519457.49
a 11 59 0 1 19761424423654.043
a 11 60 0 1 11449586666693.865
a 11 61 0 1 6712186121736.823
a 11 62 0 1 21588126362060.86
a 11 63 0 1 5957192532916.835
a 11 64 0 1 15016814980223.139
a 11 65 0 1 12299650106069.61
a 11 66 0 1 13292618428867.28
a 11 67 0 1 14229638058625.824
a 11 68 0 1 19228432824920.07
a 11 69 0 1 8232633786041.654
a 11 70 0 1 16880934055471.31
a 11 71 0 1 8002338582643.163
a 11 72 0 1 12600238336530.564
a 11 73 0 1 10414724444847.197
a 11 74 0 1 14888788130651.117
a 11 75 0 1 9611590060192.688
a 11 76 0 1 4407327827504.581
a 11 77 0 1 12214734647807.6
a 11 78 0 1 21588285313913.14
a 11 79 0 1 12282391815457.01
a 11 80 0 1 4390318189916.5796
a 11 81 0 1 21030007827692.695
a 12 36 0 1 18415048168968.234
a 12 37 0 1 33072702685755.633
a 12 38 0 1 21508976137398.406
a 12 39 0 1 21465715721839.55
a 12 40 0 1 28755999758742.93
a 12 41 0 1 14101887639168.018
a 12 42 0 1 30359480064414.28
a 12 43 0 1 28438101784030.76
a 12 44 0 1 17074060959656.379
a 12 45 0 1 23321908597081.277
a 12 46 0 1 27866027101448.492
a 12 47 0 1 8048730241218.963
a 12 48 0 1 10741250660766.049
a 12 49 0 1 27441566502870.49
a 12 50 0 1 16800479890647.25
a 12 51 0 1 27597745513649.277
a 12 52 0 1 15465832399112.996
a 12 53 0 1 28396034403984.11
a 12 54 0 1 16419830549567.072
a 12 55 0 1 31462290211004.547
a 12 56 0 1 32185390586808.44
a 12 57 0 1 26217421656763.203
a 12 58 0 1 10277941972146.043
a 12 59 0 1 30806831962985.574
a 12 60 0 1 17839644329592.453
a 12 61 0 1 10455098624161.404
a 12 62 0 1 33658510283893.438
a 12 63 0 1 9278648443327.635
a 12 64 0 1 23403127349018.004
a 12 65 0 1 19165179256791.348
a 12 66 0 1 20713734790297.57
a 12 67 0 1 22175218847531.46
a 12 68 0 1 29974901520813.043
a 12 69 0 1 12824645356246.564
a 12 70 0 1 26311443039034.387
a 12 71 0 1 12465711255146.57
a 12 72 0 1 19633932183422.734
a 12 73 0 1 16226141747223.61
a 12 74 0 1 23203411208458.1
a 12 75 0 1 14974085112380.178
a 12 76 0 1 6863967530110.414
a 12 77 0 1 19032760960805.242
a 12 78 0 1 33658758454131.0
a 12 79 0 1 19138266331400.668
a 12 80 0 1 6837469273013.136
a 12 81 0 1 32787155779282.26
a 13 36 0 1 7685636269802.946
a 13 37 0 1 13789533210909.734
a 13 38 0 1 8975043819417.615
a 13 39 0 1 8957018551631.016
a 13 40 0 1 11993174572504.967
a 13 41 0 1 5887214286077.731
a 13 42 0 1 12660570750806.412
a 13 43 0 1 11860842861781.385
a 13 44 0 1 7126607751513.385
a 13 45 0 1 9730342145967.174
a 13 46 0 1 11622690513216.887
a 13 47 0 1 3361524128420.7637
a 13 48 0 1 4485236132445.759
a 13 49 0 1 11445977470025.143
a 13 50 0 1 7012545367948.136
a 13 51 0 1 11510999679209.695
a 13 52 0 1 6456039357132.914
a 13 53 0 1 11843331007415.723
a 13 54 0 1 6853836733117.216
a 13 55 0 1 13119495880122.463
a 13 56 0 1 13420371062749.67
a 13 57 0 1 10936280392977.605
a 13 58 0 1 4291905125773.091
a 13 59 0 1 12846740667706.518
a 13 60 0 1 7445775202658.527
a 13 61 0 1 4365831068065.8745
a 13 62 0 1 14033231650356.61
a 13 63 0 1 3874875646979.0386
a 13 64 0 1 9764174947064.488
a 13 65 0 1 7998305770770.533
a 13 66 0 1 8643674784351.607
a 13 67 0 1 9252633178716.906
a 13 68 0 1 12500515636563.482
a 13 69 0 1 5354453543812.3955
a 13 70 0 1 10975431040019.6
a 13 71 0 1 5204719231629.98
a 13 72 0 1 8193675289117.737
a 13 73 0 1 6773076654923.934
a 13 74 0 1 9680979747919.467
a 13 75 0 1 6250971073219.684
a 13 76 0 1 2866939816870.829
a 13 77 0 1 7943113490312.865
a 13 78 0 1 14033334886157.209
a 13 79 0 1 7987088474907.457
a 13 80 0 1 2855877106346.866
a 13 81 0 1 13670737530282.379
a 14 36 0 1 19152392686219.95
a 14 37 0 1 34399273229677.062
a 14 38 0 1 22370521915571.64
a 14 39 0 1 22325524238730.355
a 14 40 0 1 29908827334617.938
a 14 41 0 1 14666240075293.01
a 14 42 0 1 31576825145696.434
a 14 43 0 1 29578141385415.62
a 14 44 0 1 17757602068531.637
a 14 45 0 1 24256274701359.207
a 14 46 0 1 28983056500363.383
a 14 47 0 1 8370604032738.83
a 14 48 0 1 11170938596818.904
a 14 49 0 1 28541525125808.402
a 14 50 0 1 17473046436765.963
a 14 51 0 1 28703985075865.65
a 14 52 0 1 16084870562303.69
a 14 53 0 1 29534381848027.367
a 14 54 0 1 17077128740903.178
a 14 55 0 1 32724022257046.51
a 14 56 0 1 33476233038152.36
a 14 57 0 1 27268157861531.223
a 14 58 0 1 10689073107766.154
a 14 59 0 1 32042181080860.53
a 14 60 0 1 18553900240351.848
a 14 61 0 1 10873325132859.723
a 14 62 0 1 35008672843570.82
a 14 63 0 1 9649762105139.127
a 14 64 0 1 24340756518969.6
a 14 65 0 1 19932628249719.34
a 14 66 0 1 21543347967210.33
a 14 67 0 1 23063522020366.035
a 14 68 0 1 31176770471639.016
a 14 69 0 1 13337804490366.66
a 14 70 0 1 27365959297674.125
a 14 71 0 1 12964486726657.674
a 14 72 0 1 20420196049094.035
a 14 73 0 1 16875671355644.719
a 14 74 0 1 24133016644732.754
a 14 75 0 1 15573405199489.855
a 14 76 0 1 7138422966905.772
a 14 77 0 1 19794895311642.32
a 14 78 0 1 35008931008978.566
a 14 79 0 1 19904635153554.523
a 14 80 0 1 7110864310525.269
a 14 81 0 1 34102227796814.688
a 15 36 0 1 20115086711444.285
a 15 37 0 1 36131545328006.266
a 15 38 0 1 23495413064448.957
a 15 39 0 1 23448146586613.86
a 15 40 0 1 31414151670306.344
a 15 41 0 1 15403037808418.074
a 15 42 0 1 33166421547393.598
a 15 43 0 1 31066762550326.01
a 15 44 0 1 18650036374702.2
a 15 45 0 1 25476268469660.48
a 15 46 0 1 30441622890859.793
a 15 47 0 1 8790803540235.57
a 15 48 0 1 11731903270439.967
a 15 49 0 1 29977794760684.77
a 15 50 0 1 18351149746823.23
a 15 51 0 1 30148458448355.85
a 15 52 0 1 16893075696995.672
a 15 53 0 1 31020792789227.88
a 15 54 0 1 17935294198901.6
a 15 55 0 1 34371598107305.91
a 15 56 0 1 35161834425710.496
a 15 57 0 1 28640137453964.37
a 15 58 0 1 11225808929068.635
a 15 59 0 1 33655294675203.25
a 15 60 0 1 19486443531975.3
a 15 61 0 1 11419325063243.307
a 15 62 0 1 36771763085466.06
a 15 63 0 1 10134249566529.137
a 15 64 0 1 25565011904568.824
a 15 65 0 1 20934635381358.242
a 15 66 0 1 22626536617186.375
a 15 67 0 1 24223357632389.33
a 15 68 0 1 32746151856321.965
a 15 69 0 1 14007757031424.555
a 15 70 0 1 28742876008209.66
a 15 71 0 1 13615658257021.553
a 15 72 0 1 21446773636914.492
a 15 73 0 1 17723692439094.117
a 15 74 0 1 25346792915772.816
a 15 75 0 1 16355862671629.984
a 15 76 0 1 7496714293667.928
a 15 77 0 1 20789962064470.375
a 15 78 0 1 36772034307602.56
a 15 79 0 1 20905231691093.77
a 15 80 0 1 7467771225151.955
a 15 81 0 1 35819479562035.58
a 16 36 0 1 9656696167269.541
a 16 37 0 1 17329125977390.854
a 16 38 0 1 11277215024846.43
a 16 39 0 1 11254560136252.916
a 16 40 0 1 15070865005496.98
a 16 41 0 1 7396657623478.3
a 16 42 0 1 15909842445985.424
a 16 43 0 1 14904515997677.502
a 16 44 0 1 8954151222088.81
a 16 45 0 1 12226526345118.607
a 16 46 0 1 14605147295224.123
a 16 47 0 1 4223082098175.351
a 16 48 0 1 5634988166616.876
a 16 49 0 1 14383013416276.11
a 16 50 0 1 8810809059287.615
a 16 51 0 1 14464748117603.385
a 16 52 0 1 8111461983199.341
a 16 53 0 1 14882502629418.475
a 16 54 0 1 8611361573868.533
a 16 55 0 1 16486772131783.94
a 16 56 0 1 16865020604363.502
a 16 57 0 1 13742321098573.213
a 16 58 0 1 5392067632222.394
a 16 59 0 1 16143880805509.406
a 16 60 0 1 9355253996740.562
a 16 61 0 1 5484955298789.006
a 16 62 0 1 17635505730079.16
a 16 63 0 1 4868079267716.692
a 16 64 0 1 12269050748419.967
a 16 65 0 1 10049645775621.893
a 16 66 0 1 10860740822815.355
a 16 67 0 1 11626103654838.928
a 16 68 0 1 15708635650141.898
a 16 69 0 1 6727194677634.562
a 16 70 0 1 13791533014227.646
a 16 71 0 1 6539043515535.105
a 16 72 0 1 10295181488082.842
a 16 73 0 1 8509871944481.505
a 16 74 0 1 12164482964450.568
a 16 75 0 1 7853763639243.514
a 16 76 0 1 3601683354355.0894
a 16 77 0 1 9980281958580.172
a 16 78 0 1 17635635519944.188
a 16 79 0 1 10035548234028.057
a 16 80 0 1 3587784304881.653
a 16 81 0 1 17179776639519.768
a 17 36 0 1 7007655874177.593
a 17 37 0 1 12572323994211.678
a 17 38 0 1 8183212483040.287
a 17 39 0 1 8166779006437.29
a 17 40 0 1 10934730540299.957
a 17 41 0 1 5367977867757.934
a 17 42 0 1 11543148115842.762
a 17 43 0 1 10814092160430.354
a 17 44 0 1 6497978373864.175
a 17 45 0 1 8871805847182.39
a 17 46 0 1 10596983036552.488
a 17 47 0 1 3065125377070.9917
a 17 48 0 1 4089708630379.7983
a 17 49 0 1 10435883739686.312
a 17 50 0 1 6393984702114.88
a 17 51 0 1 10495160881273.623
a 17 52 0 1 5886600093880.377
a 17 53 0 1 10798127695464.92
a 17 54 0 1 6249285469018.515
a 17 55 0 1 11961512685199.098
a 17 56 0 1 12235793902258.121
a 17 57 0 1 9971218469007.848
a 17 58 0 1 3913434069537.3267
a 17 59 0 1 11712864499410.158
a 17 60 0 1 6788970443018.506
a 17 61 0 1 3980838047001.675
a 17 62 0 1 12794479345525.176
a 17 63 0 1 3533194266200.018
a 17 64 0 1 8902650421535.557
a 17 65 0 1 7292720396899.587
a 17 66 0 1 7881105313419.443
a 17 67 0 1 8436287476703.637
a 17 68 0 1 11397238017660.842
a 17 69 0 1 4882231601043.419
a 17 70 0 1 10006910321862.2
a 17 71 0 1 4745709928764.1875
a 17 72 0 1 7470840203041.534
a 17 73 0 1 6175654000695.686
a 17 74 0 1 8826803264021.018
a 17 75 0 1 5699631230821.183
a 17 76 0 1 2614163627736.9624
a 17 77 0 1 7242401066548.69
a 17 78 0 1 12794573454985.102
a 17 79 0 1 7282493485470.276
a 17 80 0 1 2604076601544.1255
a 17 81 0 1 12464029523445.049
a 18 36 0 1 8670237054917.514
a 18 37 0 1 15557501221075.14
a 18 38 0 1 10125022231622.654
a 18 39 0 1 10104684686120.639
a 18 40 0 1 13530470927781.014
a 18 41 0 1 6641244453644.474
a 18 42 0 1 14283555341623.773
a 18 43 0 1 13381150667910.047
a 18 44 0 1 8039525526350.838
a 18 45 0 1 10977219808713.41
a 18 46 0 1 13112426144791.062
a 18 47 0 1 3791924485251.547
a 18 48 0 1 5059597332057.334
a 18 49 0 1 12913029257088.924
a 18 50 0 1 7910838450264.545
a 18 51 0 1 12986397948543.855
a 18 52 0 1 7282985338036.666
a 18 53 0 1 13361390711364.285
a 18 54 0 1 7731781452742.791
a 18 55 0 1 14801411343352.896
a 18 56 0 1 15140925916442.295
a 18 57 0 1 12337910533060.902
a 18 58 0 1 4841495336187.237
a 18 59 0 1 14493630610757.11
a 18 60 0 1 8399617850044.54
a 18 61 0 1 4924893066529.294
a 18 62 0 1 15832501440272.258
a 18 63 0 1 4371037211803.129
a 18 64 0 1 11015393555668.115
a 18 65 0 1 9023004025371.688
a 18 66 0 1 9751146973722.6
a 18 67 0 1 10438222065352.488
a 18 68 0 1 14102949099396.484
a 18 69 0 1 6040200636337.105
a 18 70 0 1 12382086014192.885
a 18 71 0 1 5871276822835.085
a 18 72 0 1 9243429842003.98
a 18 73 0 1 7640667279770.457
a 18 74 0 1 10921523995321.064
a 18 75 0 1 7051628783870.93
a 18 76 0 1 3233991370403.577
a 18 77 0 1 8960733520811.707
a 18 78 0 1 15832617936587.623
a 18 79 0 1 9010348140873.033
a 18 80 0 1 3221511786286.0693
a 18 81 0 1 15423447580150.371
a 19 36 0 1 16999782411503.336
a 19 37 0 1 30526975233325.965
a 19 38 0 1 19855386372352.453
a 19 39 0 1 19815459369269.938
a 19 40 0 1 26543560963537.094
a 19 41 0 1 13018601473403.615
a 19 42 0 1 28023273717063.656
a 19 43 0 1 26250195515302.938
a 19 44 0 1 15762042229347.393
a 19 45 0 1 21528596555085.383
a 19 46 0 1 25722264273238.29
a 19 47 0 1 7430836490558.182
a 19 48 0 1 9916418455024.916
a 19 49 0 1 25330553187980.86
a 19 50 0 1 15509521455217.07
a 19 51 0 1 25474682456522.785
a 19 52 0 1 14277597688660.523
a 19 53 0 1 26211374395782.695
a 19 54 0 1 15158172496944.363
a 19 55 0 1 29040936973211.535
a 19 56 0 1 29708196646720.594
a 19 57 0 1 24200841433207.12
a 19 58 0 1 9488726618227.639
a 19 59 0 1 28436088419225.613
a 19 60 0 1 16468684415339.002
a 19 61 0 1 9652264768178.027
a 19 62 0 1 31067529604563.484
a 19 63 0 1 8566241831322.957
a 19 64 0 1 21603554537069.01
a 19 65 0 1 17692145598213.797
a 19 66 0 1 19121417104796.83
a 19 67 0 1 20470288170194.582
a 19 68 0 1 27668383414042.086
a 19 69 0 1 11839608843816.06
a 19 70 0 1 24287610680451.25
a 19 71 0 1 11508280326957.875
a 19 72 0 1 18124794994855.004
a 19 73 0 1 14979391929233.826
a 19 74 0 1 21419233376597.79
a 19 75 0 1 13823691337411.623
a 19 76 0 1 6337093312244.214
a 19 77 0 1 17569925558606.379
a 19 78 0 1 31067758602630.934
a 19 79 0 1 17667305407470.645
a 19 80 0 1 6312630524758.201
a 19 81 0 1 30263484583665.43
a 20 36 0 1 3491911205003.798
a 20 37 0 1 6262768772014.746
a 20 38 0 1 4077413562256.18
a 20 39 0 1 4069229188387.1514
a 20 40 0 1 5447534489140.124
a 20 41 0 1 2675113855964.3105
a 20 42 0 1 5750437738911.146
a 20 43 0 1 5387471632742.308
a 20 44 0 1 3238034499144.244
a 20 45 0 1 4420340141216.112
a 20 46 0 1 5279376275749.633
a 20 47 0 1 1527698161114.657
a 20 48 0 1 2038243112457.7627
a 20 49 0 1 5199165612888.382
a 20 50 0 1 3186232120240.245
a 20 51 0 1 5228679626281.225
a 20 52 0 1 2933479642452.5566
a 20 53 0 1 5379523258934.129
a 20 54 0 1 3114152039943.3066
a 20 55 0 1 5958709936178.408
a 20 56 0 1 6095248420392.151
a 20 57 0 1 4967802358539.457
a 20 58 0 1 1950410642940.7695
a 20 59 0 1 5834927953534.015
a 20 60 0 1 3382983101753.6704
a 20 61 0 1 1983996289098.1797
a 20 62 0 1 6373351276486.442
a 20 63 0 1 1760942154802.5447
a 20 64 0 1 4435700417853.399
a 20 65 0 1 3633898870790.494
a 20 66 0 1 3926952469636.1284
a 20 67 0 1 4203450684806.6855
a 20 68 0 1 5677797724970.59
a 20 69 0 1 2433112082229.788
a 20 70 0 1 4985574265581.845
a 20 71 0 1 2365093701412.113
a 20 72 0 1 3722616114018.7603
a 20 73 0 1 3077472998959.0015
a 20 74 0 1 4397929225472.6133
a 20 75 0 1 2840337796004.3433
a 20 76 0 1 1302966919030.1006
a 20 77 0 1 3608835677108.0264
a 20 78 0 1 6373398120850.731
a 20 79 0 1 3628805033763.5957
a 20 80 0 1 1297940039718.0205
a 20 81 0 1 6208861888642.534
a 21 36 0 1 15869977863606.45
a 21 37 0 1 28495200264979.02
a 21 38 0 1 18535393245707.46
a 21 39 0 1 18498126260593.42
a 21 40 0 1 24777665777347.656
a 21 41 0 1 12153756305500.31
a 21 42 0 1 26158639146456.543
a 21 43 0 1 24503872509984.555
a 21 44 0 1 14714637243489.434
a 21 45 0 1 20097110247098.895
a 21 46 0 1 24011159641541.65
a 21 47 0 1 6937491396947.192
a 21 48 0 1 9257875643238.873
a 21 49 0 1 23645577080460.297
a 21 50 0 1 14478924737634.354
a 21 51 0 1 23780092669334.58
a 21 52 0 1 13328987105800.371
a 21 53 0 1 24467641289369.35
a 21 54 0 1 14150960723974.746
a 21 55 0 1 27108376780144.68
a 21 56 0 1 27731091036178.492
a 21 57 0 1 22591208804550.43
a 21 58 0 1 8858615515531.691
a 21 59 0 1 26543901637075.805
a 21 60 0 1 15374239118278.342
a 21 61 0 1 9011282433673.959
a 21 62 0 1 28999656871675.094
a 21 63 0 1 7997445935466.499
a 21 64 0 1 20167072518432.434
a 21 65 0 1 16516239082790.555
a 21 66 0 1 17850318853450.344
a 21 67 0 1 19109326155180.695
a 21 68 0 1 25827433092398.82
a 21 69 0 1 11053185622756.387
a 21 70 0 1 22672191828613.125
a 21 71 0 1 10743892197054.299
a 21 72 0 1 16920076433440.283
a 21 73 0 1 13984078684486.266
a 21 74 0 1 19995035631614.266
a 21 75 0 1 12905283342270.484
a 21 76 0 1 5916413044092.436
a 21 77 0 1 16402157733452.049
a 21 78 0 1 28999870576555.457
a 21 79 0 1 16493053029412.436
a 21 80 0 1 5893575291245.524
a 21 81 0 1 28249303778455.44
a 22 36 0 1 19388548046201.793
a 22 37 0 1 34824182886812.97
a 22 38 0 1 22646461439013.992
a 22 39 0 1 22600907272061.926
a 22 40 0 1 30278076172979.02
a 22 41 0 1 14846985093407.807
a 22 42 0 1 31966742662574.047
a 22 43 0 1 29943293546046.855
a 22 44 0 1 17976523580320.14
a 22 45 0 1 24555540739374.004
a 22 46 0 1 29340837292591.92
a 22 47 0 1 8473686674545.425
a 22 48 0 1 11308551831145.219
a 22 49 0 1 28893837291149.17
a 22 50 0 1 17688452704969.35
a 22 51 0 1 29058309338204.39
a 22 52 0 1 16283131413053.13
a 22 53 0 1 29898991920617.125
a 22 54 0 1 17287644447786.48
a 22 55 0 1 33128159714497.7
a 22 56 0 1 33889696496164.766
a 22 57 0 1 27604701773144.188
a 22 58 0 1 10820742910359.143
a 22 59 0 1 32437866401530.125
a 22 60 0 1 18782660020591.18
a 22 61 0 1 11007267460406.312
a 22 62 0 1 35441140736413.81
a 22 63 0 1 9768615096613.691
a 22 64 0 1 24641067825983.406
a 22 65 0 1 20178426541193.297
a 22 66 0 1 21809058692352.113
a 22 67 0 1 23348032672495.992
a 22 68 0 1 31561730054268.67
a 22 69 0 1 13502152563122.545
a 22 70 0 1 27703714129818.457
a 22 71 0 1 13124227833860.416
a 22 72 0 1 20672021081574.176
a 22 73 0 1 17083698739547.684
a 22 74 0 1 24430757683529.6
a 22 75 0 1 15765350318972.69
a 22 76 0 1 7226318869930.75
a 22 77 0 1 20038991234230.23
a 22 78 0 1 35441402104012.97
a 22 79 0 1 20150087448013.098
a 22 80 0 1 7198420600581.814
a 22 81 0 1 34523453660667.863
a 23 36 0 1 18709350362520.152
a 23 37 0 1 33602165777377.805
a 23 38 0 1 21852848815559.21
a 23 39 0 1 21808895040259.754
a 23 40 0 1 29216123791732.914
a 23 41 0 1 14327144820313.71
a 23 42 0 1 30845352574853.69
a 23 43 0 1 28893122200076.88
a 23 44 0 1 17346889185471.998
a 23 45 0 1 23694844503968.656
a 23 46 0 1 28311864237520.17
a 23 47 0 1 8177205985261.621
a 23 48 0 1 10912759081228.65
a 23 49 0 1 27880590741487.297
a 23 50 0 1 17068927939263.068
a 23 51 0 1 28039276458887.11
a 23 52 0 1 15712916056829.607
a 23 53 0 1 28850379487784.895
a 23 54 0 1 16682184667846.309
a 23 55 0 1 31965877109858.453
a 23 56 0 1 32700595094732.773
a 23 57 0 1 26636801280162.98
a 23 58 0 1 10442043721978.762
a 23 59 0 1 31299889715332.22
a 23 60 0 1 18124731438963.82
a 23 61 0 1 10622032388772.02
a 23 62 0 1 34197388581491.125
a 23 63 0 1 9426777749527.17
a 23 64 0 1 23777365567085.89
a 23 65 0 1 19471496651728.76
a 23 66 0 1 21044862795789.777
a 23 67 0 1 22529770669839.723
a 23 68 0 1 30454597638635.18
a 23 69 0 1 13029469827598.506
a 23 70 0 1 26732331282693.82
a 23 71 0 1 12664794769661.492
a 23 72 0 1 19947758884367.01
a 23 73 0 1 16485395251244.752
a 23 74 0 1 23574447100075.137
a 23 75 0 1 15213298799126.557
a 23 76 0 1 6973516623697.874
a 23 77 0 1 19336957196543.973
a 23 78 0 1 34197640740639.164
a 23 79 0 1 19444152612922.84
a 23 80 0 1 6946595115435.881
a 23 81 0 1 33312029977004.195
a 24 36 0 1 10782849837640.709
a 24 37 0 1 19352025924558.953
a 24 38 0 1 12592626031858.975
a 24 39 0 1 12567324778002.85
a 24 40 0 1 16829637784188.684
a 24 41 0 1 8258997316386.712
a 24 42 0 1 17766724475762.754
a 24 43 0 1 16643838590879.637
a 24 44 0 1 9998280498737.12
a 24 45 0 1 13652842266965.682
a 24 46 0 1 16309468609049.506
a 24 47 0 1 4715229459946.241
a 24 48 0 1 6291794734283.728
a 24 49 0 1 16061365253259.883
a 24 50 0 1 9838204495021.44
a 24 51 0 1 16152655314275.008
a 24 52 0 1 9057224111236.102
a 24 53 0 1 16619251394674.488
a 24 54 0 1 9615474429389.719
a 24 55 0 1 18411132073920.52
a 24 56 0 1 18833626064063.156
a 24 57 0 1 15345778468831.668
a 24 58 0 1 6020540081558.922
a 24 59 0 1 18028134842574.4
a 24 60 0 1 10446211504133.197
a 24 61 0 1 6124261905802.023
a 24 62 0 1 19694251803817.215
a 24 63 0 1 5435440026034.785
a 24 64 0 1 13700335289841.408
a 24 65 0 1 11221684045534.316
a 24 66 0 1 12127505064261.09
a 24 67 0 1 12982271024693.836
a 24 68 0 1 17541986812365.092
a 24 69 0 1 7511417484273.525
a 24 70 0 1 15400742630550.81
a 24 71 0 1 7301314155051.88
a 24 72 0 1 11495893238032.232
a 24 73 0 1 9502137826807.254
a 24 74 0 1 13583549735532.229
a 24 75 0 1 8769448884720.683
a 24 76 0 1 4021380937882.2017
a 24 77 0 1 11144220300875.846
a 24 78 0 1 19694396779565.53
a 24 79 0 1 11205940258351.03
a 24 80 0 1 4005861510470.338
a 24 81 0 1 19185203886632.645
a 25 36 0 1 4934094021407.623
a 25 37 0 1 8850501057570.229
a 25 38 0 1 5761573241634.855
a 25 39 0 1 5750006105716.298
a 25 40 0 1 7698119016045.564
a 25 41 0 1 3779807047874.993
a 25 42 0 1 8126280291902.194
a 25 43 0 1 7613220142008.392
a 25 44 0 1 4575309284669.337
a 25 45 0 1 6246246191527.207
a 25 46 0 1 7460428530309.335
a 25 47 0 1 2158446173541.1863
a 25 48 0 1 2879852149093.937
a 25 49 0 1 7347052646872.092
a 25 50 0 1 4502101967216.297
a 25 51 0 1 7388769909234.149
a 25 52 0 1 4144916386170.904
a 25 53 0 1 7601985148497.842
a 25 54 0 1 4400238725901.121
a 25 55 0 1 8420685386814.006
a 25 56 0 1 8613693795492.452
a 25 57 0 1 7020030984420.757
a 25 58 0 1 2755741349828.5474
a 25 59 0 1 8245711514035.028
a 25 60 0 1 4780153114474.276
a 25 61 0 1 2803199091353.218
a 25 62 0 1 9006822881487.398
a 25 63 0 1 2488018313502.904
a 25 64 0 1 6267955904283.052
a 25 65 0 1 5134758223974.639
a 25 66 0 1 5548925071611.58
a 25 67 0 1 5939705113698.371
a 25 68 0 1 8023600700223.759
a 25 69 0 1 3437830635811.836
a 25 70 0 1 7045150528636.927
a 25 71 0 1 3341714237589.2163
a 25 72 0 1 5260139327865.084
a 25 73 0 1 4348404340349.499
a 25 74 0 1 6214571392935.626
a 25 75 0 1 4013292049808.445
a 25 76 0 1 1840909406733.1777
a 25 77 0 1 5099337444825.535
a 25 78 0 1 9006889102044.246
a 25 79 0 1 5127559307106.042
a 25 80 0 1 1833806693496.789
a 25 81 0 1 8774297716322.767
a 26 36 0 1 12193994561139.953
a 26 37 0 1 21887442656274.35
a 26 38 0 1 14241003598530.965
a 26 39 0 1 14212384982388.572
a 26 40 0 1 19033857682051.28
a 26 41 0 1 9339491798821.47
a 26 42 0 1 20093961152608.293
a 26 43 0 1 18823671123079.094
a 26 44 0 1 11306615413195.664
a 26 45 0 1 15440249251268.838
a 26 46 0 1 18445415855992.113
a 26 47 0 1 5331821101972.446
a 26 48 0 1 7114716422451.997
a 26 49 0 1 18164751979870.406
a 26 50 0 1 11125565662123.994
a 26 51 0 1 18268022496255.367
a 26 52 0 1 10242270891091.19
a 26 53 0 1 18795856784151.523
a 26 54 0 1 10873654137900.969
a 26 55 0 1 20822981282426.254
a 26 56 0 1 21300957632102.258
a 26 57 0 1 17355264998689.014
a 26 58 0 1 6807955788470.921
a 26 59 0 1 20389693724258.902
a 26 60 0 1 11813240634804.262
a 26 61 0 1 6925254024326.916
a 26 62 0 1 22274620548132.99
a 26 63 0 1 6146277376540.96
a 26 64 0 1 15493971078833.607
a 26 65 0 1 12690342677361.342
a 26 66 0 1 13714902001473.91
a 26 67 0 1 14681739476474.562
a 26 68 0 1 19839718141652.92
a 26 69 0 1 8494013150125.002
a 26 70 0 1 17417441006229.654
a 26 71 0 1 8256399310726.142
a 26 72 0 1 13000493249286.996
a 26 73 0 1 10745469146352.232
a 26 74 0 1 15361869004325.016
a 26 75 0 1 9916800161155.67
a 26 76 0 1 4547193284351.31
a 26 77 0 1 12602726004144.38
a 26 78 0 1 22274784567567.38
a 26 79 0 1 12672535385090.627
a 26 80 0 1 4529643568577.133
a 26 81 0 1 21698709682892.42
a 27 36 0 1 6382055137577.343
a 27 37 0 1 11449288417602.213
a 27 38 0 1 7452575156100.136
a 27 39 0 1 7437610197568.181
a 27 40 0 1 9958142409949.523
a 27 41 0 1 4888839972083.862
a 27 42 0 1 10512156014345.97
a 27 43 0 1 9848290545110.348
a 27 44 0 1 5917909539612.482
a 27 45 0 1 8079630321639.651
a 27 46 0 1 9650592888064.48
a 27 47 0 1 2791602807312.6763
a 27 48 0 1 3724716118300.381
a 27 49 0 1 9503896715362.53
a 27 50 0 1 5823205516827.099
a 27 51 0 1 9557874225397.713
a 27 52 0 1 5361142154603.653
a 27 53 0 1 9833753473943.846
a 27 54 0 1 5691431782077.615
a 27 55 0 1 10893106897777.107
a 27 56 0 1 11142857795529.404
a 27 57 0 1 9080772237712.883
a 27 58 0 1 3564179915509.1885
a 27 59 0 1 10666695324086.273
a 27 60 0 1 6182906506595.922
a 27 61 0 1 3625565918417.806
a 27 62 0 1 11651572886321.623
a 27 63 0 1 3217887160240.658
a 27 64 0 1 8107718170743.702
a 27 65 0 1 6641651375847.632
a 27 66 0 1 7177463890119.814
a 27 67 0 1 7683034381243.296
a 27 68 0 1 10379293655062.785
a 27 69 0 1 4446472908766.089
a 27 70 0 1 9113273404094.08
a 27 71 0 1 4322142405868.5083
a 27 72 0 1 6803856798304.896
a 27 73 0 1 5624377415899.81
a 27 74 0 1 8038649799843.242
a 27 75 0 1 5190872743669.963
a 27 76 0 1 2380894559733.842
a 27 77 0 1 6595827794555.612
a 27 78 0 1 11651658577881.63
a 27 79 0 1 6632338185256.55
a 27 80 0 1 2371707872646.525
a 27 81 0 1 11350680106348.697
a 28 36 0 1 12826871850605.123
a 28 37 0 1 23024752363294.82
a 28 38 0 1 14980305518631.756
a 28 39 0 1 14950198648060.629
a 28 40 0 1 20022548089230.48
a 28 41 0 1 9824050682024.287
a 28 42 0 1 21137851461696.887
a 28 43 0 1 19801418737677.16
a 28 44 0 1 11893373980989.967
a 28 45 0 1 16241924840813.186
a 28 46 0 1 19403472040521.68
a 28 47 0 1 5608316584984.039
a 28 48 0 1 7483748279926.029
a 28 49 0 1 19108198369099.574
a 28 50 0 1 11702915959857.604
a 28 51 0 1 19216844456820.42
a 28 52 0 1 10773726596016.715
a 28 53 0 1 19772156362447.56
a 28 54 0 1 11437914512211.121
a 28 55 0 1 21904840112843.72
a 28 56 0 1 22407713866421.375
a 28 57 0 1 18256579576013.89
a 28 58 0 1 7161063215951.809
a 28 59 0 1 21448985445053.04
a 28 60 0 1 12426328230256.252
a 28 61 0 1 7284450449153.628
a 28 62 0 1 23432103019830.93
a 28 63 0 1 6465040058745.997
a 28 64 0 1 16298441205130.234
a 28 65 0 1 13349020412112.555
a 28 66 0 1 14426846698819.324
a 28 67 0 1 15443962295591.021
a 28 68 0 1 20870368649578.26
a 28 69 0 1 8934661105926.12
a 28 70 0 1 18321991399336.473
a 28 71 0 1 8684708131154.151
a 28 72 0 1 13675294354428.709
a 28 73 0 1 11303069029493.143
a 28 74 0 1 16159467424755.186
a 28 75 0 1 10431347399622.08
a 28 76 0 1 4782977436935.421
a 28 77 0 1 13256849151066.373
a 28 78 0 1 23432275585416.633
a 28 79 0 1 13330287433446.396
a 28 80 0 1 4764517222123.999
a 28 81 0 1 22826186699674.316
a 29 36 0 1 14943476889650.809
a 29 37 0 1 26829349464147.664
a 29 38 0 1 17452970459657.723
a 29 39 0 1 17417884144534.568
a 29 40 0 1 23329728969113.914
a 29 41 0 1 11444497012628.805
a 29 42 0 1 24629773105087.7
a 29 43 0 1 23071977941204.09
a 29 44 0 1 13855693548213.191
a 29 45 0 1 18923288070887.805
a 29 46 0 1 22608131966623.75
a 29 47 0 1 6532867720747.318
a 29 48 0 1 8717781511733.615
a 29 49 0 1 22263966039823.508
a 29 50 0 1 13633761995063.854
a 29 51 0 1 22390601605606.53
a 29 52 0 1 12551045472175.861
a 29 53 0 1 23037869528035.65
a 29 54 0 1 13324971255198.52
a 29 55 0 1 25523839168212.52
a 29 56 0 1 26110045037085.816
a 29 57 0 1 21271355482185.895
a 29 58 0 1 8341836150346.497
a 29 59 0 1 24992453721492.188
a 29 60 0 1 14476727997667.47
a 29 61 0 1 8485588333146.394
a 29 62 0 1 27304222360772.76
a 29 63 0 1 7530947634933.286
a 29 64 0 1 18989155080451.59
a 29 65 0 1 15551941310675.3
a 29 66 0 1 16807980240290.375
a 29 67 0 1 17993317577650.637
a 29 68 0 1 24317978940009.383
a 29 69 0 1 10408229550028.354
a 29 70 0 1 21347595572238.918
a 29 71 0 1 10117004499310.262
a 29 72 0 1 15932157413629.402
a 29 73 0 1 13167844869600.3
a 29 74 0 1 18827188311103.027
a 29 75 0 1 12152105641848.574
a 29 76 0 1 5571381157385.301
a 29 77 0 1 15444532431148.576
a 29 78 0 1 27304423532308.42
a 29 79 0 1 15530111392777.98
a 29 80 0 1 5549876102018.092
a 29 81 0 1 26597872332455.754
a 30 36 0 1 11732447381760.535
a 30 37 0 1 21058104351105.004
a 30 38 0 1 13701854078881.217
a 30 39 0 1 13674320640231.691
a 30 40 0 1 18312872817326.293
a 30 41 0 1 8986100401566.355
a 30 42 0 1 19332731107618.867
a 30 43 0 1 18110664541710.176
a 30 44 0 1 10878697943385.709
a 30 45 0 1 14855619845626.695
a 30 46 0 1 17746766191809.617
a 30 47 0 1 5130163107386.702
a 30 48 0 1 6845573315646.863
a 30 49 0 1 17476754312658.648
a 30 50 0 1 10704508765978.184
a 30 51 0 1 17576105494538.338
a 30 52 0 1 9854681008464.941
a 30 53 0 1 18083905954533.58
a 30 54 0 1 10462142544509.045
a 30 55 0 1 20034069636704.723
a 30 56 0 1 20493894334827.797
a 30 57 0 1 16697985968733.209
a 30 58 0 1 6550425904681.309
a 30 59 0 1 19617234965854.14
a 30 60 0 1 11366123997939.26
a 30 61 0 1 6663283603411.349
a 30 62 0 1 21430575438291.754
a 30 63 0 1 5913794365905.104
a 30 64 0 1 14907304057558.545
a 30 65 0 1 12209982117485.799
a 30 66 0 1 13195700411918.355
a 30 67 0 1 14125877006139.873
a 30 68 0 1 19088140898847.977
a 30 69 0 1 8172643418765.733
a 30 70 0 1 16757802699129.713
a 30 71 0 1 7944027888412.362
a 30 72 0 1 12508375815955.36
a 30 73 0 1 10338814468669.555
a 30 74 0 1 14780212440207.799
a 30 75 0 1 9541540335650.752
a 30 76 0 1 4375226117875.316
a 30 77 0 1 12125686581964.037
a 30 78 0 1 21430733227243.04
a 30 79 0 1 12192849821477.484
a 30 80 0 1 4358340435776.7886
a 30 81 0 1 20876539870527.836
a 31 36 0 1 18373331813779.13
a 31 37 0 1 32997655376738.695
a 31 38 0 1 21460233648807.59
a 31 39 0 1 21417071509607.902
a 31 40 0 1 28690780131987.36
a 31 41 0 1 14069957894614.178
a 31 42 0 1 30290610989424.74
a 31 43 0 1 28373605518934.16
a 31 44 0 1 17035388358672.25
a 31 45 0 1 23269046721458.375
a 31 46 0 1 27802832431904.29
a 31 47 0 1 8030518835682.758
a 31 48 0 1 10716939521308.67
a 31 49 0 1 27379337463874.215
a 31 50 0 1 16762428145029.043
a 31 51 0 1 27535161184723.95
a 31 52 0 1 15430808896645.309
a 31 53 0 1 28331633857244.004
a 31 54 0 1 16382642571413.648
a 31 55 0 1 31390910409923.207
a 31 56 0 1 32112364185175.008
a 31 57 0 1 26157976970040.504
a 31 58 0 1 10254680697867.156
a 31 59 0 1 30736944495552.535
a 31 60 0 1 17799234132929.438
a 31 61 0 1 10431435923164.42
a 31 62 0 1 33582128536585.273
a 31 63 0 1 9257651204369.176
a 31 64 0 1 23350080886113.523
a 31 65 0 1 19121759855420.31
a 31 66 0 1 20666798726185.863
a 31 67 0 1 22124962706256.043
a 31 68 0 1 29906907851649.098
a 31 69 0 1 12795611828521.611
a 31 70 0 1 26251784525763.465
a 31 71 0 1 12437491477197.053
a 31 72 0 1 19589448408539.305
a 31 73 0 1 16189393257676.96
a 31 74 0 1 23150818637749.305
a 31 75 0 1 14940177123917.205
a 31 76 0 1 6848438934049.355
a 31 77 0 1 18989642214184.65
a 31 78 0 1 33582376141466.88
a 31 79 0 1 19094908036365.75
a 31 80 0 1 6822000671989.497
a 31 81 0 1 32712758865703.043
a 32 36 0 1 5530943096610.5205
a 32 37 0 1 9921636891254.348
a 32 38 0 1 6458592186371.855
a 32 39 0 1 6445624652124.947
a 32 40 0 1 8629648689773.966
a 32 41 0 1 4236960523769.17
a 32 42 0 1 9109675025845.336
a 32 43 0 1 8534466322413.181
a 32 44 0 1 5128732594926.177
a 32 45 0 1 7001946789855.964
a 32 46 0 1 8363168183594.795
a 32 47 0 1 2419447511617.6357
a 32 48 0 1 3228119000628.7275
a 32 49 0 1 8236060382840.202
a 32 50 0 1 5046665071922.475
a 32 51 0 1 8282830330849.466
a 32 52 0 1 4646252092445.259
a 32 53 0 1 8521870491688.645
a 32 54 0 1 4932473706931.832
a 32 55 0 1 9439746032197.492
a 32 56 0 1 9656138050843.365
a 32 57 0 1 7869432597475.01
a 32 58 0 1 3088993871180.4253
a 32 59 0 1 9243574500267.28
a 32 60 0 1 5358369350278.175
a 32 61 0 1 3142192766225.4355
a 32 62 0 1 10096899635386.514
a 32 63 0 1 2788884621694.2476
a 32 64 0 1 7026285172335.196
a 32 65 0 1 5755896586920.916
a 32 66 0 1 6220200010611.231
a 32 67 0 1 6658290476039.161
a 32 68 0 1 8994556880657.559
a 32 69 0 1 3853604995167.7446
a 32 70 0 1 7897594291806.093
a 32 71 0 1 3745859178550.227
a 32 72 0 1 5896455016054.544
a 32 73 0 1 4874366125754.383
a 32 74 0 1 6966436748886.493
a 32 75 0 1 4498699289221.747
a 32 76 0 1 2063504778169.4568
a 32 77 0 1 5716188227650.779
a 32 78 0 1 10096973879797.379
a 32 79 0 1 5747826259370.997
a 32 80 0 1 2055543030114.6199
a 32 81 0 1 9836200558414.842
a 33 36 0 1 20542274810982.96
a 33 37 0 1 36900326147916.72
a 33 38 0 1 23994588353808.438
a 33 39 0 1 23946314897882.71
a 33 40 0 1 32082188070238.14
a 33 41 0 1 15729973882037.928
a 33 42 0 1 33871866287240.324
a 33 43 0 1 31727384543188.895
a 33 44 0 1 19046042637061.023
a 33 45 0 1 26017654514557.39
a 33 46 0 1 31088903907761.355
a 33 47 0 1 8977247039682.16
a 33 48 0 1 11980810425530.363
a 33 49 0 1 30615178584949.574
a 33 50 0 1 18740795885486.785
a 33 51 0 1 30789483779155.484
a 33 52 0 1 17251701325026.756
a 33 53 0 1 31680433684131.133
a 33 54 0 1 18316091930796.258
a 33 55 0 1 35102780512218.586
a 33 56 0 1 35909897021567.41
a 33 57 0 1 29248984311364.668
a 33 58 0 1 11463964475325.363
a 33 59 0 1 34371178875497.992
a 33 60 0 1 19900250400464.145
a 33 61 0 1 11661591568944.79
a 33 62 0 1 37554224978958.51
a 33 63 0 1 10349220077865.05
a 33 64 0 1 26108289475254.094
a 33 65 0 1 21379271276408.76
a 33 66 0 1 23107202911032.08
a 33 67 0 1 24738042667430.11
a 33 68 0 1 33442623061803.05
a 33 69 0 1 14305028873806.246
a 33 70 0 1 29353914324508.996
a 33 71 0 1 13904595673284.107
a 33 72 0 1 21902314415517.777
a 33 73 0 1 18099988126170.496
a 33 74 0 1 25885419319176.527
a 33 75 0 1 16703061779046.744
a 33 76 0 1 7655687353367.661
a 33 77 0 1 21231517690040.01
a 33 78 0 1 37554501997387.5
a 33 79 0 1 21349241537614.74
a 33 80 0 1 7626129987845.905
a 33 81 0 1 36581592468410.19
a 34 36 0 1 9735529477064.01
a 34 37 0 1 17470719964304.746
a 34 38 0 1 11369294911400.23
a 34 39 0 1 11346454801029.514
a 34 40 0 1 15193974748268.863
a 34 41 0 1 7457025061902.521
a 34 42 0 1 16039818228311.19
a 34 43 0 1 15026264529122.535
a 34 44 0 1 9027243280275.926
a 34 45 0 1 12326368484268.498
a 34 46 0 1 14724446265673.617
a 34 47 0 1 4257535867821.4526
a 34 48 0 1 5680968425776.994
a 34 49 0 1 14500494903651.988
a 34 50 0 1 8882729829244.652
a 34 51 0 1 14582898341400.812
a 34 52 0 1 8177668754796.901
a 34 53 0 1 15004071032400.756
a 34 54 0 1 8681652668417.652
a 34 55 0 1 16621470178279.207
a 34 56 0 1 17002815019957.746
a 34 57 0 1 13854561013448.92
a 34 58 0 1 5436064472666.075
a 34 59 0 1 16275772153978.648
a 34 60 0 1 9431623783124.984
a 34 61 0 1 5529710543328.614
a 34 62 0 1 17779608233166.277
a 34 63 0 1 4907798183181.638
a 34 64 0 1 12369240637727.793
a 34 65 0 1 10131690708338.361
a 34 66 0 1 10949415856358.512
a 34 67 0 1 11721036107124.123
a 34 68 0 1 15836964670562.533
a 34 69 0 1 6782094061639.01
a 34 70 0 1 13904175509417.416
a 34 71 0 1 6592406267240.153
a 34 72 0 1 10379233361504.857
a 34 73 0 1 8579333801321.194
a 34 74 0 1 12263817740018.512
a 34 75 0 1 7917865126635.874
a 34 76 0 1 3631065358924.7544
a 34 77 0 1 10061759951446.691
a 34 78 0 1 17779739085737.598
a 34 79 0 1 10117477940828.012
a 34 80 0 1 3617052875820.8276
a 34 81 0 1 17320147877839.059
a 35 36 0 1 7768433558565.86
a 35 37 0 1 13938193326961.115
a 35 38 0 1 9071746397506.91
a 35 39 0 1 9053526712020.441
a 35 40 0 1 12122441737924.13
a 35 41 0 1 5950623916000.734
a 35 42 0 1 12797041979196.441
a 35 43 0 1 11988681734248.035
a 35 44 0 1 7203377635406.717
a 35 45 0 1 9835191986011.635
a 35 46 0 1 11747959051978.795
a 35 47 0 1 3397719575056.1924
a 35 48 0 1 4533537543540.948
a 35 49 0 1 11569338870077.36
a 35 50 0 1 7088085535833.083
a 35 51 0 1 11635062808789.164
a 35 52 0 1 6525580255773.971
a 35 53 0 1 11970980872864.473
a 35 54 0 1 6927665904373.687
a 35 55 0 1 13260921525403.793
a 35 56 0 1 13565045152712.846
a 35 57 0 1 11054141432872.014
a 35 58 0 1 4338123519430.0693
a 35 59 0 1 12985221666417.076
a 35 60 0 1 7525986230766.494
a 35 61 0 1 4412845955206.835
a 35 62 0 1 14184523286525.37
a 35 63 0 1 3916601134951.0303
a 35 64 0 1 9869389768728.262
a 35 65 0 1 8084474581365.31
a 35 66 0 1 8736803398544.351
a 35 67 0 1 9352329894912.836
a 35 68 0 1 12635259082811.764
a 35 69 0 1 5412121372384.093
a 35 70 0 1 11093714548233.205
a 35 71 0 1 5260773434557.347
a 35 72 0 1 8281950897907.761
a 35 73 0 1 6846035196986.429
a 35 74 0 1 9785297081253.502
a 35 75 0 1 6318301482129.655
a 35 76 0 1 2897808015407.5566
a 35 77 0 1 8028687143550.127
a 35 78 0 1 14184627637125.686
a 35 79 0 1 8073136324921.704
a 35 80 0 1 2886626153639.3945
a 35 81 0 1 13818114913310.84
a 36 1 0 1 0
a 37 1 0 1 0
a 38 1 0 1 0
a 39 1 0 1 0
a 40 1 0 1 0
a 41 1 0 1 0
a 42 1 0 1 0
a 43 1 0 1 0
a 44 1 0 1 0
a 45 1 0 1 0
a 46 1 0 1 0
a 47 1 0 1 0
a 48 1 0 1 0
a 49 1 0 1 0
a 50 1 0 1 0
a 51 1 0 1 0
a 52 1 0 1 0
a 53 1 0 1 0
a 54 1 0 1 0
a 55 1 0 1 0
a 56 1 0 1 0
a 57 1 0 1 0
a 58 1 0 1 0
a 59 1 0 1 0
a 60 1 0 1 0
a 61 1 0 1 0
a 62 1 0 1 0
a 63 1 0 1 0
a 64 1 0 1 0
a 65 1 0 1 0
a 66 1 0 1 0
a 67 1 0 1 0
a 68 1 0 1 0
a 69 1 0 1 0
a 70 1 0 1 0
a 71 1 0 1 0
a 72 1 0 1 0
a 73 1 0 1 0
a 74 1 0 1 0
a 75 1 0 1 0
a 76 1 0 1 0
a 77 1 0 1 0
a 78 1 0 1 0
a 79 1 0 1 0
a 80 1 0 1 0
a 81 1 0 1 0
