p min 82 1671
n 0 37
n 1 -37
a 0 2 0 1 0
a 0 3 0 1 0
a 0 4 0 1 0
a 0 5 0 1 0
a 0 6 0 1 0
a 0 7 0 1 0
a 0 8 0 1 0
a 0 9 0 1 0
a 0 10 0 1 0
a 0 11 0 1 0
a 0 12 0 1 0
a 0 13 0 1 0
a 0 14 0 1 0
a 0 15 0 1 0
a 0 16 0 1 0
a 0 17 0 1 0
a 0 18 0 1 0
a 0 19 0 1 0
a 0 20 0 1 0
a 0 21 0 1 0
a 0 22 0 1 0
a 0 23 0 1 0
a 0 24 0 1 0
a 0 25 0 1 0
a 0 26 0 1 0
a 0 27 0 1 0
a 0 28 0 1 0
a 0 29 0 1 0
a 0 30 0 1 0
a 0 31 0 1 0
a 0 32 0 1 0
a 0 33 0 1 0
a 0 34 0 1 0
a 0 35 0 1 0
a 0 36 0 1 0
a 0 37 0 1 0
a 0 38 0 1 0
a 2 39 0 1 8194189155331.737
a 2 40 0 1 3565661708128.992
a 2 41 0 1 3847239093237.971
a 2 42 0 1 6001575911258.537
a 2 43 0 1 11227339517039.074
a 2 44 0 1 9390090829325.703
a 2 45 0 1 13275232893023.541
a 2 46 0 1 9675480106368.568
a 2 47 0 1 11218376279606.9
a 2 48 0 1 4217824852286.516
a 2 49 0 1 9093783103720.605
a 2 50 0 1 6554648098370.951
a 2 51 0 1 5000915228158.961
a 2 52 0 1 8843544754196.281
a 2 53 0 1 3356352771024.195
a 2 54 0 1 6314094275178.871
a 2 55 0 1 9062094008568.188
a 2 56 0 1 7465279275385.836
a 2 57 0 1 6965669461477.046
a 2 58 0 1 5013842863167.883
a 2 59 0 1 3047979924646.5977
a 2 60 0 1 4407367322955.536
a 2 61 0 1 4243911849890.4663
a 2 62 0 1 4121324333898.5317
a 2 63 0 1 8907443904537.916
a 2 64 0 1 8550711080653.332
a 2 65 0 1 3679519337049.7524
a 2 66 0 1 6781088782737.248
a 2 67 0 1 7281742168983.095
a 2 68 0 1 13536732859354.473
a 2 69 0 1 5835310103982.919
a 2 70 0 1 10765267359250.256
a 2 71 0 1 13922286940077.373
a 2 72 0 1 14633779821151.955
a 2 73 0 1 8939945056425.61
a 2 74 0 1 3040712618397.6655
a 2 75 0 1 9194979914839.938
a 2 76 0 1 5641282481039.68
a 2 77 0 1 6145942314151.936
a 2 78 0 1 6305961427759.582
a 2 79 0 1 7837826197419.996
a 2 80 0 1 3378298971927.895
a 2 81 0 1 12842624510249.734
a 3 39 0 1 17482005806075.174
a 3 40 0 1 7602615989229.456
a 3 41 0 1 8203289575000.379
a 3 42 0 1 12800479525330.71
a 3 43 0 1 23962620132000.223
a 3 44 0 1 20036549266597.08
a 3 45 0 1 28341050979556.434
a 3 46 0 1 20646282163489.047
a 3 47 0 1 23943461741007.69
a 3 48 0 1 8993907115669.973
a 3 49 0 1 19403537331678.305
a 3 50 0 1 13981110572069.883
a 3 51 0 1 10664824575592.21
a 3 52 0 1 18868983139935.297
a 3 53 0 1 7156137312680.358
a 3 54 0 1 13467584646311.623
a 3 55 0 1 19335841780794.797
a 3 56 0 1 15925386744331.836
a 3 57 0 1 14858619367809.78
a 3 58 0 1 10692411756253.586
a 3 59 0 1 6498388986005.122
a 3 60 0 1 9398311636205.865
a 3 61 0 1 9049564692967.596
a 3 62 0 1 8788022972929.198
a 3 63 0 1 19005479908577.58
a 3 64 0 1 18243482095893.71
a 3 65 0 1 7845496906864.651
a 3 66 0 1 14464537755304.69
a 3 67 0 1 15533481941550.854
a 3 68 0 1 28900311573994.625
a 3 69 0 1 12445588908090.049
a 3 70 0 1 22975026763212.26
a 3 71 0 1 29724952204351.953
a 3 72 0 1 31246944527558.312
a 3 73 0 1 19074907406842.285
a 3 74 0 1 6482888718105.715
a 3 75 0 1 19619721887702.793
a 3 76 0 1 12031460808984.215
a 3 77 0 1 13108638860525.506
a 3 78 0 1 13450223490879.877
a 3 79 0 1 16720939992559.307
a 3 80 0 1 7202949796552.753
a 3 81 0 1 27415931130134.098
a 4 39 0 1 5244754047691.813
a 4 40 0 1 2282667051219.133
a 4 41 0 1 2462898668710.769
a 4 42 0 1 3841704054685.554
a 4 43 0 1 7185241970472.881
a 4 44 0 1 6009902261821.427
a 4 45 0 1 8495125884727.471
a 4 46 0 1 6192485568326.42
a 4 47 0 1 7179508369989.266
a 4 48 0 1 2700096218360.6963
a 4 49 0 1 5820329093542.188
a 4 50 0 1 4195638190374.1646
a 4 51 0 1 3201297987289.411
a 4 52 0 1 5660226781400.295
a 4 53 0 1 2148690185076.7432
a 4 54 0 1 4041699683793.9443
a 4 55 0 1 5800054617502.99
a 4 56 0 1 4778353990866.804
a 4 57 0 1 4458657521937.14
a 4 58 0 1 3209571795756.0493
a 4 59 0 1 1951299121153.3235
a 4 60 0 1 2821412175405.3994
a 4 61 0 1 2716793217757.035
a 4 62 0 1 2638330686463.5664
a 4 63 0 1 5701109726750.151
a 4 64 0 1 5472867792872.483
a 4 65 0 1 2355545372867.361
a 4 66 0 1 4340542418055.2534
a 4 67 0 1 4660911550175.457
a 4 68 0 1 8662371788386.124
a 4 69 0 1 3735300404489.193
a 4 70 0 1 6889658263680.225
a 4 71 0 1 8908951587738.676
a 4 72 0 1 9363963720644.021
a 4 73 0 1 5721904017402.443
a 4 74 0 1 1946647219761.7688
a 4 75 0 1 5885073795333.225
a 4 76 0 1 3611128417574.806
a 4 77 0 1 3934091748189.4126
a 4 78 0 1 4036495146714.6113
a 4 79 0 1 5016735274704.88
a 4 80 0 1 2162737870227.8057
a 4 81 0 1 8218437268398.335
a 5 39 0 1 19416869461477.227
a 5 40 0 1 8442991198974.157
a 5 41 0 1 9110131492032.309
a 5 42 0 1 14216355413583.266
a 5 43 0 1 26616942507137.082
a 5 44 0 1 22254868405203.652
a 5 45 0 1 31482129496756.27
a 5 46 0 1 22932285448908.773
a 5 47 0 1 26595655449594.2
a 5 48 0 1 9988249291728.053
a 5 49 0 1 21551599374118.12
a 5 50 0 1 15527811050472.713
a 5 51 0 1 11844150933632.604
a 5 52 0 1 20957724630933.29
a 5 53 0 1 7947114654878.949
a 5 54 0 1 14957376956380.32
a 5 55 0 1 21476391063500.85
a 5 56 0 1 17687616713298.883
a 5 57 0 1 16502581348272.6
a 5 58 0 1 11874792903446.355
a 5 59 0 1 7216604113088.699
a 5 60 0 1 10437417438283.72
a 5 61 0 1 10050067343858.22
a 5 62 0 1 9759577565990.594
a 5 63 0 1 21109367948728.36
a 5 64 0 1 20262820779199.387
a 5 65 0 1 8712746540042.744
a 5 66 0 1 16064817735690.49
a 5 67 0 1 17252259331963.9
a 5 68 0 1 32103603139382.402
a 5 69 0 1 13822147430250.412
a 5 70 0 1 25519632379776.04
a 5 71 0 1 33019994363407.223
a 5 72 0 1 34711376389507.434
a 5 73 0 1 21186499766465.43
a 5 74 0 1 7199389303784.992
a 5 75 0 1 21791776667930.93
a 5 76 0 1 13362143717421.371
a 5 77 0 1 14558657778247.625
a 5 78 0 1 14938091994517.738
a 5 79 0 1 18571390596213.01
a 5 80 0 1 7999106151380.225
a 5 81 0 1 30454117368471.332
a 6 39 0 1 8424042202167.508
a 6 40 0 1 3665626356824.8174
a 6 41 0 1 3955101463551.1846
a 6 42 0 1 6169880844413.691
a 6 43 0 1 11542387794677.32
a 6 44 0 1 9653527098682.246
a 6 45 0 1 13647837073393.643
a 6 46 0 1 9946932061572.133
a 6 47 0 1 11533172707396.79
a 6 48 0 1 4336082265808.5063
a 6 49 0 1 9348897595389.602
a 6 50 0 1 6738475123439.091
a 6 51 0 1 5141141564433.892
a 6 52 0 1 9091631777375.268
a 6 53 0 1 3450447034656.7334
a 6 54 0 1 6491169854854.334
a 6 55 0 1 9316318549201.55
a 6 56 0 1 7674667791680.713
a 6 57 0 1 7161033207394.087
a 6 58 0 1 5154431907225.14
a 6 59 0 1 3133425936265.516
a 6 60 0 1 4530941812895.06
a 6 61 0 1 4362901045982.578
a 6 62 0 1 4236874790728.843
a 6 63 0 1 9157325374341.5
a 6 64 0 1 8790574955211.713
a 6 65 0 1 3782677416946.765
a 6 66 0 1 6971271501513.75
a 6 67 0 1 7485978340388.909
a 6 68 0 1 13916688487511.81
a 6 69 0 1 5998949148165.6045
a 6 70 0 1 11067332988338.94
a 6 71 0 1 14313082331716.814
a 6 72 0 1 15044581267687.064
a 6 73 0 1 9190739249597.55
a 6 74 0 1 3125954827545.607
a 6 75 0 1 9452936444849.363
a 6 76 0 1 5799476793346.409
a 6 77 0 1 6318298725987.356
a 6 78 0 1 6482808755568.3
a 6 79 0 1 8057673724486.299
a 6 80 0 1 3473008736239.249
a 6 81 0 1 13203067937003.258
a 7 39 0 1 6367441369433.502
a 7 40 0 1 2771090407513.5405
a 7 41 0 1 2989899546689.215
a 7 42 0 1 4663894467647.436
a 7 43 0 1 8723725764306.748
a 7 44 0 1 7296514156718.738
a 7 45 0 1 10314411558859.564
a 7 46 0 1 7518219107392.242
a 7 47 0 1 8716763268908.664
a 7 48 0 1 3277870804342.0815
a 7 49 0 1 7066323758222.885
a 7 50 0 1 5093620996620.417
a 7 51 0 1 3886369208168.248
a 7 52 0 1 6871920206859.381
a 7 53 0 1 2608437837579.9707
a 7 54 0 1 4906716768936.035
a 7 55 0 1 7041705477041.802
a 7 56 0 1 5801137441202.516
a 7 57 0 1 5412968842082.326
a 7 58 0 1 3896414389129.467
a 7 59 0 1 2368800185204.889
a 7 60 0 1 3425156547587.4355
a 7 61 0 1 3298142033989.666
a 7 62 0 1 3202883626669.3394
a 7 63 0 1 6921562003334.53
a 7 64 0 1 6644422301879.378
a 7 65 0 1 2859567672826.3237
a 7 66 0 1 5269557563215.301
a 7 67 0 1 5658540636211.498
a 7 68 0 1 10517517635497.365
a 7 69 0 1 4534706724114.84
a 7 70 0 1 8364791533537.548
a 7 71 0 1 10816971111841.146
a 7 72 0 1 11369560275447.438
a 7 73 0 1 6946811346451.516
a 7 74 0 1 2363152689534.4844
a 7 75 0 1 7144940172932.805
a 7 76 0 1 4383946786957.174
a 7 77 0 1 4776065583248.075
a 7 78 0 1 4900397712136.3955
a 7 79 0 1 6090578868949.942
a 7 80 0 1 2625492164978.804
a 7 81 0 1 9978400199197.326
a 8 39 0 1 6984955911732.062
a 8 40 0 1 3039708732230.344
a 8 41 0 1 3279736356716.3687
a 8 42 0 1 5116101684584.681
a 8 43 0 1 9570004689630.152
a 8 44 0 1 8004213250033.871
a 8 45 0 1 11315202270671.768
a 8 46 0 1 8247442098561.192
a 8 47 0 1 9562366026428.281
a 8 48 0 1 3595634715661.4526
a 8 49 0 1 7751676432013.743
a 8 50 0 1 5587520939915.48
a 8 51 0 1 4263151234108.91
a 8 52 0 1 7538401588120.437
a 8 53 0 1 2861284083877.141
a 8 54 0 1 5382482421514.039
a 8 55 0 1 7724668334672.649
a 8 56 0 1 6363691574576.709
a 8 57 0 1 5937855334142.739
a 8 58 0 1 4274170770879.8003
a 8 59 0 1 2598410451734.343
a 8 60 0 1 3757204835821.365
a 8 61 0 1 3617871900964.4946
a 8 62 0 1 3513375177356.368
a 8 63 0 1 7592862163510.834
a 8 64 0 1 7288821006590.298
a 8 65 0 1 3136765724423.653
a 8 66 0 1 5780528447592.501
a 8 67 0 1 6207256834440.839
a 8 68 0 1 11538041593212.354
a 8 69 0 1 4974380832958.1
a 8 70 0 1 9176213849637.92
a 8 71 0 1 11866591019398.785
a 8 72 0 1 12472877462872.584
a 8 73 0 1 7620562508843.933
a 8 74 0 1 2592215375044.887
a 8 75 0 1 7837924623560.065
a 8 76 0 1 4808995485280.924
a 8 77 0 1 5239155377231.791
a 8 78 0 1 5375550276300.866
a 8 79 0 1 6681222623750.733
a 8 80 0 1 2879992103211.7305
a 8 81 0 1 10946547164551.227
a 9 39 0 1 16852222509114.395
a 9 40 0 1 7329034609262.546
a 9 41 0 1 7908073171879.019
a 9 42 0 1 12339586273294.846
a 9 43 0 1 23098753368877.805
a 9 44 0 1 19314534609356.336
a 9 45 0 1 27318842128592.395
a 9 46 0 1 19902245471654.168
a 9 47 0 1 23080287486146.324
a 9 48 0 1 8670209902704.724
a 9 49 0 1 18704382337171.688
a 9 50 0 1 13477641596576.242
a 9 51 0 1 10280918623800.098
a 9 52 0 1 18189129748902.426
a 9 53 0 1 6898635304606.6045
a 9 54 0 1 12982635729666.596
a 9 55 0 1 18639131253838.51
a 9 56 0 1 15351779280339.008
a 9 57 0 1 14323498585228.512
a 9 58 0 1 10307511558777.893
a 9 59 0 1 6264572059608.317
a 9 60 0 1 9060044425363.553
a 9 61 0 1 8723862311030.2295
a 9 62 0 1 8471742908394.542
a 9 63 0 1 18320698130179.043
a 9 64 0 1 17586211296455.664
a 9 65 0 1 7563167804768.09
a 9 66 0 1 13943632288199.287
a 9 67 0 1 14974014622125.525
a 9 68 0 1 27857866473324.992
a 9 69 0 1 11997491482632.768
a 9 70 0 1 22146854181007.625
a 9 71 0 1 28652663777200.973
a 9 72 0 1 30119561625351.97
a 9 73 0 1 18387618804083.656
a 9 74 0 1 6249629904388.174
a 9 75 0 1 18912760282964.434
a 9 76 0 1 11598293784191.973
a 9 77 0 1 12636633892980.934
a 9 78 0 1 12965900658842.09
a 9 79 0 1 16118624739393.908
a 9 80 0 1 6943761970118.376
a 9 81 0 1 26427191243667.125
a 10 39 0 1 5183109795899.594
a 10 40 0 1 2255846750410.275
a 10 41 0 1 2433960134813.1514
a 10 42 0 1 3796557769044.054
a 10 43 0 1 7100771529159.677
a 10 44 0 1 5939258684432.182
a 10 45 0 1 8395241424475.584
a 10 46 0 1 6119694297488.676
a 10 47 0 1 7095105388544.529
a 10 48 0 1 2668369807573.582
a 10 49 0 1 5751915335627.842
a 10 50 0 1 4146330615790.501
a 10 51 0 1 3163680258376.248
a 10 52 0 1 5593696122523.645
a 10 53 0 1 2123444436444.347
a 10 54 0 1 3994202042520.5674
a 10 55 0 1 5731879328684.875
a 10 56 0 1 4722194556012.556
a 10 57 0 1 4406257348603.099
a 10 58 0 1 3171856807683.366
a 10 59 0 1 1928373107418.2595
a 10 60 0 1 2788259831889.7573
a 10 61 0 1 2684870554843.666
a 10 62 0 1 2607330244964.329
a 10 63 0 1 5634098215412.564
a 10 64 0 1 5408540734799.088
a 10 65 0 1 2327868555378.232
a 10 66 0 1 4289531072844.986
a 10 67 0 1 4606133134665.013
a 10 68 0 1 8560518936301.537
a 10 69 0 1 3691405066689.423
a 10 70 0 1 6808665459304.095
a 10 71 0 1 8804196491081.531
a 10 72 0 1 9253852703054.53
a 10 73 0 1 5654647928382.58
a 10 74 0 1 1923775873799.2869
a 10 75 0 1 5815898500604.875
a 10 76 0 1 3568692884994.549
a 10 77 0 1 3887859270490.785
a 10 78 0 1 3989058696721.5977
a 10 79 0 1 4957772573074.738
a 10 80 0 1 2137327029575.9448
a 10 81 0 1 8121809115733.851
a 11 39 0 1 9009577250731.3
a 11 40 0 1 3920266011160.8047
a 11 41 0 1 4229859847061.7783
a 11 42 0 1 6598615469796.921
a 11 43 0 1 12344979843629.809
a 11 44 0 1 10324622334203.617
a 11 45 0 1 14597076298957.473
a 11 46 0 1 10638449257253.59
a 11 47 0 1 12335123081121.266
a 11 48 0 1 4637321276479.123
a 11 49 0 1 9998791166866.629
a 11 50 0 1 7206753199987.869
a 11 51 0 1 5498345570185.919
a 11 52 0 1 9723621350756.916
a 11 53 0 1 3690132499810.4517
a 11 54 0 1 6942248161611.973
a 11 55 0 1 9963944771971.268
a 11 56 0 1 8208066378188.137
a 11 57 0 1 7658702090404.485
a 11 58 0 1 5512559905683.226
a 11 59 0 1 3351081018670.191
a 11 60 0 1 4845725781372.532
a 11 61 0 1 4666004228745.982
a 11 62 0 1 4531218001686.976
a 11 63 0 1 9793886679396.17
a 11 64 0 1 9401614406883.959
a 11 65 0 1 4045452031860.9233
a 11 66 0 1 7455741229993.02
a 11 67 0 1 8006250692572.833
a 11 68 0 1 14884659026351.473
a 11 69 0 1 6415797242244.136
a 11 70 0 1 11836847389132.973
a 11 71 0 1 15308672534089.074
a 11 72 0 1 16091147440894.969
a 11 73 0 1 9829625912725.775
a 11 74 0 1 3343090749524.298
a 11 75 0 1 10110070753761.695
a 11 76 0 1 6202454281199.578
a 11 77 0 1 6757354685614.213
a 11 78 0 1 6933305576713.174
a 11 79 0 1 8617718101315.107
a 11 80 0 1 3714262121343.137
a 11 81 0 1 14121322099933.408
a 12 39 0 1 16259892813580.77
a 12 40 0 1 7071702805902.427
a 12 41 0 1 7630392716398.445
a 12 42 0 1 11906086271779.152
a 12 43 0 1 22286303781140.754
a 12 44 0 1 18635472600957.246
a 12 45 0 1 26357508945645.848
a 12 46 0 1 19202474961952.074
a 12 47 0 1 22268489063136.66
a 12 48 0 1 8365742343802.747
a 12 49 0 1 18046816712307.51
a 12 50 0 1 13004100869408.883
a 12 51 0 1 9919823961727.8
a 12 52 0 1 17549714810854.912
a 12 53 0 1 6656426956372.708
a 12 54 0 1 12526512266376.996
a 12 55 0 1 17983864329075.816
a 12 56 0 1 14812277835857.523
a 12 57 0 1 13820191122347.877
a 12 58 0 1 9945481808473.36
a 12 59 0 1 6044640915646.536
a 12 60 0 1 8741873453941.231
a 12 61 0 1 8417508840067.1875
a 12 62 0 1 8174251379606.731
a 12 63 0 1 17676648659929.09
a 12 64 0 1 16968032593175.791
a 12 65 0 1 7297608375964.9
a 12 66 0 1 13453693474047.049
a 12 67 0 1 14447810903764.621
a 12 68 0 1 26877506602857.0
a 12 69 0 1 11576025581253.99
a 12 70 0 1 21367968053269.867
a 12 71 0 1 27644244691024.605
a 12 72 0 1 29059342736268.69
a 12 73 0 1 17741211982828.71
a 12 74 0 1 6030223700879.289
a 12 75 0 1 18247853585141.17
a 12 76 0 1 11190869574338.135
a 12 77 0 1 12192683704282.18
a 12 78 0 1 12510366001858.299
a 12 79 0 1 15552126069956.256
a 12 80 0 1 6699968020129.092
a 12 81 0 1 25497326894019.82
a 13 39 0 1 6357729395593.077
a 13 40 0 1 2766865534406.9883
a 13 41 0 1 2985340957073.9824
a 13 42 0 1 4656782230998.29
a 13 43 0 1 8710416249536.735
a 13 44 0 1 7285383920703.489
a 13 45 0 1 10298672305878.986
a 13 46 0 1 7506750386225.716
a 13 47 0 1 8703464387247.354
a 13 48 0 1 3272872990104.6313
a 13 49 0 1 7055544944150.341
a 13 50 0 1 5085853061877.463
a 13 51 0 1 3880443193569.0215
a 13 52 0 1 6861438165977.5205
a 13 53 0 1 2604461022977.5386
a 13 54 0 1 4899234029910.973
a 13 55 0 1 7030964245555.867
a 13 56 0 1 5792289801564.592
a 13 57 0 1 5404713588564.559
a 13 58 0 1 3890473050572.398
a 13 59 0 1 2365188820767.617
a 13 60 0 1 3419934076339.2417
a 13 61 0 1 3293113300213.106
a 13 62 0 1 3198000188503.3105
a 13 63 0 1 6911004181383.188
a 13 64 0 1 6634287538630.717
a 13 65 0 1 2855207860741.4136
a 13 66 0 1 5261521157022.824
a 13 67 0 1 5649910620443.278
a 13 68 0 1 10501468078392.986
a 13 69 0 1 4527791595879.948
a 13 70 0 1 8352030160191.818
a 13 71 0 1 10800464025259.033
a 13 72 0 1 11352208815313.334
a 13 73 0 1 6936214979587.406
a 13 74 0 1 2359549937350.5356
a 13 75 0 1 7134041340596.006
a 13 76 0 1 4377261673544.752
a 13 77 0 1 4768782196583.663
a 13 78 0 1 4892924615097.45
a 13 79 0 1 6081289476834.0625
a 13 80 0 1 2621489341564.1196
a 13 81 0 1 9963174270343.87
a 14 39 0 1 3695435082767.7446
a 14 40 0 1 1608521124009.3845
a 14 41 0 1 1735513838707.8198
a 14 42 0 1 2706980206796.04
a 14 43 0 1 5062361822795.658
a 14 44 0 1 4234445593185.7793
a 14 45 0 1 5984973743106.117
a 14 46 0 1 4363062697331.584
a 14 47 0 1 5058323201526.109
a 14 48 0 1 1902642856065.5808
a 14 49 0 1 4100902931642.94
a 14 50 0 1 2956337257696.4497
a 14 51 0 1 2255779959144.3506
a 14 52 0 1 3988119337455.2485
a 14 53 0 1 1514118887705.4426
a 14 54 0 1 2847883771579.7437
a 14 55 0 1 4086620705684.685
a 14 56 0 1 3366864666708.6904
a 14 57 0 1 3141638255150.852
a 14 58 0 1 2261609424053.3325
a 14 59 0 1 1375032429103.0498
a 14 60 0 1 1988120844789.181
a 14 61 0 1 1914407433777.0854
a 14 62 0 1 1859123219888.051
a 14 63 0 1 4016919322669.231
a 14 64 0 1 3856133298798.8857
a 14 65 0 1 1659871990337.4844
a 14 66 0 1 3058424832994.0215
a 14 67 0 1 3284126945004.926
a 14 68 0 1 6102766857623.674
a 14 69 0 1 2632014519049.6196
a 14 70 0 1 4854157148473.147
a 14 71 0 1 6276433253762.481
a 14 72 0 1 6596891093844.61
a 14 73 0 1 4031567827109.6807
a 14 74 0 1 1371754565744.4905
a 14 75 0 1 4146511793921.188
a 14 76 0 1 2544529631169.265
a 14 77 0 1 2772070644352.7397
a 14 78 0 1 2844217026602.9907
a 14 79 0 1 3534801278417.725
a 14 80 0 1 1524017151039.136
a 14 81 0 1 5790095987051.805
a 15 39 0 1 19462547334024.438
a 15 40 0 1 8462828049222.754
a 15 41 0 1 9131537440243.854
a 15 42 0 1 14249779082733.336
a 15 43 0 1 26679610530285.684
a 15 44 0 1 22307239787419.17
a 15 45 0 1 31556293990241.484
a 15 46 0 1 22986255188769.89
a 15 47 0 1 26658273199639.824
a 15 48 0 1 10011720920262.854
a 15 49 0 1 21602311665590.957
a 15 50 0 1 15564323574321.457
a 15 51 0 1 11871989754442.842
a 15 52 0 1 21007036114798.52
a 15 53 0 1 7965785371913.463
a 15 54 0 1 14992545829207.416
a 15 55 0 1 21526925946048.59
a 15 56 0 1 17729218238022.94
a 15 57 0 1 16541390341941.459
a 15 58 0 1 11902703844732.727
a 15 59 0 1 7233557160546.87
a 15 60 0 1 10461945849778.43
a 15 61 0 1 10073684408671.287
a 15 62 0 1 9782511227880.273
a 15 63 0 1 21159037104434.77
a 15 64 0 1 20310493395861.89
a 15 65 0 1 8733217819286.145
a 15 66 0 1 16102595334345.09
a 15 67 0 1 17292834850019.525
a 15 68 0 1 32179237109417.242
a 15 69 0 1 13854642809116.97
a 15 70 0 1 25579709235215.164
a 15 71 0 1 33097795528202.805
a 15 72 0 1 34793178746663.535
a 15 73 0 1 21236350853086.918
a 15 74 0 1 7216301877079.592
a 15 75 0 1 21843055534373.918
a 15 76 0 1 13393555975438.592
a 15 77 0 1 14592887577616.197
a 15 78 0 1 14973215444926.416
a 15 79 0 1 18615075227787.668
a 15 80 0 1 8017899128493.848
a 15 81 0 1 30525851586420.04
a 16 39 0 1 19195698410512.367
a 16 40 0 1 8346940025273.204
a 16 41 0 1 9006482764828.658
a 16 42 0 1 14054517557578.701
a 16 43 0 1 26313509063593.77
a 16 44 0 1 22001288699008.406
a 16 45 0 1 31123033860485.99
a 16 46 0 1 22670966853017.547
a 16 47 0 1 26292465414055.953
a 16 48 0 1 9874598589644.875
a 16 49 0 1 21306052631265.234
a 16 50 0 1 15351017285720.479
a 16 51 0 1 11709354482145.21
a 16 52 0 1 20718960313561.254
a 16 53 0 1 7856709894590.931
a 16 54 0 1 14787089000563.857
a 16 55 0 1 21231703297865.848
a 16 56 0 1 17486182678445.617
a 16 57 0 1 16314668359075.57
a 16 58 0 1 11739647248888.629
a 16 59 0 1 7134516319709.538
a 16 60 0 1 10318649829045.693
a 16 61 0 1 9935712443825.203
a 16 62 0 1 9648531682901.45
a 16 63 0 1 20868871855846.1
a 16 64 0 1 20031991539661.984
a 16 65 0 1 8613623466831.023
a 16 66 0 1 15881898630058.371
a 16 67 0 1 17055793072312.854
a 16 68 0 1 31737392834761.43
a 16 69 0 1 13664804270060.678
a 16 70 0 1 25228744651462.51
a 16 71 0 1 32643291319533.71
a 16 72 0 1 34315301162423.79
a 16 73 0 1 20945122800802.88
a 16 74 0 1 7117497486790.193
a 16 75 0 1 21543486687961.125
a 16 76 0 1 13210044935437.451
a 16 77 0 1 14392916718736.076
a 16 78 0 1 14768023969201.57
a 16 79 0 1 18359870481771.367
a 16 80 0 1 7908109407755.277
a 16 81 0 1 30106788268926.305
a 17 39 0 1 7052937525916.932
a 17 40 0 1 3069279360610.3843
a 17 41 0 1 3311642891207.669
a 17 42 0 1 5165883713930.635
a 17 43 0 1 9663173490655.041
a 17 44 0 1 8082124097413.578
a 17 45 0 1 11425383806909.49
a 17 46 0 1 8327722740433.026
a 17 47 0 1 9655460378533.055
a 17 48 0 1 3630615715428.6836
a 17 49 0 1 7827126938550.615
a 17 50 0 1 5641893076331.6875
a 17 51 0 1 4304629548381.1113
a 17 52 0 1 7611774376250.24
a 17 53 0 1 2889118399809.2505
a 17 54 0 1 5434858080513.749
a 17 55 0 1 7799855723276.061
a 17 56 0 1 6425622212319.058
a 17 57 0 1 5995638926467.99
a 17 58 0 1 4315756352975.2026
a 17 59 0 1 2623686783948.23
a 17 60 0 1 3793758396136.9736
a 17 61 0 1 3653069331553.9424
a 17 62 0 1 3547555568459.6367
a 17 63 0 1 7666765495462.798
a 17 64 0 1 7359762517512.04
a 17 65 0 1 3167280878474.8306
a 17 66 0 1 5836780001418.834
a 17 67 0 1 6267663970358.663
a 17 68 0 1 11650395934330.617
a 17 69 0 1 5022783055455.843
a 17 70 0 1 9265544808096.514
a 17 71 0 1 11982149101890.902
a 17 72 0 1 12594348190200.107
a 17 73 0 1 7694735694489.371
a 17 74 0 1 2617431425786.907
a 17 75 0 1 7914215387164.948
a 17 76 0 1 4855787558770.104
a 17 77 0 1 5290135505179.384
a 17 78 0 1 5427858438077.484
a 17 79 0 1 6746245834076.508
a 17 80 0 1 2908008470020.7207
a 17 81 0 1 11053134359686.342
a 18 39 0 1 16290728065914.818
a 18 40 0 1 7085099367399.394
a 18 41 0 1 7644848586169.156
a 18 42 0 1 11928653625293.979
a 18 43 0 1 22328596927053.035
a 18 44 0 1 18670822593269.74
a 18 45 0 1 26407551612396.04
a 18 46 0 1 19238902896260.426
a 18 47 0 1 22310748314804.992
a 18 48 0 1 8381592686984.312
a 18 49 0 1 18081047745745.4
a 18 50 0 1 13028752574733.2
a 18 51 0 1 9938622151474.506
a 18 52 0 1 17583001036068.38
a 18 53 0 1 6669036219376.102
a 18 54 0 1 12550257304420.686
a 18 55 0 1 18017975707151.23
a 18 56 0 1 14840363139044.516
a 18 57 0 1 13846392346962.57
a 18 58 0 1 9964328675958.775
a 18 59 0 1 6056090464761.269
a 18 60 0 1 8758437161297.667
a 18 61 0 1 8433457359073.507
a 18 62 0 1 8189738567902.946
a 18 63 0 1 17710176129490.027
a 18 64 0 1 17000213391595.738
a 18 65 0 1 7311433251002.634
a 18 66 0 1 13479198789569.451
a 18 67 0 1 14475203995231.344
a 18 68 0 1 26928539607121.27
a 18 69 0 1 11597966486557.568
a 18 70 0 1 21408514157062.555
a 18 71 0 1 27696738167643.316
a 18 72 0 1 29114532350994.09
a 18 73 0 1 17774862161035.625
a 18 74 0 1 6041645922406.063
a 18 75 0 1 18282466746643.062
a 18 76 0 1 11212079521991.066
a 18 77 0 1 12215795052356.682
a 18 78 0 1 12534080389136.582
a 18 79 0 1 15581616704638.113
a 18 80 0 1 6712659826684.813
a 18 81 0 1 25545731601571.965
a 19 39 0 1 15712721956369.781
a 19 40 0 1 6833972177722.982
a 19 41 0 1 7373864565814.21
a 19 42 0 1 11505621947454.21
a 19 43 0 1 21535831416946.92
a 19 44 0 1 18008193896090.145
a 19 45 0 1 25469539758339.848
a 19 46 0 1 18556069890677.43
a 19 47 0 1 21518618081828.715
a 19 48 0 1 8084469265786.569
a 19 49 0 1 17439392247246.406
a 19 50 0 1 12566651077012.17
a 19 51 0 1 9586241843436.45
a 19 52 0 1 16959054619294.938
a 19 53 0 1 6432667067797.656
a 19 54 0 1 12105150654671.922
a 19 55 0 1 17378562973860.459
a 19 56 0 1 14313901806669.254
a 19 57 0 1 13355246332930.965
a 19 58 0 1 9611035917506.58
a 19 59 0 1 5841460424801.511
a 19 60 0 1 8447941787865.669
a 19 61 0 1 8134493637864.135
a 19 62 0 1 7899422469843.524
a 19 63 0 1 17081707925229.836
a 19 64 0 1 16396986709151.889
a 19 65 0 1 7052277274402.868
a 19 66 0 1 13001097019548.092
a 19 67 0 1 13961717502692.24
a 19 68 0 1 25971966562236.98
a 19 69 0 1 11186677238283.24
a 19 70 0 1 20648493433166.773
a 19 71 0 1 26712792666409.832
a 19 72 0 1 28080055735038.043
a 19 73 0 1 17144093956739.047
a 19 74 0 1 5827528145790.331
a 19 75 0 1 17633648822378.1
a 19 76 0 1 10814491713647.71
a 19 77 0 1 11782566518000.463
a 19 78 0 1 12089548267773.564
a 19 79 0 1 15028813904161.191
a 19 80 0 1 6474743380576.717
a 19 81 0 1 24638419015277.215
a 20 39 0 1 18585999862666.324
a 20 40 0 1 8082143027742.106
a 20 41 0 1 8720741523816.539
a 20 42 0 1 13608370390436.271
a 20 43 0 1 25477068907718.63
a 20 44 0 1 21302259549394.28
a 20 45 0 1 30133179952316.38
a 20 46 0 1 21950606745185.383
a 20 47 0 1 25456696145121.707
a 20 48 0 1 9561285025181.047
a 20 49 0 1 20629165155830.27
a 20 50 0 1 14863643508868.83
a 20 51 0 1 11337749470758.34
a 20 52 0 1 20060767709610.56
a 20 53 0 1 7607478504422.687
a 20 54 0 1 14317648702053.295
a 20 55 0 1 20557183475064.668
a 20 56 0 1 16930888093841.545
a 20 57 0 1 15796644304483.934
a 20 58 0 1 11367079615526.299
a 20 59 0 1 6908212656168.387
a 20 60 0 1 9991230640615.666
a 20 61 0 1 9620457634360.312
a 20 62 0 1 9342398768550.564
a 20 63 0 1 20205905828082.29
a 20 64 0 1 19395671082334.797
a 20 65 0 1 8340358119954.567
a 20 66 0 1 15377640239929.574
a 20 67 0 1 16514192024037.418
a 20 68 0 1 30727930314641.863
a 20 69 0 1 13231047030676.223
a 20 70 0 1 24426883478666.066
a 20 71 0 1 31604910166027.746
a 20 72 0 1 33223529772505.996
a 20 73 0 1 20279728759515.797
a 20 74 0 1 6891734081440.981
a 20 75 0 1 20859037868249.668
a 20 76 0 1 12790744234036.012
a 20 77 0 1 13936010150777.85
a 20 78 0 1 14299189918184.107
a 20 79 0 1 17776774075943.176
a 20 80 0 1 7657246078923.659
a 20 81 0 1 29149364169870.2
a 21 39 0 1 16533598826444.402
a 21 40 0 1 7190614154847.308
a 21 41 0 1 7758706883150.843
a 21 42 0 1 12106401611322.865
a 21 43 0 1 22661718533462.793
a 21 44 0 1 18949254533346.457
a 21 45 0 1 26801715375908.914
a 21 46 0 1 19525825493195.055
a 21 47 0 1 22643602941954.434
a 21 48 0 1 8506434407445.717
a 21 49 0 1 18350665969923.16
a 21 50 0 1 13222918022815.037
a 21 51 0 1 10086682379095.916
a 21 52 0 1 17845177294414.71
a 21 53 0 1 6768349960108.899
a 21 54 0 1 12737281350785.729
a 21 55 0 1 18286651441790.344
a 21 56 0 1 15061573580310.236
a 21 57 0 1 14052762677391.494
a 21 58 0 1 10112772311553.473
a 21 59 0 1 6146269899065.353
a 21 60 0 1 8888897631930.04
a 21 61 0 1 8559072352302.527
a 21 62 0 1 8311719934004.106
a 21 63 0 1 17974252594518.215
a 21 64 0 1 17253682558946.55
a 21 65 0 1 7420321594470.566
a 21 66 0 1 13680087745191.87
a 21 67 0 1 14690962163273.865
a 21 68 0 1 27330504224298.332
a 21 69 0 1 11770780247380.182
a 21 70 0 1 21727874630784.74
a 21 71 0 1 28110206902858.5
a 21 72 0 1 29549238614407.58
a 21 73 0 1 18039905164256.473
a 21 74 0 1 6131610115471.458
a 21 75 0 1 18555094880957.855
a 21 76 0 1 11379135896007.955
a 21 77 0 1 12397827821758.307
a 21 78 0 1 12720863013736.535
a 21 79 0 1 15813896400424.602
a 21 80 0 1 6812623709724.566
a 21 81 0 1 25926993252892.04
a 22 39 0 1 14704350909374.744
a 22 40 0 1 6395818430376.252
a 22 41 0 1 6901068612658.49
a 22 42 0 1 10767578219779.8
a 22 43 0 1 20152891796584.57
a 22 44 0 1 16852223884656.348
a 22 45 0 1 23833300266434.19
a 22 46 0 1 17364860632624.592
a 22 47 0 1 20136786393186.12
a 22 48 0 1 7566071204342.204
a 22 49 0 1 16320003014565.701
a 22 50 0 1 11760454000841.764
a 22 51 0 1 8971446556023.912
a 22 52 0 1 15870553375018.508
a 22 53 0 1 6020260459729.976
a 22 54 0 1 11328599164823.668
a 22 55 0 1 16263085528833.924
a 22 56 0 1 13395439178380.775
a 22 57 0 1 12498385126559.604
a 22 58 0 1 8994648862394.887
a 22 59 0 1 5466980700102.7295
a 22 60 0 1 7906215662996.152
a 22 61 0 1 7612885066012.219
a 22 62 0 1 7392900212003.35
a 22 63 0 1 15985319795367.215
a 22 64 0 1 15344625039688.463
a 22 65 0 1 6600116461528.99
a 22 66 0 1 12166989572573.672
a 22 67 0 1 13065887062895.156
a 22 68 0 1 24303359274788.215
a 22 69 0 1 10469117319982.26
a 22 70 0 1 19322661732402.86
a 22 71 0 1 24996452815724.57
a 22 72 0 1 26275601020181.254
a 22 73 0 1 16043694183677.21
a 22 74 0 1 5453942141546.874
a 22 75 0 1 16501767062472.545
a 22 76 0 1 10120833147149.232
a 22 77 0 1 11026735243371.814
a 22 78 0 1 11313998983148.145
a 22 79 0 1 14064404067791.432
a 22 80 0 1 6059637323314.025
a 22 81 0 1 23055715047811.605
a 23 39 0 1 20681561247639.027
a 23 40 0 1 8992174169929.213
a 23 41 0 1 9702757778983.627
a 23 42 0 1 15141727938372.275
a 23 43 0 1 28352134355898.74
a 23 44 0 1 23704914467542.133
a 23 45 0 1 33535715437570.05
a 23 46 0 1 24426593787447.176
a 23 47 0 1 28329455037021.324
a 23 48 0 1 10638068314474.102
a 23 49 0 1 22955701778133.258
a 23 50 0 1 16538711646163.664
a 23 51 0 1 12614887316169.62
a 23 52 0 1 22323036136221.65
a 23 53 0 1 8464011389300.187
a 23 54 0 1 15931072663072.697
a 23 55 0 1 22875580674733.52
a 23 56 0 1 18839431468933.266
a 23 57 0 1 17577070523866.19
a 23 58 0 1 12647526160846.629
a 23 59 0 1 7685944878581.392
a 23 60 0 1 11116496016734.887
a 23 61 0 1 10703913105450.205
a 23 62 0 1 10394501772598.373
a 23 63 0 1 22484584003078.547
a 23 64 0 1 21582749508494.957
a 23 65 0 1 9279494775126.041
a 23 66 0 1 17110747772982.225
a 23 67 0 1 18375663663552.973
a 23 68 0 1 34197887771445.734
a 23 69 0 1 14721816610285.863
a 23 70 0 1 27183065093145.004
a 23 71 0 1 35174302393859.48
a 23 72 0 1 36976504970427.42
a 23 73 0 1 22566753809435.207
a 23 74 0 1 7667609494241.553
a 23 75 0 1 23211568653447.64
a 23 76 0 1 14231822648704.785
a 23 77 0 1 15506351287860.639
a 23 78 0 1 15910529987156.62
a 23 79 0 1 19780887739485.383
a 23 80 0 1 8519387837975.826
a 23 81 0 1 32440395091114.684
a 24 39 0 1 4334832413819.3047
a 24 40 0 1 1886754737530.5837
a 24 41 0 1 2035719139964.8018
a 24 42 0 1 3175289028514.4536
a 24 43 0 1 5938431432188.086
a 24 44 0 1 4967157786823.904
a 24 45 0 1 7020835529249.034
a 24 46 0 1 5118043417140.643
a 24 47 0 1 5933693427676.249
a 24 48 0 1 2231765189702.152
a 24 49 0 1 4810494615926.448
a 24 50 0 1 3467802189764.4126
a 24 51 0 1 2646007148931.1777
a 24 52 0 1 4678185221050.502
a 24 53 0 1 1776019954531.5576
a 24 54 0 1 3340578351395.794
a 24 55 0 1 4793739728855.31
a 24 56 0 1 3949385721368.4204
a 24 57 0 1 3685175028446.9478
a 24 58 0 1 2652845360529.1733
a 24 59 0 1 1612870883215.1855
a 24 60 0 1 2332033273712.9355
a 24 61 0 1 2245565349857.518
a 24 62 0 1 2180715564080.114
a 24 63 0 1 4711971183140.091
a 24 64 0 1 4523349689899.338
a 24 65 0 1 1946990000708.3042
a 24 66 0 1 3587558853492.1777
a 24 67 0 1 3852326709938.7803
a 24 68 0 1 7159032741058.148
a 24 69 0 1 3087349631877.2812
a 24 70 0 1 5694172165232.69
a 24 71 0 1 7362782776307.843
a 24 72 0 1 7738756143218.819
a 24 73 0 1 4729155714333.212
a 24 74 0 1 1609025944952.7578
a 24 75 0 1 4863999738403.684
a 24 76 0 1 2984724769951.65
a 24 77 0 1 3251644357880.334
a 24 78 0 1 3336277002082.602
a 24 79 0 1 4146391906767.05
a 24 80 0 1 1787630698518.3376
a 24 81 0 1 6792202516926.157
a 25 39 0 1 6996049400186.4
a 25 40 0 1 3044534193384.528
a 25 41 0 1 3284942999813.358
a 25 42 0 1 5124225312460.847
a 25 43 0 1 9585208278465.377
a 25 44 0 1 8016927014916.065
a 25 45 0 1 11333182023659.973
a 25 46 0 1 8260542571815.799
a 25 47 0 1 9577557466554.2
a 25 48 0 1 3601343061299.688
a 25 49 0 1 7763988712780.497
a 25 50 0 1 5596393595642.277
a 25 51 0 1 4269919834426.567
a 25 52 0 1 7550374821838.552
a 25 53 0 1 2865826206926.3066
a 25 54 0 1 5391029285970.704
a 25 55 0 1 7736937679234.777
a 25 56 0 1 6373797648454.011
a 25 57 0 1 5947284681353.91
a 25 58 0 1 4280956875528.2144
a 25 59 0 1 2602535153047.032
a 25 60 0 1 3763169797554.507
a 25 61 0 1 3623615564567.9727
a 25 62 0 1 3518952876760.0635
a 25 63 0 1 7604921972649.853
a 25 64 0 1 7300397498519.36
a 25 65 0 1 3141745316849.2593
a 25 66 0 1 5789707792267.089
a 25 67 0 1 6217114299020.635
a 25 68 0 1 11556375907168.19
a 25 69 0 1 4982279299561.636
a 25 70 0 1 9190791172195.035
a 25 71 0 1 11885448123535.1
a 25 72 0 1 12492699398305.365
a 25 73 0 1 7632666353354.924
a 25 74 0 1 2596330239389.299
a 25 75 0 1 7850374019443.319
a 25 76 0 1 4816631202568.222
a 25 77 0 1 5247474514602.691
a 25 78 0 1 5384086126352.328
a 25 79 0 1 6691833352066.674
a 25 80 0 1 2884563934023.6743
a 25 81 0 1 10963940388218.426
a 26 39 0 1 12213571943986.566
a 26 40 0 1 5313287585449.78
a 26 41 0 1 5732964672144.831
a 26 42 0 1 8944338341128.713
a 26 43 0 1 16737401367398.467
a 26 44 0 1 13997028799858.82
a 26 45 0 1 19792635723645.77
a 26 46 0 1 14422667567373.973
a 26 47 0 1 16724030748627.46
a 26 48 0 1 6285324654086.657
a 26 49 0 1 13555120449519.344
a 26 50 0 1 9768904466593.791
a 26 51 0 1 7452600945393.593
a 26 52 0 1 13181930729081.162
a 26 53 0 1 5001331672403.395
a 26 54 0 1 9410260438028.424
a 26 55 0 1 13507860743772.812
a 26 56 0 1 11126661669806.256
a 26 57 0 1 10381722772594.977
a 26 58 0 1 7471871773927.082
a 26 59 0 1 4541743455049.531
a 26 60 0 1 6567847619328.953
a 26 61 0 1 6324208329363.675
a 26 62 0 1 6141487908264.205
a 26 63 0 1 13277224894587.385
a 26 64 0 1 12745230439074.248
a 26 65 0 1 5482985110918.102
a 26 66 0 1 10106515990605.19
a 26 67 0 1 10852995362768.994
a 26 68 0 1 20182816286619.02
a 26 69 0 1 8696465490882.903
a 26 70 0 1 16048137890092.05
a 26 71 0 1 20758117406063.59
a 26 72 0 1 21819831229928.59
a 26 73 0 1 13325694819764.307
a 26 74 0 1 4530912706338.935
a 26 75 0 1 13706042002984.979
a 26 76 0 1 8407210582841.465
a 26 77 0 1 9159566838836.201
a 26 78 0 1 9398135267337.271
a 26 79 0 1 11682171930843.271
a 26 80 0 1 5034040140626.033
a 26 81 0 1 19147171987584.7
a 27 39 0 1 3585367012288.793
a 27 40 0 1 1560622692008.0947
a 27 41 0 1 1683833093195.0193
a 27 42 0 1 2626362043461.462
a 27 43 0 1 4911556983195.437
a 27 44 0 1 4108315567421.586
a 27 45 0 1 5806666448187.243
a 27 46 0 1 4233099729173.465
a 27 47 0 1 4907638738112.225
a 27 48 0 1 1845984225716.6743
a 27 49 0 1 3978752519194.422
a 27 50 0 1 2868290393339.5405
a 27 51 0 1 2188602640787.5073
a 27 52 0 1 3869329819112.091
a 27 53 0 1 1469032034501.3672
a 27 54 0 1 2763067941599.242
a 27 55 0 1 3964895901034.064
a 27 56 0 1 3266586705740.212
a 27 57 0 1 3048070742635.9443
a 27 58 0 1 2194258459877.945
a 27 59 0 1 1334087875430.3132
a 27 60 0 1 1928916207787.0151
a 27 61 0 1 1857398392205.9985
a 27 62 0 1 1803760826012.3005
a 27 63 0 1 3897271587374.536
a 27 64 0 1 3741276790170.599
a 27 65 0 1 1610444152221.2134
a 27 66 0 1 2967336515251.715
a 27 67 0 1 3186314130328.171
a 27 68 0 1 5920947819264.028
a 27 69 0 1 2553629609216.7666
a 27 70 0 1 4709557969559.319
a 27 71 0 1 6089436564017.239
a 27 72 0 1 6400339817867.397
a 27 73 0 1 3911483575760.498
a 27 74 0 1 1330907632472.9082
a 27 75 0 1 4023002236381.8633
a 27 76 0 1 2468750878803.9985
a 27 77 0 1 2689513384265.1104
a 27 78 0 1 2759510434519.4673
a 27 79 0 1 3429519554969.6113
a 27 80 0 1 1478635500956.6335
a 27 81 0 1 5617598342246.762
a 28 39 0 1 4456970858370.831
a 28 40 0 1 1939900623796.6929
a 28 41 0 1 2093062049269.3362
a 28 42 0 1 3264743842266.5205
a 28 43 0 1 6105784730254.2
a 28 44 0 1 5107123139249.831
a 28 45 0 1 7218717847067.638
a 28 46 0 1 5262263024948.298
a 28 47 0 1 6100913108344.165
a 28 48 0 1 2294631857555.154
a 28 49 0 1 4946042974680.717
a 28 50 0 1 3565501120198.547
a 28 51 0 1 2720546267595.1636
a 28 52 0 1 4810003349108.273
a 28 53 0 1 1826046020620.5752
a 28 54 0 1 3434691567308.308
a 28 55 0 1 4928815706574.028
a 28 56 0 1 4060658723588.7397
a 28 57 0 1 3789000709569.2925
a 28 58 0 1 2727577174948.4517
a 28 59 0 1 1658300568211.0295
a 28 60 0 1 2397725176321.6094
a 28 61 0 1 2308820858222.264
a 28 62 0 1 2242143842094.729
a 28 63 0 1 4844741835870.226
a 28 64 0 1 4650802650842.258
a 28 65 0 1 2001832977875.8513
a 28 66 0 1 3688633140056.159
a 28 67 0 1 3960863850419.938
a 28 68 0 1 7360813450487.937
a 28 69 0 1 3174326095614.0757
a 28 70 0 1 5854637254918.541
a 28 71 0 1 7570311283182.79
a 28 72 0 1 7956891603182.511
a 28 73 0 1 4862410851970.711
a 28 74 0 1 1654347309060.8115
a 28 75 0 1 5001056613167.937
a 28 76 0 1 3068809076130.4243
a 28 77 0 1 3343251095788.5063
a 28 78 0 1 3430268989373.4873
a 28 79 0 1 4263218236178.143
a 28 80 0 1 1837983879605.5945
a 28 81 0 1 6983635628553.477
a 29 39 0 1 11596696265266.307
a 29 40 0 1 5045129694124.301
a 29 41 0 1 5443612695850.632
a 29 42 0 1 8492744606220.693
a 29 43 0 1 15891620502847.266
a 29 44 0 1 13289937463833.633
a 29 45 0 1 18792132278279.43
a 29 46 0 1 13694040216034.56
a 29 47 0 1 15878926769260.992
a 29 48 0 1 5968075018455.384
a 29 49 0 1 12870386199617.021
a 29 50 0 1 9275634457725.857
a 29 51 0 1 7076385418903.723
a 29 52 0 1 12516075261158.361
a 29 53 0 1 4748926586192.258
a 29 54 0 1 8935118396801.826
a 29 55 0 1 12825517335359.908
a 29 56 0 1 10564749790087.43
a 29 57 0 1 9857474051446.865
a 29 58 0 1 7094682639926.666
a 29 59 0 1 4312544189683.737
a 29 60 0 1 6236327491536.841
a 29 61 0 1 6004994696205.792
a 29 62 0 1 5831503258992.477
a 29 63 0 1 12606548867497.188
a 29 64 0 1 12101464646486.426
a 29 65 0 1 5206257570198.603
a 29 66 0 1 9596179821125.027
a 29 67 0 1 10304920414538.139
a 29 68 0 1 19162545951484.062
a 29 69 0 1 8257398593462.208
a 29 70 0 1 15237248288181.291
a 29 71 0 1 19708698735609.49
a 29 72 0 1 20716609903662.04
a 29 73 0 1 12652566850179.396
a 29 74 0 1 4302260285909.426
a 29 75 0 1 13013672552600.047
a 29 76 0 1 7982761004259.686
a 29 77 0 1 8697095474946.297
a 29 78 0 1 8923606078343.291
a 29 79 0 1 11092170169631.225
a 29 80 0 1 4779983428735.611
a 29 81 0 1 18179364600435.617
a 30 39 0 1 18294064381269.05
a 30 40 0 1 7955345647921.72
a 30 41 0 1 8583915533304.377
a 30 42 0 1 13394740531602.967
a 30 43 0 1 25076580609676.17
a 30 44 0 1 20967555934824.12
a 30 45 0 1 29659249389799.375
a 30 46 0 1 21605690862294.785
a 30 47 0 1 25056529022644.156
a 30 48 0 1 9411256847922.256
a 30 49 0 1 20305062021042.168
a 30 50 0 1 14630274638613.0
a 30 51 0 1 11159810576464.402
a 30 52 0 1 19745614936180.34
a 30 53 0 1 7488134360468.466
a 30 54 0 1 14092866221328.586
a 30 55 0 1 20234213875094.098
a 30 56 0 1 16664999821766.566
a 30 57 0 1 15548600475917.072
a 30 58 0 1 11188679809726.973
a 30 59 0 1 6799847002834.612
a 30 60 0 1 9834448452921.666
a 30 61 0 1 9469499954361.299
a 30 62 0 1 9195808820022.09
a 30 63 0 1 19888467723654.137
a 30 64 0 1 19090989895625.266
a 30 65 0 1 8209505880895.617
a 30 66 0 1 15136187215305.865
a 30 67 0 1 16254859938700.416
a 30 68 0 1 30244612989698.223
a 30 69 0 1 13023349436458.428
a 30 70 0 1 24042949368638.113
a 30 71 0 1 31107749428841.234
a 30 72 0 1 32700811371994.36
a 30 73 0 1 19961128217394.207
a 30 74 0 1 6783627121142.506
a 30 75 0 1 20531314678561.1
a 30 76 0 1 12589968423577.652
a 30 77 0 1 13717228739615.38
a 30 78 0 1 14074697704269.867
a 30 79 0 1 17497574951246.867
a 30 80 0 1 7537120516530.747
a 30 81 0 1 28690958092782.598
a 31 39 0 1 12275735967117.768
a 31 40 0 1 5340309297025.529
a 31 41 0 1 5762122145787.0625
a 31 42 0 1 8989845558090.408
a 31 43 0 1 16822635180870.586
a 31 44 0 1 14068284883140.924
a 31 45 0 1 19893463727479.195
a 31 46 0 1 14496094111146.234
a 31 47 0 1 16809196341490.871
a 31 48 0 1 6317293437268.622
a 31 49 0 1 13624123335007.92
a 31 50 0 1 9818611674957.969
a 31 51 0 1 7490511918719.309
a 31 52 0 1 13249030978090.924
a 31 53 0 1 5026765955876.091
a 31 54 0 1 9458140766774.443
a 31 55 0 1 13576622675595.023
a 31 56 0 1 11183286466298.693
a 31 57 0 1 10434551937670.982
a 31 58 0 1 7509880861685.348
a 31 59 0 1 4564839273087.372
a 31 60 0 1 6601254479614.197
a 31 61 0 1 6356375029718.764
a 31 62 0 1 6172724580604.531
a 31 63 0 1 13344810967068.781
a 31 64 0 1 12810104463750.504
a 31 65 0 1 5510870398479.427
a 31 66 0 1 10157943080681.791
a 31 67 0 1 10908225691764.633
a 31 68 0 1 20285636601184.684
a 31 69 0 1 8740710304963.732
a 31 70 0 1 16129855165033.338
a 31 71 0 1 20863875608280.36
a 31 72 0 1 21931012308545.785
a 31 73 0 1 13393528003061.03
a 31 74 0 1 4553953418627.8955
a 31 75 0 1 13775814379841.322
a 31 76 0 1 8449982329042.223
a 31 77 0 1 9206170261518.186
a 31 78 0 1 9445953834907.2
a 31 79 0 1 11741627603162.197
a 31 80 0 1 5059640860001.193
a 31 81 0 1 19244704567839.047
a 32 39 0 1 18501007663950.16
a 32 40 0 1 8045228560167.09
a 32 41 0 1 8680907398448.196
a 32 42 0 1 13546175979216.611
a 32 43 0 1 25360472314524.133
a 32 44 0 1 21204815774228.766
a 32 45 0 1 29995200839126.766
a 32 46 0 1 21850189742523.254
a 32 47 0 1 25340193060776.27
a 32 48 0 1 9517607302560.291
a 32 49 0 1 20534807627857.64
a 32 50 0 1 14795702337426.484
a 32 51 0 1 11285945979482.574
a 32 52 0 1 19969016005534.92
a 32 53 0 1 7572733915387.513
a 32 54 0 1 14252207350165.953
a 32 55 0 1 20463155966616.016
a 32 56 0 1 16853479274915.969
a 32 57 0 1 15724430694989.416
a 32 58 0 1 11315141936765.242
a 32 59 0 1 6876664256787.84
a 32 60 0 1 9945586596906.064
a 32 61 0 1 9576509302152.838
a 32 62 0 1 9299722029879.854
a 32 63 0 1 20113488769094.652
a 32 64 0 1 19306968089541.965
a 32 65 0 1 8302263150317.362
a 32 66 0 1 15307345465196.7
a 32 67 0 1 16438691967047.48
a 32 68 0 1 30587218252060.527
a 32 69 0 1 13170579718659.33
a 32 70 0 1 24315106557890.492
a 32 71 0 1 31460167595900.52
a 32 72 0 1 33071346068334.625
a 32 73 0 1 20186973266469.86
a 32 74 0 1 6860260995806.078
a 32 75 0 1 20763626390065.08
a 32 76 0 1 12732292104322.652
a 32 77 0 1 13872315932900.111
a 32 78 0 1 14233833073773.898
a 32 79 0 1 17695489941830.9
a 32 80 0 1 7622273993777.024
a 32 81 0 1 29015904990692.547
a 33 39 0 1 9319277111377.69
a 33 40 0 1 4054941590965.9365
a 33 41 0 1 4375176473980.8657
a 33 42 0 1 6825374549740.839
a 33 43 0 1 12769501217608.582
a 33 44 0 1 10679581839666.768
a 33 45 0 1 15099177888277.918
a 33 46 0 1 11004211776829.719
a 33 47 0 1 12759305000821.375
a 33 48 0 1 4796643952690.434
a 33 49 0 1 10342535284782.54
a 33 50 0 1 7454428658532.408
a 33 51 0 1 5687269503600.176
a 33 52 0 1 10057894566078.438
a 33 53 0 1 3816898671032.202
a 33 54 0 1 7180825822641.236
a 33 55 0 1 10306489498683.236
a 33 56 0 1 8490187751179.736
a 33 57 0 1 7921923908124.491
a 33 58 0 1 5701972566374.86
a 33 59 0 1 3466195193119.3677
a 33 60 0 1 5012212664165.076
a 33 61 0 1 4826312901865.957
a 33 62 0 1 4686893360821.844
a 33 63 0 1 10130578255326.201
a 33 64 0 1 9724805449165.871
a 33 65 0 1 4184430284833.213
a 33 66 0 1 7711981293665.236
a 33 67 0 1 8281428795570.995
a 33 68 0 1 15396670261785.895
a 33 69 0 1 6636269037420.63
a 33 70 0 1 12243870370444.186
a 33 71 0 1 15835295842934.803
a 33 72 0 1 16644739758001.05
a 33 73 0 1 10167547561110.604
a 33 74 0 1 3457930338113.241
a 33 75 0 1 10457645112395.355
a 33 76 0 1 6415589364460.025
a 33 77 0 1 6989573173320.509
a 33 78 0 1 7171575662592.039
a 33 79 0 1 8913934164914.709
a 33 80 0 1 3841857577932.4375
a 33 81 0 1 14607031442018.354
a 34 39 0 1 10743451588195.482
a 34 40 0 1 4674185931509.926
a 34 41 0 1 5043353407873.375
a 34 42 0 1 7868084829710.991
a 34 43 0 1 14721834225641.266
a 34 44 0 1 12311933293231.107
a 34 45 0 1 17408410352806.715
a 34 46 0 1 12686254740589.957
a 34 47 0 1 14710076464318.791
a 34 48 0 1 5529228382856.525
a 34 49 0 1 11923299132532.898
a 34 50 0 1 8593334446690.993
a 34 51 0 1 6555980575365.744
a 34 52 0 1 11595095525615.08
a 34 53 0 1 4399772225673.663
a 34 54 0 1 8277890050200.076
a 34 55 0 1 11881736530786.293
a 34 56 0 1 9787517737154.994
a 34 57 0 1 9132329887655.113
a 34 58 0 1 6572931180966.015
a 34 59 0 1 3995488643479.893
a 34 60 0 1 5777742494950.232
a 34 61 0 1 5563431530397.808
a 34 62 0 1 5402705314709.893
a 34 63 0 1 11678902789711.396
a 34 64 0 1 11211032907102.791
a 34 65 0 1 4823460281247.068
a 34 66 0 1 8890276892817.328
a 34 67 0 1 9546824617551.223
a 34 68 0 1 17751493561747.62
a 34 69 0 1 7650064276250.341
a 34 70 0 1 14115708835246.305
a 34 71 0 1 18257345273880.754
a 34 72 0 1 19190869505444.55
a 34 73 0 1 11721529992477.016
a 34 74 0 1 3985961152874.1973
a 34 75 0 1 12056026898597.115
a 34 76 0 1 7395643573312.57
a 34 77 0 1 8057391302091.365
a 34 78 0 1 8267225333901.151
a 34 79 0 1 10276090704672.951
a 34 80 0 1 4428544517939.769
a 34 81 0 1 16840850156828.639
a 35 39 0 1 10939733136769.41
a 35 40 0 1 4759521979863.963
a 35 41 0 1 5135433287996.232
a 35 42 0 1 8011785313232.567
a 35 43 0 1 14990925877343.693
a 35 44 0 1 12536912194757.477
a 35 45 0 1 17726708630484.637
a 35 46 0 1 12918083885605.955
a 35 47 0 1 14978952832057.174
a 35 48 0 1 5630184959238.622
a 35 49 0 1 12141166497887.416
a 35 50 0 1 8750294033684.208
a 35 51 0 1 6675698734847.427
a 35 52 0 1 11806957665704.32
a 35 53 0 1 4480095751622.582
a 35 54 0 1 8429082366536.053
a 35 55 0 1 12098843389038.9
a 35 56 0 1 9966314444568.537
a 35 57 0 1 9299144916754.87
a 35 58 0 1 6692959112476.286
a 35 59 0 1 4068427992760.3784
a 35 60 0 1 5883239692548.45
a 35 61 0 1 5665013019523.806
a 35 62 0 1 5501350279631.837
a 35 63 0 1 11892298328790.871
a 35 64 0 1 11415868342091.932
a 35 65 0 1 4911523154729.749
a 35 66 0 1 9052665869039.252
a 35 67 0 1 9721219461174.988
a 35 68 0 1 18076077894043.867
a 35 69 0 1 7789779321717.176
a 35 70 0 1 14373703137655.162
a 35 71 0 1 18591198867698.965
a 35 72 0 1 19541831948330.156
a 35 73 0 1 11935705481592.334
a 35 74 0 1 4058726492464.4375
a 35 75 0 1 12276322949040.46
a 35 76 0 1 7530708039847.981
a 35 77 0 1 8204552492576.39
a 35 78 0 1 8418222674658.098
a 35 79 0 1 10463823336536.459
a 35 80 0 1 4509393592005.217
a 35 81 0 1 17148750567688.637
a 36 39 0 1 18847131448300.16
a 36 40 0 1 8195557156428.018
a 36 41 0 1 8843126027822.969
a 36 42 0 1 13799455594326.777
a 36 43 0 1 25835307721386.688
a 36 44 0 1 21601649334093.32
a 36 45 0 1 30557120035280.715
a 36 46 0 1 22259132011850.18
a 36 47 0 1 25814647640542.113
a 36 48 0 1 9695478659471.6
a 36 49 0 1 20919072223349.746
a 36 50 0 1 15072385537668.494
a 36 51 0 1 11496908988033.072
a 36 52 0 1 20342668216555.953
a 36 53 0 1 7714225900276.009
a 36 54 0 1 14518710065287.178
a 36 55 0 1 20846076535406.992
a 36 56 0 1 17168719519101.06
a 36 57 0 1 16018513389595.229
a 36 58 0 1 11526651416508.74
a 36 59 0 1 7005140106574.838
a 36 60 0 1 10131465648043.572
a 36 61 0 1 9755482695522.14
a 36 62 0 1 9473516959488.055
a 36 63 0 1 20489850678684.58
a 36 64 0 1 19668204253721.523
a 36 65 0 1 8457399227787.585
a 36 66 0 1 15593613703040.596
a 36 67 0 1 16746158747468.027
a 36 68 0 1 31160267923919.465
a 36 69 0 1 13416825769673.174
a 36 70 0 1 24770313247132.176
a 36 71 0 1 32049632344377.113
a 36 72 0 1 33691116499097.582
a 36 73 0 1 20564713469951.066
a 36 74 0 1 6988430138902.255
a 36 75 0 1 21152183270752.156
a 36 76 0 1 12970331391585.123
a 36 77 0 1 14131703476429.021
a 36 78 0 1 14499991633521.744
a 36 79 0 1 18026512501885.363
a 36 80 0 1 7764692432986.328
a 36 81 0 1 29559415910870.74
a 37 39 0 1 11458684470820.7
a 37 40 0 1 4985132564554.386
a 37 41 0 1 5378873835882.376
a 37 42 0 1 8391708505835.743
a 37 43 0 1 15702402521592.352
a 37 44 0 1 13131743994396.553
a 37 45 0 1 18568304660897.42
a 37 46 0 1 13531029112589.35
a 37 47 0 1 15689860202639.818
a 37 48 0 1 5897094687592.996
a 37 49 0 1 12717194069701.908
a 37 50 0 1 9165274677115.316
a 37 51 0 1 6992212963818.208
a 37 52 0 1 12367106389427.252
a 37 53 0 1 4692453833533.889
a 37 54 0 1 8828814132594.182
a 37 55 0 1 12672860044898.035
a 37 56 0 1 10439033912441.12
a 37 57 0 1 9740183885196.484
a 37 58 0 1 7010292366664.468
a 37 59 0 1 4261263306504.2524
a 37 60 0 1 6162154479482.176
a 37 61 0 1 5933574967124.105
a 37 62 0 1 5762148299941.636
a 37 63 0 1 12456501615480.4
a 37 64 0 1 11957437351002.477
a 37 65 0 1 5144343158548.275
a 37 66 0 1 9482002086262.418
a 37 67 0 1 10182300018110.145
a 37 68 0 1 18934296820180.54
a 37 69 0 1 8159164977745.985
a 37 70 0 1 15055835283783.422
a 37 71 0 1 19473929666988.766
a 37 72 0 1 20469806328089.883
a 37 73 0 1 12501971088407.043
a 37 74 0 1 4251101749492.116
a 37 75 0 1 12858772404524.002
a 37 76 0 1 7887797564969.376
a 37 77 0 1 8593625856285.557
a 37 78 0 1 8817438919347.984
a 37 79 0 1 10960170298525.385
a 37 80 0 1 4723141156938.202
a 37 81 0 1 17962850584067.766
a 38 39 0 1 10289512879737.736
a 38 40 0 1 4476821609860.291
a 38 41 0 1 4830392570267.807
a 38 42 0 1 7535743249594.995
a 38 43 0 1 14099525475945.527
a 38 44 0 1 11791632149106.977
a 38 45 0 1 16672318820417.648
a 38 46 0 1 12150112669228.629
a 38 47 0 1 14088265535183.824
a 38 48 0 1 5295738458100.121
a 38 49 0 1 11419443232592.844
a 38 50 0 1 8230329868722.266
a 38 51 0 1 6279101296807.548
a 38 52 0 1 11105126623851.885
a 38 53 0 1 4214000458363.365
a 38 54 0 1 7928222822138.987
a 38 55 0 1 11379639289203.973
a 38 56 0 1 9374013318400.371
a 38 57 0 1 8746533818777.615
a 38 58 0 1 6295335507085.669
a 38 59 0 1 3826794480427.202
a 38 60 0 1 5533751553946.768
a 38 61 0 1 5328496378578.008
a 38 62 0 1 5174561427816.095
a 38 63 0 1 11185387918500.977
a 38 64 0 1 10737313241890.713
a 38 65 0 1 4619789598725.939
a 38 66 0 1 8514716400787.489
a 38 67 0 1 9143499743451.762
a 38 68 0 1 17000866798859.02
a 38 69 0 1 7326939479340.803
a 38 70 0 1 13519061595485.473
a 38 71 0 1 17485285344752.682
a 38 72 0 1 18379249454216.703
a 38 73 0 1 11226211496396.52
a 38 74 0 1 3817669428350.854
a 38 75 0 1 11546554716928.158
a 38 76 0 1 7083273809699.137
a 38 77 0 1 7717046462406.52
a 38 78 0 1 7918009006030.903
a 38 79 0 1 9841921589413.625
a 38 80 0 1 4241557303586.5
a 38 81 0 1 16128801742371.064
a 39 1 0 1 0
a 40 1 0 1 0
a 41 1 0 1 0
a 42 1 0 1 0
a 43 1 0 1 0
a 44 1 0 1 0
a 45 1 0 1 0
a 46 1 0 1 0
a 47 1 0 1 0
a 48 1 0 1 0
a 49 1 0 1 0
a 50 1 0 1 0
a 51 1 0 1 0
a 52 1 0 1 0
a 53 1 0 1 0
a 54 1 0 1 0
a 55 1 0 1 0
a 56 1 0 1 0
a 57 1 0 1 0
a 58 1 0 1 0
a 59 1 0 1 0
a 60 1 0 1 0
a 61 1 0 1 0
a 62 1 0 1 0
a 63 1 0 1 0
a 64 1 0 1 0
a 65 1 0 1 0
a 66 1 0 1 0
a 67 1 0 1 0
a 68 1 0 1 0
a 69 1 0 1 0
a 70 1 0 1 0
a 71 1 0 1 0
a 72 1 0 1 0
a 73 1 0 1 0
a 74 1 0 1 0
a 75 1 0 1 0
a 76 1 0 1 0
a 77 1 0 1 0
a 78 1 0 1 0
a 79 1 0 1 0
a 80 1 0 1 0
a 81 1 0 1 0
