p min 80 1595
n 0 37
n 1 -37
a 0 2 0 1 0
a 0 3 0 1 0
a 0 4 0 1 0
a 0 5 0 1 0
a 0 6 0 1 0
a 0 7 0 1 0
a 0 8 0 1 0
a 0 9 0 1 0
a 0 10 0 1 0
a 0 11 0 1 0
a 0 12 0 1 0
a 0 13 0 1 0
a 0 14 0 1 0
a 0 15 0 1 0
a 0 16 0 1 0
a 0 17 0 1 0
a 0 18 0 1 0
a 0 19 0 1 0
a 0 20 0 1 0
a 0 21 0 1 0
a 0 22 0 1 0
a 0 23 0 1 0
a 0 24 0 1 0
a 0 25 0 1 0
a 0 26 0 1 0
a 0 27 0 1 0
a 0 28 0 1 0
a 0 29 0 1 0
a 0 30 0 1 0
a 0 31 0 1 0
a 0 32 0 1 0
a 0 33 0 1 0
a 0 34 0 1 0
a 0 35 0 1 0
a 0 36 0 1 0
a 0 37 0 1 0
a 0 38 0 1 0
a 2 39 0 1 8620588020841.321
a 2 40 0 1 9338482306992.797
a 2 41 0 1 5333191129020.826
a 2 42 0 1 10719092487214.87
a 2 43 0 1 10506714641033.234
a 2 44 0 1 12389025832204.578
a 2 45 0 1 10258305195363.67
a 2 46 0 1 11065111806609.273
a 2 47 0 1 6764099049731.825
a 2 48 0 1 7651998344119.268
a 2 49 0 1 9354353938577.543
a 2 50 0 1 5004469543238.105
a 2 51 0 1 8824962768713.59
a 2 52 0 1 9962507203082.31
a 2 53 0 1 7544158483797.958
a 2 54 0 1 6940836595143.396
a 2 55 0 1 3919034427730.57
a 2 56 0 1 2880204566722.0884
a 2 57 0 1 5619953713256.164
a 2 58 0 1 13739115199034.996
a 2 59 0 1 3689037859886.6367
a 2 60 0 1 4049922413153.0
a 2 61 0 1 10217439654358.447
a 2 62 0 1 13408429904821.156
a 2 63 0 1 12094602009745.293
a 2 64 0 1 11076988130679.205
a 2 65 0 1 12634930607100.469
a 2 66 0 1 6267615750340.586
a 2 67 0 1 14171116436926.48
a 2 68 0 1 3741859446899.784
a 2 69 0 1 3291087028894.515
a 2 70 0 1 10398169775593.936
a 2 71 0 1 10871007661375.748
a 2 72 0 1 3736545074651.1353
a 2 73 0 1 3176946083520.709
a 2 74 0 1 3087442567653.037
a 2 75 0 1 10907032377100.645
a 2 76 0 1 7292094880076.917
a 2 77 0 1 5334077314096.291
a 2 78 0 1 6692089630137.584
a 2 79 0 1 11993352568877.941
a 3 39 0 1 4420241386034.544
a 3 40 0 1 4788151751612.937
a 3 41 0 1 2735119622422.262
a 3 42 0 1 5495611023618.215
a 3 43 0 1 5386790427023.909
a 3 44 0 1 6351180206270.892
a 3 45 0 1 5259504253726.309
a 3 46 0 1 5672902813197.514
a 3 47 0 1 3468680354598.4966
a 3 48 0 1 3923806297358.804
a 3 49 0 1 4796285396638.522
a 3 50 0 1 2566582534308.364
a 3 51 0 1 4524983486448.543
a 3 52 0 1 5107931334918.296
a 3 53 0 1 3868531369250.1675
a 3 54 0 1 3559277399252.434
a 3 55 0 1 2010030743458.1528
a 3 56 0 1 1477312105492.9448
a 3 57 0 1 2882139058270.781
a 3 58 0 1 7042764097604.178
a 3 59 0 1 1892092374190.7124
a 3 60 0 1 2077146540949.3762
a 3 61 0 1 5238564217453.175
a 3 62 0 1 6873380102210.583
a 3 63 0 1 6200347541954.512
a 3 64 0 1 5678987827311.184
a 3 65 0 1 6477152849292.486
a 3 66 0 1 3214169527699.7974
a 3 67 0 1 7264034782667.919
a 3 68 0 1 1919178664238.6514
a 3 69 0 1 1688022697595.6733
a 3 70 0 1 5331171961964.621
a 3 71 0 1 5573449470991.959
a 3 72 0 1 1916453523766.7805
a 3 73 0 1 1629489398891.6235
a 3 74 0 1 1583590043034.1821
a 3 75 0 1 5591907655758.391
a 3 76 0 1 3739329801902.4663
a 3 77 0 1 2735573965236.7026
a 3 78 0 1 3431767249085.6465
a 3 79 0 1 6148476527972.566
a 4 39 0 1 4934313133367.077
a 4 40 0 1 5345037617492.334
a 4 41 0 1 3053143702612.087
a 4 42 0 1 6134836053390.44
a 4 43 0 1 6013349163870.908
a 4 44 0 1 7090002496158.963
a 4 45 0 1 5871247826152.783
a 4 46 0 1 6332764674533.953
a 4 47 0 1 3872036714940.4404
a 4 48 0 1 4380113785549.6465
a 4 49 0 1 5354117829144.229
a 4 50 0 1 2865003620397.325
a 4 51 0 1 5051243770559.898
a 4 52 0 1 5702033578580.167
a 4 53 0 1 4318407626158.729
a 4 54 0 1 3973173679412.9277
a 4 55 0 1 2243723852095.1416
a 4 56 0 1 1649057748055.245
a 4 57 0 1 3217264051083.86
a 4 58 0 1 7862110044575.79
a 4 59 0 1 2112070226649.9907
a 4 60 0 1 2318644846947.715
a 4 61 0 1 5847870571743.411
a 4 62 0 1 7673002723592.783
a 4 63 0 1 6921609731276.615
a 4 64 0 1 6339558003293.465
a 4 65 0 1 7230641531205.652
a 4 66 0 1 3587917806003.1
a 4 67 0 1 8109147112699.985
a 4 68 0 1 2142306391261.714
a 4 69 0 1 1884269917819.4133
a 4 70 0 1 5951257063274.19
a 4 71 0 1 6221734809750.719
a 4 72 0 1 2139264342216.4521
a 4 73 0 1 1818930192357.0388
a 4 74 0 1 1767693593974.508
a 4 75 0 1 6242341533353.367
a 4 76 0 1 4174173828296.493
a 4 77 0 1 3053650892387.267
a 4 78 0 1 3830829266294.592
a 4 79 0 1 6863699995541.343
a 5 39 0 1 13263188824632.418
a 5 40 0 1 14368343711950.783
a 5 41 0 1 8203698021083.9
a 5 42 0 1 16493986757201.115
a 5 43 0 1 16166977535974.258
a 5 44 0 1 19065570872610.516
a 5 45 0 1 15784499537576.291
a 5 46 0 1 17026789197679.037
a 5 47 0 1 10405692975471.014
a 5 48 0 1 11772259669956.283
a 5 49 0 1 14392778243524.143
a 5 50 0 1 7697890306378.064
a 5 51 0 1 13577801369428.947
a 5 52 0 1 15329072416954.86
a 5 53 0 1 11606275196534.148
a 5 54 0 1 10677697902777.342
a 5 55 0 1 6027865169725.195
a 5 56 0 1 4429756262766.593
a 5 57 0 1 8644959778658.707
a 5 58 0 1 21145007386637.848
a 5 59 0 1 5674026677618.888
a 5 60 0 1 6229234450926.852
a 5 61 0 1 15721579670141.771
a 5 62 0 1 20635646530598.49
a 5 63 0 1 18612139380073.55
a 5 64 0 1 17045076833197.963
a 5 65 0 1 19444292656749.633
a 5 66 0 1 9641620679004.45
a 5 67 0 1 21810458693359.242
a 5 68 0 1 5755289218163.61
a 5 69 0 1 5061822581011.033
a 5 70 0 1 15999848691257.0
a 5 71 0 1 16727903751460.234
a 5 72 0 1 5747113381605.846
a 5 73 0 1 4886234716937.261
a 5 74 0 1 4748549394878.713
a 5 75 0 1 16783374784493.809
a 5 76 0 1 11218313734623.691
a 5 77 0 1 8205061632208.557
a 5 78 0 1 10294869808024.336
a 5 79 0 1 18456212609984.336
a 6 39 0 1 7614184706506.946
a 6 40 0 1 8248189415743.9375
a 6 41 0 1 4710780354384.406
a 6 42 0 1 9467433889905.451
a 6 43 0 1 9279881713036.215
a 6 44 0 1 10942124894259.375
a 6 45 0 1 9060508449602.357
a 6 46 0 1 9773003373991.787
a 6 47 0 1 5974579080607.604
a 6 48 0 1 6758760223798.066
a 6 49 0 1 8262206228558.103
a 6 50 0 1 4420441791290.958
a 6 51 0 1 7794678478738.483
a 6 52 0 1 8799283897840.527
a 6 53 0 1 6663518456731.241
a 6 54 0 1 6130672881778.311
a 6 55 0 1 3461728776980.2544
a 6 56 0 1 2544153763038.983
a 6 57 0 1 4964057143506.097
a 6 58 0 1 12134318406230.506
a 6 59 0 1 3258580197994.116
a 6 60 0 1 3577337368582.9365
a 6 61 0 1 9024419475744.848
a 6 62 0 1 11842311476513.436
a 6 63 0 1 10682128814434.73
a 6 64 0 1 9783491299186.95
a 6 65 0 1 11159273805219.658
a 6 66 0 1 5536083305300.73
a 6 67 0 1 12515787016102.76
a 6 68 0 1 3305235919828.7183
a 6 69 0 1 2907080048198.6895
a 6 70 0 1 9184024663488.566
a 6 71 0 1 9601590453021.52
a 6 72 0 1 3300541897383.3647
a 6 73 0 1 2806261473728.7144
a 6 74 0 1 2727204466243.4375
a 6 75 0 1 9633403863702.646
a 6 76 0 1 6440900408400.072
a 6 77 0 1 4711563061004.226
a 6 78 0 1 5910980474000.779
a 6 79 0 1 10592718257536.725
a 7 39 0 1 18015720126410.277
a 7 40 0 1 19517770284780.69
a 7 41 0 1 11140961261485.57
a 7 42 0 1 22407183491948.535
a 7 43 0 1 21962642686254.37
a 7 44 0 1 25903449539696.766
a 7 45 0 1 21442712130006.824
a 7 46 0 1 23131508184771.34
a 7 47 0 1 14132645244211.912
a 7 48 0 1 15989569689778.232
a 7 49 0 1 19550981562869.977
a 7 50 0 1 10453835392589.764
a 7 51 0 1 18443305781920.58
a 7 52 0 1 20823637911802.242
a 7 53 0 1 15764014716470.535
a 7 54 0 1 14502235519604.145
a 7 55 0 1 8185355847936.799
a 7 56 0 1 6014856351521.904
a 7 57 0 1 11740426654912.857
a 7 58 0 1 28731147724684.54
a 7 59 0 1 7704759267255.414
a 7 60 0 1 8458869347317.994
a 7 61 0 1 21357182089126.01
a 7 62 0 1 28038454078813.234
a 7 63 0 1 25286920549022.48
a 7 64 0 1 23156370098090.18
a 7 65 0 1 26418413784898.48
a 7 66 0 1 13094496377319.188
a 7 67 0 1 29636157069702.566
a 7 68 0 1 7815131826909.3125
a 7 69 0 1 6873274054250.583
a 7 70 0 1 21735450095311.47
a 7 71 0 1 22725180832807.992
a 7 72 0 1 7804027193431.832
a 7 73 0 1 6634801344429.71
a 7 74 0 1 6447807966944.708
a 7 75 0 1 22800591566886.773
a 7 76 0 1 15236829054989.906
a 7 77 0 1 11142813728469.44
a 7 78 0 1 13982065187662.129
a 7 79 0 1 25074912891827.97
a 8 39 0 1 16329914002271.623
a 8 40 0 1 17691124592132.64
a 8 41 0 1 10099203034918.06
a 8 42 0 1 20309488125789.094
a 8 43 0 1 19906659379872.445
a 8 44 0 1 23477558362880.28
a 8 45 0 1 19435509930070.055
a 8 46 0 1 20965839847386.023
a 8 47 0 1 12810730701693.555
a 8 48 0 1 14493675416872.791
a 8 49 0 1 17721221319536.52
a 8 50 0 1 9476398386439.234
a 8 51 0 1 16717411630063.258
a 8 52 0 1 18874511808027.7
a 8 53 0 1 14289256830481.34
a 8 54 0 1 13145698546474.53
a 8 55 0 1 7420203641731.651
a 8 56 0 1 5452725881176.595
a 8 57 0 1 10642545489974.113
a 8 58 0 1 26039644287832.203
a 8 59 0 1 6984568490660.263
a 8 60 0 1 7668127017782.609
a 8 61 0 1 19358004011715.97
a 8 62 0 1 25412031457188.27
a 8 63 0 1 22918920568432.08
a 8 64 0 1 20988368456011.527
a 8 65 0 1 23944162489292.176
a 8 66 0 1 11869819127617.893
a 8 67 0 1 26859610896908.086
a 8 68 0 1 7084615724373.906
a 8 69 0 1 6230860870631.993
a 8 70 0 1 19700783182633.918
a 8 71 0 1 20597644832960.523
a 8 72 0 1 7074549937401.788
a 8 73 0 1 6014692541080.299
a 8 74 0 1 5845187899370.36
a 8 75 0 1 20665978789462.477
a 8 76 0 1 13811468993475.516
a 8 77 0 1 10100882081704.752
a 8 78 0 1 12674255898835.912
a 8 79 0 1 22726818408453.777
a 9 39 0 1 8568353378231.283
a 9 40 0 1 9281893084543.348
a 9 41 0 1 5300887934859.607
a 9 42 0 1 10654126793128.168
a 9 43 0 1 10443037663236.19
a 9 44 0 1 12313924740522.928
a 9 45 0 1 10196135495401.006
a 9 46 0 1 10998046320872.95
a 9 47 0 1 6723122120794.081
a 9 48 0 1 7605637807580.561
a 9 49 0 1 9297668434416.533
a 9 50 0 1 4974158559572.259
a 9 51 0 1 8771488509243.364
a 9 52 0 1 9902132209403.66
a 9 53 0 1 7498451872000.392
a 9 54 0 1 6898788139097.754
a 9 55 0 1 3895300637122.546
a 9 56 0 1 2862764034702.754
a 9 57 0 1 5585912477868.728
a 9 58 0 1 13655817120213.037
a 9 59 0 1 3666697523491.9526
a 9 60 0 1 4025395593549.9272
a 9 61 0 1 10155517906662.85
a 9 62 0 1 13327139796267.639
a 9 63 0 1 12021288158391.428
a 9 64 0 1 11009850571430.703
a 9 65 0 1 12558336707868.203
a 9 66 0 1 6229648676107.019
a 9 67 0 1 14085194953418.064
a 9 68 0 1 3719199092813.8613
a 9 69 0 1 3271157538985.818
a 9 70 0 1 10335151427697.807
a 9 71 0 1 10805120102205.46
a 9 72 0 1 3713916917674.5557
a 9 73 0 1 3157708036248.512
a 9 74 0 1 3068746701846.4526
a 9 75 0 1 10840926204864.69
a 9 76 0 1 7247916681225.362
a 9 77 0 1 5301768749025.603
a 9 78 0 1 6651549268589.418
a 9 79 0 1 11920653303970.451
a 10 39 0 1 12634924272598.736
a 10 40 0 1 13687646490628.396
a 10 41 0 1 7815312362389.479
a 10 42 0 1 15712405364208.965
a 10 43 0 1 15400919239403.041
a 10 44 0 1 18161877817018.73
a 10 45 0 1 15036596022373.568
a 10 46 0 1 16219913338933.91
a 10 47 0 1 9912939781791.562
a 10 48 0 1 11214710221297.861
a 10 49 0 1 13710921613286.549
a 10 50 0 1 7333471200790.597
a 10 51 0 1 12934611719035.375
a 10 52 0 1 14602784315247.184
a 10 53 0 1 11056596998120.982
a 10 54 0 1 10172049045062.098
a 10 55 0 1 5742557542734.648
a 10 56 0 1 4220126209192.1304
a 10 57 0 1 8235663759048.676
a 10 58 0 1 20142521921211.0
a 10 59 0 1 5405477165648.155
a 10 60 0 1 5934389209614.71
a 10 61 0 1 14976662576768.057
a 10 62 0 1 19657364569524.625
a 10 63 0 1 17729982518885.004
a 10 64 0 1 16237332727816.781
a 10 65 0 1 18522610179539.99
a 10 66 0 1 9185087785465.105
a 10 67 0 1 20776348637073.957
a 10 68 0 1 5482891152910.637
a 10 69 0 1 4822264543819.644
a 10 70 0 1 15241723555037.75
a 10 71 0 1 15935217658081.62
a 10 72 0 1 5475102522987.776
a 10 73 0 1 4654991082309.408
a 10 74 0 1 4523825184972.759
a 10 75 0 1 15988055240934.334
a 10 76 0 1 10687032174023.215
a 10 77 0 1 7816611358295.483
a 10 78 0 1 9807370483632.0
a 10 79 0 1 17581461156004.428
a 11 39 0 1 13372318305687.855
a 11 40 0 1 14486581579433.873
a 11 41 0 1 8271158378956.717
a 11 42 0 1 16629750168775.408
a 11 43 0 1 16300044252473.309
a 11 44 0 1 19222548095828.453
a 11 45 0 1 15914412393185.922
a 11 46 0 1 17166946825173.842
a 11 47 0 1 10491282581718.174
a 11 48 0 1 11869105020175.807
a 11 49 0 1 14511217520186.592
a 11 50 0 1 7761187606657.104
a 11 51 0 1 13689523563693.436
a 11 52 0 1 15455230248502.018
a 11 53 0 1 11701753222994.314
a 11 54 0 1 10765527596430.879
a 11 55 0 1 6077420775357.4
a 11 56 0 1 4466166919365.906
a 11 57 0 1 8716052346985.805
a 11 58 0 1 21319147803694.152
a 11 59 0 1 5720671429854.452
a 11 60 0 1 6280446728306.3545
a 11 61 0 1 15850973724014.535
a 11 62 0 1 20805582033284.08
a 11 63 0 1 18765375183584.938
a 11 64 0 1 17185385295136.355
a 11 65 0 1 19604395145962.06
a 11 66 0 1 9720918550332.654
a 11 67 0 1 21990093343723.92
a 11 68 0 1 5802602455777.615
a 11 69 0 1 5103431599153.377
a 11 70 0 1 16131537251874.55
a 11 71 0 1 16865596294810.717
a 11 72 0 1 5794359362233.498
a 11 73 0 1 4926399555033.061
a 11 74 0 1 4787581836009.14
a 11 75 0 1 16921524817167.871
a 11 76 0 1 11310596071717.992
a 11 77 0 1 8272533213963.844
a 11 78 0 1 10379546774369.99
a 11 79 0 1 18608161898915.24
a 12 39 0 1 8377182399336.422
a 12 40 0 1 9074785478606.877
a 12 41 0 1 5182661811851.387
a 12 42 0 1 10416363693988.844
a 12 43 0 1 10209990879627.467
a 12 44 0 1 12039069350029.174
a 12 45 0 1 9968604905365.148
a 12 46 0 1 10752598627351.102
a 12 47 0 1 6573151784309.898
a 12 48 0 1 7435964643586.067
a 12 49 0 1 9090208463357.807
a 12 50 0 1 4863223588389.653
a 12 51 0 1 8575780848208.192
a 12 52 0 1 9681169728167.906
a 12 53 0 1 7331171923605.14
a 12 54 0 1 6744896238452.075
a 12 55 0 1 3808437185357.7134
a 12 56 0 1 2798933104713.1226
a 12 57 0 1 5461325432094.504
a 12 58 0 1 13350963691439.363
a 12 59 0 1 3584933922575.6685
a 12 60 0 1 3935629768096.292
a 12 61 0 1 9928894749855.23
a 12 62 0 1 13029634795392.46
a 12 63 0 1 11752973462672.203
a 12 64 0 1 10764139111236.637
a 12 65 0 1 12278018156540.553
a 12 66 0 1 6090693799790.472
a 12 67 0 1 13770740858439.691
a 12 68 0 1 3636264270468.0635
a 12 69 0 1 3198217322769.035
a 12 70 0 1 10104515034714.682
a 12 71 0 1 10563983257046.045
a 12 72 0 1 3631099932369.871
a 12 73 0 1 3087298414402.995
a 12 74 0 1 3000321398286.007
a 12 75 0 1 10598989302821.65
a 12 76 0 1 7086230382611.494
a 12 77 0 1 5183522969423.432
a 12 78 0 1 6503176678351.345
a 12 79 0 1 11654587789560.33
a 13 39 0 1 17997709003400.402
a 13 40 0 1 19498254121208.484
a 13 41 0 1 11129831951376.076
a 13 42 0 1 22384770699993.285
a 13 43 0 1 21940675670496.117
a 13 44 0 1 25877529175951.38
a 13 45 0 1 21421266431873.04
a 13 46 0 1 23108368957553.562
a 13 47 0 1 14118522517855.184
a 13 48 0 1 15973587927373.398
a 13 49 0 1 19531432116023.95
a 13 50 0 1 10443393315361.73
a 13 51 0 1 18424866274927.613
a 13 52 0 1 20802812858140.098
a 13 53 0 1 15748258807900.328
a 13 54 0 1 14487742845985.238
a 13 55 0 1 8177181832436.522
a 13 56 0 1 6008851328093.484
a 13 57 0 1 11728697697324.506
a 13 58 0 1 28702388454856.043
a 13 59 0 1 7697065607908.829
a 13 60 0 1 8450421931436.747
a 13 61 0 1 21335822143238.58
a 13 62 0 1 28010390418977.36
a 13 63 0 1 25261618912793.242
a 13 64 0 1 23133205934367.484
a 13 65 0 1 26391976553301.98
a 13 66 0 1 13081412634344.635
a 13 67 0 1 29606488813281.773
a 13 68 0 1 7807327854915.8
a 13 69 0 1 6866411338746.064
a 13 70 0 1 21713710885917.47
a 13 71 0 1 22702449131822.14
a 13 72 0 1 7796234320170.421
a 13 73 0 1 6628176917041.442
a 13 74 0 1 6441370379046.154
a 13 75 0 1 22777784235544.215
a 13 76 0 1 15221600984905.203
a 13 77 0 1 11131682565458.44
a 13 78 0 1 13968093177790.771
a 13 79 0 1 25049823998995.027
a 14 39 0 1 18339192078371.02
a 14 40 0 1 19868273263517.816
a 14 41 0 1 11340835838120.174
a 14 42 0 1 22809711375306.477
a 14 43 0 1 22357164161788.63
a 14 44 0 1 26368976059667.84
a 14 45 0 1 21827870448112.492
a 14 46 0 1 23547083314494.33
a 14 47 0 1 14386281127127.95
a 14 48 0 1 16276593934615.422
a 14 49 0 1 19902082322237.727
a 14 50 0 1 10641367469061.293
a 14 51 0 1 18774471633972.15
a 14 52 0 1 21197649134298.5
a 14 53 0 1 16046982602926.748
a 14 54 0 1 14762515648579.766
a 14 55 0 1 8332154466404.519
a 14 56 0 1 6122701139631.934
a 14 57 0 1 11951070753957.805
a 14 58 0 1 29247663846953.297
a 14 59 0 1 7842930938066.711
a 14 60 0 1 8610578103066.148
a 14 61 0 1 21740800250760.996
a 14 62 0 1 28542476289068.824
a 14 63 0 1 25741334185769.707
a 14 64 0 1 23572393104290.875
a 14 65 0 1 26893223723143.06
a 14 66 0 1 13329472195122.639
a 14 67 0 1 30168999636969.07
a 14 68 0 1 7955284654099.923
a 14 69 0 1 6996522446853.858
a 14 70 0 1 22125880037938.586
a 14 71 0 1 23133436523191.18
a 14 72 0 1 7943980693258.509
a 14 73 0 1 6753770228138.912
a 14 74 0 1 6563421330765.21
a 14 75 0 1 23210205627273.645
a 14 76 0 1 15510316922903.555
a 14 77 0 1 11342721582733.826
a 14 78 0 1 14232994208352.307
a 14 79 0 1 25525505479455.36
a 15 39 0 1 14827795844837.025
a 15 40 0 1 16063562853583.783
a 15 41 0 1 9170826197524.469
a 15 42 0 1 18440528363852.074
a 15 43 0 1 18074846706221.504
a 15 44 0 1 21316344099302.508
a 15 45 0 1 17647140609966.754
a 15 46 0 1 19036347527329.555
a 15 47 0 1 11632760645879.453
a 15 48 0 1 13160720927226.346
a 15 49 0 1 16090885586768.3
a 15 50 0 1 8605330071081.902
a 15 51 0 1 15179586915894.182
a 15 52 0 1 17137864952732.61
a 15 53 0 1 12975130407530.406
a 15 54 0 1 11936885239095.014
a 15 55 0 1 6738286911213.481
a 15 56 0 1 4951723448499.173
a 15 57 0 1 9664165896188.26
a 15 58 0 1 23641936003157.273
a 15 59 0 1 6342715872066.733
a 15 60 0 1 6963407858021.266
a 15 61 0 1 17576780882576.4
a 15 62 0 1 23072266853186.4
a 15 63 0 1 20809254700052.707
a 15 64 0 1 19056798269736.805
a 15 65 0 1 21739887639122.15
a 15 66 0 1 10778475005397.746
a 15 67 0 1 24386188623013.723
a 15 68 0 1 6433562372234.634
a 15 69 0 1 5658315956195.022
a 15 70 0 1 17887954295117.59
a 15 71 0 1 18702110612785.977
a 15 72 0 1 6424422282971.825
a 15 73 0 1 5462023519104.726
a 15 74 0 1 5308103584925.054
a 15 75 0 1 18764142423662.664
a 15 76 0 1 12541346298225.44
a 15 77 0 1 9172350733628.236
a 15 78 0 1 11508851584225.96
a 15 79 0 1 20634877408067.465
a 16 39 0 1 15043943214769.076
a 16 40 0 1 16297758038605.898
a 16 41 0 1 9304422584852.928
a 16 42 0 1 18709452702201.188
a 16 43 0 1 18338426920644.332
a 16 44 0 1 21627311936562.957
a 16 45 0 1 17904470845722.496
a 16 46 0 1 19313980229982.617
a 16 47 0 1 11802270123314.754
a 16 48 0 1 13352529680352.021
a 16 49 0 1 16325479866758.22
a 16 50 0 1 8730680287355.317
a 16 51 0 1 15400871503909.55
a 16 52 0 1 17387754065563.008
a 16 53 0 1 13164230200761.385
a 16 54 0 1 12110832520819.871
a 16 55 0 1 6836419286946.425
a 16 56 0 1 5023822333039.456
a 16 57 0 1 9804957145757.246
a 16 58 0 1 23986923908103.805
a 16 59 0 1 6435083119019.181
a 16 60 0 1 7064821427826.255
a 16 61 0 1 17833083026341.48
a 16 62 0 1 23408919607684.332
a 16 63 0 1 21112807002341.395
a 16 64 0 1 19334729897545.74
a 16 65 0 1 22057049933200.57
a 16 66 0 1 10935520382214.879
a 16 67 0 1 24742067779081.08
a 16 68 0 1 6527253586512.54
a 16 69 0 1 5740709884680.199
a 16 70 0 1 18148803413465.344
a 16 71 0 1 18974858031561.637
a 16 72 0 1 6517980291292.345
a 16 73 0 1 5541557298776.545
a 16 74 0 1 5385394711160.211
a 16 75 0 1 19037796484873.645
a 16 76 0 1 12724114848121.264
a 16 77 0 1 9305969353502.004
a 16 78 0 1 11676553063605.494
a 16 79 0 1 20935879868106.65
a 17 39 0 1 22661838724326.02
a 17 40 0 1 24552352571114.996
a 17 41 0 1 14011270053183.812
a 17 42 0 1 28189508228053.184
a 17 43 0 1 27629885294182.8
a 17 44 0 1 32591400128141.74
a 17 45 0 1 26975374625354.695
a 17 46 0 1 29101376896478.676
a 17 47 0 1 17775297249872.49
a 17 48 0 1 20111948385282.75
a 17 49 0 1 24594154937784.473
a 17 50 0 1 13146847959608.895
a 17 51 0 1 23199990355159.535
a 17 52 0 1 26196084153055.4
a 17 53 0 1 19828108694894.547
a 17 54 0 1 18240348661753.117
a 17 55 0 1 10293292579355.127
a 17 56 0 1 7563347553078.001
a 17 57 0 1 14765441830517.404
a 17 58 0 1 36152219083062.39
a 17 59 0 1 9688792073853.934
a 17 60 0 1 10637329046413.832
a 17 61 0 1 26867707719495.58
a 17 62 0 1 35279879213837.164
a 17 63 0 1 31815107069155.055
a 17 64 0 1 29132676818110.426
a 17 65 0 1 33239831380047.348
a 17 66 0 1 16469060530657.105
a 17 67 0 1 37291991918231.59
a 17 68 0 1 9827618560795.682
a 17 69 0 1 8642980099313.004
a 17 70 0 1 27343883115465.93
a 17 71 0 1 28589837393133.496
a 17 72 0 1 9813651123586.824
a 17 73 0 1 8343047288358.817
a 17 74 0 1 8107864229592.3545
a 17 75 0 1 28684773627998.25
a 17 76 0 1 19164710047457.465
a 17 77 0 1 14013600552204.06
a 17 78 0 1 17585826937986.69
a 17 79 0 1 31548167464875.316
a 18 39 0 1 14826554416700.738
a 18 40 0 1 16062217771824.63
a 18 41 0 1 9170058888166.295
a 18 42 0 1 18438983824123.05
a 18 43 0 1 18073332858991.23
a 18 44 0 1 21314558095686.734
a 18 45 0 1 17645662657809.113
a 18 46 0 1 19034752973599.35
a 18 47 0 1 11631787074140.027
a 18 48 0 1 13159619283222.059
a 18 49 0 1 16089538212900.195
a 18 50 0 1 8604610122829.258
a 18 51 0 1 15178315983241.13
a 18 52 0 1 17136429736731.855
a 18 53 0 1 12974044321961.879
a 18 54 0 1 11935886179494.264
a 18 55 0 1 6737723286695.282
a 18 56 0 1 4951309346412.177
a 18 57 0 1 9663357263894.43
a 18 58 0 1 23639954617480.758
a 18 59 0 1 6342185359283.76
a 18 60 0 1 6962825388146.377
a 18 61 0 1 17575308834993.928
a 18 62 0 1 23070333337314.938
a 18 63 0 1 20807511285107.31
a 18 64 0 1 19055201999217.402
a 18 65 0 1 21738066059749.777
a 18 66 0 1 10777573019480.383
a 18 67 0 1 24384144687667.367
a 18 68 0 1 6433024255306.1045
a 18 69 0 1 5657842724782.528
a 18 70 0 1 17886456133196.89
a 18 71 0 1 18700544116274.895
a 18 72 0 1 6423884931105.489
a 18 73 0 1 5461566714870.061
a 18 74 0 1 5307659661311.09
a 18 75 0 1 18762570720110.28
a 18 76 0 1 12540296575079.303
a 18 77 0 1 9171583296580.414
a 18 78 0 1 11507888396456.818
a 18 79 0 1 20633148637313.84
a 19 39 0 1 12716476720981.92
a 19 40 0 1 13776004544935.54
a 19 41 0 1 7865728325648.189
a 19 42 0 1 15813857685501.52
a 19 43 0 1 15500356756715.209
a 19 44 0 1 18279179274637.664
a 19 45 0 1 15133677150973.623
a 19 46 0 1 16324648715391.592
a 19 47 0 1 9976902924100.793
a 19 48 0 1 11287083944459.346
a 19 49 0 1 13799430154645.484
a 19 50 0 1 7380776202765.832
a 19 51 0 1 13018101408472.502
a 19 52 0 1 14697059873332.18
a 19 53 0 1 11127949035552.115
a 19 54 0 1 10237686058630.45
a 19 55 0 1 5779593429767.566
a 19 56 0 1 4247338569155.342
a 19 57 0 1 8288793964546.66
a 19 58 0 1 20272645575214.367
a 19 59 0 1 5440337734190.033
a 19 60 0 1 5972663141267.07
a 19 61 0 1 15073356083756.51
a 19 62 0 1 19784346891441.746
a 19 63 0 1 17844488775501.707
a 19 64 0 1 16342180796677.15
a 19 65 0 1 18642246490256.246
a 19 66 0 1 9244349470168.473
a 19 67 0 1 20910576770531.16
a 19 68 0 1 5518251290761.274
a 19 69 0 1 4853361802458.178
a 19 70 0 1 15340131393721.803
a 19 71 0 1 16038111298441.576
a 19 72 0 1 5510412398708.881
a 19 73 0 1 4685009065377.997
a 19 74 0 1 4552996893611.528
a 19 75 0 1 16091290685809.85
a 19 76 0 1 10755996327547.867
a 19 77 0 1 7867035708866.338
a 19 78 0 1 9870651666736.05
a 19 79 0 1 17695006255729.434
a 20 39 0 1 14070785783994.717
a 20 40 0 1 15243351842376.756
a 20 41 0 1 8702913325082.016
a 20 42 0 1 17498703991332.764
a 20 43 0 1 17151735919080.55
a 20 44 0 1 20227299098219.42
a 20 45 0 1 16745915582558.146
a 20 46 0 1 18064029189051.14
a 20 47 0 1 11039075504894.842
a 20 48 0 1 12488943206064.096
a 20 49 0 1 15269277013583.3
a 20 50 0 1 8166297013124.158
a 20 51 0 1 14404586908008.992
a 20 52 0 1 16262696939705.254
a 20 53 0 1 12312839430361.135
a 20 54 0 1 11327658660771.24
a 20 55 0 1 6394578171630.258
a 20 56 0 1 4699193628852.391
a 20 57 0 1 9171055314127.447
a 20 58 0 1 22433770128581.29
a 20 59 0 1 6019198534745.043
a 20 60 0 1 6608207337204.205
a 20 61 0 1 16679155972917.041
a 20 62 0 1 21893286022998.926
a 20 63 0 1 19746175666490.87
a 20 64 0 1 18083433194025.566
a 20 65 0 1 20629152506359.605
a 20 66 0 1 10228440220089.111
a 20 67 0 1 23139888046225.19
a 20 68 0 1 6105408049440.754
a 20 69 0 1 5369728788783.548
a 20 70 0 1 16974407061173.402
a 20 71 0 1 17746898975480.914
a 20 72 0 1 6096734492619.249
a 20 73 0 1 5183453694360.543
a 20 74 0 1 5037388417001.906
a 20 75 0 1 17805756008108.918
a 20 76 0 1 11901227360675.883
a 20 77 0 1 8704359998499.277
a 20 78 0 1 10921498173436.729
a 20 79 0 1 19580726855489.066
a 21 39 0 1 13876467783733.668
a 21 40 0 1 15032812624449.318
a 21 41 0 1 8582799073738.9795
a 21 42 0 1 17256952203870.92
a 21 43 0 1 16914786978797.355
a 21 44 0 1 19947764000300.21
a 21 45 0 1 16514583661925.52
a 21 46 0 1 17814451172045.797
a 21 47 0 1 10886678011989.203
a 21 48 0 1 12316501491165.732
a 21 49 0 1 15058379099387.484
a 21 50 0 1 8053595802028.323
a 21 51 0 1 14205651560162.486
a 21 52 0 1 16038052645127.867
a 21 53 0 1 12142832678101.04
a 21 54 0 1 11171272071352.158
a 21 55 0 1 6306345805635.496
a 21 56 0 1 4634366655197.073
a 21 57 0 1 9044473217426.242
a 21 58 0 1 22123664535464.27
a 21 59 0 1 5936149196124.668
a 21 60 0 1 6517025104582.983
a 21 61 0 1 16448748032395.77
a 21 62 0 1 21590670214201.785
a 21 63 0 1 19473304464869.676
a 21 64 0 1 17833586534689.156
a 21 65 0 1 20344050899451.234
a 21 66 0 1 10087246772796.295
a 21 67 0 1 22819996005326.633
a 21 68 0 1 6021168418219.751
a 21 69 0 1 5295645913630.32
a 21 70 0 1 16739912619666.22
a 21 71 0 1 17501711358540.285
a 21 72 0 1 6012614618032.953
a 21 73 0 1 5111942255915.83
a 21 74 0 1 4967893262295.191
a 21 75 0 1 17559753589134.95
a 21 76 0 1 11736911532029.988
a 21 77 0 1 8584225760989.522
a 21 78 0 1 10770725881742.438
a 21 79 0 1 19310147067491.68
a 22 39 0 1 10240069538278.744
a 22 40 0 1 11093001260600.012
a 22 41 0 1 6334644977194.483
a 22 42 0 1 12733381698651.623
a 22 43 0 1 12481037274351.936
a 22 44 0 1 14717654374391.598
a 22 45 0 1 12185883547593.645
a 22 46 0 1 13144522050279.762
a 22 47 0 1 8034493999614.592
a 22 48 0 1 9089328114995.22
a 22 49 0 1 11111858679371.936
a 22 50 0 1 5944154586827.65
a 22 51 0 1 10482884908928.773
a 22 52 0 1 11834428109692.043
a 22 53 0 1 8961211013028.057
a 22 54 0 1 8244456913018.576
a 22 55 0 1 4654798989120.796
a 22 56 0 1 3420861054058.7954
a 22 57 0 1 6675296547918.233
a 22 58 0 1 16321982367594.867
a 22 59 0 1 4381600783788.104
a 22 60 0 1 4810273664798.084
a 22 61 0 1 12137328465064.838
a 22 62 0 1 15929016232849.496
a 22 63 0 1 14367799355489.438
a 22 64 0 1 13158633614708.484
a 22 65 0 1 15009859083145.225
a 22 66 0 1 7444684058894.828
a 22 67 0 1 16835354650104.254
a 22 68 0 1 4444343926519.568
a 22 69 0 1 3908906875495.841
a 22 70 0 1 12352066660756.92
a 22 71 0 1 12913886635627.23
a 22 72 0 1 4438031341496.499
a 22 73 0 1 3773329492713.1807
a 22 74 0 1 3667017082556.5557
a 22 75 0 1 12956691217569.486
a 22 76 0 1 8661753959509.931
a 22 77 0 1 6335697689394.204
a 22 78 0 1 7948947795506.477
a 22 79 0 1 14247488706158.201
a 23 39 0 1 14802387274139.764
a 23 40 0 1 16036032788795.018
a 23 41 0 1 9155121498886.607
a 23 42 0 1 18408915965944.324
a 23 43 0 1 18043862495572.207
a 23 44 0 1 21279789632376.227
a 23 45 0 1 17616891068437.35
a 23 46 0 1 19003711486691.34
a 23 47 0 1 11612834336404.65
a 23 48 0 1 13138173340701.494
a 23 49 0 1 16063308609064.406
a 23 50 0 1 8590594721581.091
a 23 51 0 1 15153574471770.521
a 23 52 0 1 17108490097845.115
a 23 53 0 1 12952901258097.416
a 23 54 0 1 11916437265084.459
a 23 55 0 1 6726751072180.732
a 23 56 0 1 4943247918316.428
a 23 57 0 1 9647615432940.97
a 23 58 0 1 23601382633155.844
a 23 59 0 1 6331857738091.006
a 23 60 0 1 6951486307011.425
a 23 61 0 1 17546652190761.75
a 23 62 0 1 23032693238690.03
a 23 63 0 1 20773571899931.36
a 23 64 0 1 19024127091362.88
a 23 65 0 1 21702605039573.285
a 23 66 0 1 10760013855932.97
a 23 67 0 1 24344355043744.617
a 23 68 0 1 6422548602556.921
a 23 69 0 1 5648630212689.704
a 23 70 0 1 17857291117729.684
a 23 71 0 1 18670048822683.703
a 23 72 0 1 6413424171988.14
a 23 73 0 1 5452673994356.714
a 23 74 0 1 5299017690742.7705
a 23 75 0 1 18731974060394.05
a 23 76 0 1 12519861384638.715
a 23 77 0 1 9156643421526.03
a 23 78 0 1 11489137805353.227
a 23 79 0 1 20599494332201.367
a 24 39 0 1 10035644881524.139
a 24 40 0 1 10871528027650.219
a 24 41 0 1 6208240860225.494
a 24 42 0 1 12479110975978.406
a 24 43 0 1 12231812673698.953
a 24 44 0 1 14423694210499.7
a 24 45 0 1 11942560760399.84
a 24 46 0 1 12882029153880.82
a 24 47 0 1 7874139633934.625
a 24 48 0 1 8907899517213.959
a 24 49 0 1 10890008483347.102
a 24 50 0 1 5825547703157.89
a 24 51 0 1 10273607142274.38
a 24 52 0 1 11598132416945.371
a 24 53 0 1 8782342298192.275
a 24 54 0 1 8079908157608.574
a 24 55 0 1 4561932818560.918
a 24 56 0 1 3352622225060.488
a 24 57 0 1 6542089807982.671
a 24 58 0 1 15995919424404.547
a 24 59 0 1 4294187784482.92
a 24 60 0 1 4714303992736.761
a 24 61 0 1 11894976534414.896
a 24 62 0 1 15610817659891.451
a 24 63 0 1 14080838285557.777
a 24 64 0 1 12895858495217.385
a 24 65 0 1 14710052736517.05
a 24 66 0 1 7296111152569.713
a 24 67 0 1 16499016616488.627
a 24 68 0 1 4355678572802.6753
a 24 69 0 1 3830928286281.877
a 24 70 0 1 12105420969688.572
a 24 71 0 1 12656006186192.25
a 24 72 0 1 4349491987907.619
a 24 73 0 1 3698056681640.122
a 24 74 0 1 3593865937637.176
a 24 75 0 1 12697954743139.139
a 24 76 0 1 8488868349283.478
a 24 77 0 1 6209272551152.262
a 24 78 0 1 7790302313317.845
a 24 79 0 1 13962934407104.795
a 25 39 0 1 17081000736717.264
a 25 40 0 1 18504953059143.844
a 25 41 0 1 10563362550054.549
a 25 42 0 1 21244061630045.465
a 25 43 0 1 20822651601945.047
a 25 44 0 1 24558328314504.89
a 25 45 0 1 20329771728240.375
a 25 46 0 1 21930692750968.266
a 25 47 0 1 13399704443172.22
a 25 48 0 1 15160157730077.43
a 25 49 0 1 18536437255370.953
a 25 50 0 1 9911901114450.02
a 25 51 0 1 17486357042426.78
a 25 52 0 1 19742902384946.01
a 25 53 0 1 14946322902076.453
a 25 54 0 1 13750096837779.86
a 25 55 0 1 7761126265379.11
a 25 56 0 1 5703193012790.3545
a 25 57 0 1 11131709050768.389
a 25 58 0 1 27238728049031.684
a 25 59 0 1 7305458938017.133
a 25 60 0 1 8020451048315.759
a 25 61 0 1 20248691306784.59
a 25 62 0 1 26582126117527.99
a 25 63 0 1 23973903045356.688
a 25 64 0 1 21954260754315.035
a 25 65 0 1 25046474177162.605
a 25 66 0 1 12415472568735.969
a 25 67 0 1 28096575081258.152
a 25 68 0 1 7410106541617.077
a 25 69 0 1 6517097912286.903
a 25 70 0 1 20607279649222.285
a 25 71 0 1 21545511248310.754
a 25 72 0 1 7399577904815.46
a 25 73 0 1 6290991917569.982
a 25 74 0 1 6113695190194.987
a 25 75 0 1 21616997643009.727
a 25 76 0 1 14446528279023.05
a 25 77 0 1 10565118859759.648
a 25 78 0 1 13256945625548.139
a 25 79 0 1 23772933992155.85
a 26 39 0 1 22711228821556.266
a 26 40 0 1 24605874612123.395
a 26 41 0 1 14041776277780.586
a 26 42 0 1 28250984778944.79
a 26 43 0 1 27690137507318.11
a 26 44 0 1 32662512611532.0
a 26 45 0 1 27034195106826.434
a 26 46 0 1 29164848763755.008
a 26 47 0 1 17814015574642.895
a 26 48 0 1 20155768247201.027
a 26 49 0 1 24647768363228.06
a 26 50 0 1 13175469253436.389
a 26 51 0 1 23250556463520.523
a 26 52 0 1 26253200231019.23
a 26 53 0 1 19871308711729.562
a 26 54 0 1 18280082099441.16
a 26 55 0 1 10315694171515.463
a 26 56 0 1 7579802700789.883
a 26 57 0 1 14797592884769.607
a 26 58 0 1 36231133518380.99
a 26 59 0 1 9709876602769.629
a 26 60 0 1 10660480294486.346
a 26 61 0 1 26926292702036.31
a 26 62 0 1 35356881711152.086
a 26 63 0 1 31884519502376.508
a 26 64 0 1 29196217182139.734
a 26 65 0 1 33312364134913.137
a 26 66 0 1 16504928188224.184
a 26 67 0 1 37373405013827.41
a 26 68 0 1 9849005543453.172
a 26 69 0 1 8661786485778.003
a 26 70 0 1 27403509676788.934
a 26 71 0 1 28652189877396.71
a 26 72 0 1 9835007675708.215
a 26 73 0 1 8361200418219.201
a 26 74 0 1 8125505160068.1045
a 26 75 0 1 28747333847733.32
a 26 76 0 1 19206461502076.56
a 26 77 0 1 14044111859119.71
a 26 78 0 1 17624131718722.797
a 26 79 0 1 31616995381602.9
a 27 39 0 1 15455121618367.889
a 27 40 0 1 16743271592984.676
a 27 41 0 1 9558556762149.893
a 27 42 0 1 19221038063050.793
a 27 43 0 1 18839845048630.32
a 27 44 0 1 22218886612554.496
a 27 45 0 1 18393998391980.164
a 27 46 0 1 19842133392162.65
a 27 47 0 1 12124723966578.93
a 27 48 0 1 13717405623648.516
a 27 49 0 1 16771752685919.63
a 27 50 0 1 8969127501001.135
a 27 51 0 1 15821823190072.205
a 27 52 0 1 17863124943427.562
a 27 53 0 1 13523952590125.932
a 27 54 0 1 12441728784212.693
a 27 55 0 1 7023089716814.651
a 27 56 0 1 5160969860514.997
a 27 57 0 1 10072778417831.568
a 27 58 0 1 24643224669115.277
a 27 59 0 1 6610786604755.537
a 27 60 0 1 7257733657699.5
a 27 61 0 1 18320654632788.562
a 27 62 0 1 24049361896801.53
a 27 63 0 1 21690273184914.227
a 27 64 0 1 19863451771289.91
a 27 65 0 1 22660409982875.836
a 27 66 0 1 11234262819403.422
a 27 67 0 1 25419090386755.105
a 27 68 0 1 6705475637696.316
a 27 69 0 1 5897441330865.17
a 27 70 0 1 18645025626235.86
a 27 71 0 1 19493716851738.598
a 27 72 0 1 6695948946452.831
a 27 73 0 1 5692847965755.447
a 27 74 0 1 5532419249984.115
a 27 75 0 1 19558380206583.203
a 27 76 0 1 13071792649641.299
a 27 77 0 1 9560145824620.525
a 27 78 0 1 11995567402486.32
a 27 79 0 1 21508494841303.113
a 28 39 0 1 5982013475224.862
a 28 40 0 1 6480011973227.114
a 28 41 0 1 3701246017580.653
a 28 42 0 1 7437661206879.152
a 28 43 0 1 7290353078827.59
a 28 44 0 1 8595872504944.039
a 28 45 0 1 7118050148669.778
a 28 46 0 1 7677660129230.345
a 28 47 0 1 4694062498248.614
a 28 48 0 1 5310069290924.607
a 28 49 0 1 6491021733735.484
a 28 50 0 1 3473152759629.4937
a 28 51 0 1 6123789447743.597
a 28 52 0 1 6912873413139.317
a 28 53 0 1 5235254207734.953
a 28 54 0 1 4816682550746.904
a 28 55 0 1 2719953756672.06
a 28 56 0 1 1999040849199.088
a 28 57 0 1 3900220456983.046
a 28 58 0 1 9532150680089.385
a 28 59 0 1 2560348439729.801
a 28 60 0 1 2810781863143.5327
a 28 61 0 1 7089704510345.705
a 28 62 0 1 9302830833782.797
a 28 63 0 1 8391679654751.865
a 28 64 0 1 7685897440943.354
a 28 65 0 1 8766412508000.121
a 28 66 0 1 4349595492644.7026
a 28 67 0 1 9831721881813.785
a 28 68 0 1 2597004024840.747
a 28 69 0 1 2284185736838.4546
a 28 70 0 1 7215064049254.781
a 28 71 0 1 7543030259088.22
a 28 72 0 1 2593316117883.983
a 28 73 0 1 2204974843764.989
a 28 74 0 1 2142861250179.9382
a 28 75 0 1 7568016999270.958
a 28 76 0 1 5060380105367.121
a 28 77 0 1 3701860916333.258
a 28 78 0 1 4644102110833.057
a 28 79 0 1 8321458772609.389
a 29 39 0 1 3947268971900.6885
a 29 40 0 1 4275792997974.7676
a 29 41 0 1 2442508452329.768
a 29 42 0 1 4907507430186.142
a 29 43 0 1 4810338537447.031
a 29 44 0 1 5671459516139.523
a 29 45 0 1 4696680894451.527
a 29 46 0 1 5065815569120.366
a 29 47 0 1 3097562701417.3916
a 29 48 0 1 3503974608301.5503
a 29 49 0 1 4283055868705.6694
a 29 50 0 1 2292006717544.799
a 29 51 0 1 4040798296861.5864
a 29 52 0 1 4561336422502.302
a 29 53 0 1 3454616230464.542
a 29 54 0 1 3178463128330.9443
a 29 55 0 1 1795007753160.789
a 29 56 0 1 1319285334578.705
a 29 57 0 1 2573794653882.3857
a 29 58 0 1 6288974603128.587
a 29 59 0 1 1689688292538.7788
a 29 60 0 1 1854942306448.057
a 29 61 0 1 4677982873653.992
a 29 62 0 1 6137732649026.862
a 29 63 0 1 5536779668254.312
a 29 64 0 1 5071249013524.591
a 29 65 0 1 5783941242658.711
a 29 66 0 1 2870291246956.23
a 29 67 0 1 6486544919643.525
a 29 68 0 1 1713876490734.8694
a 29 69 0 1 1507452488766.6475
a 29 70 0 1 4760675185196.587
a 29 71 0 1 4977011352945.939
a 29 72 0 1 1711442926818.803
a 29 73 0 1 1455181630015.6584
a 29 74 0 1 1414192963971.479
a 29 75 0 1 4993493114447.996
a 29 76 0 1 3339243954209.6133
a 29 77 0 1 2442914174536.7363
a 29 78 0 1 3064600360336.3164
a 29 79 0 1 5490463455755.3
a 30 39 0 1 11572144527013.48
a 30 40 0 1 12536189728521.324
a 30 41 0 1 7158265753048.059
a 30 42 0 1 14390335842510.436
a 30 43 0 1 14105101291462.473
a 30 44 0 1 16633310407347.34
a 30 45 0 1 13771480489866.18
a 30 46 0 1 14855068128804.326
a 30 47 0 1 9079357651658.592
a 30 48 0 1 10271532314689.783
a 30 49 0 1 12557504027559.955
a 30 50 0 1 6716965131088.281
a 30 51 0 1 11846589532182.318
a 30 52 0 1 13374224088415.395
a 30 53 0 1 10126732215345.113
a 30 54 0 1 9316654959245.992
a 30 55 0 1 5259876494340.457
a 30 56 0 1 3865467526897.8115
a 30 57 0 1 7543246793219.662
a 30 58 0 1 18446902262748.062
a 30 59 0 1 4951144996151.981
a 30 60 0 1 5435573979671.3
a 30 61 0 1 13716597557531.262
a 30 62 0 1 18002670690748.145
a 30 63 0 1 16237832925425.662
a 30 64 0 1 14871019230241.182
a 30 65 0 1 16963622937302.45
a 30 66 0 1 8412770248068.164
a 30 67 0 1 19027255785860.246
a 30 68 0 1 5022048549081.347
a 30 69 0 1 4416976521518.364
a 30 70 0 1 13959321709913.113
a 30 71 0 1 14594368799559.057
a 30 72 0 1 5014914939494.847
a 30 73 0 1 4263768487875.312
a 30 74 0 1 4143631515227.7847
a 30 75 0 1 14642752931554.922
a 30 76 0 1 9788282995901.707
a 30 77 0 1 7159455450118.684
a 30 78 0 1 8982674891498.986
a 30 79 0 1 16101834256752.293
a 31 39 0 1 17412440776855.234
a 31 40 0 1 18864083550713.617
a 31 41 0 1 10768177409209.955
a 31 42 0 1 21656483388161.82
a 31 43 0 1 21226872303754.51
a 31 44 0 1 25035277270997.66
a 31 45 0 1 20724401529051.293
a 31 46 0 1 22356478768331.79
a 31 47 0 1 13659600165288.523
a 31 48 0 1 15454259347430.256
a 31 49 0 1 18896180099282.973
a 31 50 0 1 10104069976316.773
a 31 51 0 1 17825678777095.99
a 31 52 0 1 20126113800046.977
a 31 53 0 1 15236268919524.066
a 31 54 0 1 14016799614757.447
a 31 55 0 1 7911558582253.858
a 31 56 0 1 5813710129475.763
a 31 57 0 1 11347558081611.22
a 31 58 0 1 27767899846189.215
a 31 59 0 1 7447051574156.256
a 31 60 0 1 8175914537094.488
a 31 61 0 1 20641743477929.31
a 31 62 0 1 27098502150257.934
a 31 63 0 1 24439469873388.047
a 31 64 0 1 22380505526244.59
a 31 65 0 1 25532931344048.305
a 31 66 0 1 12656250664084.057
a 31 67 0 1 28642467450474.62
a 31 68 0 1 7553729196677.808
a 31 69 0 1 6643399036469.215
a 31 70 0 1 21007309312878.71
a 31 71 0 1 21963800012154.066
a 31 72 0 1 7542996316613.54
a 31 73 0 1 6412907879652.373
a 31 74 0 1 6232172773378.811
a 31 75 0 1 22036677781796.223
a 31 76 0 1 14726762255832.402
a 31 77 0 1 10769967814549.82
a 31 78 0 1 13514068140041.957
a 31 79 0 1 24234587155181.543
a 32 39 0 1 19378461458471.426
a 32 40 0 1 20994404254250.938
a 32 41 0 1 11982965931015.328
a 32 42 0 1 24103025815999.926
a 32 43 0 1 23624749243161.402
a 32 44 0 1 27864749634125.965
a 32 45 0 1 23065366378745.688
a 32 46 0 1 24882326760778.535
a 32 47 0 1 15201149545212.79
a 32 48 0 1 17198745711790.135
a 32 49 0 1 21030134249408.457
a 32 50 0 1 11243841634748.398
a 32 51 0 1 19838464391791.77
a 32 52 0 1 22399323462493.28
a 32 53 0 1 16956100319145.373
a 32 54 0 1 15598733056185.025
a 32 55 0 1 8803757135971.436
a 32 56 0 1 6469154870767.057
a 32 57 0 1 12627803251447.34
a 32 58 0 1 30907312104314.22
a 32 59 0 1 8286816969456.949
a 32 60 0 1 9097956154307.37
a 32 61 0 1 22973346808762.61
a 32 62 0 1 30161969808695.434
a 32 63 0 1 27201393315204.312
a 32 64 0 1 24909075868707.223
a 32 65 0 1 28418832526277.766
a 32 66 0 1 14084383675811.83
a 32 67 0 1 31881120913414.562
a 32 68 0 1 8405535719766.166
a 32 69 0 1 7392463550960.4795
a 32 70 0 1 23380316663121.035
a 32 71 0 1 24445157943663.156
a 32 72 0 1 8393591361924.017
a 32 73 0 1 7135962420718.733
a 32 74 0 1 6934833179992.4
a 32 75 0 1 24526292344099.918
a 32 76 0 1 16388973245765.3
a 32 77 0 1 11984958595878.006
a 32 78 0 1 15039165099183.154
a 32 79 0 1 26973284658012.543
a 33 39 0 1 9990394663878.17
a 33 40 0 1 10822504156809.828
a 33 41 0 1 6180260495012.764
a 33 42 0 1 12422827526216.195
a 33 43 0 1 12176646156311.488
a 33 44 0 1 14358625768453.324
a 33 45 0 1 11888700580166.219
a 33 46 0 1 12823925772920.115
a 33 47 0 1 7838644332010.741
a 33 48 0 1 8867739439592.984
a 33 49 0 1 10840901173021.252
a 33 50 0 1 5799293276956.852
a 33 51 0 1 10227282700900.717
a 33 52 0 1 11545827652061.158
a 33 53 0 1 8742748848508.319
a 33 54 0 1 8043484426424.988
a 33 55 0 1 4541376196796.318
a 33 56 0 1 3337516997326.172
a 33 57 0 1 6512603666578.264
a 33 58 0 1 15923745318665.945
a 33 59 0 1 4274838248143.448
a 33 60 0 1 4693060396960.518
a 33 61 0 1 11841331248672.018
a 33 62 0 1 15540384256385.123
a 33 63 0 1 14017319039014.434
a 33 64 0 1 12837692645861.707
a 33 65 0 1 14643690289319.793
a 33 66 0 1 7263223685604.748
a 33 67 0 1 16424568224737.559
a 33 68 0 1 4336051821686.6807
a 33 69 0 1 3813667105915.756
a 33 70 0 1 12050825280887.893
a 33 71 0 1 12598923743507.809
a 33 72 0 1 4329893127532.835
a 33 73 0 1 3681394440426.302
a 33 74 0 1 3577673339434.8726
a 33 75 0 1 12640682824206.197
a 33 76 0 1 8450599256364.519
a 33 77 0 1 6181287532827.34
a 33 78 0 1 7755185273514.292
a 33 79 0 1 13899947881448.62
a 34 39 0 1 22346689891164.645
a 34 40 0 1 24210839788250.445
a 34 41 0 1 13816612502471.295
a 34 42 0 1 27797242057446.883
a 34 43 0 1 27245430910157.47
a 34 44 0 1 32137653248372.277
a 34 45 0 1 26600055308324.703
a 34 46 0 1 28696379808265.234
a 34 47 0 1 17528240730289.506
a 34 48 0 1 19832340842637.445
a 34 49 0 1 24252059076797.215
a 34 50 0 1 12964217694735.312
a 34 51 0 1 22877337940665.48
a 34 52 0 1 25831639696252.0
a 34 53 0 1 19552456139576.555
a 34 54 0 1 17986815059322.152
a 34 55 0 1 10150348994859.525
a 34 56 0 1 7458347441207.328
a 34 57 0 1 14560289052386.307
a 34 58 0 1 35648693686234.74
a 34 59 0 1 9554252462013.232
a 34 60 0 1 10489602034277.547
a 34 61 0 1 26493890989585.16
a 34 62 0 1 34788552426165.414
a 34 63 0 1 31372207046730.5
a 34 64 0 1 28727242693946.656
a 34 65 0 1 32777022743442.04
a 34 66 0 1 16240193187822.027
a 34 67 0 1 36772524547421.4
a 34 68 0 1 9691149037714.635
a 34 69 0 1 8522976999252.513
a 34 70 0 1 26963420657754.36
a 34 71 0 1 28191982411515.26
a 34 72 0 1 9677375773079.047
a 34 73 0 1 8227212538694.97
a 34 74 0 1 7995297764711.49
a 34 75 0 1 28285593210830.74
a 34 76 0 1 18898300213313.06
a 34 77 0 1 13818910572501.61
a 34 78 0 1 17341409102407.809
a 34 79 0 1 31108996849647.418
a 35 39 0 1 20932052456756.17
a 35 40 0 1 22677885613652.66
a 35 41 0 1 12942768796054.416
a 35 42 0 1 26036526758645.01
a 35 43 0 1 25519770867833.81
a 35 44 0 1 30101056413170.465
a 35 45 0 1 24915389159232.75
a 35 46 0 1 26878535479455.273
a 35 47 0 1 16419207785782.805
a 35 48 0 1 18577212668487.65
a 35 49 0 1 22716488195329.66
a 35 50 0 1 12144359847425.844
a 35 51 0 1 21429025360000.41
a 35 52 0 1 24195775432807.23
a 35 53 0 1 18315078385765.332
a 35 54 0 1 16848711246781.395
a 35 55 0 1 9508635209294.715
a 35 56 0 1 6986961228238.427
a 35 57 0 1 13639336978154.438
a 35 58 0 1 33388742098741.617
a 35 59 0 1 8950263255748.67
a 35 60 0 1 9826416107031.125
a 35 61 0 1 24815967791579.426
a 35 62 0 1 32583334342333.1
a 35 63 0 1 29384281607648.36
a 35 64 0 1 26907437215674.93
a 35 65 0 1 30699765024129.25
a 35 66 0 1 15212799371728.824
a 35 67 0 1 34441044757867.39
a 35 68 0 1 9078496620549.506
a 35 69 0 1 7984241663249.3545
a 35 70 0 1 25255674448949.64
a 35 71 0 1 26406187632779.89
a 35 72 0 1 9065594979473.352
a 35 73 0 1 7707188996502.497
a 35 74 0 1 7489945675866.166
a 35 75 0 1 26493850639447.46
a 35 76 0 1 17702405159815.97
a 35 77 0 1 12944921305929.479
a 35 78 0 1 16244219340722.082
a 35 79 0 1 29137805946714.25
a 36 39 0 1 8838791222377.28
a 36 40 0 1 9574876794352.115
a 36 41 0 1 5468131779363.011
a 36 42 0 1 10990480005297.432
a 36 43 0 1 10772718474763.883
a 36 44 0 1 12702754828717.213
a 36 45 0 1 10518012302170.432
a 36 46 0 1 11345271339421.53
a 36 47 0 1 6935273516266.913
a 36 48 0 1 7845662578656.289
a 36 49 0 1 9591150644483.451
a 36 50 0 1 5131087950410.724
a 36 51 0 1 9048344468191.762
a 36 52 0 1 10214716851304.94
a 36 53 0 1 7735090970726.996
a 36 54 0 1 7116487304361.583
a 36 55 0 1 4018177464944.9443
a 36 56 0 1 2953058535033.66
a 36 57 0 1 5762154858367.935
a 36 58 0 1 14087088174991.875
a 36 59 0 1 3782359950715.6562
a 36 60 0 1 4152378214596.242
a 36 61 0 1 10476110929517.16
a 36 62 0 1 13748014292983.775
a 36 63 0 1 12400864621867.87
a 36 64 0 1 11357448755612.793
a 36 65 0 1 12954895976308.055
a 36 66 0 1 6426216753065.505
a 36 67 0 1 14530049097715.924
a 36 68 0 1 3836518362875.2114
a 36 69 0 1 3374338192259.389
a 36 70 0 1 10661422149293.688
a 36 71 0 1 11146246327461.504
a 36 72 0 1 3831069492087.2017
a 36 73 0 1 3257308860663.959
a 36 74 0 1 3165540473881.005
a 36 75 0 1 11183184313310.715
a 36 76 0 1 7476642483986.912
a 36 77 0 1 5469040400855.888
a 36 78 0 1 6861440363225.904
a 36 79 0 1 12297047685174.748
a 37 39 0 1 18886626781793.645
a 37 40 0 1 20461459475988.246
a 37 41 0 1 11679084910038.027
a 37 42 0 1 23490954776533.26
a 37 43 0 1 23024855757572.426
a 37 44 0 1 27156854555911.445
a 37 45 0 1 22479713862373.22
a 37 46 0 1 24250410889067.477
a 37 47 0 1 14815517967361.46
a 37 48 0 1 16762340090172.354
a 37 49 0 1 20496280320179.867
a 37 50 0 1 10958728031904.021
a 37 51 0 1 19334928611112.555
a 37 52 0 1 21830624973940.11
a 37 53 0 1 16525863368693.693
a 37 54 0 1 15202997685082.633
a 37 55 0 1 8580578655126.791
a 37 56 0 1 6305202383778.616
a 37 57 0 1 12307546350101.828
a 37 58 0 1 30121853309902.133
a 37 59 0 1 8076755300967.951
a 37 60 0 1 8867312003720.139
a 37 61 0 1 22390036788332.246
a 37 62 0 1 29395516842345.816
a 37 63 0 1 26510402077797.21
a 37 64 0 1 24276478771635.023
a 37 65 0 1 27696816216155.88
a 37 66 0 1 13727127656995.389
a 37 67 0 1 31070825727671.824
a 37 68 0 1 8192461822607.407
a 37 69 0 1 7205091565288.004
a 37 70 0 1 22786646249555.7
a 37 71 0 1 23824374966013.395
a 37 72 0 1 8180820530357.023
a 37 73 0 1 6955097010237.653
a 37 74 0 1 6759069483209.084
a 37 75 0 1 23903443289071.527
a 37 76 0 1 15973152817063.65
a 37 77 0 1 11681026974095.586
a 37 78 0 1 14657649775029.148
a 37 79 0 1 26288105571137.254
a 38 39 0 1 13382100513187.734
a 38 40 0 1 14497180261518.104
a 38 41 0 1 8277205395425.275
a 38 42 0 1 16641919843620.016
a 38 43 0 1 16311972194661.764
a 38 44 0 1 19236619389605.29
a 38 45 0 1 15926057622427.652
a 38 46 0 1 17179510399365.293
a 38 47 0 1 10498954686520.873
a 38 48 0 1 11877786082728.887
a 38 49 0 1 14521834256584.578
a 38 50 0 1 7766861451702.485
a 38 51 0 1 13699538181482.414
a 38 52 0 1 15466538876659.979
a 38 53 0 1 11710311719359.678
a 38 54 0 1 10773400501020.734
a 38 55 0 1 6081862834364.571
a 38 56 0 1 4469430687738.465
a 38 57 0 1 8722424950702.211
a 38 58 0 1 21334757623976.38
a 38 59 0 1 5724852564632.058
a 38 60 0 1 6285037288796.986
a 38 61 0 1 15862572447749.553
a 38 62 0 1 20820814920066.887
a 38 63 0 1 18779111093496.67
a 38 64 0 1 17197962390197.375
a 38 65 0 1 19618746591332.566
a 38 66 0 1 9728026669250.08
a 38 67 0 1 22006195674181.137
a 38 68 0 1 5806843512494.622
a 38 69 0 1 5107161339254.107
a 38 70 0 1 16143341655768.309
a 38 71 0 1 16877938897778.48
a 38 72 0 1 5798594390143.462
a 38 73 0 1 4929999841385.0205
a 38 74 0 1 4791080616330.907
a 38 75 0 1 16933908429667.607
a 38 76 0 1 11318868108324.492
a 38 77 0 1 8278581236527.242
a 38 78 0 1 10387137070835.969
a 38 79 0 1 18621782484700.926
a 39 1 0 1 0
a 40 1 0 1 0
a 41 1 0 1 0
a 42 1 0 1 0
a 43 1 0 1 0
a 44 1 0 1 0
a 45 1 0 1 0
a 46 1 0 1 0
a 47 1 0 1 0
a 48 1 0 1 0
a 49 1 0 1 0
a 50 1 0 1 0
a 51 1 0 1 0
a 52 1 0 1 0
a 53 1 0 1 0
a 54 1 0 1 0
a 55 1 0 1 0
a 56 1 0 1 0
a 57 1 0 1 0
a 58 1 0 1 0
a 59 1 0 1 0
a 60 1 0 1 0
a 61 1 0 1 0
a 62 1 0 1 0
a 63 1 0 1 0
a 64 1 0 1 0
a 65 1 0 1 0
a 66 1 0 1 0
a 67 1 0 1 0
a 68 1 0 1 0
a 69 1 0 1 0
a 70 1 0 1 0
a 71 1 0 1 0
a 72 1 0 1 0
a 73 1 0 1 0
a 74 1 0 1 0
a 75 1 0 1 0
a 76 1 0 1 0
a 77 1 0 1 0
a 78 1 0 1 0
a 79 1 0 1 0
