p min 82 311
n 0 3
n 1 -3
a 0 2 0 1 0
a 0 3 0 1 0
a 0 4 0 1 0
a 2 5 0 1 5.69050659393771
a 2 6 0 1 9.954491633802498
a 2 7 0 1 12.710992616813915
a 2 8 0 1 16.62759946347314
a 2 9 0 1 8.390868883267665
a 2 10 0 1 17.880419161410497
a 2 11 0 1 7.691112795399062
a 2 12 0 1 14.06772929673007
a 2 13 0 1 7.1602464033392215
a 2 14 0 1 9.10179990631241
a 2 15 0 1 9.268799924541563
a 2 16 0 1 11.61196281037622
a 2 17 0 1 8.312929390918928
a 2 18 0 1 10.317311453862455
a 2 19 0 1 17.975862108285774
a 2 20 0 1 16.419718278481472
a 2 21 0 1 18.42068727551446
a 2 22 0 1 9.649477484383834
a 2 23 0 1 14.71750294602787
a 2 24 0 1 4.623091324417437
a 2 25 0 1 15.99384823725138
a 2 26 0 1 5.888163066729558
a 2 27 0 1 19.164398177479466
a 2 28 0 1 4.711605604698814
a 2 29 0 1 17.310191815069658
a 2 30 0 1 11.874173326034011
a 2 31 0 1 5.623228081615696
a 2 32 0 1 19.587927152837263
a 2 33 0 1 15.599195629975997
a 2 34 0 1 8.42482371805438
a 2 35 0 1 18.24454326831063
a 2 36 0 1 18.248553416001496
a 2 37 0 1 10.530381308312688
a 2 38 0 1 18.50312927364771
a 2 39 0 1 15.916454928495993
a 2 40 0 1 9.982070943532474
a 2 41 0 1 4.111410101244419
a 2 42 0 1 9.066344493327337
a 2 43 0 1 11.89388960558355
a 2 44 0 1 17.645100626229933
a 2 45 0 1 6.316467784811364
a 2 46 0 1 12.38140537089354
a 2 47 0 1 7.879131005080894
a 2 48 0 1 11.079627388862537
a 2 49 0 1 7.483739990992974
a 2 50 0 1 15.601944200409786
a 2 51 0 1 17.27503035426277
a 2 52 0 1 15.087435401583095
a 2 53 0 1 7.971695470448684
a 2 54 0 1 9.498147883833596
a 2 55 0 1 13.749199971429158
a 2 56 0 1 6.002875966560895
a 2 57 0 1 6.575639774191862
a 2 58 0 1 14.106464396136612
a 2 59 0 1 7.293188034214678
a 2 60 0 1 12.452417570845837
a 2 61 0 1 9.558185357895752
a 2 62 0 1 12.897476328756664
a 2 63 0 1 4.711854762156539
a 2 64 0 1 15.202249002647331
a 2 65 0 1 7.889112268350394
a 2 66 0 1 11.38594809611807
a 2 67 0 1 18.992212492152692
a 2 68 0 1 14.135220301156883
a 2 69 0 1 7.087673209899686
a 2 70 0 1 19.78669992527001
a 2 71 0 1 6.251174585195572
a 2 72 0 1 8.545496456182056
a 2 73 0 1 18.295623284300273
a 2 74 0 1 19.630947817061173
a 2 75 0 1 16.59592442512387
a 2 76 0 1 16.564451183637438
a 2 77 0 1 7.0121217910064
a 2 78 0 1 8.31545774470926
a 2 79 0 1 5.819988803137333
a 2 80 0 1 8.309181847678365
a 2 81 0 1 10.247353459789267
a 3 5 0 1 1.7230451720225717
a 3 6 0 1 3.0131182837579336
a 3 7 0 1 3.8466304603099726
a 3 8 0 1 5.030301402504422
a 3 9 0 1 2.5401451685964553
a 3 10 0 1 5.408769436567198
a 3 11 0 1 2.328440666740928
a 3 12 0 1 4.256745671852063
a 3 13 0 1 2.167816253461207
a 3 14 0 1 2.7552061769626377
a 3 15 0 1 2.8057211484417266
a 3 16 0 1 3.514349505006822
a 3 17 0 1 2.5165664990674053
a 3 18 0 1 3.1228490189799634
a 3 19 0 1 5.437598957228074
a 3 20 0 1 4.967494585412994
a 3 21 0 1 5.571957126726531
a 3 22 0 1 2.920865269646375
a 3 23 0 1 4.4531280001681806
a 3 24 0 1 1.399959305849904
a 3 25 0 1 4.838820584609478
a 3 26 0 1 1.7828658705943004
a 3 27 0 1 5.7965714244358395
a 3 28 0 1 1.4267529645110315
a 3 29 0 1 5.236517206935486
a 3 30 0 1 3.5936316285521572
a 3 31 0 1 1.7026829083665485
a 3 32 0 1 5.92447292532078
a 3 33 0 1 4.71957087751182
a 3 34 0 1 2.5504172734134753
a 3 35 0 1 5.518754481805404
a 3 36 0 1 5.519965726049671
a 3 37 0 1 3.1872865970128
a 3 38 0 1 5.5968574414440955
a 3 39 0 1 4.815435729196085
a 3 40 0 1 3.0214595574254868
a 3 41 0 1 1.245063704975896
a 3 42 0 1 2.7444812781664254
a 3 43 0 1 3.5995929192785154
a 3 44 0 1 5.33768717116852
a 3 45 0 1 1.912485707851577
a 3 46 0 1 3.746989125737962
a 3 47 0 1 2.3853261125953638
a 3 48 0 1 3.3533819863077037
a 3 49 0 1 2.2656974410628004
a 3 50 0 1 4.720401421978772
a 3 51 0 1 5.225895242413902
a 3 52 0 1 4.564924232677212
a 3 53 0 1 2.413331124769783
a 3 54 0 1 2.8750932179739745
a 3 55 0 1 4.160468458140328
a 3 56 0 1 1.8175828399506813
a 3 57 0 1 1.9909157962062072
a 3 58 0 1 4.2684532294285695
a 3 59 0 1 2.2080417302616278
a 3 60 0 1 3.7684580916115453
a 3 61 0 1 2.8932526428444993
a 3 62 0 1 3.90300617242773
a 3 63 0 1 1.4268283850224026
a 3 64 0 1 4.599620372454888
a 3 65 0 1 2.3883459242687497
a 3 66 0 1 3.4460088851523953
a 3 67 0 1 5.744570585853872
a 3 68 0 1 4.277144560896811
a 3 69 0 1 2.145856695250903
a 3 70 0 1 5.984497306243356
a 3 71 0 1 1.8927263008500272
a 3 72 0 1 2.5869230503181115
a 3 73 0 1 5.534182876487141
a 3 74 0 1 5.937464247156463
a 3 75 0 1 5.020731608223048
a 3 76 0 1 5.011222733404442
a 3 77 0 1 2.122995698861501
a 3 78 0 1 2.5173313947275107
a 3 79 0 1 1.762233155562237
a 3 80 0 1 2.515432764929179
a 3 81 0 1 3.101691515583563
a 4 5 0 1 10.716197024672315
a 4 6 0 1 18.754149769951457
a 4 7 0 1 23.954095661548
a 4 8 0 1 31.347537257935212
a 4 9 0 1 15.805784702955588
a 4 10 0 1 33.713755436081954
a 4 11 0 1 14.486629910950178
a 4 12 0 1 26.514559296224164
a 4 13 0 1 13.485985330366546
a 4 14 0 1 17.14619879191817
a 4 15 0 1 17.46109461981589
a 4 16 0 1 21.880502253448846
a 4 17 0 1 15.658846688217395
a 4 18 0 1 19.438416768463917
a 4 19 0 1 33.89404474310879
a 4 20 0 1 30.954967810640323
a 4 21 0 1 34.73435467412581
a 4 22 0 1 18.178941666322224
a 4 23 0 1 27.741077978721407
a 4 24 0 1 8.705126280907187
a 4 25 0 1 30.15079339433859
a 4 26 0 1 11.088640956564015
a 4 27 0 1 36.13945435808153
a 4 28 0 1 8.871875577705284
a 4 29 0 1 32.6366838104643
a 4 30 0 1 22.37518542383003
a 4 31 0 1 10.589427597576552
a 4 32 0 1 36.939727097695894
a 4 33 0 1 29.405629680761535
a 4 34 0 1 15.86979991225323
a 4 35 0 1 34.40159555840468
a 4 36 0 1 34.40917111949526
a 4 37 0 1 19.840283553912265
a 4 38 0 1 34.89010253647669
a 4 39 0 1 30.004658400660357
a 4 40 0 1 18.806161719563903
a 4 41 0 1 7.741244821451611
a 4 42 0 1 17.079345319175122
a 4 43 0 1 22.412382987512498
a 4 44 0 1 33.269259735661265
a 4 45 0 1 11.895746628550615
a 4 46 0 1 23.33219839861952
a 4 47 0 1 14.841056535375968
a 4 48 0 1 20.87628615845977
a 4 49 0 1 14.09573435785675
a 4 50 0 1 29.41081918880533
a 4 51 0 1 32.57027334104244
a 4 52 0 1 28.43943863964537
a 4 53 0 1 15.015551596639742
a 4 54 0 1 17.893571424330453
a 4 55 0 1 25.913359915696844
a 4 56 0 1 11.304801255384556
a 4 57 0 1 12.384169515255055
a 4 58 0 1 26.587671458821404
a 4 59 0 1 13.736560487416446
a 4 60 0 1 23.46618758466412
a 4 61 0 1 18.006786214689512
a 4 62 0 1 24.305989805362103
a 4 63 0 1 8.87234496192308
a 4 64 0 1 28.656195169441872
a 4 65 0 1 14.85987224918033
a 4 66 0 1 21.454126889378443
a 4 67 0 1 35.8141233602218
a 4 68 0 1 26.64194835326677
a 4 69 0 1 13.34919854274671
a 4 70 0 1 37.315339108016516
a 4 71 0 1 11.77270231577131
a 4 72 0 1 16.097308377144593
a 4 73 0 1 34.49809116799367
a 4 74 0 1 37.0210200242604
a 4 75 0 1 31.287720029100967
a 4 76 0 1 31.228284270670898
a 4 77 0 1 13.206800510263681
a 4 78 0 1 15.663613314478226
a 4 79 0 1 10.960178553357101
a 4 80 0 1 15.651781566765024
a 4 81 0 1 19.306474206362253
a 5 1 0 1 0
a 6 1 0 1 0
a 7 1 0 1 0
a 8 1 0 1 0
a 9 1 0 1 0
a 10 1 0 1 0
a 11 1 0 1 0
a 12 1 0 1 0
a 13 1 0 1 0
a 14 1 0 1 0
a 15 1 0 1 0
a 16 1 0 1 0
a 17 1 0 1 0
a 18 1 0 1 0
a 19 1 0 1 0
a 20 1 0 1 0
a 21 1 0 1 0
a 22 1 0 1 0
a 23 1 0 1 0
a 24 1 0 1 0
a 25 1 0 1 0
a 26 1 0 1 0
a 27 1 0 1 0
a 28 1 0 1 0
a 29 1 0 1 0
a 30 1 0 1 0
a 31 1 0 1 0
a 32 1 0 1 0
a 33 1 0 1 0
a 34 1 0 1 0
a 35 1 0 1 0
a 36 1 0 1 0
a 37 1 0 1 0
a 38 1 0 1 0
a 39 1 0 1 0
a 40 1 0 1 0
a 41 1 0 1 0
a 42 1 0 1 0
a 43 1 0 1 0
a 44 1 0 1 0
a 45 1 0 1 0
a 46 1 0 1 0
a 47 1 0 1 0
a 48 1 0 1 0
a 49 1 0 1 0
a 50 1 0 1 0
a 51 1 0 1 0
a 52 1 0 1 0
a 53 1 0 1 0
a 54 1 0 1 0
a 55 1 0 1 0
a 56 1 0 1 0
a 57 1 0 1 0
a 58 1 0 1 0
a 59 1 0 1 0
a 60 1 0 1 0
a 61 1 0 1 0
a 62 1 0 1 0
a 63 1 0 1 0
a 64 1 0 1 0
a 65 1 0 1 0
a 66 1 0 1 0
a 67 1 0 1 0
a 68 1 0 1 0
a 69 1 0 1 0
a 70 1 0 1 0
a 71 1 0 1 0
a 72 1 0 1 0
a 73 1 0 1 0
a 74 1 0 1 0
a 75 1 0 1 0
a 76 1 0 1 0
a 77 1 0 1 0
a 78 1 0 1 0
a 79 1 0 1 0
a 80 1 0 1 0
a 81 1 0 1 0
