p min 82 311
n 0 3
n 1 -3
a 0 2 0 1 0
a 0 3 0 1 0
a 0 4 0 1 0
a 2 5 0 1 8.759256891614887
a 2 6 0 1 11.858841288730865
a 2 7 0 1 13.791185361450102
a 2 8 0 1 7.022952962921689
a 2 9 0 1 9.813180488193431
a 2 10 0 1 16.09558195838459
a 2 11 0 1 11.955397697302953
a 2 12 0 1 11.594838664424175
a 2 13 0 1 10.413084060860777
a 2 14 0 1 8.840228103341271
a 2 15 0 1 10.254105822798243
a 2 16 0 1 11.039020540481845
a 2 17 0 1 7.1405602628618166
a 2 18 0 1 10.547845084679349
a 2 19 0 1 15.268985049168144
a 2 20 0 1 16.58159041240166
a 2 21 0 1 3.7651512658280857
a 2 22 0 1 15.85030768585627
a 2 23 0 1 14.622997640365602
a 2 24 0 1 5.97361788306617
a 2 25 0 1 13.87300630127443
a 2 26 0 1 8.102327463986853
a 2 27 0 1 4.8312479348200705
a 2 28 0 1 4.1121465822524845
a 2 29 0 1 6.690351338522732
a 2 30 0 1 4.830298220131281
a 2 31 0 1 5.983195936027281
a 2 32 0 1 11.509865846224834
a 2 33 0 1 16.985826597683147
a 2 34 0 1 13.88043456684425
a 2 35 0 1 6.481445975063782
a 2 36 0 1 8.944174374820566
a 2 37 0 1 15.75653097112613
a 2 38 0 1 17.441129372379205
a 2 39 0 1 15.426062460085683
a 2 40 0 1 14.694879718902397
a 2 41 0 1 4.53210434346244
a 2 42 0 1 13.713926327819756
a 2 43 0 1 14.814042468658151
a 2 44 0 1 6.1284133993485135
a 2 45 0 1 12.55641816930272
a 2 46 0 1 9.238280768395546
a 2 47 0 1 5.898222328589831
a 2 48 0 1 14.387053585590722
a 2 49 0 1 15.369567209978573
a 2 50 0 1 15.211150597424462
a 2 51 0 1 6.274797951554686
a 2 52 0 1 14.458200561367764
a 2 53 0 1 10.810058333815562
a 2 54 0 1 4.74211254028109
a 2 55 0 1 4.706392288513776
a 2 56 0 1 10.08435797771941
a 2 57 0 1 7.089532304260878
a 2 58 0 1 5.2696404173836235
a 2 59 0 1 8.426447410168361
a 2 60 0 1 12.857527240874326
a 2 61 0 1 6.4104689351234585
a 2 62 0 1 5.221976457499825
a 2 63 0 1 16.233252757242457
a 2 64 0 1 14.757880303987085
a 2 65 0 1 14.950899298023678
a 2 66 0 1 12.145156213073196
a 2 67 0 1 5.698403187476517
a 2 68 0 1 13.692574844613128
a 2 69 0 1 13.664716240143557
a 2 70 0 1 12.570046078496818
a 2 71 0 1 14.995154522424919
a 2 72 0 1 4.409627040528287
a 2 73 0 1 7.073382085141257
a 2 74 0 1 6.347278170198122
a 2 75 0 1 12.410703156861352
a 2 76 0 1 14.350071124335834
a 2 77 0 1 8.672992072549208
a 2 78 0 1 9.638365892386817
a 2 79 0 1 6.10780183408122
a 2 80 0 1 16.898370892655617
a 2 81 0 1 13.803380879395352
a 3 5 0 1 7.981801221970612
a 3 6 0 1 10.805929724685898
a 3 7 0 1 12.566458317023294
a 3 8 0 1 6.399722029228583
a 3 9 0 1 8.942084144349442
a 3 10 0 1 14.665867094856427
a 3 11 0 1 10.893902417976998
a 3 12 0 1 10.565395637469603
a 3 13 0 1 9.488677285835672
a 3 14 0 1 8.055578909382197
a 3 15 0 1 9.343827302391336
a 3 16 0 1 10.058982766983961
a 3 17 0 1 6.506884801174968
a 3 18 0 1 9.611461848307918
a 3 19 0 1 13.912811590181162
a 3 20 0 1 15.108629965773732
a 3 21 0 1 3.43113839085745
a 3 22 0 1 14.442415931181207
a 3 23 0 1 13.324288083919987
a 3 24 0 1 5.4435654173630095
a 3 25 0 1 12.641002563973979
a 3 26 0 1 7.383229226951275
a 3 27 0 1 4.40261189202242
a 3 28 0 1 3.7473378892146667
a 3 29 0 1 6.096656861450688
a 3 30 0 1 4.401746480247652
a 3 31 0 1 5.45229305468976
a 3 32 0 1 10.487976209101337
a 3 33 0 1 15.476893398394841
a 3 34 0 1 12.647770195319975
a 3 35 0 1 5.906302140093151
a 3 36 0 1 8.150290361222604
a 3 37 0 1 14.356982638109876
a 3 38 0 1 15.891675380273519
a 3 39 0 1 14.055914980502754
a 3 40 0 1 13.389776266894163
a 3 41 0 1 4.130021419764471
a 3 42 0 1 12.496070151413816
a 3 43 0 1 13.498339303060956
a 3 44 0 1 5.58461674857227
a 3 45 0 1 11.441489190500528
a 3 46 0 1 8.41826659280744
a 3 47 0 1 5.374864019510444
a 3 48 0 1 13.109330524911604
a 3 49 0 1 14.00444574981213
a 3 50 0 1 13.860122127762162
a 3 51 0 1 5.718003508622788
a 3 52 0 1 13.174149306073597
a 3 53 0 1 9.850370750776026
a 3 54 0 1 4.321388667296167
a 3 55 0 1 4.288839108801375
a 3 56 0 1 9.189164277151445
a 3 57 0 1 6.460388590728285
a 3 58 0 1 4.8020879850390505
a 3 59 0 1 7.678557423576504
a 3 60 0 1 11.715825639593682
a 3 61 0 1 5.841627623865045
a 3 62 0 1 4.758655359723636
a 3 63 0 1 14.791288237550297
a 3 64 0 1 13.447172884082743
a 3 65 0 1 13.623022175782065
a 3 66 0 1 11.066791188747704
a 3 67 0 1 5.192785738810653
a 3 68 0 1 12.476617497365284
a 3 69 0 1 12.45123640028513
a 3 70 0 1 11.453905432892515
a 3 71 0 1 13.66334064803038
a 3 72 0 1 4.0184151856353525
a 3 73 0 1 6.445672648267899
a 3 74 0 1 5.784047908500063
a 3 75 0 1 11.30872958374646
a 3 76 0 1 13.075637445325176
a 3 77 0 1 7.903200079586669
a 3 78 0 1 8.782803185225879
a 3 79 0 1 5.565835295457775
a 3 80 0 1 15.39722058635929
a 3 81 0 1 12.57756924231244
a 4 5 0 1 3.676882862390523
a 4 6 0 1 4.976968169723407
a 4 7 0 1 5.787195256561836
a 4 8 0 1 2.948374583360533
a 4 9 0 1 4.118999532330641
a 4 10 0 1 6.753149372149561
a 4 11 0 1 5.017459001856328
a 4 12 0 1 4.866256268156901
a 4 13 0 1 4.370628830184291
a 4 14 0 1 3.7108521657076294
a 4 15 0 1 4.303947441194691
a 4 16 0 1 4.633156108570919
a 4 17 0 1 2.9977249061563267
a 4 18 0 1 4.427151508588178
a 4 19 0 1 6.40669174212228
a 4 20 0 1 6.956835782057513
a 4 21 0 1 1.581028951750547
a 4 22 0 1 6.650349762455017
a 4 23 0 1 6.135907633722916
a 4 24 0 1 2.5080187307783586
a 4 25 0 1 5.821497954391667
a 4 26 0 1 3.401272123981703
a 4 27 0 1 2.028550380182797
a 4 28 0 1 1.726696135309931
a 4 29 0 1 2.8088042394288455
a 4 30 0 1 2.0281517414431782
a 4 31 0 1 2.5120384617240212
a 4 32 0 1 4.830621312734494
a 4 33 0 1 7.126241302617071
a 4 34 0 1 5.824612169765845
a 4 35 0 1 2.7211376549835733
a 4 36 0 1 3.754459501123601
a 4 37 0 1 6.6110450764801625
a 4 38 0 1 7.317036615785087
a 4 39 0 1 6.472531698126768
a 4 40 0 1 6.166040220719668
a 4 41 0 1 1.9029836164091396
a 4 42 0 1 5.754804752618899
a 4 43 0 1 6.215991976805492
a 4 44 0 1 2.5729829038178496
a 4 45 0 1 5.269484574861801
a 4 46 0 1 3.8778391548166398
a 4 47 0 1 2.476376437161487
a 4 48 0 1 6.036999098471401
a 4 49 0 1 6.448851528324183
a 4 50 0 1 6.3824497301059795
a 4 51 0 1 2.6344159494842305
a 4 52 0 1 6.066824476833966
a 4 53 0 1 4.5371284253162285
a 4 54 0 1 1.9911359533588788
a 4 55 0 1 1.9761423147497938
a 4 56 0 1 4.232747313882487
a 4 57 0 1 2.9763126721631394
a 4 58 0 1 2.212558377435178
a 4 59 0 1 3.5372576967630813
a 4 60 0 1 5.395740855912392
a 4 61 0 1 2.6913517704903693
a 4 62 0 1 2.1925527404506493
a 4 63 0 1 6.8108486236848895
a 4 64 0 1 6.192449494459226
a 4 65 0 1 6.273359920560501
a 4 66 0 1 5.097032520164859
a 4 67 0 1 2.392514036563637
a 4 68 0 1 5.745853179860367
a 4 69 0 1 5.734173469230152
a 4 70 0 1 5.275198923465804
a 4 71 0 1 6.291910697228986
a 4 72 0 1 1.8515718122678975
a 4 73 0 1 2.969535724142156
a 4 74 0 1 2.664833199139969
a 4 75 0 1 5.2083838413414965
a 4 76 0 1 6.021495644351897
a 4 77 0 1 3.6406923634121022
a 4 78 0 1 4.045669827730037
a 4 79 0 1 2.5643327741473287
a 4 80 0 1 7.089591527351368
a 4 81 0 1 5.792308142277152
a 5 1 0 1 0
a 6 1 0 1 0
a 7 1 0 1 0
a 8 1 0 1 0
a 9 1 0 1 0
a 10 1 0 1 0
a 11 1 0 1 0
a 12 1 0 1 0
a 13 1 0 1 0
a 14 1 0 1 0
a 15 1 0 1 0
a 16 1 0 1 0
a 17 1 0 1 0
a 18 1 0 1 0
a 19 1 0 1 0
a 20 1 0 1 0
a 21 1 0 1 0
a 22 1 0 1 0
a 23 1 0 1 0
a 24 1 0 1 0
a 25 1 0 1 0
a 26 1 0 1 0
a 27 1 0 1 0
a 28 1 0 1 0
a 29 1 0 1 0
a 30 1 0 1 0
a 31 1 0 1 0
a 32 1 0 1 0
a 33 1 0 1 0
a 34 1 0 1 0
a 35 1 0 1 0
a 36 1 0 1 0
a 37 1 0 1 0
a 38 1 0 1 0
a 39 1 0 1 0
a 40 1 0 1 0
a 41 1 0 1 0
a 42 1 0 1 0
a 43 1 0 1 0
a 44 1 0 1 0
a 45 1 0 1 0
a 46 1 0 1 0
a 47 1 0 1 0
a 48 1 0 1 0
a 49 1 0 1 0
a 50 1 0 1 0
a 51 1 0 1 0
a 52 1 0 1 0
a 53 1 0 1 0
a 54 1 0 1 0
a 55 1 0 1 0
a 56 1 0 1 0
a 57 1 0 1 0
a 58 1 0 1 0
a 59 1 0 1 0
a 60 1 0 1 0
a 61 1 0 1 0
a 62 1 0 1 0
a 63 1 0 1 0
a 64 1 0 1 0
a 65 1 0 1 0
a 66 1 0 1 0
a 67 1 0 1 0
a 68 1 0 1 0
a 69 1 0 1 0
a 70 1 0 1 0
a 71 1 0 1 0
a 72 1 0 1 0
a 73 1 0 1 0
a 74 1 0 1 0
a 75 1 0 1 0
a 76 1 0 1 0
a 77 1 0 1 0
a 78 1 0 1 0
a 79 1 0 1 0
a 80 1 0 1 0
a 81 1 0 1 0
