p min 82 455
n 0 5
n 1 -5
a 0 2 0 1 0
a 0 3 0 1 0
a 0 4 0 1 0
a 0 5 0 1 0
a 0 6 0 1 0
a 2 7 0 1 5.058008648303181
a 2 8 0 1 6.186237392769203
a 2 9 0 1 2.8784429977668404
a 2 10 0 1 5.19297530112479
a 2 11 0 1 2.3598658671284602
a 2 12 0 1 6.041293071983077
a 2 13 0 1 8.03730259269732
a 2 14 0 1 3.787516551525755
a 2 15 0 1 5.8892828034503015
a 2 16 0 1 4.707943979857961
a 2 17 0 1 8.027399522858534
a 2 18 0 1 7.558228514041989
a 2 19 0 1 7.341694050565221
a 2 20 0 1 6.9114658291888125
a 2 21 0 1 5.677817338439591
a 2 22 0 1 5.414603566996065
a 2 23 0 1 2.276577387226903
a 2 24 0 1 6.751204526722872
a 2 25 0 1 5.441664742692244
a 2 26 0 1 5.554221726940906
a 2 27 0 1 6.9720045650591045
a 2 28 0 1 1.916354985433559
a 2 29 0 1 8.052318243714426
a 2 30 0 1 8.000345121145914
a 2 31 0 1 2.2912114194665185
a 2 32 0 1 4.857623636877415
a 2 33 0 1 4.631402893428058
a 2 34 0 1 4.877902143027129
a 2 35 0 1 7.7475680634243576
a 2 36 0 1 2.6780680209420624
a 2 37 0 1 4.379743003617414
a 2 38 0 1 5.717039904551081
a 2 39 0 1 7.024945690762702
a 2 40 0 1 4.790603743784609
a 2 41 0 1 4.38007923193429
a 2 42 0 1 2.001147822392175
a 2 43 0 1 2.702882452721559
a 2 44 0 1 6.471335614337757
a 2 45 0 1 4.945878221471692
a 2 46 0 1 2.1331022225722225
a 2 47 0 1 4.1818428912579915
a 2 48 0 1 6.0600145515278285
a 2 49 0 1 4.8262670750742105
a 2 50 0 1 3.4207714112141483
a 2 51 0 1 5.594053588591479
a 2 52 0 1 4.163787096756605
a 2 53 0 1 4.329037542727844
a 2 54 0 1 5.504754841633655
a 2 55 0 1 4.576265452150185
a 2 56 0 1 5.937207178136443
a 2 57 0 1 7.2493850746222135
a 2 58 0 1 7.254978211870868
a 2 59 0 1 2.0628036867995148
a 2 60 0 1 5.322422430636344
a 2 61 0 1 2.0667708809157608
a 2 62 0 1 5.000321977330377
a 2 63 0 1 5.177491762673629
a 2 64 0 1 5.349680809997775
a 2 65 0 1 4.23968163996373
a 2 66 0 1 2.4950484451982837
a 2 67 0 1 3.715508352469138
a 2 68 0 1 5.819170661499872
a 2 69 0 1 4.561470880389363
a 2 70 0 1 4.635283453901034
a 2 71 0 1 3.323929275467158
a 2 72 0 1 2.0789251198375926
a 2 73 0 1 4.44299992440581
a 2 74 0 1 2.470274447192585
a 2 75 0 1 2.399210647913076
a 2 76 0 1 2.5399531398059096
a 2 77 0 1 4.494151162835025
a 2 78 0 1 4.181377163186551
a 2 79 0 1 7.63314894535578
a 2 80 0 1 5.51474373635876
a 2 81 0 1 6.148020460273216
a 3 7 0 1 21.511812439150617
a 3 8 0 1 26.321332588600555
a 3 9 0 1 12.23208088126535
a 3 10 0 1 22.08694642305383
a 3 11 0 1 10.026415993477789
a 3 12 0 1 25.70322194982565
a 3 13 0 1 34.22107202955848
a 3 14 0 1 16.100713739615472
a 3 15 0 1 25.055051130790225
a 3 16 0 1 20.020351948979123
a 3 17 0 1 34.178779684825265
a 3 18 0 1 32.17548536002769
a 3 19 0 1 31.25115221268081
a 3 20 0 1 29.415059068860494
a 3 21 0 1 24.153486870425773
a 3 22 0 1 23.031498386475704
a 3 23 0 1 9.672244819602628
a 3 24 0 1 28.73126077267244
a 3 25 0 1 23.14684050628098
a 3 26 0 1 23.626614265542965
a 3 27 0 1 29.67338545058663
a 3 28 0 1 8.140709979278892
a 3 29 0 1 34.285198917311085
a 3 30 0 1 34.06324195965951
a 3 31 0 1 9.734472142600998
a 3 32 0 1 20.658018421967263
a 3 33 0 1 19.694298685276962
a 3 34 0 1 20.744414587614454
a 3 35 0 1 32.98385348431052
a 3 36 0 1 11.379724114209228
a 3 37 0 1 18.622398260769398
a 3 38 0 1 24.320697982152108
a 3 39 0 1 29.899301519635674
a 3 40 0 1 20.37249087840538
a 3 41 0 1 18.623830230279093
a 3 42 0 1 8.501181160374658
a 3 43 0 1 11.485273011745567
a 3 44 0 1 27.53732180969092
a 3 45 0 1 21.034034890973295
a 3 46 0 1 9.062191023926413
a 3 47 0 1 17.779620191174995
a 3 48 0 1 25.78305534151639
a 3 49 0 1 20.524427013423082
a 3 50 0 1 14.539684149691332
a 3 51 0 1 23.796407157881248
a 3 52 0 1 17.702733954569034
a 3 53 0 1 18.406451893618886
a 3 54 0 1 23.415756839971284
a 3 55 0 1 19.459433267014788
a 3 56 0 1 25.25939236721552
a 3 57 0 1 30.857153358795536
a 3 58 0 1 30.88102555259984
a 3 59 0 1 8.76330684751721
a 3 60 0 1 22.63861480864336
a 3 61 0 1 8.780173516070223
a 3 62 0 1 21.26600975791491
a 3 63 0 1 22.02096339327739
a 3 64 0 1 22.754789428683985
a 3 65 0 1 18.025919534409347
a 3 66 0 1 10.601305695204662
a 3 67 0 1 15.794181112755794
a 3 68 0 1 24.756118354783467
a 3 69 0 1 19.396415433484357
a 3 70 0 1 19.71082882566735
a 3 71 0 1 14.127552801561052
a 3 72 0 1 8.831848012110369
a 3 73 0 1 18.89181078755358
a 3 74 0 1 10.495945186464287
a 3 75 0 1 10.193731174539735
a 3 76 0 1 10.792284354781023
a 3 77 0 1 19.109674316423014
a 3 78 0 1 17.777636987667904
a 3 79 0 1 32.4953376065621
a 3 80 0 1 23.458334847066624
a 3 81 0 1 26.158351107262646
a 4 7 0 1 9.583204234836167
a 4 8 0 1 11.72217669958654
a 4 9 0 1 5.452444994805724
a 4 10 0 1 9.839056944808439
a 4 11 0 1 4.4698997875853035
a 4 12 0 1 11.447353568384527
a 4 13 0 1 15.232630412314123
a 4 14 0 1 7.17511495943646
a 4 15 0 1 11.159141805292204
a 4 16 0 1 8.919629100006118
a 4 17 0 1 15.213846160112016
a 4 18 0 1 14.323961425797647
a 4 19 0 1 13.913285850354155
a 4 20 0 1 13.097376801320554
a 4 21 0 1 10.75821790687071
a 4 22 0 1 10.259207229842893
a 4 23 0 1 4.312103350179243
a 4 24 0 1 12.79346675508653
a 4 25 0 1 10.310509586244706
a 4 26 0 1 10.523897272538921
a 4 27 0 1 13.212181491918624
a 4 28 0 1 3.6296654482767896
a 4 29 0 1 15.261112338219215
a 4 30 0 1 15.162529268072232
a 4 31 0 1 4.33982845486482
a 4 32 0 1 9.20335280996258
a 4 33 0 1 8.774545827241232
a 4 34 0 1 9.241792194000087
a 4 35 0 1 14.683074635910273
a 4 36 0 1 5.07278319611962
a 4 37 0 1 8.297541818273244
a 4 38 0 1 10.832579858749313
a 4 39 0 1 13.312579371874707
a 4 40 0 1 9.076312869174789
a 4 41 0 1 8.298179099406843
a 4 42 0 1 3.7903001122297098
a 4 43 0 1 5.119799652837698
a 4 44 0 1 12.262764021749796
a 4 45 0 1 9.370646969726314
a 4 46 0 1 4.04028495301158
a 4 47 0 1 7.922453152417897
a 4 48 0 1 11.482850154972487
a 4 49 0 1 9.143914481749842
a 4 50 0 1 6.480103934213754
a 4 51 0 1 10.599412465515464
a 4 52 0 1 7.888231983809601
a 4 53 0 1 8.20143610096987
a 4 54 0 1 10.430116393832112
a 4 55 0 1 8.670034482966727
a 4 56 0 1 11.25000553675463
a 4 57 0 1 13.73821979977124
a 4 58 0 1 13.748827215513638
a 4 59 0 1 3.9071050072939664
a 4 60 0 1 10.084453131634845
a 4 61 0 1 3.914620769635742
a 4 62 0 1 9.473851312556095
a 4 63 0 1 9.809704849311505
a 4 64 0 1 10.13612836366608
a 4 65 0 1 8.032075858605763
a 4 66 0 1 4.726019352182781
a 4 67 0 1 7.038649586546944
a 4 68 0 1 11.02621209440212
a 4 69 0 1 8.641992023987202
a 4 70 0 1 8.781901356439576
a 4 71 0 1 6.296589200280813
a 4 72 0 1 3.9376467472371743
a 4 73 0 1 8.417438631350475
a 4 74 0 1 4.679081515749388
a 4 75 0 1 4.544442445364819
a 4 76 0 1 4.8110982456732625
a 4 77 0 1 8.514391545400073
a 4 78 0 1 7.9215704558551385
a 4 79 0 1 14.466058514797854
a 4 80 0 1 10.449053577863703
a 4 81 0 1 11.64971430411363
a 5 7 0 1 13.250493359948194
a 5 8 0 1 16.209534089747425
a 5 9 0 1 7.537607969290872
a 5 10 0 1 13.604408934019753
a 5 11 0 1 6.17904342291913
a 5 12 0 1 15.829314253779915
a 5 13 0 1 21.06708489549884
a 5 14 0 1 9.919826473114908
a 5 15 0 1 15.43058105853762
a 5 16 0 1 12.332621324506066
a 5 17 0 1 21.041088387422423
a 5 18 0 1 19.809579870059984
a 5 19 0 1 19.241279975201603
a 5 20 0 1 18.11227224745572
a 5 21 0 1 14.875930540532698
a 5 22 0 1 14.185611162750112
a 5 23 0 1 5.960869364584953
a 5 24 0 1 17.6917599151348
a 5 25 0 1 14.256580207238484
a 5 26 0 1 14.551773219430117
a 5 27 0 1 18.27112741443295
a 5 28 0 1 5.017345298860166
a 5 29 0 1 21.10650260326331
a 5 30 0 1 20.970068479354733
a 5 31 0 1 5.999202701174387
a 5 32 0 1 12.725067757598234
a 5 33 0 1 12.131946041448883
a 5 34 0 1 12.778237841874988
a 5 35 0 1 20.306543786055915
a 5 36 0 1 7.012635930575835
a 5 37 0 1 11.472185023081224
a 5 38 0 1 14.97880368110593
a 5 39 0 1 18.41004920867645
a 5 40 0 1 12.54934498750451
a 5 41 0 1 11.473066450505321
a 5 42 0 1 5.239430249702656
a 5 43 0 1 7.077646325201648
a 5 44 0 1 16.957467579988382
a 5 45 0 1 12.956473524528107
a 5 46 0 1 5.585052257906877
a 5 47 0 1 10.953406197425673
a 5 48 0 1 15.87842352509763
a 5 49 0 1 12.642851890922172
a 5 50 0 1 8.958677118423342
a 5 51 0 1 14.65623961071354
a 5 52 0 1 10.906076329039617
a 5 53 0 1 11.339261186212388
a 5 54 0 1 14.422039368831541
a 5 55 0 1 11.98739035095105
a 5 56 0 1 15.556287483308319
a 5 57 0 1 18.999026846179824
a 5 58 0 1 19.013705083185194
a 5 59 0 1 5.400920464325679
a 5 60 0 1 13.94386773207217
a 5 61 0 1 5.411311541847706
a 5 62 0 1 13.09923024219231
a 5 63 0 1 13.563806403145318
a 5 64 0 1 14.015351492083328
a 5 65 0 1 11.105021743626727
a 5 66 0 1 6.533168425174314
a 5 67 0 1 9.731100208054247
a 5 68 0 1 15.24667981057262
a 5 69 0 1 11.948603429338593
a 5 70 0 1 12.142119949905247
a 5 71 0 1 8.70489950819749
a 5 72 0 1 5.443146641104859
a 5 73 0 1 11.638015909176316
a 5 74 0 1 6.468268991823889
a 5 75 0 1 6.282109378601841
a 5 76 0 1 6.650804952805335
a 5 77 0 1 11.772114064220673
a 5 78 0 1 10.952185374896638
a 5 79 0 1 20.006221058801234
a 5 80 0 1 14.448236454228793
a 5 81 0 1 16.109280933577548
a 6 7 0 1 4.538794924450057
a 6 8 0 1 5.551134915958603
a 6 9 0 1 2.5830321598079222
a 6 10 0 1 4.659899572505102
a 6 11 0 1 2.1176888977713304
a 6 12 0 1 5.421080415111896
a 6 13 0 1 7.212004935313669
a 6 14 0 1 3.3987721718402857
a 6 15 0 1 5.284685357187181
a 6 16 0 1 4.2246825068981915
a 6 17 0 1 7.203119589974929
a 6 18 0 1 6.78216223706792
a 6 19 0 1 6.5878780372639865
a 6 20 0 1 6.20185548957654
a 6 21 0 1 5.0949418049161626
a 6 22 0 1 4.858764250559576
a 6 23 0 1 2.042949758075694
a 6 24 0 1 6.05805992870011
a 6 25 0 1 4.883045883345618
a 6 26 0 1 4.984041600502728
a 6 27 0 1 6.2561741467252805
a 6 28 0 1 1.7197015303834344
a 6 29 0 1 7.225477445111712
a 6 30 0 1 7.1788455203004675
a 6 31 0 1 2.0560816566105364
a 6 32 0 1 4.358990120777101
a 6 33 0 1 4.156001976868799
a 6 34 0 1 4.377185995588788
a 6 35 0 1 6.952045153715967
a 6 36 0 1 2.403227094793213
a 6 37 0 1 3.930185980586805
a 6 38 0 1 5.130135467306275
a 6 39 0 1 6.303675749701137
a 6 40 0 1 4.298853203673493
a 6 41 0 1 3.9304876812597422
a 6 42 0 1 1.7957912553479194
a 6 43 0 1 2.425494195445865
a 6 44 0 1 5.806944306140549
a 6 45 0 1 4.438180770729637
a 6 46 0 1 1.9142015911896408
a 6 47 0 1 3.7526080256918144
a 6 48 0 1 5.437878702197738
a 6 49 0 1 4.3308539051611925
a 6 50 0 1 3.0696824451337967
a 6 51 0 1 5.019782076408861
a 6 52 0 1 3.7364063206520814
a 6 53 0 1 3.884687490109528
a 6 54 0 1 4.939655729086687
a 6 55 0 1 4.106526920218353
a 6 56 0 1 5.327686767360929
a 6 57 0 1 6.505054080453096
a 6 58 0 1 6.510072511525368
a 6 59 0 1 1.8511186841109242
a 6 60 0 1 4.776051227144848
a 6 61 0 1 1.8546786776612678
a 6 62 0 1 4.487032953962524
a 6 63 0 1 4.646006319718139
a 6 64 0 1 4.800509861419215
a 6 65 0 1 3.8045074591662362
a 6 66 0 1 2.2389950317424434
a 6 67 0 1 3.334157611534291
a 6 68 0 1 5.2217752993610755
a 6 69 0 1 4.0932516781295565
a 6 70 0 1 4.159484017579904
a 6 71 0 1 2.98278306153839
a 6 72 0 1 1.8655853796439081
a 6 73 0 1 3.986946938476341
a 6 74 0 1 2.216764104927195
a 6 75 0 1 2.1529949906339816
a 6 76 0 1 2.279290189481134
a 6 77 0 1 4.032845305437594
a 6 78 0 1 3.7521901217726716
a 6 79 0 1 6.849383896032699
a 6 80 0 1 4.948618614077327
a 6 81 0 1 5.516843970450228
a 7 1 0 1 0
a 8 1 0 1 0
a 9 1 0 1 0
a 10 1 0 1 0
a 11 1 0 1 0
a 12 1 0 1 0
a 13 1 0 1 0
a 14 1 0 1 0
a 15 1 0 1 0
a 16 1 0 1 0
a 17 1 0 1 0
a 18 1 0 1 0
a 19 1 0 1 0
a 20 1 0 1 0
a 21 1 0 1 0
a 22 1 0 1 0
a 23 1 0 1 0
a 24 1 0 1 0
a 25 1 0 1 0
a 26 1 0 1 0
a 27 1 0 1 0
a 28 1 0 1 0
a 29 1 0 1 0
a 30 1 0 1 0
a 31 1 0 1 0
a 32 1 0 1 0
a 33 1 0 1 0
a 34 1 0 1 0
a 35 1 0 1 0
a 36 1 0 1 0
a 37 1 0 1 0
a 38 1 0 1 0
a 39 1 0 1 0
a 40 1 0 1 0
a 41 1 0 1 0
a 42 1 0 1 0
a 43 1 0 1 0
a 44 1 0 1 0
a 45 1 0 1 0
a 46 1 0 1 0
a 47 1 0 1 0
a 48 1 0 1 0
a 49 1 0 1 0
a 50 1 0 1 0
a 51 1 0 1 0
a 52 1 0 1 0
a 53 1 0 1 0
a 54 1 0 1 0
a 55 1 0 1 0
a 56 1 0 1 0
a 57 1 0 1 0
a 58 1 0 1 0
a 59 1 0 1 0
a 60 1 0 1 0
a 61 1 0 1 0
a 62 1 0 1 0
a 63 1 0 1 0
a 64 1 0 1 0
a 65 1 0 1 0
a 66 1 0 1 0
a 67 1 0 1 0
a 68 1 0 1 0
a 69 1 0 1 0
a 70 1 0 1 0
a 71 1 0 1 0
a 72 1 0 1 0
a 73 1 0 1 0
a 74 1 0 1 0
a 75 1 0 1 0
a 76 1 0 1 0
a 77 1 0 1 0
a 78 1 0 1 0
a 79 1 0 1 0
a 80 1 0 1 0
a 81 1 0 1 0
