p min 82 455
n 0 5
n 1 -5
a 0 2 0 1 0
a 0 3 0 1 0
a 0 4 0 1 0
a 0 5 0 1 0
a 0 6 0 1 0
a 2 7 0 1 9.30446925796584
a 2 8 0 1 4.906324244457299
a 2 9 0 1 8.79327142172611
a 2 10 0 1 6.070264841878453
a 2 11 0 1 9.136780006737007
a 2 12 0 1 8.8953474931965
a 2 13 0 1 7.614135089943672
a 2 14 0 1 4.188467077589045
a 2 15 0 1 9.643683774557058
a 2 16 0 1 8.179154487652651
a 2 17 0 1 7.422374819231031
a 2 18 0 1 7.651879154931671
a 2 19 0 1 5.2267950662866225
a 2 20 0 1 5.869475400154284
a 2 21 0 1 6.276854332156819
a 2 22 0 1 7.708653863242574
a 2 23 0 1 8.565656878042823
a 2 24 0 1 3.7758564695527306
a 2 25 0 1 2.7325269418188856
a 2 26 0 1 2.7274532972411953
a 2 27 0 1 5.772568128391768
a 2 28 0 1 8.920721125333417
a 2 29 0 1 8.315051025163564
a 2 30 0 1 11.677638004836243
a 2 31 0 1 4.843708360490152
a 2 32 0 1 7.814876407997945
a 2 33 0 1 6.11368275056855
a 2 34 0 1 6.599277196143412
a 2 35 0 1 6.804916148215851
a 2 36 0 1 3.9609395276303943
a 2 37 0 1 10.008350854836904
a 2 38 0 1 7.007374284007606
a 2 39 0 1 7.481984871433402
a 2 40 0 1 8.640479844975294
a 2 41 0 1 9.24412641851599
a 2 42 0 1 3.9052557933745775
a 2 43 0 1 7.86093460654681
a 2 44 0 1 3.668944105476279
a 2 45 0 1 8.157185329356729
a 2 46 0 1 6.025056349398655
a 2 47 0 1 9.735938490663065
a 2 48 0 1 10.898436239732689
a 2 49 0 1 8.713170590335354
a 2 50 0 1 10.57162707126948
a 2 51 0 1 9.484313500853965
a 2 52 0 1 2.5146606070614825
a 2 53 0 1 7.555849891085134
a 2 54 0 1 10.625894347719782
a 2 55 0 1 5.383236767296679
a 2 56 0 1 3.9577511907199407
a 2 57 0 1 5.073044139708329
a 2 58 0 1 11.653845313594624
a 2 59 0 1 2.5095673502980316
a 2 60 0 1 9.588782806283078
a 2 61 0 1 7.315599789914376
a 2 62 0 1 6.742999017526771
a 2 63 0 1 4.076473814155418
a 2 64 0 1 9.827932324947234
a 2 65 0 1 8.8592508258598
a 2 66 0 1 5.1193390921177695
a 2 67 0 1 9.788311682336277
a 2 68 0 1 3.9674425711306505
a 2 69 0 1 7.182001540772649
a 2 70 0 1 4.475788359825339
a 2 71 0 1 10.915479258559373
a 2 72 0 1 10.792012486041743
a 2 73 0 1 3.367469449934925
a 2 74 0 1 9.534455874319036
a 2 75 0 1 11.353386009100646
a 2 76 0 1 3.014834512384883
a 2 77 0 1 4.573364722077527
a 2 78 0 1 11.211016340614165
a 2 79 0 1 8.468091419762986
a 2 80 0 1 4.802966712295426
a 2 81 0 1 5.128764307137274
a 3 7 0 1 25.80571640240963
a 3 8 0 1 13.595348711010478
a 3 9 0 1 24.385372598657383
a 3 10 0 1 16.824607009769352
a 3 11 0 1 25.33976540542727
a 3 12 0 1 24.668963335786135
a 3 13 0 1 21.110320335238935
a 3 14 0 1 11.604477816787378
a 3 15 0 1 26.748375219552827
a 3 16 0 1 22.67946501607519
a 3 17 0 1 20.577855384827185
a 3 18 0 1 21.215130028865403
a 3 19 0 1 14.484315689610916
a 3 20 0 1 16.267423448512655
a 3 21 0 1 17.397933228944776
a 3 22 0 1 21.372788056564918
a 3 23 0 1 23.75304987233624
a 3 24 0 1 10.460427236704941
a 3 25 0 1 7.568433660332146
a 3 26 0 1 7.554373088285412
a 3 27 0 1 15.998525573245237
a 3 28 0 1 24.739458944558567
a 3 29 0 1 23.05692447149364
a 3 30 0 1 32.403373521396944
a 3 31 0 1 13.421669565542137
a 3 32 0 1 21.66776791380716
a 3 33 0 1 16.945096175437254
a 3 34 0 1 18.292816459855853
a 3 35 0 1 18.86362807624424
a 3 36 0 1 10.973585510563515
a 3 37 0 1 27.761911454968804
a 3 38 0 1 19.425657291390827
a 3 39 0 1 20.74337145022763
a 3 40 0 1 23.960904704036206
a 3 41 0 1 25.638040632718216
a 3 42 0 1 10.819193618419257
a 3 43 0 1 21.795675451216596
a 3 44 0 1 10.16402141894222
a 3 45 0 1 22.618446547296987
a 3 46 0 1 16.699151062054945
a 3 47 0 1 27.004768749213145
a 3 48 0 1 30.236403429830897
a 3 49 0 1 24.16284241786951
a 3 50 0 1 29.327749008596047
a 3 51 0 1 26.30547752515385
a 3 52 0 1 6.964687708303316
a 3 53 0 1 20.948474126169604
a 3 54 0 1 29.47862435381799
a 3 55 0 1 14.91831792632884
a 3 56 0 1 10.96474525139874
a 3 57 0 1 14.057805251713402
a 3 58 0 1 32.337195491920006
a 3 59 0 1 6.950574039216029
a 3 60 0 1 26.59579951017707
a 3 61 0 1 20.281388922456433
a 3 62 0 1 18.69175375182556
a 3 63 0 1 11.293933645813686
a 3 64 0 1 27.260446887941264
a 3 65 0 1 24.568677160728225
a 3 66 0 1 14.186226247381933
a 3 67 0 1 27.150328194452342
a 3 68 0 1 10.991616448084269
a 3 69 0 1 19.91046462103142
a 3 70 0 1 12.401250942540251
a 3 71 0 1 30.28379287741069
a 3 72 0 1 29.940491343811885
a 3 73 0 1 9.328277145151402
a 3 74 0 1 26.44482248736102
a 3 75 0 1 31.501540444649795
a 3 76 0 1 8.350837418754942
a 3 77 0 1 12.67186205674468
a 3 78 0 1 31.105609524355483
a 3 79 0 1 23.482026987588362
a 3 80 0 1 13.308665885791093
a 3 81 0 1 14.212371846607505
a 4 7 0 1 17.501306206655656
a 4 8 0 1 9.224467853565416
a 4 9 0 1 16.538906777105325
a 4 10 0 1 11.414160409875114
a 4 11 0 1 17.185597371989598
a 4 12 0 1 16.73107087091824
a 4 13 0 1 14.319403503243633
a 4 14 0 1 7.8742387581747595
a 4 15 0 1 18.139978848068342
a 4 16 0 1 15.38288033683847
a 4 17 0 1 13.958500969724907
a 4 18 0 1 14.390441399218076
a 4 19 0 1 9.827310064283667
a 4 20 0 1 11.036383300405147
a 4 21 0 1 11.80286614317116
a 4 22 0 1 14.497297789447801
a 4 23 0 1 16.110423619924674
a 4 24 0 1 7.098241791260565
a 4 25 0 1 5.136341041895458
a 4 26 0 1 5.126801458136417
a 4 27 0 1 10.854061746302184
a 4 28 0 1 16.778838815938858
a 4 29 0 1 15.638682366686364
a 4 30 0 1 21.97042928326681
a 4 31 0 1 9.106684802798533
a 4 32 0 1 14.697223882035386
a 4 33 0 1 11.495851451031491
a 4 34 0 1 12.409549208384743
a 4 35 0 1 12.796507985736085
a 4 36 0 1 7.446319556366711
a 4 37 0 1 18.826622666931197
a 4 38 0 1 13.177497081756561
a 4 39 0 1 14.070688598992223
a 4 40 0 1 16.25127526713576
a 4 41 0 1 17.387697402212527
a 4 42 0 1 7.341596172899887
a 4 43 0 1 14.783913370633172
a 4 44 0 1 6.897182248270266
a 4 45 0 1 15.341527810343091
a 4 46 0 1 11.329101140230373
a 4 47 0 1 18.313683522577417
a 4 48 0 1 20.502807965716332
a 4 49 0 1 16.38811513182859
a 4 50 0 1 19.887334318202992
a 4 51 0 1 17.839911223620234
a 4 52 0 1 4.726712558655348
a 4 53 0 1 14.209706322599208
a 4 54 0 1 19.98953204131439
a 4 55 0 1 10.121609006252283
a 4 56 0 1 7.440323277373139
a 4 57 0 1 9.538082122967342
a 4 58 0 1 21.925612464709026
a 4 59 0 1 4.717136522466311
a 4 60 0 1 18.03660839087315
a 4 61 0 1 13.757551053158517
a 4 62 0 1 12.679994423924617
a 4 63 0 1 7.66360655413648
a 4 64 0 1 18.486900231637282
a 4 65 0 1 16.663116356494204
a 4 66 0 1 9.62516873841804
a 4 67 0 1 18.41229747250803
a 4 68 0 1 7.458549788793244
a 4 69 0 1 13.50612614662604
a 4 70 0 1 8.414642383708989
a 4 71 0 1 20.534905889442058
a 4 72 0 1 20.302377591754805
a 4 73 0 1 6.330252057055507
a 4 74 0 1 17.934319895331164
a 4 75 0 1 21.359674553966062
a 4 76 0 1 5.667157718225529
a 4 77 0 1 8.598174483468386
a 4 78 0 1 21.091522553964882
a 4 79 0 1 15.926763236027908
a 4 80 0 1 9.030048891820382
a 4 81 0 1 9.642898850945178
a 5 7 0 1 20.794780561727297
a 5 8 0 1 10.9584040827787
a 5 9 0 1 19.650862403919813
a 5 10 0 1 13.560339253644553
a 5 11 0 1 20.41952042650798
a 5 12 0 1 19.879266861556836
a 5 13 0 1 17.012919524658322
a 5 14 0 1 9.354097088615333
a 5 15 0 1 21.553940025158234
a 5 16 0 1 18.276860326967256
a 5 17 0 1 16.58400060124494
a 5 18 0 1 17.09734615124528
a 5 19 0 1 11.674715785452642
a 5 20 0 1 13.111422280637479
a 5 21 0 1 14.02225051475785
a 5 22 0 1 17.224342584020853
a 5 23 0 1 19.14157816448312
a 5 24 0 1 8.432120196953603
a 5 25 0 1 6.10128644431565
a 5 26 0 1 6.089953437338154
a 5 27 0 1 12.894770068805716
a 5 28 0 1 19.936043693257652
a 5 29 0 1 18.580889404239617
a 5 30 0 1 26.107454445815776
a 5 31 0 1 10.81845359708763
a 5 32 0 1 17.461951860798163
a 5 33 0 1 13.65741464364831
a 5 34 0 1 14.74320666331798
a 5 35 0 1 15.203061796161917
a 5 36 0 1 8.845674238243106
a 5 37 0 1 22.370144017186934
a 5 38 0 1 15.65583020416856
a 5 39 0 1 16.717330608719944
a 5 40 0 1 19.308989823205376
a 5 41 0 1 20.659741444197497
a 5 42 0 1 8.721250873573972
a 5 43 0 1 17.56498170817357
a 5 44 0 1 8.193242549295224
a 5 45 0 1 18.227711813989576
a 5 46 0 1 13.459261683759413
a 5 47 0 1 21.760418063848483
a 5 48 0 1 24.362704545013095
a 5 49 0 1 19.471634189037427
a 5 50 0 1 23.631045124770967
a 5 51 0 1 21.19726144320387
a 5 52 0 1 5.614652815757892
a 5 53 0 1 16.882547890465876
a 5 54 0 1 23.752533823822077
a 5 55 0 1 12.024415708767139
a 5 56 0 1 8.83854995731821
a 5 57 0 1 11.331045811099793
a 5 58 0 1 26.05417329105162
a 5 59 0 1 5.603276705087114
a 5 60 0 1 21.431067103836035
a 5 61 0 1 16.345182185819052
a 5 62 0 1 15.06459827794163
a 5 63 0 1 9.103837859545509
a 5 64 0 1 21.966317622873564
a 5 65 0 1 19.79849653885194
a 5 66 0 1 11.434524484895006
a 5 67 0 1 21.877638486805957
a 5 68 0 1 8.860205190865074
a 5 69 0 1 16.046379829960507
a 5 70 0 1 9.996179316611297
a 5 71 0 1 24.400862277508153
a 5 72 0 1 24.124435864263862
a 5 73 0 1 7.5196873609454915
a 5 74 0 1 21.309480816399276
a 5 75 0 1 25.381358353356873
a 5 76 0 1 6.731903000474629
a 5 77 0 1 10.214246964631029
a 5 78 0 1 25.06257179372058
a 5 79 0 1 18.92328698002106
a 5 80 0 1 10.72739475872573
a 5 81 0 1 11.455591932381326
a 6 7 0 1 23.813859874103617
a 6 8 0 1 12.547330813647928
a 6 9 0 1 22.503431877290218
a 6 10 0 1 15.527211578163548
a 6 11 0 1 23.3839709712096
a 6 12 0 1 22.76507909556271
a 6 13 0 1 19.48169892988566
a 6 14 0 1 10.710118486443625
a 6 15 0 1 24.68355106628861
a 6 16 0 1 20.929495126440845
a 6 17 0 1 18.990402516678387
a 6 18 0 1 19.578404514734505
a 6 19 0 1 13.36766491835477
a 6 20 0 1 15.01306839860906
a 6 21 0 1 16.056245135421342
a 6 22 0 1 19.723871747997272
a 6 23 0 1 21.92003189066431
a 6 24 0 1 9.654338135671
a 6 25 0 1 6.985383206913359
a 6 26 0 1 6.972406690784845
a 6 27 0 1 14.764940072820679
a 6 28 0 1 22.83011973102119
a 6 29 0 1 21.2777580358495
a 6 30 0 1 29.90051063171928
a 6 31 0 1 12.387059087684984
a 6 32 0 1 19.996041401630137
a 6 33 0 1 15.638392728662044
a 6 34 0 1 16.881982839933602
a 6 35 0 1 17.40868231487332
a 6 36 0 1 10.12790588523391
a 6 37 0 1 25.61861702311999
a 6 38 0 1 17.927272862523107
a 6 39 0 1 19.143121892493863
a 6 40 0 1 22.111805742009153
a 6 41 0 1 23.659161715788727
a 6 42 0 1 9.985425890965319
a 6 43 0 1 20.11405766013941
a 6 44 0 1 9.38079826980734
a 6 45 0 1 20.87319622562956
a 6 46 0 1 15.411447085672465
a 6 47 0 1 24.92009562260063
a 6 48 0 1 27.901457214847937
a 6 49 0 1 22.29811958152835
a 6 50 0 1 27.063190656978865
a 6 51 0 1 24.274938213639267
a 6 52 0 1 6.4281825422187175
a 6 53 0 1 19.332366659991628
a 6 54 0 1 27.202379558790877
a 6 55 0 1 13.7681552155185
a 6 56 0 1 10.119747694870112
a 6 57 0 1 12.974084922217155
a 6 58 0 1 29.839461825879916
a 6 59 0 1 6.415156883171159
a 6 60 0 1 24.54278665199951
a 6 61 0 1 18.7168559026268
a 6 62 0 1 17.25009094687803
a 6 63 0 1 10.423536746159982
a 6 64 0 1 25.155979094107664
a 6 65 0 1 22.672552956829314
a 6 66 0 1 13.092590976030994
a 6 67 0 1 25.05438594998305
a 6 68 0 1 10.144545644642085
a 6 69 0 1 18.374605758660014
a 6 70 0 1 11.44540320273329
a 6 71 0 1 27.945175320934254
a 6 72 0 1 27.628469107991773
a 6 73 0 1 8.609518958055029
a 6 74 0 1 24.403496788825045
a 6 75 0 1 29.068569225316928
a 6 76 0 1 7.707459319833133
a 6 77 0 1 11.69512840410469
a 6 78 0 1 28.703318549711877
a 6 79 0 1 21.66997600465661
a 6 80 0 1 12.282778629081767
a 6 81 0 1 13.116717930629019
a 7 1 0 1 0
a 8 1 0 1 0
a 9 1 0 1 0
a 10 1 0 1 0
a 11 1 0 1 0
a 12 1 0 1 0
a 13 1 0 1 0
a 14 1 0 1 0
a 15 1 0 1 0
a 16 1 0 1 0
a 17 1 0 1 0
a 18 1 0 1 0
a 19 1 0 1 0
a 20 1 0 1 0
a 21 1 0 1 0
a 22 1 0 1 0
a 23 1 0 1 0
a 24 1 0 1 0
a 25 1 0 1 0
a 26 1 0 1 0
a 27 1 0 1 0
a 28 1 0 1 0
a 29 1 0 1 0
a 30 1 0 1 0
a 31 1 0 1 0
a 32 1 0 1 0
a 33 1 0 1 0
a 34 1 0 1 0
a 35 1 0 1 0
a 36 1 0 1 0
a 37 1 0 1 0
a 38 1 0 1 0
a 39 1 0 1 0
a 40 1 0 1 0
a 41 1 0 1 0
a 42 1 0 1 0
a 43 1 0 1 0
a 44 1 0 1 0
a 45 1 0 1 0
a 46 1 0 1 0
a 47 1 0 1 0
a 48 1 0 1 0
a 49 1 0 1 0
a 50 1 0 1 0
a 51 1 0 1 0
a 52 1 0 1 0
a 53 1 0 1 0
a 54 1 0 1 0
a 55 1 0 1 0
a 56 1 0 1 0
a 57 1 0 1 0
a 58 1 0 1 0
a 59 1 0 1 0
a 60 1 0 1 0
a 61 1 0 1 0
a 62 1 0 1 0
a 63 1 0 1 0
a 64 1 0 1 0
a 65 1 0 1 0
a 66 1 0 1 0
a 67 1 0 1 0
a 68 1 0 1 0
a 69 1 0 1 0
a 70 1 0 1 0
a 71 1 0 1 0
a 72 1 0 1 0
a 73 1 0 1 0
a 74 1 0 1 0
a 75 1 0 1 0
a 76 1 0 1 0
a 77 1 0 1 0
a 78 1 0 1 0
a 79 1 0 1 0
a 80 1 0 1 0
a 81 1 0 1 0
