p min 82 455
n 0 5
n 1 -5
a 0 2 0 1 0
a 0 3 0 1 0
a 0 4 0 1 0
a 0 5 0 1 0
a 0 6 0 1 0
a 2 7 0 1 14.423508816798718
a 2 8 0 1 11.000904931803081
a 2 9 0 1 8.86982220362252
a 2 10 0 1 10.298075560914654
a 2 11 0 1 13.101611676167428
a 2 12 0 1 4.682301872650032
a 2 13 0 1 12.234470373427655
a 2 14 0 1 5.451613350432158
a 2 15 0 1 4.608288369951342
a 2 16 0 1 11.538271085021726
a 2 17 0 1 11.986156017213164
a 2 18 0 1 11.988698784968385
a 2 19 0 1 15.754817953087406
a 2 20 0 1 5.850700640646781
a 2 21 0 1 13.283971394860668
a 2 22 0 1 3.6456798803941104
a 2 23 0 1 12.507526883535244
a 2 24 0 1 4.06406363175497
a 2 25 0 1 6.424275930343688
a 2 26 0 1 5.929989626008602
a 2 27 0 1 7.699839342589188
a 2 28 0 1 12.991493713816823
a 2 29 0 1 13.721601627177488
a 2 30 0 1 16.124963720238735
a 2 31 0 1 14.871072194430267
a 2 32 0 1 5.03297504282366
a 2 33 0 1 5.236146650356767
a 2 34 0 1 10.98268943648414
a 2 35 0 1 13.995915901158153
a 2 36 0 1 13.204651611412817
a 2 37 0 1 11.66332938434244
a 2 38 0 1 6.282778596055758
a 2 39 0 1 10.932074274451347
a 2 40 0 1 15.384054174273444
a 2 41 0 1 10.548553946271412
a 2 42 0 1 5.6585137236861165
a 2 43 0 1 9.852039469706742
a 2 44 0 1 15.209806392848348
a 2 45 0 1 15.43913049424938
a 2 46 0 1 5.875790813648473
a 2 47 0 1 4.115024467670065
a 2 48 0 1 8.074382994552609
a 2 49 0 1 12.611133940447028
a 2 50 0 1 12.715011351993077
a 2 51 0 1 8.646501306825934
a 2 52 0 1 8.002226199924847
a 2 53 0 1 7.651728400748135
a 2 54 0 1 4.79520111285506
a 2 55 0 1 4.037325338269245
a 2 56 0 1 13.629781197049311
a 2 57 0 1 14.607638455412538
a 2 58 0 1 8.592597373546573
a 2 59 0 1 8.337232451581162
a 2 60 0 1 5.83524099074231
a 2 61 0 1 5.693295077429399
a 2 62 0 1 11.213526106299376
a 2 63 0 1 7.844798103349052
a 2 64 0 1 9.799987046456991
a 2 65 0 1 4.11968480813654
a 2 66 0 1 13.55266327572007
a 2 67 0 1 16.019402818327382
a 2 68 0 1 11.556713072151407
a 2 69 0 1 12.11253435417334
a 2 70 0 1 11.786052938572418
a 2 71 0 1 4.569071180307475
a 2 72 0 1 13.471548861157569
a 2 73 0 1 12.286998626067053
a 2 74 0 1 16.207743101412113
a 2 75 0 1 4.7855908614448275
a 2 76 0 1 6.271863219570754
a 2 77 0 1 14.759575816579527
a 2 78 0 1 10.418832875528551
a 2 79 0 1 6.451105673852894
a 2 80 0 1 7.286520045340626
a 2 81 0 1 6.3673123594560685
a 3 7 0 1 18.4715421885411
a 3 8 0 1 14.08680784024319
a 3 9 0 1 11.357145514749106
a 3 10 0 1 13.18652581874911
a 3 11 0 1 16.77793051830401
a 3 12 0 1 5.994527618131992
a 3 13 0 1 15.667029732592349
a 3 14 0 1 6.979613695007266
a 3 15 0 1 5.8997575701727705
a 3 16 0 1 14.775169076822944
a 3 17 0 1 15.34892395787075
a 3 18 0 1 15.352181371926335
a 3 19 0 1 20.177359030432747
a 3 20 0 1 7.490655293090104
a 3 21 0 1 17.01156076464601
a 3 22 0 1 4.667233821793242
a 3 23 0 1 16.01683761114696
a 3 24 0 1 5.2029228952755515
a 3 25 0 1 8.225156362793268
a 3 26 0 1 7.592188458483371
a 3 27 0 1 9.85869720563928
a 3 28 0 1 16.63685417040296
a 3 29 0 1 17.572242211711306
a 3 30 0 1 20.651655843828188
a 3 31 0 1 19.044992242785394
a 3 32 0 1 6.4435506701138126
a 3 33 0 1 6.703708488232697
a 3 34 0 1 14.063474373012777
a 3 35 0 1 17.923695236667214
a 3 36 0 1 16.909939844812833
a 3 37 0 1 14.935371073006413
a 3 38 0 1 8.04395714482269
a 3 39 0 1 13.998638112759737
a 3 40 0 1 19.70228171237208
a 3 41 0 1 13.507368824432536
a 3 42 0 1 7.244553330238446
a 3 43 0 1 12.61520172463322
a 3 44 0 1 19.47901365847922
a 3 45 0 1 19.772852907093537
a 3 46 0 1 7.522784348772135
a 3 47 0 1 5.268172983237483
a 3 48 0 1 10.338379337461186
a 3 49 0 1 16.149568402093596
a 3 50 0 1 16.282646437411024
a 3 51 0 1 11.071119906267391
a 3 52 0 1 10.245966442072353
a 3 53 0 1 9.79708184037034
a 3 54 0 1 6.139089496573095
a 3 55 0 1 5.1686873574469265
a 3 56 0 1 17.454602743154698
a 3 57 0 1 18.70746017421121
a 3 58 0 1 11.002081283505932
a 3 59 0 1 10.675020432886095
a 3 60 0 1 7.470858566219777
a 3 61 0 1 7.289091824565325
a 3 62 0 1 14.35917080194507
a 3 63 0 1 10.044346090892912
a 3 64 0 1 12.548529262158599
a 3 65 0 1 5.274140078673148
a 3 66 0 1 17.355800530472237
a 3 67 0 1 20.516391218431462
a 3 68 0 1 14.798793522195767
a 3 69 0 1 15.510821645857476
a 3 70 0 1 15.092583477842268
a 3 71 0 1 5.849542390233029
a 3 72 0 1 17.251878608701592
a 3 73 0 1 15.734322270252578
a 3 74 0 1 20.757729116248456
a 3 75 0 1 6.126784005173712
a 3 76 0 1 8.029979157499818
a 3 77 0 1 18.90213359316068
a 3 78 0 1 13.341205741226531
a 3 79 0 1 8.259514289051033
a 3 80 0 1 9.329368160090343
a 3 81 0 1 8.152209527890252
a 4 7 0 1 29.173691459301768
a 4 8 0 1 22.241991807308896
a 4 9 0 1 17.928799042914104
a 4 10 0 1 20.819264774399493
a 4 11 0 1 26.495827890244865
a 4 12 0 1 9.459796383999384
a 4 13 0 1 24.73965038838947
a 4 14 0 1 11.015055752438396
a 4 15 0 1 9.31018367170214
a 4 16 0 1 23.329933233399153
a 4 17 0 1 24.2368180623138
a 4 18 0 1 24.241966974216012
a 4 19 0 1 31.871467030577016
a 4 20 0 1 11.82197151869892
a 4 21 0 1 26.865197580006566
a 4 22 0 1 7.364580374362849
a 4 23 0 1 25.292619175373414
a 4 24 0 1 8.210154388056973
a 4 25 0 1 12.981817819875355
a 4 26 0 1 11.98229517480382
a 4 27 0 1 15.561739903136996
a 4 28 0 1 26.272791611125427
a 4 29 0 1 27.75168269973541
a 4 30 0 1 32.621684243624856
a 4 31 0 1 30.080542788260043
a 4 32 0 1 10.168691148158999
a 4 33 0 1 10.579434493500248
a 4 34 0 1 22.205115474162028
a 4 35 0 1 28.307393776540827
a 4 36 0 1 26.70453336950336
a 4 37 0 1 23.58314370446194
a 4 38 0 1 12.695676649549421
a 4 39 0 1 22.10264851444151
a 4 40 0 1 31.120063032823246
a 4 41 0 1 21.326277394493236
a 4 42 0 1 11.433378766933721
a 4 43 0 1 19.916482857619485
a 4 44 0 1 30.766948587872797
a 4 45 0 1 31.231678636180735
a 4 46 0 1 11.872703945112658
a 4 47 0 1 8.313154411420966
a 4 48 0 1 16.319429556368057
a 4 49 0 1 25.502443931158048
a 4 50 0 1 25.712821360568583
a 4 51 0 1 17.47693539651532
a 4 52 0 1 16.17345350384637
a 4 53 0 1 15.464417873510206
a 4 54 0 1 9.688018697645944
a 4 55 0 1 8.156112501830648
a 4 56 0 1 27.56567916783932
a 4 57 0 1 29.5467626687302
a 4 58 0 1 17.3678706710578
a 4 59 0 1 16.851205398508235
a 4 60 0 1 11.790712196212676
a 4 61 0 1 11.503703697835263
a 4 62 0 1 22.67244415614362
a 4 63 0 1 15.854978842925888
a 4 64 0 1 19.811134371028025
a 4 65 0 1 8.322573768603544
a 4 66 0 1 27.409462086760072
a 4 67 0 1 32.40772506928111
a 4 68 0 1 23.367272982439673
a 4 69 0 1 24.492728351676114
a 4 70 0 1 23.83163418920064
a 4 71 0 1 9.23091013685005
a 4 72 0 1 27.245152415337905
a 4 73 0 1 24.84602297830773
a 4 74 0 1 32.78947176824763
a 4 75 0 1 9.668591636407571
a 4 76 0 1 12.673603565317498
a 4 77 0 1 29.85462025269198
a 4 78 0 1 21.063695230547694
a 4 79 0 1 13.036074999594868
a 4 80 0 1 14.725685951066268
a 4 81 0 1 12.866622822862354
a 5 7 0 1 23.231919506581132
a 5 8 0 1 17.714870934802583
a 5 9 0 1 14.281026403264697
a 5 10 0 1 16.582277923586883
a 5 11 0 1 21.100778886060603
a 5 12 0 1 7.536612031960389
a 5 13 0 1 19.703003707567397
a 5 14 0 1 8.775366351392442
a 5 15 0 1 7.417441686441197
a 5 16 0 1 18.580899476309007
a 5 17 0 1 19.302768625279818
a 5 18 0 1 19.306867007909585
a 5 19 0 1 25.378635484491465
a 5 20 0 1 9.418034118774768
a 5 21 0 1 21.394752586102666
a 5 22 0 1 5.867642924676064
a 5 23 0 1 20.143134556852587
a 5 24 0 1 6.541214625638813
a 5 25 0 1 10.34175070246108
a 5 26 0 1 9.545720941735246
a 5 27 0 1 12.396253860761725
a 5 28 0 1 20.923266451180655
a 5 29 0 1 22.100266943033276
a 5 30 0 1 25.975561594250387
a 5 31 0 1 23.9535637558574
a 5 32 0 1 8.10125345606459
a 5 33 0 1 8.428405856542486
a 5 34 0 1 17.685515677432065
a 5 35 0 1 22.542517855505675
a 5 36 0 1 21.266883889553363
a 5 37 0 1 18.782454985636264
a 5 38 0 1 10.113868843295165
a 5 39 0 1 17.603946997481312
a 5 40 0 1 24.78074396611742
a 5 41 0 1 16.985905100417718
a 5 42 0 1 9.10854259758097
a 5 43 0 1 15.863559372539116
a 5 44 0 1 24.499763805011455
a 5 45 0 1 24.86955774272484
a 5 46 0 1 9.458439129148347
a 5 47 0 1 6.6232610917908055
a 5 48 0 1 12.999587567724141
a 5 49 0 1 20.31013981130625
a 5 50 0 1 20.477583300661074
a 5 51 0 1 13.921245814487099
a 5 52 0 1 12.883351310675895
a 5 53 0 1 12.318756645217729
a 5 54 0 1 7.718395323131208
a 5 55 0 1 6.498166459700529
a 5 56 0 1 21.952237383612736
a 5 57 0 1 23.528801766347804
a 5 58 0 1 13.834405707196726
a 5 59 0 1 13.423017642521044
a 5 60 0 1 9.39313809535171
a 5 61 0 1 9.164552731795487
a 5 62 0 1 18.057527043593133
a 5 63 0 1 12.629756935602607
a 5 64 0 1 15.779687839535658
a 5 65 0 1 6.630764225383896
a 5 66 0 1 21.827912154639098
a 5 67 0 1 25.80532262320788
a 5 68 0 1 18.610622063457157
a 5 69 0 1 19.5064644986585
a 5 70 0 1 18.980251055601844
a 5 71 0 1 7.35429795321557
a 5 72 0 1 21.697145459512228
a 5 73 0 1 19.787670963024247
a 5 74 0 1 26.109062385252148
a 5 75 0 1 7.702921385464059
a 5 76 0 1 10.096289786750614
a 5 77 0 1 23.773784465652724
a 5 78 0 1 16.7768675239426
a 5 79 0 1 10.384960591889245
a 5 80 0 1 11.730495285338813
a 5 81 0 1 10.250010164508497
a 6 7 0 1 5.545677281477147
a 6 8 0 1 4.230750292010079
a 6 9 0 1 3.4116892135175294
a 6 10 0 1 3.960651952704673
a 6 11 0 1 5.037894491499306
a 6 12 0 1 1.801535313575732
a 6 13 0 1 4.704746199221314
a 6 14 0 1 2.0974168427783546
a 6 15 0 1 1.7730676025506047
a 6 16 0 1 4.437242724201114
a 6 17 0 1 4.609338396906677
a 6 18 0 1 4.610315400870456
a 6 19 0 1 6.056979315802398
a 6 20 0 1 2.2508953573672974
a 6 21 0 1 5.107950327012712
a 6 22 0 1 1.4027936404575527
a 6 23 0 1 4.809656599949286
a 6 24 0 1 1.5637340267065052
a 6 25 0 1 2.4714621829151113
a 6 26 0 1 2.281386790012461
a 6 27 0 1 2.9619123741578215
a 6 28 0 1 4.9955903802268296
a 6 29 0 1 5.276064229139964
a 6 30 0 1 6.199120193764018
a 6 31 0 1 5.717579058782758
a 6 32 0 1 1.9364101911040839
a 6 33 0 1 2.0145503876220405
a 6 34 0 1 4.2237503906397915
a 6 35 0 1 5.381435640294705
a 6 36 0 1 5.077478832835973
a 6 37 0 1 4.485296327148749
a 6 38 0 1 2.4170514317728142
a 6 39 0 1 4.204299760032739
a 6 40 0 1 5.914593631995842
a 6 41 0 1 4.056914243428408
a 6 42 0 1 2.1769863884447487
a 6 43 0 1 3.7892256810188765
a 6 44 0 1 5.847674073361712
a 6 45 0 1 5.93574525330292
a 6 46 0 1 2.2605440904739615
a 6 47 0 1 1.5833365659785574
a 6 48 0 1 3.1059064122390105
a 6 49 0 1 4.849462161075736
a 6 50 0 1 4.889371004680687
a 6 51 0 1 3.325843658265979
a 6 52 0 1 3.0781661861680667
a 6 53 0 1 2.943415474643078
a 6 54 0 1 1.8449590169236632
a 6 55 0 1 1.5534488474349992
a 6 56 0 1 5.240792643257066
a 6 57 0 1 5.6163997868938775
a 6 58 0 1 3.3051223372088487
a 6 59 0 1 3.206954834479767
a 6 60 0 1 2.2449501427042162
a 6 61 0 1 2.1903623388147526
a 6 62 0 1 4.312455613260344
a 6 63 0 1 3.017642959411082
a 6 64 0 1 3.769219524430782
a 6 65 0 1 1.5851292003687487
a 6 66 0 1 5.211168473955798
a 6 67 0 1 6.158584169674189
a 6 68 0 1 4.44432910415315
a 6 69 0 1 4.6578961355918524
a 6 70 0 1 4.532451976879163
a 6 71 0 1 1.757983428211961
a 6 72 0 1 5.180008737444503
a 6 73 0 1 4.724928271385056
a 6 74 0 1 6.230907551668418
a 6 75 0 1 1.8412627152328236
a 6 76 0 1 2.4128540364612303
a 6 77 0 1 5.6747561431280085
a 6 78 0 1 4.007061077375814
a 6 79 0 1 2.481779049256703
a 6 80 0 1 2.803002091371839
a 6 81 0 1 2.4495577977190086
a 7 1 0 1 0
a 8 1 0 1 0
a 9 1 0 1 0
a 10 1 0 1 0
a 11 1 0 1 0
a 12 1 0 1 0
a 13 1 0 1 0
a 14 1 0 1 0
a 15 1 0 1 0
a 16 1 0 1 0
a 17 1 0 1 0
a 18 1 0 1 0
a 19 1 0 1 0
a 20 1 0 1 0
a 21 1 0 1 0
a 22 1 0 1 0
a 23 1 0 1 0
a 24 1 0 1 0
a 25 1 0 1 0
a 26 1 0 1 0
a 27 1 0 1 0
a 28 1 0 1 0
a 29 1 0 1 0
a 30 1 0 1 0
a 31 1 0 1 0
a 32 1 0 1 0
a 33 1 0 1 0
a 34 1 0 1 0
a 35 1 0 1 0
a 36 1 0 1 0
a 37 1 0 1 0
a 38 1 0 1 0
a 39 1 0 1 0
a 40 1 0 1 0
a 41 1 0 1 0
a 42 1 0 1 0
a 43 1 0 1 0
a 44 1 0 1 0
a 45 1 0 1 0
a 46 1 0 1 0
a 47 1 0 1 0
a 48 1 0 1 0
a 49 1 0 1 0
a 50 1 0 1 0
a 51 1 0 1 0
a 52 1 0 1 0
a 53 1 0 1 0
a 54 1 0 1 0
a 55 1 0 1 0
a 56 1 0 1 0
a 57 1 0 1 0
a 58 1 0 1 0
a 59 1 0 1 0
a 60 1 0 1 0
a 61 1 0 1 0
a 62 1 0 1 0
a 63 1 0 1 0
a 64 1 0 1 0
a 65 1 0 1 0
a 66 1 0 1 0
a 67 1 0 1 0
a 68 1 0 1 0
a 69 1 0 1 0
a 70 1 0 1 0
a 71 1 0 1 0
a 72 1 0 1 0
a 73 1 0 1 0
a 74 1 0 1 0
a 75 1 0 1 0
a 76 1 0 1 0
a 77 1 0 1 0
a 78 1 0 1 0
a 79 1 0 1 0
a 80 1 0 1 0
a 81 1 0 1 0
