p min 82 455
n 0 5
n 1 -5
a 0 2 0 1 0
a 0 3 0 1 0
a 0 4 0 1 0
a 0 5 0 1 0
a 0 6 0 1 0
a 2 7 0 1 27.038925824731546
a 2 8 0 1 10.612945471021948
a 2 9 0 1 32.15741034554544
a 2 10 0 1 30.632474410325074
a 2 11 0 1 7.058124538846429
a 2 12 0 1 9.543308682022214
a 2 13 0 1 21.868118159437866
a 2 14 0 1 9.341407489295163
a 2 15 0 1 19.549812311717467
a 2 16 0 1 9.59518156222683
a 2 17 0 1 23.247057333402626
a 2 18 0 1 29.694447135029776
a 2 19 0 1 18.460683970360243
a 2 20 0 1 29.479080341524483
a 2 21 0 1 11.72231322698386
a 2 22 0 1 23.830289361638844
a 2 23 0 1 31.043720698459882
a 2 24 0 1 10.801686448850955
a 2 25 0 1 12.863233325810116
a 2 26 0 1 33.10881459160388
a 2 27 0 1 8.723559688860004
a 2 28 0 1 11.305674705706906
a 2 29 0 1 25.279793332747648
a 2 30 0 1 16.64061001263766
a 2 31 0 1 31.22573368105099
a 2 32 0 1 27.04661156044375
a 2 33 0 1 12.97162804360864
a 2 34 0 1 7.852619032933335
a 2 35 0 1 25.771883626486712
a 2 36 0 1 30.336912788167528
a 2 37 0 1 27.037611477452494
a 2 38 0 1 14.493462159426604
a 2 39 0 1 10.449730410410966
a 2 40 0 1 8.301591434936567
a 2 41 0 1 8.48912120947339
a 2 42 0 1 15.031433528543609
a 2 43 0 1 8.734779101946804
a 2 44 0 1 33.83071271145963
a 2 45 0 1 13.606758489018445
a 2 46 0 1 18.52225096012323
a 2 47 0 1 9.573459176677892
a 2 48 0 1 7.799907877408733
a 2 49 0 1 28.065980010166616
a 2 50 0 1 23.415232463979393
a 2 51 0 1 30.803916706971272
a 2 52 0 1 33.203087614050474
a 2 53 0 1 13.828785673683539
a 2 54 0 1 11.82117332353879
a 2 55 0 1 24.645538429298213
a 2 56 0 1 10.444418229871896
a 2 57 0 1 25.73735509914939
a 2 58 0 1 21.142899707529015
a 2 59 0 1 29.812675115710377
a 2 60 0 1 22.52241165243971
a 2 61 0 1 17.095581835647717
a 2 62 0 1 12.497890787330814
a 2 63 0 1 22.08866899390207
a 2 64 0 1 22.691355773997135
a 2 65 0 1 29.11937602154461
a 2 66 0 1 6.811916455829197
a 2 67 0 1 33.08607988241341
a 2 68 0 1 29.80921983589973
a 2 69 0 1 19.935599586879672
a 2 70 0 1 7.13682722712015
a 2 71 0 1 9.128529915124739
a 2 72 0 1 16.512542455444816
a 2 73 0 1 9.305823704624922
a 2 74 0 1 21.298085671342367
a 2 75 0 1 27.133306092051637
a 2 76 0 1 30.87744675608294
a 2 77 0 1 18.12653635802275
a 2 78 0 1 22.587500214575517
a 2 79 0 1 28.69752703544742
a 2 80 0 1 26.32431663712274
a 2 81 0 1 10.102183082859078
a 3 7 0 1 17.254333202176536
a 3 8 0 1 6.7770667449906785
a 3 9 0 1 20.516210946161
a 3 10 0 1 19.544554571939646
a 3 11 0 1 4.5077454784466795
a 3 12 0 1 6.094304263658562
a 3 13 0 1 13.957695596958198
a 3 14 0 1 5.965421394698515
a 3 15 0 1 12.479202701033024
a 3 16 0 1 6.127416772254901
a 3 17 0 1 14.836974484369698
a 3 18 0 1 18.946802281488406
a 3 19 0 1 11.784515526085373
a 3 20 0 1 18.809554465099385
a 3 21 0 1 7.485125743076
a 3 22 0 1 15.208841234970189
a 3 23 0 1 19.806604050177775
a 3 24 0 1 6.897536148296031
a 3 25 0 1 8.213254918727502
a 3 26 0 1 21.12236255644389
a 3 27 0 1 5.571007107684925
a 3 28 0 1 7.2192119905647685
a 3 29 0 1 16.13296163338777
a 3 30 0 1 10.623462828769378
a 3 31 0 1 19.922581328531564
a 3 32 0 1 17.259232167978585
a 3 33 0 1 8.282428254623186
a 3 34 0 1 5.014991970033976
a 3 35 0 1 16.446664694406273
a 3 36 0 1 19.356214743448614
a 3 37 0 1 17.253495423591055
a 3 38 0 1 9.253538242351294
a 3 39 0 1 6.672888471779074
a 3 40 0 1 5.301624400635956
a 3 41 0 1 5.42134376552581
a 3 42 0 1 9.596798081989785
a 3 43 0 1 5.578169403273527
a 3 44 0 1 21.58226077338806
a 3 45 0 1 8.687731499092166
a 3 46 0 1 11.823786959030057
a 3 47 0 1 6.113550532855804
a 3 48 0 1 4.981339473588491
a 3 49 0 1 17.908960086028127
a 3 50 0 1 14.944204230550687
a 3 51 0 1 19.6538000913959
a 3 52 0 1 21.182422460646904
a 3 53 0 1 8.829411252395863
a 3 54 0 1 7.548220472644559
a 3 55 0 1 15.728610927419565
a 3 56 0 1 6.66949774498287
a 3 57 0 1 16.42465349441462
a 3 58 0 1 13.495220341879682
a 3 59 0 1 19.0221449369985
a 3 60 0 1 14.374917659432205
a 3 61 0 1 10.913712749865692
a 3 62 0 1 7.980102774570288
a 3 63 0 1 14.098336364386011
a 3 64 0 1 14.482644230061766
a 3 65 0 1 18.580318484742374
a 3 66 0 1 4.350546659326969
a 3 67 0 1 21.107878549290916
a 3 68 0 1 19.0199430156998
a 3 69 0 1 12.725257257182163
a 3 70 0 1 4.557994853674971
a 3 71 0 1 5.8295294470077526
a 3 72 0 1 10.541759963130342
a 3 73 0 1 5.942706394637167
a 3 74 0 1 13.594185521867416
a 3 75 0 1 17.314491922945475
a 3 76 0 1 19.70065402637722
a 3 77 0 1 11.571370915662001
a 3 78 0 1 14.41642131105772
a 3 79 0 1 18.311469553754744
a 3 80 0 1 16.798820332818604
a 3 81 0 1 6.451048339986756
a 4 7 0 1 6.170182191837847
a 4 8 0 1 2.4253698937411623
a 4 9 0 1 7.334866380159891
a 4 10 0 1 6.987986128912057
a 4 11 0 1 1.6134980948529254
a 4 12 0 1 2.1811336168721636
a 4 13 0 1 4.992515161597988
a 4 14 0 1 2.1350271564703274
a 4 15 0 1 4.464162379259751
a 4 16 0 1 2.1929791188489003
a 4 17 0 1 5.30667859751753
a 4 18 0 1 6.774564428986091
a 4 19 0 1 4.2158697295644085
a 4 20 0 1 6.725558751473025
a 4 21 0 1 2.678629135825338
a 4 22 0 1 5.43953305635356
a 4 23 0 1 7.081542417264183
a 4 24 0 1 2.4684613812975593
a 4 25 0 1 2.939039439511603
a 4 26 0 1 7.55123655992658
a 4 27 0 1 1.9939242270038848
a 4 28 0 1 2.583519951906089
a 4 29 0 1 5.769655987541036
a 4 30 0 1 3.8008333796238283
a 4 31 0 1 7.1229471937008
a 4 32 0 1 6.171931835472558
a 4 33 0 1 2.9637773402574363
a 4 34 0 1 1.7949941147812556
a 4 35 0 1 5.881709663780129
a 4 36 0 1 6.920743244483195
a 4 37 0 1 6.169882982851671
a 4 38 0 1 3.3110408338315467
a 4 39 0 1 2.388105067848875
a 4 40 0 1 1.8975470012617468
a 4 41 0 1 1.9403795500332444
a 4 42 0 1 3.433776698152022
a 4 43 0 1 1.9964866337437808
a 4 44 0 1 7.715387582272785
a 4 45 0 1 3.1087175759104237
a 4 46 0 1 4.2299066677622825
a 4 47 0 1 2.1880186872952136
a 4 48 0 1 1.7829534592000542
a 4 49 0 1 6.403968000956013
a 4 50 0 1 5.344988634243334
a 4 51 0 1 7.026989148488036
a 4 52 0 1 7.572674317592941
a 4 53 0 1 3.159381532825444
a 4 54 0 1 2.7011956340908694
a 4 55 0 1 5.625215602766484
a 4 56 0 1 2.386892186843666
a 4 57 0 1 5.873847507041776
a 4 58 0 1 4.827257878106561
a 4 59 0 1 6.801465838966606
a 4 60 0 1 5.141592320137512
a 4 61 0 1 3.9045944131430157
a 4 62 0 1 2.8556572592802882
a 4 63 0 1 5.042768388702263
a 4 64 0 1 5.180082488100611
a 4 65 0 1 6.643705578336159
a 4 66 0 1 1.5572485946514267
a 4 67 0 1 7.5460666157994885
a 4 68 0 1 6.800679638022618
a 4 69 0 1 4.552100213862652
a 4 70 0 1 1.6314782483111758
a 4 71 0 1 2.086412321747747
a 4 72 0 1 3.771624734185735
a 4 73 0 1 2.1269010183790376
a 4 74 0 1 4.8626222711298475
a 4 75 0 1 6.19166752091396
a 4 76 0 1 7.043716826068339
a 4 77 0 1 4.139683215141928
a 4 78 0 1 5.156421441130427
a 4 79 0 1 6.547704290070136
a 4 80 0 1 6.007492272633044
a 4 81 0 1 2.3087503911812988
a 5 7 0 1 4.792704975056747
a 5 8 0 1 1.8840936596211688
a 5 9 0 1 5.697205848322685
a 5 10 0 1 5.427822187068858
a 5 11 0 1 1.2534355906857206
a 5 12 0 1 1.6943748738018327
a 5 13 0 1 3.878066453815529
a 5 14 0 1 1.6585598545730944
a 5 15 0 1 3.4677017297334274
a 5 16 0 1 1.7035763229169885
a 5 17 0 1 4.12206781686512
a 5 18 0 1 5.262078685528749
a 5 19 0 1 3.274852212252233
a 5 20 0 1 5.224020571421839
a 5 21 0 1 2.0808188235403398
a 5 22 0 1 4.225250723426601
a 5 23 0 1 5.50047751873424
a 5 24 0 1 1.9175661823640542
a 5 25 0 1 2.2830960749318985
a 5 26 0 1 5.865234286283925
a 5 27 0 1 1.548952038219096
a 5 28 0 1 2.006940794072855
a 5 29 0 1 4.481641350823016
a 5 30 0 1 2.9524869517515464
a 5 31 0 1 5.532632143238909
a 5 32 0 1 4.794063799658927
a 5 33 0 1 2.302311435557912
a 5 34 0 1 1.3944231009774155
a 5 35 0 1 4.568667070572467
a 5 36 0 1 5.375601493387495
a 5 37 0 1 4.79247260056378
a 5 38 0 1 2.572048529660068
a 5 39 0 1 1.855147100130349
a 5 40 0 1 1.474086393926265
a 5 41 0 1 1.5073586815231719
a 5 42 0 1 2.66738252260789
a 5 43 0 1 1.550942505804282
a 5 44 0 1 5.992709199560226
a 5 45 0 1 2.414894422290703
a 5 46 0 1 3.2857548026590315
a 5 47 0 1 1.6997231176627199
a 5 48 0 1 1.3850698674373196
a 5 49 0 1 4.974268812960228
a 5 50 0 1 4.151821809196682
a 5 51 0 1 5.458111773683847
a 5 52 0 1 5.88188228696374
a 5 53 0 1 2.4542476832227877
a 5 54 0 1 2.0983477656794256
a 5 55 0 1 4.369461975943018
a 5 56 0 1 1.854204957881451
a 5 57 0 1 4.562560996779941
a 5 58 0 1 3.749714472454933
a 5 59 0 1 5.282970447133853
a 5 60 0 1 3.9938507244339316
a 5 61 0 1 3.033080423278015
a 5 62 0 1 2.2183281250664115
a 5 63 0 1 3.917096900114538
a 5 64 0 1 4.023744871698717
a 5 65 0 1 5.160452673871806
a 5 66 0 1 1.2097402774804236
a 5 67 0 1 5.861219440440783
a 5 68 0 1 5.282359880190183
a 5 69 0 1 3.536002673809246
a 5 70 0 1 1.267402771468775
a 5 71 0 1 1.6207962643201412
a 5 72 0 1 2.9297998783786086
a 5 73 0 1 1.6522475461661845
a 5 74 0 1 3.7771813712023308
a 5 75 0 1 4.809391103776719
a 5 76 0 1 5.47110240154287
a 5 77 0 1 3.2156774637322205
a 5 78 0 1 4.005368060417067
a 5 79 0 1 5.0858968840619925
a 5 80 0 1 4.666354674292658
a 5 81 0 1 1.7935058151308172
a 6 7 0 1 10.090832478974686
a 6 8 0 1 3.9654092189223276
a 6 9 0 1 11.996601810054667
a 6 10 0 1 11.428968663524758
a 6 11 0 1 2.6378658663894794
a 6 12 0 1 3.5660263296195653
a 6 13 0 1 8.164149920643943
a 6 14 0 1 3.490633187309027
a 6 15 0 1 7.299864071882218
a 6 16 0 1 3.585396140126099
a 6 17 0 1 8.678093952782222
a 6 18 0 1 11.079740773761703
a 6 19 0 1 6.893727051726243
a 6 20 0 1 10.999552956249893
a 6 21 0 1 4.379561815341374
a 6 22 0 1 8.895439395217625
a 6 23 0 1 11.582060874719566
a 6 24 0 1 4.03587526383276
a 6 25 0 1 4.805424479668397
a 6 26 0 1 12.350683526601019
a 6 27 0 1 3.2599052695690727
a 6 28 0 1 4.224028809832623
a 6 29 0 1 9.435527756354775
a 6 30 0 1 6.214877138503411
a 6 31 0 1 11.649814860770364
a 6 32 0 1 10.093695171860109
a 6 33 0 1 4.845880513530651
a 6 34 0 1 2.9346279029417106
a 6 35 0 1 9.618855966040346
a 6 36 0 1 11.318936074888269
a 6 37 0 1 10.090342925964409
a 6 38 0 1 5.413806067520816
a 6 39 0 1 3.904471673913802
a 6 40 0 1 3.102314420560533
a 6 41 0 1 3.172351623283344
a 6 42 0 1 5.614539032131977
a 6 43 0 1 3.2640952093821114
a 6 44 0 1 12.619318033154517
a 6 45 0 1 5.082916789397975
a 6 46 0 1 6.916687145459808
a 6 47 0 1 3.5772848192393676
a 6 48 0 1 2.9149401227554534
a 6 49 0 1 10.473349429037924
a 6 50 0 1 8.740767455167376
a 6 51 0 1 11.492791574311896
a 6 52 0 1 12.38576622753826
a 6 53 0 1 5.165774164782484
a 6 54 0 1 4.416465354666346
a 6 55 0 1 9.199216903628233
a 6 56 0 1 3.9024883080689743
a 6 57 0 1 9.605992790415678
a 6 58 0 1 7.893812879554895
a 6 59 0 1 11.12375970093878
a 6 60 0 1 8.40802422674944
a 6 61 0 1 6.384588933877406
a 6 62 0 1 4.669063449596062
a 6 63 0 1 8.246358237082868
a 6 64 0 1 8.47099089445042
a 6 65 0 1 10.865618181262445
a 6 66 0 1 2.5458945599417633
a 6 67 0 1 12.34222297522862
a 6 68 0 1 11.12247323348825
a 6 69 0 1 7.443709204127433
a 6 70 0 1 2.6672646552242893
a 6 71 0 1 3.4111389096689053
a 6 72 0 1 6.1671038727891965
a 6 73 0 1 3.477345403982578
a 6 74 0 1 7.951663367354865
a 6 75 0 1 10.125985916163156
a 6 76 0 1 11.52016415839852
a 6 77 0 1 6.769110277228279
a 6 78 0 1 8.432283375663712
a 6 79 0 1 10.708535163797093
a 6 80 0 1 9.824649322432338
a 6 81 0 1 3.774707537847575
a 7 1 0 1 0
a 8 1 0 1 0
a 9 1 0 1 0
a 10 1 0 1 0
a 11 1 0 1 0
a 12 1 0 1 0
a 13 1 0 1 0
a 14 1 0 1 0
a 15 1 0 1 0
a 16 1 0 1 0
a 17 1 0 1 0
a 18 1 0 1 0
a 19 1 0 1 0
a 20 1 0 1 0
a 21 1 0 1 0
a 22 1 0 1 0
a 23 1 0 1 0
a 24 1 0 1 0
a 25 1 0 1 0
a 26 1 0 1 0
a 27 1 0 1 0
a 28 1 0 1 0
a 29 1 0 1 0
a 30 1 0 1 0
a 31 1 0 1 0
a 32 1 0 1 0
a 33 1 0 1 0
a 34 1 0 1 0
a 35 1 0 1 0
a 36 1 0 1 0
a 37 1 0 1 0
a 38 1 0 1 0
a 39 1 0 1 0
a 40 1 0 1 0
a 41 1 0 1 0
a 42 1 0 1 0
a 43 1 0 1 0
a 44 1 0 1 0
a 45 1 0 1 0
a 46 1 0 1 0
a 47 1 0 1 0
a 48 1 0 1 0
a 49 1 0 1 0
a 50 1 0 1 0
a 51 1 0 1 0
a 52 1 0 1 0
a 53 1 0 1 0
a 54 1 0 1 0
a 55 1 0 1 0
a 56 1 0 1 0
a 57 1 0 1 0
a 58 1 0 1 0
a 59 1 0 1 0
a 60 1 0 1 0
a 61 1 0 1 0
a 62 1 0 1 0
a 63 1 0 1 0
a 64 1 0 1 0
a 65 1 0 1 0
a 66 1 0 1 0
a 67 1 0 1 0
a 68 1 0 1 0
a 69 1 0 1 0
a 70 1 0 1 0
a 71 1 0 1 0
a 72 1 0 1 0
a 73 1 0 1 0
a 74 1 0 1 0
a 75 1 0 1 0
a 76 1 0 1 0
a 77 1 0 1 0
a 78 1 0 1 0
a 79 1 0 1 0
a 80 1 0 1 0
a 81 1 0 1 0
