p min 80 575
n 0 7
n 1 -7
a 0 2 0 1 0
a 0 3 0 1 0
a 0 4 0 1 0
a 0 5 0 1 0
a 0 6 0 1 0
a 0 7 0 1 0
a 0 8 0 1 0
a 2 9 0 1 6.298317680925331
a 2 10 0 1 1.468949067186175
a 2 11 0 1 2.1572251107813103
a 2 12 0 1 2.1188348191850594
a 2 13 0 1 4.302896111037504
a 2 14 0 1 6.195266026661593
a 2 15 0 1 2.682759758722656
a 2 16 0 1 6.263264819170842
a 2 17 0 1 4.871017852645572
a 2 18 0 1 2.2810467812698927
a 2 19 0 1 5.005416264170983
a 2 20 0 1 4.318529121015912
a 2 21 0 1 3.66828795553463
a 2 22 0 1 4.584845327232217
a 2 23 0 1 5.309250013334493
a 2 24 0 1 6.099909508936278
a 2 25 0 1 2.841859560032837
a 2 26 0 1 4.662065466245424
a 2 27 0 1 4.767451864732409
a 2 28 0 1 3.0536900822773734
a 2 29 0 1 1.4549753914779862
a 2 30 0 1 3.1213847221035014
a 2 31 0 1 2.998368760288176
a 2 32 0 1 4.971084541883549
a 2 33 0 1 6.478260501718207
a 2 34 0 1 3.459610014181219
a 2 35 0 1 4.450028884890499
a 2 36 0 1 6.403003799137862
a 2 37 0 1 5.450609590591475
a 2 38 0 1 6.289436693533302
a 2 39 0 1 6.295630320778444
a 2 40 0 1 1.6536845477282525
a 2 41 0 1 4.875637168289885
a 2 42 0 1 1.5198210355140163
a 2 43 0 1 2.054957136118943
a 2 44 0 1 2.3049583925965855
a 2 45 0 1 6.094791424030797
a 2 46 0 1 5.290514780482499
a 2 47 0 1 5.218561526600216
a 2 48 0 1 4.370670609127165
a 2 49 0 1 1.4045367427040683
a 2 50 0 1 4.2331447236764355
a 2 51 0 1 3.3712173865628574
a 2 52 0 1 4.5534686319795945
a 2 53 0 1 6.262948381320307
a 2 54 0 1 3.5769760998697713
a 2 55 0 1 6.4472910121975255
a 2 56 0 1 6.2738735990200745
a 2 57 0 1 5.371426680852372
a 2 58 0 1 4.387038363620374
a 2 59 0 1 2.983405812935292
a 2 60 0 1 3.2320798801634503
a 2 61 0 1 5.343790491687413
a 2 62 0 1 4.733261640085419
a 2 63 0 1 5.083644371992601
a 2 64 0 1 3.0460640059154422
a 2 65 0 1 1.5819078625981275
a 2 66 0 1 4.184792892787824
a 2 67 0 1 3.2944571104860905
a 2 68 0 1 5.3973970503559485
a 2 69 0 1 2.1827102647927688
a 2 70 0 1 5.451952498972992
a 2 71 0 1 2.715452723164144
a 2 72 0 1 5.33521541873827
a 2 73 0 1 3.9128764229609554
a 2 74 0 1 5.6949902811372795
a 2 75 0 1 2.402737234456193
a 2 76 0 1 2.6089476506811815
a 2 77 0 1 1.4990048214718439
a 2 78 0 1 5.1144186560933145
a 2 79 0 1 2.4572096253437334
a 3 9 0 1 33.649106218425054
a 3 10 0 1 7.829015700541385
a 3 11 0 1 11.501249514740804
a 3 12 0 1 11.296355171878606
a 3 13 0 1 22.965504081872457
a 3 14 0 1 33.09683798253385
a 3 15 0 1 14.306891384236064
a 3 16 0 1 33.46124661631588
a 3 17 0 1 26.005085035976993
a 3 18 0 1 12.162156580240326
a 3 19 0 1 26.724400285524403
a 3 20 0 1 23.049121113213086
a 3 21 0 1 19.5722494820992
a 3 22 0 1 24.473780518700725
a 3 23 0 1 28.350909477656067
a 3 24 0 1 32.5858599398152
a 3 25 0 1 15.156558984233603
a 3 26 0 1 24.8869409757022
a 3 27 0 1 25.450854429769578
a 3 28 0 1 16.288043116854276
a 3 29 0 1 7.75448655902226
a 3 30 0 1 16.64968181228983
a 3 31 0 1 15.992523404987901
a 3 32 0 1 26.54064387551564
a 3 33 0 1 34.61358195939234
a 3 34 0 1 18.456917680105416
a 3 35 0 1 23.75253203444048
a 3 36 0 1 34.21019227276891
a 3 37 0 1 29.107816719002532
a 3 38 0 1 33.60150951478699
a 3 39 0 1 33.63470355389727
a 3 40 0 1 8.814407248440101
a 3 41 0 1 26.02980651960113
a 3 42 0 1 8.100352095808043
a 3 43 0 1 10.955448472910442
a 3 44 0 1 12.289795940791262
a 3 45 0 1 32.55843552018008
a 3 46 0 1 28.25060007089136
a 3 47 0 1 27.865376136088795
a 3 48 0 1 23.328022259016013
a 3 49 0 1 7.48547871379785
a 3 50 0 1 22.592437434128218
a 3 51 0 1 17.9845512174722
a 3 52 0 1 24.30591103754702
a 3 53 0 1 33.45955075382573
a 3 54 0 1 19.084181625649126
a 3 55 0 1 34.44757614225117
a 3 56 0 1 33.51810179480391
a 3 57 0 1 28.68382007777658
a 3 58 0 1 23.41557522767782
a 3 59 0 1 15.912595984938857
a 3 60 0 1 17.241090866978464
a 3 61 0 1 28.535845926141256
a 3 62 0 1 25.267898986142157
a 3 63 0 1 27.143130431624122
a 3 64 0 1 16.24730458168777
a 3 65 0 1 8.431523975374011
a 3 66 0 1 22.33384201913975
a 3 67 0 1 17.574381427397785
a 3 68 0 1 28.822878565519826
a 3 69 0 1 11.637271676094308
a 3 70 0 1 29.11500781153575
a 3 71 0 1 14.481476127850607
a 3 72 0 1 28.489932717802166
a 3 73 0 1 20.879810602626176
a 3 74 0 1 30.416601712184903
a 3 75 0 1 12.811767766360063
a 3 76 0 1 13.912745963903193
a 3 77 0 1 7.989322753572487
a 3 78 0 1 27.30786437134094
a 3 79 0 1 13.102579307014443
a 4 9 0 1 7.822769266495391
a 4 10 0 1 1.8242495944785444
a 4 11 0 1 2.6790530447915897
a 4 12 0 1 2.631373413769471
a 4 13 0 1 5.344076503765222
a 4 14 0 1 7.694752774720423
a 4 15 0 1 3.3317621212443456
a 4 16 0 1 7.7792245710613495
a 4 17 0 1 6.049763577755467
a 4 18 0 1 2.8328366706752703
a 4 19 0 1 6.216708569251899
a 4 20 0 1 5.363494600893739
a 4 21 0 1 4.555830383817701
a 4 22 0 1 5.694294274885714
a 4 23 0 1 6.594124804032714
a 4 24 0 1 7.576296264692045
a 4 25 0 1 3.529366343230994
a 4 26 0 1 5.790212738907122
a 4 27 0 1 5.921118394616022
a 4 28 0 1 3.7924655918035444
a 4 29 0 1 1.8068953473366407
a 4 30 0 1 3.8765448236652666
a 4 31 0 1 3.7237547112066025
a 4 32 0 1 6.174062789360811
a 4 33 0 1 8.04630600276741
a 4 34 0 1 4.296637825185136
a 4 35 0 1 5.526833949092049
a 4 36 0 1 7.952816933719662
a 4 37 0 1 6.769721036553471
a 4 38 0 1 7.811736781441037
a 4 39 0 1 7.819430869033735
a 4 40 0 1 2.0536783429341927
a 4 41 0 1 6.05550150882162
a 4 42 0 1 1.8874288412224562
a 4 43 0 1 2.5520394062494405
a 4 44 0 1 2.8625344562898625
a 4 45 0 1 7.569938348196283
a 4 46 0 1 6.570852085748799
a 4 47 0 1 6.481472701669072
a 4 48 0 1 5.4282607844265245
a 4 49 0 1 1.744254477158705
a 4 50 0 1 5.257437015090154
a 4 51 0 1 4.186848925165186
a 4 52 0 1 5.655320046895122
a 4 53 0 1 7.7788314740211195
a 4 54 0 1 4.442414319025727
a 4 55 0 1 8.007833518305384
a 4 56 0 1 7.792403402956944
a 4 57 0 1 6.6713602108775385
a 4 58 0 1 5.448591600718458
a 4 59 0 1 3.705170280494541
a 4 60 0 1 4.014032963794043
a 4 61 0 1 6.637030703447463
a 4 62 0 1 5.878648941972172
a 4 63 0 1 6.31388135624952
a 4 64 0 1 3.7829937444228428
a 4 65 0 1 1.964536361105215
a 4 66 0 1 5.197378509130937
a 4 67 0 1 4.091508536310841
a 4 68 0 1 6.703620495396498
a 4 69 0 1 2.7107049247732333
a 4 70 0 1 6.771389197956069
a 4 71 0 1 3.372367106268077
a 4 72 0 1 6.626378810324944
a 4 73 0 1 4.859630158396216
a 4 74 0 1 7.073292898965738
a 4 75 0 1 2.983974408131145
a 4 76 0 1 3.2400870254263094
a 4 77 0 1 1.8615766112523213
a 4 78 0 1 6.35210843505191
a 4 79 0 1 3.05162864149818
a 5 9 0 1 27.844613652870926
a 5 10 0 1 6.481825999958194
a 5 11 0 1 9.521461625864234
a 5 12 0 1 9.351875117005946
a 5 13 0 1 19.00797318969371
a 5 14 0 1 27.387912676709007
a 5 15 0 1 11.843490535536368
a 5 16 0 1 27.68926334442656
a 5 17 0 1 21.52245938144596
a 5 18 0 1 10.068470367416698
a 5 19 0 1 22.117466737839845
a 5 20 0 1 19.077149248485906
a 5 21 0 1 16.200552255169406
a 5 22 0 1 20.255729323226685
a 5 23 0 1 23.462829236083884
a 5 24 0 1 26.965347881564938
a 5 25 0 1 12.546648561054967
a 5 26 0 1 20.597512687781805
a 5 27 0 1 21.06399608104697
a 5 28 0 1 13.482992202948315
a 5 29 0 1 6.420131054164935
a 5 30 0 1 13.782252302058426
a 5 31 0 1 13.238443117155226
a 5 32 0 1 21.96546766543274
a 5 33 0 1 28.642167582034507
a 5 34 0 1 15.277695946204204
a 5 35 0 1 19.659069378652898
a 5 36 0 1 28.308596275857894
a 5 37 0 1 24.0888732317864
a 5 38 0 1 27.805253716807364
a 5 39 0 1 27.832703425130394
a 5 40 0 1 7.29751231178327
a 5 41 0 1 21.54290892412224
a 5 42 0 1 6.706435717277204
a 5 43 0 1 9.069711138622155
a 5 44 0 1 10.174111171153562
a 5 45 0 1 26.94266839715438
a 5 46 0 1 23.37986111281101
a 5 47 0 1 23.061230818809562
a 5 48 0 1 19.30788146513067
a 5 49 0 1 6.197445845066912
a 5 50 0 1 18.69933373815403
a 5 51 0 1 14.886834572202035
a 5 52 0 1 20.11685916239409
a 5 53 0 1 27.687860947355706
a 5 54 0 1 15.796716476113303
a 5 55 0 1 28.50489457492143
a 5 56 0 1 27.736279799634175
a 5 57 0 1 23.738184563500955
a 5 58 0 1 19.380312660332468
a 5 59 0 1 13.172300919393209
a 5 60 0 1 14.271640702100974
a 5 61 0 1 23.61579338408584
a 5 62 0 1 20.912651883088092
a 5 63 0 1 22.463826523596317
a 5 64 0 1 13.449280336267805
a 5 65 0 1 6.9805734111838005
a 5 66 0 1 18.485394084536512
a 5 67 0 1 14.547432114605286
a 5 68 0 1 23.853200834227348
a 5 69 0 1 9.634043394247456
a 5 70 0 1 24.094820951115423
a 5 71 0 1 11.987973282420676
a 5 72 0 1 23.577817877257967
a 5 73 0 1 17.28241232022633
a 5 74 0 1 25.171335189018016
a 5 75 0 1 10.606115939546983
a 5 76 0 1 11.517300201137823
a 5 77 0 1 6.614526963615211
a 5 78 0 1 22.600087430916265
a 5 79 0 1 10.84679932471656
a 6 9 0 1 35.97949916514436
a 6 10 0 1 8.369497738524442
a 6 11 0 1 12.295606099689005
a 6 12 0 1 12.076540637887534
a 6 13 0 1 24.553903609490025
a 6 14 0 1 35.38882714246854
a 6 15 0 1 15.29536666204667
a 6 16 0 1 35.778575542031525
a 6 17 0 1 27.804389723987303
a 6 18 0 1 13.002228389488952
a 6 19 0 1 28.573638672354317
a 6 20 0 1 24.643320402855224
a 6 21 0 1 20.925390148635206
a 6 22 0 1 26.16681397990385
a 6 23 0 1 30.313090112840126
a 6 24 0 1 34.84232121395341
a 6 25 0 1 16.203848109025525
a 6 26 0 1 26.608643472922818
a 6 27 0 1 27.211691359580556
a 6 28 0 1 17.413672484460452
a 6 29 0 1 8.28981850897261
a 6 30 0 1 17.8003544572557
a 6 31 0 1 17.09768985332304
a 6 32 0 1 28.377125349046416
a 6 33 0 1 37.01105542373711
a 6 34 0 1 19.732773817901073
a 6 35 0 1 25.395525346090697
a 6 36 0 1 36.57960753160283
a 6 37 0 1 31.122571232043555
a 6 38 0 1 35.92859246261123
a 6 39 0 1 35.96409489767178
a 6 40 0 1 9.422990370636517
a 6 41 0 1 27.830827186181022
a 6 42 0 1 8.659584729646854
a 6 43 0 1 11.712057373764987
a 6 44 0 1 13.138697476186493
a 6 45 0 1 34.812990123238244
a 6 46 0 1 30.20581406918397
a 6 47 0 1 29.793837360815022
a 6 48 0 1 24.941567278156967
a 6 49 0 1 8.002222558796626
a 6 50 0 1 24.154962135851896
a 6 51 0 1 19.227682129845913
a 6 52 0 1 25.987296936996156
a 6 53 0 1 35.776761749631184
a 6 54 0 1 20.403500063683005
a 6 55 0 1 36.83350255509659
a 6 56 0 1 35.839384445833154
a 6 57 0 1 30.669123080619418
a 6 58 0 1 25.03519355448383
a 6 59 0 1 17.01222820767719
a 6 60 0 1 18.432723063365728
a 6 61 0 1 30.510871122732663
a 6 62 0 1 27.016038589356157
a 6 63 0 1 29.021440459711517
a 6 64 0 1 17.370112968260553
a 6 65 0 1 9.013643810150215
a 6 66 0 1 23.87843268399554
a 6 67 0 1 18.78909914439173
a 6 68 0 1 30.81784046277211
a 6 69 0 1 12.441036364218725
a 6 70 0 1 31.130261856314725
a 6 71 0 1 15.482035127727627
a 6 72 0 1 30.461769007481468
a 6 73 0 1 22.32358294636229
a 6 74 0 1 32.522286000798374
a 6 75 0 1 13.696780708248417
a 6 76 0 1 14.87394273964652
a 6 77 0 1 8.540882596591315
a 6 78 0 1 29.19761238661499
a 6 79 0 1 14.007713381823715
a 7 9 0 1 9.282379435314036
a 7 10 0 1 2.1643480523644505
a 7 11 0 1 3.1785725276450587
a 7 12 0 1 3.121999654869525
a 7 13 0 1 6.340862481930796
a 7 14 0 1 9.130451888076008
a 7 15 0 1 3.95303705592717
a 7 16 0 1 9.23070132183087
a 7 17 0 1 7.178284291548527
a 7 18 0 1 3.3610407840967023
a 7 19 0 1 7.376397597179983
a 7 20 0 1 6.363905129027307
a 7 21 0 1 5.405499875534966
a 7 22 0 1 6.756454278766049
a 7 23 0 1 7.824281969871394
a 7 24 0 1 8.989870691156943
a 7 25 0 1 4.187506379117195
a 7 26 0 1 6.870278625528372
a 7 27 0 1 7.025622265979032
a 7 28 0 1 4.4996925893723345
a 7 29 0 1 2.143757620025416
a 7 30 0 1 4.5994593984619385
a 7 31 0 1 4.418161839666111
a 7 32 0 1 7.325789795635879
a 7 33 0 1 9.547670604734492
a 7 34 0 1 5.097939121457501
a 7 35 0 1 6.557733891690986
a 7 36 0 1 9.43671839959796
a 7 37 0 1 8.032666602424317
a 7 38 0 1 9.269286258118145
a 7 39 0 1 9.278417477827537
a 7 40 0 1 2.4365616559099728
a 7 41 0 1 7.185093459898046
a 7 42 0 1 2.2393089679221276
a 7 43 0 1 3.02786846348331
a 7 44 0 1 3.396278115004776
a 7 45 0 1 8.982325296548126
a 7 46 0 1 7.796663745691324
a 7 47 0 1 7.690595607941291
a 7 48 0 1 6.440760600547708
a 7 49 0 1 2.069435733662795
a 7 50 0 1 6.23805124358662
a 7 51 0 1 4.967663432280012
a 7 52 0 1 6.710204547540521
a 7 53 0 1 9.230234801303464
a 7 54 0 1 5.270918698339998
a 7 55 0 1 9.502011662121202
a 7 56 0 1 9.246341728055848
a 7 57 0 1 7.915939049363667
a 7 58 0 1 6.46488642122781
a 7 59 0 1 4.3961100232082195
a 7 60 0 1 4.762600973502484
a 7 61 0 1 7.875199375394988
a 7 62 0 1 6.975224352415246
a 7 63 0 1 7.491713014367385
a 7 64 0 1 4.488453498940301
a 7 65 0 1 2.3307957771754855
a 7 66 0 1 6.166782703109494
a 7 67 0 1 4.854532868738991
a 7 68 0 1 7.954223180225446
a 7 69 0 1 3.216128204806008
a 7 70 0 1 8.034646260646898
a 7 71 0 1 4.001217156313248
a 7 72 0 1 7.862558523083842
a 7 73 0 1 5.765996405498968
a 7 74 0 1 8.39292696654626
a 7 75 0 1 3.5403707996623446
a 7 76 0 1 3.8442597033913515
a 7 77 0 1 2.2086357883469248
a 7 78 0 1 7.537077406045178
a 7 79 0 1 3.620645203222878
a 8 9 0 1 21.345660580792874
a 8 10 0 1 4.9718146361862985
a 8 11 0 1 7.302738761510311
a 8 12 0 1 7.172702507852115
a 8 13 0 1 14.574959170414811
a 8 14 0 1 20.99581174646355
a 8 15 0 1 9.083114689348351
a 8 16 0 1 21.22665780656674
a 8 17 0 1 16.50190551997228
a 8 18 0 1 7.722168345348146
a 8 19 0 1 16.957844129514015
a 8 20 0 1 14.627974900879302
a 8 21 0 1 12.423217830670918
a 8 22 0 1 15.531194709581756
a 8 23 0 1 17.98870647185832
a 8 24 0 1 20.672104747911302
a 8 25 0 1 9.622205266945283
a 8 26 0 1 15.793114019628934
a 8 27 0 1 16.150587098782772
a 8 28 0 1 10.340040780428028
a 8 29 0 1 4.924500343855894
a 8 30 0 1 10.569456975226625
a 8 31 0 1 10.152563931201358
a 8 32 0 1 16.841372595442134
a 8 33 0 1 21.95659399198007
a 8 34 0 1 11.71582578896182
a 8 35 0 1 15.07394394059598
a 8 36 0 1 21.70107859513743
a 8 37 0 1 18.468377146227255
a 8 38 0 1 21.315509839559482
a 8 39 0 1 21.336537041350912
a 8 40 0 1 5.597355535596964
a 8 41 0 1 16.517575713126217
a 8 42 0 1 5.144068100982627
a 8 43 0 1 6.956341006243978
a 8 44 0 1 7.8031690652061885
a 8 45 0 1 20.654730854127276
a 8 46 0 1 17.92513564386035
a 8 47 0 1 17.68099596989644
a 8 48 0 1 14.804803973689003
a 8 49 0 1 4.753720171307678
a 8 50 0 1 14.338419064953875
a 8 51 0 1 11.416210360216219
a 8 52 0 1 15.424772774523506
a 8 53 0 1 21.22558352581111
a 8 54 0 1 12.11367209962115
a 8 55 0 1 21.851443516660275
a 8 56 0 1 21.262673859494754
a 8 57 0 1 18.199683852538683
a 8 58 0 1 14.860313502614368
a 8 59 0 1 10.101857406127811
a 8 60 0 1 10.944619737024585
a 8 61 0 1 18.105908059725305
a 8 62 0 1 16.034610799227067
a 8 63 0 1 17.22324387134827
a 8 64 0 1 10.314196648878626
a 8 65 0 1 5.35430181714782
a 8 66 0 1 14.174454221180985
a 8 67 0 1 11.156035742165876
a 8 68 0 1 18.287808446968576
a 8 69 0 1 7.389064027446201
a 8 70 0 1 18.472934171015762
a 8 71 0 1 9.193887024406141
a 8 72 0 1 18.076811202830456
a 8 73 0 1 13.252445469846116
a 8 74 0 1 19.29771403032254
a 8 75 0 1 8.134406529965819
a 8 76 0 1 8.833027238651345
a 8 77 0 1 5.073583417272469
a 8 78 0 1 17.327653047647814
a 8 79 0 1 8.318945960871389
a 9 1 0 1 0
a 10 1 0 1 0
a 11 1 0 1 0
a 12 1 0 1 0
a 13 1 0 1 0
a 14 1 0 1 0
a 15 1 0 1 0
a 16 1 0 1 0
a 17 1 0 1 0
a 18 1 0 1 0
a 19 1 0 1 0
a 20 1 0 1 0
a 21 1 0 1 0
a 22 1 0 1 0
a 23 1 0 1 0
a 24 1 0 1 0
a 25 1 0 1 0
a 26 1 0 1 0
a 27 1 0 1 0
a 28 1 0 1 0
a 29 1 0 1 0
a 30 1 0 1 0
a 31 1 0 1 0
a 32 1 0 1 0
a 33 1 0 1 0
a 34 1 0 1 0
a 35 1 0 1 0
a 36 1 0 1 0
a 37 1 0 1 0
a 38 1 0 1 0
a 39 1 0 1 0
a 40 1 0 1 0
a 41 1 0 1 0
a 42 1 0 1 0
a 43 1 0 1 0
a 44 1 0 1 0
a 45 1 0 1 0
a 46 1 0 1 0
a 47 1 0 1 0
a 48 1 0 1 0
a 49 1 0 1 0
a 50 1 0 1 0
a 51 1 0 1 0
a 52 1 0 1 0
a 53 1 0 1 0
a 54 1 0 1 0
a 55 1 0 1 0
a 56 1 0 1 0
a 57 1 0 1 0
a 58 1 0 1 0
a 59 1 0 1 0
a 60 1 0 1 0
a 61 1 0 1 0
a 62 1 0 1 0
a 63 1 0 1 0
a 64 1 0 1 0
a 65 1 0 1 0
a 66 1 0 1 0
a 67 1 0 1 0
a 68 1 0 1 0
a 69 1 0 1 0
a 70 1 0 1 0
a 71 1 0 1 0
a 72 1 0 1 0
a 73 1 0 1 0
a 74 1 0 1 0
a 75 1 0 1 0
a 76 1 0 1 0
a 77 1 0 1 0
a 78 1 0 1 0
a 79 1 0 1 0
