p min 81 583
n 0 7
n 1 -7
a 0 2 0 1 0
a 0 3 0 1 0
a 0 4 0 1 0
a 0 5 0 1 0
a 0 6 0 1 0
a 0 7 0 1 0
a 0 8 0 1 0
a 2 9 0 1 35.51738939385977
a 2 10 0 1 10.610900421185415
a 2 11 0 1 29.019973160517022
a 2 12 0 1 13.77859765631188
a 2 13 0 1 32.55022435818729
a 2 14 0 1 9.797031379875568
a 2 15 0 1 17.55061084014817
a 2 16 0 1 11.783575278124982
a 2 17 0 1 28.411442393172134
a 2 18 0 1 23.682389391745286
a 2 19 0 1 27.881537245922797
a 2 20 0 1 28.878254997437484
a 2 21 0 1 21.928536986965238
a 2 22 0 1 12.089969752623933
a 2 23 0 1 31.397444559008363
a 2 24 0 1 13.472671871008966
a 2 25 0 1 12.570010110936995
a 2 26 0 1 27.33757965443695
a 2 27 0 1 18.090651083679457
a 2 28 0 1 9.81126888316601
a 2 29 0 1 13.780873334402724
a 2 30 0 1 23.791697318034927
a 2 31 0 1 13.469561474833357
a 2 32 0 1 9.320406055529029
a 2 33 0 1 17.77260362247496
a 2 34 0 1 13.25792682070688
a 2 35 0 1 29.58129954722792
a 2 36 0 1 24.755874064352973
a 2 37 0 1 14.610029555579349
a 2 38 0 1 21.972399466955157
a 2 39 0 1 26.01285248846963
a 2 40 0 1 28.420829763574776
a 2 41 0 1 12.169134910333193
a 2 42 0 1 22.60307552427928
a 2 43 0 1 17.5544702873433
a 2 44 0 1 35.21003687451754
a 2 45 0 1 32.75212542659393
a 2 46 0 1 26.933371799168775
a 2 47 0 1 15.608037918965525
a 2 48 0 1 29.06432539922206
a 2 49 0 1 33.128671427383054
a 2 50 0 1 25.45142465118663
a 2 51 0 1 23.275122625984107
a 2 52 0 1 13.629222010897658
a 2 53 0 1 23.72521898673974
a 2 54 0 1 34.91890558796128
a 2 55 0 1 17.76280653009301
a 2 56 0 1 12.803816571073465
a 2 57 0 1 16.11845713479758
a 2 58 0 1 22.145216565356964
a 2 59 0 1 34.78660908123724
a 2 60 0 1 23.206817909679973
a 2 61 0 1 25.26505010604343
a 2 62 0 1 35.76293665336555
a 2 63 0 1 36.34758930112277
a 2 64 0 1 25.878864850707266
a 2 65 0 1 26.987998172106295
a 2 66 0 1 30.944965565182645
a 2 67 0 1 32.45449634688791
a 2 68 0 1 11.287096836056433
a 2 69 0 1 22.76298886125289
a 2 70 0 1 13.857903666597954
a 2 71 0 1 31.451677650657864
a 2 72 0 1 35.25334198831505
a 2 73 0 1 10.585714543041775
a 2 74 0 1 15.270549403891506
a 2 75 0 1 14.758230611674518
a 2 76 0 1 34.25458282681879
a 2 77 0 1 35.0592236323097
a 2 78 0 1 9.138634056871506
a 2 79 0 1 35.08673401086763
a 2 80 0 1 26.48908895763676
a 3 9 0 1 24.846119796568168
a 3 10 0 1 7.429228121637384
a 3 11 0 1 20.30542927484883
a 3 12 0 1 9.64603797166537
a 3 13 0 1 22.772783478461903
a 3 14 0 1 6.859589985180302
a 3 15 0 1 12.285125475928766
a 3 16 0 1 8.249943049356027
a 3 17 0 1 19.88005548325007
a 3 18 0 1 16.57375230284522
a 3 19 0 1 19.5096277815836
a 3 20 0 1 20.206367369583248
a 3 21 0 1 15.347276363264623
a 3 22 0 1 8.464367077786784
a 3 23 0 1 21.967151948002524
a 3 24 0 1 9.43196693904103
a 3 25 0 1 8.800304565148023
a 3 26 0 1 19.129362636840096
a 3 27 0 1 12.66290807210361
a 3 28 0 1 6.869555284856907
a 3 29 0 1 9.647630356459745
a 3 30 0 1 16.650186838497888
a 3 31 0 1 9.42979042151189
a 3 32 0 1 6.525978491906073
a 3 33 0 1 12.440421184524455
a 3 34 0 1 9.28169676153831
a 3 35 0 1 20.697790461264603
a 3 36 0 1 17.324370908466605
a 3 37 0 1 10.227808113026162
a 3 38 0 1 15.377951385155367
a 3 39 0 1 18.203223931594188
a 3 40 0 1 19.886617557771466
a 3 41 0 1 8.519768487601556
a 3 42 0 1 15.81900146161237
a 3 43 0 1 12.287825384020989
a 3 44 0 1 24.631373954159958
a 3 45 0 1 22.91387740390306
a 3 46 0 1 18.846783240731988
a 3 47 0 1 10.926091092708884
a 3 48 0 1 20.336431574368067
a 3 49 0 1 23.17701265212196
a 3 50 0 1 17.810694786575993
a 3 51 0 1 16.288962315950812
a 3 52 0 1 9.541513190974747
a 3 53 0 1 16.60370134544258
a 3 54 0 1 24.427957592235433
a 3 55 0 1 12.433567649826177
a 3 56 0 1 8.963920843646811
a 3 57 0 1 11.283200786709811
a 3 58 0 1 15.498809314703776
a 3 59 0 1 24.335519332956192
a 3 60 0 1 16.241197997351364
a 3 61 0 1 17.680385366962316
a 3 62 0 1 25.017679287452875
a 3 63 0 1 25.426153900488295
a 3 64 0 1 18.109546221353263
a 3 65 0 1 18.88497268761334
a 3 66 0 1 21.650914942733056
a 3 67 0 1 22.705885465577975
a 3 68 0 1 7.902482928076152
a 3 69 0 1 15.930830440149016
a 3 70 0 1 9.701531474508307
a 3 71 0 1 22.005054722417647
a 3 72 0 1 24.661631322288407
a 3 73 0 1 7.411600659434329
a 3 74 0 1 10.689963708973307
a 3 75 0 1 10.33150395320147
a 3 76 0 1 23.96377320541463
a 3 77 0 1 24.52599973586196
a 3 78 0 1 6.398745203952352
a 3 79 0 1 24.54522150307483
a 3 80 0 1 18.536178521736186
a 4 9 0 1 15.727901288144892
a 4 10 0 1 4.706253676931699
a 4 11 0 1 12.856054340118744
a 4 12 0 1 6.109982604233565
a 4 13 0 1 14.416716810341258
a 4 14 0 1 4.34550482296923
a 4 15 0 1 7.780763610158384
a 4 16 0 1 5.225977640703212
a 4 17 0 1 12.586961984228358
a 4 18 0 1 10.495057515675622
a 4 19 0 1 12.352620752676133
a 4 20 0 1 12.79338843529731
a 4 21 0 1 9.718915066406794
a 4 22 0 1 5.361757351118225
a 4 23 0 1 13.907170795905634
a 4 24 0 1 5.974439951582539
a 4 25 0 1 5.574478075743334
a 4 26 0 1 12.112048486334988
a 4 27 0 1 8.019903670485627
a 4 28 0 1 4.351815944277951
a 4 29 0 1 6.110990840100559
a 4 30 0 1 10.543424400274155
a 4 31 0 1 5.973061840540804
a 4 32 0 1 4.134222351672214
a 4 33 0 1 7.8790682292779275
a 4 34 0 1 5.879292412792264
a 4 35 0 1 13.10425426715707
a 4 36 0 1 10.970026695122867
a 4 37 0 1 6.478327712902813
a 4 38 0 1 9.73832791368691
a 4 39 0 1 11.526100495898605
a 4 40 0 1 12.591113239920444
a 4 41 0 1 5.396838781723548
a 4 42 0 1 10.017443184868158
a 4 43 0 1 7.782472705342863
a 4 44 0 1 15.592106017182434
a 4 45 0 1 14.505952353747857
a 4 46 0 1 11.933271460786077
a 4 47 0 1 6.920418490224731
a 4 48 0 1 12.875666081456295
a 4 49 0 1 14.672370682138984
a 4 50 0 1 11.277741920233675
a 4 51 0 1 10.314842974348949
a 4 52 0 1 6.04380129832448
a 4 53 0 1 10.51400895852268
a 4 54 0 1 15.463472705422491
a 4 55 0 1 7.8747298615362915
a 4 56 0 1 5.678080205380394
a 4 57 0 1 7.146498559097739
a 4 58 0 1 9.81481299361345
a 4 59 0 1 15.405017288127473
a 4 60 0 1 10.284617382927593
a 4 61 0 1 11.195291539765536
a 4 62 0 1 15.836385747524341
a 4 63 0 1 16.09467550673297
a 4 64 0 1 11.466830072358734
a 4 65 0 1 11.957432692566831
a 4 66 0 1 13.707147648293905
a 4 67 0 1 14.374406462435172
a 4 68 0 1 5.005950275610882
a 4 69 0 1 10.088211670950425
a 4 70 0 1 6.145118843152044
a 4 71 0 1 13.931144330059954
a 4 72 0 1 15.611239517241643
a 4 73 0 1 4.695090557434144
a 4 74 0 1 6.77092651657776
a 4 75 0 1 6.543980359850709
a 4 76 0 1 15.169930624792112
a 4 77 0 1 15.525471365486252
a 4 78 0 1 4.053641535247501
a 4 79 0 1 15.537626525015536
a 4 80 0 1 11.736758970597604
a 5 9 0 1 31.712803064857543
a 5 10 0 1 9.477180508941254
a 5 11 0 1 25.913461071541455
a 5 12 0 1 12.305945879221206
a 5 13 0 1 29.06454216248038
a 5 14 0 1 8.75035679761214
a 5 15 0 1 15.674079584789707
a 5 16 0 1 10.524409236945969
a 5 17 0 1 25.37026235594453
a 5 18 0 1 21.14864353505555
a 5 19 0 1 24.89724133385633
a 5 20 0 1 25.786958544288975
a 5 21 0 1 19.582856655105626
a 5 22 0 1 10.798022377616553
a 5 23 0 1 28.03560806439759
a 5 24 0 1 12.032762650664393
a 5 25 0 1 11.226698769043061
a 5 26 0 1 24.4116699218267
a 5 27 0 1 16.15627064769156
a 5 28 0 1 8.763071689497988
a 5 29 0 1 12.307977988827435
a 5 30 0 1 21.246228131924916
a 5 31 0 1 12.029985142700339
a 5 32 0 1 8.324700980712896
a 5 33 0 1 15.87229324906785
a 5 34 0 1 11.8410000554691
a 5 35 0 1 26.414516037799135
a 5 36 0 1 22.106985032789094
a 5 37 0 1 13.048381064876944
a 5 38 0 1 19.622016589701207
a 5 39 0 1 23.22910623806007
a 5 40 0 1 25.378641957407936
a 5 41 0 1 10.86871727051569
a 5 42 0 1 20.185072475416888
a 5 43 0 1 15.677525630289606
a 5 44 0 1 31.438493122615668
a 5 45 0 1 29.244749529813667
a 5 46 0 1 24.05084385427696
a 5 47 0 1 13.939542227783985
a 5 48 0 1 25.95305132066004
a 5 49 0 1 29.580834318529707
a 5 50 0 1 22.727916514450612
a 5 51 0 1 20.785054013260513
a 5 52 0 1 12.172557834390922
a 5 53 0 1 21.186879666086206
a 5 54 0 1 31.178658590840612
a 5 55 0 1 15.863545611065986
a 5 56 0 1 11.435486273039334
a 5 57 0 1 14.395307270447558
a 5 58 0 1 19.77630536160757
a 5 59 0 1 31.06058340411576
a 5 60 0 1 20.724074264725232
a 5 61 0 1 22.561537394291133
a 5 62 0 1 31.931950751572305
a 5 63 0 1 32.453740157230015
a 5 64 0 1 23.109495367166165
a 5 65 0 1 24.099607638094383
a 5 66 0 1 27.631731878339505
a 5 67 0 1 28.97909954176837
a 5 68 0 1 10.081044945176327
a 5 69 0 1 20.3278387431593
a 5 70 0 1 12.376763607353572
a 5 71 0 1 28.084015431936812
a 5 72 0 1 31.477142755658065
a 5 73 0 1 9.454688541904419
a 5 74 0 1 13.638187830382577
a 5 75 0 1 13.180717038896264
a 5 76 0 1 30.58574383847979
a 5 77 0 1 31.303892610987273
a 5 78 0 1 8.16236605684193
a 5 79 0 1 31.328445605310126
a 5 80 0 1 23.654239708301972
a 6 9 0 1 7.052421557884413
a 6 10 0 1 2.111770406659966
a 6 11 0 1 5.7657310976246805
a 6 12 0 1 2.741401507402289
a 6 13 0 1 6.4650221345735135
a 6 14 0 1 1.9499413391006652
a 6 15 0 1 3.4906703471764953
a 6 16 0 1 2.3449014128964136
a 6 17 0 1 5.645144004032785
a 6 18 0 1 4.707568052039916
a 6 19 0 1 5.540126409514138
a 6 20 0 1 5.737649288339449
a 6 21 0 1 4.3596434227874745
a 6 22 0 1 2.4058051722276232
a 6 23 0 1 6.236723467422903
a 6 24 0 1 2.6806098569739474
a 6 25 0 1 2.5012185821493684
a 6 26 0 1 5.432313188284149
a 6 27 0 1 3.5979007169543475
a 6 28 0 1 1.9527725216429628
a 6 29 0 1 2.7418537030010994
a 6 30 0 1 4.729248542628452
a 6 31 0 1 2.6799917609627992
a 6 32 0 1 1.8551582605189936
a 6 33 0 1 3.534750518953245
a 6 34 0 1 2.6379350197444045
a 6 35 0 1 5.876952109573526
a 6 36 0 1 4.9204675567137475
a 6 37 0 1 2.9066010976531738
a 6 38 0 1 4.368346119510317
a 6 39 0 1 5.169704955699951
a 6 40 0 1 5.647004318064343
a 6 41 0 1 2.4215407178626878
a 6 42 0 1 4.493469933755765
a 6 43 0 1 3.4914367167748175
a 6 44 0 1 6.991590983084816
a 6 45 0 1 6.5050019987479795
a 6 46 0 1 5.352191564837922
a 6 47 0 1 3.1048647786159496
a 6 48 0 1 5.774519453948611
a 6 49 0 1 6.579560563846118
a 6 50 0 1 5.058390530738051
a 6 51 0 1 4.626785582142592
a 6 52 0 1 2.7117189461083706
a 6 53 0 1 4.716063065713887
a 6 54 0 1 6.933967696631445
a 6 55 0 1 3.532805189671277
a 6 56 0 1 2.547687180633119
a 6 57 0 1 3.2062502117029306
a 6 58 0 1 4.402633846108126
a 6 59 0 1 6.9077813747418615
a 6 60 0 1 4.613236561344224
a 6 61 0 1 5.021435456623998
a 6 62 0 1 7.101017282308172
a 6 63 0 1 7.216715746741987
a 6 64 0 1 5.143140244407134
a 6 65 0 1 5.36301989204965
a 6 66 0 1 6.1471003994901885
a 6 67 0 1 6.446065830407423
a 6 68 0 1 2.2462062811954304
a 6 69 0 1 4.525193837933837
a 6 70 0 1 2.7571601395711127
a 6 71 0 1 6.247464979711549
a 6 72 0 1 7.000162050605286
a 6 73 0 1 2.106762831145731
a 6 74 0 1 3.037823619148
a 6 75 0 1 2.936044929665778
a 6 76 0 1 6.802467441999008
a 6 77 0 1 6.961741075311617
a 6 78 0 1 1.8190083645106827
a 6 79 0 1 6.967186164885549
a 6 80 0 1 5.264119425255247
a 7 9 0 1 28.353614241825174
a 7 10 0 1 8.475603909560313
a 7 11 0 1 23.170208966561557
a 7 12 0 1 11.005037989605524
a 7 13 0 1 25.98671112879203
a 7 14 0 1 7.825662309671822
a 7 15 0 1 14.016538664450726
a 7 16 0 1 9.412038423310884
a 7 17 0 1 22.684664673893487
a 7 18 0 1 18.910903468942035
a 7 19 0 1 22.261844253097152
a 7 20 0 1 23.057133832928347
a 7 21 0 1 17.51112683944917
a 7 22 0 1 9.656700032675197
a 7 23 0 1 25.06705217787759
a 7 24 0 1 10.760769779583493
a 7 25 0 1 10.040014073245757
a 7 26 0 1 21.827800302092815
a 7 27 0 1 14.447652946495996
a 7 28 0 1 7.837032341926115
a 7 29 0 1 11.006855004925496
a 7 30 0 1 18.99814003112513
a 7 31 0 1 10.758286247985533
a 7 32 0 1 7.445026261387864
a 7 33 0 1 14.193756875399695
a 7 34 0 1 10.589303282493939
a 7 35 0 1 23.618076878679194
a 7 36 0 1 19.76761181998627
a 7 37 0 1 11.668882070514188
a 7 38 0 1 17.546135551922116
a 7 39 0 1 20.77070538113817
a 7 40 0 1 22.692154924031346
a 7 41 0 1 9.719914298188627
a 7 42 0 1 18.04949994541771
a 7 43 0 1 14.019619700619291
a 7 44 0 1 28.108454785831718
a 7 45 0 1 26.147777681475734
a 7 46 0 1 21.50526073832864
a 7 47 0 1 12.465692749436938
a 7 48 0 1 23.205596904815714
a 7 49 0 1 26.44816316159513
a 7 50 0 1 20.322682146175314
a 7 51 0 1 18.585867761236962
a 7 52 0 1 10.88576857611937
a 7 53 0 1 18.945085001132437
a 7 54 0 1 27.876230943648093
a 7 55 0 1 14.185935834502624
a 7 56 0 1 10.22670632368512
a 7 57 0 1 12.873197593193646
a 7 58 0 1 17.68406832828095
a 7 59 0 1 27.770702243866623
a 7 60 0 1 18.531353818277665
a 7 61 0 1 20.173951404388706
a 7 62 0 1 28.54947226597372
a 7 63 0 1 29.015804888704302
a 7 64 0 1 20.663783397197466
a 7 65 0 1 21.548850464606943
a 7 66 0 1 24.706062239903698
a 7 67 0 1 25.910343590220332
a 7 68 0 1 9.015583895209344
a 7 69 0 1 18.177129970245197
a 7 70 0 1 11.06835976548772
a 7 71 0 1 25.110319091316825
a 7 72 0 1 28.142997282735067
a 7 73 0 1 8.455491275065738
a 7 74 0 1 12.196245778820867
a 7 75 0 1 11.787208246516597
a 7 76 0 1 27.34631531883253
a 7 77 0 1 27.988157457116756
a 7 78 0 1 7.299859758629133
a 7 79 0 1 28.01010138266301
a 7 80 0 1 21.150736153427154
a 8 9 0 1 9.070201662019757
a 8 10 0 1 2.715530629526454
a 8 11 0 1 7.4150596730064064
a 8 12 0 1 3.5252478449855
a 8 13 0 1 8.31457947160913
a 8 14 0 1 2.507420885672658
a 8 15 0 1 4.488865158329348
a 8 16 0 1 3.0153374915951527
a 8 17 0 1 7.259948938123278
a 8 18 0 1 6.053990498195538
a 8 19 0 1 7.124866197108887
a 8 20 0 1 7.378938034890162
a 8 21 0 1 5.606490891993989
a 8 22 0 1 3.0936605857817723
a 8 23 0 1 8.020907239647574
a 8 24 0 1 3.4470671961712447
a 8 25 0 1 3.2163642093477978
a 8 26 0 1 6.986188451278216
a 8 27 0 1 4.626775545600656
a 8 28 0 1 2.5110617247266886
a 8 29 0 1 3.525829388937015
a 8 30 0 1 6.081876219245986
a 8 31 0 1 3.446272300011265
a 8 32 0 1 2.385532303805489
a 8 33 0 1 4.545557128409591
a 8 34 0 1 3.3921857269042777
a 8 35 0 1 7.558123944645468
a 8 36 0 1 6.327826257752299
a 8 37 0 1 3.73770312760239
a 8 38 0 1 5.617684149097706
a 8 39 0 1 6.64840545288927
a 8 40 0 1 7.262341843854187
a 8 41 0 1 3.113896770652648
a 8 42 0 1 5.778616931520876
a 8 43 0 1 4.489850792880973
a 8 44 0 1 8.991948724748879
a 8 45 0 1 8.366008067039473
a 8 46 0 1 6.883130429425595
a 8 47 0 1 3.992683606209786
a 8 48 0 1 7.426364151622812
a 8 49 0 1 8.461917766562204
a 8 50 0 1 6.50522769905774
a 8 51 0 1 5.950087415076194
a 8 52 0 1 3.487074769217274
a 8 53 0 1 6.0649168874174855
a 8 54 0 1 8.917821958351187
a 8 55 0 1 4.543055216596718
a 8 56 0 1 3.276124069734256
a 8 57 0 1 4.123073404563199
a 8 58 0 1 5.661784488929833
a 8 59 0 1 8.884135889388682
a 8 60 0 1 5.932660606263068
a 8 61 0 1 6.457694608422936
a 8 62 0 1 9.132715815613889
a 8 63 0 1 9.28155258770765
a 8 64 0 1 6.614236599046829
a 8 65 0 1 6.897058547528727
a 8 66 0 1 7.905621719713296
a 8 67 0 1 8.29019484140558
a 8 68 0 1 2.888414826115196
a 8 69 0 1 5.819420055883579
a 8 70 0 1 3.5455141674905497
a 8 71 0 1 8.034724496239852
a 8 72 0 1 9.002974595463778
a 8 73 0 1 2.70909092957568
a 8 74 0 1 3.9064637765247947
a 8 75 0 1 3.775569672800613
a 8 76 0 1 8.748660696117122
a 8 77 0 1 8.953549679795744
a 8 78 0 1 2.3390446750998413
a 8 79 0 1 8.960554259933193
a 8 80 0 1 6.769846527008461
a 9 1 0 1 0
a 10 1 0 1 0
a 11 1 0 1 0
a 12 1 0 1 0
a 13 1 0 1 0
a 14 1 0 1 0
a 15 1 0 1 0
a 16 1 0 1 0
a 17 1 0 1 0
a 18 1 0 1 0
a 19 1 0 1 0
a 20 1 0 1 0
a 21 1 0 1 0
a 22 1 0 1 0
a 23 1 0 1 0
a 24 1 0 1 0
a 25 1 0 1 0
a 26 1 0 1 0
a 27 1 0 1 0
a 28 1 0 1 0
a 29 1 0 1 0
a 30 1 0 1 0
a 31 1 0 1 0
a 32 1 0 1 0
a 33 1 0 1 0
a 34 1 0 1 0
a 35 1 0 1 0
a 36 1 0 1 0
a 37 1 0 1 0
a 38 1 0 1 0
a 39 1 0 1 0
a 40 1 0 1 0
a 41 1 0 1 0
a 42 1 0 1 0
a 43 1 0 1 0
a 44 1 0 1 0
a 45 1 0 1 0
a 46 1 0 1 0
a 47 1 0 1 0
a 48 1 0 1 0
a 49 1 0 1 0
a 50 1 0 1 0
a 51 1 0 1 0
a 52 1 0 1 0
a 53 1 0 1 0
a 54 1 0 1 0
a 55 1 0 1 0
a 56 1 0 1 0
a 57 1 0 1 0
a 58 1 0 1 0
a 59 1 0 1 0
a 60 1 0 1 0
a 61 1 0 1 0
a 62 1 0 1 0
a 63 1 0 1 0
a 64 1 0 1 0
a 65 1 0 1 0
a 66 1 0 1 0
a 67 1 0 1 0
a 68 1 0 1 0
a 69 1 0 1 0
a 70 1 0 1 0
a 71 1 0 1 0
a 72 1 0 1 0
a 73 1 0 1 0
a 74 1 0 1 0
a 75 1 0 1 0
a 76 1 0 1 0
a 77 1 0 1 0
a 78 1 0 1 0
a 79 1 0 1 0
a 80 1 0 1 0
