p min 82 591
n 0 7
n 1 -7
a 0 2 0 1 0
a 0 3 0 1 0
a 0 4 0 1 0
a 0 5 0 1 0
a 0 6 0 1 0
a 0 7 0 1 0
a 0 8 0 1 0
a 2 9 0 1 35.151103072606496
a 2 10 0 1 35.92480922391119
a 2 11 0 1 14.689156368325067
a 2 12 0 1 27.21142146095795
a 2 13 0 1 18.19315949114782
a 2 14 0 1 18.115140810571535
a 2 15 0 1 26.500310560232712
a 2 16 0 1 14.774197648845533
a 2 17 0 1 15.874958839800499
a 2 18 0 1 30.34602838256058
a 2 19 0 1 7.398479240336573
a 2 20 0 1 9.5586984451234
a 2 21 0 1 12.23132623107304
a 2 22 0 1 22.168836439202348
a 2 23 0 1 29.069083770334142
a 2 24 0 1 16.802339099874814
a 2 25 0 1 26.542749192061308
a 2 26 0 1 33.781966924053094
a 2 27 0 1 30.162052263777635
a 2 28 0 1 8.258321375012919
a 2 29 0 1 11.355714049969913
a 2 30 0 1 11.51072024961695
a 2 31 0 1 19.927561510610303
a 2 32 0 1 9.793437364736727
a 2 33 0 1 30.377280295238947
a 2 34 0 1 18.53578160353188
a 2 35 0 1 27.388697820943857
a 2 36 0 1 18.695287286185994
a 2 37 0 1 28.031666198015117
a 2 38 0 1 11.860564461270181
a 2 39 0 1 26.66496763457856
a 2 40 0 1 14.232234144740547
a 2 41 0 1 13.204683814349268
a 2 42 0 1 17.71080633674783
a 2 43 0 1 10.811917583122634
a 2 44 0 1 7.352535600038716
a 2 45 0 1 23.60514785323084
a 2 46 0 1 35.77400273921675
a 2 47 0 1 27.416901597223124
a 2 48 0 1 28.766856435992285
a 2 49 0 1 16.84253060990555
a 2 50 0 1 8.312151825386469
a 2 51 0 1 18.23111706529473
a 2 52 0 1 21.353243774433224
a 2 53 0 1 36.385946695089345
a 2 54 0 1 26.062690354824866
a 2 55 0 1 14.19225785408245
a 2 56 0 1 36.17355856053046
a 2 57 0 1 24.65502075615194
a 2 58 0 1 27.308362499093235
a 2 59 0 1 13.453791205285732
a 2 60 0 1 22.771404510058634
a 2 61 0 1 13.263480117596256
a 2 62 0 1 17.294147507779957
a 2 63 0 1 28.49724948869117
a 2 64 0 1 26.863194781273403
a 2 65 0 1 8.928896168444302
a 2 66 0 1 13.653655238764014
a 2 67 0 1 33.28069547203057
a 2 68 0 1 26.552844362197177
a 2 69 0 1 12.708513866600613
a 2 70 0 1 9.440842365644762
a 2 71 0 1 35.344609711284356
a 2 72 0 1 35.88337805216974
a 2 73 0 1 13.277135211971608
a 2 74 0 1 29.86145061242061
a 2 75 0 1 25.97290997355286
a 2 76 0 1 14.842250420188856
a 2 77 0 1 7.565274231714837
a 2 78 0 1 8.31749771374999
a 2 79 0 1 28.676219960837415
a 2 80 0 1 15.121217938145575
a 2 81 0 1 23.3606092819524
a 3 9 0 1 24.047474876848273
a 3 10 0 1 24.57608868692021
a 3 11 0 1 10.056582196192739
a 3 12 0 1 18.62117865541362
a 3 13 0 1 12.453929599919315
a 3 14 0 1 12.400557906444554
a 3 15 0 1 18.13502379484277
a 3 16 0 1 10.114772451600123
a 3 17 0 1 10.867945655529107
a 3 18 0 1 20.763869655842424
a 3 19 0 1 5.0665340127594245
a 3 20 0 1 6.545355094053952
a 3 21 0 1 8.3746345351979
a 3 22 0 1 15.173244027919768
a 3 23 0 1 19.89106084014272
a 3 24 0 1 11.502439735809565
a 3 25 0 1 18.164037904410208
a 3 26 0 1 23.111976519137766
a 3 27 0 1 20.63812451239688
a 3 28 0 1 5.655183867973035
a 3 29 0 1 7.775361115764343
a 3 30 0 1 7.881450922890764
a 3 31 0 1 13.640336111499236
a 3 32 0 1 6.7060363199863
a 3 33 0 1 20.785229740225606
a 3 34 0 1 12.688309910633718
a 3 35 0 1 18.74237068807833
a 3 36 0 1 12.797422274749845
a 3 37 0 1 19.18191218425921
a 3 38 0 1 8.120887953425479
a 3 39 0 1 18.247594745552295
a 3 40 0 1 9.74392292603443
a 3 41 0 1 9.040760648104724
a 3 42 0 1 12.123952431666366
a 3 43 0 1 7.403164860948746
a 3 44 0 1 5.035079859002776
a 3 45 0 1 16.15547001814046
a 3 46 0 1 24.473056574119195
a 3 47 0 1 18.76165158596457
a 3 48 0 1 19.684472506448447
a 3 49 0 1 11.52993695471006
a 3 50 0 1 5.692035092450835
a 3 51 0 1 12.479895835853549
a 3 52 0 1 14.615452755519232
a 3 53 0 1 24.891134207767088
a 3 54 0 1 17.835829828787006
a 3 55 0 1 9.716567759290264
a 3 56 0 1 24.74603360854403
a 3 57 0 1 16.873363868285587
a 3 58 0 1 18.68745097642559
a 3 59 0 1 9.211231982765797
a 3 60 0 1 15.585324566295574
a 3 61 0 1 9.080996923609431
a 3 62 0 1 11.838907346836244
a 3 63 0 1 19.500178089577176
a 3 64 0 1 18.38311472572344
a 3 65 0 1 6.114235364075116
a 3 66 0 1 9.348002443359546
a 3 67 0 1 22.769446229140062
a 3 68 0 1 18.170939677615753
a 3 69 0 1 8.701208120862676
a 3 70 0 1 6.46468035169358
a 3 71 0 1 24.179685853624065
a 3 72 0 1 24.547782714930445
a 3 73 0 1 9.090341536490003
a 3 74 0 1 20.432663795693102
a 3 75 0 1 17.774447232806178
a 3 76 0 1 10.161337908791085
a 3 77 0 1 5.180725111801378
a 3 78 0 1 5.69569477033633
a 3 79 0 1 19.622516805402647
a 3 80 0 1 10.352220453166522
a 3 81 0 1 15.988248816098622
a 4 9 0 1 26.93449115947201
a 4 10 0 1 27.526768988398377
a 4 11 0 1 11.261745981361361
a 4 12 0 1 20.855176428038153
a 4 13 0 1 13.946849055452772
a 4 14 0 1 13.887069175203843
a 4 15 0 1 20.31056068032411
a 4 16 0 1 11.326918756616562
a 4 17 0 1 12.170478178202837
a 4 18 0 1 23.255616774321965
a 4 19 0 1 5.673308252012959
a 4 20 0 1 7.329384234273582
a 4 21 0 1 9.378018862708114
a 4 22 0 1 16.99278056782643
a 4 23 0 1 22.27779853424231
a 4 24 0 1 12.881129751190478
a 4 25 0 1 20.343063576528102
a 4 26 0 1 25.886346599550023
a 4 27 0 1 23.11474151616158
a 4 28 0 1 6.3325069370894385
a 4 29 0 1 8.70687311029402
a 4 30 0 1 8.82568571946735
a 4 31 0 1 15.27572678400131
a 4 32 0 1 7.509329153475163
a 4 33 0 1 23.279547030803485
a 4 34 0 1 14.20937178479194
a 4 35 0 1 20.99094313498583
a 4 36 0 1 14.331586025238405
a 4 37 0 1 21.48334815131403
a 4 38 0 1 9.093838474386308
a 4 39 0 1 20.43666781280056
a 4 40 0 1 10.911571062716588
a 4 41 0 1 10.124048152129303
a 4 42 0 1 13.577253884364536
a 4 43 0 1 8.290044035520392
a 4 44 0 1 5.638084665004989
a 4 45 0 1 18.093038131239464
a 4 46 0 1 27.41132744105009
a 4 47 0 1 21.01254281482264
a 4 48 0 1 22.046358593220987
a 4 49 0 1 12.911927706974275
a 4 50 0 1 6.373775083458488
a 4 51 0 1 13.975933015055986
a 4 52 0 1 16.367974262550856
a 4 53 0 1 27.879761393119292
a 4 54 0 1 19.975391813003178
a 4 55 0 1 10.880933722932289
a 4 56 0 1 27.717183204370166
a 4 57 0 1 18.897218357255102
a 4 58 0 1 20.929418667780162
a 4 59 0 1 10.314970074557538
a 4 60 0 1 17.454376124570157
a 4 61 0 1 10.169111289976136
a 4 62 0 1 13.257988185258313
a 4 63 0 1 21.83989554029315
a 4 64 0 1 20.588484020111302
a 4 65 0 1 6.84658252005145
a 4 66 0 1 10.468148848746512
a 4 67 0 1 25.502577994633654
a 4 68 0 1 20.35079525373594
a 4 69 0 1 9.743763896399896
a 4 70 0 1 7.239037888263482
a 4 71 0 1 27.082624254748264
a 4 72 0 1 27.49505374445337
a 4 73 0 1 10.179576917360091
a 4 74 0 1 22.884560072031103
a 4 75 0 1 19.90662895408325
a 4 76 0 1 11.379071895434324
a 4 77 0 1 5.801184151213426
a 4 78 0 1 6.377873406083757
a 4 79 0 1 21.97695017014729
a 4 80 0 1 11.59286033631766
a 4 81 0 1 17.9057202749324
a 5 9 0 1 22.442653851519772
a 5 10 0 1 22.935897106657453
a 5 11 0 1 9.386459591274203
a 5 12 0 1 17.379209245017396
a 5 13 0 1 11.62384532315523
a 5 14 0 1 11.574035723205755
a 5 15 0 1 16.925542484265698
a 5 16 0 1 9.440768110052781
a 5 17 0 1 10.143694500521425
a 5 18 0 1 19.37867094038557
a 5 19 0 1 4.729105418114441
a 5 20 0 1 6.109368472695865
a 5 21 0 1 7.816689771549008
a 5 22 0 1 14.161615229564983
a 5 23 0 1 18.564213448045162
a 5 24 0 1 10.73585295409377
a 5 25 0 1 16.9526177733658
a 5 26 0 1 21.569741622799437
a 5 27 0 1 19.261333118562057
a 5 28 0 1 5.278527661932217
a 5 29 0 1 7.257375218554219
a 5 30 0 1 7.356391453508961
a 5 31 0 1 12.73105903280614
a 5 32 0 1 6.259338994740613
a 5 33 0 1 19.398602866730748
a 5 34 0 1 11.842582315359975
a 5 35 0 1 17.49230189188725
a 5 36 0 1 11.944411889995843
a 5 37 0 1 17.90246661681191
a 5 38 0 1 7.579863349918289
a 5 39 0 1 17.03059099758938
a 5 40 0 1 9.094656262928211
a 5 41 0 1 8.438393317128806
a 5 42 0 1 11.315890588998057
a 5 43 0 1 6.909993993946839
a 5 44 0 1 4.699747228695546
a 5 45 0 1 15.07824061304758
a 5 46 0 1 22.83975938357894
a 5 47 0 1 17.510294208471308
a 5 48 0 1 18.37143490249166
a 5 49 0 1 10.761515333497035
a 5 50 0 1 5.312922956680033
a 5 51 0 1 11.64807852527741
a 5 52 0 1 13.641071385236115
a 5 53 0 1 23.2298604222028
a 5 54 0 1 16.64634096117862
a 5 55 0 1 9.069125756372395
a 5 56 0 1 23.094469837142526
a 5 57 0 1 15.748179231313404
a 5 58 0 1 17.441052546097307
a 5 59 0 1 8.597495250468008
a 5 60 0 1 14.546175545821866
a 5 61 0 1 8.475946115301774
a 5 62 0 1 11.049867946908764
a 5 63 0 1 18.19945947736614
a 5 64 0 1 17.157054753832266
a 5 65 0 1 5.706984533780012
a 5 66 0 1 8.725143651947132
a 5 67 0 1 21.25012393507281
a 5 68 0 1 16.959058345073682
a 5 69 0 1 8.121485637480863
a 5 70 0 1 6.034071215240465
a 5 71 0 1 22.566018717218626
a 5 72 0 1 22.909485242860523
a 5 73 0 1 8.484667504732423
a 5 74 0 1 19.06960901876814
a 5 75 0 1 16.58905985336009
a 5 76 0 1 9.484227258910263
a 5 77 0 1 4.835687213183876
a 5 78 0 1 5.316338736269679
a 5 79 0 1 18.31362062805132
a 5 80 0 1 9.66237600440214
a 5 81 0 1 14.92218870708054
a 6 9 0 1 6.163475286477317
a 6 10 0 1 6.298676408392847
a 6 11 0 1 2.5806348730339956
a 6 12 0 1 4.774908183658165
a 6 13 0 1 3.195166308431058
a 6 14 0 1 3.1814878563813704
a 6 15 0 1 4.650440115056968
a 6 16 0 1 2.595554238960405
a 6 17 0 1 2.7886464679812937
a 6 18 0 1 5.323368325855164
a 6 19 0 1 1.300686264404732
a 6 20 0 1 1.6801182527069234
a 6 21 0 1 2.14933703772144
a 6 22 0 1 3.8919248321774123
a 6 23 0 1 5.099981577428683
a 6 24 0 1 2.9512934141733247
a 6 25 0 1 4.657868759461257
a 6 26 0 1 5.924177158511739
a 6 27 0 1 5.291187164743427
a 6 28 0 1 1.4517319892846503
a 6 29 0 1 1.9956367695499029
a 6 30 0 1 2.022847587975888
a 6 31 0 1 3.499194172583288
a 6 32 0 1 1.7213396302274704
a 6 33 0 1 5.32883480858234
a 6 34 0 1 3.2552333710305037
a 6 35 0 1 4.8059348271286275
a 6 36 0 1 3.283195900923675
a 6 37 0 1 4.918457424553682
a 6 38 0 1 2.0842586230057085
a 6 39 0 1 4.679262077568927
a 6 40 0 1 2.5004697984957316
a 6 41 0 1 2.32016502557185
a 6 42 0 1 3.110595565411695
a 6 43 0 1 1.900168791683675
a 6 44 0 1 1.292614797865899
a 6 45 0 1 4.1435167118058915
a 6 46 0 1 6.27232531990501
a 6 47 0 1 4.8108709135485235
a 6 48 0 1 5.047102455963827
a 6 49 0 1 2.958341683563556
a 6 50 0 1 1.461187392832972
a 6 51 0 1 3.2018210626128387
a 6 52 0 1 3.749030767923819
a 6 53 0 1 6.379248327024954
a 6 54 0 1 4.57383366057554
a 6 55 0 1 2.4934557962763737
a 6 56 0 1 6.342139837431092
a 6 57 0 1 4.327374570234263
a 6 58 0 1 4.791874788669275
a 6 59 0 1 2.363879254755736
a 6 60 0 1 3.9974821890862686
a 6 61 0 1 2.3304829912429654
a 6 62 0 1 3.037536740744253
a 6 63 0 1 4.999928189205319
a 6 64 0 1 4.713959028820151
a 6 65 0 1 1.5695126156168084
a 6 66 0 1 2.398950593986817
a 6 67 0 1 5.836549176907169
a 6 68 0 1 4.659635853539375
a 6 69 0 1 2.2330892417573436
a 6 70 0 1 1.6594214183815486
a 6 71 0 1 6.197291428205357
a 6 72 0 1 6.29143703052765
a 6 73 0 1 2.332879261386435
a 6 74 0 1 5.238603408054955
a 6 75 0 1 4.558116604736078
a 6 76 0 1 2.6074930225247788
a 6 77 0 1 1.3299885356722487
a 6 78 0 1 1.4621264012854251
a 6 79 0 1 5.031243678526829
a 6 80 0 1 2.6564318539055516
a 6 81 0 1 4.100686894083792
a 7 9 0 1 14.672496528429662
a 7 10 0 1 14.994672852298649
a 7 11 0 1 6.139847270128393
a 7 12 0 1 11.36442519583584
a 7 13 0 1 7.602682845919253
a 7 14 0 1 7.570119439077612
a 7 15 0 1 11.067968421897007
a 7 16 0 1 6.175358064893103
a 7 17 0 1 6.634967756175865
a 7 18 0 1 12.670881827183404
a 7 19 0 1 3.0939642117878208
a 7 20 0 1 3.996766212384178
a 7 21 0 1 5.113353035348332
a 7 22 0 1 9.261598186236345
a 7 23 0 1 12.138737060589357
a 7 24 0 1 7.022131648090434
a 7 25 0 1 11.085661561800357
a 7 26 0 1 14.10229715799708
a 7 27 0 1 12.594218562016314
a 7 28 0 1 3.4533420215653456
a 7 29 0 1 4.747578473674165
a 7 30 0 1 4.812333241599003
a 7 31 0 1 8.326498888763016
a 7 32 0 1 4.094852903543239
a 7 33 0 1 12.683904381717829
a 7 34 0 1 7.7456822963376
a 7 35 0 1 11.43832596628424
a 7 36 0 1 7.812252596043172
a 7 37 0 1 11.706343889727217
a 7 38 0 1 4.958477809599783
a 7 39 0 1 11.136615233173812
a 7 40 0 1 5.949042747091019
a 7 41 0 1 5.519908954860947
a 7 42 0 1 7.401353011938332
a 7 43 0 1 4.520393602319253
a 7 44 0 1 3.0747605390020025
a 7 45 0 1 9.860704695257397
a 7 46 0 1 14.931878669577888
a 7 47 0 1 11.450083044577172
a 7 48 0 1 12.01277564633687
a 7 49 0 1 7.038909762081144
a 7 50 0 1 3.4758395058706713
a 7 51 0 1 7.618525440347893
a 7 52 0 1 8.921351139816457
a 7 53 0 1 15.18667759320039
a 7 54 0 1 10.885513787684097
a 7 55 0 1 5.932348634131187
a 7 56 0 1 15.098246594417589
a 7 57 0 1 10.298548985537346
a 7 58 0 1 11.404836991547409
a 7 59 0 1 5.623948606898754
a 7 60 0 1 9.512952208784254
a 7 61 0 1 5.544465532486849
a 7 62 0 1 7.227432906750013
a 7 63 0 1 11.900405346013539
a 7 64 0 1 11.219255654736077
a 7 65 0 1 3.7335853091165743
a 7 66 0 1 5.707419267876044
a 7 67 0 1 13.893508146646434
a 7 68 0 1 11.08987033621048
a 7 69 0 1 5.312673320732597
a 7 70 0 1 3.947518366850082
a 7 71 0 1 14.75307710506163
a 7 72 0 1 14.977421489040118
a 7 73 0 1 5.550168624989138
a 7 74 0 1 12.468953097186109
a 7 75 0 1 10.848080811852428
a 7 76 0 1 6.203774654736075
a 7 77 0 1 3.1636807330763523
a 7 78 0 1 3.4780737164667297
a 7 79 0 1 11.974999447889106
a 7 80 0 1 6.320259566627388
a 7 81 0 1 9.758712236330258
a 8 9 0 1 6.344658273318569
a 8 10 0 1 6.483836767184281
a 8 11 0 1 2.65646361970852
a 8 12 0 1 4.9152494192614045
a 8 13 0 1 3.289059135877009
a 8 14 0 1 3.274978578673046
a 8 15 0 1 4.787121043295475
a 8 16 0 1 2.671821507514789
a 8 17 0 1 2.870589396952351
a 8 18 0 1 5.479839745151295
a 8 19 0 1 1.3388995154219483
a 8 20 0 1 1.7294811694544987
a 8 21 0 1 2.2124894054696025
a 8 22 0 1 4.0063019793300185
a 8 23 0 1 5.24988295119154
a 8 24 0 1 3.0380173110728044
a 8 25 0 1 4.794768143284556
a 8 26 0 1 6.098320740605308
a 8 27 0 1 5.446712079887158
a 8 28 0 1 1.4943836213853072
a 8 29 0 1 2.0542720087495763
a 8 30 0 1 2.082282519483274
a 8 31 0 1 3.6020248370142567
a 8 32 0 1 1.771913903708015
a 8 33 0 1 5.485467007399406
a 8 34 0 1 3.350892004031332
a 8 35 0 1 4.947188498715352
a 8 36 0 1 3.3796765635630037
a 8 37 0 1 5.063020233126011
a 8 38 0 1 2.1454983678536514
a 8 39 0 1 4.8167905809894815
a 8 40 0 1 2.5739422960389335
a 8 41 0 1 2.3883380850133524
a 8 42 0 1 3.202002289466923
a 8 43 0 1 1.955998385849017
a 8 44 0 1 1.3305908785246672
a 8 45 0 1 4.265291354055158
a 8 46 0 1 6.456710467435305
a 8 47 0 1 4.952269746891243
a 8 48 0 1 5.1954486485733815
a 8 49 0 1 3.0452727668165824
a 8 50 0 1 1.5041168711462782
a 8 51 0 1 3.295909520193294
a 8 52 0 1 3.859206631939919
a 8 53 0 1 6.566779026238835
a 8 54 0 1 4.708261830410853
a 8 55 0 1 2.5667221371358204
a 8 56 0 1 6.528578838601291
a 8 57 0 1 4.4545554195524675
a 8 58 0 1 4.93271497979573
a 8 59 0 1 2.4333371226794194
a 8 60 0 1 4.114962959920031
a 8 61 0 1 2.3989593056560192
a 8 62 0 1 3.1267958142985166
a 8 63 0 1 5.1468869975589095
a 8 64 0 1 4.852507882472208
a 8 65 0 1 1.6156252656267047
a 8 66 0 1 2.469439256131785
a 8 67 0 1 6.008115116898438
a 8 68 0 1 4.796587202696652
a 8 69 0 1 2.2987030893887566
a 8 70 0 1 1.7081761296998064
a 8 71 0 1 6.379469212689276
a 8 72 0 1 6.476384416714915
a 8 73 0 1 2.4014260045974622
a 8 74 0 1 5.392581758613403
a 8 75 0 1 4.6920825897276925
a 8 76 0 1 2.6841112064254
a 8 77 0 1 1.3690628025847942
a 8 78 0 1 1.5050834723147295
a 8 79 0 1 5.179123466436292
a 8 80 0 1 2.7344885018511826
a 8 81 0 1 4.221202190419528
a 9 1 0 1 0
a 10 1 0 1 0
a 11 1 0 1 0
a 12 1 0 1 0
a 13 1 0 1 0
a 14 1 0 1 0
a 15 1 0 1 0
a 16 1 0 1 0
a 17 1 0 1 0
a 18 1 0 1 0
a 19 1 0 1 0
a 20 1 0 1 0
a 21 1 0 1 0
a 22 1 0 1 0
a 23 1 0 1 0
a 24 1 0 1 0
a 25 1 0 1 0
a 26 1 0 1 0
a 27 1 0 1 0
a 28 1 0 1 0
a 29 1 0 1 0
a 30 1 0 1 0
a 31 1 0 1 0
a 32 1 0 1 0
a 33 1 0 1 0
a 34 1 0 1 0
a 35 1 0 1 0
a 36 1 0 1 0
a 37 1 0 1 0
a 38 1 0 1 0
a 39 1 0 1 0
a 40 1 0 1 0
a 41 1 0 1 0
a 42 1 0 1 0
a 43 1 0 1 0
a 44 1 0 1 0
a 45 1 0 1 0
a 46 1 0 1 0
a 47 1 0 1 0
a 48 1 0 1 0
a 49 1 0 1 0
a 50 1 0 1 0
a 51 1 0 1 0
a 52 1 0 1 0
a 53 1 0 1 0
a 54 1 0 1 0
a 55 1 0 1 0
a 56 1 0 1 0
a 57 1 0 1 0
a 58 1 0 1 0
a 59 1 0 1 0
a 60 1 0 1 0
a 61 1 0 1 0
a 62 1 0 1 0
a 63 1 0 1 0
a 64 1 0 1 0
a 65 1 0 1 0
a 66 1 0 1 0
a 67 1 0 1 0
a 68 1 0 1 0
a 69 1 0 1 0
a 70 1 0 1 0
a 71 1 0 1 0
a 72 1 0 1 0
a 73 1 0 1 0
a 74 1 0 1 0
a 75 1 0 1 0
a 76 1 0 1 0
a 77 1 0 1 0
a 78 1 0 1 0
a 79 1 0 1 0
a 80 1 0 1 0
a 81 1 0 1 0
