p min 81 709
n 0 9
n 1 -9
a 0 2 0 1 0
a 0 3 0 1 0
a 0 4 0 1 0
a 0 5 0 1 0
a 0 6 0 1 0
a 0 7 0 1 0
a 0 8 0 1 0
a 0 9 0 1 0
a 0 10 0 1 0
a 2 11 0 1 24.130835759381494
a 2 12 0 1 12.931665139721972
a 2 13 0 1 33.251201816579254
a 2 14 0 1 15.054722922572688
a 2 15 0 1 36.31958674155718
a 2 16 0 1 31.59994077219853
a 2 17 0 1 25.05643750109031
a 2 18 0 1 37.4173442093419
a 2 19 0 1 15.651157230576915
a 2 20 0 1 35.424465807582926
a 2 21 0 1 19.90270666605043
a 2 22 0 1 37.40568864459203
a 2 23 0 1 32.65578173546641
a 2 24 0 1 33.04796523800862
a 2 25 0 1 36.105905606470614
a 2 26 0 1 36.15028796100796
a 2 27 0 1 21.651855525686113
a 2 28 0 1 13.404945696568793
a 2 29 0 1 19.872380790450237
a 2 30 0 1 7.891374487280692
a 2 31 0 1 34.5549527000926
a 2 32 0 1 11.98557668315924
a 2 33 0 1 30.4045583141808
a 2 34 0 1 33.856138024793665
a 2 35 0 1 9.427555301438971
a 2 36 0 1 14.367394247922977
a 2 37 0 1 18.215705278271905
a 2 38 0 1 33.24448860051078
a 2 39 0 1 13.635729617856969
a 2 40 0 1 29.123519961603673
a 2 41 0 1 11.394918268083048
a 2 42 0 1 17.255519933449918
a 2 43 0 1 13.563172537118469
a 2 44 0 1 10.082982260706919
a 2 45 0 1 25.218395661916173
a 2 46 0 1 15.293981557909294
a 2 47 0 1 36.09314490131826
a 2 48 0 1 24.974128606499615
a 2 49 0 1 25.976529701103914
a 2 50 0 1 36.37799450042914
a 2 51 0 1 19.431770738054684
a 2 52 0 1 28.137080639658382
a 2 53 0 1 14.652358792114388
a 2 54 0 1 8.350505856837026
a 2 55 0 1 14.790523572600959
a 2 56 0 1 31.50443604832298
a 2 57 0 1 16.67173538657645
a 2 58 0 1 22.55856911686375
a 2 59 0 1 34.34487404896261
a 2 60 0 1 37.55989176222748
a 2 61 0 1 30.07042005036634
a 2 62 0 1 21.917139916896566
a 2 63 0 1 11.411905131956056
a 2 64 0 1 19.988544088903154
a 2 65 0 1 32.41404185946668
a 2 66 0 1 7.853266996702359
a 2 67 0 1 31.668151989269735
a 2 68 0 1 28.766206234382853
a 2 69 0 1 13.125944199453096
a 2 70 0 1 32.918645034738994
a 2 71 0 1 16.751791935430674
a 2 72 0 1 13.163339553397638
a 2 73 0 1 31.362627632816423
a 2 74 0 1 36.88666734181443
a 2 75 0 1 13.621184805974842
a 2 76 0 1 10.722622858114931
a 2 77 0 1 24.86588459067578
a 2 78 0 1 19.451306418972532
a 2 79 0 1 36.89064697323455
a 2 80 0 1 25.0391229597013
a 3 11 0 1 9.687641652846269
a 3 12 0 1 5.195593614060245
a 3 13 0 1 13.340745745303389
a 3 14 0 1 6.047696539508973
a 3 15 0 1 14.568733894668402
a 3 16 0 1 12.679684655660287
a 3 17 0 1 10.058595180285705
a 3 18 0 1 15.007937383550125
a 3 19 0 1 6.2870344267191065
a 3 20 0 1 14.210554276146688
a 3 21 0 1 7.992531294205453
a 3 22 0 1 15.00327444036989
a 3 23 0 1 13.102394360859273
a 3 24 0 1 13.259390732690902
a 3 25 0 1 14.483234134008764
a 3 26 0 1 14.500992955148648
a 3 27 0 1 8.693907067767073
a 3 28 0 1 5.385569415033186
a 3 29 0 1 7.980369696507571
a 3 30 0 1 3.1716416330358856
a 3 31 0 1 13.862579140593722
a 3 32 0 1 4.815794589680752
a 3 33 0 1 12.201034633128629
a 3 34 0 1 13.582886442132768
a 3 35 0 1 3.7886510607626316
a 3 36 0 1 5.771860042959009
a 3 37 0 1 7.315915179442894
a 3 38 0 1 13.338058500856494
a 3 39 0 1 5.478202066718199
a 3 40 0 1 11.687998947900416
a 3 41 0 1 4.578654769136169
a 3 42 0 1 6.9307373882387555
a 3 43 0 1 5.449079234167356
a 3 44 0 1 4.05186458093188
a 3 45 0 1 10.123498302973399
a 3 46 0 1 6.143708900551878
a 3 47 0 1 14.478128141388737
a 3 48 0 1 10.025610153257372
a 3 49 0 1 10.427293695753548
a 3 50 0 1 14.592104023069691
a 3 51 0 1 7.803665937321405
a 3 52 0 1 11.292883705294708
a 3 53 0 1 5.886224253783376
a 3 54 0 1 3.3560661484903873
a 3 55 0 1 5.941672012403719
a 3 56 0 1 12.641445958742846
a 3 57 0 1 6.696527628432072
a 3 58 0 1 9.05741556261187
a 3 59 0 1 13.778500365488494
a 3 60 0 1 15.064964569649458
a 3 61 0 1 12.067226266600345
a 3 62 0 1 8.800266338252168
a 3 63 0 1 4.5854749904083985
a 3 64 0 1 8.026954433558988
a 3 65 0 1 13.005618376451103
a 3 66 0 1 3.156334039889429
a 3 67 0 1 12.70699512232051
a 3 68 0 1 11.544884245340544
a 3 69 0 1 5.2735791326153985
a 3 70 0 1 13.207623041999819
a 3 71 0 1 6.728646800334962
a 3 72 0 1 5.288589754510024
a 3 73 0 1 12.584667009636608
a 3 74 0 1 14.795626367887019
a 3 75 0 1 5.472364119228479
a 3 76 0 1 4.308715522715269
a 3 77 0 1 9.982231138822668
a 3 78 0 1 7.811500820960797
a 3 79 0 1 14.797218580356514
a 3 80 0 1 10.051656464152314
a 4 11 0 1 4.574735133863106
a 4 12 0 1 2.4541527281496807
a 4 13 0 1 6.298419567822349
a 4 14 0 1 2.8564979878435675
a 4 15 0 1 6.877662803711305
a 4 16 0 1 5.986560564183771
a 4 17 0 1 4.749801164283965
a 4 18 0 1 7.084814520001459
a 4 19 0 1 2.9695008596040844
a 4 20 0 1 6.708718058432187
a 4 21 0 1 3.7746523880102703
a 4 22 0 1 7.082615286217091
a 4 23 0 1 6.185978954498137
a 4 24 0 1 6.260041271033093
a 4 25 0 1 6.837335283773768
a 4 26 0 1 6.845711589847681
a 4 27 0 1 4.1057178849711065
a 4 28 0 1 2.5438589551352813
a 4 29 0 1 3.7689115851934694
a 4 30 0 1 1.498317718775223
a 4 31 0 1 6.544579473469959
a 4 32 0 1 2.2748061117793004
a 4 33 0 1 5.760739277831547
a 4 34 0 1 6.412644424969726
a 4 35 0 1 1.7897325508670572
a 4 36 0 1 2.7262582983207926
a 4 37 0 1 3.4552472675737693
a 4 38 0 1 6.297151897051416
a 4 39 0 1 2.5875991732826464
a 4 40 0 1 5.518680655062564
a 4 41 0 1 2.162821045886179
a 4 42 0 1 3.2734075271878256
a 4 43 0 1 2.5738477140554923
a 4 44 0 1 1.914042194223925
a 4 45 0 1 4.7804304213996005
a 4 46 0 1 2.9018304136878195
a 4 47 0 1 6.834926936049615
a 4 48 0 1 4.73423468851898
a 4 49 0 1 4.92379515072351
a 4 50 0 1 6.888685677584294
a 4 51 0 1 3.685498771410665
a 4 52 0 1 5.332248529733722
a 4 53 0 1 2.7802573363483165
a 4 54 0 1 1.5854240890180065
a 4 55 0 1 2.806437683393285
a 4 56 0 1 5.968520493047546
a 4 57 0 1 3.1628345758458187
a 4 58 0 1 4.277291148777233
a 4 59 0 1 6.504918783882347
a 4 60 0 1 7.111710761022816
a 4 61 0 1 5.697607759050734
a 4 62 0 1 4.155919441987662
a 4 63 0 1 2.1660418192483912
a 4 64 0 1 3.790901560261355
a 4 65 0 1 6.140324624223428
a 4 66 0 1 1.4910876330546288
a 4 67 0 1 5.999444915300759
a 4 68 0 1 5.45115410471701
a 4 69 0 1 2.4909775984776603
a 4 70 0 1 6.23562025726955
a 4 71 0 1 3.177998569246547
a 4 72 0 1 2.4980655949608614
a 4 73 0 1 5.941733434850212
a 4 74 0 1 6.9846787392095475
a 4 75 0 1 2.584842566996121
a 4 76 0 1 2.0353431064276712
a 4 77 0 1 4.713762929881474
a 4 78 0 1 3.689197257515915
a 4 79 0 1 6.985429710523385
a 4 80 0 1 4.746526612306941
a 5 11 0 1 22.590937592373972
a 5 12 0 1 12.1074330541481
a 5 13 0 1 31.12720286290955
a 5 14 0 1 14.094952712116605
a 5 15 0 1 33.99881923779113
a 5 16 0 1 29.581779598629204
a 5 17 0 1 23.45731282824329
a 5 18 0 1 35.02614840894464
a 5 19 0 1 14.653298897655581
a 5 20 0 1 33.16111381640563
a 5 21 0 1 18.633203711532943
a 5 22 0 1 35.015240712150444
a 5 23 0 1 30.569950647073718
a 5 24 0 1 30.936994790421025
a 5 25 0 1 33.79884520330866
a 5 26 0 1 33.8403805947696
a 5 27 0 1 20.270521754746227
a 5 28 0 1 12.55050428085287
a 5 29 0 1 18.604816331378654
a 5 30 0 1 7.388671250540871
a 5 31 0 1 32.34736306209255
a 5 32 0 1 11.221723850807017
a 5 33 0 1 28.462991828938893
a 5 34 0 1 31.693356183385
a 5 35 0 1 8.826893446065752
a 5 36 0 1 13.451510575312899
a 5 37 0 1 17.05401984393483
a 5 38 0 1 31.12092000750404
a 5 39 0 1 12.766556228390295
a 5 40 0 1 27.264014705759642
a 5 41 0 1 10.668754942585375
a 5 42 0 1 16.155183157418872
a 5 43 0 1 12.698630870831554
a 5 44 0 1 9.440515503606086
a 5 45 0 1 23.608906552873396
a 5 46 0 1 14.31893294834369
a 5 47 0 1 33.78690304492179
a 5 48 0 1 23.380271113935038
a 5 49 0 1 24.31851935071004
a 5 50 0 1 34.053480177847916
a 5 51 0 1 18.19236959547843
a 5 52 0 1 26.340749641880564
a 5 53 0 1 13.718280672835403
a 5 54 0 1 7.818528297012126
a 5 55 0 1 13.847623491345106
a 5 56 0 1 29.492395109736925
a 5 57 0 1 15.60869186838851
a 5 58 0 1 21.119248544979474
a 5 59 0 1 32.15075530317779
a 5 60 0 1 35.15954938501362
a 5 61 0 1 28.150260101806857
a 5 62 0 1 20.518841660139728
a 5 63 0 1 10.684657953388351
a 5 64 0 1 18.71355415229069
a 5 65 0 1 30.343705483232476
a 5 66 0 1 7.352993372215192
a 5 67 0 1 29.645619555048473
a 5 68 0 1 26.929585873128122
a 5 69 0 1 12.289311723280811
a 5 70 0 1 30.815964377772907
a 5 71 0 1 15.683634531558669
a 5 72 0 1 12.324320157217745
a 5 73 0 1 29.359673979107345
a 5 74 0 1 34.5295200015684
a 5 75 0 1 12.752939898785806
a 5 76 0 1 10.039352400715813
a 5 77 0 1 23.278953798332587
a 5 78 0 1 18.210656633531713
a 5 79 0 1 34.53324431258403
a 5 80 0 1 23.44110630136688
a 6 11 0 1 15.552898371393477
a 6 12 0 1 8.338586354897346
a 6 13 0 1 21.423188412464313
a 6 14 0 1 9.70673191109617
a 6 15 0 1 23.397155303866466
a 6 16 0 1 20.360686025916813
a 6 17 0 1 16.148858806472834
a 6 18 0 1 24.10324864394664
a 6 19 0 1 10.09104462546924
a 6 20 0 1 22.82135355720149
a 6 21 0 1 12.829988560768177
a 6 22 0 1 24.09575195208124
a 6 23 0 1 21.04008251911241
a 6 24 0 1 21.292423797892607
a 6 25 0 1 23.25970513075559
a 6 26 0 1 23.28825423374889
a 6 27 0 1 13.956552673989243
a 6 28 0 1 8.643599448310283
a 6 29 0 1 12.810455326547693
a 6 30 0 1 5.089558824405475
a 6 31 0 1 22.26198394416262
a 6 32 0 1 7.7288293566076565
a 6 33 0 1 19.59142841702807
a 6 34 0 1 21.812398002856757
a 6 35 0 1 6.079940068940554
a 6 36 0 1 9.263828091432295
a 6 37 0 1 11.743298422359457
a 6 38 0 1 21.418869091428295
a 6 39 0 1 8.792327487247487
a 6 40 0 1 18.76696538047532
a 6 41 0 1 7.348124199809848
a 6 42 0 1 11.124723293678935
a 6 43 0 1 8.74556858665042
a 6 44 0 1 6.502458282568263
a 6 45 0 1 16.253132974875303
a 6 46 0 1 9.860900574936815
a 6 47 0 1 23.251496743785903
a 6 48 0 1 16.095865011919113
a 6 49 0 1 16.741227019867978
a 6 50 0 1 23.434725615569185
a 6 51 0 1 12.52664800851947
a 6 52 0 1 18.132044166878828
a 6 53 0 1 9.447457800034783
a 6 54 0 1 5.385575495174192
a 6 55 0 1 9.536488942280121
a 6 56 0 1 20.299229193691392
a 6 57 0 1 10.748611077486045
a 6 58 0 1 14.540470853637439
a 6 59 0 1 22.126831498037376
a 6 60 0 1 24.194932602075813
a 6 61 0 1 19.37638884135979
a 6 62 0 1 14.127398741304674
a 6 63 0 1 7.359073232840142
a 6 64 0 1 12.885277137663618
a 6 65 0 1 20.88453661646525
a 6 66 0 1 5.064989207384495
a 6 67 0 1 20.404579322335586
a 6 68 0 1 18.53698650120959
a 6 69 0 1 8.463793978304938
a 6 70 0 1 21.209216643308146
a 6 71 0 1 10.800189810351727
a 6 72 0 1 8.487894048585156
a 6 73 0 1 20.207975268925406
a 6 74 0 1 23.76191762632327
a 6 75 0 1 8.782954207741081
a 6 76 0 1 6.9147780371574115
a 6 77 0 1 16.026172593074172
a 6 78 0 1 12.539231618060043
a 6 79 0 1 23.764477378057318
a 6 80 0 1 16.137711034310268
a 7 11 0 1 23.189561167706348
a 7 12 0 1 12.427863078918065
a 7 13 0 1 31.952857189735596
a 7 14 0 1 14.46807123590334
a 7 15 0 1 34.9009501894291
a 7 16 0 1 30.366297836445405
a 7 17 0 1 24.07895766147001
a 7 18 0 1 35.95565170806288
a 7 19 0 1 15.041223450992863
a 7 20 0 1 34.0409297103483
a 7 21 0 1 19.126722617281047
a 7 22 0 1 35.94445334967177
a 7 23 0 1 31.380770297434555
a 7 24 0 1 31.757585346213766
a 7 25 0 1 34.695648782847584
a 7 26 0 1 34.73829066967211
a 7 27 0 1 20.807510631977717
a 7 28 0 1 12.882677835800548
a 7 29 0 1 19.09758171480448
a 7 30 0 1 7.584107533728129
a 7 31 0 1 33.205506241039735
a 7 32 0 1 11.518681984630662
a 7 33 0 1 29.21773954086286
a 7 34 0 1 32.53408414536957
a 7 35 0 1 9.06041155907882
a 7 36 0 1 13.80756894798755
a 7 37 0 1 17.505628146436315
a 7 38 0 1 31.94640706680804
a 7 39 0 1 13.104456650844305
a 7 40 0 1 27.986866821687588
a 7 41 0 1 10.951061518913956
a 7 42 0 1 16.58294385255384
a 7 43 0 1 13.0347307710624
a 7 44 0 1 9.690285290208724
a 7 45 0 1 24.234580007856977
a 7 46 0 1 14.69799066727094
a 7 47 0 1 34.68338848951818
a 7 48 0 1 23.999868609513452
a 7 49 0 1 24.963052772098006
a 7 50 0 1 34.95706735820139
a 7 51 0 1 18.674187451201885
a 7 52 0 1 27.0390469074356
a 7 53 0 1 14.08141184245494
a 7 54 0 1 8.02534515287319
a 7 55 0 1 14.214184049515545
a 7 56 0 1 30.274534570195904
a 7 57 0 1 16.021955732314737
a 7 58 0 1 21.67877731361863
a 7 59 0 1 33.003662830943476
a 7 60 0 1 36.09260753194955
a 7 61 0 1 28.89668754682672
a 7 62 0 1 21.062424775470568
a 7 63 0 1 10.96738587183005
a 7 64 0 1 19.209205929352933
a 7 65 0 1 31.148502792331755
a 7 66 0 1 7.54748512662816
a 7 67 0 1 30.43183678779078
a 7 68 0 1 27.643543012110765
a 7 69 0 1 12.61456226353448
a 7 70 0 1 31.633332947534758
a 7 71 0 1 16.098886296509573
a 7 72 0 1 12.650498585411297
a 7 73 0 1 30.138281442722526
a 7 74 0 1 35.44579021199059
a 7 75 0 1 13.090479385908754
a 7 76 0 1 10.304984551207058
a 7 77 0 1 23.89585890338141
a 7 78 0 1 18.69295985745523
a 7 79 0 1 35.44961375467707
a 7 80 0 1 24.062320452702558
a 8 11 0 1 4.341595808295028
a 8 12 0 1 2.329112277763342
a 8 13 0 1 5.977376737166198
a 8 14 0 1 2.7109514231586376
a 8 15 0 1 6.527072613621494
a 8 16 0 1 5.6814241997885695
a 8 17 0 1 4.5077354286796325
a 8 18 0 1 6.723656555014777
a 8 19 0 1 2.8181946140703964
a 8 20 0 1 6.366746173364767
a 8 21 0 1 3.5823039900777194
a 8 22 0 1 6.721569516911228
a 8 23 0 1 5.870671317535054
a 8 24 0 1 5.940955995928192
a 8 25 0 1 6.488802332877947
a 8 26 0 1 6.4967513375695605
a 8 27 0 1 3.896491511890057
a 8 28 0 1 2.4142466519369066
a 8 29 0 1 3.576855847058351
a 8 30 0 1 1.4219855682057276
a 8 31 0 1 6.21098041414949
a 8 32 0 1 2.158905742928022
a 8 33 0 1 5.467120322333204
a 8 34 0 1 6.085775248437033
a 8 35 0 1 1.6985512993187566
a 8 36 0 1 2.587349787142354
a 8 37 0 1 3.2791812325368843
a 8 38 0 1 5.9761737265347765
a 8 39 0 1 2.455757629573717
a 8 40 0 1 5.2374066191655055
a 8 41 0 1 2.0526276152135945
a 8 42 0 1 3.106610656310811
a 8 43 0 1 2.4427070221423346
a 8 44 0 1 1.816526432242028
a 8 45 0 1 4.536802901066854
a 8 46 0 1 2.7539733026395488
a 8 47 0 1 6.48651684230382
a 8 48 0 1 4.4929626829523315
a 8 49 0 1 4.672857328982389
a 8 50 0 1 6.5375331713536236
a 8 51 0 1 3.4976952851446943
a 8 52 0 1 5.060482033076238
a 8 53 0 1 2.638596626364691
a 8 54 0 1 1.504653515035158
a 8 55 0 1 2.663442613509325
a 8 56 0 1 5.664304234971422
a 8 57 0 1 3.0016739101827343
a 8 58 0 1 4.059317357600507
a 8 59 0 1 6.173342799447232
a 8 60 0 1 6.7491806582902765
a 8 61 0 1 5.40720855565431
a 8 62 0 1 3.944133648078722
a 8 63 0 1 2.0556842547612426
a 8 64 0 1 3.597724795450566
a 8 65 0 1 5.827345611202636
a 8 66 0 1 1.415123880925549
a 8 67 0 1 5.693651402003162
a 8 68 0 1 5.173323786830582
a 8 69 0 1 2.364060389700847
a 8 70 0 1 5.917780612299995
a 8 71 0 1 3.0160649614972117
a 8 72 0 1 2.3707871487758037
a 8 73 0 1 5.638883403139344
a 8 74 0 1 6.628629227013171
a 8 75 0 1 2.453141515635407
a 8 76 0 1 1.9316459855916353
a 8 77 0 1 4.4735347691794685
a 8 78 0 1 3.501205229983963
a 8 79 0 1 6.629341887747486
a 8 80 0 1 4.50462784537232
a 9 11 0 1 16.637979001451374
a 9 12 0 1 8.919828417626663
a 9 13 0 1 22.91890406163967
a 9 14 0 1 10.383454766747898
a 9 15 0 1 25.03108618731427
a 9 16 0 1 21.78203411911226
a 9 17 0 1 17.275600624978946
a 9 18 0 1 25.786635819023395
a 9 19 0 1 10.794593869145682
a 9 20 0 1 24.41496042009604
a 9 21 0 1 13.72479935233749
a 9 22 0 1 25.778613997594086
a 9 23 0 1 22.508981255842734
a 9 24 0 1 22.778985810205885
a 9 25 0 1 24.884009709756377
a 9 26 0 1 24.91455821852674
a 9 27 0 1 14.930069350098847
a 9 28 0 1 9.246125122761018
a 9 29 0 1 13.703901647651884
a 9 30 0 1 5.4441851066141185
a 9 31 0 1 23.816423024369946
a 9 32 0 1 8.267527773121417
a 9 33 0 1 20.958946136241654
a 9 34 0 1 23.335360407448057
a 9 35 0 1 6.503625042695627
a 9 36 0 1 9.90963784220159
a 9 37 0 1 12.562209764715002
a 9 38 0 1 22.9142823796614
a 9 39 0 1 9.405231885777692
a 9 40 0 1 20.076800938424924
a 9 41 0 1 7.860263495413133
a 9 42 0 1 11.900439570840538
a 9 43 0 1 9.355209956730565
a 9 44 0 1 6.955610325574114
a 9 45 0 1 17.387164808349784
a 9 46 0 1 10.548384644076163
a 9 47 0 1 24.875226459821654
a 9 48 0 1 17.2189020003825
a 9 49 0 1 17.90938497098885
a 9 50 0 1 25.071287787493176
a 9 51 0 1 13.4002700531815
a 9 52 0 1 19.397466521475586
a 9 53 0 1 10.106083839391609
a 9 54 0 1 5.760841077591367
a 9 55 0 1 10.201329047654983
a 9 56 0 1 21.71627634441856
a 9 57 0 1 11.498066678017414
a 9 58 0 1 15.554790782626952
a 9 59 0 1 23.671807839087943
a 9 60 0 1 25.88474214933731
a 9 61 0 1 20.72886055107636
a 9 62 0 1 15.112853255364012
a 9 63 0 1 7.871976330677274
a 9 64 0 1 13.783950081533481
a 9 65 0 1 22.34254806551096
a 9 66 0 1 5.4179024790405705
a 9 67 0 1 21.828999246373467
a 9 68 0 1 19.83073406585389
a 9 69 0 1 9.053772752618473
a 9 70 0 1 22.689954235887257
a 9 71 0 1 11.553246565605077
a 9 72 0 1 9.07955450353013
a 9 73 0 1 21.61863630303948
a 9 74 0 1 25.42139617068656
a 9 75 0 1 9.395204497253683
a 9 76 0 1 7.3966888499748045
a 9 77 0 1 17.144337413628918
a 9 78 0 1 13.413732613351163
a 9 79 0 1 25.424135213494306
a 9 80 0 1 17.26367350092365
a 10 11 0 1 18.68443895055199
a 10 12 0 1 10.015866295223203
a 10 13 0 1 25.740205871574588
a 10 14 0 1 11.659579571553584
a 10 15 0 1 28.113238833736563
a 10 16 0 1 24.462993451276027
a 10 17 0 1 19.400662916113042
a 10 18 0 1 28.962132154668236
a 10 19 0 1 12.121318150331048
a 10 20 0 1 27.42100787575934
a 10 21 0 1 15.412304053784498
a 10 22 0 1 28.95311918880498
a 10 23 0 1 25.27967482170384
a 10 24 0 1 25.58301299132782
a 10 25 0 1 27.947994048503617
a 10 26 0 1 27.982316147380175
a 10 27 0 1 16.76605182946146
a 10 28 0 1 10.382305165316735
a 10 29 0 1 15.388832359198142
a 10 30 0 1 6.112847267859141
a 10 31 0 1 26.748549458126625
a 10 32 0 1 9.283327490547652
a 10 33 0 1 23.5383239917496
a 10 34 0 1 26.208082575016174
a 10 35 0 1 7.302518482226544
a 10 36 0 1 11.127455993533637
a 10 37 0 1 14.106538353569485
a 10 38 0 1 25.735013576134534
a 10 39 0 1 10.560987028771343
a 10 40 0 1 22.547332774299207
a 10 41 0 1 8.825973334370977
a 10 42 0 1 13.363288559634881
a 10 43 0 1 10.504810753567524
a 10 44 0 1 7.81007475307933
a 10 45 0 1 19.525981425600314
a 10 46 0 1 11.844806958201875
a 10 47 0 1 27.938125828539366
a 10 48 0 1 19.33697428468952
a 10 49 0 1 20.112589413783716
a 10 50 0 1 28.158406644332736
a 10 51 0 1 15.047803745614598
a 10 52 0 1 21.784193654858395
a 10 53 0 1 11.348075246916643
a 10 54 0 1 6.46842432392434
a 10 55 0 1 11.45504109947041
a 10 56 0 1 24.38911938001423
a 10 57 0 1 12.911380840653663
a 10 58 0 1 17.467751202985816
a 10 59 0 1 26.58607561470742
a 10 60 0 1 29.072360280398982
a 10 61 0 1 23.279846241352878
a 10 62 0 1 16.971357011958254
a 10 63 0 1 8.839126670371046
a 10 64 0 1 15.478740509231752
a 10 65 0 1 25.09269565658063
a 10 66 0 1 6.083334311077013
a 10 67 0 1 24.515755436177916
a 10 68 0 1 22.270908663702198
a 10 69 0 1 10.166288522225871
a 10 70 0 1 25.482989699779356
a 10 71 0 1 12.97335344087853
a 10 72 0 1 10.195242021168877
a 10 73 0 1 24.279428158548463
a 10 74 0 1 28.551767029375174
a 10 75 0 1 10.549725934544004
a 10 76 0 1 8.305389555788665
a 10 77 0 1 19.253217268198153
a 10 78 0 1 15.062924370158434
a 10 79 0 1 28.554844465941738
a 10 80 0 1 19.387265365537164
a 11 1 0 1 0
a 12 1 0 1 0
a 13 1 0 1 0
a 14 1 0 1 0
a 15 1 0 1 0
a 16 1 0 1 0
a 17 1 0 1 0
a 18 1 0 1 0
a 19 1 0 1 0
a 20 1 0 1 0
a 21 1 0 1 0
a 22 1 0 1 0
a 23 1 0 1 0
a 24 1 0 1 0
a 25 1 0 1 0
a 26 1 0 1 0
a 27 1 0 1 0
a 28 1 0 1 0
a 29 1 0 1 0
a 30 1 0 1 0
a 31 1 0 1 0
a 32 1 0 1 0
a 33 1 0 1 0
a 34 1 0 1 0
a 35 1 0 1 0
a 36 1 0 1 0
a 37 1 0 1 0
a 38 1 0 1 0
a 39 1 0 1 0
a 40 1 0 1 0
a 41 1 0 1 0
a 42 1 0 1 0
a 43 1 0 1 0
a 44 1 0 1 0
a 45 1 0 1 0
a 46 1 0 1 0
a 47 1 0 1 0
a 48 1 0 1 0
a 49 1 0 1 0
a 50 1 0 1 0
a 51 1 0 1 0
a 52 1 0 1 0
a 53 1 0 1 0
a 54 1 0 1 0
a 55 1 0 1 0
a 56 1 0 1 0
a 57 1 0 1 0
a 58 1 0 1 0
a 59 1 0 1 0
a 60 1 0 1 0
a 61 1 0 1 0
a 62 1 0 1 0
a 63 1 0 1 0
a 64 1 0 1 0
a 65 1 0 1 0
a 66 1 0 1 0
a 67 1 0 1 0
a 68 1 0 1 0
a 69 1 0 1 0
a 70 1 0 1 0
a 71 1 0 1 0
a 72 1 0 1 0
a 73 1 0 1 0
a 74 1 0 1 0
a 75 1 0 1 0
a 76 1 0 1 0
a 77 1 0 1 0
a 78 1 0 1 0
a 79 1 0 1 0
a 80 1 0 1 0
