p min 82 719
n 0 9
n 1 -9
a 0 2 0 1 0
a 0 3 0 1 0
a 0 4 0 1 0
a 0 5 0 1 0
a 0 6 0 1 0
a 0 7 0 1 0
a 0 8 0 1 0
a 0 9 0 1 0
a 0 10 0 1 0
a 2 11 0 1 14.486285645750757
a 2 12 0 1 15.82765107149218
a 2 13 0 1 7.431578000093314
a 2 14 0 1 9.711685318113688
a 2 15 0 1 27.270775649321408
a 2 16 0 1 20.316870432402666
a 2 17 0 1 8.10528165136667
a 2 18 0 1 23.857889077501554
a 2 19 0 1 18.952281911828965
a 2 20 0 1 21.264816575448947
a 2 21 0 1 13.399739570273708
a 2 22 0 1 12.90908605783715
a 2 23 0 1 7.941330684595901
a 2 24 0 1 22.756042095310075
a 2 25 0 1 30.031159685106694
a 2 26 0 1 32.81203093022965
a 2 27 0 1 8.084126093109479
a 2 28 0 1 29.56052608602224
a 2 29 0 1 13.854843356959272
a 2 30 0 1 28.414905831255084
a 2 31 0 1 13.875945453690475
a 2 32 0 1 10.351512870478889
a 2 33 0 1 32.780730062127525
a 2 34 0 1 9.072436957249417
a 2 35 0 1 25.36570170113047
a 2 36 0 1 18.34103422960649
a 2 37 0 1 9.623268635688248
a 2 38 0 1 12.28916619676713
a 2 39 0 1 9.80121674976899
a 2 40 0 1 10.809798236650566
a 2 41 0 1 8.222471007898479
a 2 42 0 1 17.150920625038157
a 2 43 0 1 30.8464250246075
a 2 44 0 1 11.439793475197916
a 2 45 0 1 22.61657450237212
a 2 46 0 1 29.92894320252319
a 2 47 0 1 11.391055053730202
a 2 48 0 1 31.501238291462382
a 2 49 0 1 28.68663065375892
a 2 50 0 1 32.539432008113025
a 2 51 0 1 26.512646341384674
a 2 52 0 1 32.71571503307447
a 2 53 0 1 18.643572976456916
a 2 54 0 1 24.959259458477728
a 2 55 0 1 8.408010092373365
a 2 56 0 1 26.64091662466813
a 2 57 0 1 30.071547541242516
a 2 58 0 1 7.531309686969256
a 2 59 0 1 32.08194182476261
a 2 60 0 1 8.899168646864316
a 2 61 0 1 30.05225930961756
a 2 62 0 1 19.36302607038568
a 2 63 0 1 32.46238477126821
a 2 64 0 1 17.835867198715064
a 2 65 0 1 18.37429476249722
a 2 66 0 1 32.5849699785242
a 2 67 0 1 10.10578859783316
a 2 68 0 1 14.581763951037145
a 2 69 0 1 11.648686707207542
a 2 70 0 1 11.725668979400892
a 2 71 0 1 7.14072306352444
a 2 72 0 1 18.726800339105637
a 2 73 0 1 12.226284780685033
a 2 74 0 1 12.367980647867507
a 2 75 0 1 21.12567689101795
a 2 76 0 1 19.080356044915664
a 2 77 0 1 23.082450264395824
a 2 78 0 1 12.368312275091927
a 2 79 0 1 22.25875333811688
a 2 80 0 1 14.687550082923233
a 2 81 0 1 16.297540215083345
a 3 11 0 1 13.120137357145722
a 3 12 0 1 14.334794662715158
a 3 13 0 1 6.73124878018998
a 3 14 0 1 8.79626805886942
a 3 15 0 1 24.6955364998366
a 3 16 0 1 18.39969533284159
a 3 17 0 1 7.341410980744507
a 3 18 0 1 21.605738443560973
a 3 19 0 1 17.16412902862506
a 3 20 0 1 19.257991301118345
a 3 21 0 1 12.136202668451537
a 3 22 0 1 11.69187794071456
a 3 23 0 1 7.192924136789467
a 3 24 0 1 20.60815118602301
a 3 25 0 1 27.194434437656273
a 3 26 0 1 29.711726693504467
a 3 27 0 1 7.322250878986954
a 3 28 0 1 26.768393732943338
a 3 29 0 1 12.548330130917877
a 3 30 0 1 25.731303592634656
a 3 31 0 1 12.567439417209936
a 3 32 0 1 9.37572075228795
a 3 33 0 1 29.683393462079856
a 3 34 0 1 8.217331859745213
a 3 35 0 1 22.97083896696855
a 3 36 0 1 16.610663078556453
a 3 37 0 1 8.716193842145614
a 3 38 0 1 11.13048575307967
a 3 39 0 1 8.87735168705967
a 3 40 0 1 9.790756836129745
a 3 41 0 1 7.447546521838969
a 3 42 0 1 15.53303074038047
a 3 43 0 1 27.93244240802365
a 3 44 0 1 10.361291450834525
a 3 45 0 1 20.48187868435358
a 3 46 0 1 27.101903417049716
a 3 47 0 1 10.317153369816692
a 3 48 0 1 28.52519379254885
a 3 49 0 1 25.977288960857486
a 3 50 0 1 29.464972237243206
a 3 51 0 1 24.009197053274683
a 3 52 0 1 29.624542448912013
a 3 53 0 1 16.884603516127854
a 3 54 0 1 22.602870261479932
a 3 55 0 1 7.615584191546144
a 3 56 0 1 24.125321781381363
a 3 57 0 1 27.23099530964145
a 3 58 0 1 6.821574674481055
a 3 59 0 1 29.050852327552278
a 3 60 0 1 8.060409779873451
a 3 61 0 1 27.213534754107787
a 3 62 0 1 17.536041076581498
a 3 63 0 1 29.39522940244986
a 3 64 0 1 16.153244333629555
a 3 65 0 1 16.640779656116948
a 3 66 0 1 29.50619296141165
a 3 67 0 1 9.15318425557156
a 3 68 0 1 13.206597757967923
a 3 69 0 1 10.550467060291323
a 3 70 0 1 10.620182689066072
a 3 71 0 1 6.4678235389938585
a 3 72 0 1 16.959963266442344
a 3 73 0 1 11.073540654297073
a 3 74 0 1 11.201859619493403
a 3 75 0 1 19.13201159294315
a 3 76 0 1 17.280095278378603
a 3 77 0 1 20.90367623273371
a 3 78 0 1 11.202159938743646
a 3 79 0 1 20.157909385504063
a 3 80 0 1 13.302392203834142
a 3 81 0 1 14.760288735092981
a 4 11 0 1 15.207182546403757
a 4 12 0 1 16.61542759172893
a 4 13 0 1 7.801088430120019
a 4 14 0 1 10.194699609605307
a 4 15 0 1 28.62998156247177
a 4 16 0 1 21.328634360344548
a 4 17 0 1 8.508322573392883
a 4 18 0 1 25.046501976043867
a 4 19 0 1 19.895934645139665
a 4 20 0 1 22.323908905894147
a 4 21 0 1 14.066477876385218
a 4 22 0 1 13.551372534450874
a 4 23 0 1 8.336211200697415
a 4 24 0 1 23.889609262387484
a 4 25 0 1 31.52844630131024
a 4 26 0 1 34.44851628216476
a 4 27 0 1 8.48611401175475
a 4 28 0 1 31.03426401950503
a 4 29 0 1 14.544264456634025
a 4 30 0 1 29.83133256256607
a 4 31 0 1 14.566418361916133
a 4 32 0 1 10.866389052893389
a 4 33 0 1 34.41564810319595
a 4 34 0 1 9.52362312091898
a 4 35 0 1 26.629665203929008
a 4 36 0 1 19.254184824640156
a 4 37 0 1 10.101880374125233
a 4 38 0 1 12.900562972590576
a 4 39 0 1 10.288689197169555
a 4 40 0 1 11.347498969814916
a 4 41 0 1 8.631345047185205
a 4 42 0 1 18.004695769396836
a 4 43 0 1 32.3845107030807
a 4 44 0 1 12.008874764789388
a 4 45 0 1 23.743175235904044
a 4 46 0 1 31.421115073990666
a 4 47 0 1 11.957708473806347
a 4 48 0 1 33.07209920798184
a 4 49 0 1 30.116649350672912
a 4 50 0 1 34.16226806482076
a 4 51 0 1 27.833945025716105
a 4 52 0 1 34.347377650853495
a 4 53 0 1 19.571820126640052
a 4 54 0 1 26.20290893444369
a 4 55 0 1 8.826119704468926
a 4 56 0 1 27.968628463999266
a 4 57 0 1 31.57085513420801
a 4 58 0 1 7.905783457406108
a 4 59 0 1 33.681872921310806
a 4 60 0 1 9.34172864154386
a 4 61 0 1 31.550601732083134
a 4 62 0 1 20.327178059997994
a 4 63 0 1 34.08136316037518
a 4 64 0 1 18.723812634069226
a 4 65 0 1 19.28910498999417
a 4 66 0 1 34.210086103456725
a 4 67 0 1 10.608427712821026
a 4 68 0 1 15.30742062189158
a 4 69 0 1 12.228174187389163
a 4 70 0 1 12.308991528189871
a 4 71 0 1 7.495759218016447
a 4 72 0 1 19.659200693040436
a 4 73 0 1 12.834548526006715
a 4 74 0 1 12.983304375778157
a 4 75 0 1 22.177821671888115
a 4 76 0 1 20.03040043278943
a 4 77 0 1 24.232322501560553
a 4 78 0 1 12.983652526579691
a 4 79 0 1 23.367481908870158
a 4 80 0 1 15.41848051650245
a 4 81 0 1 17.108750236126003
a 5 11 0 1 8.899365308864557
a 5 12 0 1 9.722827630725313
a 5 13 0 1 4.566874201646213
a 5 14 0 1 5.967448186076351
a 5 15 0 1 16.74375244978173
a 5 16 0 1 12.478038652639707
a 5 17 0 1 4.980731529437647
a 5 18 0 1 14.650525329910174
a 5 19 0 1 11.640653218746223
a 5 20 0 1 13.059689917793685
a 5 21 0 1 8.23226423616432
a 5 22 0 1 7.930999121628482
a 5 23 0 1 4.880018444414949
a 5 24 0 1 13.974593252272275
a 5 25 0 1 18.436314615684093
a 5 26 0 1 20.141017922923623
a 5 27 0 1 4.967736009686368
a 5 28 0 1 18.147769478653164
a 5 29 0 1 8.511689795097045
a 5 30 0 1 17.44533991996996
a 5 31 0 1 8.524645829644676
a 5 32 0 1 6.360416362900292
a 5 33 0 1 20.121832512355425
a 5 34 0 1 5.5748134298906775
a 5 35 0 1 15.575391093564779
a 5 36 0 1 11.265525566274809
a 5 37 0 1 5.913142824745804
a 5 38 0 1 7.550344667503753
a 5 39 0 1 6.022437789663785
a 5 40 0 1 6.641871545020193
a 5 41 0 1 5.0527186272363815
a 5 42 0 1 10.535084698120063
a 5 43 0 1 18.936124606002636
a 5 44 0 1 7.0287633494166455
a 5 45 0 1 13.88903161893099
a 5 46 0 1 18.37364678870809
a 5 47 0 1 6.998832950365688
a 5 48 0 1 19.337540884959893
a 5 49 0 1 17.61195270048605
a 5 50 0 1 19.97393059293765
a 5 51 0 1 16.278823644138736
a 5 52 0 1 20.08198232752801
a 5 53 0 1 11.451198594316738
a 5 54 0 1 15.32609878686177
a 5 55 0 1 5.166690075305891
a 5 56 0 1 16.35748861786165
a 5 57 0 1 18.461075818951848
a 5 58 0 1 4.628141112290107
a 5 59 0 1 19.693506519585235
a 5 60 0 1 5.468385912716783
a 5 61 0 1 18.44925049766122
a 5 62 0 1 11.89271877762782
a 5 63 0 1 19.926704369267753
a 5 64 0 1 10.95548507576997
a 5 65 0 1 11.285938349350017
a 5 66 0 1 20.001843010263247
a 5 67 0 1 6.209500497100858
a 5 68 0 1 8.957982550418599
a 5 69 0 1 7.157043791026585
a 5 70 0 1 7.204317675153385
a 5 71 0 1 4.38819385420153
a 5 72 0 1 11.502275725711659
a 5 73 0 1 7.511731906648583
a 5 74 0 1 7.598740912076521
a 5 75 0 1 12.974318125250479
a 5 76 0 1 11.719250766956579
a 5 77 0 1 14.174836452261706
a 5 78 0 1 7.598944548029282
a 5 79 0 1 13.66950792817224
a 5 80 0 1 9.02292752148461
a 5 81 0 1 10.011268680219514
a 6 11 0 1 15.960061717400675
a 6 12 0 1 17.43816641888763
a 6 13 0 1 8.186960109990206
a 6 14 0 1 10.699114370951762
a 6 15 0 1 30.049701353359634
a 6 16 0 1 22.385357094647297
a 6 17 0 1 8.929212736115513
a 6 18 0 1 26.28798383686278
a 6 19 0 1 20.881503789252527
a 6 20 0 1 23.430075454665953
a 6 21 0 1 14.762786854205642
a 6 22 0 1 14.222141353130592
a 6 23 0 1 8.748578770272685
a 6 24 0 1 25.07358164013436
a 6 25 0 1 33.09244519575645
a 6 26 0 1 36.157971996109346
a 6 27 0 1 8.90590443330098
a 6 28 0 1 32.57365647459504
a 6 29 0 1 15.264266082269968
a 6 30 0 1 31.31084065845033
a 6 31 0 1 15.287518629514532
a 6 32 0 1 11.404081413038297
a 6 33 0 1 36.12346599018898
a 6 34 0 1 9.994796045084481
a 6 35 0 1 27.9498726481597
a 6 36 0 1 20.207890098533788
a 6 37 0 1 10.6016970046217
a 6 38 0 1 13.539067637080052
a 6 39 0 1 10.797760172022324
a 6 40 0 1 11.909030342566679
a 6 41 0 1 9.058327241282324
a 6 42 0 1 18.896376158008927
a 6 43 0 1 33.99114191256413
a 6 44 0 1 12.603181854924202
a 6 45 0 1 24.91986948085526
a 6 46 0 1 32.979769457073154
a 6 47 0 1 12.549479735501633
a 6 48 0 1 34.71297896142046
a 6 49 0 1 31.610359517738893
a 6 50 0 1 35.857460418198116
a 6 51 0 1 29.214057584929037
a 6 52 0 1 36.05179365117239
a 6 53 0 1 20.541295866368866
a 6 54 0 1 27.50189220469211
a 6 55 0 1 9.2627474442264
a 6 56 0 1 29.355441735461675
a 6 57 0 1 33.13696579609568
a 6 58 0 1 8.296838702206323
a 6 59 0 1 35.35313005397381
a 6 60 0 1 9.803892334116039
a 6 61 0 1 33.1157038637477
a 6 62 0 1 21.334161882596735
a 6 63 0 1 35.772524310951894
a 6 64 0 1 19.651187838975975
a 6 65 0 1 20.244543976912745
a 6 66 0 1 35.90766109620162
a 6 67 0 1 11.133339221313301
a 6 68 0 1 16.06527157726293
a 6 69 0 1 12.833350228088271
a 6 70 0 1 12.918173195199902
a 6 71 0 1 7.866514464679492
a 6 72 0 1 20.633015055323963
a 6 73 0 1 13.46978078037124
a 6 74 0 1 13.625910698112488
a 6 75 0 1 23.276730071230183
a 6 76 0 1 21.02264663732318
a 6 77 0 1 25.43332958073692
a 6 78 0 1 13.626276107623012
a 6 79 0 1 24.525504445746826
a 6 80 0 1 16.18184015652047
a 6 81 0 1 17.95596723946746
a 7 11 0 1 15.960177485226449
a 7 12 0 1 17.438292929827924
a 7 13 0 1 8.187019441738482
a 7 14 0 1 10.699191930979449
a 7 15 0 1 30.04991967590145
a 7 16 0 1 22.385519589212308
a 7 17 0 1 8.92927745257791
a 7 18 0 1 26.28817474630478
a 7 19 0 1 20.881655341132586
a 7 20 0 1 23.430245553284013
a 7 21 0 1 14.762893922715302
a 7 22 0 1 14.222244494134527
a 7 23 0 1 8.748642176230776
a 7 24 0 1 25.07376370482393
a 7 25 0 1 33.092685709335434
a 7 26 0 1 36.158234882611914
a 7 27 0 1 8.905968980657846
a 7 28 0 1 32.57389320349539
a 7 29 0 1 15.264376794201928
a 7 30 0 1 31.311068176721097
a 7 31 0 1 15.287629510394103
a 7 32 0 1 11.404164090225851
a 7 33 0 1 36.12372862476977
a 7 34 0 1 9.994868493490822
a 7 35 0 1 27.95007566550392
a 7 36 0 1 20.20803675013902
a 7 37 0 1 10.601773857588698
a 7 38 0 1 13.539165816610467
a 7 39 0 1 10.797838448043178
a 7 40 0 1 11.909116685550035
a 7 41 0 1 9.058392894507294
a 7 42 0 1 18.896513271045762
a 7 43 0 1 33.991388983402025
a 7 44 0 1 12.603273237959375
a 7 45 0 1 24.920050426202156
a 7 46 0 1 32.98000914861918
a 7 47 0 1 12.549570728591092
a 7 48 0 1 34.71323130006215
a 7 49 0 1 31.610589220375896
a 7 50 0 1 35.85772111079915
a 7 51 0 1 29.21426981575794
a 7 52 0 1 36.05205576249682
a 7 53 0 1 20.541444943275458
a 7 54 0 1 27.502091957762072
a 7 55 0 1 9.262814580634014
a 7 56 0 1 29.355654996876495
a 7 57 0 1 33.137206634483135
a 7 58 0 1 8.296898831017362
a 7 59 0 1 35.353387065023696
a 7 60 0 1 9.803963397172122
a 7 61 0 1 33.11594454701281
a 7 62 0 1 21.33431672781411
a 7 63 0 1 35.772784383499044
a 7 64 0 1 19.65133044136414
a 7 65 0 1 20.24469089514069
a 7 66 0 1 35.907922155284695
a 7 67 0 1 11.133419933161031
a 7 68 0 1 16.06538810965059
a 7 69 0 1 12.833443282492711
a 7 70 0 1 12.918266865569366
a 7 71 0 1 7.866571472021676
a 7 72 0 1 20.63316479945798
a 7 73 0 1 13.469878456682178
a 7 74 0 1 13.626009508379989
a 7 75 0 1 23.27689905359824
a 7 76 0 1 21.022799216058388
a 7 77 0 1 25.43351426528982
a 7 78 0 1 13.626374920544055
a 7 79 0 1 24.525682519481933
a 7 80 0 1 16.181957536035192
a 7 81 0 1 17.95609751473483
a 8 11 0 1 12.727296800885771
a 8 12 0 1 13.905526820508479
a 8 13 0 1 6.529846870861831
a 8 14 0 1 8.533019145929261
a 8 15 0 1 23.955150473880536
a 8 16 0 1 17.848450178799258
a 8 17 0 1 7.121737778294161
a 8 18 0 1 20.95820995855776
a 8 19 0 1 16.649971786614227
a 8 20 0 1 18.680976708895926
a 8 21 0 1 11.77286283701342
a 8 22 0 1 11.341857906870544
a 8 23 0 1 6.977697598744491
a 8 24 0 1 19.990589457578174
a 8 25 0 1 26.378902279362826
a 8 26 0 1 28.82045284030572
a 8 27 0 1 7.103151463214967
a 8 28 0 1 25.965676312587146
a 8 29 0 1 12.17263451751894
a 8 30 0 1 24.959775368647296
a 8 31 0 1 12.191170870514442
a 8 32 0 1 9.095112195995775
a 8 33 0 1 28.792972351925506
a 8 34 0 1 7.971424873006644
a 8 35 0 1 22.282293087832578
a 8 36 0 1 16.113115868504657
a 8 37 0 1 8.455343671114981
a 8 38 0 1 10.797293030500787
a 8 39 0 1 8.611673750074008
a 8 40 0 1 9.49771296160697
a 8 41 0 1 7.224694838783714
a 8 42 0 1 15.067818396588448
a 8 43 0 1 27.09470906558974
a 8 44 0 1 10.051151326792768
a 8 45 0 1 19.868109609044502
a 8 46 0 1 26.289154572480527
a 8 47 0 1 10.008335935035998
a 8 48 0 1 27.669626308952623
a 8 49 0 1 25.198363686300294
a 8 50 0 1 28.581124752439532
a 8 51 0 1 23.28944308750509
a 8 52 0 1 28.735892555842526
a 8 53 0 1 16.378835353395132
a 8 54 0 1 21.92538202814707
a 8 55 0 1 7.38770006767954
a 8 56 0 1 23.402077210729253
a 8 57 0 1 26.414363392122475
a 8 58 0 1 6.617468115346186
a 8 59 0 1 28.179467353502574
a 8 60 0 1 7.8192029785748245
a 8 61 0 1 26.397428055134068
a 8 62 0 1 17.010721251911356
a 8 63 0 1 28.513480836902236
a 8 64 0 1 15.669423139262596
a 8 65 0 1 16.142328672166354
a 8 66 0 1 28.62110491843367
a 8 67 0 1 8.879242866844397
a 8 68 0 1 12.811164601370349
a 8 69 0 1 10.234657748527201
a 8 70 0 1 10.302284088860208
a 8 71 0 1 6.274309122904386
a 8 72 0 1 16.451933469341885
a 8 73 0 1 10.742054700630062
a 8 74 0 1 10.866527635685422
a 8 75 0 1 18.558779718942684
a 8 76 0 1 16.762457520325043
a 8 77 0 1 20.277237854379802
a 8 78 0 1 10.866818953510734
a 8 79 0 1 19.553870389069395
a 8 80 0 1 12.904086497891297
a 8 81 0 1 14.318258088604605
a 9 11 0 1 13.45141537841071
a 9 12 0 1 14.696794202917912
a 9 13 0 1 6.901081844364697
a 9 14 0 1 9.018256800082492
a 9 15 0 1 25.31994176017902
a 9 16 0 1 18.86456979708324
a 9 17 0 1 7.5266521131368815
a 9 18 0 1 22.15182144603204
a 9 19 0 1 17.597723209556086
a 9 20 0 1 19.744600234522746
a 9 21 0 1 12.442601142089377
a 9 22 0 1 11.987043214859048
a 9 23 0 1 7.374415413654576
a 9 24 0 1 21.128958881515423
a 9 25 0 1 27.882225229867654
a 9 26 0 1 30.463407418809023
a 9 27 0 1 7.5070081388128695
a 9 28 0 1 27.445375190060187
a 9 29 0 1 12.865148861994323
a 9 30 0 1 26.38197695605541
a 9 31 0 1 12.884741333312327
a 9 32 0 1 9.612349154573954
a 9 33 0 1 30.43435486677604
a 9 34 0 1 8.424695988737573
a 9 35 0 1 23.551518401150762
a 9 36 0 1 17.030248366671447
a 9 37 0 1 8.936159694950215
a 9 38 0 1 11.41145987051043
a 9 39 0 1 9.101388856074465
a 9 40 0 1 10.037872204745769
a 9 41 0 1 7.635468059422692
a 9 42 0 1 15.925345101417236
a 9 43 0 1 28.638960217799458
a 9 44 0 1 10.622824537872924
a 9 45 0 1 20.999487508948015
a 9 46 0 1 27.787346456625336
a 9 47 0 1 10.577570994358338
a 9 48 0 1 29.24675508426552
a 9 49 0 1 26.634201706481868
a 9 50 0 1 30.21038855217098
a 9 51 0 1 24.616199587972027
a 9 52 0 1 30.374009766672238
a 9 53 0 1 17.311122339362367
a 9 54 0 1 23.174222981264553
a 9 55 0 1 7.807749581980691
a 9 56 0 1 24.735268560017527
a 9 57 0 1 27.9197137603949
a 9 58 0 1 6.993688545536373
a 9 59 0 1 29.785756108226405
a 9 60 0 1 8.26381021607341
a 9 61 0 1 27.9018101774086
a 9 62 0 1 17.979049829748742
a 9 63 0 1 30.13887520663971
a 9 64 0 1 16.561253181375424
a 9 65 0 1 17.06112718415759
a 9 66 0 1 30.252655730659047
a 9 67 0 1 9.384190117521184
a 9 68 0 1 13.540062273406098
a 9 69 0 1 10.816781146055146
a 9 70 0 1 10.888258738325959
a 9 71 0 1 6.631005165943726
a 9 72 0 1 17.38838955184152
a 9 73 0 1 11.3530753896751
a 9 74 0 1 11.48463785739606
a 9 75 0 1 19.61543008984632
a 9 76 0 1 17.716624937350606
a 9 77 0 1 21.431970859509317
a 9 78 0 1 11.48494576789376
a 9 79 0 1 20.667311507376688
a 9 80 0 1 13.638279313915088
a 9 81 0 1 15.133052097427253
a 10 11 0 1 11.89685987596382
a 10 12 0 1 12.998097059975152
a 10 13 0 1 6.104068375472405
a 10 14 0 1 7.9765038612721275
a 10 15 0 1 22.390222173709642
a 10 16 0 1 16.683223395089673
a 10 17 0 1 6.657335463227271
a 10 18 0 1 19.589505873140023
a 10 19 0 1 15.563127304019725
a 10 20 0 1 17.461289529774575
a 10 21 0 1 11.004780218132943
a 10 22 0 1 10.601929155042884
a 10 23 0 1 6.5226950733817315
a 10 24 0 1 18.685213154509828
a 10 25 0 1 24.65518662821034
a 10 26 0 1 26.93670004080591
a 10 27 0 1 6.639962072294515
a 10 28 0 1 24.269038207147226
a 10 29 0 1 11.378435898114473
a 10 30 0 1 23.329041085338865
a 10 31 0 1 11.395761266892622
a 10 32 0 1 8.501901849999049
a 10 33 0 1 26.911021293232057
a 10 34 0 1 7.451567654957205
a 10 35 0 1 20.826910468621044
a 10 36 0 1 15.061376020139617
a 10 37 0 1 7.903898917183643
a 10 38 0 1 10.09293231195963
a 10 39 0 1 8.050023932316833
a 10 40 0 1 8.878216943607772
a 10 41 0 1 6.753573562072593
a 10 42 0 1 14.08441818601669
a 10 43 0 1 25.32408289334039
a 10 44 0 1 9.395517781665262
a 10 45 0 1 18.57074829479017
a 10 46 0 1 24.571320043050175
a 10 47 0 1 9.35549823403371
a 10 48 0 1 25.861317603824972
a 10 49 0 1 23.551999052783472
a 10 50 0 1 26.713062989743563
a 10 51 0 1 21.768112808185396
a 10 52 0 1 26.857683863761917
a 10 53 0 1 15.309720800066208
a 10 54 0 1 20.49336633054335
a 10 55 0 1 6.905940790781255
a 10 56 0 1 21.873370818793326
a 10 57 0 1 24.688323960930514
a 10 58 0 1 6.185972209111855
a 10 59 0 1 26.337737587602728
a 10 60 0 1 7.30928128155416
a 10 61 0 1 24.672498405147802
a 10 62 0 1 15.900285334854306
a 10 63 0 1 26.649853857126388
a 10 64 0 1 14.646692988219217
a 10 65 0 1 15.088678723273693
a 10 66 0 1 26.750421997444374
a 10 67 0 1 8.300125620576418
a 10 68 0 1 11.975247881083419
a 10 69 0 1 9.567040946312412
a 10 70 0 1 9.63025106123634
a 10 71 0 1 5.865204213312303
a 10 72 0 1 15.378039046362261
a 10 73 0 1 10.041301618260972
a 10 74 0 1 10.157645118380502
a 10 75 0 1 17.347086765584358
a 10 76 0 1 15.668257160088254
a 10 77 0 1 18.953102670894367
a 10 78 0 1 10.15791740973213
a 10 79 0 1 18.277071685878276
a 10 80 0 1 12.062098285784725
a 10 81 0 1 13.383853297137094
a 11 1 0 1 0
a 12 1 0 1 0
a 13 1 0 1 0
a 14 1 0 1 0
a 15 1 0 1 0
a 16 1 0 1 0
a 17 1 0 1 0
a 18 1 0 1 0
a 19 1 0 1 0
a 20 1 0 1 0
a 21 1 0 1 0
a 22 1 0 1 0
a 23 1 0 1 0
a 24 1 0 1 0
a 25 1 0 1 0
a 26 1 0 1 0
a 27 1 0 1 0
a 28 1 0 1 0
a 29 1 0 1 0
a 30 1 0 1 0
a 31 1 0 1 0
a 32 1 0 1 0
a 33 1 0 1 0
a 34 1 0 1 0
a 35 1 0 1 0
a 36 1 0 1 0
a 37 1 0 1 0
a 38 1 0 1 0
a 39 1 0 1 0
a 40 1 0 1 0
a 41 1 0 1 0
a 42 1 0 1 0
a 43 1 0 1 0
a 44 1 0 1 0
a 45 1 0 1 0
a 46 1 0 1 0
a 47 1 0 1 0
a 48 1 0 1 0
a 49 1 0 1 0
a 50 1 0 1 0
a 51 1 0 1 0
a 52 1 0 1 0
a 53 1 0 1 0
a 54 1 0 1 0
a 55 1 0 1 0
a 56 1 0 1 0
a 57 1 0 1 0
a 58 1 0 1 0
a 59 1 0 1 0
a 60 1 0 1 0
a 61 1 0 1 0
a 62 1 0 1 0
a 63 1 0 1 0
a 64 1 0 1 0
a 65 1 0 1 0
a 66 1 0 1 0
a 67 1 0 1 0
a 68 1 0 1 0
a 69 1 0 1 0
a 70 1 0 1 0
a 71 1 0 1 0
a 72 1 0 1 0
a 73 1 0 1 0
a 74 1 0 1 0
a 75 1 0 1 0
a 76 1 0 1 0
a 77 1 0 1 0
a 78 1 0 1 0
a 79 1 0 1 0
a 80 1 0 1 0
a 81 1 0 1 0
