p min 82 719
n 0 9
n 1 -9
a 0 2 0 1 0
a 0 3 0 1 0
a 0 4 0 1 0
a 0 5 0 1 0
a 0 6 0 1 0
a 0 7 0 1 0
a 0 8 0 1 0
a 0 9 0 1 0
a 0 10 0 1 0
a 2 11 0 1 17.919542447498753
a 2 12 0 1 15.363069309336977
a 2 13 0 1 23.012963302460825
a 2 14 0 1 27.807581493992526
a 2 15 0 1 8.735167666474423
a 2 16 0 1 13.257165320071339
a 2 17 0 1 19.47016028461701
a 2 18 0 1 11.155041611080676
a 2 19 0 1 14.191666942435713
a 2 20 0 1 8.188226845566922
a 2 21 0 1 20.38327000207963
a 2 22 0 1 17.18221427940436
a 2 23 0 1 23.937975722410442
a 2 24 0 1 10.362750925061162
a 2 25 0 1 9.346754566148554
a 2 26 0 1 28.455909525043094
a 2 27 0 1 10.326030672384002
a 2 28 0 1 14.92847529249781
a 2 29 0 1 21.606804861642225
a 2 30 0 1 13.773399079992764
a 2 31 0 1 25.587618922181328
a 2 32 0 1 13.477532091898663
a 2 33 0 1 15.416592333958201
a 2 34 0 1 22.958543920497434
a 2 35 0 1 24.032839719032047
a 2 36 0 1 11.92903394612066
a 2 37 0 1 29.52088125442268
a 2 38 0 1 26.820575706299376
a 2 39 0 1 6.5790744180291325
a 2 40 0 1 14.364561073973173
a 2 41 0 1 23.901706104696355
a 2 42 0 1 25.78051655441598
a 2 43 0 1 9.233202621989415
a 2 44 0 1 12.62549212314721
a 2 45 0 1 8.459899487527318
a 2 46 0 1 9.794663947478204
a 2 47 0 1 8.0441935770299
a 2 48 0 1 21.386825793065487
a 2 49 0 1 18.51272818444752
a 2 50 0 1 23.087675752588343
a 2 51 0 1 6.792326879320792
a 2 52 0 1 23.772388617008836
a 2 53 0 1 25.555183086654807
a 2 54 0 1 24.455531204261362
a 2 55 0 1 7.4126848486632655
a 2 56 0 1 14.293664541441396
a 2 57 0 1 28.039918153030275
a 2 58 0 1 24.520802530248897
a 2 59 0 1 18.77424878420263
a 2 60 0 1 29.612786417776668
a 2 61 0 1 7.429755546694014
a 2 62 0 1 15.414721209696875
a 2 63 0 1 9.784369340050985
a 2 64 0 1 8.323497907606697
a 2 65 0 1 30.77615959771721
a 2 66 0 1 28.08441732000987
a 2 67 0 1 9.453906546425891
a 2 68 0 1 28.798540743785704
a 2 69 0 1 19.88995688253992
a 2 70 0 1 11.739209402918542
a 2 71 0 1 26.323770747974876
a 2 72 0 1 30.467473297075006
a 2 73 0 1 12.842122370413735
a 2 74 0 1 26.532214182913933
a 2 75 0 1 9.061743685862151
a 2 76 0 1 29.528854831693355
a 2 77 0 1 31.527342368033693
a 2 78 0 1 7.495605667226391
a 2 79 0 1 27.141205534768407
a 2 80 0 1 26.28229614858942
a 2 81 0 1 29.14048971526797
a 3 11 0 1 9.714895649027303
a 3 12 0 1 8.330052478512075
a 3 13 0 1 12.472891334171326
a 3 14 0 1 15.067735534708932
a 3 15 0 1 4.737974030562292
a 3 16 0 1 7.189002282667612
a 3 17 0 1 10.554684316004584
a 3 18 0 1 6.049747555854203
a 3 19 0 1 7.69537823882301
a 3 20 0 1 4.4414401111482436
a 3 21 0 1 11.04914495265278
a 3 22 0 1 9.315522835774592
a 3 23 0 1 12.973609769218804
a 3 24 0 1 5.62029676973645
a 3 25 0 1 5.069536749527006
a 3 26 0 1 15.41850935738801
a 3 27 0 1 5.600392167884955
a 3 28 0 1 8.094595461951794
a 3 29 0 1 11.711630063170116
a 3 30 0 1 7.468738694609147
a 3 31 0 1 13.866456648701602
a 3 32 0 1 7.308416348171062
a 3 33 0 1 8.359049764931225
a 3 34 0 1 12.443432057133329
a 3 35 0 1 13.024957829656156
a 3 36 0 1 6.469245314392505
a 3 37 0 1 15.99465348162231
a 3 38 0 1 14.533676088269209
a 3 39 0 1 3.5689096905578057
a 3 40 0 1 7.789058458718367
a 3 41 0 1 12.953977585393165
a 3 42 0 1 13.970849700532122
a 3 43 0 1 5.007977872213045
a 3 44 0 1 6.846690900578407
a 3 45 0 1 4.58873451506432
a 3 46 0 1 5.312350580380999
a 3 47 0 1 4.363347009332637
a 3 48 0 1 11.592528318362637
a 3 49 0 1 10.036171349061776
a 3 50 0 1 12.513335743477802
a 3 51 0 1 3.68455003960328
a 3 52 0 1 12.883979414702118
a 3 53 0 1 13.848902694700216
a 3 54 0 1 13.25374636326291
a 3 55 0 1 4.020936593877072
a 3 56 0 1 7.750644390148041
a 3 57 0 1 15.193442592724043
a 3 58 0 1 13.289074602963549
a 3 59 0 1 10.177807296578532
a 3 60 0 1 16.044370653673866
a 3 61 0 1 4.030192798632797
a 3 62 0 1 8.358036044599476
a 3 63 0 1 5.30676995290652
a 3 64 0 1 4.514781370527754
a 3 65 0 1 16.673669219002388
a 3 66 0 1 15.217518765482362
a 3 67 0 1 5.127625397096202
a 3 68 0 1 15.603878126672805
a 3 69 0 1 10.782015483585543
a 3 70 0 1 6.366365073995129
a 3 71 0 1 14.26483857548581
a 3 72 0 1 16.50670037838308
a 3 73 0 1 6.964088033920865
a 3 74 0 1 14.377635896309325
a 3 75 0 1 4.915025010228611
a 3 76 0 1 15.998966900553325
a 3 77 0 1 17.07996224101585
a 3 78 0 1 4.065898399774581
a 3 79 0 1 14.707171947725731
a 3 80 0 1 14.242394666617589
a 3 81 0 1 15.788871097297374
a 4 11 0 1 4.629275700844326
a 4 12 0 1 3.9697109853978545
a 4 13 0 1 5.942509056866758
a 4 14 0 1 7.177658157324359
a 4 15 0 1 2.258384219154609
a 4 16 0 1 3.426175741640945
a 4 17 0 1 5.029191509120623
a 4 18 0 1 2.8834211580294458
a 4 19 0 1 3.6673953751428052
a 4 20 0 1 2.117077342349176
a 4 21 0 1 5.26463969106118
a 4 22 0 1 4.43907613921077
a 4 23 0 1 6.180881771969756
a 4 24 0 1 2.678806317890059
a 4 25 0 1 2.4163773380044065
a 4 26 0 1 7.344597267236615
a 4 27 0 1 2.6693223738186904
a 4 28 0 1 3.857557987940404
a 4 29 0 1 5.580074368866665
a 4 30 0 1 3.5594341159880023
a 4 31 0 1 6.6058959702264515
a 4 32 0 1 3.483061714873801
a 4 33 0 1 3.98352276635488
a 4 34 0 1 5.928484183926679
a 4 35 0 1 6.205325787052639
a 4 36 0 1 3.0832835807914103
a 4 37 0 1 7.618778525618028
a 4 38 0 1 6.923476793872355
a 4 39 0 1 1.7012623969622838
a 4 40 0 1 3.71201971122203
a 4 41 0 1 6.171535918431145
a 4 42 0 1 6.655586304701245
a 4 43 0 1 2.387044363590465
a 4 44 0 1 3.263102337698944
a 4 45 0 1 2.1872679614598285
a 4 46 0 1 2.532076674004601
a 4 47 0 1 2.0798629100666126
a 4 48 0 1 5.5233672992545095
a 4 49 0 1 4.782275203873027
a 4 50 0 1 5.9617636132219545
a 4 51 0 1 1.7563747203446616
a 4 52 0 1 6.138213278729232
a 4 53 0 1 6.597540354143853
a 4 54 0 1 6.314237707257854
a 4 55 0 1 1.9166867543576747
a 4 56 0 1 3.6937213276739773
a 4 57 0 1 7.2374850543118
a 4 58 0 1 6.331055006010453
a 4 59 0 1 4.849723892544598
a 4 60 0 1 7.642437539800879
a 4 61 0 1 1.9210979000613746
a 4 62 0 1 3.983039919120729
a 4 63 0 1 2.529417576461326
a 4 64 0 1 2.1520270159882022
a 4 65 0 1 7.941890888260155
a 4 66 0 1 7.248943358345775
a 4 67 0 1 2.4440565387971374
a 4 68 0 1 7.432814500930637
a 4 69 0 1 5.137441930738261
a 4 70 0 1 3.034269012162223
a 4 71 0 1 6.7955195107640884
a 4 72 0 1 7.862440550650698
a 4 73 0 1 3.3190298081759666
a 4 74 0 1 6.849207608240026
a 4 75 0 1 2.3427516566359365
a 4 76 0 1 7.620831166889305
a 4 77 0 1 8.135214390686686
a 4 78 0 1 1.9381137490494418
a 4 79 0 1 7.006052570332942
a 4 80 0 1 6.784836804916495
a 4 81 0 1 7.520850924145582
a 5 11 0 1 11.461405544609317
a 5 12 0 1 9.82731833286475
a 5 13 0 1 14.716064696558192
a 5 14 0 1 17.778531802459593
a 5 15 0 1 5.589174605404381
a 5 16 0 1 8.480972406150975
a 5 17 0 1 12.452385041994603
a 5 18 0 1 7.136808467850615
a 5 19 0 1 9.07844677296208
a 5 20 0 1 5.239334752128375
a 5 21 0 1 13.035881729726706
a 5 22 0 1 10.99014399862129
a 5 23 0 1 15.306993090934876
a 5 24 0 1 6.6301320442570875
a 5 25 0 1 5.980345238009101
a 5 26 0 1 18.19254469626964
a 5 27 0 1 6.606648332071775
a 5 28 0 1 9.549493095170812
a 5 29 0 1 13.817677309253794
a 5 30 0 1 8.811032609451495
a 5 31 0 1 16.360726663270516
a 5 32 0 1 8.621868257320038
a 5 33 0 1 9.861533588992422
a 5 34 0 1 14.681298387531246
a 5 35 0 1 15.367592765821044
a 5 36 0 1 7.631750768224616
a 5 37 0 1 18.872571739888134
a 5 38 0 1 17.148201309937225
a 5 39 0 1 4.209980234136967
a 5 40 0 1 9.188981692810692
a 5 41 0 1 15.28382372104324
a 5 42 0 1 16.483933387597517
a 5 43 0 1 5.907718980060301
a 5 44 0 1 8.077085375385778
a 5 45 0 1 5.413106756351809
a 5 46 0 1 6.266815228777774
a 5 47 0 1 5.14720408620004
a 5 48 0 1 13.677124313838513
a 5 49 0 1 11.840517841055876
a 5 50 0 1 14.763795157464012
a 5 51 0 1 4.346403043778468
a 5 52 0 1 15.201213935624688
a 5 53 0 1 16.34000919538068
a 5 54 0 1 15.637604742992362
a 5 55 0 1 4.743247470999532
a 5 56 0 1 9.14365621368497
a 5 57 0 1 17.926901197131265
a 5 58 0 1 15.679298703634927
a 5 59 0 1 12.007652935623303
a 5 60 0 1 18.93125403719634
a 5 61 0 1 4.75416734725369
a 5 62 0 1 9.860337452209233
a 5 63 0 1 6.260231212760462
a 5 64 0 1 5.3258596830832925
a 5 65 0 1 19.67403977073507
a 5 66 0 1 17.95531788542253
a 5 67 0 1 6.048877539673716
a 5 68 0 1 18.411335009847324
a 5 69 0 1 12.720649568819224
a 5 70 0 1 7.5103672432171695
a 5 71 0 1 16.830907683758152
a 5 72 0 1 19.476958019556992
a 5 73 0 1 8.21559949215952
a 5 74 0 1 16.964035515095237
a 5 75 0 1 5.798054911511964
a 5 76 0 1 18.877662960549184
a 5 77 0 1 20.153613642889468
a 5 78 0 1 4.796290562881309
a 5 79 0 1 17.35297048487426
a 5 80 0 1 16.80441857473125
a 5 81 0 1 18.629683447822853
a 6 11 0 1 11.35320205386883
a 6 12 0 1 9.734559035394277
a 6 13 0 1 14.577083400823309
a 6 14 0 1 17.61056930230613
a 6 15 0 1 5.53644431838367
a 6 16 0 1 8.400933458152975
a 6 17 0 1 12.334812735959066
a 6 18 0 1 7.069465357714388
a 6 19 0 1 8.992763336773157
a 6 20 0 1 5.189906952785027
a 6 21 0 1 12.912791999411743
a 6 22 0 1 10.886395116875102
a 6 23 0 1 15.162421207818234
a 6 24 0 1 6.567573561868697
a 6 25 0 1 5.923921988751038
a 6 26 0 1 18.020662692816074
a 6 27 0 1 6.544311596783237
a 6 28 0 1 9.459359025512462
a 6 29 0 1 13.687193930162385
a 6 30 0 1 8.72787559612992
a 6 31 0 1 16.206183868819892
a 6 32 0 1 8.540498300657275
a 6 33 0 1 9.768450973025027
a 6 34 0 1 14.542645981424936
a 6 35 0 1 15.222447525671681
a 6 36 0 1 7.559733303666867
a 6 37 0 1 18.694251046130802
a 6 38 0 1 16.986205503730687
a 6 39 0 1 4.170268011629425
a 6 40 0 1 9.102253921563335
a 6 41 0 1 15.139471050229487
a 6 42 0 1 16.328224598013904
a 6 43 0 1 5.85198140541344
a 6 44 0 1 8.000861612402145
a 6 45 0 1 5.362038582494521
a 6 46 0 1 6.207687265696914
a 6 47 0 1 5.09864595636633
a 6 48 0 1 13.547970279022566
a 6 49 0 1 11.7287304363646
a 6 50 0 1 14.624362326847553
a 6 51 0 1 4.305403323815699
a 6 52 0 1 15.057642851141074
a 6 53 0 1 16.185662462226965
a 6 54 0 1 15.489904718460904
a 6 55 0 1 4.698502283068444
a 6 56 0 1 9.057356681214587
a 6 57 0 1 17.757534110975598
a 6 58 0 1 15.531204167471024
a 6 59 0 1 11.894285431532278
a 6 60 0 1 18.752377675877238
a 6 61 0 1 4.709319091355241
a 6 62 0 1 9.76726613922845
a 6 63 0 1 6.20116541482056
a 6 64 0 1 5.275615113052327
a 6 65 0 1 19.488129266535566
a 6 66 0 1 17.785681778237457
a 6 67 0 1 5.991807256999962
a 6 68 0 1 18.237381546167295
a 6 69 0 1 12.600540699962226
a 6 70 0 1 7.439496202775329
a 6 71 0 1 16.671915047158773
a 6 72 0 1 19.292913985602706
a 6 73 0 1 8.138067341064115
a 6 74 0 1 16.8037828561474
a 6 75 0 1 5.743352669078106
a 6 76 0 1 18.69929405789311
a 6 77 0 1 19.963160965550514
a 6 78 0 1 4.751044721844277
a 6 79 0 1 17.189036432434804
a 6 80 0 1 16.645676646503386
a 6 81 0 1 18.45366260444183
a 7 11 0 1 19.443461224008225
a 7 12 0 1 16.669162296701877
a 7 13 0 1 24.971285012208863
a 7 14 0 1 30.1753276838784
a 7 15 0 1 9.477173981902682
a 7 16 0 1 14.383928017384791
a 7 17 0 1 21.12626817432945
a 7 18 0 1 12.102890013805458
a 7 19 0 1 15.39799638287661
a 7 20 0 1 8.883725895133612
a 7 21 0 1 22.117243838092065
a 7 22 0 1 18.643294298486534
a 7 23 0 1 25.975248374193733
a 7 24 0 1 11.243190887253038
a 7 25 0 1 10.14077263520941
a 7 26 0 1 30.879055737745094
a 7 27 0 1 11.2033467828428
a 7 28 0 1 16.197552278388972
a 7 29 0 1 23.44514418201427
a 7 30 0 1 14.944113431967882
a 7 31 0 1 27.765735946002618
a 7 32 0 1 14.62305591450587
a 7 33 0 1 16.727244355972783
a 7 34 0 1 24.91222143782494
a 7 35 0 1 26.07821016091594
a 7 36 0 1 12.94274684396745
a 7 37 0 1 32.03504943286186
a 7 38 0 1 29.10399888798505
a 7 39 0 1 7.137781471321234
a 7 40 0 1 15.585613363414165
a 7 41 0 1 25.93588275642669
a 7 42 0 1 27.97510671726923
a 7 43 0 1 10.017563186621375
a 7 44 0 1 13.698482473136265
a 7 45 0 1 9.178498508503905
a 7 46 0 1 10.626779032632102
a 7 47 0 1 8.727446301063246
a 7 48 0 1 23.20639891255367
a 7 49 0 1 20.087209591324655
a 7 50 0 1 25.052373583875706
a 7 51 0 1 7.369159091583149
a 7 52 0 1 25.79552686552291
a 7 53 0 1 27.730530221716684
a 7 54 0 1 26.53698581316083
a 7 55 0 1 8.04224919666952
a 7 56 0 1 15.508679539536034
a 7 57 0 1 30.42751661903967
a 7 58 0 1 26.607829536807042
a 7 59 0 1 20.371024357578232
a 7 60 0 1 32.13481076543113
a 7 61 0 1 8.06077106658584
a 7 62 0 1 16.725213850296957
a 7 63 0 1 10.615608767579905
a 7 64 0 1 9.030498683663124
a 7 65 0 1 33.39764615347238
a 7 66 0 1 30.475818200653464
a 7 67 0 1 10.257038059231704
a 7 68 0 1 31.250968627524227
a 7 69 0 1 21.58186095744121
a 7 70 0 1 12.736767605722173
a 7 71 0 1 28.564758189196315
a 7 72 0 1 33.06256599994311
a 7 73 0 1 13.933552814043809
a 7 74 0 1 28.791005658931837
a 7 75 0 1 9.831522320668967
a 7 76 0 1 32.04370459442107
a 7 77 0 1 34.21306641616169
a 7 78 0 1 8.132219132394079
a 7 79 0 1 29.45201884992482
a 7 80 0 1 28.519741179611117
a 7 81 0 1 31.62214346458086
a 8 11 0 1 18.062610136372477
a 8 12 0 1 15.485689985744626
a 8 13 0 1 23.19680503320269
a 8 14 0 1 28.029849349657418
a 8 15 0 1 8.804833969908596
a 8 16 0 1 13.362951807029917
a 8 17 0 1 19.625635933834154
a 8 18 0 1 11.244032331449924
a 8 19 0 1 14.304922639238377
a 8 20 0 1 8.253526940577421
a 8 21 0 1 20.54605439540255
a 8 22 0 1 17.319383474407964
a 8 23 0 1 24.12922757028728
a 8 24 0 1 10.445413444939609
a 8 25 0 1 9.421303801715192
a 8 26 0 1 28.683376642285406
a 8 27 0 1 10.408399927719119
a 8 28 0 1 15.047621234492494
a 8 29 0 1 21.77938514333512
a 8 30 0 1 13.883311478588645
a 8 31 0 1 25.792089730298052
a 8 32 0 1 13.585079762802915
a 8 33 0 1 15.539640970308582
a 8 34 0 1 23.141949756378075
a 8 35 0 1 24.224851596196764
a 8 36 0 1 12.024207837798922
a 8 37 0 1 29.756890602445527
a 8 38 0 1 27.03492977881124
a 8 39 0 1 6.631531922183504
a 8 40 0 1 14.479198842766689
a 8 41 0 1 24.092667372867567
a 8 42 0 1 25.98653342499091
a 8 43 0 1 9.306845202290466
a 8 44 0 1 12.726230740643539
a 8 45 0 1 8.527368265950932
a 8 46 0 1 9.872789747616645
a 8 47 0 1 8.10834395196097
a 8 48 0 1 21.557644668978053
a 8 49 0 1 18.660541986216977
a 8 50 0 1 23.272115933000407
a 8 51 0 1 6.846486068432408
a 8 52 0 1 23.96231385784515
a 8 53 0 1 25.759393930375648
a 8 54 0 1 24.650929795210132
a 8 55 0 1 7.471794770570437
a 8 56 0 1 14.40773557456406
a 8 57 0 1 28.264049140766357
a 8 58 0 1 24.71672412160204
a 8 59 0 1 18.924155234755585
a 8 60 0 1 29.84953304407822
a 8 61 0 1 7.489001710449708
a 8 62 0 1 15.537754884802956
a 8 63 0 1 9.862412933386867
a 8 64 0 1 8.389877814934227
a 8 65 0 1 31.02224035399744
a 8 66 0 1 28.30890516270423
a 8 67 0 1 9.529311358673226
a 8 68 0 1 29.02875590542234
a 8 69 0 1 20.048792489712692
a 8 70 0 1 11.832866745677133
a 8 71 0 1 26.53414213893662
a 8 72 0 1 30.71107711482616
a 8 73 0 1 12.94459205477401
a 8 74 0 1 26.744256523465562
a 8 75 0 1 9.134017297915923
a 8 76 0 1 29.764928144437278
a 8 77 0 1 31.779451452810175
a 8 78 0 1 7.555377388192691
a 8 79 0 1 27.35813020893375
a 8 80 0 1 26.492335075470514
a 8 81 0 1 29.373447667293117
a 9 11 0 1 9.059346628395419
a 9 12 0 1 7.768034535877206
a 9 13 0 1 11.63098687065679
a 9 14 0 1 14.05039885967317
a 9 15 0 1 4.418432291535874
a 9 16 0 1 6.704028962193411
a 9 17 0 1 9.842403167508042
a 9 18 0 1 5.641678797049637
a 9 19 0 1 7.17621633826261
a 9 20 0 1 4.1419069568330125
a 9 21 0 1 10.303455610670726
a 9 22 0 1 8.68694995396689
a 9 23 0 1 12.097860346170725
a 9 24 0 1 5.241212891967273
a 9 25 0 1 4.7276213537716245
a 9 26 0 1 14.37745006828378
a 9 27 0 1 5.222651644704489
a 9 28 0 1 7.548477311132485
a 9 29 0 1 10.92117440795452
a 9 30 0 1 6.964879094271435
a 9 31 0 1 12.930348178998589
a 9 32 0 1 6.8153809787551225
a 9 33 0 1 7.795073656371016
a 9 34 0 1 11.603518715226425
a 9 35 0 1 12.145737441891757
a 9 36 0 1 6.032860852668927
a 9 37 0 1 14.914626048947712
a 9 38 0 1 13.55245408895048
a 9 39 0 1 3.328243015390169
a 9 40 0 1 7.263571218280915
a 9 41 0 1 12.079555225092912
a 9 42 0 1 13.027683201302121
a 9 43 0 1 4.670216553607369
a 9 44 0 1 6.384827038020691
a 9 45 0 1 4.279262850700698
a 9 46 0 1 4.954049240115893
a 9 47 0 1 4.069082964201814
a 9 48 0 1 10.810121232006498
a 9 49 0 1 9.358919678391553
a 9 50 0 1 11.66869766428564
a 9 51 0 1 3.4360821613205172
a 9 52 0 1 12.014288625366106
a 9 53 0 1 12.913981034863667
a 9 54 0 1 12.359060137024569
a 9 55 0 1 3.7497746713835514
a 9 56 0 1 7.227750904098108
a 9 57 0 1 14.167604633428214
a 9 58 0 1 12.392000161148093
a 9 59 0 1 9.490987432111197
a 9 60 0 1 14.960980319295325
a 9 61 0 1 3.7584063906697525
a 9 62 0 1 7.794128392050219
a 9 63 0 1 4.948845222905955
a 9 64 0 1 4.210299643580102
a 9 65 0 1 15.547709619606914
a 9 66 0 1 14.190052562850992
a 9 67 0 1 4.781790049682709
a 9 68 0 1 14.550281742227583
a 9 69 0 1 10.054375163339246
a 9 70 0 1 5.936925167483355
a 9 71 0 1 13.301794595318531
a 9 72 0 1 15.392036043201836
a 9 73 0 1 6.494298876597073
a 9 74 0 1 13.406965013586825
a 9 75 0 1 4.583536173700307
a 9 76 0 1 14.91864770685221
a 9 77 0 1 15.926515660109903
a 9 78 0 1 3.7917030415662047
a 9 79 0 1 13.71421810051195
a 9 80 0 1 13.280868231544456
a 9 81 0 1 14.722762536583222
a 10 11 0 1 7.565229473878951
a 10 12 0 1 6.487046736268396
a 10 13 0 1 9.71226625379258
a 10 14 0 1 11.732017505621327
a 10 15 0 1 3.690045332270455
a 10 16 0 1 5.598614119807528
a 10 17 0 1 8.219017792423736
a 10 18 0 1 4.711527920650526
a 10 19 0 1 5.992889669593363
a 10 20 0 1 3.459123880511894
a 10 21 0 1 8.603949861594037
a 10 22 0 1 7.254301807919614
a 10 23 0 1 10.102031744481794
a 10 24 0 1 4.377120623371669
a 10 25 0 1 3.9482408179258264
a 10 26 0 1 12.00502912391589
a 10 27 0 1 4.3616210119291585
a 10 28 0 1 6.303721878640624
a 10 29 0 1 9.119671884928962
a 10 30 0 1 5.816424352242595
a 10 31 0 1 10.797010209753802
a 10 32 0 1 5.691593476551018
a 10 33 0 1 6.509623627994789
a 10 34 0 1 9.689334474040503
a 10 35 0 1 10.142001153828218
a 10 36 0 1 5.038177869002396
a 10 37 0 1 12.453438635284568
a 10 38 0 1 11.31634302547264
a 10 39 0 1 2.779633345424251
a 10 40 0 1 6.065830050869627
a 10 41 0 1 10.08674999467397
a 10 42 0 1 10.878266109938085
a 10 43 0 1 3.900303839529286
a 10 44 0 1 5.3320771209167965
a 10 45 0 1 3.5738276788679695
a 10 46 0 1 4.137322744260466
a 10 47 0 1 3.3983094395378663
a 10 48 0 1 9.026956530932562
a 10 49 0 1 7.8153508260049795
a 10 50 0 1 9.743749057371188
a 10 51 0 1 2.8696909934491313
a 10 52 0 1 10.03226308751341
a 10 53 0 1 10.783346783428316
a 10 54 0 1 10.320089228027191
a 10 55 0 1 3.131656936768144
a 10 56 0 1 6.035920504712564
a 10 57 0 1 11.829857430558922
a 10 58 0 1 10.34758840238851
a 10 59 0 1 7.925616733271506
a 10 60 0 1 12.492132593518216
a 10 61 0 1 3.1388652779812545
a 10 62 0 1 6.508834359732688
a 10 63 0 1 4.132977071644542
a 10 64 0 1 3.5162376380711304
a 10 65 0 1 12.98189557346303
a 10 66 0 1 11.84859625053962
a 10 67 0 1 3.9934753296183687
a 10 68 0 1 12.14930196268645
a 10 69 0 1 8.395993766596442
a 10 70 0 1 4.958068849592855
a 10 71 0 1 11.107094441156402
a 10 72 0 1 12.851950589784357
a 10 73 0 1 5.423487633664285
a 10 74 0 1 11.194890126504552
a 10 75 0 1 3.827919529238748
a 10 76 0 1 12.456795693590326
a 10 77 0 1 13.298092100013625
a 10 78 0 1 3.166671259837729
a 10 79 0 1 11.45138129748826
a 10 80 0 1 11.089625186151135
a 10 81 0 1 12.29328095562409
a 11 1 0 1 0
a 12 1 0 1 0
a 13 1 0 1 0
a 14 1 0 1 0
a 15 1 0 1 0
a 16 1 0 1 0
a 17 1 0 1 0
a 18 1 0 1 0
a 19 1 0 1 0
a 20 1 0 1 0
a 21 1 0 1 0
a 22 1 0 1 0
a 23 1 0 1 0
a 24 1 0 1 0
a 25 1 0 1 0
a 26 1 0 1 0
a 27 1 0 1 0
a 28 1 0 1 0
a 29 1 0 1 0
a 30 1 0 1 0
a 31 1 0 1 0
a 32 1 0 1 0
a 33 1 0 1 0
a 34 1 0 1 0
a 35 1 0 1 0
a 36 1 0 1 0
a 37 1 0 1 0
a 38 1 0 1 0
a 39 1 0 1 0
a 40 1 0 1 0
a 41 1 0 1 0
a 42 1 0 1 0
a 43 1 0 1 0
a 44 1 0 1 0
a 45 1 0 1 0
a 46 1 0 1 0
a 47 1 0 1 0
a 48 1 0 1 0
a 49 1 0 1 0
a 50 1 0 1 0
a 51 1 0 1 0
a 52 1 0 1 0
a 53 1 0 1 0
a 54 1 0 1 0
a 55 1 0 1 0
a 56 1 0 1 0
a 57 1 0 1 0
a 58 1 0 1 0
a 59 1 0 1 0
a 60 1 0 1 0
a 61 1 0 1 0
a 62 1 0 1 0
a 63 1 0 1 0
a 64 1 0 1 0
a 65 1 0 1 0
a 66 1 0 1 0
a 67 1 0 1 0
a 68 1 0 1 0
a 69 1 0 1 0
a 70 1 0 1 0
a 71 1 0 1 0
a 72 1 0 1 0
a 73 1 0 1 0
a 74 1 0 1 0
a 75 1 0 1 0
a 76 1 0 1 0
a 77 1 0 1 0
a 78 1 0 1 0
a 79 1 0 1 0
a 80 1 0 1 0
a 81 1 0 1 0
