p min 80 699
n 0 9
n 1 -9
a 0 2 0 1 0
a 0 3 0 1 0
a 0 4 0 1 0
a 0 5 0 1 0
a 0 6 0 1 0
a 0 7 0 1 0
a 0 8 0 1 0
a 0 9 0 1 0
a 0 10 0 1 0
a 2 11 0 1 19.9855296339999
a 2 12 0 1 25.556740062486192
a 2 13 0 1 24.083550738434067
a 2 14 0 1 9.68471500194293
a 2 15 0 1 6.148038836235044
a 2 16 0 1 26.35716406563368
a 2 17 0 1 15.153670378845753
a 2 18 0 1 18.80089880268977
a 2 19 0 1 9.86246142321817
a 2 20 0 1 11.067109532035433
a 2 21 0 1 18.87987768447679
a 2 22 0 1 29.559667232622395
a 2 23 0 1 14.658861355186673
a 2 24 0 1 9.256941108710382
a 2 25 0 1 11.067628819545671
a 2 26 0 1 16.240513004513897
a 2 27 0 1 20.26267033241229
a 2 28 0 1 19.244312221494216
a 2 29 0 1 19.652721950387583
a 2 30 0 1 11.925363441249942
a 2 31 0 1 18.102083325942242
a 2 32 0 1 20.3342664301345
a 2 33 0 1 23.836707165785096
a 2 34 0 1 18.055019840999442
a 2 35 0 1 14.894797947170243
a 2 36 0 1 26.86916661394634
a 2 37 0 1 17.482834853903153
a 2 38 0 1 27.258521984177904
a 2 39 0 1 26.251506563174622
a 2 40 0 1 19.42106869061028
a 2 41 0 1 6.480935680113158
a 2 42 0 1 24.26071700093087
a 2 43 0 1 12.911302712334043
a 2 44 0 1 19.987582596771272
a 2 45 0 1 18.206317912978335
a 2 46 0 1 13.14254852541489
a 2 47 0 1 13.343975710945385
a 2 48 0 1 17.91923323665863
a 2 49 0 1 14.270433949665144
a 2 50 0 1 22.918842267526067
a 2 51 0 1 22.98940957871191
a 2 52 0 1 7.41895504621535
a 2 53 0 1 15.947034662854515
a 2 54 0 1 29.547115441711863
a 2 55 0 1 28.781194345183458
a 2 56 0 1 6.764974300965744
a 2 57 0 1 18.91044950807122
a 2 58 0 1 19.370300903470607
a 2 59 0 1 10.975198555701553
a 2 60 0 1 10.347964338247767
a 2 61 0 1 15.167820009123403
a 2 62 0 1 27.44658279672679
a 2 63 0 1 15.86934573783344
a 2 64 0 1 11.470084925963295
a 2 65 0 1 14.954814835283196
a 2 66 0 1 28.24065582640043
a 2 67 0 1 10.51484394406672
a 2 68 0 1 20.827568547129488
a 2 69 0 1 6.131473913791784
a 2 70 0 1 13.621492592623147
a 2 71 0 1 13.210770551574447
a 2 72 0 1 25.262328592149903
a 2 73 0 1 6.764856595157583
a 2 74 0 1 11.143175382136434
a 2 75 0 1 16.169667615726357
a 2 76 0 1 18.60426383069053
a 2 77 0 1 27.29241718630725
a 2 78 0 1 23.608983746163407
a 2 79 0 1 14.514272105892275
a 3 11 0 1 9.050692219859389
a 3 12 0 1 11.569621994942585
a 3 13 0 1 10.903716208568833
a 3 14 0 1 4.388687795247417
a 3 15 0 1 2.7866417076325596
a 3 16 0 1 11.931374902713502
a 3 17 0 1 6.864614136037274
a 3 18 0 1 8.514852923273015
a 3 19 0 1 4.469184661208432
a 3 20 0 1 5.014691866470155
a 3 21 0 1 8.550579613557714
a 3 22 0 1 13.378385773928091
a 3 23 0 1 6.640672513359018
a 3 24 0 1 4.194952411459492
a 3 25 0 1 5.014927000340853
a 3 26 0 1 7.356450437145382
a 3 27 0 1 9.176038602559293
a 3 28 0 1 8.715429704330282
a 3 29 0 1 8.900162745053853
a 3 30 0 1 5.403289040463438
a 3 31 0 1 8.198722992237636
a 3 32 0 1 9.208419680349294
a 3 33 0 1 10.792126748941847
a 3 34 0 1 8.177431426151227
a 3 35 0 1 6.747454893546635
a 3 36 0 1 12.16275611090812
a 3 37 0 1 7.918564278931358
a 3 38 0 1 12.338701313410908
a 3 39 0 1 11.883624918890328
a 3 40 0 1 8.795381856893806
a 3 41 0 1 2.9374679829878616
a 3 42 0 1 10.983804818863321
a 3 43 0 1 5.84964727522966
a 3 44 0 1 9.051620758765155
a 3 45 0 1 8.245878370383616
a 3 46 0 1 5.954329744002494
a 3 47 0 1 6.045511157871949
a 3 48 0 1 8.116000726928984
a 3 49 0 1 6.464867503008206
a 3 50 0 1 10.377161220636586
a 3 51 0 1 10.409066315512955
a 3 52 0 1 3.3624243859538328
a 3 53 0 1 7.223647324037689
a 3 54 0 1 13.372715546429804
a 3 55 0 1 13.02669637711691
a 3 56 0 1 3.0661529609816345
a 3 57 0 1 8.564408912024188
a 3 58 0 1 8.772418275201273
a 3 59 0 1 4.97307424803582
a 3 60 0 1 4.689047486294556
a 3 61 0 1 6.8710177975964335
a 3 62 0 1 12.423680729737217
a 3 63 0 1 7.188491160841272
a 3 64 0 1 5.197154875652801
a 3 65 0 1 6.774617389094779
a 3 66 0 1 12.78247786253655
a 3 67 0 1 4.764616782893403
a 3 68 0 1 9.431519621831608
a 3 69 0 1 2.779136438127528
a 3 70 0 1 6.171132820615959
a 3 71 0 1 5.98521253174162
a 3 72 0 1 11.436553068444242
a 3 73 0 1 3.0660996347883263
a 3 74 0 1 5.049134390656096
a 3 75 0 1 7.324392343526387
a 3 76 0 1 8.425902071312636
a 3 77 0 1 12.354017755347211
a 3 78 0 1 10.68917776866007
a 3 79 0 1 6.57523139492044
a 4 11 0 1 9.360312749589196
a 4 12 0 1 11.965532872021665
a 4 13 0 1 11.276810284101082
a 4 14 0 1 4.538739695989928
a 4 15 0 1 2.881900504971843
a 4 16 0 1 12.339682510018578
a 4 17 0 1 7.099388678954163
a 4 18 0 1 8.806124016119318
a 4 19 0 1 4.621990263491039
a 4 20 0 1 5.1861600090225295
a 4 21 0 1 8.843074068733273
a 4 22 0 1 13.836290957441438
a 4 23 0 1 6.8677820407631796
a 4 24 0 1 4.338377072758858
a 4 25 0 1 5.186403187664167
a 4 26 0 1 7.608060859658868
a 4 27 0 1 9.48995186825975
a 4 28 0 1 9.013569132671137
a 4 29 0 1 9.204628263120334
a 4 30 0 1 5.58805309732695
a 4 31 0 1 8.479169537842452
a 4 32 0 1 9.523441921235458
a 4 33 0 1 11.161397642729394
a 4 34 0 1 8.457148960419673
a 4 35 0 1 6.978219289451045
a 4 36 0 1 12.578993365627344
a 4 37 0 1 8.18941864226916
a 4 38 0 1 12.760968664964667
a 4 39 0 1 12.290296144599944
a 4 40 0 1 9.096259172178959
a 4 41 0 1 3.0378844420476
a 4 42 0 1 11.359642883857797
a 4 43 0 1 6.049685068710529
a 4 44 0 1 9.361273087684737
a 4 45 0 1 8.527939502967838
a 4 46 0 1 6.157949855990562
a 4 47 0 1 6.252251644150452
a 4 48 0 1 8.39361492907014
a 4 49 0 1 6.685959908732517
a 4 50 0 1 10.732215815050184
a 4 51 0 1 10.765213896358812
a 4 52 0 1 3.47737366851537
a 4 53 0 1 7.470711614431396
a 4 54 0 1 13.830426344526972
a 4 55 0 1 13.47254552353618
a 4 56 0 1 3.1709700834701193
a 4 57 0 1 8.857376916317074
a 4 58 0 1 9.07250921869807
a 4 59 0 1 5.143118510073395
a 4 60 0 1 4.849374601935067
a 4 61 0 1 7.106011529384838
a 4 62 0 1 12.848860636014447
a 4 63 0 1 7.434352005301199
a 4 64 0 1 5.3748658659495465
a 4 65 0 1 7.006311497677504
a 4 66 0 1 13.219955705806418
a 4 67 0 1 4.927529217211039
a 4 68 0 1 9.75418273950277
a 4 69 0 1 2.8741385897894407
a 4 70 0 1 6.3821723927420795
a 4 71 0 1 6.1898894946920135
a 4 72 0 1 11.82790414143057
a 4 73 0 1 3.1709149336427784
a 4 74 0 1 5.221780939976503
a 4 75 0 1 7.574905336365108
a 4 76 0 1 8.714127331889244
a 4 77 0 1 12.77681005290757
a 4 78 0 1 11.054921603452323
a 4 79 0 1 6.800101097951918
a 5 11 0 1 5.0246867843226966
a 5 12 0 1 6.422296278461169
a 5 13 0 1 6.052858482728381
a 5 14 0 1 2.4370563021682337
a 5 15 0 1 1.5475604724678265
a 5 16 0 1 6.622982561504403
a 5 17 0 1 3.811465110380004
a 5 18 0 1 4.727333781514869
a 5 19 0 1 2.481746313322265
a 5 20 0 1 2.7845896754179953
a 5 21 0 1 4.747160081938507
a 5 22 0 1 7.425652842742644
a 5 23 0 1 3.6871674561510632
a 5 24 0 1 2.329497356211344
a 5 25 0 1 2.784720208508545
a 5 26 0 1 4.084446328079452
a 5 27 0 1 5.094242826137709
a 5 28 0 1 4.8386416551925535
a 5 29 0 1 4.941155195838878
a 5 30 0 1 3.0003126641728346
a 5 31 0 1 4.55189631629467
a 5 32 0 1 5.112211285603412
a 5 33 0 1 5.990947311905729
a 5 34 0 1 4.54008027928794
a 5 35 0 1 3.74643682676533
a 5 36 0 1 6.751339851304678
a 5 37 0 1 4.396416460200208
a 5 38 0 1 6.848942322837022
a 5 39 0 1 6.5964931751843485
a 5 40 0 1 4.883009583178389
a 5 41 0 1 1.6313091945425449
a 5 42 0 1 6.097292167924946
a 5 43 0 1 3.2480901086218847
a 5 44 0 1 5.025202043728987
a 5 45 0 1 4.57806572707899
a 5 46 0 1 3.3061986422802727
a 5 47 0 1 3.3568123234675045
a 5 48 0 1 4.505988353454924
a 5 49 0 1 3.5895857845823773
a 5 50 0 1 5.760713245498063
a 5 51 0 1 5.778415400126319
a 5 52 0 1 1.8672661349110493
a 5 53 0 1 4.010738696810598
a 5 54 0 1 7.4225077476480195
a 5 55 0 1 7.230578444050875
a 5 56 0 1 1.7027625815174159
a 5 57 0 1 4.754834544018882
a 5 58 0 1 4.870266417034539
a 5 59 0 1 2.761485866496785
a 5 60 0 1 2.603807226483901
a 5 61 0 1 3.815019388091373
a 5 62 0 1 6.896082511956104
a 5 63 0 1 3.9912263544392483
a 5 64 0 1 2.885881923215915
a 5 65 0 1 3.7615132182648248
a 5 66 0 1 7.095111649126243
a 5 67 0 1 2.6457602841955175
a 5 68 0 1 5.236009196215964
a 5 69 0 1 1.5433930167371823
a 5 70 0 1 3.426542588769568
a 5 71 0 1 3.3233413508023797
a 5 72 0 1 6.348473000094129
a 5 73 0 1 1.7027329719070787
a 5 74 0 1 2.8037101928257195
a 5 75 0 1 4.066653718459403
a 5 76 0 1 4.677970754428387
a 5 77 0 1 6.85743876326035
a 5 78 0 1 5.933829354612897
a 5 79 0 1 3.6508441590433667
a 6 11 0 1 24.333923331921543
a 6 12 0 1 31.12165166149881
a 6 13 0 1 29.326594848601882
a 6 14 0 1 11.788844706480699
a 6 15 0 1 7.483117720561717
a 6 16 0 1 32.097010851005464
a 6 17 0 1 18.448527655882394
a 6 18 0 1 22.890864000749584
a 6 19 0 1 12.005262243744648
a 6 20 0 1 13.472048487093746
a 6 21 0 1 22.987069539740574
a 6 22 0 1 35.999824381876884
a 6 23 0 1 17.845911258160797
a 6 24 0 1 11.268010769201231
a 6 25 0 1 13.47268079354916
a 6 26 0 1 19.772220525274875
a 6 27 0 1 24.67153496962769
a 6 28 0 1 23.430998482258904
a 6 29 0 1 23.928504617800908
a 6 30 0 1 14.517117241213764
a 6 31 0 1 22.039641432571976
a 6 32 0 1 24.758753800010798
a 6 33 0 1 29.025833051856896
a 6 34 0 1 21.98231478253921
a 6 35 0 1 18.133251078387016
a 6 36 0 1 32.72093377376556
a 6 37 0 1 21.28536387428348
a 6 38 0 1 33.19541041915987
a 6 39 0 1 31.968259317858916
a 6 40 0 1 23.646313911899863
a 6 41 0 1 7.888370537223841
a 6 42 0 1 29.542461970640336
a 6 43 0 1 15.717719931512454
a 6 44 0 1 24.3364242252858
a 6 45 0 1 22.166607006787526
a 6 46 0 1 15.999322282594344
a 6 47 0 1 16.24461530466337
a 6 48 0 1 21.81691786343602
a 6 49 0 1 17.372865037980716
a 6 50 0 1 27.90751099782568
a 6 51 0 1 27.993488029254223
a 6 52 0 1 9.030307110274201
a 6 53 0 1 19.41477878359917
a 6 54 0 1 35.98452658770742
a 6 55 0 1 35.05106030815103
a 6 56 0 1 8.234151010576722
a 6 57 0 1 23.024309708144326
a 6 58 0 1 23.58447106935428
a 6 59 0 1 13.360134050715047
a 6 60 0 1 12.596402645407723
a 6 61 0 1 18.465760381401818
a 6 62 0 1 33.42458861256707
a 6 63 0 1 19.320158492745538
a 6 64 0 1 13.962733333959397
a 6 65 0 1 18.20634431804538
a 6 66 0 1 34.392300701872415
a 6 67 0 1 12.799595842384187
a 6 68 0 1 25.35970616556755
a 6 69 0 1 7.462952546579463
a 6 70 0 1 16.58257252663422
a 6 71 0 1 16.082401093607928
a 6 72 0 1 30.762905519531948
a 6 73 0 1 8.234007717883028
a 6 74 0 1 13.564669661538176
a 6 75 0 1 19.685933951348108
a 6 76 0 1 22.651341205395006
a 6 77 0 1 33.23671626560106
a 6 78 0 1 28.748371148528268
a 6 79 0 1 17.66982219960375
a 7 11 0 1 21.62218762693816
a 7 12 0 1 27.65109081238017
a 7 13 0 1 26.056812474001656
a 7 14 0 1 10.47679958104556
a 7 15 0 1 6.65064748140852
a 7 16 0 1 28.517324424301883
a 7 17 0 1 16.393889815936756
a 7 18 0 1 20.34031746919299
a 7 19 0 1 10.669101228026957
a 7 20 0 1 11.972412052263774
a 7 21 0 1 20.425778366539095
a 7 22 0 1 31.98326375353822
a 7 23 0 1 15.858510231079853
a 7 24 0 1 10.013998957359982
a 7 25 0 1 11.972973876683325
a 7 26 0 1 17.569862796460953
a 7 27 0 1 21.92208130636536
a 7 28 0 1 20.82012470759402
a 7 29 0 1 21.26205883327416
a 7 30 0 1 12.900976470847787
a 7 31 0 1 19.58415382790001
a 7 32 0 1 21.999555629255287
a 7 33 0 1 25.7896839050824
a 7 34 0 1 19.533228445522163
a 7 35 0 1 16.11379119798684
a 7 36 0 1 29.071429904972632
a 7 37 0 1 18.91409518675473
a 7 38 0 1 29.492806295429954
a 7 39 0 1 28.40297917535458
a 7 40 0 1 21.011389849193545
a 7 41 0 1 7.0107809654452895
a 7 42 0 1 26.24853859233461
a 7 43 0 1 13.967705142209782
a 7 44 0 1 21.624409130174435
a 7 45 0 1 19.696941773703887
a 7 46 0 1 14.217902470678432
a 7 47 0 1 14.435838306030643
a 7 48 0 1 19.386299827480425
a 7 49 0 1 15.438238248484977
a 7 50 0 1 24.79640207666944
a 7 51 0 1 24.87276698203298
a 7 52 0 1 8.025558465197879
a 7 53 0 1 17.252314351777038
a 7 54 0 1 31.969679048713694
a 7 55 0 1 31.140734768684517
a 7 56 0 1 7.3180605761609465
a 7 57 0 1 20.458859338607922
a 7 58 0 1 20.956454832639373
a 7 59 0 1 11.872972368292755
a 7 60 0 1 11.194364090270367
a 7 61 0 1 16.409199681396334
a 7 62 0 1 29.696334551865537
a 7 63 0 1 17.16825393795016
a 7 64 0 1 12.408398421293816
a 7 65 0 1 16.17872903531662
a 7 66 0 1 30.555725725126813
a 7 67 0 1 11.374911304044494
a 7 68 0 1 22.533361978926727
a 7 69 0 1 6.632727324744732
a 7 70 0 1 14.73610138427056
a 7 71 0 1 14.291715772163997
a 7 72 0 1 27.332476593509643
a 7 73 0 1 7.317933238929283
a 7 74 0 1 12.054708817886162
a 7 75 0 1 17.4932067468572
a 7 76 0 1 20.12754467457045
a 7 77 0 1 29.529489223824143
a 7 78 0 1 25.54324784267278
a 7 79 0 1 15.702066711763125
a 8 11 0 1 7.214611107640388
a 8 12 0 1 9.221991980839428
a 8 13 0 1 8.69134256099655
a 8 14 0 1 3.4987515339308812
a 8 15 0 1 2.221650768132496
a 8 16 0 1 9.51026002302944
a 8 17 0 1 5.472294176215479
a 8 18 0 1 6.787560546769138
a 8 19 0 1 3.562918582952458
a 8 20 0 1 3.9977563294480576
a 8 21 0 1 6.816034161097079
a 8 22 0 1 10.66328280626722
a 8 23 0 1 5.293801349919006
a 8 24 0 1 3.344316856997474
a 8 25 0 1 3.997943758281644
a 8 26 0 1 5.8643060860323875
a 8 27 0 1 7.314507505846725
a 8 28 0 1 6.94741649357162
a 8 29 0 1 7.094643949402573
a 8 30 0 1 4.307510318056863
a 8 31 0 1 6.535607855713546
a 8 32 0 1 7.340313923592495
a 8 33 0 1 8.602417130682126
a 8 34 0 1 6.5186385366117205
a 8 35 0 1 5.378912553394167
a 8 36 0 1 9.694636931154806
a 8 37 0 1 6.312320787545374
a 8 38 0 1 9.834838132629933
a 8 39 0 1 9.47221003649776
a 8 40 0 1 7.0111364474769085
a 8 41 0 1 2.341888806661073
a 8 42 0 1 8.75516473772221
a 8 43 0 1 4.663299181582459
a 8 44 0 1 7.215351120716432
a 8 45 0 1 6.57319050115337
a 8 46 0 1 4.746739732799297
a 8 47 0 1 4.8194184984981
a 8 48 0 1 6.469678345098096
a 8 49 0 1 5.153674535208263
a 8 50 0 1 8.271727810883512
a 8 51 0 1 8.297153461693208
a 8 52 0 1 2.6806576139789478
a 8 53 0 1 5.758457930623764
a 8 54 0 1 10.658764746869428
a 8 55 0 1 10.383053054142868
a 8 56 0 1 2.4444752315095664
a 8 57 0 1 6.827055883281153
a 8 58 0 1 6.992835046314594
a 8 59 0 1 3.9645822517259917
a 8 60 0 1 3.7381781975726764
a 8 61 0 1 5.477398191649382
a 8 62 0 1 9.902553213177779
a 8 63 0 1 5.730437280026114
a 8 64 0 1 4.143199788099476
a 8 65 0 1 5.400562430893312
a 8 66 0 1 10.18845450089794
a 8 67 0 1 3.798416459342405
a 8 68 0 1 7.518114549685567
a 8 69 0 1 2.2156675784135533
a 8 70 0 1 4.919548346916428
a 8 71 0 1 4.7713557807500955
a 8 72 0 1 9.115952853035612
a 8 73 0 1 2.444432720509012
a 8 74 0 1 4.025210974556205
a 8 75 0 1 5.838754862062664
a 8 76 0 1 6.716667900028144
a 8 77 0 1 9.84704292096749
a 8 78 0 1 8.520376870539078
a 8 79 0 1 5.241641108217893
a 9 11 0 1 6.278562133106111
a 9 12 0 1 8.025257644461469
a 9 13 0 1 7.56353037228817
a 9 14 0 1 3.0449802269430477
a 9 15 0 1 1.9335501819947751
a 9 16 0 1 8.276081600644455
a 9 17 0 1 4.762423471570659
a 9 18 0 1 5.906956298184668
a 9 19 0 1 3.100822145932331
a 9 20 0 1 3.47924056453405
a 9 21 0 1 5.931733280660874
a 9 22 0 1 9.279312829189832
a 9 23 0 1 4.607097171170942
a 9 24 0 1 2.910581699834744
a 9 25 0 1 3.4794036737909955
a 9 26 0 1 5.1035533748836555
a 9 27 0 1 6.365488121419238
a 9 28 0 1 6.046058421610381
a 9 29 0 1 6.174171001342323
a 9 30 0 1 3.7488015943247386
a 9 31 0 1 5.6877128433624895
a 9 32 0 1 6.387943827454681
a 9 33 0 1 7.4861540947977625
a 9 34 0 1 5.672946471611909
a 9 35 0 1 4.681161922564284
a 9 36 0 1 8.436508050595641
a 9 37 0 1 5.493412176205421
a 9 38 0 1 8.558496601545546
a 9 39 0 1 8.242974176146017
a 9 40 0 1 6.101505537902852
a 9 41 0 1 2.038192259593642
a 9 42 0 1 7.619063543845569
a 9 43 0 1 4.058421041976342
a 9 44 0 1 6.279206064862634
a 9 45 0 1 5.7204165044890765
a 9 46 0 1 4.13103334240618
a 9 47 0 1 4.194280288682569
a 9 48 0 1 5.630342222323688
a 9 49 0 1 4.485156789637512
a 9 50 0 1 7.1984111058715765
a 9 51 0 1 7.220534850768432
a 9 52 0 1 2.333017668121032
a 9 53 0 1 5.011444396282829
a 9 54 0 1 9.275381787684891
a 9 55 0 1 9.035491481890942
a 9 56 0 1 2.127472000349795
a 9 57 0 1 5.941324084731577
a 9 58 0 1 6.085580240292922
a 9 59 0 1 3.450370930264298
a 9 60 0 1 3.2533427674880353
a 9 61 0 1 4.766865026316977
a 9 62 0 1 8.617415061445595
a 9 63 0 1 4.987060800182961
a 9 64 0 1 3.6058119281563927
a 9 65 0 1 4.700001865735298
a 9 66 0 1 8.866174633621494
a 9 67 0 1 3.3057652541343256
a 9 68 0 1 6.542658305063242
a 9 69 0 1 1.92834305627429
a 9 70 0 1 4.281415653899564
a 9 71 0 1 4.152454880944296
a 9 72 0 1 7.932991744376763
a 9 73 0 1 2.127435003590393
a 9 74 0 1 3.503132859356781
a 9 75 0 1 5.081318747281132
a 9 76 0 1 5.8452673094070935
a 9 77 0 1 8.569115918888775
a 9 78 0 1 7.414768596418232
a 9 79 0 1 4.561706633844953
a 10 11 0 1 20.365083938645
a 10 12 0 1 26.042417384401148
a 10 13 0 1 24.541152569000978
a 10 14 0 1 9.868419579407297
a 10 15 0 1 6.264609559481752
a 10 16 0 1 26.85809963846123
a 10 17 0 1 15.441297439722481
a 10 18 0 1 19.157905586115227
a 10 19 0 1 10.049541487261736
a 10 20 0 1 11.277070130138277
a 10 21 0 1 19.238387507482113
a 10 22 0 1 30.121679874597195
a 10 23 0 1 14.937080441115379
a 10 24 0 1 9.432522639556948
a 10 25 0 1 11.27759928215178
a 10 26 0 1 16.548808414635882
a 10 27 0 1 20.647500464206246
a 10 28 0 1 19.60975792428556
a 10 29 0 1 20.02594116898989
a 10 30 0 1 12.151629266300157
a 10 31 0 1 18.445792232042205
a 10 32 0 1 20.720459566688444
a 10 33 0 1 24.289605693077394
a 10 34 0 1 18.39783324648991
a 10 35 0 1 15.177502840810016
a 10 36 0 1 27.37986384600973
a 10 37 0 1 17.81476179865029
a 10 38 0 1 27.776643312884016
a 10 39 0 1 26.75042785345894
a 10 40 0 1 19.78987861753181
a 10 41 0 1 6.603823139287776
a 10 42 0 1 24.721694686523293
a 10 43 0 1 13.15630360155809
a 10 44 0 1 20.367175981663912
a 10 45 0 1 18.55201017821996
a 10 46 0 1 13.391944232821798
a 10 47 0 1 13.597199728933532
a 10 48 0 1 18.259463017526457
a 10 49 0 1 14.541268496335281
a 10 50 0 1 23.354254388021992
a 10 51 0 1 23.426165955917785
a 10 52 0 1 7.559644128459378
a 10 53 0 1 16.249748512864517
a 10 54 0 1 30.108888610525746
a 10 55 0 1 29.328355989963672
a 10 56 0 1 6.893251798688044
a 10 57 0 1 19.26954114801863
a 10 58 0 1 19.738144547574446
a 10 59 0 1 11.183413210947599
a 10 60 0 1 10.544265044163543
a 10 61 0 1 15.455716117874095
a 10 62 0 1 27.96829024839743
a 10 63 0 1 16.170582114171467
a 10 64 0 1 11.687700897650299
a 10 65 0 1 15.238660855718688
a 10 66 0 1 28.777507164995207
a 10 67 0 1 10.71431425989422
a 10 68 0 1 21.223153504152894
a 10 69 0 1 6.247730329609837
a 10 70 0 1 13.879991372851299
a 10 71 0 1 13.461462861634145
a 10 72 0 1 25.74239435434822
a 10 73 0 1 6.893131859169962
a 10 74 0 1 11.354580957217072
a 10 75 0 1 16.476615607424627
a 10 76 0 1 18.95752859368357
a 10 77 0 1 27.81118484936982
a 10 78 0 1 24.05754352295871
a 10 79 0 1 14.789742272674465
a 11 1 0 1 0
a 12 1 0 1 0
a 13 1 0 1 0
a 14 1 0 1 0
a 15 1 0 1 0
a 16 1 0 1 0
a 17 1 0 1 0
a 18 1 0 1 0
a 19 1 0 1 0
a 20 1 0 1 0
a 21 1 0 1 0
a 22 1 0 1 0
a 23 1 0 1 0
a 24 1 0 1 0
a 25 1 0 1 0
a 26 1 0 1 0
a 27 1 0 1 0
a 28 1 0 1 0
a 29 1 0 1 0
a 30 1 0 1 0
a 31 1 0 1 0
a 32 1 0 1 0
a 33 1 0 1 0
a 34 1 0 1 0
a 35 1 0 1 0
a 36 1 0 1 0
a 37 1 0 1 0
a 38 1 0 1 0
a 39 1 0 1 0
a 40 1 0 1 0
a 41 1 0 1 0
a 42 1 0 1 0
a 43 1 0 1 0
a 44 1 0 1 0
a 45 1 0 1 0
a 46 1 0 1 0
a 47 1 0 1 0
a 48 1 0 1 0
a 49 1 0 1 0
a 50 1 0 1 0
a 51 1 0 1 0
a 52 1 0 1 0
a 53 1 0 1 0
a 54 1 0 1 0
a 55 1 0 1 0
a 56 1 0 1 0
a 57 1 0 1 0
a 58 1 0 1 0
a 59 1 0 1 0
a 60 1 0 1 0
a 61 1 0 1 0
a 62 1 0 1 0
a 63 1 0 1 0
a 64 1 0 1 0
a 65 1 0 1 0
a 66 1 0 1 0
a 67 1 0 1 0
a 68 1 0 1 0
a 69 1 0 1 0
a 70 1 0 1 0
a 71 1 0 1 0
a 72 1 0 1 0
a 73 1 0 1 0
a 74 1 0 1 0
a 75 1 0 1 0
a 76 1 0 1 0
a 77 1 0 1 0
a 78 1 0 1 0
a 79 1 0 1 0
