p min 81 709
n 0 9
n 1 -9
a 0 2 0 1 0
a 0 3 0 1 0
a 0 4 0 1 0
a 0 5 0 1 0
a 0 6 0 1 0
a 0 7 0 1 0
a 0 8 0 1 0
a 0 9 0 1 0
a 0 10 0 1 0
a 2 11 0 1 5.285556491888658
a 2 12 0 1 7.7327386767245665
a 2 13 0 1 11.281199707303948
a 2 14 0 1 15.10987479155568
a 2 15 0 1 16.915034810799714
a 2 16 0 1 9.884029441761694
a 2 17 0 1 9.02388762958173
a 2 18 0 1 4.419298153777856
a 2 19 0 1 13.126171091099806
a 2 20 0 1 11.98821716906437
a 2 21 0 1 16.81728485021952
a 2 22 0 1 5.71989019437896
a 2 23 0 1 13.70532451504792
a 2 24 0 1 11.645557036033495
a 2 25 0 1 14.337095495297522
a 2 26 0 1 7.510665476512981
a 2 27 0 1 15.324643628296139
a 2 28 0 1 16.000427778764642
a 2 29 0 1 6.744898085196519
a 2 30 0 1 11.913144968954464
a 2 31 0 1 13.79670767031453
a 2 32 0 1 18.247719955305904
a 2 33 0 1 18.335216488571653
a 2 34 0 1 4.0462751070968865
a 2 35 0 1 6.837425869857288
a 2 36 0 1 12.74013270894613
a 2 37 0 1 6.663694198920202
a 2 38 0 1 16.14261112496502
a 2 39 0 1 10.505311247545619
a 2 40 0 1 17.407289495487223
a 2 41 0 1 9.148059058849926
a 2 42 0 1 12.660263819995684
a 2 43 0 1 15.555536164410377
a 2 44 0 1 16.370339237737472
a 2 45 0 1 7.517674306001623
a 2 46 0 1 5.036403031141682
a 2 47 0 1 11.21354447838536
a 2 48 0 1 7.36207056830668
a 2 49 0 1 9.60470684834943
a 2 50 0 1 15.917320883452733
a 2 51 0 1 16.83155462807626
a 2 52 0 1 3.8010071980514337
a 2 53 0 1 8.850034919988495
a 2 54 0 1 18.087390467982566
a 2 55 0 1 18.359214276437832
a 2 56 0 1 7.353629281028413
a 2 57 0 1 13.789871396985875
a 2 58 0 1 5.562066452722199
a 2 59 0 1 14.186691522273252
a 2 60 0 1 14.661572518012125
a 2 61 0 1 4.082140999252358
a 2 62 0 1 17.07739474897348
a 2 63 0 1 14.304285174507992
a 2 64 0 1 16.050407712579602
a 2 65 0 1 9.191420842509624
a 2 66 0 1 6.716631343276709
a 2 67 0 1 9.603238651209926
a 2 68 0 1 12.851039579240346
a 2 69 0 1 11.88487495673725
a 2 70 0 1 5.012095296774076
a 2 71 0 1 11.592424799726382
a 2 72 0 1 17.737540918377363
a 2 73 0 1 13.541173644899434
a 2 74 0 1 7.981520017649993
a 2 75 0 1 15.247240701590114
a 2 76 0 1 8.87985367280472
a 2 77 0 1 17.83741931015684
a 2 78 0 1 4.4850480233045165
a 2 79 0 1 7.4432387503076844
a 2 80 0 1 8.90917753962585
a 3 11 0 1 10.736765586184882
a 3 12 0 1 15.712395881459454
a 3 13 0 1 22.93230641812701
a 3 14 0 1 30.729211832417036
a 3 15 0 1 34.407803454188574
a 3 16 0 1 20.088811877354896
a 3 17 0 1 18.33873827217182
a 3 18 0 1 8.976176092899701
a 3 19 0 1 26.68860907291627
a 3 20 0 1 24.37157596900043
a 3 21 0 1 34.208565960833795
a 3 22 0 1 11.619644924900424
a 3 23 0 1 27.868087937529797
a 3 24 0 1 23.673995288313083
a 3 25 0 1 29.154911417640875
a 3 26 0 1 15.260755345572193
a 3 27 0 1 31.166788961530575
a 3 28 0 1 32.54380041350254
a 3 29 0 1 13.703561851686853
a 3 30 0 1 24.218740600925695
a 3 31 0 1 28.054209820794274
a 3 32 0 1 37.12459495061533
a 3 33 0 1 37.30299433623702
a 3 34 0 1 8.218153101981576
a 3 35 0 1 13.891702695281863
a 3 36 0 1 25.902510508833284
a 3 37 0 1 13.538449804926108
a 3 38 0 1 32.83354859709493
a 3 39 0 1 21.353115957421302
a 3 40 0 1 35.411205465395966
a 3 41 0 1 18.59135951263021
a 3 42 0 1 25.739880749795873
a 3 43 0 1 31.637242091422117
a 3 44 0 1 33.29764460728807
a 3 45 0 1 15.275009161351495
a 3 46 0 1 10.23034720906533
a 3 47 0 1 22.79459395333136
a 3 48 0 1 14.958564340642278
a 3 49 0 1 19.520453366577495
a 3 50 0 1 32.37444567252208
a 3 51 0 1 34.23765084623547
a 3 52 0 1 7.719778918971513
a 3 53 0 1 17.985055233610787
a 3 54 0 1 36.79770389396515
a 3 55 0 1 37.35192482006816
a 3 56 0 1 14.94139798247749
a 3 57 0 1 28.04028610692184
a 3 58 0 1 11.298822707193981
a 3 59 0 1 28.848543300387046
a 3 60 0 1 29.815898285046703
a 3 61 0 1 8.29103353638055
a 3 62 0 1 34.738741622431306
a 3 63 0 1 29.088076897739207
a 3 64 0 1 32.645650847338395
a 3 65 0 1 18.679578889737734
a 3 66 0 1 13.646086659061556
a 3 67 0 1 19.5174660163017
a 3 68 0 1 26.12834522801805
a 3 69 0 1 24.161187945367278
a 3 70 0 1 10.180941982289786
a 3 71 0 1 23.565834843739083
a 3 72 0 1 36.08444950024377
a 3 73 0 1 27.53376880378021
a 3 74 0 1 16.21838235362164
a 3 75 0 1 31.009083091970865
a 3 76 0 1 18.04571696405202
a 3 77 0 1 36.288070091661
a 3 78 0 1 9.109793873032604
a 3 79 0 1 15.123631219221277
a 3 80 0 1 18.10537234413802
a 4 11 0 1 3.5151192066040515
a 4 12 0 1 5.1421137563867445
a 4 13 0 1 7.50074115065011
a 4 14 0 1 10.044899238526696
a 4 15 0 1 11.244168663133783
a 4 16 0 1 6.572132845842452
a 4 17 0 1 6.0004026414246985
a 4 18 0 1 2.939118862174322
a 4 19 0 1 8.726820256416088
a 4 20 0 1 7.970611545999052
a 4 21 0 1 11.179232146139434
a 4 22 0 1 3.80390581798769
a 4 23 0 1 9.111661689625954
a 4 24 0 1 7.742889324842182
a 4 25 0 1 9.531447305722251
a 4 26 0 1 4.994482384227081
a 4 27 0 1 10.187591036117341
a 4 28 0 1 10.63656463302366
a 4 29 0 1 4.485390785379548
a 4 30 0 1 7.920721203211563
a 4 31 0 1 9.172383274096191
a 4 32 0 1 12.129439068308255
a 4 33 0 1 12.187557701830986
a 4 34 0 1 2.6910731400089998
a 4 35 0 1 4.546905995035221
a 4 36 0 1 8.470292198652748
a 4 37 0 1 4.431403676582616
a 4 38 0 1 10.731024603181124
a 4 39 0 1 6.985070869118155
a 4 40 0 1 11.571172128092403
a 4 41 0 1 6.082940860817217
a 4 42 0 1 8.417217218025357
a 4 43 0 1 10.340992731668035
a 4 44 0 1 10.882314355599782
a 4 45 0 1 4.9991418014890465
a 4 46 0 1 3.3494537734906142
a 4 47 0 1 7.455777423659542
a 4 48 0 1 4.895697010813774
a 4 49 0 1 6.38647324824259
a 4 50 0 1 10.581351815182037
a 4 51 0 1 11.188711767986085
a 4 52 0 1 2.5279756931374955
a 4 53 0 1 5.884839357269944
a 4 54 0 1 12.022940906207015
a 4 55 0 1 12.203497906260226
a 4 56 0 1 4.8900852386508245
a 4 57 0 1 9.167840773988539
a 4 58 0 1 3.698970610163441
a 4 59 0 1 9.431511961466924
a 4 60 0 1 9.7470408663234
a 4 61 0 1 2.7149228643023533
a 4 62 0 1 11.352025309171966
a 4 63 0 1 9.509646712681732
a 4 64 0 1 10.669769083502375
a 4 65 0 1 6.111763765478598
a 4 66 0 1 4.466598131183077
a 4 67 0 1 6.385497359247965
a 4 68 0 1 8.543992192441593
a 4 69 0 1 7.901933872790747
a 4 70 0 1 3.333291068735176
a 4 71 0 1 7.707578605462894
a 4 72 0 1 11.79055028716102
a 4 73 0 1 9.002586890365595
a 4 74 0 1 5.307497347389887
a 4 75 0 1 10.136165027121391
a 4 76 0 1 5.904660573583836
a 4 77 0 1 11.85689602232145
a 4 78 0 1 2.982839211326753
a 4 79 0 1 4.949657473721064
a 4 80 0 1 5.924152783204071
a 5 11 0 1 9.387015722348144
a 5 12 0 1 13.736155291247965
a 5 13 0 1 20.04587736067062
a 5 14 0 1 26.858368513557753
a 5 15 0 1 30.07197564330845
a 5 16 0 1 17.561009926333377
a 5 17 0 1 16.031557046120334
a 5 18 0 1 7.847955041111861
a 5 19 0 1 23.328113095745216
a 5 20 0 1 21.30354518548827
a 5 21 0 1 29.89793115222857
a 5 22 0 1 10.158775886872077
a 5 23 0 1 24.35866104306083
a 5 24 0 1 20.69398923101656
a 5 25 0 1 25.482959056922684
a 5 26 0 1 13.34140753511691
a 5 27 0 1 27.240652671526963
a 5 28 0 1 28.443630914017614
a 5 29 0 1 11.980332752691126
a 5 30 0 1 21.169996516546664
a 5 31 0 1 24.521278384134863
a 5 32 0 1 32.445135983728484
a 5 33 0 1 32.60096409805471
a 5 34 0 1 7.185287254728341
a 5 35 0 1 12.144781706474486
a 5 36 0 1 22.64125432090531
a 5 37 0 1 11.836011924291766
a 5 38 0 1 28.69675321469585
a 5 39 0 1 18.665882831354693
a 5 40 0 1 30.948485038020205
a 5 41 0 1 16.252336720518443
a 5 42 0 1 22.499153543223258
a 5 43 0 1 27.651653134753
a 5 44 0 1 29.102180298211348
a 5 45 0 1 13.353865888694639
a 5 46 0 1 8.944326239870337
a 5 47 0 1 19.92553819045549
a 5 48 0 1 13.077280390309133
a 5 49 0 1 17.06430930213121
a 5 50 0 1 28.29568262477375
a 5 51 0 1 29.923338401293513
a 5 52 0 1 6.749597929166935
a 5 53 0 1 15.722451157159254
a 5 54 0 1 32.159601413744426
a 5 55 0 1 32.643703705894225
a 5 56 0 1 13.062276230380416
a 5 57 0 1 24.509113067412656
a 5 58 0 1 9.87833463047664
a 5 59 0 1 25.21528896829367
a 5 60 0 1 26.06044709954012
a 5 61 0 1 7.249000355682438
a 5 62 0 1 30.361065410194797
a 5 63 0 1 25.4245667551726
a 5 64 0 1 28.53260709434853
a 5 65 0 1 16.32943613219786
a 5 66 0 1 11.930095022426439
a 5 67 0 1 17.061698571361994
a 5 68 0 1 22.838580494405964
a 5 69 0 1 21.119706429024482
a 5 70 0 1 8.901137936714651
a 5 71 0 1 20.599475984623485
a 5 72 0 1 31.53657466588067
a 5 73 0 1 24.066559442679974
a 5 74 0 1 14.17839692932425
a 5 75 0 1 27.102875337949484
a 5 76 0 1 15.775467490417494
a 5 77 0 1 31.714438297117017
a 5 78 0 1 7.964762916611669
a 5 79 0 1 13.221555796682715
a 5 80 0 1 15.827604215940614
a 6 11 0 1 7.6882648526350845
a 6 12 0 1 11.249328798611462
a 6 13 0 1 16.414563211220276
a 6 14 0 1 21.989843096840914
a 6 15 0 1 24.619278007649992
a 6 16 0 1 14.380575431650295
a 6 17 0 1 13.128537085982694
a 6 18 0 1 6.427931278377311
a 6 19 0 1 19.10091291462939
a 6 20 0 1 17.44394648121878
a 6 21 0 1 24.476880530714457
a 6 22 0 1 8.320227185582121
a 6 23 0 1 19.94429005378842
a 6 24 0 1 16.945040338534486
a 6 25 0 1 20.86434866651502
a 6 26 0 1 10.926137049050329
a 6 27 0 1 22.302653850933925
a 6 28 0 1 23.286979361769582
a 6 29 0 1 9.811743740817233
a 6 30 0 1 17.334641358417283
a 6 31 0 1 20.07736908850371
a 6 32 0 1 26.560816178253965
a 6 33 0 1 26.688296064209165
a 6 34 0 1 5.885249103825568
a 6 35 0 1 9.946391294136994
a 6 36 0 1 18.538783038539773
a 6 37 0 1 9.69357593753273
a 6 38 0 1 23.494087966917384
a 6 39 0 1 15.284995016090106
a 6 40 0 1 25.336393386930375
a 6 41 0 1 13.309276339761702
a 6 42 0 1 18.422484783624697
a 6 43 0 1 22.638956646137157
a 6 44 0 1 23.825810143166606
a 6 45 0 1 10.936337155701132
a 6 46 0 1 7.32575564803663
a 6 47 0 1 16.316064471564076
a 6 48 0 1 10.709885312417518
a 6 49 0 1 13.973975905846073
a 6 50 0 1 23.165924753249946
a 6 51 0 1 24.497667970741524
a 6 52 0 1 5.528439479356202
a 6 53 0 1 12.875487587830758
a 6 54 0 1 26.327223857310805
a 6 55 0 1 26.7232603432624
a 6 56 0 1 10.69760071916348
a 6 57 0 1 20.067413548080086
a 6 58 0 1 8.090587845734335
a 6 59 0 1 20.6453073134647
a 6 60 0 1 21.33691370627281
a 6 61 0 1 5.937426675427648
a 6 62 0 1 24.855799451292487
a 6 63 0 1 20.816564945659305
a 6 64 0 1 23.35978130713862
a 6 65 0 1 13.372392672824287
a 6 66 0 1 9.770609895893061
a 6 67 0 1 13.971838737277102
a 6 68 0 1 18.70027776897939
a 6 69 0 1 17.293480444151246
a 6 70 0 1 7.290389287040415
a 6 71 0 1 16.86768249688665
a 6 72 0 1 25.81752363701635
a 6 73 0 1 19.705244399714648
a 6 74 0 1 11.611398879626558
a 6 75 0 1 22.189915694684913
a 6 76 0 1 12.918889634622003
a 6 77 0 1 25.963035812014997
a 6 78 0 1 6.523587839864651
a 6 79 0 1 10.828009805974117
a 6 80 0 1 12.961571493093789
a 7 11 0 1 8.43862983514667
a 7 12 0 1 12.347743540637559
a 7 13 0 1 18.018372558584254
a 7 14 0 1 24.13990924000387
a 7 15 0 1 27.027239211042893
a 7 16 0 1 15.785289592051834
a 7 17 0 1 14.410747415967675
a 7 18 0 1 7.055189350189466
a 7 19 0 1 20.967830289956446
a 7 20 0 1 19.148555168454845
a 7 21 0 1 26.870870993320203
a 7 22 0 1 9.13233577229717
a 7 23 0 1 21.893846826993045
a 7 24 0 1 18.600791828057528
a 7 25 0 1 22.904078669885994
a 7 26 0 1 11.992950884983337
a 7 27 0 1 24.483391498296218
a 7 28 0 1 25.56424724306876
a 7 29 0 1 10.769614694768325
a 7 30 0 1 19.02854541699034
a 7 31 0 1 22.039967392398122
a 7 32 0 1 29.159313581568878
a 7 33 0 1 29.299307199021925
a 7 34 0 1 6.459511122508274
a 7 35 0 1 10.91742373793656
a 7 36 0 1 20.3506291775809
a 7 37 0 1 10.639896628498459
a 7 38 0 1 25.791669508002716
a 7 39 0 1 16.77822488898385
a 7 40 0 1 27.81471905206211
a 7 41 0 1 14.60916843887297
a 7 42 0 1 20.222938289559373
a 7 43 0 1 24.852671929132185
a 7 44 0 1 26.155929928951046
a 7 45 0 1 12.004148293892932
a 7 46 0 1 8.040707424992181
a 7 47 0 1 17.9102299935362
a 7 48 0 1 11.755556019127395
a 7 49 0 1 15.338902688928137
a 7 50 0 1 25.4313198293875
a 7 51 0 1 26.893697875881024
a 7 52 0 1 6.067860935059441
a 7 53 0 1 14.132943375569374
a 7 54 0 1 28.90279232462687
a 7 55 0 1 29.337703726095953
a 7 56 0 1 11.742070384695078
a 7 57 0 1 22.029036209890478
a 7 58 0 1 8.88025920686099
a 7 59 0 1 22.66356757952223
a 7 60 0 1 23.422967082882508
a 7 61 0 1 6.516783819923661
a 7 62 0 1 27.286967091698813
a 7 63 0 1 22.851611239170712
a 7 64 0 1 25.644189639405244
a 7 65 0 1 14.678459649853544
a 7 66 0 1 10.724460200066327
a 7 67 0 1 15.336556400737571
a 7 68 0 1 20.527944565188985
a 7 69 0 1 18.983353548719865
a 7 70 0 1 8.00188632899416
a 7 71 0 1 18.515858990345322
a 7 72 0 1 28.34306569303535
a 7 73 0 1 21.631376186453508
a 7 74 0 1 12.745219023047408
a 7 75 0 1 24.359598938556587
a 7 76 0 1 14.180591110812411
a 7 77 0 1 28.502859040484235
a 7 78 0 1 7.160188081749517
a 7 79 0 1 11.88522950876036
a 7 80 0 1 14.227448252678965
a 8 11 0 1 2.5302160274878283
a 8 12 0 1 3.701147799013744
a 8 13 0 1 5.398410081907085
a 8 14 0 1 7.228889980503584
a 8 15 0 1 8.091640281523418
a 8 16 0 1 4.730216752670638
a 8 17 0 1 4.318800215014935
a 8 18 0 1 2.1156448465787387
a 8 19 0 1 6.2805913835126885
a 8 20 0 1 5.736496749512809
a 8 21 0 1 8.044926886370876
a 8 22 0 1 2.738061850776165
a 8 23 0 1 6.5574758467343806
a 8 24 0 1 5.572644662490314
a 8 25 0 1 6.859493988266442
a 8 26 0 1 3.594904043605114
a 8 27 0 1 7.331545472933635
a 8 28 0 1 7.654540386129244
a 8 29 0 1 3.2285256176956456
a 8 30 0 1 5.7005995507025515
a 8 31 0 1 6.601162986242125
a 8 32 0 1 8.728457877593591
a 8 33 0 1 8.770264132586004
a 8 34 0 1 1.9371113733199328
a 8 35 0 1 3.272796965512469
a 8 36 0 1 6.096021587470561
a 8 37 0 1 3.1896719586792357
a 8 38 0 1 7.722494391558657
a 8 39 0 1 5.027357134648015
a 8 40 0 1 8.326873850332037
a 8 41 0 1 4.378195580955724
a 8 42 0 1 6.057834200172445
a 8 43 0 1 7.44190483654891
a 8 44 0 1 7.8313305791959715
a 8 45 0 1 3.5982572351731665
a 8 46 0 1 2.4109813680168553
a 8 47 0 1 5.366056714931493
a 8 48 0 1 3.523812023193351
a 8 49 0 1 4.596617939372971
a 8 50 0 1 7.6148203834777535
a 8 51 0 1 8.051746256043664
a 8 52 0 1 1.8197187423663628
a 8 53 0 1 4.235639135261821
a 8 54 0 1 8.65185055332178
a 8 55 0 1 8.781730311604425
a 8 56 0 1 3.5197734337587634
a 8 57 0 1 6.597894815991825
a 8 58 0 1 2.6625382135618954
a 8 59 0 1 6.787595442954766
a 8 60 0 1 7.014601328158531
a 8 61 0 1 1.9542775831490147
a 8 62 0 1 8.169228705288889
a 8 63 0 1 6.843809577686167
a 8 64 0 1 7.678427540334154
a 8 65 0 1 4.3989367700450375
a 8 66 0 1 3.2150008603031197
a 8 67 0 1 4.595915695056368
a 8 68 0 1 6.149048430835514
a 8 69 0 1 5.687081623320659
a 8 70 0 1 2.399348489219757
a 8 71 0 1 5.547237461663541
a 8 72 0 1 8.48468317587939
a 8 73 0 1 6.47899976370896
a 8 74 0 1 3.8201658370947773
a 8 75 0 1 7.294548625163596
a 8 76 0 1 4.249902825127897
a 8 77 0 1 8.532408433045115
a 8 78 0 1 2.1471127237115386
a 8 79 0 1 3.56264534180892
a 8 80 0 1 4.263929738289334
a 9 11 0 1 4.910109171645275
a 9 12 0 1 7.183317601466985
a 9 13 0 1 10.479351552080342
a 9 14 0 1 14.035451006654423
a 9 15 0 1 15.712018466385828
a 9 16 0 1 9.181594735590997
a 9 17 0 1 8.382640186821643
a 9 18 0 1 4.105412584336164
a 9 19 0 1 12.193001381909099
a 9 20 0 1 11.13605097934861
a 9 21 0 1 15.621233103126281
a 9 22 0 1 5.313572103415499
a 9 23 0 1 12.730921079683117
a 9 24 0 1 10.817778725149632
a 9 25 0 1 13.317706320564362
a 9 26 0 1 6.977035666435083
a 9 27 0 1 14.234923150716325
a 9 28 0 1 14.862570676467543
a 9 29 0 1 6.265715000489657
a 9 30 0 1 11.066321986495153
a 9 31 0 1 12.815797602975342
a 9 32 0 1 16.94973646109166
a 9 33 0 1 17.03099704412531
a 9 34 0 1 3.758895381696868
a 9 35 0 1 6.3516644531039
a 9 36 0 1 11.83444476447602
a 9 37 0 1 6.190284257971588
a 9 38 0 1 14.994625307730006
a 9 39 0 1 9.758673881139337
a 9 40 0 1 16.169198232067103
a 9 41 0 1 8.497979221380449
a 9 42 0 1 11.760261394801605
a 9 43 0 1 14.449369816314382
a 9 44 0 1 15.206130111404578
a 9 45 0 1 6.983546120885862
a 9 46 0 1 4.678663287142496
a 9 47 0 1 10.41651090883328
a 9 48 0 1 6.839006682363285
a 9 49 0 1 8.92214333833623
a 9 50 0 1 14.785383924385336
a 9 51 0 1 15.634486181139707
a 9 52 0 1 3.531054286174999
a 9 53 0 1 8.22115333967799
a 9 54 0 1 16.80083348603552
a 9 55 0 1 17.053284469428405
a 9 56 0 1 6.831165607461251
a 9 57 0 1 12.809448088027759
a 9 58 0 1 5.166966198626807
a 9 59 0 1 13.178012529576606
a 9 60 0 1 13.619076344282561
a 9 61 0 1 3.7922128482953488
a 9 62 0 1 15.862810082346382
a 9 63 0 1 13.287232433580515
a 9 64 0 1 14.90899022487342
a 9 65 0 1 8.538256597842356
a 9 66 0 1 6.239457877764265
a 9 67 0 1 8.920779586587553
a 9 68 0 1 11.937456495362108
a 9 69 0 1 11.040064048853651
a 9 70 0 1 4.656083076326393
a 9 71 0 1 10.768427867456225
a 9 72 0 1 16.475915982148752
a 9 73 0 1 12.578457703941272
a 9 74 0 1 7.414407613820269
a 9 75 0 1 14.163033249975149
a 9 76 0 1 8.248851165434752
a 9 77 0 1 16.568676725568103
a 9 78 0 1 4.166490255763942
a 9 79 0 1 6.914403396960452
a 9 80 0 1 8.276089291903894
a 10 11 0 1 7.239256453888306
a 10 12 0 1 10.59209415777454
a 10 13 0 1 15.455015777036344
a 10 14 0 1 20.703603478544643
a 10 15 0 1 23.17882550429572
a 10 16 0 1 13.540114409107652
a 10 17 0 1 12.361354604531185
a 10 18 0 1 6.05257991049742
a 10 19 0 1 17.984003934031534
a 10 20 0 1 16.424110450734748
a 10 21 0 1 23.044781702533886
a 10 22 0 1 7.834277758561032
a 10 23 0 1 18.77795865025523
a 10 24 0 1 15.954425766477486
a 10 25 0 1 19.64409095250683
a 10 26 0 1 10.287807046409192
a 10 27 0 1 20.99807290079515
a 10 28 0 1 21.924675399098767
a 10 29 0 1 9.238588420931023
a 10 30 0 1 16.321207714487013
a 10 31 0 1 18.903238345721952
a 10 32 0 1 25.006438603522195
a 10 33 0 1 25.126436580516792
a 10 34 0 1 5.5416072345947684
a 10 35 0 1 9.36536202206646
a 10 36 0 1 17.45481019931667
a 10 37 0 1 9.127330673653361
a 10 38 0 1 22.119637131863367
a 10 39 0 1 14.391588298569594
a 10 40 0 1 23.85386775757083
a 10 41 0 1 12.531516889155832
a 10 42 0 1 17.345325555071124
a 10 43 0 1 21.31465554559656
a 10 44 0 1 22.431902742077842
a 10 45 0 1 10.29741053268218
a 10 46 0 1 6.8979352513963
a 10 47 0 1 15.362285175456478
a 10 48 0 1 10.084203905556322
a 10 49 0 1 13.157314274558805
a 10 50 0 1 21.810720363213
a 10 51 0 1 23.06434967409306
a 10 52 0 1 5.205644344485873
a 10 53 0 1 12.12311301798065
a 10 54 0 1 24.78655548916395
a 10 55 0 1 25.15934873851479
a 10 56 0 1 10.072637822163156
a 10 57 0 1 18.893866275665427
a 10 58 0 1 7.618062451868542
a 10 59 0 1 19.437888987417587
a 10 60 0 1 20.08895391403904
a 10 61 0 1 5.590736177108749
a 10 62 0 1 23.401470968572973
a 10 63 0 1 19.599108187312485
a 10 64 0 1 21.993207589152377
a 10 65 0 1 12.590939519054347
a 10 66 0 1 9.19985996510403
a 10 67 0 1 13.155302194815983
a 10 68 0 1 17.606843090886557
a 10 69 0 1 16.282457700822498
a 10 70 0 1 6.864635900571004
a 10 71 0 1 15.881598572129436
a 10 72 0 1 24.30676645235798
a 10 73 0 1 18.552922137166277
a 10 74 0 1 10.932983895123265
a 10 75 0 1 20.891945171919495
a 10 76 0 1 12.163975328189677
a 10 77 0 1 24.44373974624399
a 10 78 0 1 6.142646770230904
a 10 79 0 1 10.195419353656412
a 10 80 0 1 12.20415956968578
a 11 1 0 1 0
a 12 1 0 1 0
a 13 1 0 1 0
a 14 1 0 1 0
a 15 1 0 1 0
a 16 1 0 1 0
a 17 1 0 1 0
a 18 1 0 1 0
a 19 1 0 1 0
a 20 1 0 1 0
a 21 1 0 1 0
a 22 1 0 1 0
a 23 1 0 1 0
a 24 1 0 1 0
a 25 1 0 1 0
a 26 1 0 1 0
a 27 1 0 1 0
a 28 1 0 1 0
a 29 1 0 1 0
a 30 1 0 1 0
a 31 1 0 1 0
a 32 1 0 1 0
a 33 1 0 1 0
a 34 1 0 1 0
a 35 1 0 1 0
a 36 1 0 1 0
a 37 1 0 1 0
a 38 1 0 1 0
a 39 1 0 1 0
a 40 1 0 1 0
a 41 1 0 1 0
a 42 1 0 1 0
a 43 1 0 1 0
a 44 1 0 1 0
a 45 1 0 1 0
a 46 1 0 1 0
a 47 1 0 1 0
a 48 1 0 1 0
a 49 1 0 1 0
a 50 1 0 1 0
a 51 1 0 1 0
a 52 1 0 1 0
a 53 1 0 1 0
a 54 1 0 1 0
a 55 1 0 1 0
a 56 1 0 1 0
a 57 1 0 1 0
a 58 1 0 1 0
a 59 1 0 1 0
a 60 1 0 1 0
a 61 1 0 1 0
a 62 1 0 1 0
a 63 1 0 1 0
a 64 1 0 1 0
a 65 1 0 1 0
a 66 1 0 1 0
a 67 1 0 1 0
a 68 1 0 1 0
a 69 1 0 1 0
a 70 1 0 1 0
a 71 1 0 1 0
a 72 1 0 1 0
a 73 1 0 1 0
a 74 1 0 1 0
a 75 1 0 1 0
a 76 1 0 1 0
a 77 1 0 1 0
a 78 1 0 1 0
a 79 1 0 1 0
a 80 1 0 1 0
