p min 80 923
n 0 13
n 1 -13
a 0 2 0 1 0
a 0 3 0 1 0
a 0 4 0 1 0
a 0 5 0 1 0
a 0 6 0 1 0
a 0 7 0 1 0
a 0 8 0 1 0
a 0 9 0 1 0
a 0 10 0 1 0
a 0 11 0 1 0
a 0 12 0 1 0
a 0 13 0 1 0
a 0 14 0 1 0
a 2 15 0 1 14145693388173.26
a 2 16 0 1 5994546557592.12
a 2 17 0 1 209269807067948.12
a 2 18 0 1 24690443674318.945
a 2 19 0 1 397239670593709.0
a 2 20 0 1 156684533016596.6
a 2 21 0 1 85112856676829.4
a 2 22 0 1 270187753333686.34
a 2 23 0 1 344428385335271.06
a 2 24 0 1 33683232013688.473
a 2 25 0 1 74464953134011.73
a 2 26 0 1 148034770965674.88
a 2 27 0 1 387802395838780.6
a 2 28 0 1 338897221983877.8
a 2 29 0 1 334930276487358.4
a 2 30 0 1 512972107257233.2
a 2 31 0 1 416629071455624.3
a 2 32 0 1 180111778383442.16
a 2 33 0 1 72424106312065.45
a 2 34 0 1 70911367249071.58
a 2 35 0 1 456818688043996.9
a 2 36 0 1 173291035873715.12
a 2 37 0 1 265549360831577.34
a 2 38 0 1 305987264515022.0
a 2 39 0 1 148763445934946.25
a 2 40 0 1 341029029658932.06
a 2 41 0 1 50894100286114.32
a 2 42 0 1 280169916491152.34
a 2 43 0 1 275913309293920.7
a 2 44 0 1 101193988018737.12
a 2 45 0 1 36972575403498.01
a 2 46 0 1 147202706854746.84
a 2 47 0 1 495127941016111.75
a 2 48 0 1 343263676340355.94
a 2 49 0 1 356218228189248.3
a 2 50 0 1 279543310614551.72
a 2 51 0 1 129383988685251.11
a 2 52 0 1 249537467716489.56
a 2 53 0 1 397345206912401.6
a 2 54 0 1 322028925841472.0
a 2 55 0 1 345098741993183.0
a 2 56 0 1 518415756557315.9
a 2 57 0 1 396500240076283.4
a 2 58 0 1 499157653665976.7
a 2 59 0 1 315984426277900.94
a 2 60 0 1 248766813572975.9
a 2 61 0 1 327256299290679.44
a 2 62 0 1 261920030457530.0
a 2 63 0 1 64447183429328.91
a 2 64 0 1 193242889509823.16
a 2 65 0 1 176231750596902.2
a 2 66 0 1 86699322824794.89
a 2 67 0 1 316256181563184.5
a 2 68 0 1 65246685253926.45
a 2 69 0 1 131488193670814.44
a 2 70 0 1 273675765734209.1
a 2 71 0 1 24771263123327.215
a 2 72 0 1 209157454861551.6
a 2 73 0 1 385268240254878.8
a 2 74 0 1 426646118405576.2
a 2 75 0 1 305304108278790.1
a 2 76 0 1 304523459092253.7
a 2 77 0 1 75267323555695.38
a 2 78 0 1 52907404438439.86
a 2 79 0 1 293905954581035.6
a 3 15 0 1 10965702771740.346
a 3 16 0 1 4647936363702.47
a 3 17 0 1 161399140095597.72
a 3 18 0 1 19134736889219.176
a 3 19 0 1 304835681597349.6
a 3 20 0 1 121010507720200.0
a 3 21 0 1 65857668127729.695
a 3 22 0 1 208045443203370.84
a 3 23 0 1 264685117079149.97
a 3 24 0 1 26097931046203.598
a 3 25 0 1 57634654114016.695
a 3 26 0 1 114356126017913.11
a 3 27 0 1 297669448323841.94
a 3 28 0 1 260473205113663.62
a 3 29 0 1 257451637898045.22
a 3 30 0 1 392411358893449.94
a 3 31 0 1 319547332426216.44
a 3 32 0 1 139018040168725.25
a 3 33 0 1 56058053301474.0
a 3 34 0 1 54889319054793.58
a 3 35 0 1 349990524018897.25
a 3 36 0 1 133777543321097.94
a 3 37 0 1 204499114156153.47
a 3 38 0 1 235386267016796.3
a 3 39 0 1 114916823674174.05
a 3 40 0 1 262096701620779.44
a 3 41 0 1 39415374022803.61
a 3 42 0 1 215674379071092.66
a 3 43 0 1 212421743705995.53
a 3 44 0 1 78267868298552.58
a 3 45 0 1 28644085124272.926
a 3 46 0 1 113715846413807.64
a 3 47 0 1 378945613741573.1
a 3 48 0 1 263798312042645.06
a 3 49 0 1 273658662872817.84
a 3 50 0 1 215195612901841.5
a 3 51 0 1 99997427380253.7
a 3 52 0 1 192250214919968.78
a 3 53 0 1 304915799841685.9
a 3 54 0 1 247620313283393.8
a 3 55 0 1 265195498379720.97
a 3 56 0 1 396516596588212.7
a 3 57 0 1 304274327330192.56
a 3 58 0 1 381987742740460.2
a 3 59 0 1 243011782900785.03
a 3 60 0 1 191660406473592.97
a 3 61 0 1 251604610023929.56
a 3 62 0 1 201723651873011.03
a 3 63 0 1 49894081930408.46
a 3 64 0 1 149101531803796.8
a 3 65 0 1 136037180172000.77
a 3 66 0 1 67082448900502.71
a 3 67 0 1 243219011008452.75
a 3 68 0 1 50511993351270.09
a 3 69 0 1 101618104000240.19
a 3 70 0 1 210711650154762.1
a 3 71 0 1 19197330579393.496
a 3 72 0 1 161312967931365.53
a 3 73 0 1 295744488831130.56
a 3 74 0 1 327141524656999.8
a 3 75 0 1 234865025276762.78
a 3 76 0 1 234269373548959.56
a 3 77 0 1 58254457443937.8
a 3 78 0 1 40972450197020.8
a 3 79 0 1 226165476340383.53
a 4 15 0 1 10981522463500.447
a 4 16 0 1 4654636833926.662
a 4 17 0 1 161636070266524.4
a 4 18 0 1 19162367680368.316
a 4 19 0 1 305290703016516.56
a 4 20 0 1 121187318546494.89
a 4 21 0 1 65953281917030.58
a 4 22 0 1 208352507776911.1
a 4 23 0 1 265078361897028.3
a 4 24 0 1 26135647067372.598
a 4 25 0 1 57718250046442.26
a 4 26 0 1 114523085270133.03
a 4 27 0 1 298113401630852.75
a 4 28 0 1 260860002472733.53
a 4 29 0 1 257833813795875.25
a 4 30 0 1 393003127344954.6
a 4 31 0 1 320025133113364.94
a 4 32 0 1 139221586433920.58
a 4 33 0 1 56139347649083.305
a 4 34 0 1 54968907777454.53
a 4 35 0 1 350515708569467.25
a 4 36 0 1 133973297664402.56
a 4 37 0 1 204800820157779.62
a 4 38 0 1 235734791565165.03
a 4 39 0 1 115084612436117.53
a 4 40 0 1 262485983434170.3
a 4 41 0 1 39472423690544.9
a 4 42 0 1 215992985978976.34
a 4 43 0 1 212735426997972.78
a 4 44 0 1 78381662680543.55
a 4 45 0 1 28685492944884.93
a 4 46 0 1 113881858551995.47
a 4 47 0 1 379516175698505.06
a 4 48 0 1 264190198847497.7
a 4 49 0 1 274065665006847.78
a 4 50 0 1 215513494854583.03
a 4 51 0 1 100143180525524.73
a 4 52 0 1 192533446269237.22
a 4 53 0 1 305370945105392.56
a 4 54 0 1 247987474519612.47
a 4 55 0 1 265589524898306.53
a 4 56 0 1 397114843272930.5
a 4 57 0 1 304728481087826.7
a 4 58 0 1 382563089829737.75
a 4 59 0 1 243371917576330.12
a 4 60 0 1 191942749548445.56
a 4 61 0 1 251977852082464.53
a 4 62 0 1 202021167153212.84
a 4 63 0 1 49966385892984.61
a 4 64 0 1 149320097396230.84
a 4 65 0 1 136236293140093.23
a 4 66 0 1 67179854645936.31
a 4 67 0 1 243579461481424.38
a 4 68 0 1 50585197984800.71
a 4 69 0 1 101766247180157.8
a 4 70 0 1 211022746305512.97
a 4 71 0 1 19225051956793.45
a 4 72 0 1 161549769236202.75
a 4 73 0 1 296185472189782.56
a 4 74 0 1 327631114339855.6
a 4 75 0 1 235212756960730.12
a 4 76 0 1 234616199299655.7
a 4 77 0 1 58338958419171.85
a 4 78 0 1 41031764234941.305
a 4 79 0 1 226499989140060.94
a 5 15 0 1 5982857833128.226
a 5 16 0 1 2536739680692.458
a 5 17 0 1 87365197476027.2
a 5 18 0 1 10435398758950.027
a 5 19 0 1 163755727741106.0
a 5 20 0 1 65642615623299.234
a 5 21 0 1 35828538802493.37
a 5 22 0 1 112337171980499.94
a 5 23 0 1 142491463393922.6
a 5 24 0 1 14227686942345.68
a 5 25 0 1 31368510785973.305
a 5 26 0 1 62054672532612.32
a 5 27 0 1 159967176726361.1
a 5 28 0 1 140255421171615.3
a 5 29 0 1 138650688836707.56
a 5 30 0 1 209815982453167.6
a 5 31 0 1 171524057831928.2
a 5 32 0 1 75339302455781.3
a 5 33 0 1 30512946870146.547
a 5 34 0 1 29878625627994.62
a 5 35 0 1 187559812315131.28
a 5 36 0 1 72519316737479.2
a 5 37 0 1 110443031897593.61
a 5 38 0 1 126916062008970.86
a 5 39 0 1 62357090058369.29
a 5 40 0 1 141117432120389.06
a 5 41 0 1 21472907394747.227
a 5 42 0 1 116409442476903.45
a 5 43 0 1 114673617200704.19
a 5 44 0 1 42552310067475.125
a 5 45 0 1 15613679592376.064
a 5 46 0 1 61709309743648.9
a 5 47 0 1 202762349456951.47
a 5 48 0 1 142020756167980.1
a 5 49 0 1 147251994388990.25
a 5 50 0 1 116153978657807.0
a 5 51 0 1 54304047024263.49
a 5 52 0 1 103895194531436.58
a 5 53 0 1 163798066957293.53
a 5 54 0 1 133425721259773.52
a 5 55 0 1 142762348226431.6
a 5 56 0 1 211964318479088.66
a 5 57 0 1 163459064633337.22
a 5 58 0 1 204356789511243.9
a 5 59 0 1 130974558481616.52
a 5 60 0 1 103579686459202.6
a 5 61 0 1 135543888249965.53
a 5 62 0 1 108960119046934.48
a 5 63 0 1 27166620586823.258
a 5 64 0 1 80760950485773.6
a 5 65 0 1 73735452133014.14
a 5 66 0 1 36492509145913.75
a 5 67 0 1 131084804106629.19
a 5 68 0 1 27502173205802.312
a 5 69 0 1 55179456093621.164
a 5 70 0 1 113760752961229.9
a 5 71 0 1 10469500807767.87
a 5 72 0 1 87318950123441.78
a 5 73 0 1 158949012146976.38
a 5 74 0 1 175529229375808.84
a 5 75 0 1 126638521982770.6
a 5 76 0 1 126321342597043.61
a 5 77 0 1 31704816611680.06
a 5 78 0 1 22319357488248.426
a 5 79 0 1 122004067019921.4
a 6 15 0 1 12850707146344.037
a 6 16 0 1 5446235667163.755
a 6 17 0 1 189715960240956.94
a 6 18 0 1 22427628701619.0
a 6 19 0 1 359380609388586.44
a 6 20 0 1 142124783451388.2
a 6 21 0 1 77262969859510.34
a 6 22 0 1 244779649966760.44
a 6 23 0 1 311784702729447.75
a 6 24 0 1 30593344341611.56
a 6 25 0 1 67604771378592.19
a 6 26 0 1 134291271453810.72
a 6 27 0 1 350879511441731.4
a 6 28 0 1 306796469279323.94
a 6 29 0 1 303218528785703.5
a 6 30 0 1 463482257800095.94
a 6 31 0 1 376840824672639.9
a 6 32 0 1 163333868820673.44
a 6 33 0 1 65753366660718.93
a 6 34 0 1 64380995862199.32
a 6 35 0 1 413006923036464.8
a 6 36 0 1 157160052277475.7
a 6 37 0 1 240589625009381.0
a 6 38 0 1 277104034096214.7
a 6 39 0 1 134951240502076.73
a 6 40 0 1 308719096071181.7
a 6 41 0 1 46216975658035.59
a 6 42 0 1 253795424740807.7
a 6 43 0 1 249951151507748.97
a 6 44 0 1 91845208854370.81
a 6 45 0 1 33579776017374.582
a 6 46 0 1 133537648939561.2
a 6 47 0 1 447449604097258.44
a 6 48 0 1 310734371490796.56
a 6 49 0 1 322415190871362.25
a 6 50 0 1 253229540561227.84
a 6 51 0 1 117395500444904.3
a 6 52 0 1 226122192037357.9
a 6 53 0 1 359475666149821.6
a 6 54 0 1 291580091206080.1
a 6 55 0 1 312389215902000.25
a 6 56 0 1 468371943709148.6
a 6 57 0 1 358714596494197.75
a 6 58 0 1 451070810875597.2
a 6 59 0 1 286126124251713.06
a 6 60 0 1 225425743224293.6
a 6 61 0 1 296296164935470.9
a 6 62 0 1 237310820223281.25
a 6 63 0 1 58516129298052.07
a 6 64 0 1 175216943209521.47
a 6 65 0 1 159821962234870.22
a 6 66 0 1 78701788119789.22
a 6 67 0 1 286371345638638.94
a 6 68 0 1 59241550345089.484
a 6 69 0 1 119302044372757.64
a 6 70 0 1 247930210595182.4
a 6 71 0 1 22501022055534.52
a 6 72 0 1 189614336714975.4
a 6 73 0 1 348596431895545.4
a 6 74 0 1 385858164140815.7
a 6 75 0 1 276487435482364.8
a 6 76 0 1 275782830761679.38
a 6 77 0 1 68332639450565.44
a 6 78 0 1 48044233679805.836
a 6 79 0 1 266198372605709.38
a 7 15 0 1 18168313169407.95
a 7 16 0 1 7697165182912.657
a 7 17 0 1 270539842613982.72
a 7 18 0 1 31722651813137.484
a 7 19 0 1 516917103013926.6
a 7 20 0 1 202197349659095.75
a 7 21 0 1 109572850228615.72
a 7 22 0 1 350025265721581.0
a 7 23 0 1 447359507745140.94
a 7 24 0 1 43289515194052.43
a 7 25 0 1 95831016186859.8
a 7 26 0 1 190979326281473.0
a 7 27 0 1 504467570983206.4
a 7 28 0 1 440089882670417.8
a 7 29 0 1 434877904385354.56
a 7 30 0 1 670302899938389.4
a 7 31 0 1 542522530231012.25
a 7 32 0 1 232613971347096.5
a 7 33 0 1 93198283415489.89
a 7 34 0 1 91247051576558.97
a 7 35 0 1 595713939189021.4
a 7 36 0 1 223753247432259.16
a 7 37 0 1 343961124511837.94
a 7 38 0 1 396896123082147.1
a 7 39 0 1 191924101454108.2
a 7 40 0 1 442891379461765.9
a 7 41 0 1 65445949067464.484
a 7 42 0 1 363082507979993.3
a 7 43 0 1 357513490745798.94
a 7 44 0 1 130345234867997.55
a 7 45 0 1 47522106722582.586
a 7 46 0 1 189900557746606.66
a 7 47 0 1 646566009286117.1
a 7 48 0 1 445828485200957.75
a 7 49 0 1 462864664372482.9
a 7 50 0 1 362262599424970.44
a 7 51 0 1 166813320182269.66
a 7 52 0 1 323042760220092.6
a 7 53 0 1 517056374026016.94
a 7 54 0 1 417937754568123.94
a 7 55 0 1 448240757368266.8
a 7 56 0 1 677550642537567.9
a 7 57 0 1 515941343807482.7
a 7 58 0 1 651923650546357.9
a 7 59 0 1 410006420787688.3
a 7 60 0 1 322036552536056.8
a 7 61 0 1 424799671864100.6
a 7 62 0 1 339217598116363.1
a 7 63 0 1 82911333390967.53
a 7 64 0 1 249684143283714.44
a 7 65 0 1 227572975295079.34
a 7 66 0 1 111621129917909.0
a 7 67 0 1 410362932495907.1
a 7 68 0 1 83942115325247.9
a 7 69 0 1 169538225215606.25
a 7 70 0 1 354586735445710.1
a 7 71 0 1 31826574321773.312
a 7 72 0 1 270393558800601.97
a 7 73 0 1 501126014717139.3
a 7 74 0 1 555765324468438.9
a 7 75 0 1 396000573442180.25
a 7 76 0 1 394977273886244.5
a 7 77 0 1 96866188188712.28
a 7 78 0 1 68039429292802.625
a 7 79 0 1 381065183537352.75
a 8 15 0 1 16177295039243.361
a 8 16 0 1 6854558264627.951
a 8 17 0 1 240112947268613.9
a 8 18 0 1 28241412023804.83
a 8 19 0 1 457283721982568.3
a 8 20 0 1 179616180095597.0
a 8 21 0 1 97451852800809.62
a 8 22 0 1 310335036904652.8
a 8 23 0 1 396120161361567.9
a 8 24 0 1 38533287990692.03
a 8 25 0 1 85245099261659.44
a 8 26 0 1 169675573088135.4
a 8 27 0 1 446345265063694.25
a 8 28 0 1 389721009780926.5
a 8 29 0 1 385132330912128.7
a 8 30 0 1 591736937278526.5
a 8 31 0 1 479769277563764.7
a 8 32 0 1 206554463520426.53
a 8 33 0 1 82905973060233.1
a 8 34 0 1 81172243703777.98
a 8 35 0 1 526427794933479.1
a 8 36 0 1 198709248881386.97
a 8 37 0 1 304982906636437.7
a 8 38 0 1 351672943510247.94
a 8 39 0 1 170512877746937.03
a 8 40 0 1 392187203928827.44
a 8 41 0 1 58239020618573.76
a 8 42 0 1 321856203476604.25
a 8 43 0 1 316942833083133.8
a 8 44 0 1 115895580213585.38
a 8 45 0 1 42298575626969.81
a 8 46 0 1 168719491809711.34
a 8 47 0 1 570968368937191.1
a 8 48 0 1 394772571895734.25
a 8 49 0 1 409764422238982.75
a 8 50 0 1 321132870274096.56
a 8 51 0 1 148251477119565.28
a 8 52 0 1 286513912415117.6
a 8 53 0 1 457406067294190.56
a 8 54 0 1 370213506525553.8
a 8 55 0 1 396895801925691.25
a 8 56 0 1 598075510367301.8
a 8 57 0 1 456426534081500.75
a 8 58 0 1 575657271631584.2
a 8 59 0 1 363226167758247.06
a 8 60 0 1 285625261060989.8
a 8 61 0 1 376257485599122.5
a 8 62 0 1 300795722057369.94
a 8 63 0 1 73764725098358.94
a 8 64 0 1 221663080508613.03
a 8 65 0 1 202091430560527.78
a 8 66 0 1 99270952428081.3
a 8 67 0 1 363540279691713.44
a 8 68 0 1 74680813083626.19
a 8 69 0 1 150667886693555.9
a 8 70 0 1 314360350819994.5
a 8 71 0 1 28333892851923.613
a 8 72 0 1 239983573802609.25
a 8 73 0 1 443408646220186.3
a 8 74 0 1 491392167722208.7
a 8 75 0 1 350883604729361.44
a 8 76 0 1 349981643354090.0
a 8 77 0 1 86164783906560.06
a 8 78 0 1 60544910981040.36
a 8 79 0 1 337716686955515.5
a 9 15 0 1 7223091054086.317
a 9 16 0 1 3062348344653.016
a 9 17 0 1 105682565950624.78
a 9 18 0 1 12599973754912.701
a 9 19 0 1 198459568286760.3
a 9 20 0 1 79363797176047.69
a 9 21 0 1 43286636986087.28
a 9 22 0 1 135972802251922.64
a 9 23 0 1 172598699002687.3
a 9 24 0 1 17180439117768.889
a 9 25 0 1 37894149134377.31
a 9 26 0 1 75019372769518.05
a 9 27 0 1 193850057033109.44
a 9 28 0 1 169880889308775.0
a 9 29 0 1 167930594424088.38
a 9 30 0 1 254570915912331.97
a 9 31 0 1 207913985043203.88
a 9 32 0 1 91108722727466.19
a 9 33 0 1 36859844438237.25
a 9 34 0 1 36093030972407.44
a 9 35 0 1 227441873654053.66
a 9 36 0 1 87692497889678.75
a 9 37 0 1 133673967087735.44
a 9 38 0 1 153673746720477.3
a 9 39 0 1 75385522756499.5
a 9 40 0 1 170928589500802.5
a 9 41 0 1 25933796775733.297
a 9 42 0 1 140915865000118.06
a 9 43 0 1 138808739055798.55
a 9 44 0 1 51418340351539.26
a 9 45 0 1 18854699595622.895
a 9 46 0 1 74601233665316.08
a 9 47 0 1 245969630529314.16
a 9 48 0 1 172026550287199.5
a 9 49 0 1 178385917175929.8
a 9 50 0 1 140605745039312.89
a 9 51 0 1 65637186973218.086
a 9 52 0 1 125728791460428.17
a 9 53 0 1 198511087125753.66
a 9 54 0 1 161581558490891.0
a 9 55 0 1 172927967924676.9
a 9 56 0 1 257191232173710.53
a 9 57 0 1 198098588303306.78
a 9 58 0 1 247913641949502.2
a 9 59 0 1 158603633142758.66
a 9 60 0 1 125346017062570.36
a 9 61 0 1 164155217244628.56
a 9 62 0 1 131874369934140.84
a 9 63 0 1 32814826561246.83
a 9 64 0 1 97678006783973.9
a 9 65 0 1 89165707388785.86
a 9 66 0 1 44089522916983.64
a 9 67 0 1 158737563141937.2
a 9 68 0 1 33220411076252.6
a 9 69 0 1 66696699195549.1
a 9 70 0 1 137700681404235.72
a 9 71 0 1 12641159762391.271
a 9 72 0 1 105626503699375.95
a 9 73 0 1 192611409738579.75
a 9 74 0 1 212789899243574.06
a 9 75 0 1 153336652872806.25
a 9 76 0 1 152951419613953.4
a 9 77 0 1 38300726201206.875
a 9 78 0 1 26956639066212.93
a 9 79 0 1 147708431233522.03
a 10 15 0 1 20015248731974.67
a 10 16 0 1 8478596573935.234
a 10 17 0 1 298944133064237.75
a 10 18 0 1 34953035825769.125
a 10 19 0 1 572951909009903.6
a 10 20 0 1 223240576987653.16
a 10 21 0 1 120842035476043.73
a 10 22 0 1 387153933544369.4
a 10 23 0 1 495416137920060.75
a 10 24 0 1 47704261735223.68
a 10 25 0 1 105669639967386.53
a 10 26 0 1 210826485603175.0
a 10 27 0 1 559063942691294.75
a 10 28 0 1 487320883777471.75
a 10 29 0 1 481517914823591.44
a 10 30 0 1 744443318653129.2
a 10 31 0 1 601530321917836.4
a 10 32 0 1 256917485563172.62
a 10 33 0 1 102763402681868.58
a 10 34 0 1 100609582903413.0
a 10 35 0 1 660960584225951.4
a 10 36 0 1 247104390053718.12
a 10 37 0 1 380417924277071.94
a 10 38 0 1 439253101643887.94
a 10 39 0 1 211871861116351.03
a 10 40 0 1 490440371152690.1
a 10 41 0 1 72139088175460.62
a 10 42 0 1 401661377635273.9
a 10 43 0 1 395473245320257.5
a 10 44 0 1 143786392240076.66
a 10 45 0 1 52371109640534.79
a 10 46 0 1 209632878624020.28
a 10 47 0 1 717857539413786.2
a 10 48 0 1 493711105454559.3
a 10 49 0 1 512687404032606.75
a 10 50 0 1 400750263363391.8
a 10 51 0 1 184095478180764.8
a 10 52 0 1 357189918406025.1
a 10 53 0 1 573107297598952.1
a 10 54 0 1 462662351292452.06
a 10 55 0 1 496397577846493.75
a 10 56 0 1 752564413129282.1
a 10 57 0 1 571863243165201.1
a 10 58 0 1 723856678854873.0
a 10 59 0 1 453837079677074.9
a 10 60 0 1 356072924224291.8
a 10 61 0 1 470299140037372.6
a 10 62 0 1 375149571354368.5
a 10 63 0 1 91409533685478.86
a 10 64 0 1 275828478374614.6
a 10 65 0 1 251334407448770.47
a 10 66 0 1 123103974869941.36
a 10 67 0 1 454233734715564.7
a 10 68 0 1 92547098269053.06
a 10 69 0 1 187108818011565.7
a 10 70 0 1 392221472166477.1
a 10 71 0 1 35067583769270.707
a 10 72 0 1 298781955784088.7
a 10 73 0 1 555337081198240.8
a 10 74 0 1 616318400105044.5
a 10 75 0 1 438257067004723.1
a 10 76 0 1 437118976498971.0
a 10 77 0 1 106812402160826.33
a 10 78 0 1 75000100543157.98
a 10 79 0 1 421649246317896.25
a 11 15 0 1 10013323519695.752
a 11 16 0 1 4244527816868.1084
a 11 17 0 1 147157612704411.28
a 11 18 0 1 17471442622750.314
a 11 19 0 1 277526841694108.28
a 11 20 0 1 110378173809547.12
a 11 21 0 1 60104747384319.07
a 11 22 0 1 189597330292003.0
a 11 23 0 1 241073672519348.25
a 11 24 0 1 23827696189234.82
a 11 25 0 1 52604402040618.96
a 11 26 0 1 104315510556026.84
a 11 27 0 1 271022811426004.6
a 11 28 0 1 237247832328806.22
a 11 29 0 1 234503018207776.28
a 11 30 0 1 356929428878404.9
a 11 31 0 1 290875936310272.06
a 11 32 0 1 126780299402668.3
a 11 33 0 1 51166216163416.375
a 11 34 0 1 50100059333995.016
a 11 35 0 1 318486223983771.2
a 11 36 0 1 122007628777894.92
a 11 37 0 1 186372256466477.56
a 11 38 0 1 214453376537306.62
a 11 39 0 1 104826381926977.42
a 11 40 0 1 238722556372114.0
a 11 41 0 1 35981859417820.586
a 11 42 0 1 196534366241795.97
a 11 43 0 1 193576861058899.53
a 11 44 0 1 71421927975326.11
a 11 45 0 1 26151695144872.723
a 11 46 0 1 103732122103481.78
a 11 47 0 1 344730128383379.75
a 11 48 0 1 240268181968503.56
a 11 49 0 1 249223551256799.25
a 11 50 0 1 196099053876493.53
a 11 51 0 1 91230799712678.53
a 11 52 0 1 175231128376087.94
a 11 53 0 1 277599550924395.44
a 11 54 0 1 225570960272553.53
a 11 55 0 1 241537248202831.06
a 11 56 0 1 360647863546694.0
a 11 57 0 1 277017395740025.2
a 11 58 0 1 347486458096602.6
a 11 59 0 1 221383333707484.22
a 11 60 0 1 174694589592632.84
a 11 61 0 1 229191038123483.5
a 11 62 0 1 183848051679427.03
a 11 63 0 1 45542960247112.3
a 11 64 0 1 135962176641037.8
a 11 65 0 1 124065607844878.97
a 11 66 0 1 61221783098224.75
a 11 67 0 1 221571644082443.38
a 11 68 0 1 46106698855848.125
a 11 69 0 1 92707872517543.08
a 11 70 0 1 192021853467629.94
a 11 71 0 1 17528584345753.672
a 11 72 0 1 147079173602578.8
a 11 73 0 1 269275560838752.7
a 11 74 0 1 297765133001350.56
a 11 75 0 1 213979639161684.78
a 11 76 0 1 213438266951116.4
a 11 77 0 1 53169778258676.48
a 11 78 0 1 37402712176529.32
a 11 79 0 1 206072175743382.6
a 12 15 0 1 8715736675278.199
a 12 16 0 1 3694814261662.482
a 12 17 0 1 127823838258921.92
a 12 18 0 1 15205694424234.244
a 12 19 0 1 240584103181893.44
a 12 20 0 1 95929982070545.42
a 12 21 0 1 52276792258929.484
a 12 22 0 1 164581352831237.22
a 12 23 0 1 209100781831644.16
a 12 24 0 1 20735680577397.05
a 12 25 0 1 45758433102730.805
a 12 26 0 1 90669210566274.05
a 12 27 0 1 234969443117304.56
a 12 28 0 1 205794451633103.28
a 12 29 0 1 203422111611680.06
a 12 30 0 1 309035939627133.44
a 12 31 0 1 252104218880081.7
a 12 32 0 1 110157769550170.5
a 12 33 0 1 44508374024720.46
a 12 34 0 1 43581644521697.77
a 12 35 0 1 275916156624438.1
a 12 36 0 1 106018520138801.27
a 12 37 0 1 161789770450595.38
a 12 38 0 1 186087063142117.8
a 12 39 0 1 91112547861846.97
a 12 40 0 1 207068970068420.5
a 12 41 0 1 31306957797763.63
a 12 42 0 1 170585017114297.9
a 12 43 0 1 168025599263611.5
a 12 44 0 1 62109473593005.32
a 12 45 0 1 22757313579626.06
a 12 46 0 1 90162934073464.47
a 12 47 0 1 298530336011157.2
a 12 48 0 1 208404701535559.66
a 12 49 0 1 216142670962669.2
a 12 50 0 1 170208313568622.38
a 12 51 0 1 79311870823925.5
a 12 52 0 1 152144011031734.47
a 12 53 0 1 240646863550339.2
a 12 54 0 1 195700735586449.84
a 12 55 0 1 209501381806929.7
a 12 56 0 1 312237308112229.2
a 12 57 0 1 240144361090477.38
a 12 58 0 1 300904347313345.06
a 12 59 0 1 192079973576837.66
a 12 60 0 1 151679402999438.84
a 12 61 0 1 198830395006389.25
a 12 62 0 1 159604656940499.78
a 12 63 0 1 39620167648446.305
a 12 64 0 1 118119343669041.45
a 12 65 0 1 107803441548757.66
a 12 66 0 1 53247453421638.58
a 12 67 0 1 192242803173368.7
a 12 68 0 1 40110253907717.64
a 12 69 0 1 80594174773886.48
a 12 70 0 1 166679805358020.7
a 12 71 0 1 15255412818535.0
a 12 72 0 1 127755856802242.06
a 12 73 0 1 233460918144841.6
a 12 74 0 1 258047617279571.25
a 12 75 0 1 185677335817670.72
a 12 76 0 1 185209104892047.0
a 12 77 0 1 46249838531171.48
a 12 78 0 1 32542515490626.047
a 12 79 0 1 178837415190732.78
a 13 15 0 1 15115121783035.156
a 13 16 0 1 6404951108609.664
a 13 17 0 1 223961844398019.2
a 13 18 0 1 26384720071650.445
a 13 19 0 1 425791130516525.7
a 13 20 0 1 167613164285216.8
a 13 21 0 1 90997057488438.11
a 13 22 0 1 289301065263401.4
a 13 23 0 1 369020662622662.75
a 13 24 0 1 35997162174357.91
a 13 25 0 1 79606254677002.53
a 13 26 0 1 158349021073988.28
a 13 27 0 1 415642553946363.94
a 13 28 0 1 363077821908564.3
a 13 29 0 1 358815968457630.4
a 13 30 0 1 550383126767050.25
a 13 31 0 1 446647166941530.75
a 13 32 0 1 192711013616184.84
a 13 33 0 1 77423241300965.08
a 13 34 0 1 75805170077263.11
a 13 35 0 1 489899298889959.6
a 13 36 0 1 185402885226896.8
a 13 37 0 1 284323684778486.5
a 13 38 0 1 327730029508642.56
a 13 39 0 1 159129402326590.84
a 13 40 0 1 365368230567464.44
a 13 41 0 1 54397787695865.09
a 13 42 0 1 300014074741353.56
a 13 43 0 1 295445598603805.8
a 13 44 0 1 108203862325842.95
a 13 45 0 1 39513502662686.93
a 13 46 0 1 157457925616933.9
a 13 47 0 1 531156320626802.44
a 13 48 0 1 367769219009065.94
a 13 49 0 1 381689890824816.3
a 13 50 0 1 299341538722207.6
a 13 51 0 1 138377948952636.73
a 13 52 0 1 267144573899113.53
a 13 53 0 1 425904630670664.8
a 13 54 0 1 344957512865586.9
a 13 55 0 1 369740951348986.8
a 13 56 0 1 556249792619570.5
a 13 57 0 1 424995907955209.5
a 13 58 0 1 535497737255261.94
a 13 59 0 1 338465643060673.7
a 13 60 0 1 266317857807040.16
a 13 61 0 1 350572318408879.5
a 13 62 0 1 280429382566646.62
a 13 63 0 1 68891326407614.87
a 13 64 0 1 206782739693663.7
a 13 65 0 1 188553632342198.53
a 13 66 0 1 92694377525048.36
a 13 67 0 1 338757497357751.4
a 13 68 0 1 69746404182193.37
a 13 69 0 1 140630807060632.38
a 13 70 0 1 293044248388119.25
a 13 71 0 1 26471102330637.594
a 13 72 0 1 223841399233065.53
a 13 73 0 1 412917678097620.5
a 13 74 0 1 457424678392889.4
a 13 75 0 1 326996477754634.1
a 13 76 0 1 326158251546277.7
a 13 77 0 1 80464538253778.81
a 13 78 0 1 56550597679379.18
a 13 79 0 1 314758752063260.2
a 14 15 0 1 6741512084345.1
a 14 16 0 1 2858266293266.072
a 14 17 0 1 98561428217418.84
a 14 18 0 1 11759420834434.133
a 14 19 0 1 184952391877223.4
a 14 20 0 1 74031217988335.34
a 14 21 0 1 40389410782619.88
a 14 22 0 1 126780674809287.03
a 14 23 0 1 160884368210590.62
a 14 24 0 1 16033755711610.275
a 14 25 0 1 35359319383583.086
a 14 26 0 1 69981059642207.664
a 14 27 0 1 180663170326205.06
a 14 28 0 1 158354398606397.47
a 14 29 0 1 156538829978934.16
a 14 30 0 1 237139408842589.0
a 14 31 0 1 193748882420931.2
a 14 32 0 1 84979235476922.8
a 14 33 0 1 34394476079974.33
a 14 34 0 1 33679149984441.867
a 14 35 0 1 211913613409654.97
a 14 36 0 1 81795013033884.69
a 14 37 0 1 124639486802091.52
a 14 38 0 1 143265135484030.28
a 14 39 0 1 70322419345575.12
a 14 40 0 1 159329700471882.84
a 14 41 0 1 24201253439015.55
a 14 42 0 1 131384493925995.77
a 14 43 0 1 129422024538249.11
a 14 44 0 1 47973837331070.516
a 14 45 0 1 17596043575597.332
a 14 46 0 1 69591228375728.08
a 14 47 0 1 229142746696592.6
a 14 48 0 1 160351772367925.28
a 14 49 0 1 166271240870356.94
a 14 50 0 1 131095668150389.28
a 14 51 0 1 61233433032788.26
a 14 52 0 1 117238569101593.62
a 14 53 0 1 185000329166354.78
a 14 54 0 1 150627995145340.62
a 14 55 0 1 161190872439353.75
a 14 56 0 1 239575309887465.12
a 14 57 0 1 184616505834272.12
a 14 58 0 1 230950202124876.88
a 14 59 0 1 147855396428904.47
a 14 60 0 1 116881991984128.19
a 14 61 0 1 153024095642709.38
a 14 62 0 1 122963246346459.33
a 14 63 0 1 30620963640147.445
a 14 64 0 1 91101908510432.89
a 14 65 0 1 83168194904785.47
a 14 66 0 1 41138303704363.24
a 14 67 0 1 147980094828922.03
a 14 68 0 1 30999335577654.336
a 14 69 0 1 62221349708453.31
a 14 70 0 1 128390010064613.62
a 14 71 0 1 11797855561501.58
a 14 72 0 1 98509186564332.97
a 14 73 0 1 179510535942152.72
a 14 74 0 1 198284963997866.75
a 14 75 0 1 142951251305200.44
a 14 76 0 1 142592540167988.2
a 14 77 0 1 35738587496019.65
a 14 78 0 1 25155565242777.875
a 14 79 0 1 137710297652445.23
a 15 1 0 1 0
a 16 1 0 1 0
a 17 1 0 1 0
a 18 1 0 1 0
a 19 1 0 1 0
a 20 1 0 1 0
a 21 1 0 1 0
a 22 1 0 1 0
a 23 1 0 1 0
a 24 1 0 1 0
a 25 1 0 1 0
a 26 1 0 1 0
a 27 1 0 1 0
a 28 1 0 1 0
a 29 1 0 1 0
a 30 1 0 1 0
a 31 1 0 1 0
a 32 1 0 1 0
a 33 1 0 1 0
a 34 1 0 1 0
a 35 1 0 1 0
a 36 1 0 1 0
a 37 1 0 1 0
a 38 1 0 1 0
a 39 1 0 1 0
a 40 1 0 1 0
a 41 1 0 1 0
a 42 1 0 1 0
a 43 1 0 1 0
a 44 1 0 1 0
a 45 1 0 1 0
a 46 1 0 1 0
a 47 1 0 1 0
a 48 1 0 1 0
a 49 1 0 1 0
a 50 1 0 1 0
a 51 1 0 1 0
a 52 1 0 1 0
a 53 1 0 1 0
a 54 1 0 1 0
a 55 1 0 1 0
a 56 1 0 1 0
a 57 1 0 1 0
a 58 1 0 1 0
a 59 1 0 1 0
a 60 1 0 1 0
a 61 1 0 1 0
a 62 1 0 1 0
a 63 1 0 1 0
a 64 1 0 1 0
a 65 1 0 1 0
a 66 1 0 1 0
a 67 1 0 1 0
a 68 1 0 1 0
a 69 1 0 1 0
a 70 1 0 1 0
a 71 1 0 1 0
a 72 1 0 1 0
a 73 1 0 1 0
a 74 1 0 1 0
a 75 1 0 1 0
a 76 1 0 1 0
a 77 1 0 1 0
a 78 1 0 1 0
a 79 1 0 1 0
