p min 82 951
n 0 13
n 1 -13
a 0 2 0 1 0
a 0 3 0 1 0
a 0 4 0 1 0
a 0 5 0 1 0
a 0 6 0 1 0
a 0 7 0 1 0
a 0 8 0 1 0
a 0 9 0 1 0
a 0 10 0 1 0
a 0 11 0 1 0
a 0 12 0 1 0
a 0 13 0 1 0
a 0 14 0 1 0
a 2 15 0 1 117767342697149.61
a 2 16 0 1 226323111079154.78
a 2 17 0 1 200741761758137.44
a 2 18 0 1 37111571121750.805
a 2 19 0 1 151402669450185.38
a 2 20 0 1 293717671771216.4
a 2 21 0 1 154041062222661.72
a 2 22 0 1 27620349127893.258
a 2 23 0 1 257192641978480.47
a 2 24 0 1 215728190781472.3
a 2 25 0 1 18131497001785.242
a 2 26 0 1 158804805720779.44
a 2 27 0 1 316626289680823.56
a 2 28 0 1 342250571454824.2
a 2 29 0 1 210162185347795.12
a 2 30 0 1 121423380203305.05
a 2 31 0 1 366987782079253.4
a 2 32 0 1 27970571654132.33
a 2 33 0 1 221020715500095.5
a 2 34 0 1 27757107592424.62
a 2 35 0 1 52494405123359.24
a 2 36 0 1 216548018167078.72
a 2 37 0 1 130868848291684.28
a 2 38 0 1 20504213225992.082
a 2 39 0 1 170118746547815.28
a 2 40 0 1 35699186310531.62
a 2 41 0 1 91174272791971.92
a 2 42 0 1 240476006297689.1
a 2 43 0 1 352375387660484.1
a 2 44 0 1 376879818494591.25
a 2 45 0 1 353416868089704.56
a 2 46 0 1 46699042948244.52
a 2 47 0 1 105289995246336.19
a 2 48 0 1 307687378702936.9
a 2 49 0 1 282234108123327.7
a 2 50 0 1 346834115574804.44
a 2 51 0 1 69978661433265.0
a 2 52 0 1 281012207599111.8
a 2 53 0 1 222427903006709.7
a 2 54 0 1 336391862492673.75
a 2 55 0 1 213246541071068.25
a 2 56 0 1 137397154992587.89
a 2 57 0 1 342789521778118.1
a 2 58 0 1 94046400622082.33
a 2 59 0 1 55182693939130.8
a 2 60 0 1 104630005368404.4
a 2 61 0 1 367868860299562.6
a 2 62 0 1 213088545176861.62
a 2 63 0 1 367949784900015.1
a 2 64 0 1 329703782668564.25
a 2 65 0 1 25943479848450.99
a 2 66 0 1 14446123472102.062
a 2 67 0 1 54557239908798.2
a 2 68 0 1 49816208578358.516
a 2 69 0 1 84512414109389.6
a 2 70 0 1 114812588212220.92
a 2 71 0 1 160471082729156.47
a 2 72 0 1 294261534389285.9
a 2 73 0 1 192413502026240.47
a 2 74 0 1 348481388669364.9
a 2 75 0 1 133788334448425.69
a 2 76 0 1 184672609286115.78
a 2 77 0 1 151287088061088.2
a 2 78 0 1 202410381384857.94
a 2 79 0 1 176761571128549.8
a 2 80 0 1 160438491048878.78
a 2 81 0 1 54908326584610.57
a 3 15 0 1 244118196116365.97
a 3 16 0 1 475697981765347.44
a 3 17 0 1 420530780557759.25
a 3 18 0 1 76165693947961.97
a 3 19 0 1 315174007487632.1
a 3 20 0 1 622873839615027.6
a 3 21 0 1 320773726384872.2
a 3 22 0 1 56621120483481.29
a 3 23 0 1 542775364384111.75
a 3 24 0 1 452803994681890.5
a 3 25 0 1 37126499768088.266
a 3 26 0 1 330893970416738.3
a 3 27 0 1 673526393259715.0
a 3 28 0 1 730570635917107.0
a 3 29 0 1 440802621773465.2
a 3 30 0 1 251812142935363.88
a 3 31 0 1 786035551337863.9
a 3 32 0 1 57341504821382.74
a 3 33 0 1 464232219173495.6
a 3 34 0 1 56902416201287.34
a 3 35 0 1 107938981108014.08
a 3 36 0 1 454573203394581.0
a 3 37 0 1 271722861331192.5
a 3 38 0 1 41996979853297.32
a 3 39 0 1 354979854046695.06
a 3 40 0 1 73254406416725.56
a 3 41 0 1 188368178285303.97
a 3 42 0 1 506381857641956.25
a 3 43 0 1 753224736572610.9
a 3 44 0 1 808325630127111.2
a 3 45 0 1 755558744202169.5
a 3 46 0 1 95954559419578.48
a 3 47 0 1 217913924075600.66
a 3 48 0 1 653723314466262.4
a 3 49 0 1 597603906355783.8
a 3 50 0 1 740818140964685.4
a 3 51 0 1 144199252937706.4
a 3 52 0 1 594919790141417.1
a 3 53 0 1 467273499269069.2
a 3 54 0 1 717491640538467.8
a 3 55 0 1 447450885926341.06
a 3 56 0 1 285512423364274.06
a 3 57 0 1 731774883013506.0
a 3 58 0 1 194371357138652.28
a 3 59 0 1 113503989158190.6
a 3 60 0 1 216530150356575.0
a 3 61 0 1 788018337713642.8
a 3 62 0 1 447110196463249.7
a 3 63 0 1 788200476388753.5
a 3 64 0 1 702587667311924.6
a 3 65 0 1 53172762829068.21
a 3 66 0 1 29567072917634.09
a 3 67 0 1 112208912000564.78
a 3 68 0 1 102398526916362.62
a 3 69 0 1 174460521187447.56
a 3 70 0 1 237905284860553.03
a 3 71 0 1 334436810405597.75
a 3 72 0 1 624072618739101.8
a 3 73 0 1 402651215151458.25
a 3 74 0 1 744504244585085.0
a 3 75 0 1 277886761765791.72
a 3 76 0 1 386067795561092.25
a 3 77 0 1 314928785074251.75
a 3 78 0 1 424117800248074.4
a 3 79 0 1 369154654181073.2
a 3 80 0 1 334367499258103.06
a 3 81 0 1 112935854246192.95
a 4 15 0 1 84657277566167.17
a 4 16 0 1 162117936781159.8
a 4 17 0 1 143914197086952.56
a 4 18 0 1 26747319075009.05
a 4 19 0 1 108717237607190.97
a 4 20 0 1 209927606660958.4
a 4 21 0 1 110602282670719.11
a 4 22 0 1 19912813861097.06
a 4 23 0 1 184043525528585.78
a 4 24 0 1 154582321978286.62
a 4 25 0 1 13075837851580.162
a 4 26 0 1 114004992734725.42
a 4 27 0 1 226129781233445.7
a 4 28 0 1 244222936310446.84
a 4 29 0 1 150621386183150.16
a 4 30 0 1 87275076133458.81
a 4 31 0 1 261659935352025.78
a 4 32 0 1 20165078815302.926
a 4 33 0 1 158347282604817.78
a 4 34 0 1 20011321530801.062
a 4 35 0 1 37815411989117.45
a 4 36 0 1 155165611941534.4
a 4 37 0 1 94035328847413.2
a 4 38 0 1 14785835826926.336
a 4 39 0 1 122082189082292.3
a 4 40 0 1 25730544002915.73
a 4 41 0 1 65597275317708.9
a 4 42 0 1 172175866956616.4
a 4 43 0 1 251363355522919.7
a 4 44 0 1 268624517927310.94
a 4 45 0 1 252097570167978.5
a 4 46 0 1 33646885788972.59
a 4 47 0 1 75718528195729.0
a 4 48 0 1 219810692027537.2
a 4 49 0 1 201796421461788.97
a 4 50 0 1 247456040022584.72
a 4 51 0 1 50382134507729.85
a 4 52 0 1 200930859035562.56
a 4 53 0 1 159348095298660.7
a 4 54 0 1 240088903617284.7
a 4 55 0 1 152816486727408.7
a 4 56 0 1 98705284920140.28
a 4 57 0 1 244603148934107.53
a 4 58 0 1 67657402178943.02
a 4 59 0 1 39748531776707.195
a 4 60 0 1 75245509863475.62
a 4 61 0 1 262280457303024.97
a 4 62 0 1 152704053786809.47
a 4 63 0 1 262337448663238.16
a 4 64 0 1 235367642614083.34
a 4 65 0 1 18704887667658.53
a 4 66 0 1 10419300724564.842
a 4 67 0 1 39298804466694.74
a 4 68 0 1 35889215242643.914
a 4 69 0 1 60817358605199.984
a 4 70 0 1 82541154967345.83
a 4 71 0 1 115194951470153.53
a 4 72 0 1 210312544631135.56
a 4 73 0 1 137981122718429.44
a 4 74 0 1 248617734742346.25
a 4 75 0 1 96123999800577.17
a 4 76 0 1 132463557160326.77
a 4 77 0 1 108634651021512.9
a 4 78 0 1 145102532593544.72
a 4 79 0 1 126821797736446.19
a 4 80 0 1 115171677627196.03
a 4 81 0 1 39551252544276.84
a 5 15 0 1 38429487632808.21
a 5 16 0 1 73234069984294.2
a 5 17 0 1 65085498701329.86
a 5 18 0 1 12185937878318.596
a 5 19 0 1 49276700285739.04
a 5 20 0 1 94545393634633.62
a 5 21 0 1 50125161673675.17
a 5 22 0 1 9076059288964.63
a 5 23 0 1 83023618678384.72
a 5 24 0 1 69863178203993.9
a 5 25 0 1 5962387672507.342
a 5 26 0 1 51656213478862.46
a 5 27 0 1 101738078619873.25
a 5 28 0 1 109752601675722.05
a 5 29 0 1 68090044369553.75
a 5 30 0 1 39611298227387.89
a 5 31 0 1 117458879026458.3
a 5 32 0 1 9190893846154.64
a 5 33 0 1 71547754721704.11
a 5 34 0 1 9120901798925.42
a 5 35 0 1 17216553139607.941
a 5 36 0 1 70124215584832.836
a 5 37 0 1 42661420912058.13
a 5 38 0 1 6741399283041.552
a 5 39 0 1 55287911787686.34
a 5 40 0 1 11723447509033.652
a 5 41 0 1 29813028164396.336
a 5 42 0 1 77728228071575.72
a 5 43 0 1 112910395790102.02
a 5 44 0 1 120532049696267.31
a 5 45 0 1 113234932246588.73
a 5 46 0 1 15322716023601.59
a 5 47 0 1 34391125245591.42
a 5 48 0 1 98934599319863.98
a 5 49 0 1 90930065659255.69
a 5 50 0 1 111182775057564.8
a 5 51 0 1 22919841297883.336
a 5 52 0 1 90544993596355.06
a 5 53 0 1 71995417949794.33
a 5 54 0 1 107923034599821.06
a 5 55 0 1 69072803067637.414
a 5 56 0 1 44766912082668.65
a 5 57 0 1 109920820706138.8
a 5 58 0 1 30745348977340.0
a 5 59 0 1 18094467897189.664
a 5 60 0 1 34177297322148.176
a 5 61 0 1 117732800412412.33
a 5 62 0 1 69022472881948.9
a 5 63 0 1 117757957414826.34
a 5 64 0 1 105832394877354.44
a 5 65 0 1 8526143927499.078
a 5 66 0 1 4751836713841.674
a 5 67 0 1 17890245976346.66
a 5 68 0 1 16341570272919.617
a 5 69 0 1 27648920122288.848
a 5 70 0 1 37473874077547.04
a 5 71 0 1 52191480537041.17
a 5 72 0 1 94716453475333.9
a 5 73 0 1 62425589364568.68
a 5 74 0 1 111696509304964.44
a 5 75 0 1 43603270441286.59
a 5 76 0 1 59950161328457.42
a 5 77 0 1 49239523318823.29
a 5 78 0 1 65618010997247.94
a 5 79 0 1 57417221253562.57
a 5 80 0 1 52181012274184.336
a 5 81 0 1 18004884490382.703
a 6 15 0 1 76319865074666.89
a 6 16 0 1 146022552494687.34
a 6 17 0 1 129653191110077.23
a 6 18 0 1 24128945715734.69
a 6 19 0 1 97983449977128.2
a 6 20 0 1 188981434283709.5
a 6 21 0 1 99680238916726.92
a 6 22 0 1 17964874458244.387
a 6 23 0 1 165729518237140.66
a 6 24 0 1 139247135156451.1
a 6 25 0 1 11797623298131.031
a 6 26 0 1 102742940066412.1
a 6 27 0 1 203528817449306.3
a 6 28 0 1 219767486268384.7
a 6 29 0 1 135685305702083.25
a 6 30 0 1 78677509773077.97
a 6 31 0 1 235410680729666.06
a 6 32 0 1 18192410274753.36
a 6 33 0 1 142632432482722.6
a 6 34 0 1 18053725729812.527
a 6 35 0 1 34109288829208.344
a 6 36 0 1 139771624807791.48
a 6 37 0 1 84765282596185.98
a 6 38 0 1 13340205382551.062
a 6 39 0 1 110012078215266.67
a 6 40 0 1 23211971926788.305
a 6 41 0 1 59149772127640.99
a 6 42 0 1 155063983034937.6
a 6 43 0 1 226174126906063.22
a 6 44 0 1 241656985065929.1
a 6 45 0 1 226832829271856.97
a 6 46 0 1 30350730422963.098
a 6 47 0 1 68268374751136.98
a 6 48 0 1 197855780937812.44
a 6 49 0 1 181678631949352.03
a 6 50 0 1 222668477166641.9
a 6 51 0 1 45437945552174.18
a 6 52 0 1 180901168643920.53
a 6 53 0 1 143532272183653.62
a 6 54 0 1 216057789083358.16
a 6 55 0 1 137659266993152.44
a 6 56 0 1 88970141414970.64
a 6 57 0 1 220108653972962.28
a 6 58 0 1 61005985505013.09
a 6 59 0 1 35852168970100.88
a 6 60 0 1 67842262342560.24
a 6 61 0 1 235967248309353.3
a 6 62 0 1 137558163236516.75
a 6 63 0 1 236018365418680.28
a 6 64 0 1 211820696148199.56
a 6 65 0 1 16875341421172.305
a 6 66 0 1 9401054246150.861
a 6 67 0 1 35446706448554.43
a 6 68 0 1 32372574505731.43
a 6 69 0 1 54842640927187.9
a 6 70 0 1 74413937149856.5
a 6 71 0 1 103813937985793.75
a 6 72 0 1 189327121286241.47
a 6 73 0 1 124316495954886.95
a 6 74 0 1 223710785400872.4
a 6 75 0 1 86645991167491.33
a 6 76 0 1 119352886291363.64
a 6 77 0 1 97909109486332.66
a 6 78 0 1 130721989707544.05
a 6 79 0 1 114276897330148.66
a 6 80 0 1 103792991122747.05
a 6 81 0 1 35674307620732.266
a 7 15 0 1 90081422326431.39
a 7 16 0 1 172604724296205.16
a 7 17 0 1 153202569281535.78
a 7 18 0 1 28448926778305.426
a 7 19 0 1 115703597211963.25
a 7 20 0 1 223587492967342.6
a 7 21 0 1 117711428189093.92
a 7 22 0 1 21178564034939.74
a 7 23 0 1 195980877587162.66
a 7 24 0 1 164572364322503.16
a 7 25 0 1 13906302326899.918
a 7 26 0 1 121335923870313.8
a 7 27 0 1 240873476309812.34
a 7 28 0 1 260182043187523.66
a 7 29 0 1 160350693111839.62
a 7 30 0 1 92868748252292.31
a 7 31 0 1 278795501687839.7
a 7 32 0 1 21446903739927.246
a 7 33 0 1 168585395033646.84
a 7 34 0 1 21283348662251.95
a 7 35 0 1 40224415749780.11
a 7 36 0 1 165194071766308.97
a 7 37 0 1 100067295275145.88
a 7 38 0 1 15725101386584.447
a 7 39 0 1 129940326491451.62
a 7 40 0 1 27367262605527.25
a 7 41 0 1 69790377882569.73
a 7 42 0 1 183327103022897.62
a 7 43 0 1 267803610855194.9
a 7 44 0 1 286231389795106.4
a 7 45 0 1 268587347553852.3
a 7 46 0 1 35789240960932.71
a 7 47 0 1 80564623238087.39
a 7 48 0 1 234131172338382.72
a 7 49 0 1 214914013460446.47
a 7 50 0 1 263632901053319.94
a 7 51 0 1 53596645203954.91
a 7 52 0 1 213990787707934.56
a 7 53 0 1 169652189008008.12
a 7 54 0 1 255769829425626.9
a 7 55 0 1 162690258616916.56
a 7 56 0 1 105040447899757.45
a 7 57 0 1 260587854698083.78
a 7 58 0 1 71983286591151.45
a 7 59 0 1 42281284084670.87
a 7 60 0 1 80061051100240.86
a 7 61 0 1 279457982711223.0
a 7 62 0 1 162570424297070.34
a 7 63 0 1 279518828091021.72
a 7 64 0 1 250731217958047.7
a 7 65 0 1 19893680498145.055
a 7 66 0 1 11080829549665.559
a 7 67 0 1 41802762276212.44
a 7 68 0 1 38174971913733.66
a 7 69 0 1 64702638177127.87
a 7 70 0 1 87828340161302.84
a 7 71 0 1 122603486752425.02
a 7 72 0 1 223998130521179.78
a 7 73 0 1 146880055401829.06
a 7 74 0 1 264872879836520.03
a 7 75 0 1 102291530119760.55
a 7 76 0 1 141000832215373.44
a 7 77 0 1 115615632493412.39
a 7 78 0 1 154468973804356.6
a 7 79 0 1 134989780554282.92
a 7 80 0 1 122578694869300.08
a 7 81 0 1 42071373348444.3
a 8 15 0 1 82964113094759.33
a 8 16 0 1 158846953002798.1
a 8 17 0 1 141016492582394.94
a 8 18 0 1 26215857944058.906
a 8 19 0 1 106536937075749.98
a 8 20 0 1 205668926414443.38
a 8 21 0 1 108383704288757.0
a 8 22 0 1 19517457567080.996
a 8 23 0 1 180320904361618.28
a 8 24 0 1 151466046696171.9
a 8 25 0 1 12816425720465.713
a 8 26 0 1 111717277472963.84
a 8 27 0 1 221533958510102.78
a 8 28 0 1 239249164286977.53
a 8 29 0 1 147586324771081.25
a 8 30 0 1 85529037845530.4
a 8 31 0 1 256320458843819.28
a 8 32 0 1 19764702555023.89
a 8 33 0 1 155153744385924.06
a 8 34 0 1 19614005009686.617
a 8 35 0 1 37063091080290.08
a 8 36 0 1 152037370922654.22
a 8 37 0 1 92152603680601.61
a 8 38 0 1 14492442331427.777
a 8 39 0 1 119630147230261.14
a 8 40 0 1 25219344597177.723
a 8 41 0 1 64288141311585.01
a 8 42 0 1 168697980682267.25
a 8 43 0 1 246240001964012.0
a 8 44 0 1 263138571696244.66
a 8 45 0 1 246958822209508.25
a 8 46 0 1 32977811070372.094
a 8 47 0 1 74205671765840.72
a 8 48 0 1 215346506407698.16
a 8 49 0 1 197706475158610.38
a 8 50 0 1 242414568944700.44
a 8 51 0 1 49378379589646.86
a 8 52 0 1 196858856202375.78
a 8 53 0 1 156134007783030.28
a 8 54 0 1 235201623652130.47
a 8 55 0 1 149736426577816.62
a 8 56 0 1 96728015177629.14
a 8 57 0 1 239621418069591.28
a 8 58 0 1 66306839264671.3
a 8 59 0 1 38957579545620.55
a 8 60 0 1 73742184799342.73
a 8 61 0 1 256927940141802.12
a 8 62 0 1 149626299011667.12
a 8 63 0 1 256983733701830.0
a 8 64 0 1 230579042124886.9
a 8 65 0 1 18333564635656.637
a 8 66 0 1 10212653736566.992
a 8 67 0 1 38516841057025.49
a 8 68 0 1 35175370548691.117
a 8 69 0 1 59604274018002.46
a 8 70 0 1 80890708734860.22
a 8 71 0 1 112883045884191.47
a 8 72 0 1 206045868688842.66
a 8 73 0 1 135204748901165.55
a 8 74 0 1 243551926492471.2
a 8 75 0 1 94199001214069.89
a 8 76 0 1 129799871307000.23
a 8 77 0 1 106456027126622.16
a 8 78 0 1 142180507242029.06
a 8 79 0 1 124273191396425.47
a 8 80 0 1 112860245230663.39
a 8 81 0 1 38764243498893.56
a 9 15 0 1 132580050913204.69
a 9 16 0 1 255196953924596.94
a 9 17 0 1 226266222324292.44
a 9 18 0 1 41730748856486.57
a 9 19 0 1 170529770678233.7
a 9 20 0 1 331523183797990.94
a 9 21 0 1 173508186883246.3
a 9 22 0 1 31053952100481.48
a 9 23 0 1 290138085468037.9
a 9 24 0 1 243212126608069.53
a 9 25 0 1 20382730818066.164
a 9 26 0 1 178886449807702.78
a 9 27 0 1 357503780587773.56
a 9 28 0 1 386586056923133.1
a 9 29 0 1 236917473422380.25
a 9 30 0 1 136703223317132.12
a 9 31 0 1 414683600263138.25
a 9 32 0 1 31447870121541.734
a 9 33 0 1 249198477926749.56
a 9 34 0 1 31207772755903.98
a 9 35 0 1 59041297177917.28
a 9 36 0 1 244139367153088.7
a 9 37 0 1 147357601780434.8
a 9 38 0 1 23050829688889.65
a 9 39 0 1 191662934791934.4
a 9 40 0 1 40141754505107.23
a 9 41 0 1 102602471308977.56
a 9 42 0 1 271212508539209.97
a 9 43 0 1 398083612919585.8
a 9 44 0 1 425925481195651.2
a 9 45 0 1 399266505299948.3
a 9 46 0 1 52518781481161.875
a 9 47 0 1 118511797525972.7
a 9 48 0 1 347364000784338.94
a 9 49 0 1 318506607319038.4
a 9 50 0 1 391790595555927.3
a 9 51 0 1 78725961968878.55
a 9 52 0 1 317121857917089.56
a 9 53 0 1 250790302505932.28
a 9 54 0 1 379934672365643.25
a 9 55 0 1 240405472782527.22
a 9 56 0 1 154723191192198.03
a 9 57 0 1 387197987510999.8
a 9 58 0 1 105839011702599.36
a 9 59 0 1 62067260951404.234
a 9 60 0 1 117767800014803.45
a 9 61 0 1 415684766695593.06
a 9 62 0 1 240226792393970.8
a 9 63 0 1 415776722454742.6
a 9 64 0 1 372343186735920.1
a 9 65 0 1 29167923222747.188
a 9 66 0 1 16238919824046.62
a 9 67 0 1 61363222869844.766
a 9 68 0 1 56026927224339.23
a 9 69 0 1 95096407673428.66
a 9 70 0 1 129248088936319.9
a 9 71 0 1 180767855050993.78
a 9 72 0 1 332139764068640.5
a 9 73 0 1 216852342809229.0
a 9 74 0 1 393661228800685.06
a 9 75 0 1 150651348761728.06
a 9 76 0 1 208104503462166.53
a 9 77 0 1 170399299043664.72
a 9 78 0 1 228152635888861.84
a 9 79 0 1 199166479166642.8
a 9 80 0 1 180731054658883.56
a 9 81 0 1 61758419633654.18
a 10 15 0 1 131574026011954.95
a 10 16 0 1 253232985066842.16
a 10 17 0 1 224530699377207.47
a 10 18 0 1 41417374321541.15
a 10 19 0 1 169230126106194.03
a 10 20 0 1 328949223844951.7
a 10 21 0 1 172185390170385.47
a 10 22 0 1 30821039040682.305
a 10 23 0 1 287896190352289.1
a 10 24 0 1 241342976822561.72
a 10 25 0 1 20230041289362.65
a 10 26 0 1 177521806280517.5
a 10 27 0 1 354719748618410.4
a 10 28 0 1 383565390242729.9
a 10 29 0 1 235098020488881.16
a 10 30 0 1 135665420276319.64
a 10 31 0 1 411432813775130.1
a 10 32 0 1 31211991940295.574
a 10 33 0 1 247281999016993.7
a 10 34 0 1 30973701880549.742
a 10 35 0 1 58597050619213.22
a 10 36 0 1 242262890679669.47
a 10 37 0 1 146237544486797.16
a 10 38 0 1 22878100409331.38
a 10 39 0 1 190198674472161.72
a 10 40 0 1 39840367238513.53
a 10 41 0 1 101826591883990.08
a 10 42 0 1 269121425228071.72
a 10 43 0 1 394968959331126.56
a 10 44 0 1 422582208954298.56
a 10 45 0 1 396142168135232.56
a 10 46 0 1 52123907546155.01
a 10 47 0 1 117613974492274.83
a 10 48 0 1 344662104654425.7
a 10 49 0 1 316037428056100.25
a 10 50 0 1 388727414883399.3
a 10 51 0 1 78132264058940.92
a 10 52 0 1 314663807272141.75
a 10 53 0 1 248861227459772.5
a 10 54 0 1 376968264932924.5
a 10 55 0 1 238558490609235.8
a 10 56 0 1 153546152680641.16
a 10 57 0 1 384172324812148.1
a 10 58 0 1 105038360380121.98
a 10 59 0 1 61600084154047.14
a 10 60 0 1 116875689543431.53
a 10 61 0 1 412425753345929.56
a 10 62 0 1 238381220999263.3
a 10 63 0 1 412516953384838.7
a 10 64 0 1 369438606870385.6
a 10 65 0 1 28949203085683.035
a 10 66 0 1 16117329716680.135
a 10 67 0 1 60901382568749.5
a 10 68 0 1 55605507289032.69
a 10 69 0 1 94377907847056.45
a 10 70 0 1 128267722290231.84
a 10 71 0 1 179388560672636.34
a 10 72 0 1 329560833042928.3
a 10 73 0 1 215190829756109.75
a 10 74 0 1 390582755252933.25
a 10 75 0 1 149505822438489.34
a 10 76 0 1 206511621512185.0
a 10 77 0 1 169100668307437.25
a 10 78 0 1 226402263212126.88
a 10 79 0 1 197643578894779.06
a 10 80 0 1 179352046912386.12
a 10 81 0 1 61293583909884.64
a 11 15 0 1 158398341977848.9
a 11 16 0 1 305748695147836.4
a 11 17 0 1 270906349022226.2
a 11 18 0 1 49756002305064.83
a 11 19 0 1 203913579688818.28
a 11 20 0 1 397901058242257.6
a 11 21 0 1 207489125630373.7
a 11 22 0 1 37017185375394.516
a 11 23 0 1 347893157318317.2
a 11 24 0 1 291309170356613.25
a 11 25 0 1 24291054060302.473
a 11 26 0 1 213946899442989.78
a 11 27 0 1 429345838289622.25
a 11 28 0 1 464591782406089.9
a 11 29 0 1 283728529224447.06
a 11 30 0 1 163339661829704.16
a 11 31 0 1 498692022893320.25
a 11 32 0 1 37487073764819.98
a 11 33 0 1 298520608564367.06
a 11 34 0 1 37200670646072.16
a 11 35 0 1 70422637567759.22
a 11 36 0 1 292426034482791.5
a 11 37 0 1 176112469719642.3
a 11 38 0 1 27472372569823.883
a 11 39 0 1 229294293805189.5
a 11 40 0 1 47859740676144.51
a 11 41 0 1 122500301773577.53
a 11 42 0 1 325057279759567.5
a 11 43 0 1 478539955228080.06
a 11 44 0 1 512348832505710.8
a 11 45 0 1 479975419009826.7
a 11 46 0 1 62633691962862.2
a 11 47 0 1 141545566104089.1
a 11 48 0 1 417068773089525.56
a 11 49 0 1 382161697466099.8
a 11 50 0 1 470904654009732.9
a 11 51 0 1 93943136670337.69
a 11 52 0 1 380487868869613.7
a 11 53 0 1 300438537300985.0
a 11 54 0 1 456526294431212.25
a 11 55 0 1 287928844168872.9
a 11 56 0 1 184946220052258.44
a 11 57 0 1 465333943167283.9
a 11 58 0 1 126373693278007.58
a 11 59 0 1 74036902738005.23
a 11 60 0 1 140654610109429.5
a 11 61 0 1 499907947374349.1
a 11 62 0 1 287713657113434.7
a 11 63 0 1 500019631379861.94
a 11 64 0 1 447324042580416.0
a 11 65 0 1 34767533998810.926
a 11 66 0 1 19350909133453.453
a 11 67 0 1 73195943372411.47
a 11 68 0 1 66822706811483.68
a 11 69 0 1 113519460812656.67
a 11 70 0 1 154405909493909.66
a 11 71 0 1 216206314594602.4
a 11 72 0 1 398646858647745.3
a 11 73 0 1 259579067797765.56
a 11 74 0 1 473174041900298.2
a 11 75 0 1 180062380334156.28
a 11 76 0 1 249057668490803.16
a 11 77 0 1 203756961600117.9
a 11 78 0 1 273176782937712.84
a 11 79 0 1 238311957110094.62
a 11 80 0 1 216162118421580.9
a 11 81 0 1 73667994714932.67
a 12 15 0 1 150768568221270.12
a 12 16 0 1 290779734280581.5
a 12 17 0 1 257694222589665.9
a 12 18 0 1 47387816221249.92
a 12 19 0 1 194042000530497.66
a 12 20 0 1 378220553911650.75
a 12 21 0 1 197440488663703.16
a 12 22 0 1 35257778927189.13
a 12 23 0 1 330781212849282.44
a 12 24 0 1 277069909188661.22
a 12 25 0 1 23138125449934.977
a 12 26 0 1 203578128045776.6
a 12 27 0 1 408035809399470.4
a 12 28 0 1 441441901862826.7
a 12 29 0 1 269871433702636.28
a 12 30 0 1 155467588090633.44
a 12 31 0 1 473748579238007.2
a 12 32 0 1 35705241851969.164
a 12 33 0 1 283917206147873.6
a 12 34 0 1 35432507622173.33
a 12 35 0 1 67063182954527.32
a 12 36 0 1 278130414877371.56
a 12 37 0 1 167612859260344.88
a 12 38 0 1 26167993340423.89
a 12 39 0 1 218162880768730.06
a 12 40 0 1 45582283430683.11
a 12 41 0 1 116622955817098.67
a 12 42 0 1 309108955614382.0
a 12 43 0 1 454658057816702.25
a 12 44 0 1 486683334957102.94
a 12 45 0 1 456018060237751.4
a 12 46 0 1 59648359042599.82
a 12 47 0 1 134740207073276.44
a 12 48 0 1 396396295148446.56
a 12 49 0 1 363292642775825.2
a 12 50 0 1 447423742317368.3
a 12 51 0 1 89450052112122.55
a 12 52 0 1 361704945171549.8
a 12 53 0 1 285738192471703.06
a 12 54 0 1 433798684953832.5
a 12 55 0 1 273860074882979.22
a 12 56 0 1 176011573788489.03
a 12 57 0 1 442145169222424.9
a 12 58 0 1 120307923182786.77
a 12 59 0 1 70503629243439.95
a 12 60 0 1 133892750801251.75
a 12 61 0 1 474900303333970.6
a 12 62 0 1 273655736847753.66
a 12 63 0 1 475006089609492.2
a 12 64 0 1 425077312954506.56
a 12 65 0 1 33115460354159.082
a 12 66 0 1 18432952922649.465
a 12 67 0 1 69703125970465.82
a 12 68 0 1 63636244873935.15
a 12 69 0 1 108078380219884.6
a 12 70 0 1 146971715175766.62
a 12 71 0 1 205725429208533.5
a 12 72 0 1 378927834996402.56
a 12 73 0 1 246935212847627.6
a 12 74 0 1 449574017743317.75
a 12 75 0 1 171368352565613.72
a 12 76 0 1 236940395497957.62
a 12 77 0 1 193893134861228.66
a 12 78 0 1 259850583023820.25
a 12 79 0 1 226731243074062.25
a 12 80 0 1 205683426616597.47
a 12 81 0 1 70152469223241.266
a 13 15 0 1 144326993533080.5
a 13 16 0 1 278161566531291.53
a 13 17 0 1 246552841437537.9
a 13 18 0 1 45386197870447.65
a 13 19 0 1 185711703188645.2
a 13 20 0 1 361647307714471.0
a 13 21 0 1 188961096511541.56
a 13 22 0 1 33770515889931.27
a 13 23 0 1 316363151095628.94
a 13 24 0 1 265064990003345.66
a 13 25 0 1 22163405236670.465
a 13 26 0 1 194829189183132.38
a 13 27 0 1 390096503454083.3
a 13 28 0 1 421961347095254.75
a 13 29 0 1 258187766883722.94
a 13 30 0 1 148821788893903.0
a 13 31 0 1 452766706045524.8
a 13 32 0 1 34199029275563.117
a 13 33 0 1 271606234493714.1
a 13 34 0 1 33937845248567.582
a 13 35 0 1 64224330614445.62
a 13 36 0 1 266078124613033.12
a 13 37 0 1 160438233239468.16
a 13 38 0 1 25065267738369.21
a 13 39 0 1 208771960500349.66
a 13 40 0 1 43657313053335.01
a 13 41 0 1 111659054486542.61
a 13 42 0 1 295668016943650.06
a 13 43 0 1 434564624052238.1
a 13 44 0 1 465097381407924.06
a 13 45 0 1 435861457458236.5
a 13 46 0 1 57125451713230.53
a 13 47 0 1 128993654327239.77
a 13 48 0 1 378991347425627.8
a 13 49 0 1 347400000955813.6
a 13 50 0 1 427666009174025.2
a 13 51 0 1 85654158023207.73
a 13 52 0 1 345884559554841.0
a 13 53 0 1 273345750876032.72
a 13 54 0 1 414671761743964.56
a 13 55 0 1 261998466495889.6
a 13 56 0 1 168470424594063.78
a 13 57 0 1 422632046292879.56
a 13 58 0 1 115185087057953.23
a 13 59 0 1 67518004289633.44
a 13 60 0 1 128182877203580.45
a 13 61 0 1 453864711732280.3
a 13 62 0 1 261803248199823.5
a 13 63 0 1 453965563271403.1
a 13 64 0 1 406353180272543.56
a 13 65 0 1 31718896138788.63
a 13 66 0 1 17656846639108.367
a 13 67 0 1 66751661162311.46
a 13 68 0 1 60943478257807.984
a 13 69 0 1 103482515279943.22
a 13 70 0 1 140695001521778.64
a 13 71 0 1 196882101289127.2
a 13 72 0 1 362322286484677.75
a 13 73 0 1 236271753405641.0
a 13 74 0 1 429716559072409.6
a 13 75 0 1 164029919139426.78
a 13 76 0 1 226719899266538.16
a 13 77 0 1 185569365843758.22
a 13 78 0 1 248613278865039.22
a 13 79 0 1 216962204486702.8
a 13 80 0 1 196841945435725.7
a 13 81 0 1 67181830181334.17
a 14 15 0 1 134771620763844.53
a 14 16 0 1 259476852596449.7
a 14 17 0 1 230047973266002.16
a 14 18 0 1 42413245007072.01
a 14 19 0 1 173361279111453.6
a 14 20 0 1 337133633753445.75
a 14 21 0 1 176390160825948.06
a 14 22 0 1 31561196848475.086
a 14 23 0 1 295024140799981.2
a 14 24 0 1 247285253284245.5
a 14 25 0 1 20715252696847.426
a 14 26 0 1 181859640846608.2
a 14 27 0 1 363572590613065.94
a 14 28 0 1 393171269163372.44
a 14 29 0 1 240882231884863.72
a 14 30 0 1 138964046390716.22
a 14 31 0 1 421771083290986.9
a 14 32 0 1 31961572953446.332
a 14 33 0 1 253374813451671.88
a 14 34 0 1 31717539243795.195
a 14 35 0 1 60008864902059.88
a 14 36 0 1 248228470629168.03
a 14 37 0 1 149797686760400.03
a 14 38 0 1 23426996189398.77
a 14 39 0 1 194853280357581.03
a 14 40 0 1 40798140791039.1
a 14 41 0 1 104292539551096.14
a 14 42 0 1 275769628289256.56
a 14 43 0 1 404873955366158.1
a 14 44 0 1 433214852032393.2
a 14 45 0 1 406077983343935.9
a 14 46 0 1 53378800236059.414
a 14 47 0 1 120467578112441.44
a 14 48 0 1 353253588682736.25
a 14 49 0 1 323888460690065.2
a 14 50 0 1 398468594543621.2
a 14 51 0 1 80019105022871.19
a 14 52 0 1 322479433379170.5
a 14 53 0 1 254994106556538.4
a 14 54 0 1 386401468048097.7
a 14 55 0 1 244430260607108.7
a 14 56 0 1 157287465281078.03
a 14 57 0 1 393794103406869.6
a 14 58 0 1 107583055425175.39
a 14 59 0 1 63084779206717.984
a 14 60 0 1 119711132528623.36
a 14 61 0 1 422790207643790.56
a 14 62 0 1 244248503891376.3
a 14 63 0 1 422883813024524.8
a 14 64 0 1 378675054335068.5
a 14 65 0 1 29644255742624.81
a 14 66 0 1 16503711465334.152
a 14 67 0 1 62369116189935.516
a 14 68 0 1 56944770962176.984
a 14 69 0 1 96661455283192.88
a 14 70 0 1 131383743634796.8
a 14 71 0 1 183772982469375.44
a 14 72 0 1 337761059685815.56
a 14 73 0 1 220472726109616.8
a 14 74 0 1 400372605180979.3
a 14 75 0 1 153146942200824.03
a 14 76 0 1 211575254595190.34
a 14 77 0 1 173228597604001.97
a 14 78 0 1 231966765525988.28
a 14 79 0 1 202484661300010.34
a 14 80 0 1 183735557264968.44
a 14 81 0 1 62770838127382.55
a 15 1 0 1 0
a 16 1 0 1 0
a 17 1 0 1 0
a 18 1 0 1 0
a 19 1 0 1 0
a 20 1 0 1 0
a 21 1 0 1 0
a 22 1 0 1 0
a 23 1 0 1 0
a 24 1 0 1 0
a 25 1 0 1 0
a 26 1 0 1 0
a 27 1 0 1 0
a 28 1 0 1 0
a 29 1 0 1 0
a 30 1 0 1 0
a 31 1 0 1 0
a 32 1 0 1 0
a 33 1 0 1 0
a 34 1 0 1 0
a 35 1 0 1 0
a 36 1 0 1 0
a 37 1 0 1 0
a 38 1 0 1 0
a 39 1 0 1 0
a 40 1 0 1 0
a 41 1 0 1 0
a 42 1 0 1 0
a 43 1 0 1 0
a 44 1 0 1 0
a 45 1 0 1 0
a 46 1 0 1 0
a 47 1 0 1 0
a 48 1 0 1 0
a 49 1 0 1 0
a 50 1 0 1 0
a 51 1 0 1 0
a 52 1 0 1 0
a 53 1 0 1 0
a 54 1 0 1 0
a 55 1 0 1 0
a 56 1 0 1 0
a 57 1 0 1 0
a 58 1 0 1 0
a 59 1 0 1 0
a 60 1 0 1 0
a 61 1 0 1 0
a 62 1 0 1 0
a 63 1 0 1 0
a 64 1 0 1 0
a 65 1 0 1 0
a 66 1 0 1 0
a 67 1 0 1 0
a 68 1 0 1 0
a 69 1 0 1 0
a 70 1 0 1 0
a 71 1 0 1 0
a 72 1 0 1 0
a 73 1 0 1 0
a 74 1 0 1 0
a 75 1 0 1 0
a 76 1 0 1 0
a 77 1 0 1 0
a 78 1 0 1 0
a 79 1 0 1 0
a 80 1 0 1 0
a 81 1 0 1 0
