p min 81 937
n 0 13
n 1 -13
a 0 2 0 1 0
a 0 3 0 1 0
a 0 4 0 1 0
a 0 5 0 1 0
a 0 6 0 1 0
a 0 7 0 1 0
a 0 8 0 1 0
a 0 9 0 1 0
a 0 10 0 1 0
a 0 11 0 1 0
a 0 12 0 1 0
a 0 13 0 1 0
a 0 14 0 1 0
a 2 15 0 1 416371392096440.1
a 2 16 0 1 324977722364248.2
a 2 17 0 1 335912300606286.6
a 2 18 0 1 103335463835253.77
a 2 19 0 1 316385845285595.25
a 2 20 0 1 483335505521865.8
a 2 21 0 1 284751264602500.0
a 2 22 0 1 5181966558757.99
a 2 23 0 1 68090150622144.875
a 2 24 0 1 279949936625410.03
a 2 25 0 1 319768602279364.4
a 2 26 0 1 129571938212930.94
a 2 27 0 1 216884282996607.16
a 2 28 0 1 104818678175525.55
a 2 29 0 1 131683719972983.02
a 2 30 0 1 120859884609984.34
a 2 31 0 1 435926400856375.75
a 2 32 0 1 340225327172823.5
a 2 33 0 1 203628792475308.72
a 2 34 0 1 125136263928454.61
a 2 35 0 1 446460139819118.25
a 2 36 0 1 72693755446667.67
a 2 37 0 1 141452458645959.34
a 2 38 0 1 437728839860734.2
a 2 39 0 1 98449653542422.62
a 2 40 0 1 157767232763175.88
a 2 41 0 1 439344009586653.56
a 2 42 0 1 458654736852544.06
a 2 43 0 1 286966314946324.7
a 2 44 0 1 198226057141772.38
a 2 45 0 1 326845111767210.1
a 2 46 0 1 397510361314384.9
a 2 47 0 1 34059489856924.48
a 2 48 0 1 429574178823310.4
a 2 49 0 1 384260345400105.2
a 2 50 0 1 350786004214336.1
a 2 51 0 1 379317374142128.75
a 2 52 0 1 247776394904034.8
a 2 53 0 1 236262352044385.97
a 2 54 0 1 332521629986957.3
a 2 55 0 1 232028833877350.28
a 2 56 0 1 183814458911695.8
a 2 57 0 1 51893291392495.07
a 2 58 0 1 286263429608833.1
a 2 59 0 1 131902790602886.75
a 2 60 0 1 17075683388657.168
a 2 61 0 1 412273830064964.2
a 2 62 0 1 110653931778179.1
a 2 63 0 1 159408965351733.47
a 2 64 0 1 201571593026864.56
a 2 65 0 1 178701263856489.75
a 2 66 0 1 79047204801596.48
a 2 67 0 1 263135375024038.5
a 2 68 0 1 207154520684421.12
a 2 69 0 1 496561651833479.75
a 2 70 0 1 66080320341064.336
a 2 71 0 1 419642746612260.1
a 2 72 0 1 96088691844670.28
a 2 73 0 1 128510850385280.16
a 2 74 0 1 369633374356417.6
a 2 75 0 1 70738937159166.0
a 2 76 0 1 126486786915653.27
a 2 77 0 1 443969094661221.8
a 2 78 0 1 354082182233263.25
a 2 79 0 1 124115396381390.9
a 2 80 0 1 460789339126652.5
a 3 15 0 1 319938946428619.75
a 3 16 0 1 250323616025833.78
a 3 17 0 1 258670935723039.66
a 3 18 0 1 80062579834689.52
a 3 19 0 1 243761198126075.9
a 3 20 0 1 370723479500256.94
a 3 21 0 1 219572524877696.72
a 3 22 0 1 4025098466372.344
a 3 23 0 1 52803348507354.17
a 3 24 0 1 215897675283305.2
a 3 25 0 1 246345291149142.53
a 3 26 0 1 100321641134108.33
a 3 27 0 1 167540114291639.88
a 3 28 0 1 81208619121332.88
a 3 29 0 1 101951085833570.17
a 3 30 0 1 93597533261054.11
a 3 31 0 1 334788705218425.56
a 3 32 0 1 261962077915405.0
a 3 33 0 1 157355262260174.6
a 3 34 0 1 96898498553382.6
a 3 35 0 1 342781184160445.6
a 3 36 0 1 56366687066241.67
a 3 37 0 1 109486260494813.88
a 3 38 0 1 336156638196162.6
a 3 39 0 1 76286818284624.53
a 3 40 0 1 122062110217604.86
a 3 41 0 1 337382329793940.44
a 3 42 0 1 352027994836224.25
a 3 43 0 1 221267562979593.84
a 3 44 0 1 153202007593266.38
a 3 45 0 1 251749509699434.28
a 3 46 0 1 305600958456866.25
a 3 47 0 1 26436085467855.2
a 3 48 0 1 329966694587989.6
a 3 49 0 1 295519492353461.4
a 3 50 0 1 270017345044982.78
a 3 51 0 1 291756678330955.06
a 3 52 0 1 191248068909231.72
a 3 53 0 1 182416275325921.7
a 3 54 0 1 256083072327037.53
a 3 55 0 1 179167603771640.8
a 3 56 0 1 142117512536013.25
a 3 57 0 1 40259678396852.06
a 3 58 0 1 220729711216333.97
a 3 59 0 1 102120109737164.6
a 3 60 0 1 13259499514963.791
a 3 61 0 1 316825286120548.3
a 3 62 0 1 85716496666670.98
a 3 63 0 1 123327000342322.27
a 3 64 0 1 155773968419354.7
a 3 65 0 1 138182724588733.36
a 3 66 0 1 61283059370421.586
a 3 67 0 1 203020605611150.03
a 3 68 0 1 160064957303068.53
a 3 69 0 1 380731565417441.9
a 3 70 0 1 51247407463016.664
a 3 71 0 1 322424280685638.75
a 3 72 0 1 74461917745799.94
a 3 73 0 1 99502840531094.47
a 3 74 0 1 284381815747895.1
a 3 75 0 1 54853698954436.586
a 3 76 0 1 97940822057521.45
a 3 77 0 1 340891524843935.44
a 3 78 0 1 272530587496216.94
a 3 79 0 1 96110551557428.23
a 3 80 0 1 353645956397361.94
a 4 15 0 1 461174924194635.7
a 4 16 0 1 359534938199509.3
a 4 17 0 1 371682825032329.4
a 4 18 0 1 114015396954001.83
a 4 19 0 1 349992078214911.2
a 4 20 0 1 535800353479563.1
a 4 21 0 1 314874007519659.06
a 4 22 0 1 5710884635837.204
a 4 23 0 1 75095853643377.06
a 4 24 0 1 309546431307964.0
a 4 25 0 1 353749002741368.06
a 4 26 0 1 143008419293614.88
a 4 27 0 1 239628047524553.22
a 4 28 0 1 115653955700742.1
a 4 29 0 1 145342877785256.3
a 4 30 0 1 133378987912604.03
a 4 31 0 1 482953616787879.25
a 4 32 0 1 376475362290287.06
a 4 33 0 1 224946184637326.6
a 4 34 0 1 138105415082501.33
a 4 35 0 1 494689822465257.2
a 4 36 0 1 80177504765730.25
a 4 37 0 1 156143239711658.34
a 4 38 0 1 484961580753226.6
a 4 39 0 1 108618285779598.39
a 4 40 0 1 174186659756319.0
a 4 41 0 1 486761002615486.44
a 4 42 0 1 508280544638900.4
a 4 43 0 1 317332055552752.3
a 4 44 0 1 218963463400849.47
a 4 45 0 1 361609294237870.44
a 4 46 0 1 440179660933962.44
a 4 47 0 1 37548682184626.1
a 4 48 0 1 475877833146896.4
a 4 49 0 1 425436487560157.9
a 4 50 0 1 388212383731315.56
a 4 51 0 1 419937784747948.1
a 4 52 0 1 273863120334231.06
a 4 53 0 1 261100014431386.2
a 4 54 0 1 367915560090928.1
a 4 55 0 1 256408159084627.06
a 4 56 0 1 203008675936645.1
a 4 57 0 1 57221522875807.99
a 4 58 0 1 316552046680869.94
a 4 59 0 1 145585055161049.62
a 4 60 0 1 18821214789538.81
a 4 61 0 1 456612822099862.44
a 4 62 0 1 122100933623366.48
a 4 63 0 1 176002741612068.16
a 4 64 0 1 222668049767477.25
a 4 65 0 1 197349322604597.12
a 4 66 0 1 87191626730064.16
a 4 67 0 1 290893994273570.44
a 4 68 0 1 228850832322123.44
a 4 69 0 1 550555330885675.3
a 4 70 0 1 72877494443666.33
a 4 71 0 1 464817502224198.4
a 4 72 0 1 106010476646419.5
a 4 73 0 1 141835490279992.6
a 4 74 0 1 409167063267824.1
a 4 75 0 1 78019626428564.27
a 4 76 0 1 139598169440691.27
a 4 77 0 1 491914121506668.25
a 4 78 0 1 391876371588447.75
a 4 79 0 1 136977066520768.19
a 4 80 0 1 510659981197732.06
a 5 15 0 1 334817770129254.44
a 5 16 0 1 261866590944298.88
a 5 17 0 1 270610950036557.9
a 5 18 0 1 83679028281588.97
a 5 19 0 1 254992593101734.8
a 5 20 0 1 388071416401444.0
a 5 21 0 1 229659704337613.97
a 5 22 0 1 4205254742780.473
a 5 23 0 1 55180658283281.74
a 5 24 0 1 225811603740499.6
a 5 25 0 1 257699318560768.47
a 5 26 0 1 104864299627796.6
a 5 27 0 1 175188463595256.6
a 5 28 0 1 84877342073962.83
a 5 29 0 1 106568436290513.67
a 5 30 0 1 97832275827445.77
a 5 31 0 1 350386385789541.3
a 5 32 0 1 274058854936715.6
a 5 33 0 1 164529802519881.34
a 5 34 0 1 101284339360892.98
a 5 35 0 1 358766838026108.1
a 5 36 0 1 58905515991237.28
a 5 37 0 1 114449396532453.38
a 5 38 0 1 351820668287029.1
a 5 39 0 1 79731144213225.95
a 5 40 0 1 127603745447992.62
a 5 41 0 1 353105828817613.2
a 5 42 0 1 368463445305152.1
a 5 43 0 1 231434706860687.44
a 5 44 0 1 160183668002144.2
a 5 45 0 1 263360250500000.44
a 5 46 0 1 319788140227970.5
a 5 47 0 1 27622513916480.004
a 5 48 0 1 345330665507504.6
a 5 49 0 1 309221791191794.3
a 5 50 0 1 282498333671197.9
a 5 51 0 1 305278301204835.1
a 5 52 0 1 200003849657158.3
a 5 53 0 1 190758770995301.8
a 5 54 0 1 267899909673371.8
a 5 55 0 1 187358298564584.53
a 5 56 0 1 148585345742892.34
a 5 57 0 1 42069509044968.85
a 5 58 0 1 230871478083621.66
a 5 59 0 1 106745209742944.86
a 5 60 0 1 13853631032332.383
a 5 61 0 1 331553708232619.06
a 5 62 0 1 89590978294631.78
a 5 63 0 1 128926918579190.2
a 5 64 0 1 162875049607669.5
a 5 65 0 1 144468488526563.47
a 5 66 0 1 64044965359633.76
a 5 67 0 1 212328653775311.03
a 5 68 0 1 167365441653640.56
a 5 69 0 1 398569671254845.3
a 5 70 0 1 53554232922254.9
a 5 71 0 1 337423236597761.44
a 5 72 0 1 77823109512099.88
a 5 73 0 1 104007977163114.52
a 5 74 0 1 297549801376133.75
a 5 75 0 1 57323930172286.82
a 5 76 0 1 102374399090793.36
a 5 77 0 1 356785382713849.75
a 5 78 0 1 285131602997524.8
a 5 79 0 1 100460314000011.1
a 5 80 0 1 370160213358116.3
a 6 15 0 1 621910737411799.0
a 6 16 0 1 482835336285830.9
a 6 17 0 1 499394705498655.4
a 6 18 0 1 151644949214110.12
a 6 19 0 1 469838777022808.5
a 6 20 0 1 724797915903564.8
a 6 21 0 1 422099502525388.0
a 6 22 0 1 7564646032164.849
a 6 23 0 1 99732386707414.08
a 6 24 0 1 414869313916960.1
a 6 25 0 1 474954153604906.5
a 6 26 0 1 190418663307092.6
a 6 27 0 1 320272090085071.2
a 6 28 0 1 153833945633775.8
a 6 29 0 1 193544449744319.7
a 6 30 0 1 177531087021114.0
a 6 31 0 1 651868300547802.1
a 6 32 0 1 505932277397340.44
a 6 33 0 1 300475871491397.8
a 6 34 0 1 183855505839619.38
a 6 35 0 1 668035439384141.2
a 6 36 0 1 106501712603926.7
a 6 37 0 1 208013311327005.75
a 6 38 0 1 654633190087539.5
a 6 39 0 1 144436757930710.47
a 6 40 0 1 232212788294092.5
a 6 41 0 1 657111334702259.9
a 6 42 0 1 686777920585184.8
a 6 43 0 1 425436450335766.1
a 6 44 0 1 292415772071712.1
a 6 45 0 1 485661800564226.9
a 6 46 0 1 593083998320144.2
a 6 47 0 1 49796477465934.86
a 6 48 0 1 642129054077297.8
a 6 49 0 1 572872413802966.2
a 6 50 0 1 521954039242237.56
a 6 51 0 1 565340684140286.4
a 6 52 0 1 366523835377026.7
a 6 53 0 1 349265848660950.9
a 6 54 0 1 494257565443975.5
a 6 55 0 1 342926110149118.75
a 6 56 0 1 270939813533479.62
a 6 57 0 1 75942630283210.2
a 6 58 0 1 424377468301629.56
a 6 59 0 1 193868752315449.2
a 6 60 0 1 24942847707662.74
a 6 61 0 1 615642494530089.5
a 6 62 0 1 162449339386397.62
a 6 63 0 1 234650383937310.3
a 6 64 0 1 297406246081917.9
a 6 65 0 1 263328583219305.16
a 6 66 0 1 115849631738733.22
a 6 67 0 1 389580507489579.5
a 6 68 0 1 305738409729878.9
a 6 69 0 1 745220658401867.8
a 6 70 0 1 96778109238351.56
a 6 71 0 1 626917340865154.0
a 6 72 0 1 140954936428168.94
a 6 73 0 1 188848353138573.6
a 6 74 0 1 550597919046975.25
a 6 75 0 1 103626856688956.69
a 6 76 0 1 185853440005755.4
a 6 77 0 1 664210299533276.6
a 6 78 0 1 526958851386102.9
a 6 79 0 1 182345454328936.8
a 6 80 0 1 690061606686089.0
a 7 15 0 1 463994008282327.06
a 7 16 0 1 361706584327169.9
a 7 17 0 1 373931052221651.3
a 7 18 0 1 114684586004382.3
a 7 19 0 1 352103716532746.9
a 7 20 0 1 539104598405065.06
a 7 21 0 1 316765953991866.9
a 7 22 0 1 5743984730789.291
a 7 23 0 1 75534623437168.69
a 7 24 0 1 311405205381346.2
a 7 25 0 1 355884249673896.8
a 7 26 0 1 143850613751797.34
a 7 27 0 1 241055245171033.9
a 7 28 0 1 116332891314585.62
a 7 29 0 1 146199052890325.72
a 7 30 0 1 134163593300951.94
a 7 31 0 1 485913424254164.7
a 7 32 0 1 378753861289509.1
a 7 33 0 1 226283642103667.38
a 7 34 0 1 138918270942748.6
a 7 35 0 1 497725758633545.4
a 7 36 0 1 80646242199009.38
a 7 37 0 1 157064194706603.9
a 7 38 0 1 487934398508150.44
a 7 39 0 1 109255397588527.69
a 7 40 0 1 175216200245761.84
a 7 41 0 1 489745484587980.0
a 7 42 0 1 511404898232965.4
a 7 43 0 1 319239320984062.0
a 7 44 0 1 220264440027351.72
a 7 45 0 1 363794001982840.6
a 7 46 0 1 442863754505604.94
a 7 47 0 1 37767117588515.69
a 7 48 0 1 478791842405926.44
a 7 49 0 1 428026180630647.25
a 7 50 0 1 390565161141299.7
a 7 51 0 1 422492352131555.75
a 7 52 0 1 275500763073198.1
a 7 53 0 1 262659006371244.03
a 7 54 0 1 370140015136219.2
a 7 55 0 1 257938296553114.16
a 7 56 0 1 204212611903064.3
a 7 57 0 1 57555163506260.34
a 7 58 0 1 318454450023748.06
a 7 59 0 1 146442681055197.16
a 7 60 0 1 18930467730395.46
a 7 61 0 1 459402517954971.4
a 7 62 0 1 122818253429123.5
a 7 63 0 1 177043236461688.12
a 7 64 0 1 223991609889390.72
a 7 65 0 1 198518923176755.7
a 7 66 0 1 87701786003061.0
a 7 67 0 1 292636950190941.9
a 7 68 0 1 230212126441703.34
a 7 69 0 1 553956499611560.1
a 7 70 0 1 73303193129955.77
a 7 71 0 1 467660073455460.5
a 7 72 0 1 106632103541071.28
a 7 73 0 1 142670663132825.7
a 7 74 0 1 411652956896506.94
a 7 75 0 1 78475634059061.7
a 7 76 0 1 140419954117139.0
a 7 77 0 1 494932033964819.44
a 7 78 0 1 394252378160147.9
a 7 79 0 1 137783175283687.2
a 7 80 0 1 513799843406070.8
a 8 15 0 1 117704888375161.98
a 8 16 0 1 92559219543699.64
a 8 17 0 1 95587938097753.61
a 8 18 0 1 29969839276391.81
a 8 19 0 1 90175525022845.81
a 8 20 0 1 135886578669380.08
a 8 21 0 1 81369553324976.03
a 8 22 0 1 1514974067326.8367
a 8 23 0 1 19804688340358.668
a 8 24 0 1 80028981216175.17
a 8 25 0 1 91114429705423.47
a 8 26 0 1 37498679062973.03
a 8 27 0 1 62321119200761.78
a 8 28 0 1 30396328869112.2
a 8 29 0 1 38103268105381.79
a 8 30 0 1 35002257183211.254
a 8 31 0 1 123035467589579.36
a 8 32 0 1 96781067745583.62
a 8 33 0 1 58575625586363.45
a 8 34 0 1 36228091755348.09
a 8 35 0 1 125899671935144.16
a 8 36 0 1 21135754986225.31
a 8 37 0 1 40897263670494.96
a 8 38 0 1 123525923312113.62
a 8 39 0 1 28564219085008.684
a 8 40 0 1 45553518850813.88
a 8 41 0 1 123965295947911.77
a 8 42 0 1 129209162922694.36
a 8 43 0 1 81987654410071.84
a 8 44 0 1 57046665987355.8
a 8 45 0 1 93076849585583.02
a 8 46 0 1 112546926097951.72
a 8 47 0 1 9934060590437.459
a 8 48 0 1 121305803936965.88
a 8 49 0 1 108913678714303.11
a 8 50 0 1 99698892542291.72
a 8 51 0 1 107556219984804.06
a 8 52 0 1 71018255898972.67
a 8 53 0 1 67781872633595.05
a 8 54 0 1 94649361544963.16
a 8 55 0 1 66590357906052.8
a 8 56 0 1 52961547728561.62
a 8 57 0 1 15113620641369.72
a 8 58 0 1 81791541639249.39
a 8 59 0 1 38165974555063.234
a 8 60 0 1 4987327074215.057
a 8 61 0 1 116585703740096.47
a 8 62 0 1 32073214838560.76
a 8 63 0 1 46021379237411.73
a 8 64 0 1 57993604439888.4
a 8 65 0 1 51509823635010.07
a 8 66 0 1 22971117352769.61
a 8 67 0 1 75325783998593.75
a 8 68 0 1 59572661975139.68
a 8 69 0 1 139453549400705.52
a 8 70 0 1 19223260020150.543
a 8 71 0 1 118597856526887.38
a 8 72 0 1 27884579935089.54
a 8 73 0 1 37194817485704.57
a 8 74 0 1 104893510885757.11
a 8 75 0 1 20570669696234.76
a 8 76 0 1 36615043585831.49
a 8 77 0 1 125222794265975.73
a 8 78 0 1 100608547205291.06
a 8 79 0 1 35935535818159.695
a 8 80 0 1 129787776384943.58
a 9 15 0 1 241185402533417.78
a 9 16 0 1 189079581122024.53
a 9 17 0 1 195338472918173.97
a 9 18 0 1 60764013474677.266
a 9 19 0 1 184156911641085.97
a 9 20 0 1 279063755821650.84
a 9 21 0 1 165996217037923.97
a 9 22 0 1 3061311467508.257
a 9 23 0 1 40105774657172.79
a 9 24 0 1 163234960129647.38
a 9 25 0 1 186095540335153.34
a 9 26 0 1 76096850198468.4
a 9 27 0 1 126845410344153.1
a 9 28 0 1 61631844018336.945
a 9 29 0 1 77329320580115.67
a 9 30 0 1 71009715322321.03
a 9 31 0 1 252272943046787.25
a 9 32 0 1 197805372006252.0
a 9 33 0 1 119168439652810.89
a 9 34 0 1 73507305651172.72
a 9 35 0 1 258236531967916.6
a 9 36 0 1 42808011881225.09
a 9 37 0 1 83027268836762.19
a 9 38 0 1 253293823958733.47
a 9 39 0 1 57904450199940.45
a 9 40 0 1 92531502747411.38
a 9 41 0 1 254208481603550.56
a 9 42 0 1 265132562728534.47
a 9 43 0 1 167269661320167.34
a 9 44 0 1 116036595451299.4
a 9 45 0 1 190148941540402.28
a 9 46 0 1 230470867993255.9
a 9 47 0 1 20093680954627.734
a 9 48 0 1 248673652338617.34
a 9 49 0 1 222931810752435.6
a 9 50 0 1 203841278843429.97
a 9 51 0 1 220116796657496.34
a 9 52 0 1 144698414038915.8
a 9 53 0 1 138050546375435.2
a 9 54 0 1 193398392708419.4
a 9 55 0 1 135604365571054.97
a 9 56 0 1 107674507403365.66
a 9 57 0 1 30589094529580.004
a 9 58 0 1 166865598688337.9
a 9 59 0 1 77457159497415.78
a 9 60 0 1 10082019219817.686
a 9 61 0 1 238859377127176.75
a 9 62 0 1 65044864465949.37
a 9 63 0 1 93487074862783.02
a 9 64 0 1 117976120448732.28
a 9 65 0 1 104704862731668.2
a 9 66 0 1 46535434621567.73
a 9 67 0 1 153554636593308.38
a 9 68 0 1 121211341918537.56
a 9 69 0 1 286515131365601.44
a 9 70 0 1 38925667716373.71
a 9 71 0 1 243041741138873.7
a 9 72 0 1 56522150269671.74
a 9 73 0 1 75477487795346.6
a 9 74 0 1 214597776865695.2
a 9 75 0 1 41660711532692.72
a 9 76 0 1 74295856885296.02
a 9 77 0 1 256826813989271.94
a 9 78 0 1 205723906542646.28
a 9 79 0 1 72911167841375.03
a 9 80 0 1 266338812555472.0
a 10 15 0 1 557565326666685.94
a 10 16 0 1 433603643903663.6
a 10 17 0 1 448386011798107.9
a 10 18 0 1 136709115422829.67
a 10 19 0 1 421997526481362.7
a 10 20 0 1 648990956050840.8
a 10 21 0 1 379333868056599.9
a 10 22 0 1 6830682609157.827
a 10 23 0 1 89962534185649.27
a 10 24 0 1 372868050075245.6
a 10 25 0 1 426566075958166.4
a 10 26 0 1 171587915265904.2
a 10 27 0 1 288167354537481.94
a 10 28 0 1 138679054062524.86
a 10 29 0 1 174398344436665.38
a 10 30 0 1 159998399497062.5
a 10 31 0 1 584210508356939.2
a 10 32 0 1 454220363953584.94
a 10 33 0 1 270417844902016.38
a 10 34 0 1 165686244002338.06
a 10 35 0 1 598581602089563.5
a 10 36 0 1 96061372282862.4
a 10 37 0 1 187404796735063.6
a 10 38 0 1 586668661035649.6
a 10 39 0 1 130221562047771.98
a 10 40 0 1 209148556112571.6
a 10 41 0 1 588871732697381.1
a 10 42 0 1 615234486757976.9
a 10 43 0 1 382317652036424.44
a 10 44 0 1 263188676563714.4
a 10 45 0 1 436127225620267.25
a 10 46 0 1 531906798804902.8
a 10 47 0 1 44943677604825.555
a 10 48 0 1 575550351984275.0
a 10 49 0 1 513905434665422.2
a 10 50 0 1 468514731476047.25
a 10 51 0 1 507194990239697.0
a 10 52 0 1 329604469310352.8
a 10 53 0 1 314148347686047.75
a 10 54 0 1 443800790290955.56
a 10 55 0 1 308468917030538.0
a 10 56 0 1 243919973714914.34
a 10 57 0 1 68521647647381.695
a 10 58 0 1 381370773001615.06
a 10 59 0 1 174689916780387.72
a 10 60 0 1 22518377995773.598
a 10 61 0 1 551987590198931.3
a 10 62 0 1 146431320346734.4
a 10 63 0 1 211338106901756.8
a 10 64 0 1 267664836137027.78
a 10 65 0 1 237088662522544.0
a 10 66 0 1 104481850166557.81
a 10 67 0 1 350243823565204.3
a 10 68 0 1 275137111222934.06
a 10 69 0 1 667109798085899.1
a 10 70 0 1 87300576806719.5
a 10 71 0 1 562019767896516.06
a 10 72 0 1 127087449746101.45
a 10 73 0 1 170175955020404.75
a 10 74 0 1 494056157053272.2
a 10 75 0 1 93471379959976.45
a 10 76 0 1 167482905941090.6
a 10 77 0 1 595181942803313.0
a 10 78 0 1 472978780957047.5
a 10 79 0 1 164328260097085.2
a 10 80 0 1 618151249678242.4
a 11 15 0 1 234411649451469.84
a 11 16 0 1 183800347056236.5
a 11 17 0 1 189880638000292.97
a 11 18 0 1 59091742798091.18
a 11 19 0 1 179017973033791.06
a 11 20 0 1 271192578184760.16
a 11 21 0 1 161373521628501.94
a 11 22 0 1 2977605117741.3447
a 11 23 0 1 39004588668188.01
a 11 24 0 1 158690573782546.0
a 11 25 0 1 180901369494644.44
a 11 26 0 1 73999001423377.67
a 11 27 0 1 123328521802389.03
a 11 28 0 1 59935524825212.555
a 11 29 0 1 75197199895789.95
a 11 30 0 1 69053226986082.43
a 11 31 0 1 245178919520554.34
a 11 32 0 1 192277074065245.16
a 11 33 0 1 115867251895229.69
a 11 34 0 1 71481434815734.19
a 11 35 0 1 250969917828611.44
a 11 36 0 1 41632274232156.31
a 11 37 0 1 80736579543105.2
a 11 38 0 1 246170271718031.56
a 11 39 0 1 56311388038388.805
a 11 40 0 1 89975869006753.17
a 11 41 0 1 247058467403215.84
a 11 42 0 1 257666085299301.66
a 11 43 0 1 162610834812439.22
a 11 44 0 1 112823297130688.64
a 11 45 0 1 184839210407174.8
a 11 46 0 1 224005857321973.22
a 11 47 0 1 19543204122221.72
a 11 48 0 1 241683683599260.6
a 11 49 0 1 216683597228890.6
a 11 50 0 1 198140410849095.47
a 11 51 0 1 213949439501967.16
a 11 52 0 1 140678472261967.23
a 11 53 0 1 134218159852978.6
a 11 54 0 1 187995945768991.3
a 11 55 0 1 131840922577620.89
a 11 56 0 1 104695574076355.17
a 11 57 0 1 29750104074470.73
a 11 58 0 1 162218237657893.62
a 11 59 0 1 75321483392245.73
a 11 60 0 1 9806126703008.662
a 11 61 0 1 232152712018730.1
a 11 62 0 1 63253921476101.51
a 11 63 0 1 90904771952280.2
a 11 64 0 1 114708400194781.36
a 11 65 0 1 101809054417168.42
a 11 66 0 1 45256787556633.65
a 11 67 0 1 149284401797313.25
a 11 68 0 1 117852790667461.6
a 11 69 0 1 278426973841495.06
a 11 70 0 1 37857025391058.18
a 11 71 0 1 236214421898715.9
a 11 72 0 1 54967358968116.85
a 11 73 0 1 73396858365301.86
a 11 74 0 1 208588796263972.16
a 11 75 0 1 40516632109129.87
a 11 76 0 1 72248072214825.97
a 11 77 0 1 249601018889673.1
a 11 78 0 1 199969165453779.53
a 11 79 0 1 70901861105374.84
a 11 80 0 1 258837343475324.0
a 12 15 0 1 245566119898343.16
a 12 16 0 1 192492796387484.6
a 12 17 0 1 198867279605156.8
a 12 18 0 1 61844457656752.74
a 12 19 0 1 187479332430518.78
a 12 20 0 1 284155258842802.0
a 12 21 0 1 168984584280628.66
a 12 22 0 1 3115377364910.5283
a 12 23 0 1 40817167399415.74
a 12 24 0 1 166172660417349.22
a 12 25 0 1 189453704981405.56
a 12 26 0 1 77452367211735.28
a 12 27 0 1 129118445911426.12
a 12 28 0 1 62727830800264.055
a 12 29 0 1 78706991207178.48
a 12 30 0 1 72273858951811.06
a 12 31 0 1 256861064263016.9
a 12 32 0 1 201379784890691.97
a 12 33 0 1 121301976224712.8
a 12 34 0 1 74816296532725.11
a 12 35 0 1 262936431542730.6
a 12 36 0 1 43567577528421.03
a 12 37 0 1 84507443124076.0
a 12 38 0 1 257901068936120.28
a 12 39 0 1 58933702776981.72
a 12 40 0 1 94182959081006.78
a 12 41 0 1 258832864393390.78
a 12 42 0 1 269961912964425.84
a 12 43 0 1 170281406348324.22
a 12 44 0 1 118113295036907.9
a 12 45 0 1 193581894115771.1
a 12 46 0 1 234651670796723.03
a 12 47 0 1 20449265168730.223
a 12 48 0 1 253194385979577.4
a 12 49 0 1 226972248691336.5
a 12 50 0 1 207527390407998.72
a 12 51 0 1 224104887263662.2
a 12 52 0 1 147296830826899.88
a 12 53 0 1 140527642786379.17
a 12 54 0 1 196891351163491.9
a 12 55 0 1 138036867933187.44
a 12 56 0 1 109599655373388.42
a 12 57 0 1 31131075692589.05
a 12 58 0 1 169869925211819.28
a 12 59 0 1 78837128391098.62
a 12 60 0 1 10260224574492.258
a 12 61 0 1 243196652201384.88
a 12 62 0 1 66202008154892.48
a 12 63 0 1 95155773310899.8
a 12 64 0 1 120088013786403.34
a 12 65 0 1 106576261327558.0
a 12 66 0 1 47361499287571.96
a 12 67 0 1 156314969209892.28
a 12 68 0 1 123381975757067.31
a 12 69 0 1 291747204096543.1
a 12 70 0 1 39616032207932.305
a 12 71 0 1 247457145642980.03
a 12 72 0 1 57526669355299.48
a 12 73 0 1 76821874206169.03
a 12 74 0 1 218483337340998.3
a 12 75 0 1 42399820477994.914
a 12 76 0 1 75619012611032.25
a 12 77 0 1 261500276440846.97
a 12 78 0 1 209444889812157.72
a 12 79 0 1 74209451962744.16
a 12 80 0 1 271190827754769.47
a 13 15 0 1 490313900626248.0
a 13 16 0 1 381966144625357.7
a 13 17 0 1 394906960327170.44
a 13 18 0 1 120916387705408.95
a 13 19 0 1 371802048454817.5
a 13 20 0 1 569971973224003.0
a 13 21 0 1 334410283109715.25
a 13 22 0 1 6051995627844.588
a 13 23 0 1 79619535169004.19
a 13 24 0 1 328739483503058.94
a 13 25 0 1 375803373684607.8
a 13 26 0 1 151695134992522.38
a 13 27 0 1 254357958588502.12
a 13 28 0 1 122655530778438.55
a 13 29 0 1 154173927704593.75
a 13 30 0 1 141471207874462.03
a 13 31 0 1 513551794623689.2
a 13 32 0 1 400012971359200.9
a 13 33 0 1 238748569060291.12
a 13 34 0 1 146489257331044.6
a 13 35 0 1 526077585518210.5
a 13 36 0 1 85010305546670.42
a 13 37 0 1 165643124597087.28
a 13 38 0 1 515694688408419.25
a 13 39 0 1 115188254941029.6
a 13 40 0 1 184807869413743.0
a 13 41 0 1 517615083195414.0
a 13 42 0 1 540585510893519.5
a 13 43 0 1 337026839411863.94
a 13 44 0 1 232388844335535.72
a 13 45 0 1 384175732857743.25
a 13 46 0 1 467919297838300.5
a 13 47 0 1 39800201897367.45
a 13 48 0 1 506001067500568.8
a 13 49 0 1 452197791401096.56
a 13 50 0 1 412519254901948.8
a 13 51 0 1 446335109345208.44
a 13 52 0 1 290768828587429.3
a 13 53 0 1 277192434827735.5
a 13 54 0 1 390893541951708.6
a 13 55 0 1 272202244578184.12
a 13 56 0 1 215431354659954.6
a 13 57 0 1 60660943453553.38
a 13 58 0 1 336196520992931.0
a 13 59 0 1 154431083069678.8
a 13 60 0 1 19947206118594.902
a 13 61 0 1 485447119359098.3
a 13 62 0 1 129498653198819.52
a 13 63 0 1 186737087672448.9
a 13 64 0 1 236326811551647.56
a 13 65 0 1 209417270471547.2
a 13 66 0 1 92451730724001.47
a 13 67 0 1 308888907948812.4
a 13 68 0 1 242899567541931.44
a 13 69 0 1 585732987045213.6
a 13 70 0 1 77266352386336.81
a 13 71 0 1 494199992842449.3
a 13 72 0 1 112420657149459.5
a 13 73 0 1 150449717552953.94
a 13 74 0 1 434852856578685.4
a 13 75 0 1 82721115569046.27
a 13 76 0 1 148074185218851.16
a 13 77 0 1 523114936050932.3
a 13 78 0 1 416423840136742.75
a 13 79 0 1 145291258627833.6
a 13 80 0 1 543125844990630.9
a 14 15 0 1 633891459794728.5
a 14 16 0 1 491983022636225.44
a 14 17 0 1 508874880213323.1
a 14 18 0 1 154407179406909.88
a 14 19 0 1 478726415366500.5
a 14 20 0 1 738934903771175.2
a 14 21 0 1 430038709825959.9
a 14 22 0 1 7700122285032.0
a 14 23 0 1 101537947656533.84
a 14 24 0 1 422665804645303.3
a 14 25 0 1 483944050741820.5
a 14 26 0 1 193903070847446.62
a 14 27 0 1 326223476427249.75
a 14 28 0 1 156636772154995.53
a 14 29 0 1 197087363005886.44
a 14 30 0 1 180774728758524.4
a 14 31 0 1 664471488014218.6
a 14 32 0 1 515544073652877.7
a 14 33 0 1 306046292367923.06
a 14 34 0 1 187217209475188.2
a 14 35 0 1 680976376817828.4
a 14 36 0 1 108431362596330.16
a 14 37 0 1 211827599574979.94
a 14 38 0 1 667294048300512.2
a 14 39 0 1 147065454852246.4
a 14 40 0 1 236483020616633.3
a 14 41 0 1 669823914527514.0
a 14 42 0 1 700112019845807.6
a 14 43 0 1 433441607354628.25
a 14 44 0 1 297831587832956.56
a 14 45 0 1 494866146771227.44
a 14 46 0 1 604469875607969.6
a 14 47 0 1 50692719153111.45
a 14 48 0 1 654529396222105.1
a 14 49 0 1 583843617925037.8
a 14 50 0 1 531889259084109.2
a 14 51 0 1 576157865695843.8
a 14 52 0 1 373372236225535.1
a 14 53 0 1 355778405619190.25
a 14 54 0 1 503634455361218.5
a 14 55 0 1 349315635813906.44
a 14 56 0 1 275945112113675.94
a 14 57 0 1 77313658373926.0
a 14 58 0 1 432361690547202.75
a 14 59 0 1 197417738043840.56
a 14 60 0 1 25390463766259.426
a 14 61 0 1 627493527475386.5
a 14 62 0 1 165412146445242.66
a 14 63 0 1 238966686837742.56
a 14 64 0 1 302917752336345.06
a 14 65 0 1 268188887434883.1
a 14 66 0 1 117950963291089.19
a 14 67 0 1 396879724248782.25
a 14 68 0 1 311409932108048.5
a 14 69 0 1 759791896747706.6
a 14 70 0 1 98529576801022.0
a 14 71 0 1 639001786801061.0
a 14 72 0 1 143519212677549.94
a 14 73 0 1 192303385178622.56
a 14 74 0 1 561114401403471.0
a 14 75 0 1 105503783409660.08
a 14 76 0 1 189252476750959.0
a 14 77 0 1 677071209473387.6
a 14 78 0 1 536995350725772.06
a 14 79 0 1 185678952966307.7
a 14 80 0 1 703464766489626.2
a 15 1 0 1 0
a 16 1 0 1 0
a 17 1 0 1 0
a 18 1 0 1 0
a 19 1 0 1 0
a 20 1 0 1 0
a 21 1 0 1 0
a 22 1 0 1 0
a 23 1 0 1 0
a 24 1 0 1 0
a 25 1 0 1 0
a 26 1 0 1 0
a 27 1 0 1 0
a 28 1 0 1 0
a 29 1 0 1 0
a 30 1 0 1 0
a 31 1 0 1 0
a 32 1 0 1 0
a 33 1 0 1 0
a 34 1 0 1 0
a 35 1 0 1 0
a 36 1 0 1 0
a 37 1 0 1 0
a 38 1 0 1 0
a 39 1 0 1 0
a 40 1 0 1 0
a 41 1 0 1 0
a 42 1 0 1 0
a 43 1 0 1 0
a 44 1 0 1 0
a 45 1 0 1 0
a 46 1 0 1 0
a 47 1 0 1 0
a 48 1 0 1 0
a 49 1 0 1 0
a 50 1 0 1 0
a 51 1 0 1 0
a 52 1 0 1 0
a 53 1 0 1 0
a 54 1 0 1 0
a 55 1 0 1 0
a 56 1 0 1 0
a 57 1 0 1 0
a 58 1 0 1 0
a 59 1 0 1 0
a 60 1 0 1 0
a 61 1 0 1 0
a 62 1 0 1 0
a 63 1 0 1 0
a 64 1 0 1 0
a 65 1 0 1 0
a 66 1 0 1 0
a 67 1 0 1 0
a 68 1 0 1 0
a 69 1 0 1 0
a 70 1 0 1 0
a 71 1 0 1 0
a 72 1 0 1 0
a 73 1 0 1 0
a 74 1 0 1 0
a 75 1 0 1 0
a 76 1 0 1 0
a 77 1 0 1 0
a 78 1 0 1 0
a 79 1 0 1 0
a 80 1 0 1 0
