p min 82 951
n 0 13
n 1 -13
a 0 2 0 1 0
a 0 3 0 1 0
a 0 4 0 1 0
a 0 5 0 1 0
a 0 6 0 1 0
a 0 7 0 1 0
a 0 8 0 1 0
a 0 9 0 1 0
a 0 10 0 1 0
a 0 11 0 1 0
a 0 12 0 1 0
a 0 13 0 1 0
a 0 14 0 1 0
a 2 15 0 1 27091199004937.6
a 2 16 0 1 178842229078650.75
a 2 17 0 1 96036256860545.78
a 2 18 0 1 79957341896425.38
a 2 19 0 1 96825402854129.36
a 2 20 0 1 170032801713794.1
a 2 21 0 1 78298167329313.84
a 2 22 0 1 176858479553407.75
a 2 23 0 1 58536481352933.52
a 2 24 0 1 33950023442205.297
a 2 25 0 1 153568800320344.0
a 2 26 0 1 22445279694735.176
a 2 27 0 1 163861138360011.22
a 2 28 0 1 61746345408009.69
a 2 29 0 1 162863196118595.6
a 2 30 0 1 94445400585578.05
a 2 31 0 1 69005372532261.43
a 2 32 0 1 154120277412493.8
a 2 33 0 1 140699994662804.16
a 2 34 0 1 181582647426106.2
a 2 35 0 1 67770753354335.234
a 2 36 0 1 87471123683790.45
a 2 37 0 1 157671485183662.47
a 2 38 0 1 132228318232219.64
a 2 39 0 1 37603277626837.69
a 2 40 0 1 26613179133074.4
a 2 41 0 1 80500332468899.0
a 2 42 0 1 76927552789458.88
a 2 43 0 1 85334322245871.23
a 2 44 0 1 98117073346383.53
a 2 45 0 1 87622505213585.42
a 2 46 0 1 27093932744727.26
a 2 47 0 1 50423660496395.99
a 2 48 0 1 34625735197739.56
a 2 49 0 1 196035107277633.0
a 2 50 0 1 75306308127240.5
a 2 51 0 1 105739956673704.66
a 2 52 0 1 17640988026414.406
a 2 53 0 1 138691636007751.62
a 2 54 0 1 151147159536372.9
a 2 55 0 1 160547974431330.34
a 2 56 0 1 75979545223743.39
a 2 57 0 1 134366653388486.28
a 2 58 0 1 75395317375151.23
a 2 59 0 1 39329323737050.12
a 2 60 0 1 25358962038761.836
a 2 61 0 1 93836420762200.14
a 2 62 0 1 44217401449451.59
a 2 63 0 1 81219216951933.58
a 2 64 0 1 71737126220455.9
a 2 65 0 1 82330046714340.73
a 2 66 0 1 43048819859708.99
a 2 67 0 1 58930140251702.734
a 2 68 0 1 63302098470764.74
a 2 69 0 1 13885203167330.432
a 2 70 0 1 204018229343378.12
a 2 71 0 1 54663992920846.555
a 2 72 0 1 69514239114569.445
a 2 73 0 1 93630852691564.05
a 2 74 0 1 24474255007446.355
a 2 75 0 1 97837959383652.66
a 2 76 0 1 119491457834236.0
a 2 77 0 1 108710192184873.52
a 2 78 0 1 155916583139287.53
a 2 79 0 1 148686047686145.84
a 2 80 0 1 198664177981804.84
a 2 81 0 1 66744322367300.88
a 3 15 0 1 103884988080966.58
a 3 16 0 1 722933858955550.9
a 3 17 0 1 376917563208207.3
a 3 18 0 1 312084297941895.4
a 3 19 0 1 380118378321819.44
a 3 20 0 1 685107093638271.4
a 3 21 0 1 305435398270529.06
a 3 22 0 1 714393765100524.0
a 3 23 0 1 226824236050348.3
a 3 24 0 1 130480588474724.6
a 3 25 0 1 615081815376534.8
a 3 26 0 1 85938467906092.03
a 3 27 0 1 658756245566713.8
a 3 28 0 1 239520739362263.97
a 3 29 0 1 654506852978426.0
a 3 30 0 1 370470369041942.7
a 3 31 0 1 268336326209544.4
a 3 32 0 1 617413459740928.8
a 3 33 0 1 560941863997027.9
a 3 34 0 1 734752685292447.1
a 3 35 0 1 263425248595331.28
a 3 36 0 1 342290742794334.7
a 3 37 0 1 632450904183098.9
a 3 38 0 1 525579409212217.56
a 3 39 0 1 144695867716598.03
a 3 40 0 1 102035926806591.47
a 3 41 0 1 314261913647396.2
a 3 42 0 1 299948615699505.06
a 3 43 0 1 333684430222800.9
a 3 44 0 1 385361296761317.1
a 3 45 0 1 342900942958855.3
a 3 46 0 1 103895564325246.67
a 3 47 0 1 194857259328630.12
a 3 48 0 1 133107265051256.95
a 3 49 0 1 797495535962633.0
a 3 50 0 1 293465227164286.7
a 3 51 0 1 416400328289678.2
a 3 52 0 1 67437771093435.1
a 3 53 0 1 552538751344465.2
a 3 54 0 1 604854417085319.2
a 3 55 0 1 644660512890671.9
a 3 56 0 1 296156634057474.7
a 3 57 0 1 534484609364432.75
a 3 58 0 1 293820988616338.06
a 3 59 0 1 151424181752692.78
a 3 60 0 1 97187177048388.8
a 3 61 0 1 368004289567782.3
a 3 62 0 1 170520612689553.78
a 3 63 0 1 317146197896828.25
a 3 64 0 1 279217519553654.12
a 3 65 0 1 321605862082007.25
a 3 66 0 1 165949586092247.1
a 3 67 0 1 228379848722909.38
a 3 68 0 1 245684460706998.8
a 3 69 0 1 53015243115404.92
a 3 70 0 1 832454699405732.8
a 3 71 0 1 211543551396725.97
a 3 72 0 1 270361710219884.9
a 3 73 0 1 367172074371236.56
a 3 74 0 1 93769349373081.6
a 3 75 0 1 384227963065888.8
a 3 76 0 1 472821393426394.44
a 3 77 0 1 428540079717832.94
a 3 78 0 1 625014872296725.4
a 3 79 0 1 594479113852259.0
a 3 80 0 1 808984628249703.4
a 3 81 0 1 259345465729572.78
a 4 15 0 1 32691427511665.645
a 4 16 0 1 216605704238112.2
a 4 17 0 1 116080515102374.48
a 4 18 0 1 96608210825990.56
a 4 19 0 1 117036599204408.95
a 4 20 0 1 205891628137919.78
a 4 21 0 1 94599739337422.11
a 4 22 0 1 214192646661970.12
a 4 23 0 1 70690126201390.5
a 4 24 0 1 40974794141338.91
a 4 25 0 1 185880583128908.72
a 4 26 0 1 27082117088375.13
a 4 27 0 1 198388411526722.25
a 4 28 0 1 74572180245523.66
a 4 29 0 1 197175376485665.3
a 4 30 0 1 114153236422359.81
a 4 31 0 1 83353566200765.5
a 4 32 0 1 186550607424347.8
a 4 33 0 1 170250645076934.34
a 4 34 0 1 219939575700031.72
a 4 35 0 1 81859806121614.8
a 4 36 0 1 105705851950453.4
a 4 37 0 1 190865631952487.6
a 4 38 0 1 159966700033657.97
a 4 39 0 1 45387920103065.15
a 4 40 0 1 32114226633575.73
a 4 41 0 1 97265549314369.55
a 4 42 0 1 92940698646680.55
a 4 43 0 1 103118288141691.64
a 4 44 0 1 118601592537185.86
a 4 45 0 1 105889177893626.05
a 4 46 0 1 32694728493948.613
a 4 47 0 1 60881043938349.8
a 4 48 0 1 41790994806032.5
a 4 49 0 1 237529347364094.1
a 4 50 0 1 90978428531855.08
a 4 51 0 1 127839517256705.34
a 4 52 0 1 21282901405371.09
a 4 53 0 1 167812268359887.2
a 4 54 0 1 182938595455853.53
a 4 55 0 1 194361371732667.78
a 4 56 0 1 91793260948322.05
a 4 57 0 1 162562064964767.38
a 4 58 0 1 91086156693234.05
a 4 59 0 1 47473250092066.22
a 4 60 0 1 30599843445322.98
a 4 61 0 1 113415513601118.81
a 4 62 0 1 53379738728672.53
a 4 63 0 1 98135849688231.75
a 4 64 0 1 86659019361006.67
a 4 65 0 1 99480708954715.2
a 4 66 0 1 51967561963648.27
a 4 67 0 1 71166190404034.39
a 4 68 0 1 76453945806034.92
a 4 69 0 1 16750253160106.94
a 4 70 0 1 247250887052482.4
a 4 71 0 1 66007484293889.78
a 4 72 0 1 83969267486623.0
a 4 73 0 1 113166491803026.03
a 4 74 0 1 29531673481340.934
a 4 75 0 1 118263408558409.95
a 4 76 0 1 144513220163305.3
a 4 77 0 1 131439979970826.47
a 4 78 0 1 188733179365050.72
a 4 79 0 1 179949016434527.28
a 4 80 0 1 240730499089731.5
a 4 81 0 1 80617999821490.19
a 5 15 0 1 44126480299192.19
a 5 16 0 1 294595159976287.5
a 5 17 0 1 157217130100565.3
a 5 18 0 1 130739754314212.36
a 5 19 0 1 158518262534323.22
a 5 20 0 1 279897476586956.1
a 5 21 0 1 128011170431967.5
a 5 22 0 1 291283725247825.4
a 5 23 0 1 95563701090525.52
a 5 24 0 1 55325773741233.72
a 5 25 0 1 252482095142703.22
a 5 26 0 1 36546834150438.36
a 5 27 0 1 269612497179718.47
a 5 28 0 1 100827660244440.22
a 5 29 0 1 267950356450860.38
a 5 30 0 1 154594615548299.7
a 5 31 0 1 112741167956643.69
a 5 32 0 1 253399281429032.8
a 5 33 0 1 231101285198481.12
a 5 34 0 1 299171353653090.06
a 5 35 0 1 110714010747762.8
a 5 36 0 1 143104914792739.12
a 5 37 0 1 259307305599859.56
a 5 38 0 1 217048875833578.0
a 5 39 0 1 61295490533904.484
a 5 40 0 1 43346372112253.71
a 5 41 0 1 131632871605453.56
a 5 42 0 1 125757642489792.78
a 5 43 0 1 139587051592280.12
a 5 44 0 1 160648281155695.75
a 5 45 0 1 143354179977489.75
a 5 46 0 1 44130941802811.805
a 5 47 0 1 82270305335728.7
a 5 48 0 1 56429702178285.36
a 5 49 0 1 323337445687414.8
a 5 50 0 1 123092626392978.61
a 5 51 0 1 173227120094570.03
a 5 52 0 1 28714187629859.215
a 5 53 0 1 227768282820646.0
a 5 54 0 1 248455469511567.12
a 5 55 0 1 264095175635582.6
a 5 56 0 1 124199221634871.78
a 5 57 0 1 220594140252196.22
a 5 58 0 1 123238923955000.4
a 5 59 0 1 64117099646778.82
a 5 60 0 1 41299800829053.17
a 5 61 0 1 153590881749833.7
a 5 62 0 1 72111623903546.56
a 5 63 0 1 132815412059473.53
a 5 64 0 1 117227829529248.12
a 5 65 0 1 134642937455214.6
a 5 66 0 1 70199870981452.836
a 5 67 0 1 96209141043974.66
a 5 68 0 1 103379885941369.14
a 5 69 0 1 22594767316529.43
a 5 70 0 1 336709335612914.4
a 5 71 0 1 89216393466108.66
a 5 72 0 1 113576798508146.78
a 5 73 0 1 153252080576746.03
a 5 74 0 1 39856402865680.12
a 5 75 0 1 160187975739589.3
a 5 76 0 1 195955465216277.06
a 5 77 0 1 178132320971758.03
a 5 78 0 1 256387333751355.94
a 5 79 0 1 244364736340308.8
a 5 80 0 1 327739360068474.06
a 5 81 0 1 109028965338005.88
a 6 15 0 1 25073580354558.53
a 6 16 0 1 165305232351112.78
a 6 17 0 1 88831122939219.9
a 6 18 0 1 73968823797668.66
a 6 19 0 1 89560450722775.52
a 6 20 0 1 157174740036298.06
a 6 21 0 1 72434954331727.9
a 6 22 0 1 163474479610277.4
a 6 23 0 1 54162323249204.74
a 6 24 0 1 31419743089156.32
a 6 25 0 1 141976202301880.88
a 6 26 0 1 20774494166251.625
a 6 27 0 1 151477964882216.9
a 6 28 0 1 57130748105708.555
a 6 29 0 1 150556752362122.56
a 6 30 0 1 87360824938656.92
a 6 31 0 1 63843157589993.72
a 6 32 0 1 142485363157740.62
a 6 33 0 1 130093445334718.31
a 6 34 0 1 167834189678546.6
a 6 35 0 1 62701567065453.13
a 6 36 0 1 80914591270000.2
a 6 37 0 1 145763958885242.75
a 6 38 0 1 122269424391934.31
a 6 39 0 1 34799629478759.695
a 6 40 0 1 24631262082006.312
a 6 41 0 1 74470796722627.7
a 6 42 0 1 71167818727524.5
a 6 43 0 1 78939416622948.33
a 6 44 0 1 90754189366996.73
a 6 45 0 1 81054519573985.55
a 6 46 0 1 25076109910616.17
a 6 47 0 1 46658996474478.516
a 6 48 0 1 32044908333460.562
a 6 49 0 1 181169403993097.47
a 6 50 0 1 69668936152813.54
a 6 51 0 1 97798572586516.61
a 6 52 0 1 16328497718624.184
a 6 53 0 1 128238730240164.69
a 6 54 0 1 139740321445002.45
a 6 55 0 1 148419480627474.6
a 6 56 0 1 70291366368643.64
a 6 57 0 1 124244394949769.48
a 6 58 0 1 69751228597618.53
a 6 59 0 1 36396444001873.42
a 6 60 0 1 23470700704755.414
a 6 61 0 1 86797984024460.28
a 6 62 0 1 40918286298555.95
a 6 63 0 1 75135369193071.97
a 6 64 0 1 66368986488827.64
a 6 65 0 1 76162258974232.02
a 6 66 0 1 39837294461144.71
a 6 67 0 1 54526380834191.87
a 6 68 0 1 58569421319523.91
a 6 69 0 1 12852557021381.166
a 6 70 0 1 188533919564810.8
a 6 71 0 1 50580895659781.48
a 6 72 0 1 64313673917732.9
a 6 73 0 1 86607989317893.52
a 6 74 0 1 22652042042009.17
a 6 75 0 1 90496239541171.02
a 6 76 0 1 110504097308803.92
a 6 77 0 1 100543142966848.03
a 6 78 0 1 144143799386724.3
a 6 79 0 1 137467899317529.69
a 6 80 0 1 183594865700560.28
a 6 81 0 1 61752459121020.5
a 7 15 0 1 25236217515616.453
a 7 16 0 1 166395099565764.22
a 7 17 0 1 89411599008543.4
a 7 18 0 1 74451346272982.22
a 7 19 0 1 90145742294942.02
a 7 20 0 1 158210020382434.94
a 7 21 0 1 72907386663166.25
a 7 22 0 1 164552046457877.2
a 7 23 0 1 54514829529149.36
a 7 24 0 1 31623694061034.383
a 7 25 0 1 142909717508496.84
a 7 26 0 1 20909178582656.297
a 7 27 0 1 152475059209598.47
a 7 28 0 1 57502702072931.27
a 7 29 0 1 151547676450494.16
a 7 30 0 1 87931595605587.9
a 7 31 0 1 64259137391581.695
a 7 32 0 1 143422281761466.75
a 7 33 0 1 130947646288715.33
a 7 34 0 1 168941056909312.44
a 7 35 0 1 63110054486383.516
a 7 36 0 1 81442849517287.12
a 7 37 0 1 146722802314741.3
a 7 38 0 1 123071521229078.45
a 7 39 0 1 35025608477436.465
a 7 40 0 1 24791021995302.996
a 7 41 0 1 74956622069684.73
a 7 42 0 1 71631918256653.58
a 7 43 0 1 79454661451646.08
a 7 44 0 1 91347364545460.58
a 7 45 0 1 81583699963511.19
a 7 46 0 1 25238763527098.68
a 7 47 0 1 46962404189996.195
a 7 48 0 1 32252932448503.508
a 7 49 0 1 182366077470295.75
a 7 50 0 1 70123182048879.16
a 7 51 0 1 98438314235620.86
a 7 52 0 1 16434303456107.04
a 7 53 0 1 129080571160929.3
a 7 54 0 1 140658896049134.22
a 7 55 0 1 149396094441726.28
a 7 56 0 1 70749703696635.8
a 7 57 0 1 125059635201435.67
a 7 58 0 1 70206015394257.91
a 7 59 0 1 36632836061642.51
a 7 60 0 1 23622912653893.703
a 7 61 0 1 87365040267109.98
a 7 62 0 1 41184186869655.234
a 7 63 0 1 75625567872398.02
a 7 64 0 1 66801550622524.93
a 7 65 0 1 76659216601322.8
a 7 66 0 1 40096137913098.58
a 7 67 0 1 54881271523984.47
a 7 68 0 1 58950805594215.234
a 7 69 0 1 12935805730106.71
a 7 70 0 1 189780308629276.03
a 7 71 0 1 50909955956808.96
a 7 72 0 1 64732742345233.1
a 7 73 0 1 87173791814832.28
a 7 74 0 1 22798930886890.473
a 7 75 0 1 91087711000463.12
a 7 76 0 1 111228020542216.67
a 7 77 0 1 101201048025069.7
a 7 78 0 1 145091806304079.4
a 7 79 0 1 138371297075151.95
a 7 80 0 1 184807903353877.44
a 7 81 0 1 62154718954052.81
a 8 15 0 1 52434893269247.766
a 8 16 0 1 352020286278625.3
a 8 17 0 1 187283578512368.84
a 8 18 0 1 155651334442453.53
a 8 19 0 1 188838997194132.5
a 8 20 0 1 334345713985829.1
a 8 21 0 1 152393654160416.4
a 8 22 0 1 348037091273945.2
a 8 23 0 1 113684647706457.03
a 8 24 0 1 65758877178248.71
a 8 25 0 1 301409837769378.06
a 8 26 0 1 43420956964682.89
a 8 27 0 1 321984792223512.2
a 8 28 0 1 119960629063601.64
a 8 29 0 1 319987715625210.5
a 8 30 0 1 184148810650214.1
a 8 31 0 1 134169976427523.11
a 8 32 0 1 302511037196382.25
a 8 33 0 1 275752631592858.7
a 8 34 0 1 357525824945730.25
a 8 35 0 1 131751637315446.42
a 8 36 0 1 170419190034769.22
a 8 37 0 1 309605494763278.06
a 8 38 0 1 258903308873874.6
a 8 39 0 1 72863814239645.69
a 8 40 0 1 51507028385709.734
a 8 41 0 1 156717721261488.0
a 8 42 0 1 149703446473479.75
a 8 43 0 1 166216933130927.53
a 8 44 0 1 191385491709895.62
a 8 45 0 1 170716974424173.47
a 8 46 0 1 52440199896497.17
a 8 47 0 1 97842029867875.52
a 8 48 0 1 67072592211292.76
a 8 49 0 1 386619222084849.9
a 8 50 0 1 146522363037617.28
a 8 51 0 1 206428818369074.97
a 8 52 0 1 34109269023989.145
a 8 53 0 1 271755264942719.22
a 8 54 0 1 296575910568946.25
a 8 55 0 1 315356274813406.8
a 8 56 0 1 147843199147121.22
a 8 57 0 1 263153179895426.22
a 8 58 0 1 146696980602752.3
a 8 59 0 1 76222636236558.27
a 8 60 0 1 49072975470088.97
a 8 61 0 1 182949116285268.44
a 8 62 0 1 85741515536557.34
a 8 63 0 1 158129746355288.5
a 8 64 0 1 139523207163119.38
a 8 65 0 1 160312069417910.44
a 8 66 0 1 83464935314310.89
a 8 67 0 1 114454098035700.23
a 8 68 0 1 123004059510897.34
a 8 69 0 1 26836520676533.598
a 8 70 0 1 402731775711693.7
a 8 71 0 1 106118981837623.33
a 8 72 0 1 135166922589545.78
a 8 73 0 1 182544182631896.75
a 8 74 0 1 47356426502889.625
a 8 75 0 1 190835163526572.97
a 8 76 0 1 233631890732397.06
a 8 77 0 1 212297378714156.5
a 8 78 0 1 306098899852471.1
a 8 79 0 1 291665942392268.4
a 8 80 0 1 391922217651055.75
a 8 81 0 1 129741593287957.84
a 9 15 0 1 70041721693178.63
a 9 16 0 1 475906647962120.06
a 9 17 0 1 251502176437456.0
a 9 18 0 1 208760284726698.56
a 9 19 0 1 253606704766964.56
a 9 20 0 1 451681418181004.6
a 9 21 0 1 204364660071621.28
a 9 22 0 1 470443985452644.5
a 9 23 0 1 152221851965551.66
a 9 24 0 1 87885169401932.45
a 9 25 0 1 406635593646380.5
a 9 26 0 1 57980788598364.3
a 9 27 0 1 434760868377466.5
a 9 28 0 1 160664950205652.2
a 9 29 0 1 432028786385631.94
a 9 30 0 1 247261549216904.7
a 9 31 0 1 179796434464906.16
a 9 32 0 1 408139659482637.25
a 9 33 0 1 371631229761245.75
a 9 34 0 1 483460160917807.8
a 9 35 0 1 176538847408512.94
a 9 36 0 1 228701194317219.5
a 9 37 0 1 417832924982453.3
a 9 38 0 1 348684365297277.5
a 9 39 0 1 97407688600501.61
a 9 40 0 1 68799818136660.586
a 9 41 0 1 210199422764407.88
a 9 42 0 1 200735600363196.7
a 9 43 0 1 223024503822857.44
a 9 44 0 1 257052763229749.28
a 9 45 0 1 229103534591292.78
a 9 46 0 1 70048824622733.72
a 9 47 0 1 130927421271707.97
a 9 48 0 1 89645500171999.1
a 9 49 0 1 523435244847379.9
a 9 50 0 1 196445366541983.7
a 9 51 0 1 277424826724919.4
a 9 52 0 1 45530324392698.2
a 9 53 0 1 366184353515734.5
a 9 54 0 1 400034855973537.9
a 9 55 0 1 425694565258465.1
a 9 56 0 1 198226606399810.8
a 9 57 0 1 354469170505880.75
a 9 58 0 1 196680839708112.72
a 9 59 0 1 101911256935258.84
a 9 60 0 1 65542379279433.805
a 9 61 0 1 245638921474095.7
a 9 62 0 1 114680798253238.83
a 9 63 0 1 212105205653552.5
a 9 64 0 1 187009663765592.1
a 9 65 0 1 215051071149063.72
a 9 66 0 1 111625904437828.1
a 9 67 0 1 153256769476172.38
a 9 68 0 1 164760805260217.84
a 9 69 0 1 35812332869801.16
a 9 70 0 1 545617586833647.9
a 9 71 0 1 142049329856274.22
a 9 72 0 1 181139538985301.88
a 9 73 0 1 245091270495126.16
a 9 74 0 1 63245531191965.484
a 9 75 0 1 256307967959547.94
a 9 76 0 1 314327693284414.6
a 9 77 0 1 285378973108337.7
a 9 78 0 1 413041085949935.6
a 9 79 0 1 393333030543759.75
a 9 80 0 1 530732519765294.2
a 9 81 0 1 173831726916869.47
a 10 15 0 1 96321126787964.66
a 10 16 0 1 666661604042007.6
a 10 17 0 1 348657107409440.4
a 10 18 0 1 288847748695576.1
a 10 19 0 1 351608096160146.56
a 10 20 0 1 631997829652587.6
a 10 21 0 1 282710168251675.9
a 10 22 0 1 658837821962670.8
a 10 23 0 1 210089939868337.5
a 10 24 0 1 120953192411368.58
a 10 25 0 1 567761662655029.2
a 10 26 0 1 79693305643378.7
a 10 27 0 1 607835505672665.5
a 10 28 0 1 221825617795891.1
a 10 29 0 1 603937900216831.1
a 10 30 0 1 342712607219880.7
a 10 31 0 1 248450890071279.3
a 10 32 0 1 569901921136150.0
a 10 33 0 1 518039196485911.75
a 10 34 0 1 677486979679401.2
a 10 35 0 1 243914060445438.03
a 10 36 0 1 316722113874377.6
a 10 37 0 1 583702795044656.8
a 10 38 0 1 485534902829359.06
a 10 39 0 1 134114392137340.81
a 10 40 0 1 94608166783480.47
a 10 41 0 1 290857742436827.75
a 10 42 0 1 277644790922471.6
a 10 43 0 1 308781774554734.4
a 10 44 0 1 356441433402727.9
a 10 45 0 1 317285049319350.8
a 10 46 0 1 96330924406995.89
a 10 47 0 1 180530638765525.44
a 10 48 0 1 123385338381427.75
a 10 49 0 1 734914228263923.9
a 10 50 0 1 271658717515471.28
a 10 51 0 1 385046311921245.25
a 10 52 0 1 62546752743920.695
a 10 53 0 1 510317202024303.5
a 10 54 0 1 558372635639754.94
a 10 55 0 1 594905479715780.5
a 10 56 0 1 274143760427549.4
a 10 57 0 1 493722356569833.44
a 10 58 0 1 271987207683165.22
a 10 59 0 1 140342679057194.6
a 10 60 0 1 90116057320761.14
a 10 61 0 1 340438628487747.7
a 10 62 0 1 158016011708690.3
a 10 63 0 1 293519889455110.44
a 10 64 0 1 258501489652674.88
a 10 65 0 1 297635818155359.94
a 10 66 0 1 153786153106112.38
a 10 67 0 1 211527968934433.38
a 10 68 0 1 227521954089577.1
a 10 69 0 1 49176167603571.695
a 10 70 0 1 766881014320835.6
a 10 71 0 1 195962204089033.75
a 10 72 0 1 250321816076080.8
a 10 73 0 1 339671217847470.5
a 10 74 0 1 86949399695691.17
a 10 75 0 1 355396675309591.25
a 10 76 0 1 437001455296649.25
a 10 77 0 1 396229666492722.75
a 10 78 0 1 576878739705783.4
a 10 79 0 1 548845977760889.0
a 10 80 0 1 745422324909807.2
a 10 81 0 1 240144879702020.38
a 11 15 0 1 41340880120147.7
a 11 16 0 1 275486359546380.06
a 11 17 0 1 147170218495858.1
a 11 18 0 1 122408794763660.0
a 11 19 0 1 148386774383976.78
a 11 20 0 1 261771017793995.53
a 11 21 0 1 119856490121636.61
a 11 22 0 1 272396520320969.56
a 11 23 0 1 89497355544369.14
a 11 24 0 1 51828960334805.81
a 11 25 0 1 236179713220308.97
a 11 26 0 1 34241607093595.133
a 11 27 0 1 252171607507562.0
a 11 28 0 1 94423515068006.02
a 11 29 0 1 250620118447890.72
a 11 30 0 1 144718101325826.12
a 11 31 0 1 105571090972345.78
a 11 32 0 1 237036048336954.34
a 11 33 0 1 216214028480110.03
a 11 34 0 1 279756062646002.0
a 11 35 0 1 103674400649810.88
a 11 36 0 1 133973808534551.45
a 11 37 0 1 242551814083791.0
a 11 38 0 1 203088164464202.16
a 11 39 0 1 57418866823175.53
a 11 40 0 1 40610248890292.05
a 11 41 0 1 123244190006208.03
a 11 42 0 1 117748472497381.05
a 11 43 0 1 130683802362150.86
a 11 44 0 1 150378285838225.28
a 11 45 0 1 134206921907339.94
a 11 46 0 1 41345058636995.47
a 11 47 0 1 77055321915716.05
a 11 48 0 1 52862690552857.625
a 11 49 0 1 302298624723571.9
a 11 50 0 1 115255445383558.16
a 11 51 0 1 162137873542106.75
a 11 52 0 1 26904543667443.152
a 11 53 0 1 213101040943197.8
a 11 54 0 1 232420094098267.16
a 11 55 0 1 247021431764096.0
a 11 56 0 1 116290637586980.84
a 11 57 0 1 206399936004837.1
a 11 58 0 1 115392304074255.98
a 11 59 0 1 60060786962102.625
a 11 60 0 1 38693438149881.27
a 11 61 0 1 143779559484834.03
a 11 62 0 1 67545600702287.7
a 11 63 0 1 124350285946752.78
a 11 64 0 1 109768790425145.73
a 11 65 0 1 126059633921209.1
a 11 66 0 1 65755816208141.6
a 11 67 0 1 90101396829389.64
a 11 68 0 1 96811820955969.98
a 11 69 0 1 21171725911242.16
a 11 70 0 1 314768534642792.1
a 11 71 0 1 83556859105369.44
a 11 72 0 1 106352924146946.89
a 11 73 0 1 143462760081254.5
a 11 74 0 1 37341522771418.14
a 11 75 0 1 149947917746601.97
a 11 76 0 1 183380300789944.47
a 11 77 0 1 166723000378138.38
a 11 78 0 1 239825773639088.03
a 11 79 0 1 228600381825937.75
a 11 80 0 1 306403900735290.7
a 11 81 0 1 102097760613286.6
a 12 15 0 1 62781031915654.78
a 12 16 0 1 424450603907194.2
a 12 17 0 1 224936191316021.2
a 12 18 0 1 186806625369471.66
a 12 19 0 1 226812570115112.62
a 12 20 0 1 402967685317993.25
a 12 21 0 1 182883044694164.25
a 12 22 0 1 419607503242711.5
a 12 23 0 1 136307398826042.36
a 12 24 0 1 78757956457274.75
a 12 25 0 1 362985135188609.44
a 12 26 0 1 51977854686587.67
a 12 27 0 1 387954519854712.56
a 12 28 0 1 143853094523804.62
a 12 29 0 1 385529796422513.56
a 12 30 0 1 221154986354963.8
a 12 31 0 1 160945348392405.75
a 12 32 0 1 364320891183422.7
a 12 33 0 1 331883282272257.3
a 12 34 0 1 431146276973005.94
a 12 35 0 1 158035555625290.47
a 12 36 0 1 204600727627821.22
a 12 37 0 1 372928206225085.2
a 12 38 0 1 311479552439332.2
a 12 39 0 1 87281554343138.28
a 12 40 0 1 61668782897653.77
a 12 41 0 1 188091122388396.25
a 12 42 0 1 179643386654570.8
a 12 43 0 1 199536076627787.03
a 12 44 0 1 229884832376966.47
a 12 45 0 1 204959661989678.78
a 12 46 0 1 62787393204964.83
a 12 47 0 1 117269402285861.05
a 12 48 0 1 80333774541536.8
a 12 49 0 1 466559379180258.8
a 12 50 0 1 175813124590178.03
a 12 51 0 1 248041715459017.25
a 12 52 0 1 40822489782301.42
a 12 53 0 1 327041149400584.6
a 12 54 0 1 357122429619320.2
a 12 55 0 1 379907513804352.4
a 12 56 0 1 177403440416387.78
a 12 57 0 1 316624370388818.7
a 12 58 0 1 176023362332170.8
a 12 59 0 1 91312010839697.3
a 12 60 0 1 58751262418396.77
a 12 61 0 1 219708045525127.56
a 12 62 0 1 102737688225674.81
a 12 63 0 1 189792051042760.1
a 12 64 0 1 167387631981097.2
a 12 65 0 1 192421105036356.84
a 12 66 0 1 100004612612091.7
a 12 67 0 1 137232400546353.66
a 12 68 0 1 147513046171885.0
a 12 69 0 1 32113055945673.68
a 12 70 0 1 486194170086916.0
a 12 71 0 1 127214027605244.97
a 12 72 0 1 162144989324200.78
a 12 73 0 1 219219677197061.34
a 12 74 0 1 56693956456399.61
a 12 75 0 1 229220847934508.97
a 12 76 0 1 280908255855229.12
a 12 77 0 1 255128441689915.75
a 12 78 0 1 368673472800918.2
a 12 79 0 1 351168920276919.1
a 12 80 0 1 473019862942341.8
a 12 81 0 1 155617281957099.88
a 13 15 0 1 67909571620934.55
a 13 16 0 1 460741847814770.5
a 13 17 0 1 243688641093952.12
a 13 18 0 1 202305738519970.1
a 13 19 0 1 245725920353247.1
a 13 20 0 1 437328013797835.1
a 13 21 0 1 198049140860834.0
a 13 22 0 1 455462532974447.6
a 13 23 0 1 147545176369598.16
a 13 24 0 1 85204495427916.98
a 13 25 0 1 393779364481449.0
a 13 26 0 1 56218167256836.87
a 13 27 0 1 420971608680319.1
a 13 28 0 1 155724200298726.62
a 13 29 0 1 418330417422924.94
a 13 30 0 1 239583425044120.62
a 13 31 0 1 174255466890861.8
a 13 32 0 1 395233682014023.4
a 13 33 0 1 359928107343476.75
a 13 34 0 1 468041468795114.44
a 13 35 0 1 171100262068751.56
a 13 36 0 1 221614233172378.75
a 13 37 0 1 404605934266647.75
a 13 38 0 1 337732290804553.06
a 13 39 0 1 94433388555663.19
a 13 40 0 1 66705764067624.54
a 13 41 0 1 203699329169000.0
a 13 42 0 1 194534760205129.75
a 13 43 0 1 216117862150174.78
a 13 44 0 1 249061793730355.75
a 13 45 0 1 222003784487776.88
a 13 46 0 1 67916456634255.59
a 13 47 0 1 126914565519893.22
a 13 48 0 1 86910593549576.78
a 13 49 0 1 506665765163019.0
a 13 50 0 1 190379979029676.53
a 13 51 0 1 268780744236036.97
a 13 52 0 1 44148124313908.36
a 13 53 0 1 354659854234127.06
a 13 54 0 1 387396755149774.06
a 13 55 0 1 412206710250918.25
a 13 56 0 1 192104996739778.75
a 13 57 0 1 343328121790375.06
a 13 58 0 1 190608021121586.44
a 13 59 0 1 98797872268291.5
a 13 60 0 1 63548198592389.266
a 13 61 0 1 238012576994793.44
a 13 62 0 1 111172288378164.39
a 13 63 0 1 205544773294442.6
a 13 64 0 1 181241727777330.5
a 13 65 0 1 208397319633978.8
a 13 66 0 1 108212023969934.97
a 13 67 0 1 148547751561081.0
a 13 68 0 1 159691770267351.5
a 13 69 0 1 34726330097378.04
a 13 70 0 1 528093351105311.5
a 13 71 0 1 137690159783151.42
a 13 72 0 1 175556337512129.9
a 13 73 0 1 237482397885956.97
a 13 74 0 1 61321728444666.47
a 13 75 0 1 248340819889505.75
a 13 76 0 1 304492955991509.06
a 13 77 0 1 276479080684849.06
a 13 78 0 1 399972873830648.1
a 13 79 0 1 380916070873699.75
a 13 80 0 1 513715160598267.1
a 13 81 0 1 168478166704306.47
a 14 15 0 1 48409625753769.484
a 14 16 0 1 324117795507089.5
a 14 17 0 1 172698146079394.56
a 14 18 0 1 143570255522150.06
a 14 19 0 1 174129987098596.3
a 14 20 0 1 307894335683360.6
a 14 21 0 1 140569535945288.52
a 14 22 0 1 320462100902682.06
a 14 23 0 1 104900281825076.92
a 14 24 0 1 60703600266198.65
a 14 25 0 1 277648127214528.62
a 14 26 0 1 40090859163120.28
a 14 27 0 1 296545049812322.0
a 14 28 0 1 110685115375691.48
a 14 29 0 1 294711168945020.7
a 14 30 0 1 169812311046129.47
a 14 31 0 1 123780042891935.8
a 14 32 0 1 278659700928072.1
a 14 33 0 1 254073240299952.66
a 14 34 0 1 329170211804422.7
a 14 35 0 1 121551608187405.4
a 14 36 0 1 157171016768633.25
a 14 37 0 1 285176245716640.44
a 14 38 0 1 238585258506040.44
a 14 39 0 1 67258097785720.94
a 14 40 0 1 47553380842120.44
a 14 41 0 1 144552488845065.78
a 14 42 0 1 138091393806421.56
a 14 43 0 1 153301233709263.56
a 14 44 0 1 176474075228117.88
a 14 45 0 1 157445229833022.28
a 14 46 0 1 48414522732822.42
a 14 47 0 1 90294574226208.03
a 14 48 0 1 61915600677612.38
a 14 49 0 1 355860364055383.0
a 14 50 0 1 135160914914839.62
a 14 51 0 1 190319461973488.38
a 14 52 0 1 31495907011400.586
a 14 53 0 1 250399280252818.06
a 14 54 0 1 273207382496133.16
a 14 55 0 1 290457931900333.06
a 14 56 0 1 136377716586896.72
a 14 57 0 1 242492218937522.34
a 14 58 0 1 135321780560535.89
a 14 59 0 1 70356413032164.91
a 14 60 0 1 45307140344344.78
a 14 61 0 1 168707841002159.94
a 14 62 0 1 79136007520321.06
a 14 63 0 1 145853055244725.06
a 14 64 0 1 128712554868710.73
a 14 65 0 1 147863050203807.28
a 14 66 0 1 77036374149478.11
a 14 67 0 1 105609551439961.58
a 14 68 0 1 113490136404141.38
a 14 69 0 1 24781968138715.74
a 14 70 0 1 370635581246860.4
a 14 71 0 1 97925823236659.38
a 14 72 0 1 124698673702885.83
a 14 73 0 1 168335043012402.72
a 14 74 0 1 43722982529506.66
a 14 75 0 1 175967498760660.0
a 14 76 0 1 215346562750755.34
a 14 77 0 1 195719656901857.6
a 14 78 0 1 281955405549758.4
a 14 79 0 1 268696370451348.1
a 14 80 0 1 360723715013407.75
a 14 81 0 1 119699332326135.34
a 15 1 0 1 0
a 16 1 0 1 0
a 17 1 0 1 0
a 18 1 0 1 0
a 19 1 0 1 0
a 20 1 0 1 0
a 21 1 0 1 0
a 22 1 0 1 0
a 23 1 0 1 0
a 24 1 0 1 0
a 25 1 0 1 0
a 26 1 0 1 0
a 27 1 0 1 0
a 28 1 0 1 0
a 29 1 0 1 0
a 30 1 0 1 0
a 31 1 0 1 0
a 32 1 0 1 0
a 33 1 0 1 0
a 34 1 0 1 0
a 35 1 0 1 0
a 36 1 0 1 0
a 37 1 0 1 0
a 38 1 0 1 0
a 39 1 0 1 0
a 40 1 0 1 0
a 41 1 0 1 0
a 42 1 0 1 0
a 43 1 0 1 0
a 44 1 0 1 0
a 45 1 0 1 0
a 46 1 0 1 0
a 47 1 0 1 0
a 48 1 0 1 0
a 49 1 0 1 0
a 50 1 0 1 0
a 51 1 0 1 0
a 52 1 0 1 0
a 53 1 0 1 0
a 54 1 0 1 0
a 55 1 0 1 0
a 56 1 0 1 0
a 57 1 0 1 0
a 58 1 0 1 0
a 59 1 0 1 0
a 60 1 0 1 0
a 61 1 0 1 0
a 62 1 0 1 0
a 63 1 0 1 0
a 64 1 0 1 0
a 65 1 0 1 0
a 66 1 0 1 0
a 67 1 0 1 0
a 68 1 0 1 0
a 69 1 0 1 0
a 70 1 0 1 0
a 71 1 0 1 0
a 72 1 0 1 0
a 73 1 0 1 0
a 74 1 0 1 0
a 75 1 0 1 0
a 76 1 0 1 0
a 77 1 0 1 0
a 78 1 0 1 0
a 79 1 0 1 0
a 80 1 0 1 0
a 81 1 0 1 0
