p min 82 951
n 0 13
n 1 -13
a 0 2 0 1 0
a 0 3 0 1 0
a 0 4 0 1 0
a 0 5 0 1 0
a 0 6 0 1 0
a 0 7 0 1 0
a 0 8 0 1 0
a 0 9 0 1 0
a 0 10 0 1 0
a 0 11 0 1 0
a 0 12 0 1 0
a 0 13 0 1 0
a 0 14 0 1 0
a 2 15 0 1 301359309490086.06
a 2 16 0 1 373501393311037.8
a 2 17 0 1 55677552849481.555
a 2 18 0 1 222524969093986.22
a 2 19 0 1 133660320382927.42
a 2 20 0 1 10707270212886.111
a 2 21 0 1 361247198954976.3
a 2 22 0 1 44435989642725.305
a 2 23 0 1 186648876997358.2
a 2 24 0 1 118144191508484.12
a 2 25 0 1 137483395500765.42
a 2 26 0 1 364445989746885.7
a 2 27 0 1 171399566311347.28
a 2 28 0 1 284876188475599.94
a 2 29 0 1 273958887218776.4
a 2 30 0 1 140329085284722.2
a 2 31 0 1 176935131996832.6
a 2 32 0 1 226366705314138.44
a 2 33 0 1 59796721060608.375
a 2 34 0 1 16688977210121.67
a 2 35 0 1 273351802724942.28
a 2 36 0 1 218365377875967.28
a 2 37 0 1 306961065575345.2
a 2 38 0 1 386694386965310.06
a 2 39 0 1 325031479538300.06
a 2 40 0 1 219825876530053.5
a 2 41 0 1 342674582416429.5
a 2 42 0 1 351584611902415.1
a 2 43 0 1 96043230499379.77
a 2 44 0 1 368663132026629.56
a 2 45 0 1 259385671018406.97
a 2 46 0 1 186076721268389.38
a 2 47 0 1 28887193334181.156
a 2 48 0 1 20774486775578.35
a 2 49 0 1 307799000418943.8
a 2 50 0 1 125628972005001.55
a 2 51 0 1 360406797931342.8
a 2 52 0 1 379351419791147.6
a 2 53 0 1 240008007421536.1
a 2 54 0 1 111802157651669.67
a 2 55 0 1 160555705452834.44
a 2 56 0 1 46920075856105.64
a 2 57 0 1 58187942823160.0
a 2 58 0 1 390375135738913.6
a 2 59 0 1 47467046448442.445
a 2 60 0 1 406275379028311.75
a 2 61 0 1 115500394093829.77
a 2 62 0 1 338118411657077.2
a 2 63 0 1 328097209169160.5
a 2 64 0 1 391612245661690.5
a 2 65 0 1 345947575325722.8
a 2 66 0 1 214197149106651.2
a 2 67 0 1 233599205412303.0
a 2 68 0 1 250859197777341.25
a 2 69 0 1 99163757251875.97
a 2 70 0 1 238527731335499.2
a 2 71 0 1 166344096454948.1
a 2 72 0 1 40681188212777.44
a 2 73 0 1 181826845290531.5
a 2 74 0 1 147808742768200.22
a 2 75 0 1 8727151339932.883
a 2 76 0 1 254269281257338.12
a 2 77 0 1 213239526451466.28
a 2 78 0 1 278887888739111.44
a 2 79 0 1 146570185059485.97
a 2 80 0 1 332711118020595.6
a 2 81 0 1 382714233741694.9
a 3 15 0 1 283812229308984.0
a 3 16 0 1 351581044790387.44
a 3 17 0 1 52521443946223.45
a 3 18 0 1 209679414094204.94
a 3 19 0 1 126019089174316.61
a 3 20 0 1 10103284255503.014
a 3 21 0 1 340074521356435.1
a 3 22 0 1 41920192847327.0
a 3 23 0 1 175916465347857.78
a 3 24 0 1 111401417593059.8
a 3 25 0 1 129620325434196.11
a 3 26 0 1 343078333841626.56
a 3 27 0 1 161560392440148.7
a 3 28 0 1 268318775232163.06
a 3 29 0 1 258055021092174.94
a 3 30 0 1 132300770943128.84
a 3 31 0 1 166772050282129.28
a 3 32 0 1 213293892394922.75
a 3 33 0 1 56405595470132.42
a 3 34 0 1 15746957172855.568
a 3 35 0 1 257484233445948.2
a 3 36 0 1 205765670337567.28
a 3 37 0 1 289076844462258.5
a 3 38 0 1 363966870845422.8
a 3 39 0 1 306056903459187.3
a 3 40 0 1 207139873273946.84
a 3 41 0 1 322631314530859.9
a 3 42 0 1 331000086934738.94
a 3 43 0 1 90574995941265.6
a 3 44 0 1 347038219297740.7
a 3 45 0 1 244351803898812.75
a 3 46 0 1 175377877333410.9
a 3 47 0 1 27254473477676.15
a 3 48 0 1 19601336659679.17
a 3 49 0 1 289864313162944.1
a 3 50 0 1 118453171408648.45
a 3 51 0 1 339285323564261.94
a 3 52 0 1 357073441722587.56
a 3 53 0 1 226126713461345.97
a 3 54 0 1 105425747707215.52
a 3 55 0 1 151349923283467.25
a 3 56 0 1 44262921633912.95
a 3 57 0 1 54888630131845.82
a 3 58 0 1 367422014765779.3
a 3 59 0 1 44778756509607.34
a 3 60 0 1 382345616503858.0
a 3 61 0 1 108910407239158.11
a 3 62 0 1 318351514446052.7
a 3 63 0 1 308937225985533.6
a 3 64 0 1 368583257959492.06
a 3 65 0 1 325705604302316.9
a 3 66 0 1 201843577393693.8
a 3 67 0 1 220098040393850.72
a 3 68 0 1 236333076705641.22
a 3 69 0 1 93515935538623.36
a 3 70 0 1 224734284708067.44
a 3 71 0 1 156800398708128.97
a 3 72 0 1 38378914459419.61
a 3 73 0 1 171377206401998.62
a 3 74 0 1 139345611053505.34
a 3 75 0 1 8234967745949.545
a 3 76 0 1 239540204374534.97
a 3 77 0 1 200942471402651.5
a 3 78 0 1 262689146910054.1
a 3 79 0 1 138179103561038.78
a 3 80 0 1 313271866119593.9
a 3 81 0 1 360230472029970.25
a 4 15 0 1 324129906280205.3
a 4 16 0 1 401980145959105.6
a 4 17 0 1 59757623220325.25
a 4 18 0 1 239173708315630.34
a 4 19 0 1 143550262101776.8
a 4 20 0 1 11487549224482.379
a 4 21 0 1 388749123723617.56
a 4 22 0 1 47687744546250.94
a 4 23 0 1 200551055076830.1
a 4 24 0 1 126869199400423.1
a 4 25 0 1 147661057242862.7
a 4 26 0 1 392202615198395.3
a 4 27 0 1 184141680932645.06
a 4 28 0 1 306356871372209.56
a 4 29 0 1 294588119755762.9
a 4 30 0 1 150721087085441.03
a 4 31 0 1 190097847994603.7
a 4 32 0 1 243311006447846.22
a 4 33 0 1 64180882135537.414
a 4 34 0 1 17906065169869.637
a 4 35 0 1 293933755867005.75
a 4 36 0 1 234694418485483.28
a 4 37 0 1 330171240374162.94
a 4 38 0 1 416228135117721.0
a 4 39 0 1 349663841789163.7
a 4 40 0 1 236267130848233.34
a 4 41 0 1 368701674898904.3
a 4 42 0 1 378318391048793.4
a 4 43 0 1 103116628058599.12
a 4 44 0 1 396755853111079.3
a 4 45 0 1 278881914309640.8
a 4 46 0 1 199935294452956.34
a 4 47 0 1 30997048639635.168
a 4 48 0 1 22290286784159.766
a 4 49 0 1 331074981785075.3
a 4 50 0 1 134915370353949.2
a 4 51 0 1 387841840153964.8
a 4 52 0 1 408297550610339.0
a 4 53 0 1 258004072875951.22
a 4 54 0 1 120052299249099.23
a 4 55 0 1 172475555488688.5
a 4 56 0 1 50354668340503.67
a 4 57 0 1 62453301674341.3
a 4 58 0 1 420203838008736.75
a 4 59 0 1 50941912999272.625
a 4 60 0 1 437381343161074.3
a 4 61 0 1 124027354340392.16
a 4 62 0 1 363784741954573.44
a 4 63 0 1 352971486144022.5
a 4 64 0 1 421540143476166.6
a 4 65 0 1 372234078897761.75
a 4 66 0 1 230206157817833.53
a 4 67 0 1 251100699683427.2
a 4 68 0 1 269694450905252.6
a 4 69 0 1 106469805271640.03
a 4 70 0 1 256409493145109.03
a 4 71 0 1 178702591784938.6
a 4 72 0 1 43656789401188.53
a 4 73 0 1 195361722126879.6
a 4 74 0 1 158764840199608.6
a 4 75 0 1 9362976053355.71
a 4 76 0 1 273368723461327.72
a 4 77 0 1 229175056685148.38
a 4 78 0 1 299901252950537.56
a 4 79 0 1 157432801607959.12
a 4 80 0 1 357949823024240.4
a 4 81 0 1 411929338913636.8
a 5 15 0 1 124827418519051.36
a 5 16 0 1 153959328362747.6
a 5 17 0 1 23445027834402.34
a 5 18 0 1 92662645513943.23
a 5 19 0 1 55990316574647.42
a 5 20 0 1 4522196117642.082
a 5 21 0 1 149031259385148.97
a 5 22 0 1 18725381640092.402
a 5 23 0 1 77910475348235.17
a 5 24 0 1 49541949523555.31
a 5 25 0 1 57577085988717.86
a 5 26 0 1 150318466600699.72
a 5 27 0 1 71618250907708.3
a 5 28 0 1 118130799467721.4
a 5 29 0 1 113687103630188.08
a 5 30 0 1 58757660677397.5
a 5 31 0 1 73903856008684.3
a 5 32 0 1 94238107037559.39
a 5 33 0 1 25172640994836.496
a 5 34 0 1 7045755582443.603
a 5 35 0 1 113439806119447.16
a 5 36 0 1 90955907466768.03
a 5 37 0 1 127099816297618.23
a 5 38 0 1 159255648725778.16
a 5 39 0 1 134418356084558.0
a 5 40 0 1 91555280159552.98
a 5 41 0 1 141546360211030.66
a 5 42 0 1 145139551467373.62
a 5 43 0 1 40333728146042.69
a 5 44 0 1 152014597079694.88
a 5 45 0 1 107745006470810.28
a 5 46 0 1 77674624729717.83
a 5 47 0 1 12185706822341.121
a 5 48 0 1 8768193440291.528
a 5 49 0 1 127439581588071.84
a 5 50 0 1 52654239524850.76
a 5 51 0 1 148692984403674.2
a 5 52 0 1 156309006786097.5
a 5 53 0 1 99825641577907.5
a 5 54 0 1 46902378936496.14
a 5 55 0 1 67135921516214.55
a 5 56 0 1 19768907879593.613
a 5 57 0 1 24498019339476.758
a 5 58 0 1 160731565487034.03
a 5 59 0 1 19998635276683.656
a 5 60 0 1 167098681353530.0
a 5 61 0 1 48441867839274.9
a 5 62 0 1 139707270840336.56
a 5 63 0 1 135658182955923.45
a 5 64 0 1 161227456990194.38
a 5 65 0 1 142866787270809.28
a 5 66 0 1 89244658275527.55
a 5 67 0 1 97201859897609.88
a 5 68 0 1 104262936943061.58
a 5 69 0 1 41635532815092.836
a 5 70 0 1 99219815443631.16
a 5 71 0 1 69529380308393.36
a 5 72 0 1 17147390506240.951
a 5 73 0 1 75922194538263.0
a 5 74 0 1 61858544299558.93
a 5 75 0 1 3686381875144.8154
a 5 76 0 1 105656043506869.12
a 5 77 0 1 88851373464634.64
a 5 78 0 1 115694187360994.77
a 5 79 0 1 61345284457172.766
a 5 80 0 1 137523134149227.14
a 5 81 0 1 157658832670952.72
a 6 15 0 1 310471557938058.25
a 6 16 0 1 384893418057004.3
a 6 17 0 1 57312407116443.6
a 6 18 0 1 229190212873044.0
a 6 19 0 1 137621559097122.56
a 6 20 0 1 11019993474331.227
a 6 21 0 1 372249216743896.6
a 6 22 0 1 45739018443305.43
a 6 23 0 1 192215603303696.4
a 6 24 0 1 121639117830295.06
a 6 25 0 1 141559794366422.8
a 6 26 0 1 375549704059445.25
a 6 27 0 1 176502187198525.5
a 6 28 0 1 293473009822110.8
a 6 29 0 1 282215433484821.8
a 6 30 0 1 144491270942870.25
a 6 31 0 1 182206031047299.25
a 6 32 0 1 233150137502689.38
a 6 33 0 1 61553385384876.055
a 6 34 0 1 17176751764184.139
a 6 35 0 1 281589452998861.06
a 6 36 0 1 224902776099974.47
a 6 37 0 1 316248940732584.06
a 6 38 0 1 398507568576115.06
a 6 39 0 1 334887494936019.1
a 6 40 0 1 226408148985526.94
a 6 41 0 1 353087660844111.9
a 6 42 0 1 362279903911368.7
a 6 43 0 1 98876903689237.33
a 6 44 0 1 379901036638666.75
a 6 45 0 1 267189365414106.47
a 6 46 0 1 191626003953576.34
a 6 47 0 1 29732711802044.27
a 6 48 0 1 21381964181624.09
a 6 49 0 1 317113166670934.0
a 6 50 0 1 129348627173911.3
a 6 51 0 1 371382110359199.7
a 6 52 0 1 390930030664740.44
a 6 53 0 1 247211976816683.4
a 6 54 0 1 115106977802818.08
a 6 55 0 1 165329318733524.53
a 6 56 0 1 48296353159694.46
a 6 57 0 1 59897018975731.055
a 6 58 0 1 402306052782478.5
a 6 59 0 1 48859458124646.32
a 6 60 0 1 418716079170533.7
a 6 61 0 1 118916036287945.88
a 6 62 0 1 348387409958525.9
a 6 63 0 1 338049854358339.94
a 6 64 0 1 403582757039657.25
a 6 65 0 1 356464252138285.8
a 6 66 0 1 220606562839898.4
a 6 67 0 1 240605433191399.56
a 6 68 0 1 258398663940966.5
a 6 69 0 1 102090585535717.58
a 6 70 0 1 245686000547716.6
a 6 71 0 1 171293226794779.28
a 6 72 0 1 41873580639696.57
a 6 73 0 1 187246633804629.1
a 6 74 0 1 152196688156128.28
a 6 75 0 1 8981982184593.768
a 6 76 0 1 261914358866613.84
a 6 77 0 1 219619554485220.72
a 6 78 0 1 287297955004258.75
a 6 79 0 1 150920719179012.0
a 6 80 0 1 342809323296062.4
a 6 81 0 1 394400218750258.06
a 7 15 0 1 265274915430113.03
a 7 16 0 1 328447568039696.5
a 7 17 0 1 49175851067326.14
a 7 18 0 1 196093855637666.16
a 7 19 0 1 117927703539153.69
a 7 20 0 1 9462649041019.719
a 7 21 0 1 317726149968586.5
a 7 22 0 1 39252949725741.47
a 7 23 0 1 164560107545554.1
a 7 24 0 1 104259898936067.98
a 7 25 0 1 121294469552195.2
a 7 26 0 1 320525195250238.4
a 7 27 0 1 151147001026390.28
a 7 28 0 1 250822887252453.06
a 7 29 0 1 241247127423278.62
a 7 30 0 1 123800277872080.3
a 7 31 0 1 156016672251916.75
a 7 32 0 1 199468727342700.94
a 7 33 0 1 52811076436842.88
a 7 34 0 1 14747856431093.84
a 7 35 0 1 240714555990570.03
a 7 36 0 1 192439347138593.62
a 7 37 0 1 270184868590204.94
a 7 38 0 1 339986124126540.6
a 7 39 0 1 286018294066803.3
a 7 40 0 1 193722551629307.4
a 7 41 0 1 301469425828688.94
a 7 42 0 1 309269510609959.0
a 7 43 0 1 84781639507050.94
a 7 44 0 1 324214937126570.9
a 7 45 0 1 228460095039881.47
a 7 46 0 1 164056948828755.84
a 7 47 0 1 25523104360181.184
a 7 48 0 1 18357168969988.316
a 7 49 0 1 270919253306474.16
a 7 50 0 1 110853797837480.38
a 7 51 0 1 316990729193803.2
a 7 52 0 1 333564527553592.6
a 7 53 0 1 211449345122099.8
a 7 54 0 1 98671672404292.94
a 7 55 0 1 141605427600507.5
a 7 56 0 1 41445906050854.7
a 7 57 0 1 51391354644449.93
a 7 58 0 1 343204512212218.75
a 7 59 0 1 41928753043968.0
a 7 60 0 1 357103490553090.2
a 7 61 0 1 101930458335439.48
a 7 62 0 1 297480058756699.3
a 7 63 0 1 288703698464230.94
a 7 64 0 1 344286144471596.4
a 7 65 0 1 304334925437780.06
a 7 66 0 1 188776823724094.84
a 7 67 0 1 205821317588628.6
a 7 68 0 1 220976242874576.78
a 7 69 0 1 87532568942155.45
a 7 70 0 1 210149498661670.38
a 7 71 0 1 146699021026922.88
a 7 72 0 1 35937924485544.02
a 7 73 0 1 160319320846309.12
a 7 74 0 1 130385649749802.47
a 7 75 0 1 7712905102768.983
a 7 76 0 1 223969555354335.3
a 7 77 0 1 187935323254347.2
a 7 78 0 1 245570808903129.97
a 7 79 0 1 129295270636820.55
a 7 80 0 1 292744776154247.2
a 7 81 0 1 336505556110774.8
a 8 15 0 1 484217137947161.06
a 8 16 0 1 603276117314480.0
a 8 17 0 1 87950802271575.98
a 8 18 0 1 355555116924672.75
a 8 19 0 1 212254334154830.5
a 8 20 0 1 16863077720439.502
a 8 21 0 1 582961464101889.6
a 8 22 0 1 70140312862407.92
a 8 23 0 1 297485771141592.56
a 8 24 0 1 187415755107934.28
a 8 25 0 1 218382604585265.25
a 8 26 0 1 588260693496086.4
a 8 27 0 1 272892471750291.53
a 8 28 0 1 457193226959940.1
a 8 29 0 1 439330408600970.6
a 8 30 0 1 222946270177584.72
a 8 31 0 1 281813830278606.25
a 8 32 0 1 361791039212695.4
a 8 33 0 1 94483731700979.62
a 8 34 0 1 26294204611462.11
a 8 35 0 1 438337938404838.7
a 8 36 0 1 348807123178120.9
a 8 37 0 1 493416129910212.1
a 8 38 0 1 625189377575466.4
a 8 39 0 1 523142805103505.0
a 8 40 0 1 351175993037088.8
a 8 41 0 1 552243873573864.56
a 8 42 0 1 566969615171323.9
a 8 43 0 1 152127622131970.12
a 8 44 0 1 595250880555190.5
a 8 45 0 1 415530169478879.4
a 8 46 0 1 296562071417641.2
a 8 47 0 1 45549933401618.945
a 8 48 0 1 32739980404194.5
a 8 49 0 1 494792810355911.1
a 8 50 0 1 199390909212579.8
a 8 51 0 1 581569651133693.2
a 8 52 0 1 612987448456166.0
a 8 53 0 1 383961508043516.8
a 8 54 0 1 177278594030010.34
a 8 55 0 1 255436144486197.03
a 8 56 0 1 74073639390386.69
a 8 57 0 1 91931805129754.8
a 8 58 0 1 631310881625790.2
a 8 59 0 1 74939894379055.94
a 8 60 0 1 657794451838539.6
a 8 61 0 1 183188809948128.84
a 8 62 0 1 544721428510017.75
a 8 63 0 1 528194006601860.94
a 8 64 0 1 633369109092468.5
a 8 65 0 1 557650907930427.75
a 8 66 0 1 342049146976597.5
a 8 67 0 1 373540206406160.75
a 8 68 0 1 401628547925176.1
a 8 69 0 1 157103612824806.78
a 8 70 0 1 381553587573245.25
a 8 71 0 1 264750924942281.53
a 8 72 0 1 64197412720938.12
a 8 73 0 1 289703324605542.56
a 8 74 0 1 234950104832687.94
a 8 75 0 1 13742749498495.51
a 8 76 0 1 407186307587758.44
a 8 77 0 1 340497116156656.1
a 8 78 0 1 447391672329838.0
a 8 79 0 1 232961523626454.34
a 8 80 0 1 535800399083904.5
a 8 81 0 1 618573797301552.0
a 9 15 0 1 186669386177563.0
a 9 16 0 1 230621790031786.47
a 9 17 0 1 34858627804360.723
a 9 18 0 1 138314161302544.45
a 9 19 0 1 83400617368036.2
a 9 20 0 1 6716586028051.973
a 9 21 0 1 223176071669085.06
a 9 22 0 1 27833972478999.594
a 9 23 0 1 116196356768185.34
a 9 24 0 1 73768516153465.86
a 9 25 0 1 85771901343603.08
a 9 26 0 1 225120470258705.34
a 9 27 0 1 106773865883744.1
a 9 28 0 1 176587078535960.62
a 9 29 0 1 169901064164731.78
a 9 30 0 1 87536441876971.48
a 9 31 0 1 110195732351945.77
a 9 32 0 1 140678457504432.67
a 9 33 0 1 37430915776598.4
a 9 34 0 1 10466175913757.273
a 9 35 0 1 169529080045335.62
a 9 36 0 1 135753342752175.77
a 9 37 0 1 190092454544324.94
a 9 38 0 1 238628709884772.9
a 9 39 0 1 201123044284893.12
a 9 40 0 1 136652594276869.25
a 9 41 0 1 211875534758626.53
a 9 42 0 1 217299217199140.7
a 9 43 0 1 60026163312454.39
a 9 44 0 1 227683019793656.4
a 9 45 0 1 160965932770123.7
a 9 46 0 1 115843052220252.3
a 9 47 0 1 18106565877761.176
a 9 48 0 1 13026040341360.027
a 9 49 0 1 190604344223555.06
a 9 50 0 1 78416546799196.27
a 9 51 0 1 222665137179186.12
a 9 52 0 1 234173391750130.62
a 9 53 0 1 149067140226597.7
a 9 54 0 1 69827752742456.11
a 9 55 0 1 100065797026633.19
a 9 56 0 1 29386821350887.855
a 9 57 0 1 36426394585455.24
a 9 58 0 1 240860875807845.06
a 9 59 0 1 29728698192931.047
a 9 60 0 1 250494916431021.38
a 9 61 0 1 72125998823267.95
a 9 62 0 1 209100436018762.44
a 9 63 0 1 202992660621567.53
a 9 64 0 1 241610945814756.1
a 9 65 0 1 213868365639474.4
a 9 66 0 1 133186261013328.3
a 9 67 0 1 145127327955630.7
a 9 68 0 1 155732803575747.97
a 9 69 0 1 61968106706098.29
a 9 70 0 1 148157339147020.53
a 9 71 0 1 103647320746257.06
a 9 72 0 1 25486143730682.48
a 9 73 0 1 113218208578461.14
a 9 74 0 1 92172294013811.38
a 9 75 0 1 5474938275072.614
a 9 76 0 1 157826220984323.3
a 9 77 0 1 132596357481992.72
a 9 78 0 1 172920508258292.84
a 9 79 0 1 91404852223027.88
a 9 80 0 1 205805453794230.62
a 9 81 0 1 236214134335460.3
a 10 15 0 1 470683599068878.56
a 10 16 0 1 586184369636993.4
a 10 17 0 1 85600414438340.45
a 10 18 0 1 345761829471614.2
a 10 19 0 1 206502092130546.97
a 10 20 0 1 16416013202052.057
a 10 21 0 1 566483556859554.0
a 10 22 0 1 68269638537979.125
a 10 23 0 1 289345654878648.25
a 10 24 0 1 182350869949465.4
a 10 25 0 1 212460186541953.72
a 10 26 0 1 571622929731967.8
a 10 27 0 1 265446051582949.62
a 10 28 0 1 444454232317859.7
a 10 29 0 1 427113979762942.56
a 10 30 0 1 216896971897743.62
a 10 31 0 1 274116209049621.0
a 10 32 0 1 351818941654553.2
a 10 33 0 1 91956903415673.61
a 10 34 0 1 25596369515214.855
a 10 35 0 1 426150482534762.75
a 10 36 0 1 339207048326164.9
a 10 37 0 1 479611030068861.44
a 10 38 0 1 607432355850904.1
a 10 39 0 1 508456325973451.1
a 10 40 0 1 341508124498071.0
a 10 41 0 1 536688875501487.75
a 10 42 0 1 550972972662534.56
a 10 43 0 1 148032713763706.94
a 10 44 0 1 578401961301152.1
a 10 45 0 1 404006767695387.1
a 10 46 0 1 288448078740515.44
a 10 47 0 1 44338445877913.54
a 10 48 0 1 31870449036525.082
a 10 49 0 1 480947021859347.5
a 10 50 0 1 193995113334709.06
a 10 51 0 1 565133697954887.1
a 10 52 0 1 595601271887216.0
a 10 53 0 1 373351666800363.4
a 10 54 0 1 172493137522797.22
a 10 55 0 1 248479798415573.78
a 10 56 0 1 72097188212105.17
a 10 57 0 1 89473929660883.0
a 10 58 0 1 613367432195613.9
a 10 59 0 1 72940134938100.81
a 10 60 0 1 639041515295367.4
a 10 61 0 1 178240516718738.06
a 10 62 0 1 529391478555378.44
a 10 63 0 1 513357179462801.94
a 10 64 0 1 615362919999617.0
a 10 65 0 1 541933914494499.9
a 10 66 0 1 332642278501493.8
a 10 67 0 1 363230532525164.6
a 10 68 0 1 390508237683363.8
a 10 69 0 1 152872391503424.03
a 10 70 0 1 371013164422323.6
a 10 71 0 1 257533311214942.88
a 10 72 0 1 62486380909628.336
a 10 73 0 1 281783138574304.2
a 10 74 0 1 228566453261848.66
a 10 75 0 1 13378536848023.416
a 10 76 0 1 395904994800664.2
a 10 77 0 1 331134578063634.0
a 10 78 0 1 434939674478556.6
a 10 79 0 1 226633323850930.47
a 10 80 0 1 520736848842343.25
a 10 81 0 1 601017963908838.1
a 11 15 0 1 477099153233019.2
a 11 16 0 1 594284941802022.8
a 11 17 0 1 86715366838302.06
a 11 18 0 1 350405374383446.25
a 11 19 0 1 209230218814534.3
a 11 20 0 1 16628111419707.123
a 11 21 0 1 574293491892107.1
a 11 22 0 1 69157055221434.54
a 11 23 0 1 293205725220250.6
a 11 24 0 1 184753102531202.5
a 11 25 0 1 215268993996544.56
a 11 26 0 1 579508554662120.8
a 11 27 0 1 268977317196026.88
a 11 28 0 1 450493424491579.1
a 11 29 0 1 432905621713897.4
a 11 30 0 1 219765932429135.78
a 11 31 0 1 277766544541774.28
a 11 32 0 1 356547219246669.2
a 11 33 0 1 93155540993704.7
a 11 34 0 1 25927434335085.01
a 11 35 0 1 431928398933267.06
a 11 36 0 1 343759033588886.4
a 11 37 0 1 486155209698362.5
a 11 38 0 1 615847893173133.9
a 11 39 0 1 515417943733140.56
a 11 40 0 1 346092236098923.7
a 11 41 0 1 544061796862819.75
a 11 42 0 1 558555026507303.3
a 11 43 0 1 149975008502684.4
a 11 44 0 1 586387563246908.0
a 11 45 0 1 409470084225357.94
a 11 46 0 1 292295767274951.6
a 11 47 0 1 44913178268094.016
a 11 48 0 1 32282965197393.66
a 11 49 0 1 487510473397902.9
a 11 50 0 1 196554242842142.84
a 11 51 0 1 572923768063672.4
a 11 52 0 1 603841240632237.9
a 11 53 0 1 378382136816010.1
a 11 54 0 1 174762877822578.28
a 11 55 0 1 251778757355563.84
a 11 56 0 1 73034777668432.3
a 11 57 0 1 90639863337316.48
a 11 58 0 1 621871226680581.4
a 11 59 0 1 73888780036474.9
a 11 60 0 1 647928507771532.9
a 11 61 0 1 180587467287025.66
a 11 62 0 1 536657828272765.0
a 11 63 0 1 520390000470022.44
a 11 64 0 1 623896415761847.4
a 11 65 0 1 549383547038255.25
a 11 66 0 1 337102704921668.94
a 11 67 0 1 368118772284549.4
a 11 68 0 1 395780574671818.4
a 11 69 0 1 154879325572300.2
a 11 70 0 1 376010742070971.7
a 11 71 0 1 260956118898353.66
a 11 72 0 1 63298073690150.81
a 11 73 0 1 285538967266234.9
a 11 74 0 1 231593924039411.8
a 11 75 0 1 13551329002413.342
a 11 76 0 1 401253613824501.0
a 11 77 0 1 335573996394238.6
a 11 78 0 1 440842912280804.6
a 11 79 0 1 229634506479011.34
a 11 80 0 1 527877041090317.9
a 11 81 0 1 609338253968592.0
a 12 15 0 1 426425603587724.06
a 12 16 0 1 530387353672022.4
a 12 17 0 1 77871701645293.84
a 12 18 0 1 313676587015092.5
a 12 19 0 1 187618843509756.94
a 12 20 0 1 14944561807493.033
a 12 21 0 1 512674321000444.3
a 12 22 0 1 62116897631590.19
a 12 23 0 1 262654946993790.9
a 12 24 0 1 165718423238651.47
a 12 25 0 1 193019918809596.12
a 12 26 0 1 517295920862295.44
a 12 27 0 1 241021583201097.94
a 12 28 0 1 402778374556436.1
a 12 29 0 1 387137469670485.06
a 12 30 0 1 197041461232170.62
a 12 31 0 1 248870912171742.88
a 12 32 0 1 319150740532771.7
a 12 33 0 1 83648729768940.3
a 12 34 0 1 23299825731967.41
a 12 35 0 1 386268215962253.94
a 12 36 0 1 307751834668099.2
a 12 37 0 1 434470966418647.94
a 12 38 0 1 549482347800382.1
a 12 39 0 1 460455031911594.5
a 12 40 0 1 309831835181432.94
a 12 41 0 1 485870509896729.94
a 12 42 0 1 498723034349688.94
a 12 43 0 1 134579121826601.33
a 12 44 0 1 523391146604845.9
a 12 45 0 1 366285275216449.4
a 12 46 0 1 261842686156103.5
a 12 47 0 1 40352506343597.836
a 12 48 0 1 29009103226545.527
a 12 49 0 1 435674815920606.75
a 12 50 0 1 176278884427666.38
a 12 51 0 1 511460364098089.06
a 12 52 0 1 538851238544481.0
a 12 53 0 1 338605119083853.56
a 12 54 0 1 156776136513501.0
a 12 55 0 1 225657287216567.97
a 12 56 0 1 65596881308558.195
a 12 57 0 1 81392196941564.42
a 12 58 0 1 554814348317193.8
a 12 59 0 1 66363245651059.76
a 12 60 0 1 577871088756196.8
a 12 61 0 1 161990010168873.6
a 12 62 0 1 479302834937706.56
a 12 63 0 1 464868055248397.25
a 12 64 0 1 556606903956585.9
a 12 65 0 1 490590375714316.4
a 12 66 0 1 301817192787233.2
a 12 67 0 1 329462040051800.8
a 12 68 0 1 354099055722963.0
a 12 69 0 1 138971884742149.1
a 12 70 0 1 336492780697026.9
a 12 71 0 1 233856670678034.28
a 12 72 0 1 56858268737105.75
a 12 73 0 1 255810754739337.72
a 12 74 0 1 207616947567842.66
a 12 75 0 1 12179731919510.967
a 12 76 0 1 358971588506404.8
a 12 77 0 1 300454089378766.7
a 12 78 0 1 394197002705031.56
a 12 79 0 1 205865230062148.34
a 12 80 0 1 471512217790729.4
a 12 81 0 1 543718903920754.06
a 13 15 0 1 435207356802072.2
a 13 16 0 1 541446929383711.6
a 13 17 0 1 79410420300635.39
a 13 18 0 1 320050148579848.9
a 13 19 0 1 191374467924088.06
a 13 20 0 1 15237683865742.668
a 13 21 0 1 523341851746582.2
a 13 22 0 1 63342032151372.49
a 13 23 0 1 267959550628749.12
a 13 24 0 1 169027079887155.16
a 13 25 0 1 196886128296556.22
a 13 26 0 1 528065584576130.1
a 13 27 0 1 245876800836968.44
a 13 28 0 1 411049743987808.4
a 13 29 0 1 395072814205995.56
a 13 30 0 1 200990101554101.75
a 13 31 0 1 253888918447160.7
a 13 32 0 1 325639754962430.06
a 13 33 0 1 85302725616175.52
a 13 34 0 1 23757276409194.81
a 13 35 0 1 394184921924840.75
a 13 36 0 1 314000607323006.4
a 13 37 0 1 443427012908994.25
a 13 38 0 1 560966390346465.94
a 13 39 0 1 469976251043226.06
a 13 40 0 1 316124397631552.4
a 13 41 0 1 495947887203963.5
a 13 42 0 1 509082927856587.1
a 13 43 0 1 137256200208764.55
a 13 44 0 1 534295678999996.4
a 13 45 0 1 373774555141081.0
a 13 46 0 1 267130375522217.28
a 13 47 0 1 41146345672111.69
a 13 48 0 1 29579027664358.254
a 13 49 0 1 444656970772347.94
a 13 50 0 1 179802783415047.6
a 13 51 0 1 522101085966451.9
a 13 52 0 1 550098724439550.0
a 13 53 0 1 345505641447253.9
a 13 54 0 1 159902949408713.94
a 13 55 0 1 230194729883052.6
a 13 56 0 1 66891181738592.33
a 13 57 0 1 83001146390556.7
a 13 58 0 1 566417258221322.6
a 13 59 0 1 67672785440308.92
a 13 60 0 1 589989728176072.0
a 13 61 0 1 165222802117033.03
a 13 62 0 1 489236175229764.75
a 13 63 0 1 474485604600255.4
a 13 64 0 1 568249809184661.2
a 13 65 0 1 500771402913957.8
a 13 66 0 1 307941142373234.6
a 13 67 0 1 336168929359029.0
a 13 68 0 1 361328662216056.75
a 13 69 0 1 141737779019896.97
a 13 70 0 1 343348530758697.0
a 13 71 0 1 238563555861474.88
a 13 72 0 1 57978993323470.2
a 13 73 0 1 260972938011605.66
a 13 74 0 1 211782729130414.78
a 13 75 0 1 12418547147860.422
a 13 76 0 1 366304933434035.8
a 13 77 0 1 306549393455348.56
a 13 78 0 1 402283859255496.0
a 13 79 0 1 209995007175019.8
a 13 80 0 1 481274988849837.3
a 13 81 0 1 555074628529734.5
a 14 15 0 1 329421247010967.94
a 14 16 0 1 408603295219826.7
a 14 17 0 1 60703221557886.6
a 14 18 0 1 243039113790384.38
a 14 19 0 1 145844248113502.72
a 14 20 0 1 11668302312316.953
a 14 21 0 1 395144209507678.6
a 14 22 0 1 48441283704959.625
a 14 23 0 1 203777521893052.62
a 14 24 0 1 128892642833996.5
a 14 25 0 1 150021876716087.25
a 14 26 0 1 398657160758119.06
a 14 27 0 1 187098429164720.22
a 14 28 0 1 311347552461715.6
a 14 29 0 1 299380400818862.4
a 14 30 0 1 153131698395492.03
a 14 31 0 1 193152377174574.88
a 14 32 0 1 247245198839961.9
a 14 33 0 1 65197000454564.9
a 14 34 0 1 18188023329744.223
a 14 35 0 1 298715021565055.5
a 14 36 0 1 238485426140505.12
a 14 37 0 1 335565065325424.06
a 14 38 0 1 423097669011221.6
a 14 39 0 1 355389326425900.44
a 14 40 0 1 240084251251701.7
a 14 41 0 1 374752546203655.94
a 14 42 0 1 384534179579330.44
a 14 43 0 1 104756657078346.44
a 14 44 0 1 403288866648995.4
a 14 45 0 1 283410267144657.8
a 14 46 0 1 203151621380917.34
a 14 47 0 1 31485892718453.707
a 14 48 0 1 22641461309295.92
a 14 49 0 1 336484150130517.94
a 14 50 0 1 137069179147109.98
a 14 51 0 1 394221312946602.1
a 14 52 0 1 415029842695667.4
a 14 53 0 1 262183092014848.12
a 14 54 0 1 121965486060836.48
a 14 55 0 1 175241178257528.78
a 14 56 0 1 51150597654269.52
a 14 57 0 1 63441868507346.86
a 14 58 0 1 427142268968871.25
a 14 59 0 1 51747179988222.86
a 14 60 0 1 444618190868003.25
a 14 61 0 1 126004812362720.69
a 14 62 0 1 369751436092214.6
a 14 63 0 1 358753399572600.1
a 14 64 0 1 428501746395007.75
a 14 65 0 1 378345484301046.44
a 14 66 0 1 233922696854660.75
a 14 67 0 1 255164584825994.06
a 14 68 0 1 274068866230076.03
a 14 69 0 1 108163832249735.36
a 14 70 0 1 260561901462030.78
a 14 71 0 1 181570166800249.47
a 14 72 0 1 44346307603344.0
a 14 73 0 1 198502780584579.0
a 14 74 0 1 161306507085446.06
a 14 75 0 1 9510263016592.828
a 14 76 0 1 277804662119332.72
a 14 77 0 1 232874498879004.03
a 14 78 0 1 304783036211536.5
a 14 79 0 1 159952748756406.25
a 14 80 0 1 363816749896944.8
a 14 81 0 1 418724448846468.56
a 15 1 0 1 0
a 16 1 0 1 0
a 17 1 0 1 0
a 18 1 0 1 0
a 19 1 0 1 0
a 20 1 0 1 0
a 21 1 0 1 0
a 22 1 0 1 0
a 23 1 0 1 0
a 24 1 0 1 0
a 25 1 0 1 0
a 26 1 0 1 0
a 27 1 0 1 0
a 28 1 0 1 0
a 29 1 0 1 0
a 30 1 0 1 0
a 31 1 0 1 0
a 32 1 0 1 0
a 33 1 0 1 0
a 34 1 0 1 0
a 35 1 0 1 0
a 36 1 0 1 0
a 37 1 0 1 0
a 38 1 0 1 0
a 39 1 0 1 0
a 40 1 0 1 0
a 41 1 0 1 0
a 42 1 0 1 0
a 43 1 0 1 0
a 44 1 0 1 0
a 45 1 0 1 0
a 46 1 0 1 0
a 47 1 0 1 0
a 48 1 0 1 0
a 49 1 0 1 0
a 50 1 0 1 0
a 51 1 0 1 0
a 52 1 0 1 0
a 53 1 0 1 0
a 54 1 0 1 0
a 55 1 0 1 0
a 56 1 0 1 0
a 57 1 0 1 0
a 58 1 0 1 0
a 59 1 0 1 0
a 60 1 0 1 0
a 61 1 0 1 0
a 62 1 0 1 0
a 63 1 0 1 0
a 64 1 0 1 0
a 65 1 0 1 0
a 66 1 0 1 0
a 67 1 0 1 0
a 68 1 0 1 0
a 69 1 0 1 0
a 70 1 0 1 0
a 71 1 0 1 0
a 72 1 0 1 0
a 73 1 0 1 0
a 74 1 0 1 0
a 75 1 0 1 0
a 76 1 0 1 0
a 77 1 0 1 0
a 78 1 0 1 0
a 79 1 0 1 0
a 80 1 0 1 0
a 81 1 0 1 0
