p min 82 951
n 0 13
n 1 -13
a 0 2 0 1 0
a 0 3 0 1 0
a 0 4 0 1 0
a 0 5 0 1 0
a 0 6 0 1 0
a 0 7 0 1 0
a 0 8 0 1 0
a 0 9 0 1 0
a 0 10 0 1 0
a 0 11 0 1 0
a 0 12 0 1 0
a 0 13 0 1 0
a 0 14 0 1 0
a 2 15 0 1 85360088542425.56
a 2 16 0 1 53503866946260.68
a 2 17 0 1 336976494578806.9
a 2 18 0 1 216424561030422.6
a 2 19 0 1 131671662255959.22
a 2 20 0 1 347190760774652.0
a 2 21 0 1 154187097805105.1
a 2 22 0 1 22396266914107.35
a 2 23 0 1 237452650600631.16
a 2 24 0 1 219761013797663.06
a 2 25 0 1 372282928899499.4
a 2 26 0 1 214109287358219.84
a 2 27 0 1 34380072360477.836
a 2 28 0 1 34136399924095.793
a 2 29 0 1 170594205443378.6
a 2 30 0 1 133213089353420.36
a 2 31 0 1 335721201901289.9
a 2 32 0 1 175945573124533.44
a 2 33 0 1 372779169273526.9
a 2 34 0 1 217969126610758.44
a 2 35 0 1 353139947680256.8
a 2 36 0 1 216096250498152.25
a 2 37 0 1 145872747896121.1
a 2 38 0 1 109666526822210.64
a 2 39 0 1 148182330541316.03
a 2 40 0 1 47527366942164.484
a 2 41 0 1 256469125709814.9
a 2 42 0 1 98727357593617.53
a 2 43 0 1 169206063462436.16
a 2 44 0 1 263281027738316.78
a 2 45 0 1 119784255603670.64
a 2 46 0 1 124977468019046.06
a 2 47 0 1 192310742417605.2
a 2 48 0 1 235483753934038.12
a 2 49 0 1 258682162405266.06
a 2 50 0 1 135876163190374.95
a 2 51 0 1 210866164262379.2
a 2 52 0 1 134283871260489.77
a 2 53 0 1 184013546601224.5
a 2 54 0 1 292757822294241.7
a 2 55 0 1 172900650588731.72
a 2 56 0 1 378134427733446.5
a 2 57 0 1 210350360470578.47
a 2 58 0 1 176044540726704.62
a 2 59 0 1 23320751506492.266
a 2 60 0 1 137546256584593.56
a 2 61 0 1 128089142339432.27
a 2 62 0 1 19469373645586.67
a 2 63 0 1 384718401916950.25
a 2 64 0 1 297956016935740.3
a 2 65 0 1 102357838496561.61
a 2 66 0 1 268324295656304.0
a 2 67 0 1 161500877061470.66
a 2 68 0 1 96544244119625.22
a 2 69 0 1 218050544863305.5
a 2 70 0 1 365741634280083.8
a 2 71 0 1 319830095046794.8
a 2 72 0 1 115064944580597.0
a 2 73 0 1 172795262237762.12
a 2 74 0 1 146976847927997.78
a 2 75 0 1 111780963048889.55
a 2 76 0 1 174549432338873.44
a 2 77 0 1 225959821658509.0
a 2 78 0 1 74796332123736.05
a 2 79 0 1 15025356027474.305
a 2 80 0 1 259071122749555.5
a 2 81 0 1 217891771169715.5
a 3 15 0 1 149189172449767.06
a 3 16 0 1 93255078502688.1
a 3 17 0 1 602477398079970.6
a 3 18 0 1 382673879703500.25
a 3 19 0 1 231064227460578.84
a 3 20 0 1 621335351668933.1
a 3 21 0 1 271114053419386.7
a 3 22 0 1 38932008170552.914
a 3 23 0 1 420655793040268.3
a 3 24 0 1 388690453556763.25
a 3 25 0 1 667821787444373.0
a 3 26 0 1 378500962877777.8
a 3 27 0 1 59824914393887.18
a 3 28 0 1 59399661607654.6
a 3 29 0 1 300400960222586.56
a 3 30 0 1 233800928528979.03
a 3 31 0 1 600162416952710.0
a 3 32 0 1 309972057936140.2
a 3 33 0 1 668743451411739.8
a 3 34 0 1 385458709452120.44
a 3 35 0 1 632336295194217.1
a 3 36 0 1 382082042955577.1
a 3 37 0 1 256305879204724.47
a 3 38 0 1 192077338779877.88
a 3 39 0 1 260417113704882.78
a 3 40 0 1 82795764748931.89
a 3 41 0 1 455132669861089.94
a 3 42 0 1 172752705441019.78
a 3 43 0 1 297919740279755.1
a 3 44 0 1 467512605982005.06
a 3 45 0 1 209984169055453.06
a 3 46 0 1 219187857385598.12
a 3 47 0 1 339299626552789.06
a 3 48 0 1 417093177970612.7
a 3 49 0 1 459152897781823.5
a 3 50 0 1 238530814544077.22
a 3 51 0 1 372658741896336.2
a 3 52 0 1 235702473939091.88
a 3 53 0 1 324419511375836.3
a 3 54 0 1 521267839478525.06
a 3 55 0 1 304524973262762.3
a 3 56 0 1 678695488655992.4
a 3 57 0 1 371729885679808.75
a 3 58 0 1 310149152389815.6
a 3 59 0 1 40542256640737.13
a 3 60 0 1 241498216920177.1
a 3 61 0 1 224706609225575.53
a 3 62 0 1 33835680673484.445
a 3 63 0 1 690945395234901.1
a 3 64 0 1 530778802070087.75
a 3 65 0 1 179162010795707.72
a 3 66 0 1 476688473375174.7
a 3 67 0 1 284158519968526.2
a 3 68 0 1 168900577158026.62
a 3 69 0 1 385605527471945.9
a 3 70 0 1 655681111041108.8
a 3 71 0 1 570905083856259.8
a 3 72 0 1 201627714691370.0
a 3 73 0 1 304336497181282.44
a 3 74 0 1 258271049285825.78
a 3 75 0 1 195816914031969.94
a 3 76 0 1 307474117226970.44
a 3 77 0 1 399878541124571.06
a 3 78 0 1 130606615187524.19
a 3 79 0 1 26102587060996.44
a 3 80 0 1 459859660522677.4
a 3 81 0 1 385319219773006.25
a 4 15 0 1 86670561530992.62
a 4 16 0 1 54322212501012.54
a 4 17 0 1 342305626862076.9
a 4 18 0 1 219798786591062.94
a 4 19 0 1 133704144943036.8
a 4 20 0 1 352688078986385.2
a 4 21 0 1 156573437187855.6
a 4 22 0 1 22737574306141.58
a 4 23 0 1 241163915875046.72
a 4 24 0 1 223188605654363.0
a 4 25 0 1 378195120570395.94
a 4 26 0 1 217446504775073.06
a 4 27 0 1 34904741906955.94
a 4 28 0 1 34657335961515.28
a 4 29 0 1 173239578148614.7
a 4 30 0 1 135269738019045.48
a 4 31 0 1 341029692532046.6
a 4 32 0 1 178675647754667.47
a 4 33 0 1 378699590370172.25
a 4 34 0 1 221368052196618.16
a 4 35 0 1 358735409387421.56
a 4 36 0 1 219465227008718.62
a 4 37 0 1 148128200389705.2
a 4 38 0 1 111354968537456.28
a 4 39 0 1 150474115622404.8
a 4 40 0 1 48253792826503.92
a 4 41 0 1 260486619474132.53
a 4 42 0 1 100245427719329.27
a 4 43 0 1 171829481844984.5
a 4 44 0 1 267408547647383.84
a 4 45 0 1 121630663861568.39
a 4 46 0 1 126905102376796.02
a 4 47 0 1 195300505277958.97
a 4 48 0 1 239163391189340.06
a 4 49 0 1 262735382007191.9
a 4 50 0 1 137974583169377.77
a 4 51 0 1 214151576158077.53
a 4 52 0 1 136357312415318.97
a 4 53 0 1 186871522420580.47
a 4 54 0 1 297363479243813.7
a 4 55 0 1 175582516913488.53
a 4 56 0 1 384143718860492.25
a 4 57 0 1 213627536558794.88
a 4 58 0 1 178776182823597.0
a 4 59 0 1 23676186000048.85
a 4 60 0 1 139670885882440.2
a 4 61 0 1 130065493118153.33
a 4 62 0 1 19765975144930.242
a 4 63 0 1 390837106289830.9
a 4 64 0 1 302646335345310.25
a 4 65 0 1 103932403069109.73
a 4 66 0 1 272533387706352.12
a 4 67 0 1 164002562672884.4
a 4 68 0 1 98028365580071.88
a 4 69 0 1 221450772702319.03
a 4 70 0 1 371545437382890.6
a 4 71 0 1 324877800763498.9
a 4 72 0 1 116837624450973.95
a 4 73 0 1 175475460631029.88
a 4 74 0 1 149249666830252.56
a 4 75 0 1 113502386245856.55
a 4 76 0 1 177257398505128.72
a 4 77 0 1 229486673607742.94
a 4 78 0 1 75943205649305.62
a 4 79 0 1 15254137259633.25
a 4 80 0 1 263130623388111.75
a 4 81 0 1 221289459508481.56
a 5 15 0 1 174974686457788.0
a 5 16 0 1 109251107520897.64
a 5 17 0 1 713347272974292.6
a 5 18 0 1 450967834166345.56
a 5 19 0 1 271449581019103.38
a 5 20 0 1 735979473100831.1
a 5 21 0 1 318760159701140.06
a 5 22 0 1 45561119486640.92
a 5 23 0 1 496124415738407.4
a 5 24 0 1 458115954799033.06
a 5 25 0 1 791854252177760.9
a 5 26 0 1 446011203107034.75
a 5 27 0 1 70040340211562.06
a 5 28 0 1 69541890082238.85
a 5 29 0 1 353406904853112.56
a 5 30 0 1 274679913605562.12
a 5 31 0 1 710570323332226.8
a 5 32 0 1 364738916638337.06
a 5 33 0 1 792963278581114.1
a 5 34 0 1 454276179837839.06
a 5 35 0 1 749191258191759.4
a 5 36 0 1 450264790297567.06
a 5 37 0 1 301258146265259.0
a 5 38 0 1 225470151460001.5
a 5 39 0 1 306116190584770.06
a 5 40 0 1 96977599601110.69
a 5 41 0 1 537178828294222.0
a 5 42 0 1 202706856055127.44
a 5 43 0 1 350469933366228.6
a 5 44 0 1 551935841781210.3
a 5 45 0 1 246579492035464.72
a 5 46 0 1 257435262968007.2
a 5 47 0 1 399490956209374.8
a 5 48 0 1 491885657827969.56
a 5 49 0 1 541970096686487.2
a 5 50 0 1 280263817415654.84
a 5 51 0 1 439073257877311.5
a 5 52 0 1 276924665884706.0
a 5 53 0 1 381853168190815.06
a 5 54 0 1 616106922401575.5
a 5 55 0 1 358289100616366.06
a 5 56 0 1 804941488060972.0
a 5 57 0 1 437970353390600.8
a 5 58 0 1 364948636682117.56
a 5 59 0 1 47447052453651.17
a 5 60 0 1 283767568273359.0
a 5 61 0 1 263946625676909.88
a 5 62 0 1 39593057759596.375
a 5 63 0 1 819693085726751.2
a 5 64 0 1 627476856716699.5
a 5 65 0 1 210254648510227.7
a 5 66 0 1 562878792285153.6
a 5 67 0 1 334186632292239.8
a 5 68 0 1 198171424174651.84
a 5 69 0 1 454450609023201.56
a 5 70 0 1 777249992373028.9
a 5 71 0 1 675499886495250.2
a 5 72 0 1 236726607508447.06
a 5 73 0 1 358065955397598.56
a 5 74 0 1 303580187218104.5
a 5 75 0 1 229877238127885.94
a 5 76 0 1 361780955453081.75
a 5 77 0 1 471413163224315.75
a 5 78 0 1 153123393973729.28
a 5 79 0 1 30539492779373.605
a 5 80 0 1 542812497563807.94
a 5 81 0 1 454110458216625.5
a 6 15 0 1 151178482756173.7
a 6 16 0 1 94490429326335.62
a 6 17 0 1 610953995028028.0
a 6 18 0 1 387918936312219.8
a 6 19 0 1 234175067175671.22
a 6 20 0 1 630097006074563.0
a 6 21 0 1 274781354409387.8
a 6 22 0 1 39444474619046.766
a 6 23 0 1 426447464586928.5
a 6 24 0 1 394021774499916.75
a 6 25 0 1 677291522460060.5
a 6 26 0 1 383686260261219.6
a 6 27 0 1 60614321785670.0
a 6 28 0 1 60183418692912.46
a 6 29 0 1 304478486354195.2
a 6 30 0 1 236949627193410.7
a 6 31 0 1 608604107078184.9
a 6 32 0 1 314184256879850.44
a 6 33 0 1 678227303137805.9
a 6 34 0 1 390743679278590.4
a 6 35 0 1 641264821455819.4
a 6 36 0 1 387318620483778.8
a 6 37 0 1 259766825626270.8
a 6 38 0 1 194651460302816.47
a 6 39 0 1 263935279397935.34
a 6 40 0 1 83891218917090.62
a 6 41 0 1 461424730254126.94
a 6 42 0 1 175062596871241.88
a 6 43 0 1 301962402808395.25
a 6 44 0 1 473985331367593.0
a 6 45 0 1 212804200902135.16
a 6 46 0 1 222134681824963.94
a 6 47 0 1 343926366380673.0
a 6 48 0 1 422833371962634.56
a 6 49 0 1 465503569570060.3
a 6 50 0 1 241745002513490.0
a 6 51 0 1 377760472185201.3
a 6 52 0 1 238877492429542.47
a 6 53 0 1 328835568173782.44
a 6 54 0 1 528531123888799.06
a 6 55 0 1 308660490574745.3
a 6 56 0 1 688331965145797.5
a 6 57 0 1 376818340117136.4
a 6 58 0 1 314363846027734.56
a 6 59 0 1 41076019375499.12
a 6 60 0 1 244753528035312.4
a 6 61 0 1 227729592284284.72
a 6 62 0 1 34280798522217.73
a 6 63 0 1 700770224916351.5
a 6 64 0 1 538182997585165.2
a 6 65 0 1 181559406054676.66
a 6 66 0 1 483295443168051.9
a 6 67 0 1 288008189916854.25
a 6 68 0 1 171157939878167.66
a 6 69 0 1 390892602269479.0
a 6 70 0 1 664965176451766.0
a 6 71 0 1 578907236335613.0
a 6 72 0 1 204332861381738.22
a 6 73 0 1 308469362956273.6
a 6 74 0 1 261759339667313.84
a 6 75 0 1 198442305391392.97
a 6 76 0 1 311651139166109.94
a 6 77 0 1 405370597102732.3
a 6 78 0 1 132344350827055.5
a 6 79 0 1 26445663934259.074
a 6 80 0 1 466220641982023.2
a 6 81 0 1 390602189763751.3
a 7 15 0 1 32846680799130.094
a 7 16 0 1 20634806678754.242
a 7 17 0 1 127370552647595.95
a 7 18 0 1 82509805160640.19
a 7 19 0 1 50501507856139.49
a 7 20 0 1 131135687675074.55
a 7 21 0 1 59042757041227.5
a 7 22 0 1 8656561261803.264
a 7 23 0 1 90391284199593.16
a 7 24 0 1 83761924277152.19
a 7 25 0 1 140361321760342.33
a 7 26 0 1 81640565543352.31
a 7 27 0 1 13277275276916.277
a 7 28 0 1 13183398112346.512
a 7 29 0 1 65249505494045.125
a 7 30 0 1 51087126013211.42
a 7 31 0 1 126907446698492.98
a 7 32 0 1 67270756212419.81
a 7 33 0 1 140543434604360.28
a 7 34 0 1 83089531436645.48
a 7 35 0 1 133326073112532.9
a 7 36 0 1 82386562819063.4
a 7 37 0 1 55891901855147.555
a 7 38 0 1 42127269450411.875
a 7 39 0 1 56767530736431.195
a 7 40 0 1 18337598467330.676
a 7 41 0 1 97498263564429.58
a 7 42 0 1 37954492401848.68
a 7 43 0 1 64724940932613.56
a 7 44 0 1 100039319066211.69
a 7 45 0 1 45980920050656.79
a 7 46 0 1 47956757691003.695
a 7 47 0 1 73442386649179.6
a 7 48 0 1 89654339777618.38
a 7 49 0 1 98324070487996.17
a 7 50 0 1 52098575933115.98
a 7 51 0 1 80422490149918.4
a 7 52 0 1 51493861040520.58
a 7 53 0 1 70315159647346.32
a 7 54 0 1 111006314434221.03
a 7 55 0 1 66120856742820.164
a 7 56 0 1 142507896885857.38
a 7 57 0 1 80228708516451.7
a 7 58 0 1 67308122403855.586
a 7 59 0 1 9013302790174.303
a 7 60 0 1 52732690238704.27
a 7 61 0 1 49139940895794.0
a 7 62 0 1 7526819643464.558
a 7 63 0 1 144920985697529.88
a 7 64 0 1 112935483572030.45
a 7 65 0 1 39340070417158.56
a 7 66 0 1 101919008324040.45
a 7 67 0 1 61811333655968.375
a 7 68 0 1 37120959294103.57
a 7 69 0 1 83120086811953.6
a 7 70 0 1 137959532445816.11
a 7 71 0 1 121037550920227.84
a 7 72 0 1 44184115833039.27
a 7 73 0 1 66081048385511.73
a 7 74 0 1 56310533846482.516
a 7 75 0 1 42933077470574.98
a 7 76 0 1 66743573050847.32
a 7 77 0 1 86086645827735.53
a 7 78 0 1 28803254850672.176
a 7 79 0 1 5810594459820.005
a 7 80 0 1 98469185944611.02
a 7 81 0 1 83060500458327.36
a 8 15 0 1 87479133216397.7
a 8 16 0 1 54827091599234.484
a 8 17 0 1 345596203463325.94
a 8 18 0 1 221881509371708.97
a 8 19 0 1 134958370641311.42
a 8 20 0 1 356082611629949.3
a 8 21 0 1 158046121516534.03
a 8 22 0 1 22948125539370.387
a 8 23 0 1 243454818430942.0
a 8 24 0 1 225304289525728.34
a 8 25 0 1 381846115144167.2
a 8 26 0 1 219506370277922.25
a 8 27 0 1 35228419604974.88
a 8 28 0 1 34978710169994.52
a 8 29 0 1 174872198756804.28
a 8 30 0 1 136538882023382.55
a 8 31 0 1 344307510937412.0
a 8 32 0 1 180360569656577.72
a 8 33 0 1 382355672521205.6
a 8 34 0 1 223466030587745.5
a 8 35 0 1 362190607722061.44
a 8 36 0 1 221544707808192.94
a 8 37 0 1 149520076419282.12
a 8 38 0 1 112396823085999.16
a 8 39 0 1 151888422645062.78
a 8 40 0 1 48701954323968.18
a 8 41 0 1 262966693257441.6
a 8 42 0 1 101182124603718.53
a 8 43 0 1 173448546484105.12
a 8 44 0 1 269956594840243.6
a 8 45 0 1 122770025325648.98
a 8 46 0 1 128094603946918.31
a 8 47 0 1 197145788370093.44
a 8 48 0 1 241434756912726.66
a 8 49 0 1 265237526666388.12
a 8 50 0 1 139269514041285.94
a 8 51 0 1 216179445632987.2
a 8 52 0 1 137636822952240.27
a 8 53 0 1 188635423194793.53
a 8 54 0 1 300206948635357.5
a 8 55 0 1 177237671205312.28
a 8 56 0 1 387854743037744.3
a 8 57 0 1 215650319506749.12
a 8 58 0 1 180462072612087.53
a 8 59 0 1 23895452765168.586
a 8 60 0 1 140981996872586.25
a 8 61 0 1 131285067603490.56
a 8 62 0 1 19948945960088.133
a 8 63 0 1 394615775402820.4
a 8 64 0 1 305542119229432.56
a 8 65 0 1 104903969018943.31
a 8 66 0 1 275131831415735.16
a 8 67 0 1 165546463912520.7
a 8 68 0 1 98944109284747.28
a 8 69 0 1 223549555415017.97
a 8 70 0 1 375129425673243.3
a 8 71 0 1 327994441637547.3
a 8 72 0 1 117931475389270.53
a 8 73 0 1 177129585019963.38
a 8 74 0 1 150652264485888.94
a 8 75 0 1 114564598571809.86
a 8 76 0 1 178928668831322.75
a 8 77 0 1 231663666098153.0
a 8 78 0 1 76650813682467.34
a 8 79 0 1 15395268576053.436
a 8 80 0 1 265636648406001.2
a 8 81 0 1 223386673728640.28
a 9 15 0 1 151620091522413.84
a 9 16 0 1 94764636865992.6
a 9 17 0 1 612837441165290.6
a 9 18 0 1 389083824672493.6
a 9 19 0 1 234865754242052.56
a 9 20 0 1 632043868298539.0
a 9 21 0 1 275595654065939.5
a 9 22 0 1 39558213866712.7
a 9 23 0 1 427733851050993.75
a 9 24 0 1 395205835907588.7
a 9 25 0 1 679395931793321.2
a 9 26 0 1 384837866853041.9
a 9 27 0 1 60789533453564.5
a 9 28 0 1 60357376117682.24
a 9 29 0 1 305383926027838.75
a 9 30 0 1 237648723652363.8
a 9 31 0 1 610479787923415.9
a 9 32 0 1 315119619203905.25
a 9 33 0 1 680334853741927.0
a 9 34 0 1 391917438663366.2
a 9 35 0 1 643248809644842.0
a 9 36 0 1 388481624314990.2
a 9 37 0 1 260535283316053.34
a 9 38 0 1 195222938854659.78
a 9 39 0 1 264716448165162.4
a 9 40 0 1 84134369182025.44
a 9 41 0 1 462822356367698.7
a 9 42 0 1 175575394856928.94
a 9 43 0 1 302860096400988.9
a 9 44 0 1 475423124317007.1
a 9 45 0 1 213430295461739.66
a 9 46 0 1 222788938148035.22
a 9 47 0 1 344953841733368.6
a 9 48 0 1 424108315524881.75
a 9 49 0 1 466914226397661.94
a 9 50 0 1 242458645949918.84
a 9 51 0 1 378893505972404.3
a 9 52 0 1 239582435214186.56
a 9 53 0 1 329816227375419.9
a 9 54 0 1 530144704048530.75
a 9 55 0 1 309578815039811.7
a 9 56 0 1 690473478830688.9
a 9 57 0 1 377948423383707.6
a 9 58 0 1 315299762653003.5
a 9 59 0 1 41194485577441.94
a 9 60 0 1 245476306191501.25
a 9 61 0 1 228400764597664.94
a 9 62 0 1 34379589164408.5
a 9 63 0 1 702953654221761.0
a 9 64 0 1 539827914579289.1
a 9 65 0 1 182091636522423.5
a 9 66 0 1 484763083693130.44
a 9 67 0 1 288863005318063.44
a 9 68 0 1 171659072738797.88
a 9 69 0 1 392066829503287.2
a 9 70 0 1 667028271477068.4
a 9 71 0 1 580685145168606.0
a 9 72 0 1 204933439793155.44
a 9 73 0 1 309387098284045.94
a 9 74 0 1 262533871704466.84
a 9 75 0 1 199025170521323.34
a 9 76 0 1 312578685480903.5
a 9 77 0 1 406590384602554.06
a 9 78 0 1 132730098654508.12
a 9 79 0 1 26521806237203.633
a 9 80 0 1 467633590918154.7
a 9 81 0 1 391775504667039.5
a 10 15 0 1 78819945545618.4
a 10 16 0 1 49418385321922.19
a 10 17 0 1 310453960854337.9
a 10 18 0 1 199608816815277.25
a 10 19 0 1 121533249786010.61
a 10 20 0 1 319834342117330.06
a 10 21 0 1 142286481010002.6
a 10 22 0 1 20691774227430.562
a 10 23 0 1 218961526884667.47
a 10 24 0 1 202679941101979.1
a 10 25 0 1 342870342870007.94
a 10 26 0 1 197477553004054.62
a 10 27 0 1 31760198606520.395
a 10 28 0 1 31535162295109.74
a 10 29 0 1 157404148299943.25
a 10 30 0 1 122954303128114.36
a 10 31 0 1 309301025091505.44
a 10 32 0 1 162333978529732.16
a 10 33 0 1 343325808960023.7
a 10 34 0 1 201030575496688.84
a 10 35 0 1 325297011311569.56
a 10 36 0 1 199306604751731.28
a 10 37 0 1 134623847006722.95
a 10 38 0 1 101242260012115.69
a 10 39 0 1 136752509572074.98
a 10 40 0 1 43900552160054.59
a 10 41 0 1 236456453833101.94
a 10 42 0 1 91152249008999.8
a 10 43 0 1 156125274773872.84
a 10 44 0 1 242721828648147.84
a 10 45 0 1 110572837295654.22
a 10 46 0 1 115361364565995.33
a 10 47 0 1 177407059356253.28
a 10 48 0 1 217149815882387.0
a 10 49 0 1 238492022353223.3
a 10 50 0 1 125409318286372.8
a 10 51 0 1 194492030207090.47
a 10 52 0 1 123941441909637.84
a 10 53 0 1 169765517176648.53
a 10 54 0 1 269824556908788.94
a 10 55 0 1 159528969029061.28
a 10 56 0 1 348240772948057.5
a 10 57 0 1 194017180236645.8
a 10 58 0 1 162425145757568.4
a 10 59 0 1 21545725229061.805
a 10 60 0 1 126948871830163.64
a 10 61 0 1 118230345371869.47
a 10 62 0 1 17988096962263.492
a 10 63 0 1 354282747767505.0
a 10 64 0 1 274602549314718.9
a 10 65 0 1 94501130801528.6
a 10 66 0 1 247359960791569.72
a 10 67 0 1 149026022218138.34
a 10 68 0 1 89138364728868.06
a 10 69 0 1 201105519148055.0
a 10 70 0 1 336866123346391.3
a 10 71 0 1 294703336673223.2
a 10 72 0 1 106220895477542.86
a 10 73 0 1 159431881576370.9
a 10 74 0 1 135641468940491.53
a 10 75 0 1 103192334485527.9
a 10 76 0 1 161047860558081.88
a 10 77 0 1 208385295826181.62
a 10 78 0 1 69072015092029.02
a 10 79 0 1 13882731443816.879
a 10 80 0 1 238849782534965.1
a 10 81 0 1 200959371467485.84
a 11 15 0 1 93326677131854.3
a 11 16 0 1 58477297161134.12
a 11 17 0 1 369449634685597.0
a 11 18 0 1 236961865462466.25
a 11 19 0 1 144032693648548.38
a 11 20 0 1 380692055959824.4
a 11 21 0 1 168703201765382.5
a 11 22 0 1 24469957132556.28
a 11 23 0 1 260045821449367.34
a 11 24 0 1 240623786415980.75
a 11 25 0 1 408321301527436.4
a 11 26 0 1 234420900008006.12
a 11 27 0 1 37568162472154.21
a 11 28 0 1 37301796917680.836
a 11 29 0 1 186688451611429.25
a 11 30 0 1 145721268947807.7
a 11 31 0 1 368068169377833.9
a 11 32 0 1 192555963798553.3
a 11 33 0 1 408867879886146.6
a 11 34 0 1 238657068012663.03
a 11 35 0 1 387241308263711.2
a 11 36 0 1 236601543339506.47
a 11 37 0 1 159591614989295.9
a 11 38 0 1 119933122348060.66
a 11 39 0 1 162122488499896.8
a 11 40 0 1 51941925366674.81
a 11 41 0 1 280930927216159.66
a 11 42 0 1 107957085684965.42
a 11 43 0 1 185166535878114.28
a 11 44 0 1 288414381747666.1
a 11 45 0 1 131012407338822.27
a 11 46 0 1 136700119426502.42
a 11 47 0 1 210503903855908.84
a 11 48 0 1 257883966384144.72
a 11 49 0 1 283362009616464.9
a 11 50 0 1 148638700832289.3
a 11 51 0 1 230861860745842.88
a 11 52 0 1 146894303858385.97
a 11 53 0 1 201403420480571.38
a 11 54 0 1 320810529190405.06
a 11 55 0 1 189217270082258.25
a 11 56 0 1 414766772164142.44
a 11 57 0 1 230295835800378.56
a 11 58 0 1 192664483489277.6
a 11 59 0 1 25480291954399.156
a 11 60 0 1 150468396982081.38
a 11 61 0 1 140108399001318.17
a 11 62 0 1 21271396023182.934
a 11 63 0 1 422020124871966.25
a 11 64 0 1 326525810867590.2
a 11 65 0 1 111931364204139.05
a 11 66 0 1 293955587163073.1
a 11 67 0 1 176719660567388.8
a 11 68 0 1 105567388151258.25
a 11 69 0 1 238746428381125.22
a 11 70 0 1 401117058185241.0
a 11 71 0 1 350583272039902.56
a 11 72 0 1 125844283008365.78
a 11 73 0 1 189101718008110.62
a 11 74 0 1 160801487418604.9
a 11 75 0 1 122248305053442.55
a 11 76 0 1 191025096664546.38
a 11 77 0 1 247428011917103.94
a 11 78 0 1 81767704429608.27
a 11 79 0 1 16415276716622.557
a 11 80 0 1 283789305992968.8
a 11 81 0 1 238572166922645.06
a 12 15 0 1 116617723655672.17
a 12 16 0 1 72997903195277.36
a 12 17 0 1 465454791384959.44
a 12 18 0 1 297348487189805.4
a 12 19 0 1 180243348014234.88
a 12 20 0 1 479783713290294.44
a 12 21 0 1 211268609720563.06
a 12 22 0 1 30516457010755.105
a 12 23 0 1 326539748080965.4
a 12 24 0 1 301976502854280.1
a 12 25 0 1 515041745229958.9
a 12 26 0 1 294137764279908.56
a 12 27 0 1 46868723318891.49
a 12 28 0 1 46536060931893.68
a 12 29 0 1 233915303211234.8
a 12 30 0 1 182365429551457.88
a 12 31 0 1 463694759786248.9
a 12 32 0 1 241308833606745.8
a 12 33 0 1 515739866627147.3
a 12 34 0 1 299490793210855.3
a 12 35 0 1 488135701911666.5
a 12 36 0 1 296893159842514.06
a 12 37 0 1 199804725512791.0
a 12 38 0 1 149979736408958.4
a 12 39 0 1 202988360592947.84
a 12 40 0 1 64827575325327.98
a 12 41 0 1 352985917021704.2
a 12 42 0 1 134956474668008.62
a 12 43 0 1 231997992861967.66
a 12 44 0 1 362470244258662.6
a 12 45 0 1 163887479061669.47
a 12 46 0 1 171030744143953.5
a 12 47 0 1 263940827296791.3
a 12 48 0 1 323804188519759.3
a 12 49 0 1 356066525787156.94
a 12 50 0 1 186032350153051.94
a 12 51 0 1 289641451753772.3
a 12 52 0 1 183839741251557.7
a 12 53 0 1 252462249105651.84
a 12 54 0 1 403578860461365.0
a 12 55 0 1 237101496371067.7
a 12 56 0 1 523275823282783.4
a 12 57 0 1 288926453506055.9
a 12 58 0 1 241445601495351.06
a 12 59 0 1 31777359188932.098
a 12 60 0 1 188332418553974.75
a 12 61 0 1 175312390876825.3
a 12 62 0 1 26525118579781.375
a 12 63 0 1 532546029769871.06
a 12 64 0 1 410839763379015.0
a 12 65 0 1 139940814310510.52
a 12 66 0 1 369495836389752.0
a 12 67 0 1 221359783871340.66
a 12 68 0 1 131959994362343.48
a 12 69 0 1 299603728169655.25
a 12 70 0 1 505842344769516.56
a 12 71 0 1 441431664285319.56
a 12 72 0 1 157398844498854.0
a 12 73 0 1 236955895638095.25
a 12 74 0 1 201326587906648.0
a 12 75 0 1 152885219408774.6
a 12 76 0 1 239379569161029.34
a 12 77 0 1 310578568074040.6
a 12 78 0 1 102139968542901.89
a 12 79 0 1 20466780675656.707
a 12 80 0 1 356608033027346.06
a 12 81 0 1 299383494522187.5
a 13 15 0 1 116557158008440.92
a 13 16 0 1 72960182090461.77
a 13 17 0 1 465203043176116.5
a 13 18 0 1 297190787443757.6
a 13 19 0 1 180149046478822.78
a 13 20 0 1 479523779096327.0
a 13 21 0 1 211157677788389.3
a 13 22 0 1 30500764915375.285
a 13 23 0 1 326365976983132.4
a 13 24 0 1 301816262333915.9
a 13 25 0 1 514761553135972.1
a 13 26 0 1 293981825627159.56
a 13 27 0 1 46844577143140.82
a 13 28 0 1 46512087058981.12
a 13 29 0 1 233792156835607.9
a 13 30 0 1 182269994300973.34
a 13 31 0 1 463444015207599.4
a 13 32 0 1 241181685743250.88
a 13 33 0 1 515459271757806.44
a 13 34 0 1 299331917678101.44
a 13 35 0 1 487870983834184.9
a 13 36 0 1 296735709924376.94
a 13 37 0 1 199699952374868.2
a 13 38 0 1 149901543001107.88
a 13 39 0 1 202881878725671.53
a 13 40 0 1 64794107737393.31
a 13 41 0 1 352797492385372.1
a 13 42 0 1 134886235977211.27
a 13 43 0 1 231875883051767.34
a 13 44 0 1 362276542693762.8
a 13 45 0 1 163801897041140.78
a 13 46 0 1 170941357997577.25
a 13 47 0 1 263801388259609.62
a 13 48 0 1 323631928082778.75
a 13 49 0 1 355876388411981.9
a 13 50 0 1 185934954556869.06
a 13 51 0 1 289487977158858.06
a 13 52 0 1 183743518028888.3
a 13 53 0 1 252329051951739.94
a 13 54 0 1 403362153097987.0
a 13 55 0 1 236976626415436.28
a 13 56 0 1 522990876483945.1
a 13 57 0 1 288773370507768.5
a 13 58 0 1 241318379546897.75
a 13 59 0 1 31761016341745.176
a 13 60 0 1 188233792490451.4
a 13 61 0 1 175220721552030.0
a 13 62 0 1 26511485170248.676
a 13 63 0 1 532255719169286.0
a 13 64 0 1 410618969900179.25
a 13 65 0 1 139867939493145.47
a 13 66 0 1 369298218464763.5
a 13 67 0 1 221243417149376.97
a 13 68 0 1 131891339000713.81
a 13 69 0 1 299444790637409.3
a 13 70 0 1 505567454153406.6
a 13 71 0 1 441193579855228.6
a 13 72 0 1 157316712566414.06
a 13 73 0 1 236831104473143.56
a 13 74 0 1 201220998106753.12
a 13 75 0 1 152805484390653.0
a 13 76 0 1 239253466100555.2
a 13 77 0 1 310413597836278.1
a 13 78 0 1 102087010615897.69
a 13 79 0 1 20456268474850.957
a 13 80 0 1 356417594462645.9
a 13 81 0 1 299224677893209.7
a 14 15 0 1 128663089246211.44
a 14 16 0 1 80495975186413.19
a 14 17 0 1 515744544533837.25
a 14 18 0 1 328782374449799.4
a 14 19 0 1 199012734462453.1
a 14 20 0 1 531718581315265.75
a 14 21 0 1 233356514279037.88
a 14 22 0 1 33634097710282.387
a 14 23 0 1 361189973049733.06
a 14 24 0 1 333918712526037.25
a 14 25 0 1 571050482257407.6
a 14 26 0 1 325219351829528.06
a 14 27 0 1 51666918587981.24
a 14 28 0 1 51299998248037.266
a 14 29 0 1 258442167253147.56
a 14 30 0 1 201360962629048.6
a 14 31 0 1 513782859232219.6
a 14 32 0 1 266635007446144.6
a 14 33 0 1 571829640834459.0
a 14 34 0 1 331159907915107.0
a 14 35 0 1 541032263845654.4
a 14 36 0 1 328277068274178.75
a 14 37 0 1 220663374251832.16
a 14 38 0 1 165537248960661.2
a 14 39 0 1 224188025699688.0
a 14 40 0 1 71479496681038.23
a 14 41 0 1 390570822539557.1
a 14 42 0 1 148928739597506.12
a 14 43 0 1 256317823805015.16
a 14 44 0 1 401112454426445.56
a 14 45 0 1 180917944826928.97
a 14 46 0 1 188819775369956.0
a 14 47 0 1 291723126719695.56
a 14 48 0 1 358151985038816.5
a 14 49 0 1 393994573550354.1
a 14 50 0 1 205418949067381.7
a 14 51 0 1 320230162535078.56
a 14 52 0 1 202992461228965.53
a 14 53 0 1 278997068519493.06
a 14 54 0 1 446833621040071.4
a 14 55 0 1 261972632818201.0
a 14 56 0 1 580241289435844.6
a 14 57 0 1 319436839776536.3
a 14 58 0 1 266786575432531.75
a 14 59 0 1 35024337155942.465
a 14 60 0 1 207964499264353.16
a 14 61 0 1 193556765495993.22
a 14 62 0 1 29233619866162.297
a 14 63 0 1 590591040223222.6
a 14 64 0 1 454914285307750.0
a 14 65 0 1 154438352592926.9
a 14 66 0 1 408922910019081.0
a 14 67 0 1 244532728115641.12
a 14 68 0 1 145616796548228.44
a 14 69 0 1 331285246824240.7
a 14 70 0 1 560784582137637.56
a 14 71 0 1 488976839813163.5
a 14 72 0 1 173741457180195.62
a 14 73 0 1 261811293629355.66
a 14 74 0 1 222348217027311.25
a 14 75 0 1 168750017464466.7
a 14 76 0 1 264497026045923.56
a 14 77 0 1 343467192407094.75
a 14 78 0 1 112670456806052.47
a 14 79 0 1 22555052597266.625
a 14 80 0 1 394596426053084.56
a 14 81 0 1 331040824654440.3
a 15 1 0 1 0
a 16 1 0 1 0
a 17 1 0 1 0
a 18 1 0 1 0
a 19 1 0 1 0
a 20 1 0 1 0
a 21 1 0 1 0
a 22 1 0 1 0
a 23 1 0 1 0
a 24 1 0 1 0
a 25 1 0 1 0
a 26 1 0 1 0
a 27 1 0 1 0
a 28 1 0 1 0
a 29 1 0 1 0
a 30 1 0 1 0
a 31 1 0 1 0
a 32 1 0 1 0
a 33 1 0 1 0
a 34 1 0 1 0
a 35 1 0 1 0
a 36 1 0 1 0
a 37 1 0 1 0
a 38 1 0 1 0
a 39 1 0 1 0
a 40 1 0 1 0
a 41 1 0 1 0
a 42 1 0 1 0
a 43 1 0 1 0
a 44 1 0 1 0
a 45 1 0 1 0
a 46 1 0 1 0
a 47 1 0 1 0
a 48 1 0 1 0
a 49 1 0 1 0
a 50 1 0 1 0
a 51 1 0 1 0
a 52 1 0 1 0
a 53 1 0 1 0
a 54 1 0 1 0
a 55 1 0 1 0
a 56 1 0 1 0
a 57 1 0 1 0
a 58 1 0 1 0
a 59 1 0 1 0
a 60 1 0 1 0
a 61 1 0 1 0
a 62 1 0 1 0
a 63 1 0 1 0
a 64 1 0 1 0
a 65 1 0 1 0
a 66 1 0 1 0
a 67 1 0 1 0
a 68 1 0 1 0
a 69 1 0 1 0
a 70 1 0 1 0
a 71 1 0 1 0
a 72 1 0 1 0
a 73 1 0 1 0
a 74 1 0 1 0
a 75 1 0 1 0
a 76 1 0 1 0
a 77 1 0 1 0
a 78 1 0 1 0
a 79 1 0 1 0
a 80 1 0 1 0
a 81 1 0 1 0
