p min 80 923
n 0 13
n 1 -13
a 0 2 0 1 0
a 0 3 0 1 0
a 0 4 0 1 0
a 0 5 0 1 0
a 0 6 0 1 0
a 0 7 0 1 0
a 0 8 0 1 0
a 0 9 0 1 0
a 0 10 0 1 0
a 0 11 0 1 0
a 0 12 0 1 0
a 0 13 0 1 0
a 0 14 0 1 0
a 2 15 0 1 534962578996373.6
a 2 16 0 1 185302237543735.06
a 2 17 0 1 100942287755250.11
a 2 18 0 1 290947331548282.2
a 2 19 0 1 484197613195738.9
a 2 20 0 1 520882773464796.94
a 2 21 0 1 256230292975402.16
a 2 22 0 1 184680773723628.78
a 2 23 0 1 275700825323837.2
a 2 24 0 1 566393370154005.2
a 2 25 0 1 87918754222790.55
a 2 26 0 1 522177606003428.7
a 2 27 0 1 518568384487050.44
a 2 28 0 1 220953835543630.38
a 2 29 0 1 157830347881317.5
a 2 30 0 1 323326772872228.75
a 2 31 0 1 391437749086377.2
a 2 32 0 1 116417910879598.11
a 2 33 0 1 324581816404252.3
a 2 34 0 1 504074450199820.06
a 2 35 0 1 33715674089099.87
a 2 36 0 1 151187706849042.66
a 2 37 0 1 379307157595064.56
a 2 38 0 1 149105645559138.16
a 2 39 0 1 304768310438459.6
a 2 40 0 1 138276068192808.06
a 2 41 0 1 283412765720713.2
a 2 42 0 1 254271008545971.1
a 2 43 0 1 476785456851481.3
a 2 44 0 1 7009985105082.468
a 2 45 0 1 466046822039498.25
a 2 46 0 1 242728952877057.0
a 2 47 0 1 469425530495583.75
a 2 48 0 1 415640390503534.75
a 2 49 0 1 222486208709119.12
a 2 50 0 1 11086088011403.625
a 2 51 0 1 500097828221560.7
a 2 52 0 1 25289532664171.66
a 2 53 0 1 399826701770564.56
a 2 54 0 1 23063910920790.324
a 2 55 0 1 380328323105602.8
a 2 56 0 1 225077962687557.34
a 2 57 0 1 31647884197678.78
a 2 58 0 1 161862754653938.75
a 2 59 0 1 399299082874068.8
a 2 60 0 1 62337837123337.49
a 2 61 0 1 153453741017811.12
a 2 62 0 1 195581836697276.53
a 2 63 0 1 536324532861566.9
a 2 64 0 1 65843348872915.734
a 2 65 0 1 46599191043139.445
a 2 66 0 1 64124310208808.445
a 2 67 0 1 197920023216890.8
a 2 68 0 1 406485299493814.0
a 2 69 0 1 408384152058000.4
a 2 70 0 1 189306454748176.16
a 2 71 0 1 530872712291191.0
a 2 72 0 1 313618088912537.2
a 2 73 0 1 384269367552377.6
a 2 74 0 1 489097624676245.8
a 2 75 0 1 501731338161520.44
a 2 76 0 1 406969089061805.0
a 2 77 0 1 534012281004783.1
a 2 78 0 1 561177096513030.44
a 2 79 0 1 356543281355487.4
a 3 15 0 1 148969788655616.8
a 3 16 0 1 53103378451910.914
a 3 17 0 1 29128129133987.676
a 3 18 0 1 82660088598437.81
a 3 19 0 1 135397660535723.44
a 3 20 0 1 145217164176009.47
a 3 21 0 1 73004266190143.25
a 3 22 0 1 52927974464485.08
a 3 23 0 1 78426451242851.8
a 3 24 0 1 157314740158292.1
a 3 25 0 1 25397059251287.367
a 3 26 0 1 145562642474127.53
a 3 27 0 1 144599466702648.22
a 3 28 0 1 63135677446474.445
a 3 29 0 1 45332402703776.055
a 3 30 0 1 91615623992395.0
a 3 31 0 1 110296610238488.52
a 3 32 0 1 33551318292633.0
a 3 33 0 1 91961773266991.17
a 3 34 0 1 140725625784367.27
a 3 35 0 1 9782669688253.572
a 3 36 0 1 43448102307586.59
a 3 37 0 1 106985069202097.16
a 3 38 0 1 42857064451464.38
a 3 39 0 1 86488616532296.66
a 3 40 0 1 39779582231637.44
a 3 41 0 1 80569238308065.61
a 3 42 0 1 72457669853835.88
a 3 43 0 1 133406268080962.9
a 3 44 0 1 2038401608290.7437
a 3 45 0 1 130516753385632.9
a 3 46 0 1 69234085298599.28
a 3 47 0 1 131426447668841.55
a 3 48 0 1 116883639404733.94
a 3 49 0 1 63565558984446.8
a 3 50 0 1 3222600349166.0767
a 3 51 0 1 139661124376148.81
a 3 52 0 1 7342859633412.984
a 3 53 0 1 112582786699459.08
a 3 54 0 1 6697863786808.677
a 3 55 0 1 107264097350789.6
a 3 56 0 1 64292383659036.87
a 3 57 0 1 9184247381682.23
a 3 58 0 1 46475258070161.58
a 3 59 0 1 112439093458443.97
a 3 60 0 1 18045200342495.39
a 3 61 0 1 44091134243148.1
a 3 62 0 1 56002113612077.35
a 3 63 0 1 149332310634274.4
a 3 64 0 1 19054496355321.266
a 3 65 0 1 13506625293105.18
a 3 66 0 1 18559628590917.34
a 3 67 0 1 56660769233080.94
a 3 68 0 1 114395116812511.28
a 3 69 0 1 114911573974869.7
a 3 70 0 1 54233109918506.945
a 3 71 0 1 147880655145138.5
a 3 72 0 1 88935456393284.11
a 3 73 0 1 108340520148362.83
a 3 74 0 1 136712761427604.56
a 3 75 0 1 140098484818553.8
a 3 76 0 1 114526715350947.0
a 3 77 0 1 148716790944362.34
a 3 78 0 1 155932875715804.25
a 3 79 0 1 100752570024406.12
a 4 15 0 1 209869411105402.06
a 4 16 0 1 74475783857948.66
a 4 17 0 1 40805868097535.36
a 4 18 0 1 116088131548222.6
a 4 19 0 1 190626042489564.78
a 4 20 0 1 204546202895223.4
a 4 21 0 1 102481163810690.97
a 4 22 0 1 74229179885004.08
a 4 23 0 1 110120573221350.47
a 4 24 0 1 221713880610318.3
a 4 25 0 1 35572841124898.51
a 4 26 0 1 205036193584354.62
a 4 27 0 1 203670165312654.25
a 4 28 0 1 88587131535760.19
a 4 29 0 1 63554287675381.69
a 4 30 0 1 128719342645368.81
a 4 31 0 1 155102201855836.06
a 4 32 0 1 47011976266377.88
a 4 33 0 1 129207778839522.83
a 4 34 0 1 198177352292123.94
a 4 35 0 1 13692404330803.936
a 4 36 0 1 60907243957000.77
a 4 37 0 1 150421950465091.97
a 4 38 0 1 60077056473260.81
a 4 39 0 1 121486717747539.16
a 4 40 0 1 55755081528376.77
a 4 41 0 1 113140658563937.77
a 4 42 0 1 101711271170937.23
a 4 43 0 1 187804639528454.9
a 4 44 0 1 2852051469056.862
a 4 45 0 1 183711736135733.28
a 4 46 0 1 97171588059128.42
a 4 47 0 1 185000166129752.62
a 4 48 0 1 164416140574454.06
a 4 49 0 1 89192095658968.58
a 4 50 0 1 4509181286798.468
a 4 51 0 1 196668328412266.34
a 4 52 0 1 10276347406180.031
a 4 53 0 1 158334150999449.88
a 4 54 0 1 9373396173227.283
a 4 55 0 1 150816248303162.5
a 4 56 0 1 90214997702525.39
a 4 57 0 1 12854462835163.049
a 4 58 0 1 65159984423873.94
a 4 59 0 1 158130992297053.62
a 4 60 0 1 25266751684843.94
a 4 61 0 1 61810515638212.31
a 4 62 0 1 78551759309212.11
a 4 63 0 1 210383761197493.2
a 4 64 0 1 26681202649595.6
a 4 65 0 1 18907916464126.91
a 4 66 0 1 25987666938244.965
a 4 67 0 1 79478063599941.95
a 4 68 0 1 160896727733954.72
a 4 69 0 1 161627062687187.28
a 4 70 0 1 76064192807367.64
a 4 71 0 1 208324244879641.88
a 4 72 0 1 124938016074627.92
a 4 73 0 1 152337451630987.84
a 4 74 0 1 192489571924471.53
a 4 75 0 1 197288306411112.75
a 4 76 0 1 161082821094422.5
a 4 77 0 1 209510465877517.53
a 4 78 0 1 219751861319828.53
a 4 79 0 1 141617460393981.84
a 5 15 0 1 433130294610652.2
a 5 16 0 1 151174132266398.1
a 5 17 0 1 82498568471042.9
a 5 18 0 1 236825183977979.44
a 5 19 0 1 392469191351767.56
a 5 20 0 1 421862308664553.0
a 5 21 0 1 208722114080296.6
a 5 22 0 1 150669120994386.12
a 5 23 0 1 224488572098660.38
a 5 24 0 1 458257805614320.44
a 5 25 0 1 71874357393427.42
a 5 26 0 1 422898860091542.0
a 5 27 0 1 420009418858703.4
a 5 28 0 1 180122471422626.6
a 5 29 0 1 128837128267446.97
a 5 30 0 1 262997329693352.22
a 5 31 0 1 317928510655787.3
a 5 32 0 1 95115481918627.1
a 5 33 0 1 264011021620324.94
a 5 34 0 1 408401163399537.1
a 5 35 0 1 27594234105457.895
a 5 36 0 1 123432129893795.31
a 5 37 0 1 308157459438287.94
a 5 38 0 1 121737676831019.42
a 5 39 0 1 248001189635369.1
a 5 40 0 1 112921756811642.89
a 5 41 0 1 230729671879606.8
a 5 42 0 1 207134819697688.3
a 5 43 0 1 386524390302189.6
a 5 44 0 1 5740448739511.994
a 5 45 0 1 377908079981948.56
a 5 46 0 1 197781382601837.34
a 5 47 0 1 380619493100551.2
a 5 48 0 1 337407574046261.5
a 5 49 0 1 181365723391630.84
a 5 50 0 1 9077581251993.816
a 5 51 0 1 405214921726178.0
a 5 52 0 1 20701595517868.883
a 5 53 0 1 324682607932204.25
a 5 54 0 1 18880616235318.82
a 5 55 0 1 308980201038183.9
a 5 56 0 1 183468288617559.47
a 5 57 0 1 25902993870496.715
a 5 58 0 1 132117474048262.45
a 5 59 0 1 324257887371002.44
a 5 60 0 1 50989146043331.18
a 5 61 0 1 125276134518612.95
a 5 62 0 1 159525530688116.7
a 5 63 0 1 434219871189356.9
a 5 64 0 1 53852510725154.68
a 5 65 0 1 38128325453858.95
a 5 66 0 1 52448422107428.55
a 5 67 0 1 161424612951208.78
a 5 68 0 1 330041754321097.56
a 5 69 0 1 331569744483901.3
a 5 70 0 1 154427697349850.56
a 5 71 0 1 429857950122723.6
a 5 72 0 1 255153775223355.75
a 5 73 0 1 312155103795823.75
a 5 74 0 1 396398063676708.44
a 5 75 0 1 406523830777790.94
a 5 76 0 1 330431067970519.1
a 5 77 0 1 432370006335451.44
a 5 78 0 1 454090153506203.56
a 5 79 0 1 289807111392977.8
a 6 15 0 1 158212383025913.97
a 6 16 0 1 56359545584288.47
a 6 17 0 1 30908960162317.586
a 6 18 0 1 87746993402376.44
a 6 19 0 1 143784179897973.9
a 6 20 0 1 154222773609520.9
a 6 21 0 1 77491635149051.83
a 6 22 0 1 56173316545423.18
a 6 23 0 1 83250312652080.81
a 6 24 0 1 167085114156020.47
a 6 25 0 1 26949072291852.934
a 6 26 0 1 154590060381599.97
a 6 27 0 1 153566088300023.34
a 6 28 0 1 67011760788203.27
a 6 29 0 1 48109429289761.445
a 6 30 0 1 97259850347511.38
a 6 31 0 1 117107330184430.06
a 6 32 0 1 35603683827265.516
a 6 33 0 1 97627565724381.36
a 6 34 0 1 149447872616079.84
a 6 35 0 1 10379348082670.111
a 6 36 0 1 46109084294544.67
a 6 37 0 1 113588618219387.4
a 6 38 0 1 45481658395390.11
a 6 39 0 1 91813629194705.61
a 6 40 0 1 42214791755771.48
a 6 41 0 1 85526200837288.5
a 6 42 0 1 76911142635705.4
a 6 43 0 1 141667417535932.6
a 6 44 0 1 2162613092627.4973
a 6 45 0 1 138596099459799.94
a 6 46 0 1 73487745474296.12
a 6 47 0 1 139563016303349.56
a 6 48 0 1 124106945082878.47
a 6 49 0 1 67468239571426.03
a 6 50 0 1 3419000254210.4873
a 6 51 0 1 148316259496783.3
a 6 52 0 1 7790592186060.122
a 6 53 0 1 119536628453936.22
a 6 54 0 1 7106235384770.005
a 6 55 0 1 113885095971741.42
a 6 56 0 1 68240040050542.234
a 6 57 0 1 9744384995180.787
a 6 58 0 1 49322693423795.414
a 6 59 0 1 119383937207873.61
a 6 60 0 1 19146950777319.914
a 6 61 0 1 46791711330291.805
a 6 62 0 1 59437243331631.09
a 6 63 0 1 158597810448606.2
a 6 64 0 1 20218012959870.44
a 6 65 0 1 14330815463215.615
a 6 66 0 1 19692858731410.99
a 6 67 0 1 60136580827332.44
a 6 68 0 1 121462473011575.3
a 6 69 0 1 122011287442731.83
a 6 70 0 1 57559009515978.53
a 6 71 0 1 157054446364634.34
a 6 72 0 1 94412762334137.56
a 6 73 0 1 115028846263189.48
a 6 74 0 1 145182107660280.9
a 6 75 0 1 148781191302221.2
a 6 76 0 1 121602316123037.5
a 6 77 0 1 157943401212545.8
a 6 78 0 1 165615778661059.56
a 6 79 0 1 106966667080686.44
a 7 15 0 1 144161977554881.44
a 7 16 0 1 51407810998291.27
a 7 17 0 1 28200566469786.28
a 7 18 0 1 80012058942877.92
a 7 19 0 1 131034509142602.39
a 7 20 0 1 140532433693171.42
a 7 21 0 1 70668084699366.05
a 7 22 0 1 51238040683162.08
a 7 23 0 1 75915235373856.61
a 7 24 0 1 152232857825510.38
a 7 25 0 1 24588646213206.242
a 7 26 0 1 140866585104779.66
a 7 27 0 1 139934985939824.28
a 7 28 0 1 61117523145097.87
a 7 29 0 1 43886214399544.484
a 7 30 0 1 88677762593515.55
a 7 31 0 1 106752303776443.31
a 7 32 0 1 32482375131176.93
a 7 33 0 1 89012697681585.4
a 7 34 0 1 136188076043346.61
a 7 35 0 1 9471819668687.525
a 7 36 0 1 42062318239395.88
a 7 37 0 1 103548450170892.48
a 7 38 0 1 41490221812790.805
a 7 39 0 1 83716753390012.62
a 7 40 0 1 38511325642768.62
a 7 41 0 1 77988792484213.12
a 7 42 0 1 70139121391317.625
a 7 43 0 1 129108247099837.81
a 7 44 0 1 1973686114672.349
a 7 45 0 1 126313185416946.5
a 7 46 0 1 67019485002514.78
a 7 47 0 1 127193149994489.5
a 7 48 0 1 113124894169267.8
a 7 49 0 1 61533565795689.51
a 7 50 0 1 3120275220351.7295
a 7 51 0 1 135158435117596.89
a 7 52 0 1 7109599465216.5625
a 7 53 0 1 108964090093301.23
a 7 54 0 1 6485108463122.295
a 7 55 0 1 103818407716004.3
a 7 56 0 1 62236989276263.25
a 7 57 0 1 8892432052332.701
a 7 58 0 1 44992421364871.78
a 7 59 0 1 108825073618118.45
a 7 60 0 1 17471274988948.967
a 7 61 0 1 42684739618273.27
a 7 62 0 1 54213411905790.72
a 7 63 0 1 144512603891214.6
a 7 64 0 1 18448402238193.652
a 7 65 0 1 13077266149242.95
a 7 66 0 1 17969308039420.71
a 7 67 0 1 54850897010726.86
a 7 68 0 1 110717421673515.3
a 7 69 0 1 111217061745592.56
a 7 70 0 1 52501252169241.266
a 7 71 0 1 143108576632735.97
a 7 72 0 1 86084395028130.0
a 7 73 0 1 104859833045442.6
a 7 74 0 1 132306582550159.98
a 7 75 0 1 135581473802289.05
a 7 76 0 1 110844735229967.69
a 7 77 0 1 143917281034154.8
a 7 78 0 1 150896412818682.75
a 7 79 0 1 97518409223617.75
a 8 15 0 1 194651623476072.25
a 8 16 0 1 69153404733978.164
a 8 17 0 1 37900193476945.08
a 8 18 0 1 107754847490222.78
a 8 19 0 1 176832167684766.5
a 8 20 0 1 189722890702650.4
a 8 21 0 1 95135372244715.0
a 8 22 0 1 68924564391382.086
a 8 23 0 1 102220723431610.38
a 8 24 0 1 205616752783970.06
a 8 25 0 1 33041214928424.17
a 8 26 0 1 190176589420260.72
a 8 27 0 1 188911728845852.4
a 8 28 0 1 82246708648890.89
a 8 29 0 1 59017720391158.78
a 8 30 0 1 119466807847909.25
a 8 31 0 1 143921610787965.97
a 8 32 0 1 43662156157680.664
a 8 33 0 1 119919647736907.05
a 8 34 0 1 183825414806198.53
a 8 35 0 1 12720231084624.512
a 8 36 0 1 56560857971727.77
a 8 37 0 1 139584184212945.98
a 8 38 0 1 55790294541685.59
a 8 39 0 1 112760848770504.42
a 8 40 0 1 51778552934053.09
a 8 41 0 1 105021523687824.95
a 8 42 0 1 94421266958524.47
a 8 43 0 1 174219043705292.03
a 8 44 0 1 2649787923718.5557
a 8 45 0 1 170428060133067.94
a 8 46 0 1 90210348333211.16
a 8 47 0 1 171621475369563.4
a 8 48 0 1 152552291210431.38
a 8 49 0 1 82807959822377.94
a 8 50 0 1 4189339692206.3223
a 8 51 0 1 182427983821259.53
a 8 52 0 1 9546983970811.506
a 8 53 0 1 146916622214582.62
a 8 54 0 1 8708183942215.708
a 8 55 0 1 139949613243459.84
a 8 56 0 1 83756937084073.36
a 8 57 0 1 11941866030961.273
a 8 58 0 1 60508000725801.3
a 8 59 0 1 146728362111458.72
a 8 60 0 1 23470565674653.668
a 8 61 0 1 57399244675162.41
a 8 62 0 1 72935639713944.95
a 8 63 0 1 195127834019036.5
a 8 64 0 1 24784177670827.71
a 8 65 0 1 17564687616932.559
a 8 66 0 1 24140089284457.426
a 8 67 0 1 73795153000062.67
a 8 68 0 1 149291217481120.12
a 8 69 0 1 149967958849840.97
a 8 70 0 1 70627373346878.22
a 8 71 0 1 193221007647712.03
a 8 72 0 1 115960931638637.72
a 8 73 0 1 141359417779604.6
a 8 74 0 1 178558060647889.47
a 8 75 0 1 183002118554881.9
a 8 76 0 1 149463655694525.34
a 8 77 0 1 194319291901141.94
a 8 78 0 1 203800548392474.12
a 8 79 0 1 131423689052519.11
a 9 15 0 1 339727192873991.5
a 9 16 0 1 119401492986411.45
a 9 17 0 1 65267951397661.9
a 9 18 0 1 186660615133650.16
a 9 19 0 1 308147622959781.6
a 9 20 0 1 330982494057443.8
a 9 21 0 1 164623560105575.22
a 9 22 0 1 119004080191984.88
a 9 23 0 1 176990637052592.78
a 9 24 0 1 359209473677888.75
a 9 25 0 1 56877255097159.945
a 9 26 0 1 331787138348554.8
a 9 27 0 1 329544043328536.0
a 9 28 0 1 142165574867447.16
a 9 29 0 1 101814241066537.97
a 9 30 0 1 207155804529119.62
a 9 31 0 1 250084574678667.75
a 9 32 0 1 75226817061581.27
a 9 33 0 1 207949078988342.66
a 9 34 0 1 320529104307776.1
a 9 35 0 1 21859717625711.84
a 9 36 0 1 97555676187436.33
a 9 37 0 1 242457170310710.72
a 9 38 0 1 96220395664053.97
a 9 39 0 1 195415729321055.06
a 9 40 0 1 89271401534481.69
a 9 41 0 1 181883427190242.3
a 9 42 0 1 163377963641752.38
a 9 43 0 1 303525048134823.7
a 9 44 0 1 4549869945794.325
a 9 45 0 1 296822656844712.75
a 9 46 0 1 156036057809248.3
a 9 47 0 1 298932109159039.25
a 9 48 0 1 265278928708356.78
a 9 49 0 1 143142503430142.25
a 9 50 0 1 7194302044893.104
a 9 51 0 1 318053736651306.9
a 9 52 0 1 16402183192054.125
a 9 53 0 1 255354705469558.22
a 9 54 0 1 14960045712729.148
a 9 55 0 1 243099557789793.34
a 9 56 0 1 144794530985807.84
a 9 57 0 1 20520774520659.227
a 9 58 0 1 104398256960670.61
a 9 59 0 1 255023354823728.3
a 9 60 0 1 40370151244193.15
a 9 61 0 1 99008682391932.42
a 9 62 0 1 125972101349389.33
a 9 63 0 1 340572506545890.8
a 9 64 0 1 42634260924012.44
a 9 65 0 1 30197037929574.68
a 9 66 0 1 41524063932915.7
a 9 67 0 1 127465861353111.12
a 9 68 0 1 259535093155456.7
a 9 69 0 1 260726789851433.47
a 9 70 0 1 121961612401850.58
a 9 71 0 1 337188161699862.8
a 9 72 0 1 201016394330069.62
a 9 73 0 1 245578236366713.78
a 9 74 0 1 311201873720945.75
a 9 75 0 1 319070667474864.8
a 9 76 0 1 259838732005199.2
a 9 77 0 1 339137319000820.3
a 9 78 0 1 355979892589530.75
a 9 79 0 1 228122495560591.84
a 10 15 0 1 322540019135337.0
a 10 16 0 1 113505792585018.28
a 10 17 0 1 62064309323411.17
a 10 18 0 1 177375409578476.78
a 10 19 0 1 292612416731235.2
a 10 20 0 1 314253906897561.4
a 10 21 0 1 156454400886463.3
a 10 22 0 1 113128259510546.61
a 10 23 0 1 168195820650347.1
a 10 24 0 1 340997465407046.0
a 10 25 0 1 54088034640368.83
a 10 26 0 1 315016390842853.2
a 10 27 0 1 312890807155237.4
a 10 28 0 1 135128261080396.58
a 10 29 0 1 96796653080247.34
a 10 30 0 1 196827803318216.2
a 10 31 0 1 237557163580012.84
a 10 32 0 1 71530311761954.3
a 10 33 0 1 197580621994710.75
a 10 34 0 1 304347563386042.4
a 10 35 0 1 20791840431684.656
a 10 36 0 1 92750206112957.3
a 10 37 0 1 230322049451102.6
a 10 38 0 1 91481394844517.36
a 10 39 0 1 185685634779119.7
a 10 40 0 1 84878003055921.12
a 10 41 0 1 172840614518678.25
a 10 42 0 1 155271726114145.12
a 10 43 0 1 288230700885102.1
a 10 44 0 1 4328023682220.574
a 10 45 0 1 281877105941007.6
a 10 46 0 1 148300350967245.1
a 10 47 0 1 283876836150982.56
a 10 48 0 1 251968096193030.34
a 10 49 0 1 136056069599962.27
a 10 50 0 1 6843414783258.629
a 10 51 0 1 302001553907135.94
a 10 52 0 1 15601393083730.928
a 10 53 0 1 242555860658961.88
a 10 54 0 1 14229779279999.314
a 10 55 0 1 230931423058720.34
a 10 56 0 1 137625009202884.4
a 10 57 0 1 19518453614595.324
a 10 58 0 1 99251863498192.12
a 10 59 0 1 242241585158451.75
a 10 60 0 1 38394008321212.13
a 10 61 0 1 94130860700934.06
a 10 62 0 1 119747469799665.9
a 10 63 0 1 323340956755687.75
a 10 64 0 1 40546770308903.24
a 10 65 0 1 28720522607675.23
a 10 66 0 1 39491179103366.49
a 10 67 0 1 121166384726944.48
a 10 68 0 1 246520718646992.06
a 10 69 0 1 247650938574016.88
a 10 70 0 1 115937806102766.23
a 10 71 0 1 320134229140040.7
a 10 72 0 1 191001256587192.88
a 10 73 0 1 233282672822385.62
a 10 74 0 1 295507392569020.3
a 10 75 0 1 302965350246129.1
a 10 76 0 1 246808695016968.1
a 10 77 0 1 321981106757823.6
a 10 78 0 1 337938072616593.56
a 10 79 0 1 216722865087288.75
a 11 15 0 1 387654269626691.75
a 11 16 0 1 135761015553090.23
a 11 17 0 1 74147088116331.66
a 11 18 0 1 212463487355124.34
a 11 19 0 1 351436802741265.0
a 11 20 0 1 377621415855763.06
a 11 21 0 1 187313983052171.94
a 11 22 0 1 135308298992618.61
a 11 23 0 1 201425530293239.7
a 11 24 0 1 410017151528608.5
a 11 25 0 1 64606398969486.54
a 11 26 0 1 378544465578422.25
a 11 27 0 1 375971356179327.9
a 11 28 0 1 161702580189929.3
a 11 29 0 1 115731838672187.73
a 11 30 0 1 235869584085222.56
a 11 31 0 1 284946588161860.2
a 11 32 0 1 85474156425462.73
a 11 33 0 1 236775842074464.34
a 11 34 0 1 365632068192316.75
a 11 35 0 1 24816676112695.086
a 11 36 0 1 110883679247668.22
a 11 37 0 1 276221708792186.0
a 11 38 0 1 109363665810982.5
a 11 39 0 1 222460160836088.38
a 11 40 0 1 101454337722671.38
a 11 41 0 1 207010052301935.5
a 11 42 0 1 185892999703983.2
a 11 43 0 1 346138577366049.6
a 11 44 0 1 5163938128243.015
a 11 45 0 1 338458005474541.1
a 11 46 0 1 177518477917878.97
a 11 47 0 1 340875135311106.7
a 11 48 0 1 302333776777503.8
a 11 49 0 1 162816296799358.16
a 11 50 0 1 8165608762636.104
a 11 51 0 1 362793605428002.44
a 11 52 0 1 18619318884250.066
a 11 53 0 1 290976304967637.2
a 11 54 0 1 16981861672472.787
a 11 55 0 1 276956441693488.66
a 11 56 0 1 164699718564286.03
a 11 57 0 1 23296128275436.35
a 11 58 0 1 118673930284263.81
a 11 59 0 1 290597165547589.44
a 11 60 0 1 45844261247020.96
a 11 61 0 1 112537778908941.0
a 11 62 0 1 143246822649911.8
a 11 63 0 1 388624261697467.5
a 11 64 0 1 48417094598067.62
a 11 65 0 1 34286243195813.727
a 11 66 0 1 47155493354784.87
a 11 67 0 1 144948863823900.4
a 11 68 0 1 295759964121502.2
a 11 69 0 1 297123756239872.6
a 11 70 0 1 138677538134320.02
a 11 71 0 1 384740914865109.2
a 11 72 0 1 228856554244690.88
a 11 73 0 1 279791585370398.25
a 11 74 0 1 354937925181722.6
a 11 75 0 1 363959674305599.0
a 11 76 0 1 296107446964692.0
a 11 77 0 1 386977409597199.7
a 11 78 0 1 406309026404388.8
a 11 79 0 1 259830433056823.44
a 12 15 0 1 347104572258820.0
a 12 16 0 1 121927448560282.58
a 12 17 0 1 66639913038051.67
a 12 18 0 1 190640990785598.0
a 12 19 0 1 314814101537156.0
a 12 20 0 1 338162488422699.06
a 12 21 0 1 168124866589710.12
a 12 22 0 1 121521510259167.83
a 12 23 0 1 180760488730371.7
a 12 24 0 1 367028070534027.9
a 12 25 0 1 58071659019534.82
a 12 26 0 1 338985278142368.4
a 12 27 0 1 336691607943550.9
a 12 28 0 1 145181210000401.97
a 12 29 0 1 103963667369465.6
a 12 30 0 1 211583965131260.9
a 12 31 0 1 255457683917734.25
a 12 32 0 1 76809976006092.95
a 12 33 0 1 212394614730290.3
a 12 34 0 1 327473677801700.3
a 12 35 0 1 22316876080575.06
a 12 36 0 1 99614163928138.61
a 12 37 0 1 247661686874579.1
a 12 38 0 1 98250388208649.0
a 12 39 0 1 199587125131241.44
a 12 40 0 1 91153245299126.89
a 12 41 0 1 185759739374801.78
a 12 42 0 1 166852265875184.94
a 12 43 0 1 310087908766633.9
a 12 44 0 1 4644829168432.411
a 12 45 0 1 303235479258445.5
a 12 46 0 1 159351349855463.6
a 12 47 0 1 305392127769574.5
a 12 48 0 1 270988790342238.7
a 12 49 0 1 146179212066218.94
a 12 50 0 1 7344499248971.125
a 12 51 0 1 324942647166833.8
a 12 52 0 1 16744986553574.506
a 12 53 0 1 260844480205424.03
a 12 54 0 1 15272655574566.566
a 12 55 0 1 248318261726167.38
a 12 56 0 1 147866886828315.38
a 12 57 0 1 20949863689342.125
a 12 58 0 1 106602907462210.73
a 12 59 0 1 260505790148035.9
a 12 60 0 1 41216264811837.875
a 12 61 0 1 101098187790046.38
a 12 62 0 1 128639128609938.58
a 12 63 0 1 347968987870797.9
a 12 64 0 1 43528065948532.14
a 12 65 0 1 30829176928442.535
a 12 66 0 1 42394480472980.1
a 12 67 0 1 130164990233058.61
a 12 68 0 1 265117512592036.97
a 12 69 0 1 266335636071134.62
a 12 70 0 1 124542508099539.4
a 12 71 0 1 344508188290159.9
a 12 72 0 1 205310192671675.34
a 12 73 0 1 250851702974281.06
a 12 74 0 1 317936877158042.6
a 12 75 0 1 325982441535619.0
a 12 76 0 1 265427884161168.25
a 12 77 0 1 346501370987729.94
a 12 78 0 1 363725208717901.56
a 12 79 0 1 233010982656216.22
a 13 15 0 1 302192999105220.4
a 13 16 0 1 106506344382603.8
a 13 17 0 1 58258327827523.9
a 13 18 0 1 166361292421944.88
a 13 19 0 1 274213451867387.97
a 13 20 0 1 294447505550290.7
a 13 21 0 1 146761419104542.6
a 13 22 0 1 106152377862449.45
a 13 23 0 1 157762117163301.97
a 13 24 0 1 319442737572510.8
a 13 25 0 1 50774047283027.695
a 13 26 0 1 295160282302313.6
a 13 27 0 1 293173247500293.9
a 13 28 0 1 126775874618252.92
a 13 29 0 1 90838394273718.66
a 13 30 0 1 184579932024422.38
a 13 31 0 1 222709241805391.84
a 13 32 0 1 67139345267765.94
a 13 33 0 1 185284899617574.06
a 13 34 0 1 285186226790592.3
a 13 35 0 1 19522501444609.484
a 13 36 0 1 87043527306116.55
a 13 37 0 1 215937666302615.75
a 13 38 0 1 85853556657577.6
a 13 39 0 1 174145080719925.3
a 13 40 0 1 79660133794008.23
a 13 41 0 1 162113370289576.3
a 13 42 0 1 145653250841290.8
a 13 43 0 1 270115899881422.75
a 13 44 0 1 4064268496296.829
a 13 45 0 1 264173873504599.16
a 13 46 0 1 139120674406409.84
a 13 47 0 1 266044127361265.72
a 13 48 0 1 236194740032117.44
a 13 49 0 1 127645487883202.02
a 13 50 0 1 6426255061839.364
a 13 51 0 1 282992779484619.3
a 13 52 0 1 14649464795731.592
a 13 53 0 1 227387260404704.75
a 13 54 0 1 13361669621070.986
a 13 55 0 1 216508026485727.0
a 13 56 0 1 129115991827947.61
a 13 57 0 1 18327018845904.375
a 13 58 0 1 93140849551231.98
a 13 59 0 1 227093156613238.38
a 13 60 0 1 36045590914166.0
a 13 61 0 1 88338367076324.83
a 13 62 0 1 112358122065388.81
a 13 63 0 1 302941629272659.9
a 13 64 0 1 38066098616596.22
a 13 65 0 1 26965633994723.58
a 13 66 0 1 37075365027672.67
a 13 67 0 1 113688328167084.25
a 13 68 0 1 231097517432049.6
a 13 69 0 1 232155121121902.3
a 13 70 0 1 108786499514265.9
a 13 71 0 1 299944271691384.7
a 13 72 0 1 179123472936226.06
a 13 73 0 1 218708696089508.75
a 13 74 0 1 276920535052297.75
a 13 75 0 1 283893908989465.56
a 13 76 0 1 231366993099240.84
a 13 77 0 1 301670582709771.3
a 13 78 0 1 316583858793416.8
a 13 79 0 1 203207799512404.56
a 14 15 0 1 428664362915310.56
a 14 16 0 1 149665223389359.3
a 14 17 0 1 81681577296853.25
a 14 18 0 1 234438010772843.6
a 14 19 0 1 388441504063099.75
a 14 20 0 1 417518229875637.56
a 14 21 0 1 206625000991027.06
a 14 22 0 1 149165339821314.72
a 14 23 0 1 222228957492447.38
a 14 24 0 1 453519014097466.56
a 14 25 0 1 71163442771111.9
a 14 26 0 1 418543585008729.7
a 14 27 0 1 415685347445073.25
a 14 28 0 1 178318642702833.25
a 14 29 0 1 127554458003091.95
a 14 30 0 1 260338350419546.75
a 14 31 0 1 314693755087724.0
a 14 32 0 1 94172184067597.8
a 14 33 0 1 261341482190741.25
a 14 34 0 1 404202245143175.0
a 14 35 0 1 27322674259929.57
a 14 36 0 1 122204030874744.0
a 14 37 0 1 305025649448116.44
a 14 38 0 1 120526671919254.89
a 14 39 0 1 245498148330349.8
a 14 40 0 1 111799582863463.53
a 14 41 0 1 228405570115924.94
a 14 42 0 1 205054034186819.7
a 14 43 0 1 382560436518115.4
a 14 44 0 1 5684096598124.127
a 14 45 0 1 374036347571485.6
a 14 46 0 1 195796690631332.2
a 14 47 0 1 376718759634905.3
a 14 48 0 1 333966906404506.25
a 14 49 0 1 179549185042268.6
a 14 50 0 1 8988435636047.754
a 14 51 0 1 401050297750239.5
a 14 52 0 1 20498027533913.785
a 14 53 0 1 321376558654165.9
a 14 54 0 1 18694993315024.19
a 14 55 0 1 305839731662575.25
a 14 56 0 1 181630247776056.84
a 14 57 0 1 25648127017119.06
a 14 58 0 1 130801651169293.97
a 14 59 0 1 320956324516546.56
a 14 60 0 1 50486010640225.09
a 14 61 0 1 124029425171610.45
a 14 62 0 1 157931739056921.9
a 14 63 0 1 429742140134610.75
a 14 64 0 1 53320947252849.39
a 14 65 0 1 37752646294606.695
a 14 66 0 1 51930801032366.33
a 14 67 0 1 159811496685575.9
a 14 68 0 1 326679057800685.06
a 14 69 0 1 328190884128735.3
a 14 70 0 1 152885738781973.78
a 14 71 0 1 425427438052583.8
a 14 72 0 1 252576423931341.16
a 14 73 0 1 308981203230753.9
a 14 74 0 1 392328208023206.0
a 14 75 0 1 402345121713096.0
a 14 76 0 1 327064253632174.94
a 14 77 0 1 427912306301008.0
a 14 78 0 1 449396726643826.25
a 14 79 0 1 286868018238660.4
a 15 1 0 1 0
a 16 1 0 1 0
a 17 1 0 1 0
a 18 1 0 1 0
a 19 1 0 1 0
a 20 1 0 1 0
a 21 1 0 1 0
a 22 1 0 1 0
a 23 1 0 1 0
a 24 1 0 1 0
a 25 1 0 1 0
a 26 1 0 1 0
a 27 1 0 1 0
a 28 1 0 1 0
a 29 1 0 1 0
a 30 1 0 1 0
a 31 1 0 1 0
a 32 1 0 1 0
a 33 1 0 1 0
a 34 1 0 1 0
a 35 1 0 1 0
a 36 1 0 1 0
a 37 1 0 1 0
a 38 1 0 1 0
a 39 1 0 1 0
a 40 1 0 1 0
a 41 1 0 1 0
a 42 1 0 1 0
a 43 1 0 1 0
a 44 1 0 1 0
a 45 1 0 1 0
a 46 1 0 1 0
a 47 1 0 1 0
a 48 1 0 1 0
a 49 1 0 1 0
a 50 1 0 1 0
a 51 1 0 1 0
a 52 1 0 1 0
a 53 1 0 1 0
a 54 1 0 1 0
a 55 1 0 1 0
a 56 1 0 1 0
a 57 1 0 1 0
a 58 1 0 1 0
a 59 1 0 1 0
a 60 1 0 1 0
a 61 1 0 1 0
a 62 1 0 1 0
a 63 1 0 1 0
a 64 1 0 1 0
a 65 1 0 1 0
a 66 1 0 1 0
a 67 1 0 1 0
a 68 1 0 1 0
a 69 1 0 1 0
a 70 1 0 1 0
a 71 1 0 1 0
a 72 1 0 1 0
a 73 1 0 1 0
a 74 1 0 1 0
a 75 1 0 1 0
a 76 1 0 1 0
a 77 1 0 1 0
a 78 1 0 1 0
a 79 1 0 1 0
