p min 81 937
n 0 13
n 1 -13
a 0 2 0 1 0
a 0 3 0 1 0
a 0 4 0 1 0
a 0 5 0 1 0
a 0 6 0 1 0
a 0 7 0 1 0
a 0 8 0 1 0
a 0 9 0 1 0
a 0 10 0 1 0
a 0 11 0 1 0
a 0 12 0 1 0
a 0 13 0 1 0
a 0 14 0 1 0
a 2 15 0 1 49629563938024.36
a 2 16 0 1 406053523347492.06
a 2 17 0 1 120801378257928.53
a 2 18 0 1 355505564360776.0
a 2 19 0 1 198864789765791.56
a 2 20 0 1 400004156214529.56
a 2 21 0 1 439335062422359.7
a 2 22 0 1 44409673178483.21
a 2 23 0 1 18209390848414.06
a 2 24 0 1 324049911779525.7
a 2 25 0 1 150310878749683.72
a 2 26 0 1 417204083297867.94
a 2 27 0 1 358694362353644.3
a 2 28 0 1 149558561211733.9
a 2 29 0 1 177687315205614.9
a 2 30 0 1 43944641829289.07
a 2 31 0 1 441031770170126.06
a 2 32 0 1 194368938716145.22
a 2 33 0 1 95629406717768.48
a 2 34 0 1 321017965838242.9
a 2 35 0 1 57977263025080.69
a 2 36 0 1 47941689480758.5
a 2 37 0 1 437829348369650.4
a 2 38 0 1 413561851390305.2
a 2 39 0 1 287552159357026.9
a 2 40 0 1 42450244605165.96
a 2 41 0 1 290358343088451.44
a 2 42 0 1 322571992157964.2
a 2 43 0 1 189824110336626.75
a 2 44 0 1 141925040007989.16
a 2 45 0 1 52983790424664.89
a 2 46 0 1 375820614609449.8
a 2 47 0 1 54089113957918.37
a 2 48 0 1 298103874737639.0
a 2 49 0 1 158585273176838.75
a 2 50 0 1 285850854822267.4
a 2 51 0 1 200532750299342.22
a 2 52 0 1 316229607637825.25
a 2 53 0 1 213692463515461.62
a 2 54 0 1 292039672692067.1
a 2 55 0 1 38873630759687.64
a 2 56 0 1 254681636956087.78
a 2 57 0 1 182228710257413.72
a 2 58 0 1 233024993969695.22
a 2 59 0 1 221773442473776.38
a 2 60 0 1 367027573015069.6
a 2 61 0 1 10212488699918.89
a 2 62 0 1 184569790531074.4
a 2 63 0 1 309396982476573.9
a 2 64 0 1 328757657494937.25
a 2 65 0 1 407916403499875.7
a 2 66 0 1 99457604638541.86
a 2 67 0 1 89544733354920.9
a 2 68 0 1 429310704146671.1
a 2 69 0 1 285130216633879.1
a 2 70 0 1 423651616140829.8
a 2 71 0 1 409803293234041.25
a 2 72 0 1 336735751384601.94
a 2 73 0 1 245244866442862.7
a 2 74 0 1 345363608601511.06
a 2 75 0 1 10060903815179.781
a 2 76 0 1 290499079467867.9
a 2 77 0 1 61899294657584.07
a 2 78 0 1 362810319187161.75
a 2 79 0 1 96497514017009.27
a 2 80 0 1 230188326942850.03
a 3 15 0 1 67447761529382.8
a 3 16 0 1 560396652713232.94
a 3 17 0 1 164661109328595.03
a 3 18 0 1 489527428301921.8
a 3 19 0 1 271968258945970.7
a 3 20 0 1 551897807488409.6
a 3 21 0 1 607240543801962.2
a 3 22 0 1 60340749857698.16
a 3 23 0 1 24714885201628.125
a 3 24 0 1 445592070158385.75
a 3 25 0 1 205140480869370.88
a 3 26 0 1 576074824798038.9
a 3 27 0 1 493988415403066.94
a 3 28 0 1 204107224069846.47
a 3 29 0 1 242785788655840.1
a 3 30 0 1 59707747812885.27
a 3 31 0 1 609632595318191.0
a 3 32 0 1 265768494045218.94
a 3 33 0 1 130212079580524.14
a 3 34 0 1 441363884758973.44
a 3 35 0 1 78819789978208.67
a 3 36 0 1 65149340407310.93
a 3 37 0 1 605118079545929.2
a 3 38 0 1 570951890403761.2
a 3 39 0 1 394771309693926.25
a 3 40 0 1 57673735614357.54
a 3 41 0 1 398672803744571.8
a 3 42 0 1 443530899082991.4
a 3 43 0 1 259503659603749.56
a 3 44 0 1 193626879417939.94
a 3 45 0 1 72016255761325.53
a 3 46 0 1 517969697397557.2
a 3 47 0 1 73521998772504.92
a 3 48 0 1 409446685768255.5
a 3 49 0 1 216509212401160.25
a 3 50 0 1 392406430467923.8
a 3 51 0 1 274268990381404.44
a 3 52 0 1 434688673230511.3
a 3 53 0 1 292432855958327.44
a 3 54 0 1 401010861918230.8
a 3 55 0 1 52806660576720.46
a 3 56 0 1 349143683145722.75
a 3 57 0 1 249039284852889.1
a 3 58 0 1 319154924005553.4
a 3 59 0 1 303597125050338.56
a 3 60 0 1 505652385919594.4
a 3 61 0 1 13856446705550.217
a 3 62 0 1 252263913506017.72
a 3 63 0 1 425168666307414.75
a 3 64 0 1 452159544003528.94
a 3 65 0 1 563014806555266.0
a 3 66 0 1 135446409801057.16
a 3 67 0 1 121895933581907.98
a 3 68 0 1 593115812735418.1
a 3 69 0 1 391404824382707.5
a 3 70 0 1 585147806678348.1
a 3 71 0 1 565667168604208.9
a 3 72 0 1 463295701125542.9
a 3 73 0 1 336069161592664.6
a 3 74 0 1 475347954940955.0
a 3 75 0 1 13650689165996.818
a 3 76 0 1 398868498299159.4
a 3 77 0 1 84165491283237.31
a 3 78 0 1 499748390092049.44
a 3 79 0 1 131398902113654.12
a 3 80 0 1 315231139358407.4
a 4 15 0 1 13656642762101.682
a 4 16 0 1 108455156910602.61
a 4 17 0 1 33044329295914.86
a 4 18 0 1 95356749222954.45
a 4 19 0 1 54044558643501.84
a 4 20 0 1 106893540092266.58
a 4 21 0 1 117017814251393.14
a 4 22 0 1 12225596939750.527
a 4 23 0 1 5023846785135.158
a 4 24 0 1 87148566273710.92
a 4 25 0 1 41015276852484.76
a 4 26 0 1 111329397296198.0
a 4 27 0 1 96186397717886.36
a 4 28 0 1 40812555704049.79
a 4 29 0 1 48374756807345.234
a 4 30 0 1 12098046885047.248
a 4 31 0 1 117453037612032.48
a 4 32 0 1 52842586079278.95
a 4 33 0 1 26213725262367.61
a 4 34 0 1 86355073087925.08
a 4 35 0 1 15942591142429.621
a 4 36 0 1 13194044425512.428
a 4 37 0 1 116631476897178.6
a 4 38 0 1 110391154391193.12
a 4 39 0 1 77569502551207.95
a 4 40 0 1 11688092469609.064
a 4 41 0 1 78308111247513.02
a 4 42 0 1 86761829746383.19
a 4 43 0 1 51626592548048.2
a 4 44 0 1 38754159011578.9
a 4 45 0 1 14575553417853.154
a 4 46 0 1 100634531577081.22
a 4 47 0 1 14878250625216.879
a 4 48 0 1 80344969378947.69
a 4 49 0 1 43243221254941.16
a 4 50 0 1 77121535146299.53
a 4 51 0 1 54490258596479.4
a 4 52 0 1 85101074545282.88
a 4 53 0 1 58002302191928.34
a 4 54 0 1 78750481426547.94
a 4 55 0 1 10706512804325.979
a 4 56 0 1 68891517785723.95
a 4 57 0 1 49592320824820.21
a 4 58 0 1 63147601106317.48
a 4 59 0 1 60155076785408.914
a 4 60 0 1 98352371603593.56
a 4 61 0 1 2819434309102.911
a 4 62 0 1 50219608758164.35
a 4 63 0 1 83309945771517.4
a 4 64 0 1 88379824114682.28
a 4 65 0 1 108935726093988.06
a 4 66 0 1 27254396144303.605
a 4 67 0 1 24558271151258.82
a 4 68 0 1 114443880183162.05
a 4 69 0 1 76931746234683.25
a 4 70 0 1 112988856879954.52
a 4 71 0 1 109422333141530.19
a 4 72 0 1 90464155077079.89
a 4 73 0 1 66391222875999.49
a 4 74 0 1 92715059010765.56
a 4 75 0 1 2777620278520.4136
a 4 76 0 1 78345144863374.05
a 4 77 0 1 17015505690878.268
a 4 78 0 1 97256604488433.6
a 4 79 0 1 26449773188412.703
a 4 80 0 1 62393682056016.96
a 5 15 0 1 29608727488460.17
a 5 16 0 1 238217700445728.72
a 5 17 0 1 71830885172665.94
a 5 18 0 1 209065571719182.53
a 5 19 0 1 117817267634362.56
a 5 20 0 1 234736463424202.8
a 5 21 0 1 257333437354738.66
a 5 22 0 1 26500994064414.38
a 5 23 0 1 10879474781337.623
a 5 24 0 1 190851953192866.3
a 5 25 0 1 89254564332718.38
a 5 26 0 1 244629132164950.28
a 5 27 0 1 210908865438539.97
a 5 28 0 1 88810966113190.92
a 5 29 0 1 105375408432833.55
a 5 30 0 1 26224057964789.766
a 5 31 0 1 258306295441253.2
a 5 32 0 1 115178028096049.27
a 5 33 0 1 56929970295670.34
a 5 34 0 1 189093446041052.1
a 5 35 0 1 34575502667802.95
a 5 36 0 1 28603993672313.92
a 5 37 0 1 256469955416866.06
a 5 38 0 1 242535664055242.03
a 5 39 0 1 169649274662643.34
a 5 40 0 1 25334031302250.16
a 5 41 0 1 171282123403222.47
a 5 42 0 1 189994834702783.62
a 5 43 0 1 112508890282749.78
a 5 44 0 1 84308136318555.98
a 5 45 0 1 31604914422835.168
a 5 46 0 1 220798971988067.53
a 5 47 0 1 32262584299681.223
a 5 48 0 1 175786766711378.1
a 5 49 0 1 94131416116140.89
a 5 50 0 1 168659112940198.72
a 5 51 0 1 118796138423427.81
a 5 52 0 1 186315182104038.9
a 5 53 0 1 126513690488575.3
a 5 54 0 1 172260236067549.94
a 5 55 0 1 23203384112189.457
a 5 56 0 1 150489898558868.75
a 5 57 0 1 108045605706292.64
a 5 58 0 1 137833763860402.16
a 5 59 0 1 131248010498511.64
a 5 60 0 1 215723204965669.25
a 5 61 0 1 6103866487033.87
a 5 62 0 1 109421637756256.92
a 5 63 0 1 182348583198801.56
a 5 64 0 1 193581390371422.34
a 5 65 0 1 239289319866986.47
a 5 66 0 1 59198399675171.33
a 5 67 0 1 53322771927217.95
a 5 68 0 1 251582363432967.7
a 5 69 0 1 168239651579803.62
a 5 70 0 1 248333189702197.47
a 5 71 0 1 240374551728970.44
a 5 72 0 1 198204057149930.38
a 5 73 0 1 144978277674348.62
a 5 74 0 1 203199189439435.78
a 5 75 0 1 6013308472881.766
a 5 76 0 1 171364002795892.84
a 5 77 0 1 36907726551309.24
a 5 78 0 1 213287261613892.1
a 5 79 0 1 57444445663586.13
a 5 80 0 1 136174074175805.42
a 6 15 0 1 84697507225379.17
a 6 16 0 1 714595075609019.5
a 6 17 0 1 207374122224275.0
a 6 18 0 1 622789186747865.8
a 6 19 0 1 343639085146492.06
a 6 20 0 1 703562011986667.8
a 6 21 0 1 775523322867881.5
a 6 22 0 1 75756974084328.45
a 6 23 0 1 30996700782775.6
a 6 24 0 1 566094252683561.8
a 6 25 0 1 258670663940184.78
a 6 26 0 1 734965159662372.2
a 6 27 0 1 628555065340150.8
a 6 28 0 1 257359700674046.03
a 6 29 0 1 306491252692823.3
a 6 30 0 1 74960848286007.06
a 6 31 0 1 778639901921400.1
a 6 32 0 1 335741387514012.94
a 6 33 0 1 163819380051382.0
a 6 34 0 1 560646888780494.1
a 6 35 0 1 99011244561064.81
a 6 36 0 1 81805708744315.0
a 6 37 0 1 772758421415813.5
a 6 38 0 1 728306694187177.8
a 6 39 0 1 500720229818670.4
a 6 40 0 1 72402876315130.19
a 6 41 0 1 505731230078608.06
a 6 42 0 1 563438561038278.4
a 6 43 0 1 327763932719050.44
a 6 44 0 1 244067304881335.7
a 6 45 0 1 90446611592561.55
a 6 46 0 1 659580940256021.5
a 6 47 0 1 92341817851607.88
a 6 48 0 1 519575645767932.9
a 6 49 0 1 273100491017160.16
a 6 50 0 1 497683449485306.25
a 6 51 0 1 346570705098230.1
a 6 52 0 1 552050019161416.9
a 6 53 0 1 369730310635248.2
a 6 54 0 1 508734798612440.4
a 6 55 0 1 66283298857564.63
a 6 56 0 1 442211516509187.94
a 6 57 0 1 314445912110810.75
a 6 58 0 1 403850576578602.8
a 6 59 0 1 383978421198097.25
a 6 60 0 1 643639085749337.1
a 6 61 0 1 17372835533029.201
a 6 62 0 1 318548967738569.94
a 6 63 0 1 539795966064139.25
a 6 64 0 1 574558464014239.1
a 6 65 0 1 717995218883838.4
a 6 66 0 1 170431395121793.53
a 6 67 0 1 153318717833464.06
a 6 68 0 1 757130937069413.8
a 6 69 0 1 496397412222042.06
a 6 70 0 1 746763431693163.1
a 6 71 0 1 721440412246226.9
a 6 72 0 1 588919293149268.5
a 6 73 0 1 425477790943353.7
a 6 74 0 1 604473531626890.5
a 6 75 0 1 17114759366334.076
a 6 76 0 1 505982609942308.6
a 6 77 0 1 105743122692431.12
a 6 78 0 1 636002465818782.2
a 6 79 0 1 165318392503356.75
a 6 80 0 1 398836818909938.75
a 7 15 0 1 59186103128043.914
a 7 16 0 1 488229535493066.44
a 7 17 0 1 144292219865724.75
a 7 18 0 1 426940122995137.44
a 7 19 0 1 237957054252054.03
a 7 20 0 1 480886674440550.3
a 7 21 0 1 528666703844939.75
a 7 22 0 1 52954942431243.33
a 7 23 0 1 21700628082608.137
a 7 24 0 1 388876181420820.56
a 7 25 0 1 179659848526658.5
a 7 26 0 1 501770081552518.94
a 7 27 0 1 430802072355204.8
a 7 28 0 1 178757589898678.56
a 7 29 0 1 212513816620979.94
a 7 30 0 1 52399889098517.15
a 7 31 0 1 530729997264056.6
a 7 32 0 1 232553516304563.56
a 7 33 0 1 114160734911763.62
a 7 34 0 1 385210330165023.44
a 7 35 0 1 69154053829241.2
a 7 36 0 1 57171071376692.46
a 7 37 0 1 526835815475163.75
a 7 38 0 1 497346362148030.0
a 7 39 0 1 344783059421262.8
a 7 40 0 1 50616280434404.22
a 7 41 0 1 348170492385204.7
a 7 42 0 1 387089198318685.5
a 7 43 0 1 227092259817007.12
a 7 44 0 1 169604425338245.28
a 7 45 0 1 63190923310722.28
a 7 46 0 1 451553917279096.94
a 7 47 0 1 64510769471414.24
a 7 48 0 1 357522723147045.75
a 7 49 0 1 189585433340438.97
a 7 50 0 1 342729581689843.94
a 7 51 0 1 239962053922100.4
a 7 52 0 1 379421933118493.06
a 7 53 0 1 255786370740462.56
a 7 54 0 1 350200295689050.56
a 7 55 0 1 46347964825916.625
a 7 56 0 1 305137647159930.5
a 7 57 0 1 217967877923715.47
a 7 58 0 1 279051046180096.56
a 7 59 0 1 265508420735509.28
a 7 60 0 1 440897242815788.9
a 7 61 0 1 12168352948021.346
a 7 62 0 1 220779883801723.22
a 7 63 0 1 371164633715710.25
a 7 64 0 1 394569262101759.6
a 7 65 0 1 490491182965723.3
a 7 66 0 1 118740967890580.47
a 7 67 0 1 106882381144540.95
a 7 68 0 1 516480062162840.0
a 7 69 0 1 341859820255485.9
a 7 70 0 1 509602968700826.06
a 7 71 0 1 492782191261702.3
a 7 72 0 1 404220130016331.2
a 7 73 0 1 293767273577082.6
a 7 74 0 1 414661187142080.1
a 7 75 0 1 11987696907022.844
a 7 76 0 1 348340391652188.7
a 7 77 0 1 73838619693891.97
a 7 78 0 1 435787788176081.3
a 7 79 0 1 115199309092345.4
a 7 80 0 1 275636094948597.28
a 8 15 0 1 76112554493361.45
a 8 16 0 1 637244923148110.1
a 8 17 0 1 186085160461667.75
a 8 18 0 1 556021739332159.06
a 8 19 0 1 307857274056253.2
a 8 20 0 1 627494154771016.0
a 8 21 0 1 691039857469892.4
a 8 22 0 1 68085352415977.664
a 8 23 0 1 27872313658746.992
a 8 24 0 1 505763922551217.0
a 8 25 0 1 231973556772906.06
a 8 26 0 1 655239959710455.2
a 8 27 0 1 561128781060494.25
a 8 28 0 1 230801519694496.9
a 8 29 0 1 274700770617902.66
a 8 30 0 1 67370473991008.46
a 8 31 0 1 693789175831097.4
a 8 32 0 1 300810692512793.3
a 8 33 0 1 147077682928547.38
a 8 34 0 1 500931135233166.2
a 8 35 0 1 88960535653315.38
a 8 36 0 1 73516355936924.08
a 8 37 0 1 688600580107073.1
a 8 38 0 1 649358920087528.9
a 8 39 0 1 447720479382882.44
a 8 40 0 1 65073461347682.03
a 8 41 0 1 452173042925589.3
a 8 42 0 1 503407933903755.25
a 8 43 0 1 293691548097478.9
a 8 44 0 1 218915638130769.1
a 8 45 0 1 81273459747778.64
a 8 46 0 1 588596163629636.1
a 8 47 0 1 82974611501899.25
a 8 48 0 1 464471628063831.9
a 8 49 0 1 244871737750793.22
a 8 50 0 1 445021845897444.2
a 8 51 0 1 310472608705382.5
a 8 52 0 1 493302781941117.06
a 8 53 0 1 331126875345841.3
a 8 54 0 1 454841612754972.8
a 8 55 0 1 59577631459983.5
a 8 56 0 1 395689888483618.44
a 8 57 0 1 281803308200577.2
a 8 58 0 1 361534342511940.94
a 8 59 0 1 343827737517170.56
a 8 60 0 1 574485560685638.2
a 8 61 0 1 15624168817898.062
a 8 62 0 1 285466289797580.0
a 8 63 0 1 482426322694641.06
a 8 64 0 1 513271835999389.9
a 8 65 0 1 640249311085671.4
a 8 66 0 1 153002008011736.97
a 8 67 0 1 137667227491367.05
a 8 68 0 1 674810119120284.5
a 8 69 0 1 443878946136259.06
a 8 70 0 1 665658107193030.4
a 8 71 0 1 643293226235630.8
a 8 72 0 1 526006373376296.2
a 8 73 0 1 380794698236744.9
a 8 74 0 1 539793785654429.6
a 8 75 0 1 15392115423036.812
a 8 76 0 1 452396393389469.4
a 8 77 0 1 95001555081476.52
a 8 78 0 1 567724058626608.2
a 8 79 0 1 148420871142979.75
a 8 80 0 1 357067787641853.56
a 9 15 0 1 67958349743810.13
a 9 16 0 1 564891783389953.6
a 9 17 0 1 165921816148404.16
a 9 18 0 1 493421275716562.1
a 9 19 0 1 274076857892999.28
a 9 20 0 1 556320307243085.4
a 9 21 0 1 612138584017680.1
a 9 22 0 1 60797159716934.44
a 9 23 0 1 24901053273014.266
a 9 24 0 1 449118090277012.2
a 9 25 0 1 206718559474945.12
a 9 26 0 1 580704317465961.8
a 9 27 0 1 497919820519114.5
a 9 28 0 1 205677164462978.7
a 9 29 0 1 244661706689047.16
a 9 30 0 1 60159336485955.52
a 9 31 0 1 614551327701780.8
a 9 32 0 1 267827528411067.25
a 9 33 0 1 131205032726179.97
a 9 34 0 1 444854703987724.8
a 9 35 0 1 79417255790695.25
a 9 36 0 1 65642397463489.21
a 9 37 0 1 609997769250301.2
a 9 38 0 1 575537425684512.8
a 9 39 0 1 397876511790516.25
a 9 40 0 1 58109837263145.93
a 9 41 0 1 401810136250576.9
a 9 42 0 1 447039755027986.9
a 9 43 0 1 261512681579483.84
a 9 44 0 1 195114383943829.06
a 9 45 0 1 72561717839610.14
a 9 46 0 1 522103672493878.8
a 9 47 0 1 74078963128681.17
a 9 48 0 1 412672896922774.44
a 9 49 0 1 218176963217003.38
a 9 50 0 1 395492170972260.25
a 9 51 0 1 276396000886326.72
a 9 52 0 1 438123989648981.4
a 9 53 0 1 294705568169507.75
a 9 54 0 1 404167463246083.44
a 9 55 0 1 53205733837429.24
a 9 56 0 1 351875275297045.7
a 9 57 0 1 250964931370467.0
a 9 58 0 1 321643107375825.25
a 9 59 0 1 305959696894828.9
a 9 60 0 1 509682175745002.4
a 9 61 0 1 13960690703241.518
a 9 62 0 1 254215230840566.7
a 9 63 0 1 428524974781442.5
a 9 64 0 1 455740308846928.06
a 9 65 0 1 567532340807649.1
a 9 66 0 1 136479908791593.61
a 9 67 0 1 122824569899919.0
a 9 68 0 1 597891902652867.8
a 9 69 0 1 394482325466999.56
a 9 70 0 1 589855278598415.8
a 9 71 0 1 570207413046355.6
a 9 72 0 1 466969485023702.44
a 9 73 0 1 338694423840970.44
a 9 74 0 1 479122681321400.6
a 9 75 0 1 13753382768452.809
a 9 76 0 1 402007443196974.5
a 9 77 0 1 84803875316005.77
a 9 78 0 1 503728346856414.25
a 9 79 0 1 132401044233928.12
a 9 80 0 1 317687599843655.56
a 10 15 0 1 74090566483798.34
a 10 16 0 1 619203616975044.2
a 10 17 0 1 181080079138032.2
a 10 18 0 1 540425439451414.1
a 10 19 0 1 299462179698187.5
a 10 20 0 1 609748717107226.1
a 10 21 0 1 671354617731996.5
a 10 22 0 1 66278243861447.66
a 10 23 0 1 27135864527468.883
a 10 24 0 1 491658433123065.4
a 10 25 0 1 225701826725264.97
a 10 26 0 1 636650934335233.6
a 10 27 0 1 545380050670199.75
a 10 28 0 1 224562303373830.38
a 10 29 0 1 267237893173472.1
a 10 30 0 1 65582483214849.336
a 10 31 0 1 674019387587658.2
a 10 32 0 1 292614296636580.3
a 10 33 0 1 143139130145414.22
a 10 34 0 1 486968121645859.8
a 10 35 0 1 86593815750913.22
a 10 36 0 1 71563907630086.83
a 10 37 0 1 668990310908154.5
a 10 38 0 1 630949139418373.6
a 10 39 0 1 435316040881296.9
a 10 40 0 1 63346878161650.24
a 10 41 0 1 439638895431103.75
a 10 42 0 1 489371920812426.2
a 10 43 0 1 285695578905046.8
a 10 44 0 1 213005669038692.2
a 10 45 0 1 79113115644644.66
a 10 46 0 1 572024621595718.6
a 10 47 0 1 80768627009196.1
a 10 48 0 1 451578535192581.5
a 10 49 0 1 238241632465200.62
a 10 50 0 1 432695959298259.25
a 10 51 0 1 302003687765154.44
a 10 52 0 1 479564347627571.8
a 10 53 0 1 322073398250081.3
a 10 54 0 1 442229664435542.9
a 10 55 0 1 57997843773813.484
a 10 56 0 1 384791637113078.44
a 10 57 0 1 274141319989302.72
a 10 58 0 1 351615344105465.4
a 10 59 0 1 334413457624016.7
a 10 60 0 1 558337345736876.1
a 10 61 0 1 15211910005462.605
a 10 62 0 1 277701490704127.25
a 10 63 0 1 469007430738420.9
a 10 64 0 1 498944699670194.9
a 10 65 0 1 622116712595463.1
a 10 66 0 1 148902073943036.44
a 10 67 0 1 133984579906775.69
a 10 68 0 1 655622929266838.9
a 10 69 0 1 431586312814252.06
a 10 70 0 1 646750975059350.1
a 10 71 0 1 625068071871505.0
a 10 72 0 1 511302439661859.8
a 10 73 0 1 370324417791296.44
a 10 74 0 1 524680690878591.94
a 10 75 0 1 14985990133868.135
a 10 76 0 1 439855736002948.56
a 10 77 0 1 92472401614915.62
a 10 78 0 1 551778220700478.56
a 10 79 0 1 144445748077476.03
a 10 80 0 1 347276294897286.56
a 11 15 0 1 50695364255734.94
a 11 16 0 1 415150501679202.75
a 11 17 0 1 123417482308207.25
a 11 18 0 1 363422132469771.5
a 11 19 0 1 203211439515047.72
a 11 20 0 1 408959126250748.44
a 11 21 0 1 449216952977238.75
a 11 22 0 1 45362789405659.47
a 11 23 0 1 18598995327652.965
a 11 24 0 1 331238983302078.94
a 11 25 0 1 153577427972188.03
a 11 26 0 1 426563351032594.2
a 11 27 0 1 366684981411745.5
a 11 28 0 1 152808471759290.9
a 11 29 0 1 181561345610048.66
a 11 30 0 1 44887725929664.93
a 11 31 0 1 450953841086641.75
a 11 32 0 1 198615057115458.22
a 11 33 0 1 97694231473529.02
a 11 34 0 1 328137199886032.2
a 11 35 0 1 59223556629827.99
a 11 36 0 1 48971037768419.29
a 11 37 0 1 447675595010377.25
a 11 38 0 1 422835368795210.3
a 11 39 0 1 293903850471389.94
a 11 40 0 1 43361097485041.48
a 11 41 0 1 296774162287124.3
a 11 42 0 1 329727015228423.25
a 11 43 0 1 193968710292050.8
a 11 44 0 1 145006289829317.38
a 11 45 0 1 54122072968368.984
a 11 46 0 1 384209896380121.9
a 11 47 0 1 55251294214664.25
a 11 48 0 1 304696918167155.4
a 11 49 0 1 162035018051796.75
a 11 50 0 1 292163687645740.1
a 11 51 0 1 204916724242502.94
a 11 52 0 1 323238648763174.06
a 11 53 0 1 218371428790341.12
a 11 54 0 1 298493934647446.94
a 11 55 0 1 39707389077497.016
a 11 56 0 1 260285304374261.88
a 11 57 0 1 186203892975286.88
a 11 58 0 1 238138982864305.56
a 11 59 0 1 226634006377921.62
a 11 60 0 1 375211970546833.8
a 11 61 0 1 10430787568170.846
a 11 62 0 1 188597159322156.75
a 11 63 0 1 316249001683531.56
a 11 64 0 1 336055265560868.1
a 11 65 0 1 417057153546048.1
a 11 66 0 1 101606058541354.81
a 11 67 0 1 91476789897109.11
a 11 68 0 1 438955531821367.25
a 11 69 0 1 291426594565090.5
a 11 70 0 1 433162860981214.4
a 11 71 0 1 418988398737240.6
a 11 72 0 1 344217568559344.75
a 11 73 0 1 250634851958000.22
a 11 74 0 1 353045027554586.56
a 11 75 0 1 10275958618853.482
a 11 76 0 1 296918115949389.7
a 11 77 0 1 63230512579975.164
a 11 78 0 1 370896602162996.5
a 11 79 0 1 98581296463793.95
a 11 80 0 1 235238360691979.4
a 12 15 0 1 57119293265685.555
a 12 16 0 1 470340336935493.8
a 12 17 0 1 139205420676514.78
a 12 18 0 1 411404335268801.8
a 12 19 0 1 229479934992561.03
a 12 20 0 1 463281116154118.94
a 12 21 0 1 509207210687168.06
a 12 22 0 1 51107010392263.88
a 12 23 0 1 20945985145569.62
a 12 24 0 1 374785986970767.8
a 12 25 0 1 173301146528850.7
a 12 26 0 1 483356627899756.44
a 12 27 0 1 415118933248090.25
a 12 28 0 1 172431459503828.03
a 12 29 0 1 204964630490109.7
a 12 30 0 1 50571439353624.04
a 12 31 0 1 511190002913549.06
a 12 32 0 1 224273906269262.94
a 12 33 0 1 110149683897143.94
a 12 34 0 1 371258715072806.8
a 12 35 0 1 66736475760203.336
a 12 36 0 1 55175075342610.08
a 12 37 0 1 507447725253966.6
a 12 38 0 1 479104356366562.56
a 12 39 0 1 332352264959055.0
a 12 40 0 1 48850418841224.055
a 12 41 0 1 335612789504961.8
a 12 42 0 1 373066570852696.75
a 12 43 0 1 219012028296375.2
a 12 44 0 1 163608356390025.6
a 12 45 0 1 60983278764824.05
a 12 46 0 1 435076836912863.3
a 12 47 0 1 62256683368614.7
a 12 48 0 1 344614148759667.25
a 12 49 0 1 182867986130923.7
a 12 50 0 1 330375673331837.9
a 12 51 0 1 231411588002484.03
a 12 52 0 1 365688906462809.06
a 12 53 0 1 246655875377407.06
a 12 54 0 1 337566501617974.6
a 12 55 0 1 44731780935622.0
a 12 56 0 1 294185085274996.1
a 12 57 0 1 210220219108603.22
a 12 58 0 1 269064094981950.66
a 12 59 0 1 256020559381840.8
a 12 60 0 1 424828330045747.75
a 12 61 0 1 11745644741301.059
a 12 62 0 1 212929802529540.97
a 12 63 0 1 357742944354618.4
a 12 64 0 1 380263630148204.44
a 12 65 0 1 472514528507420.0
a 12 66 0 1 114566857838640.66
a 12 67 0 1 103130102949707.38
a 12 68 0 1 497495292544225.75
a 12 69 0 1 329538466868418.0
a 12 70 0 1 490885527710681.1
a 12 71 0 1 474716900895886.0
a 12 72 0 1 389548668723013.5
a 12 73 0 1 283236279445623.06
a 12 74 0 1 399593061544471.2
a 12 75 0 1 11571272752616.701
a 12 76 0 1 335776321074531.25
a 12 77 0 1 71255925134872.16
a 12 78 0 1 419914234286823.56
a 12 79 0 1 111151298752881.28
a 12 80 0 1 265775137191156.12
a 13 15 0 1 59904365561940.76
a 13 16 0 1 494461724184653.44
a 13 17 0 1 146060824488297.72
a 13 18 0 1 432350458017474.1
a 13 19 0 1 240905974490150.22
a 13 20 0 1 487019778964637.9
a 13 21 0 1 535447602187276.8
a 13 22 0 1 53597118140229.13
a 13 23 0 1 21962829916430.445
a 13 24 0 1 393781986904588.9
a 13 25 0 1 181871111403058.3
a 13 26 0 1 508185431469406.56
a 13 27 0 1 436263847516378.56
a 13 28 0 1 180957514752863.7
a 13 29 0 1 215139560116258.16
a 13 30 0 1 53035292585862.945
a 13 31 0 1 537539032435739.94
a 13 32 0 1 235433641040946.03
a 13 33 0 1 115555085035669.28
a 13 34 0 1 390067781675279.25
a 13 35 0 1 69994261751088.2
a 13 36 0 1 57864716807535.67
a 13 37 0 1 533591757605580.2
a 13 38 0 1 503701809312135.44
a 13 39 0 1 349109993440301.0
a 13 40 0 1 51229927991132.69
a 13 41 0 1 352541687089364.1
a 13 42 0 1 391971427649124.9
a 13 43 0 1 229902942227415.94
a 13 44 0 1 171689463817160.84
a 13 45 0 1 63958145697323.18
a 13 46 0 1 457292896630836.5
a 13 47 0 1 65294137330431.03
a 13 48 0 1 362016297168221.75
a 13 49 0 1 191921581327095.6
a 13 50 0 1 347029701695974.94
a 13 51 0 1 242936523004632.38
a 13 52 0 1 384203117619171.94
a 13 53 0 1 258962901991053.7
a 13 54 0 1 354598028856567.44
a 13 55 0 1 46909585435199.15
a 13 56 0 1 308949160033936.8
a 13 57 0 1 220662736844508.44
a 13 58 0 1 282526003521750.44
a 13 59 0 1 268809464037027.97
a 13 60 0 1 446493702117580.6
a 13 61 0 1 12315215993093.193
a 13 62 0 1 223510411622567.47
a 13 63 0 1 375837199431262.7
a 13 64 0 1 399550243515430.06
a 13 65 0 1 496753924422800.3
a 13 66 0 1 120192038478295.62
a 13 67 0 1 108186722435698.44
a 13 68 0 1 523095049137003.5
a 13 69 0 1 346148586915189.25
a 13 70 0 1 516124537628993.4
a 13 71 0 1 499075898567352.4
a 13 72 0 1 409328777426611.5
a 13 73 0 1 297431840123875.4
a 13 74 0 1 419908277633727.7
a 13 75 0 1 12132376519968.951
a 13 76 0 1 352713807205740.56
a 13 77 0 1 74736235391823.38
a 13 78 0 1 441316040330276.75
a 13 79 0 1 116606515351433.31
a 13 80 0 1 279067145771693.12
a 14 15 0 1 65384161617013.33
a 14 16 0 1 542270968355078.2
a 14 17 0 1 159568037304746.44
a 14 18 0 1 473820830869399.9
a 14 19 0 1 263454012715974.97
a 14 20 0 1 534064243029014.1
a 14 21 0 1 587494811953172.6
a 14 22 0 1 58496059884148.33
a 14 23 0 1 23962324231830.094
a 14 24 0 1 431366147785308.44
a 14 25 0 1 198766446253010.8
a 14 26 0 1 557408804266779.7
a 14 27 0 1 478130666299498.3
a 14 28 0 1 197766030673947.6
a 14 29 0 1 235210055794076.4
a 14 30 0 1 57882538713213.49
a 14 31 0 1 589803683290472.5
a 14 32 0 1 257454144254049.84
a 14 33 0 1 126200070370507.73
a 14 34 0 1 427279695302080.6
a 14 35 0 1 76405186183363.48
a 14 36 0 1 63156574375920.24
a 14 37 0 1 585446116345703.2
a 14 38 0 1 552462635078121.1
a 14 39 0 1 382240147850037.4
a 14 40 0 1 55911105372301.375
a 14 41 0 1 386012213980293.0
a 14 42 0 1 429374085843216.94
a 14 43 0 1 251391023926114.06
a 14 44 0 1 187618368005071.88
a 14 45 0 1 69811753806620.836
a 14 46 0 1 501296814849139.2
a 14 47 0 1 71271025029119.05
a 14 48 0 1 396428099542519.6
a 14 49 0 1 209773332002246.06
a 14 50 0 1 379953666275670.1
a 14 51 0 1 265680492340818.34
a 14 52 0 1 420827972103451.06
a 14 53 0 1 283256814652908.94
a 14 54 0 1 388272655672201.4
a 14 55 0 1 51193656551117.05
a 14 56 0 1 338117852855031.6
a 14 57 0 1 241262951972331.25
a 14 58 0 1 309110175360438.44
a 14 59 0 1 294058773523839.5
a 14 60 0 1 489398716849433.3
a 14 61 0 1 13435033439661.182
a 14 62 0 1 244384031494300.06
a 14 63 0 1 411626124352045.94
a 14 64 0 1 437713208860467.44
a 14 65 0 1 544799020481696.7
a 14 66 0 1 131270674055356.89
a 14 67 0 1 118143655348930.06
a 14 68 0 1 573860347735910.1
a 14 69 0 1 378985251798450.5
a 14 70 0 1 566168231410507.0
a 14 71 0 1 547360050070305.5
a 14 72 0 1 448474885433454.6
a 14 73 0 1 325471869803542.6
a 14 74 0 1 460120805790671.2
a 14 75 0 1 13235543101899.352
a 14 76 0 1 386201413614763.06
a 14 77 0 1 81585581477493.92
a 14 78 0 1 483695253705266.7
a 14 79 0 1 127349786602147.3
a 14 80 0 1 305314273117411.3
a 15 1 0 2 0
a 16 1 0 2 0
a 17 1 0 2 0
a 18 1 0 2 0
a 19 1 0 2 0
a 20 1 0 2 0
a 21 1 0 2 0
a 22 1 0 2 0
a 23 1 0 2 0
a 24 1 0 2 0
a 25 1 0 2 0
a 26 1 0 2 0
a 27 1 0 2 0
a 28 1 0 2 0
a 29 1 0 2 0
a 30 1 0 2 0
a 31 1 0 2 0
a 32 1 0 2 0
a 33 1 0 2 0
a 34 1 0 2 0
a 35 1 0 2 0
a 36 1 0 2 0
a 37 1 0 2 0
a 38 1 0 2 0
a 39 1 0 2 0
a 40 1 0 2 0
a 41 1 0 2 0
a 42 1 0 2 0
a 43 1 0 2 0
a 44 1 0 2 0
a 45 1 0 2 0
a 46 1 0 2 0
a 47 1 0 2 0
a 48 1 0 2 0
a 49 1 0 2 0
a 50 1 0 2 0
a 51 1 0 2 0
a 52 1 0 2 0
a 53 1 0 2 0
a 54 1 0 2 0
a 55 1 0 2 0
a 56 1 0 2 0
a 57 1 0 2 0
a 58 1 0 2 0
a 59 1 0 2 0
a 60 1 0 2 0
a 61 1 0 2 0
a 62 1 0 2 0
a 63 1 0 2 0
a 64 1 0 2 0
a 65 1 0 2 0
a 66 1 0 2 0
a 67 1 0 2 0
a 68 1 0 2 0
a 69 1 0 2 0
a 70 1 0 2 0
a 71 1 0 2 0
a 72 1 0 2 0
a 73 1 0 2 0
a 74 1 0 2 0
a 75 1 0 2 0
a 76 1 0 2 0
a 77 1 0 2 0
a 78 1 0 2 0
a 79 1 0 2 0
a 80 1 0 2 0
