p min 81 937
n 0 13
n 1 -13
a 0 2 0 1 0
a 0 3 0 1 0
a 0 4 0 1 0
a 0 5 0 1 0
a 0 6 0 1 0
a 0 7 0 1 0
a 0 8 0 1 0
a 0 9 0 1 0
a 0 10 0 1 0
a 0 11 0 1 0
a 0 12 0 1 0
a 0 13 0 1 0
a 0 14 0 1 0
a 2 15 0 1 4266023080614.0645
a 2 16 0 1 138697261090534.67
a 2 17 0 1 209785383532895.16
a 2 18 0 1 208073836874300.28
a 2 19 0 1 200874710173685.2
a 2 20 0 1 163682582932422.0
a 2 21 0 1 85340673469113.7
a 2 22 0 1 147515488677451.3
a 2 23 0 1 16118514752097.156
a 2 24 0 1 131855141233704.92
a 2 25 0 1 214396413313725.47
a 2 26 0 1 217375237200074.1
a 2 27 0 1 217787717240775.84
a 2 28 0 1 73843996995929.3
a 2 29 0 1 164373147978987.66
a 2 30 0 1 184272282549318.34
a 2 31 0 1 60955916042233.0
a 2 32 0 1 205207815873963.2
a 2 33 0 1 136455665033822.42
a 2 34 0 1 160732588903702.6
a 2 35 0 1 197949143663418.9
a 2 36 0 1 13056765623410.492
a 2 37 0 1 54730097845655.44
a 2 38 0 1 2240588820198.556
a 2 39 0 1 138394434393424.84
a 2 40 0 1 215704461518718.12
a 2 41 0 1 153569846776390.8
a 2 42 0 1 182504161962433.94
a 2 43 0 1 54343795063393.15
a 2 44 0 1 67925852677271.375
a 2 45 0 1 73532664270587.44
a 2 46 0 1 52154495164178.555
a 2 47 0 1 169106262721084.06
a 2 48 0 1 78920384619062.89
a 2 49 0 1 204617452501647.06
a 2 50 0 1 20782611236734.195
a 2 51 0 1 38738291441844.38
a 2 52 0 1 42386324620146.164
a 2 53 0 1 38204603468060.94
a 2 54 0 1 173584517344544.1
a 2 55 0 1 96160159107661.27
a 2 56 0 1 77487158357716.5
a 2 57 0 1 113188213758949.66
a 2 58 0 1 131595928999041.55
a 2 59 0 1 29621422068369.004
a 2 60 0 1 148499945493665.38
a 2 61 0 1 208856078174663.94
a 2 62 0 1 46088546031310.195
a 2 63 0 1 147046150498368.44
a 2 64 0 1 183920528419971.6
a 2 65 0 1 65417232447229.21
a 2 66 0 1 135937825226505.19
a 2 67 0 1 167465733039830.3
a 2 68 0 1 57778119800954.914
a 2 69 0 1 116774118668821.14
a 2 70 0 1 167179688797205.2
a 2 71 0 1 130527300830483.52
a 2 72 0 1 155616527719155.47
a 2 73 0 1 20438136509384.168
a 2 74 0 1 74077379819754.84
a 2 75 0 1 84928504144640.58
a 2 76 0 1 10730941428625.664
a 2 77 0 1 106334458930793.14
a 2 78 0 1 11970015609609.357
a 2 79 0 1 25439245943016.246
a 2 80 0 1 94199075909866.78
a 3 15 0 1 14530665319809.197
a 3 16 0 1 491165169750569.6
a 3 17 0 1 759445285054503.8
a 3 18 0 1 752840490946864.6
a 3 19 0 1 725140475983713.5
a 3 20 0 1 584076701150697.6
a 3 21 0 1 297463410215391.56
a 3 22 0 1 523791392678606.75
a 3 23 0 1 55083287242954.86
a 3 24 0 1 465972821844404.9
a 3 25 0 1 777276210312463.1
a 3 26 0 1 788824306795058.6
a 3 27 0 1 790425178449370.8
a 3 28 0 1 256531633132630.66
a 3 29 0 1 586665439510348.2
a 3 30 0 1 661752837351292.4
a 3 31 0 1 210972976441183.47
a 3 32 0 1 741797255897178.9
a 3 33 0 1 482899992775509.0
a 3 34 0 1 573030704886358.1
a 3 35 0 1 713921040679778.6
a 3 36 0 1 44581982596133.61
a 3 37 0 1 189087098777864.9
a 3 38 0 1 7627473544900.323
a 3 39 0 1 490047922021420.1
a 3 40 0 1 782344354509593.5
a 3 41 0 1 546295769825194.25
a 3 42 0 1 655042226979724.9
a 3 43 0 1 187731708605648.3
a 3 44 0 1 235568753409280.28
a 3 45 0 1 255427038000650.22
a 3 46 0 1 180055992071242.84
a 3 47 0 1 604439115577087.9
a 3 48 0 1 274570973480188.56
a 3 49 0 1 739525071855283.9
a 3 50 0 1 71115055011508.81
a 3 51 0 1 133228966342310.98
a 3 52 0 1 145926208947259.72
a 3 53 0 1 131373642817726.23
a 3 54 0 1 621305051683911.8
a 3 55 0 1 336239556342548.56
a 3 56 0 1 269472434081615.16
a 3 57 0 1 397777697905098.44
a 3 58 0 1 465020504135803.4
a 3 59 0 1 101612147189437.84
a 3 60 0 1 527444874512032.2
a 3 61 0 1 755858207360252.1
a 3 62 0 1 158839175292223.47
a 3 63 0 1 522050391197005.4
a 3 64 0 1 660417203810970.8
a 3 65 0 1 226704735534615.9
a 3 66 0 1 480992250872472.3
a 3 67 0 1 598272593422454.2
a 3 68 0 1 199792077045351.94
a 3 69 0 1 410817756000802.94
a 3 70 0 1 597198050611098.0
a 3 71 0 1 461096083739937.56
a 3 72 0 1 553922720748637.1
a 3 73 0 1 69929565244440.84
a 3 74 0 1 257359797698169.53
a 3 75 0 1 295991151323874.3
a 3 76 0 1 36616783543362.11
a 3 77 0 1 372932831680945.6
a 3 78 0 1 40858926321376.35
a 3 79 0 1 87163169532937.88
a 3 80 0 1 329192643904462.06
a 4 15 0 1 5760681802633.716
a 4 16 0 1 188325750460757.56
a 4 17 0 1 285700407003939.44
a 4 18 0 1 283349019431183.44
a 4 19 0 1 273462375730461.3
a 4 20 0 1 222482916953914.12
a 4 21 0 1 115621941763290.72
a 4 22 0 1 200372822227714.97
a 4 23 0 1 21776278962754.645
a 4 24 0 1 178984511121015.03
a 4 25 0 1 292036939323470.6
a 4 26 0 1 296131814267130.44
a 4 27 0 1 296698917724615.8
a 4 28 0 1 99998742525028.3
a 4 29 0 1 223428007283849.1
a 4 30 0 1 250685331458755.44
a 4 31 0 1 82502324492292.45
a 4 32 0 1 279412346674038.2
a 4 33 0 1 185264807764923.62
a 4 34 0 1 218446251134778.38
a 4 35 0 1 269446408291490.34
a 4 36 0 1 17637640445976.74
a 4 37 0 1 74057005914152.61
a 4 38 0 1 3025362136008.6055
a 4 39 0 1 187912201017655.88
a 4 40 0 1 293834933436434.44
a 4 41 0 1 208649210885666.25
a 4 42 0 1 248261533769798.78
a 4 43 0 1 73533128571575.17
a 4 44 0 1 91962166748524.61
a 4 45 0 1 99575868861106.27
a 4 46 0 1 70564463613455.81
a 4 47 0 1 229907123470240.38
a 4 48 0 1 106895377025438.0
a 4 49 0 1 278601563355928.84
a 4 50 0 1 28082822166105.027
a 4 51 0 1 52383862237412.516
a 4 52 0 1 57325421066983.22
a 4 53 0 1 51661061668890.77
a 4 54 0 1 236039764429904.22
a 4 55 0 1 130338473327272.2
a 4 56 0 1 104947944082457.7
a 4 57 0 1 153526650127884.78
a 4 58 0 1 178630725911859.38
a 4 59 0 1 40040744309729.8
a 4 60 0 1 201718299672295.66
a 4 61 0 1 284423649150148.1
a 4 62 0 1 62341888150696.62
a 4 63 0 1 199731407420940.6
a 4 64 0 1 250203106201445.84
a 4 65 0 1 88556754649193.05
a 4 66 0 1 184557769604347.56
a 4 67 0 1 227661122857818.1
a 4 68 0 1 78191106565629.73
a 4 69 0 1 158414002385784.8
a 4 70 0 1 227269540208179.9
a 4 71 0 1 177172292604384.1
a 4 72 0 1 211448009513748.5
a 4 73 0 1 27616960168585.16
a 4 74 0 1 100315746358195.83
a 4 75 0 1 115061575022217.89
a 4 76 0 1 14494454550712.219
a 4 77 0 1 144189503731464.22
a 4 78 0 1 16168901505906.023
a 4 79 0 1 34381657460916.785
a 4 80 0 1 127670051724476.05
a 5 15 0 1 11240712479939.701
a 5 16 0 1 375141896611109.4
a 5 17 0 1 575729805721056.5
a 5 18 0 1 570829245593485.8
a 5 19 0 1 550255740406057.06
a 5 20 0 1 444963392638178.44
a 5 21 0 1 228395615263264.8
a 5 22 0 1 399702236695107.3
a 5 23 0 1 42566499703481.06
a 5 24 0 1 356146464290117.2
a 5 25 0 1 588950208861257.4
a 5 26 0 1 597504833207903.1
a 5 27 0 1 598690264950854.8
a 5 28 0 1 197184213930671.1
a 5 29 0 1 446903461535956.7
a 5 30 0 1 503049475283271.44
a 5 31 0 1 162362783025903.66
a 5 32 0 1 562631201322116.0
a 5 33 0 1 368912809298175.06
a 5 34 0 1 436681976712435.7
a 5 35 0 1 541913183481773.3
a 5 36 0 1 34460918450689.164
a 5 37 0 1 145604393984179.53
a 5 38 0 1 5901564971684.867
a 5 39 0 1 374300048620638.94
a 5 40 0 1 592705325905130.1
a 5 41 0 1 416616439763530.7
a 5 42 0 1 498041645007664.75
a 5 43 0 1 144565898378902.8
a 5 44 0 1 181172541658073.16
a 5 45 0 1 196340968091919.2
a 5 46 0 1 138683359790721.3
a 5 47 0 1 460215693590720.3
a 5 48 0 1 210948225541457.53
a 5 49 0 1 560943759164437.3
a 5 50 0 1 54932216259599.42
a 5 51 0 1 102743424938307.98
a 5 52 0 1 112497509690319.42
a 5 53 0 1 101317602879788.08
a 5 54 0 1 472835383166917.94
a 5 55 0 1 257898710045017.4
a 5 56 0 1 207059415249342.47
a 5 57 0 1 304590688997761.3
a 5 58 0 1 355427870157595.0
a 5 59 0 1 78426549752519.44
a 5 60 0 1 402449659475894.9
a 5 61 0 1 573068539709947.0
a 5 62 0 1 122410529483303.88
a 5 63 0 1 398392799839881.5
a 5 64 0 1 502052907851621.5
a 5 65 0 1 174396622841203.2
a 5 66 0 1 367474616415031.3
a 5 67 0 1 455598605109319.25
a 5 68 0 1 153803850076009.44
a 5 69 0 1 314464284417184.5
a 5 70 0 1 454793889228924.6
a 5 71 0 1 352466196788801.1
a 5 72 0 1 422343883394498.2
a 5 73 0 1 54018174885724.52
a 5 74 0 1 197816399909854.84
a 5 75 0 1 227274196792569.5
a 5 76 0 1 28309886036167.426
a 5 77 0 1 285758898100422.0
a 5 78 0 1 31586151324816.754
a 5 79 0 1 67300076653588.14
a 5 80 0 1 252541704921119.34
a 6 15 0 1 14218964651256.75
a 6 16 0 1 480042678139861.06
a 6 17 0 1 741708459267812.5
a 6 18 0 1 735271332856896.2
a 6 19 0 1 708271803118636.5
a 6 20 0 1 570708484730234.2
a 6 21 0 1 290874657374109.9
a 6 22 0 1 511885642202587.8
a 6 23 0 1 53896265549124.875
a 6 24 0 1 455451206473459.1
a 6 25 0 1 759085489979005.0
a 6 26 0 1 770338653832742.0
a 6 27 0 1 771898579677495.9
a 6 28 0 1 250875900000389.6
a 6 29 0 1 573233978064416.1
a 6 30 0 1 646470834597699.8
a 6 31 0 1 206345674080146.0
a 6 32 0 1 724507884127753.8
a 6 33 0 1 471975013484851.1
a 6 34 0 1 559931938419595.94
a 6 35 0 1 697334850956684.4
a 6 36 0 1 43622397515602.33
a 6 37 0 1 184950105906385.03
a 6 38 0 1 7463982093971.947
a 6 39 0 1 478952150647744.3
a 6 40 0 1 764024290392926.8
a 6 41 0 1 533846399671997.1
a 6 42 0 1 639926881025065.9
a 6 43 0 1 183625001194035.7
a 6 44 0 1 230387541476098.47
a 6 45 0 1 249796364681212.6
a 6 46 0 1 176120620156555.34
a 6 47 0 1 590572434008171.1
a 6 48 0 1 268505101320059.84
a 6 49 0 1 722293181129767.0
a 6 50 0 1 69579778971554.13
a 6 51 0 1 130332467319919.62
a 6 52 0 1 142749098897534.84
a 6 53 0 1 128518079593722.81
a 6 54 0 1 607023767901161.1
a 6 55 0 1 328758959595213.4
a 6 56 0 1 263522650174402.38
a 6 57 0 1 388865670473896.94
a 6 58 0 1 454521536333329.8
a 6 59 0 1 99410908393604.86
a 6 60 0 1 515451056695192.94
a 6 61 0 1 738212473088627.4
a 6 62 0 1 155375862685023.72
a 6 63 0 1 510186582209341.5
a 6 64 0 1 645168391295071.0
a 6 65 0 1 221723499351168.56
a 6 66 0 1 470112808653222.5
a 6 67 0 1 584557107014887.4
a 6 68 0 1 195415562252716.06
a 6 69 0 1 401599853522909.8
a 6 70 0 1 583508889187000.9
a 6 71 0 1 450690393506373.06
a 6 72 0 1 541288488089805.5
a 6 73 0 1 68420084403760.03
a 6 74 0 1 251685272012791.06
a 6 75 0 1 289436107089866.06
a 6 76 0 1 35829349785881.836
a 6 77 0 1 364601103054924.7
a 6 78 0 1 39979845861761.664
a 6 79 0 1 85278022260371.4
a 6 80 0 1 321874703756780.6
a 7 15 0 1 14318906452070.207
a 7 16 0 1 483605911412809.25
a 7 17 0 1 747387739762221.8
a 7 18 0 1 740897000442441.2
a 7 19 0 1 713673470466293.2
a 7 20 0 1 574990412448958.6
a 7 21 0 1 292986197884640.0
a 7 22 0 1 515699568811901.5
a 7 23 0 1 54276838887231.51
a 7 24 0 1 458822099770576.6
a 7 25 0 1 764909899337819.0
a 7 26 0 1 776257359824084.0
a 7 27 0 1 777830376625929.4
a 7 28 0 1 252688561904845.38
a 7 29 0 1 577536142293196.9
a 7 30 0 1 651365027792847.9
a 7 31 0 1 207828843337173.03
a 7 32 0 1 730044084961801.0
a 7 33 0 1 475475025227513.25
a 7 34 0 1 564127647994103.2
a 7 35 0 1 702646179265312.1
a 7 36 0 1 43930057430938.15
a 7 37 0 1 186276169236093.4
a 7 38 0 1 7516403603079.363
a 7 39 0 1 482506831179831.2
a 7 40 0 1 769890054421177.2
a 7 41 0 1 537834301555096.6
a 7 42 0 1 644767764065011.9
a 7 43 0 1 184941360002093.0
a 7 44 0 1 232048181023511.4
a 7 45 0 1 251600998455758.34
a 7 46 0 1 177382076206804.2
a 7 47 0 1 595013850180069.6
a 7 48 0 1 270449150370162.03
a 7 49 0 1 727811000871792.1
a 7 50 0 1 70071993406402.484
a 7 51 0 1 131260995352078.75
a 7 52 0 1 143767559794375.28
a 7 53 0 1 129433487805679.22
a 7 54 0 1 611597830335434.1
a 7 55 0 1 331156147879348.8
a 7 56 0 1 265429511460807.9
a 7 57 0 1 391721246880491.7
a 7 58 0 1 457885179809115.7
a 7 59 0 1 100116595869159.22
a 7 60 0 1 519293168609018.0
a 7 61 0 1 743862626614019.8
a 7 62 0 1 156486044405501.53
a 7 63 0 1 513987085617261.0
a 7 64 0 1 650051967712249.6
a 7 65 0 1 223320069286213.94
a 7 66 0 1 473598244200782.25
a 7 67 0 1 588950148236474.1
a 7 68 0 1 196818375171610.78
a 7 69 0 1 404553367207960.1
a 7 70 0 1 587893507602887.4
a 7 71 0 1 454024177183041.94
a 7 72 0 1 545335548374035.75
a 7 73 0 1 68904029791196.555
a 7 74 0 1 253503954255126.75
a 7 75 0 1 291536850323021.0
a 7 76 0 1 36081818347691.414
a 7 77 0 1 367270862317700.7
a 7 78 0 1 40261696349299.87
a 7 79 0 1 85882389998049.03
a 7 80 0 1 324219797897532.6
a 8 15 0 1 8980777839364.523
a 8 16 0 1 297152554396467.5
a 8 17 0 1 453812342090462.2
a 8 18 0 1 450003949951378.56
a 8 19 0 1 434005138404230.7
a 8 20 0 1 351862909151443.8
a 8 21 0 1 181550306842339.4
a 8 22 0 1 316419108302861.44
a 8 23 0 1 33983844147944.336
a 8 24 0 1 282235352801127.5
a 8 25 0 1 464081587383820.56
a 8 26 0 1 470722863067746.1
a 8 27 0 1 471642927313926.75
a 8 28 0 1 156856500760960.97
a 8 29 0 1 353380375409448.6
a 8 30 0 1 397232046514556.4
a 8 31 0 1 129262877401567.02
a 8 32 0 1 443630830358164.5
a 8 33 0 1 292262366907674.4
a 8 34 0 1 345383763326932.56
a 8 35 0 1 427512821305446.94
a 8 36 0 1 27517765794892.305
a 8 37 0 1 115966646386402.62
a 8 38 0 1 4715643611223.219
a 8 39 0 1 296491744004362.06
a 8 40 0 1 466997185843964.5
a 8 41 0 1 329673915972135.25
a 8 42 0 1 393325832664537.94
a 8 43 0 1 115142347590920.48
a 8 44 0 1 144174039629031.9
a 8 45 0 1 156188828580532.7
a 8 46 0 1 110472355597239.23
a 8 47 0 1 363788836310903.7
a 8 48 0 1 167750865502122.8
a 8 49 0 1 442318688799904.94
a 8 50 0 1 43843660981989.25
a 8 51 0 1 81912322681151.95
a 8 52 0 1 89668301414460.4
a 8 53 0 1 80778278758804.17
a 8 54 0 1 373649386675265.56
a 8 55 0 1 204858396178647.1
a 8 56 0 1 164673559606668.9
a 8 57 0 1 241677946998971.28
a 8 58 0 1 281670762617714.3
a 8 59 0 1 62561197707677.914
a 8 60 0 1 318572884481957.8
a 8 61 0 1 451744300485758.9
a 8 62 0 1 97546999125803.3
a 8 63 0 1 315392503110580.75
a 8 64 0 1 396454781751758.2
a 8 65 0 1 138804071298311.84
a 8 66 0 1 291133089591945.2
a 8 67 0 1 360179652658268.44
a 8 68 0 1 122473480416521.38
a 8 69 0 1 249453158947009.94
a 8 70 0 1 359550519575931.8
a 8 71 0 1 279343602609240.8
a 8 72 0 1 334159691803842.7
a 8 73 0 1 43115043919556.11
a 8 74 0 1 157357040511635.34
a 8 75 0 1 180663706321151.78
a 8 76 0 1 22609264534138.64
a 8 77 0 1 226837973151048.2
a 8 78 0 1 25223886989706.465
a 8 79 0 1 53699491748646.37
a 8 80 0 1 200628716548106.53
a 9 15 0 1 10888662361526.426
a 9 16 0 1 362903016267758.94
a 9 17 0 1 556515345349077.9
a 9 18 0 1 551788936657719.94
a 9 19 0 1 531944488443799.06
a 9 20 0 1 430331628244201.94
a 9 21 0 1 221066405052205.28
a 9 22 0 1 386625870460025.75
a 9 23 0 1 41228681161556.46
a 9 24 0 1 344552181108609.75
a 9 25 0 1 569264988023464.8
a 9 26 0 1 577514256638026.2
a 9 27 0 1 578657328841087.2
a 9 28 0 1 190878715164994.72
a 9 29 0 1 432204676270103.06
a 9 30 0 1 486398517433734.25
a 9 31 0 1 157191034427522.75
a 9 32 0 1 543881803264837.5
a 9 33 0 1 356885609033369.6
a 9 34 0 1 422335974099603.6
a 9 35 0 1 523896616093189.25
a 9 36 0 1 33378829334433.227
a 9 37 0 1 140975154386580.78
a 9 38 0 1 5716842738893.175
a 9 39 0 1 362089793536091.56
a 9 40 0 1 572886138278010.9
a 9 41 0 1 402960648512258.94
a 9 42 0 1 481565798365472.3
a 9 43 0 1 139970210751972.42
a 9 44 0 1 175389458866332.34
a 9 45 0 1 190063028576322.03
a 9 46 0 1 134277580185005.3
a 9 47 0 1 445056248650037.06
a 9 48 0 1 204192154094468.38
a 9 49 0 1 542254174962733.1
a 9 50 0 1 53203370364955.55
a 9 51 0 1 99492515411229.84
a 9 52 0 1 108934082875130.97
a 9 53 0 1 98112319276855.16
a 9 54 0 1 457237983076469.0
a 9 55 0 1 249595256163588.5
a 9 56 0 1 200430786225416.97
a 9 57 0 1 294732247815015.94
a 9 58 0 1 343857918553964.7
a 9 59 0 1 75951791989447.62
a 9 60 0 1 389279323752279.6
a 9 61 0 1 553948676388655.56
a 9 62 0 1 118528796310784.2
a 9 63 0 1 385361199782739.6
a 9 64 0 1 485436812986253.94
a 9 65 0 1 168834058795907.8
a 9 66 0 1 355496247905034.6
a 9 67 0 1 440599085436081.8
a 9 68 0 1 148909427625091.72
a 9 69 0 1 304274946956630.56
a 9 70 0 1 439822226260309.2
a 9 71 0 1 340996486323539.25
a 9 72 0 1 408491394317956.6
a 9 73 0 1 52318269624908.58
a 9 74 0 1 191490236429714.2
a 9 75 0 1 219981891667551.3
a 9 76 0 1 27421552479152.79
a 9 77 0 1 276529559046190.62
a 9 78 0 1 30594649537218.945
a 9 79 0 1 65179055724454.195
a 9 80 0 1 244415624539148.28
a 10 15 0 1 13945977711857.445
a 10 16 0 1 470324307865559.1
a 10 17 0 1 726232815686110.1
a 10 18 0 1 719941428747220.1
a 10 19 0 1 693550885861631.2
a 10 20 0 1 559033543028329.56
a 10 21 0 1 285112050030855.4
a 10 22 0 1 501484648312325.56
a 10 23 0 1 52856870352142.6
a 10 24 0 1 446256666420352.3
a 10 25 0 1 743215366688032.2
a 10 26 0 1 754212245920371.5
a 10 27 0 1 755736594070759.9
a 10 28 0 1 245928328024571.12
a 10 29 0 1 561503961996045.94
a 10 30 0 1 633130013638403.0
a 10 31 0 1 202296863607371.4
a 10 32 0 1 709421198229806.1
a 10 33 0 1 462428814986194.8
a 10 34 0 1 548491653101068.4
a 10 35 0 1 682859570455064.2
a 10 36 0 1 42782112026607.09
a 10 37 0 1 181329924881187.34
a 10 38 0 1 7320791963763.046
a 10 39 0 1 469257071585571.06
a 10 40 0 1 748041768539145.4
a 10 41 0 1 522971767277339.75
a 10 42 0 1 626731073990624.0
a 10 43 0 1 180031298747159.5
a 10 44 0 1 225854611334376.2
a 10 45 0 1 244870688121837.8
a 10 46 0 1 172676722856501.34
a 10 47 0 1 578463464825081.6
a 10 48 0 1 263199213745830.62
a 10 49 0 1 707256467122774.6
a 10 50 0 1 68235541903516.31
a 10 51 0 1 127797133401849.83
a 10 52 0 1 139968311825314.17
a 10 53 0 1 126018555095832.52
a 10 54 0 1 594553864011361.0
a 10 55 0 1 322217592401335.1
a 10 56 0 1 258318176000462.94
a 10 57 0 1 381075001209084.06
a 10 58 0 1 445346742567707.6
a 10 59 0 1 97483853372039.02
a 10 60 0 1 504973325005955.6
a 10 61 0 1 722816006419340.2
a 10 62 0 1 152344762117406.1
a 10 63 0 1 499822135211765.7
a 10 64 0 1 631856449495567.6
a 10 65 0 1 217365335644176.28
a 10 66 0 1 460606306964748.44
a 10 67 0 1 572579777821459.4
a 10 68 0 1 191585979397455.4
a 10 69 0 1 393542327311524.7
a 10 70 0 1 571554481051459.2
a 10 71 0 1 441596929959952.1
a 10 72 0 1 530252816159404.56
a 10 73 0 1 67098425401015.516
a 10 74 0 1 246721280645182.9
a 10 75 0 1 283702940044549.0
a 10 76 0 1 35139787422422.37
a 10 77 0 1 357316805122114.8
a 10 78 0 1 39210042944442.35
a 10 79 0 1 83627574148688.05
a 10 80 0 1 315475346291056.3
a 11 15 0 1 8040513388282.169
a 11 16 0 1 265100771334592.03
a 11 17 0 1 404060577715031.44
a 11 18 0 1 400689217462554.75
a 11 19 0 1 386522646589319.8
a 11 20 0 1 313694019223975.56
a 11 21 0 1 162200695486012.03
a 11 22 0 1 282220955972714.06
a 11 23 0 1 30416636483431.344
a 11 24 0 1 251839601073314.3
a 11 25 0 1 413149684173288.94
a 11 26 0 1 419026430234460.3
a 11 27 0 1 419840497019553.9
a 11 28 0 1 140181383706400.06
a 11 29 0 1 315040841982167.25
a 11 30 0 1 353938343256760.1
a 11 31 0 1 115560319465896.1
a 11 32 0 1 395046686422330.5
a 11 33 0 1 260754024637309.66
a 11 34 0 1 307942877123073.56
a 11 35 0 1 380772149365299.9
a 11 36 0 1 24631213627822.03
a 11 37 0 1 103690435536147.48
a 11 38 0 1 4222144851762.263
a 11 39 0 1 264513427812248.1
a 11 40 0 1 415729772490110.1
a 11 41 0 1 293994206806843.56
a 11 42 0 1 350475238508206.5
a 11 43 0 1 102954434741513.66
a 11 44 0 1 128867250170208.44
a 11 45 0 1 139585836489072.11
a 11 46 0 1 98784404820848.9
a 11 47 0 1 324277413845083.06
a 11 48 0 1 149897491717591.5
a 11 49 0 1 393884845642690.0
a 11 50 0 1 39236807111551.17
a 11 51 0 1 73271538761292.55
a 11 52 0 1 80201775648613.69
a 11 53 0 1 72258120670730.0
a 11 54 0 1 333025463355323.7
a 11 55 0 1 182971905663824.25
a 11 56 0 1 147153272434430.8
a 11 57 0 1 215759180150613.06
a 11 58 0 1 251337589533287.9
a 11 59 0 1 55974898227003.016
a 11 60 0 1 284134266917513.44
a 11 61 0 1 402229896234673.3
a 11 62 0 1 87240316142130.27
a 11 63 0 1 281308932124768.5
a 11 64 0 1 353249277222109.3
a 11 65 0 1 124075581390138.42
a 11 66 0 1 259750165294317.72
a 11 67 0 1 321074870635278.25
a 11 68 0 1 109499739006071.6
a 11 69 0 1 222678994229695.56
a 11 70 0 1 320516590196321.4
a 11 71 0 1 249268293400511.34
a 11 72 0 1 297977674584969.1
a 11 73 0 1 38585089704569.3
a 11 74 0 1 140627846406562.03
a 11 75 0 1 161410354220009.03
a 11 76 0 1 20238803493612.664
a 11 77 0 1 202548062212596.94
a 11 78 0 1 22578583491080.164
a 11 79 0 1 48051299926433.4
a 11 80 0 1 179203490735547.6
a 12 15 0 1 13186281934027.516
a 12 16 0 1 443389761314304.06
a 12 17 0 1 683448589951206.6
a 12 18 0 1 677557449917031.1
a 12 19 0 1 652839923069371.0
a 12 20 0 1 526703737729483.06
a 12 21 0 1 269113514308526.2
a 12 22 0 1 472666725065601.25
a 12 23 0 1 49965300898044.81
a 12 24 0 1 420768136298103.2
a 12 25 0 1 699348026678011.2
a 12 26 0 1 709641428283645.0
a 12 27 0 1 711068131235191.8
a 12 28 0 1 232187685840001.97
a 12 29 0 1 529022420857385.4
a 12 30 0 1 596213724283182.2
a 12 31 0 1 191047915018322.7
a 12 32 0 1 667705285976106.8
a 12 33 0 1 435969470712191.44
a 12 34 0 1 516808432523047.3
a 12 35 0 1 642823672794916.6
a 12 36 0 1 40444257788301.63
a 12 37 0 1 171269978296931.78
a 12 38 0 1 6922285401900.875
a 12 39 0 1 442386805742922.3
a 12 40 0 1 703865885710537.8
a 12 41 0 1 492847716458182.44
a 12 42 0 1 590213773407033.2
a 12 43 0 1 170044817271636.88
a 12 44 0 1 213263265345514.97
a 12 45 0 1 231190724878591.97
a 12 46 0 1 163105909262057.1
a 12 47 0 1 544938062711700.9
a 12 48 0 1 248465732597833.9
a 12 49 0 1 665677833950413.4
a 12 50 0 1 64496406737666.11
a 12 51 0 1 120748492200083.72
a 12 52 0 1 132238096104301.34
a 12 53 0 1 119069361683131.38
a 12 54 0 1 560034552167020.94
a 12 55 0 1 304063148900396.56
a 12 56 0 1 243865664886806.28
a 12 57 0 1 359465048089618.44
a 12 58 0 1 419912734264856.2
a 12 59 0 1 92124908754676.94
a 12 60 0 1 475943749696656.6
a 12 61 0 1 680249219404872.4
a 12 62 0 1 143919625485452.9
a 12 63 0 1 471105017623738.2
a 12 64 0 1 595019613769184.9
a 12 65 0 1 205258527877992.12
a 12 66 0 1 434256537821576.4
a 12 67 0 1 539416951321960.4
a 12 68 0 1 180945104663661.16
a 12 69 0 1 371194745666554.25
a 12 70 0 1 538454790168098.94
a 12 71 0 1 416387493775423.3
a 12 72 0 1 499684797135372.8
a 12 73 0 1 63422057345130.336
a 12 74 0 1 232935136026842.1
a 12 75 0 1 267785935011300.2
a 12 76 0 1 33221151310186.84
a 12 77 0 1 337106999699281.4
a 12 78 0 1 37068220598024.06
a 12 79 0 1 79037292866440.4
a 12 80 0 1 297713931924359.1
a 13 15 0 1 5718644713563.093
a 13 16 0 1 186922411328931.25
a 13 17 0 1 283547430359383.8
a 13 18 0 1 281214342112716.25
a 13 19 0 1 271404532281263.3
a 13 20 0 1 220818516347961.34
a 13 21 0 1 114767535852389.0
a 13 22 0 1 198877640442331.38
a 13 23 0 1 21617080905331.387
a 13 24 0 1 177652212503715.66
a 13 25 0 1 289834600584529.44
a 13 26 0 1 293897538091998.6
a 13 27 0 1 294460216145048.75
a 13 28 0 1 99261110147490.36
a 13 29 0 1 221756354393147.38
a 13 30 0 1 248803840284311.72
a 13 31 0 1 81894972798161.47
a 13 32 0 1 277308283931266.0
a 13 33 0 1 183884763935400.8
a 13 34 0 1 216812808832988.47
a 13 35 0 1 267419725326312.1
a 13 36 0 1 17508759413938.266
a 13 37 0 1 73512353023831.67
a 13 38 0 1 3003292238096.8135
a 13 39 0 1 186512010155644.38
a 13 40 0 1 291618575159206.94
a 13 41 0 1 207090786146206.78
a 13 42 0 1 246398754986466.34
a 13 43 0 1 72992361008784.44
a 13 44 0 1 91284440487549.4
a 13 45 0 1 98841391404994.33
a 13 46 0 1 70045704319457.34
a 13 47 0 1 228185709969587.62
a 13 48 0 1 106106248065521.28
a 13 49 0 1 276503802465064.38
a 13 50 0 1 27877371213789.23
a 13 51 0 1 51999560002742.21
a 13 52 0 1 56904628149782.945
a 13 53 0 1 51282093462972.69
a 13 54 0 1 234271183391711.75
a 13 55 0 1 129373688654319.9
a 13 56 0 1 104173364663124.72
a 13 57 0 1 152387191583248.16
a 13 58 0 1 177301114866649.12
a 13 59 0 1 39747409344066.48
a 13 60 0 1 200212844734498.9
a 13 61 0 1 282280609904538.0
a 13 62 0 1 61884009215339.06
a 13 63 0 1 198241121931994.22
a 13 64 0 1 248325338765685.94
a 13 65 0 1 87904379786049.44
a 13 66 0 1 183183104372155.3
a 13 67 0 1 225956967330465.6
a 13 68 0 1 77615776861343.48
a 13 69 0 1 157237609726854.28
a 13 70 0 1 225568392643846.1
a 13 71 0 1 175853758430314.6
a 13 72 0 1 209868171040887.78
a 13 73 0 1 27414928181492.777
a 13 74 0 1 99575748719279.3
a 13 75 0 1 114211364711348.7
a 13 76 0 1 14388579339181.871
a 13 77 0 1 143120492173256.03
a 13 78 0 1 16050772625284.51
a 13 79 0 1 34129943546101.047
a 13 80 0 1 126725308642215.78
a 14 15 0 1 9595668601729.049
a 14 16 0 1 318237855213994.75
a 14 17 0 1 486652832453200.44
a 14 18 0 1 482553230416299.9
a 14 19 0 1 465334063021472.56
a 14 20 0 1 377001787872355.8
a 14 21 0 1 194248590938372.03
a 14 22 0 1 338925646843337.4
a 14 23 0 1 36317805451891.16
a 14 24 0 1 302224895079598.75
a 14 25 0 1 497708690275175.5
a 14 26 0 1 504859747525427.8
a 14 27 0 1 505850501745697.25
a 14 28 0 1 167794046188217.38
a 14 29 0 1 378632469375947.44
a 14 30 0 1 425774266058334.56
a 14 31 0 1 138245563125691.72
a 14 32 0 1 475693402701228.5
a 14 33 0 1 312988008684863.94
a 14 34 0 1 370039723345301.1
a 14 35 0 1 458347903929259.9
a 14 36 0 1 29406141285652.074
a 14 37 0 1 124012103022149.62
a 14 38 0 1 5038342201929.298
a 14 39 0 1 317528418733716.6
a 14 40 0 1 500847985503115.25
a 14 41 0 1 353162162090551.44
a 14 42 0 1 421573523539514.9
a 14 43 0 1 123129801833072.0
a 14 44 0 1 154211449072823.84
a 14 45 0 1 167078915827208.8
a 14 46 0 1 118131424792573.6
a 14 47 0 1 389818632479224.25
a 14 48 0 1 179463888205567.06
a 14 49 0 1 474281149733717.25
a 14 50 0 1 46858441661973.125
a 14 51 0 1 87571305398122.62
a 14 52 0 1 95869051495607.08
a 14 53 0 1 86358133418444.1
a 14 54 0 1 400417796315666.9
a 14 55 0 1 219228483663338.97
a 14 56 0 1 176167323832963.03
a 14 57 0 1 258708641861769.12
a 14 58 0 1 301618911632666.3
a 14 59 0 1 66872977725404.44
a 14 60 0 1 341238721984870.6
a 14 61 0 1 484426623292705.6
a 14 62 0 1 104299149588250.94
a 14 63 0 1 337823141078540.0
a 14 64 0 1 424938372797705.6
a 14 65 0 1 148461195441109.44
a 14 66 0 1 311775738085495.06
a 14 67 0 1 385939549961681.75
a 14 68 0 1 130977209123184.98
a 14 69 0 1 267048796405494.0
a 14 70 0 1 385263394259148.5
a 14 71 0 1 299121195463789.75
a 14 72 0 1 357980903159601.56
a 14 73 0 1 46079457100422.52
a 14 74 0 1 168330169461484.47
a 14 75 0 1 193298587462551.94
a 14 76 0 1 24159862005392.242
a 14 77 0 1 242793410209746.44
a 14 78 0 1 26954358654274.363
a 14 79 0 1 57396470097291.15
a 14 80 0 1 214694710064886.9
a 15 1 0 2 0
a 16 1 0 2 0
a 17 1 0 2 0
a 18 1 0 2 0
a 19 1 0 2 0
a 20 1 0 2 0
a 21 1 0 2 0
a 22 1 0 2 0
a 23 1 0 2 0
a 24 1 0 2 0
a 25 1 0 2 0
a 26 1 0 2 0
a 27 1 0 2 0
a 28 1 0 2 0
a 29 1 0 2 0
a 30 1 0 2 0
a 31 1 0 2 0
a 32 1 0 2 0
a 33 1 0 2 0
a 34 1 0 2 0
a 35 1 0 2 0
a 36 1 0 2 0
a 37 1 0 2 0
a 38 1 0 2 0
a 39 1 0 2 0
a 40 1 0 2 0
a 41 1 0 2 0
a 42 1 0 2 0
a 43 1 0 2 0
a 44 1 0 2 0
a 45 1 0 2 0
a 46 1 0 2 0
a 47 1 0 2 0
a 48 1 0 2 0
a 49 1 0 2 0
a 50 1 0 2 0
a 51 1 0 2 0
a 52 1 0 2 0
a 53 1 0 2 0
a 54 1 0 2 0
a 55 1 0 2 0
a 56 1 0 2 0
a 57 1 0 2 0
a 58 1 0 2 0
a 59 1 0 2 0
a 60 1 0 2 0
a 61 1 0 2 0
a 62 1 0 2 0
a 63 1 0 2 0
a 64 1 0 2 0
a 65 1 0 2 0
a 66 1 0 2 0
a 67 1 0 2 0
a 68 1 0 2 0
a 69 1 0 2 0
a 70 1 0 2 0
a 71 1 0 2 0
a 72 1 0 2 0
a 73 1 0 2 0
a 74 1 0 2 0
a 75 1 0 2 0
a 76 1 0 2 0
a 77 1 0 2 0
a 78 1 0 2 0
a 79 1 0 2 0
a 80 1 0 2 0
