p min 82 951
n 0 13
n 1 -13
a 0 2 0 1 0
a 0 3 0 1 0
a 0 4 0 1 0
a 0 5 0 1 0
a 0 6 0 1 0
a 0 7 0 1 0
a 0 8 0 1 0
a 0 9 0 1 0
a 0 10 0 1 0
a 0 11 0 1 0
a 0 12 0 1 0
a 0 13 0 1 0
a 0 14 0 1 0
a 2 15 0 1 292951900932980.94
a 2 16 0 1 120564170028506.97
a 2 17 0 1 574255901941764.2
a 2 18 0 1 513117936099834.7
a 2 19 0 1 94002537543926.02
a 2 20 0 1 86635103066794.77
a 2 21 0 1 279659668651520.56
a 2 22 0 1 296224052889110.1
a 2 23 0 1 106906623633281.17
a 2 24 0 1 565804995246650.6
a 2 25 0 1 461895087137914.75
a 2 26 0 1 441149756854536.2
a 2 27 0 1 237060095134342.1
a 2 28 0 1 21232922869029.82
a 2 29 0 1 492331773107599.25
a 2 30 0 1 577700509676103.5
a 2 31 0 1 160382219581231.2
a 2 32 0 1 215109851463280.44
a 2 33 0 1 384790699725468.8
a 2 34 0 1 87953075544242.92
a 2 35 0 1 514688318079991.6
a 2 36 0 1 297505962397246.06
a 2 37 0 1 203846311872107.34
a 2 38 0 1 253615042891967.62
a 2 39 0 1 403918357134781.75
a 2 40 0 1 395546113890987.25
a 2 41 0 1 507695353403579.56
a 2 42 0 1 647935396154864.2
a 2 43 0 1 360832254883299.44
a 2 44 0 1 159690253601296.66
a 2 45 0 1 48537681511562.41
a 2 46 0 1 442321138028612.7
a 2 47 0 1 623519763166155.6
a 2 48 0 1 70634402833287.9
a 2 49 0 1 154329409998130.03
a 2 50 0 1 300153136845748.56
a 2 51 0 1 322379785993307.5
a 2 52 0 1 293964124228720.7
a 2 53 0 1 51612307824543.3
a 2 54 0 1 554704809255730.6
a 2 55 0 1 122283306988299.89
a 2 56 0 1 232279978117474.8
a 2 57 0 1 365086050638981.9
a 2 58 0 1 449669753709123.25
a 2 59 0 1 173468213906453.38
a 2 60 0 1 21269069599785.918
a 2 61 0 1 90665722028720.14
a 2 62 0 1 37371021028685.39
a 2 63 0 1 567807120662349.5
a 2 64 0 1 535670696090926.2
a 2 65 0 1 26821922893679.89
a 2 66 0 1 236282013469725.53
a 2 67 0 1 87875903398303.11
a 2 68 0 1 643304348199147.6
a 2 69 0 1 184717863915535.53
a 2 70 0 1 613582776793193.2
a 2 71 0 1 610493086669800.8
a 2 72 0 1 153720895512137.16
a 2 73 0 1 77347324935090.17
a 2 74 0 1 314072182376569.7
a 2 75 0 1 471462261855600.44
a 2 76 0 1 169418540878201.72
a 2 77 0 1 259467118729667.78
a 2 78 0 1 120408176646449.44
a 2 79 0 1 327396941125560.25
a 2 80 0 1 174180380845017.22
a 2 81 0 1 114400342053086.25
a 3 15 0 1 234879531528673.66
a 3 16 0 1 97044347344284.39
a 3 17 0 1 457405786495856.4
a 3 18 0 1 409299483092922.7
a 3 19 0 1 75709603672413.89
a 3 20 0 1 69787413721784.86
a 3 21 0 1 224290677059927.56
a 3 22 0 1 237485180867113.8
a 3 23 0 1 86077586602258.61
a 3 24 0 1 450764810941025.0
a 3 25 0 1 368884139660146.5
a 3 26 0 1 352487309342509.1
a 3 27 0 1 190310704094386.1
a 3 28 0 1 17128833677817.951
a 3 29 0 1 392911119389915.2
a 3 30 0 1 460111868184548.3
a 3 31 0 1 128978648707833.16
a 3 32 0 1 172775598140149.2
a 3 33 0 1 307859227268782.8
a 3 34 0 1 70846988755392.39
a 3 35 0 1 410536939407404.5
a 3 36 0 1 238505869985526.53
a 3 37 0 1 163770726935124.75
a 3 38 0 1 203523932690893.4
a 3 39 0 1 323019026111418.4
a 3 40 0 1 316385233111220.2
a 3 41 0 1 405025774986198.56
a 3 42 0 1 515187685830640.94
a 3 43 0 1 288851234094632.56
a 3 44 0 1 128424183467894.2
a 3 45 0 1 39132050095890.67
a 3 46 0 1 353413590445941.7
a 3 47 0 1 496063582648480.5
a 3 48 0 1 56918734614535.195
a 3 49 0 1 124127999829360.86
a 3 50 0 1 240613423631430.66
a 3 51 0 1 258298877124836.06
a 3 52 0 1 235685618400870.72
a 3 53 0 1 41608017428135.875
a 3 54 0 1 442037750126812.4
a 3 55 0 1 98424301315312.67
a 3 56 0 1 186493592903093.78
a 3 57 0 1 292227663961677.3
a 3 58 0 1 359223386971189.44
a 3 59 0 1 139461014521039.69
a 3 60 0 1 17157979836759.99
a 3 61 0 1 73027604058438.06
a 3 62 0 1 30136775538218.277
a 3 63 0 1 452338391198477.44
a 3 64 0 1 427061880544659.4
a 3 65 0 1 21634848619460.906
a 3 66 0 1 189689433001762.9
a 3 67 0 1 70784948469782.8
a 3 68 0 1 511562102828630.8
a 3 69 0 1 148467373099214.7
a 3 70 0 1 488273545587701.3
a 3 71 0 1 485850618156891.4
a 3 72 0 1 123640269364861.27
a 3 73 0 1 62318780819566.88
a 3 74 0 1 251690790314969.75
a 3 75 0 1 376440369506737.3
a 3 76 0 1 136217748073202.22
a 3 77 0 1 208192296832684.12
a 3 78 0 1 96919125875370.02
a 3 79 0 1 262288401564346.88
a 3 80 0 1 140031306230787.38
a 3 81 0 1 92095747178776.97
a 4 15 0 1 155548055865005.9
a 4 16 0 1 64611512281999.19
a 4 17 0 1 300272438001903.3
a 4 18 0 1 269205518732545.34
a 4 19 0 1 50448382167668.07
a 4 20 0 1 46512774183696.234
a 4 21 0 1 148596947570601.62
a 4 22 0 1 157257655029464.1
a 4 23 0 1 57334118215959.97
a 4 24 0 1 295990968832869.25
a 4 25 0 1 243011320043983.66
a 4 26 0 1 232359684371604.8
a 4 27 0 1 126251334368512.58
a 4 28 0 1 11439307810100.174
a 4 29 0 1 258594148420846.75
a 4 30 0 1 302016394870306.75
a 4 31 0 1 85767438333750.81
a 4 32 0 1 114696654438240.39
a 4 33 0 1 203297308148888.66
a 4 34 0 1 47217049978619.08
a 4 35 0 1 270006191238268.56
a 4 36 0 1 157927245789521.12
a 4 37 0 1 108756753832394.44
a 4 38 0 1 134947614744473.67
a 4 39 0 1 213181242551817.1
a 4 40 0 1 208857598397850.03
a 4 41 0 1 266439678192654.6
a 4 42 0 1 337426408770924.1
a 4 43 0 1 190887460331011.1
a 4 44 0 1 85400562709366.81
a 4 45 0 1 26111912582418.07
a 4 46 0 1 232961786423927.84
a 4 47 0 1 325149083278738.25
a 4 48 0 1 37954653661996.12
a 4 49 0 1 82557349635876.89
a 4 50 0 1 159309668295836.28
a 4 51 0 1 170901113057089.44
a 4 52 0 1 156076977238531.53
a 4 53 0 1 27761433593117.965
a 4 54 0 1 290361054424741.94
a 4 55 0 1 65526793095523.484
a 4 56 0 1 123737420950505.48
a 4 57 0 1 193093224629137.62
a 4 58 0 1 236737250292101.6
a 4 59 0 1 92700372120581.44
a 4 60 0 1 11458759985000.867
a 4 61 0 1 48666274817120.83
a 4 62 0 1 20116504893743.793
a 4 63 0 1 297005673938936.6
a 4 64 0 1 280690618513200.0
a 4 65 0 1 14446110979124.88
a 4 66 0 1 125842222487518.0
a 4 67 0 1 47175814778267.24
a 4 68 0 1 335100337691932.1
a 4 69 0 1 98652562029932.03
a 4 70 0 1 320142475685334.75
a 4 71 0 1 318584621408494.2
a 4 72 0 1 82234509637055.27
a 4 73 0 1 41546907090018.18
a 4 74 0 1 166571927445205.7
a 4 75 0 1 247915219612765.78
a 4 76 0 1 90555912933598.5
a 4 77 0 1 138017933577492.19
a 4 78 0 1 64528451906004.695
a 4 79 0 1 173513688190538.8
a 4 80 0 1 93077394912415.5
a 4 81 0 1 61328453594158.164
a 5 15 0 1 91052033490001.02
a 5 16 0 1 37985322834465.13
a 5 17 0 1 174550561468605.4
a 5 18 0 1 156725816069653.47
a 5 19 0 1 29678705918447.59
a 5 20 0 1 27368499695495.586
a 5 21 0 1 87012003014107.98
a 5 22 0 1 92045248974200.02
a 5 23 0 1 33718560599122.098
a 5 24 0 1 172097284063386.34
a 5 25 0 1 141654598451756.9
a 5 26 0 1 135514986689945.62
a 5 27 0 1 74006244191941.98
a 5 28 0 1 6742168083717.428
a 5 29 0 1 150625059340513.44
a 5 30 0 1 175549550937256.94
a 5 31 0 1 50372314948568.516
a 5 32 0 1 67270136399374.25
a 5 33 0 1 118730977314341.19
a 5 34 0 1 27781973880187.79
a 5 35 0 1 157185886710431.2
a 5 36 0 1 92434212416127.5
a 5 37 0 1 63804405318864.39
a 5 38 0 1 79071041881282.95
a 5 39 0 1 124444439592503.9
a 5 40 0 1 121945808558181.1
a 5 41 0 1 155136271932148.47
a 5 42 0 1 195796363703440.34
a 5 43 0 1 111549629685526.36
a 5 44 0 1 50157718977680.414
a 5 45 0 1 15379318280120.922
a 5 46 0 1 135862208900983.75
a 5 47 0 1 188784414910323.4
a 5 48 0 1 22341889629687.613
a 5 49 0 1 48494387806105.01
a 5 50 0 1 93237178358090.61
a 5 51 0 1 99965734279514.03
a 5 52 0 1 91359335243399.36
a 5 53 0 1 16349571817686.635
a 5 54 0 1 168869777241805.9
a 5 55 0 1 38521745847904.42
a 5 56 0 1 72541327710809.8
a 5 57 0 1 112826696126188.77
a 5 58 0 1 138038991413882.95
a 5 59 0 1 54426170043608.12
a 5 60 0 1 6753626712665.311
a 5 61 0 1 28632714055878.887
a 5 62 0 1 11851522239519.486
a 5 63 0 1 172678802412423.78
a 5 64 0 1 163321761191664.12
a 5 65 0 1 8513125436747.221
a 5 66 0 1 73767869181999.22
a 5 67 0 1 27757765816289.85
a 5 68 0 1 194468527527427.0
a 5 69 0 1 57904415996525.91
a 5 70 0 1 185922551220716.75
a 5 71 0 1 185031766420809.4
a 5 72 0 1 48305491988417.72
a 5 73 0 1 24452296594672.152
a 5 74 0 1 97453627251018.39
a 5 75 0 1 144479065700296.9
a 5 76 0 1 53172539647775.195
a 5 77 0 1 80858213553960.98
a 5 78 0 1 37936640925830.62
a 5 79 0 1 101481231016727.06
a 5 80 0 1 54646547393826.164
a 5 81 0 1 36060819951135.61
a 6 15 0 1 266667405957834.38
a 6 16 0 1 109941896810541.94
a 6 17 0 1 521171618658687.9
a 6 18 0 1 465992483109656.4
a 6 19 0 1 85743614010699.11
a 6 20 0 1 79029375144741.58
a 6 21 0 1 254603036603674.47
a 6 22 0 1 269636771100402.97
a 6 23 0 1 97501189893526.95
a 6 24 0 1 513548897564104.44
a 6 25 0 1 419704090675702.0
a 6 26 0 1 400942302193096.06
a 6 27 0 1 215915664336052.03
a 6 28 0 1 19381662221815.086
a 6 29 0 1 447215058559784.6
a 6 30 0 1 524278238961068.25
a 6 31 0 1 146192343708007.84
a 6 32 0 1 195967688849615.3
a 6 33 0 1 349928871085392.56
a 6 34 0 1 80230570541276.5
a 6 35 0 1 467410752996798.0
a 6 36 0 1 270800003355905.4
a 6 37 0 1 185728026927911.12
a 6 38 0 1 230954400359525.16
a 6 39 0 1 367249315600008.0
a 6 40 0 1 359668982842913.4
a 6 41 0 1 461094766906948.2
a 6 42 0 1 587568670064464.0
a 6 43 0 1 328223913384035.75
a 6 44 0 1 145562630797171.12
a 6 45 0 1 44293595027153.8
a 6 46 0 1 402001911185816.1
a 6 47 0 1 565578609201538.5
a 6 48 0 1 64443820647723.766
a 6 49 0 1 140683772457057.39
a 6 50 0 1 273202005762466.22
a 6 51 0 1 293364743384531.2
a 6 52 0 1 267585985832043.22
a 6 53 0 1 47097918755090.17
a 6 54 0 1 503534319006806.7
a 6 55 0 1 111507617567057.34
a 6 56 0 1 211572366023483.4
a 6 57 0 1 332078426854356.94
a 6 58 0 1 408648705812921.7
a 6 59 0 1 158099349041625.9
a 6 60 0 1 19414650334508.285
a 6 61 0 1 82702765161675.42
a 6 62 0 1 34107173016778.355
a 6 63 0 1 515354946839398.5
a 6 64 0 1 486355940074004.2
a 6 65 0 1 24481992335587.914
a 6 66 0 1 215208715434020.1
a 6 67 0 1 80160237014078.42
a 6 68 0 1 583398638045681.5
a 6 69 0 1 168332869650117.4
a 6 70 0 1 556625301507914.06
a 6 71 0 1 553841051817114.75
a 6 72 0 1 140129934367255.2
a 6 73 0 1 70563612194907.89
a 6 74 0 1 285829684843451.4
a 6 75 0 1 428353619865227.5
a 6 76 0 1 154414878697985.28
a 6 77 0 1 236269247213081.12
a 6 78 0 1 109799821579191.83
a 6 79 0 1 297914691022762.94
a 6 80 0 1 158747260168506.06
a 6 81 0 1 104327675890548.56
a 7 15 0 1 266860088440194.6
a 7 16 0 1 110019904405131.86
a 7 17 0 1 521559572778970.7
a 7 18 0 1 466337122688851.56
a 7 19 0 1 85804282072627.22
a 7 20 0 1 79085249158685.67
a 7 21 0 1 254786743802540.16
a 7 22 0 1 269831666469935.88
a 7 23 0 1 97570270894062.2
a 7 24 0 1 513930835160087.56
a 7 25 0 1 420012817169351.0
a 7 26 0 1 401236581006801.1
a 7 27 0 1 216070757795838.34
a 7 28 0 1 19395271096457.44
a 7 29 0 1 447545083383844.94
a 7 30 0 1 524668648133182.94
a 7 31 0 1 146296508518404.06
a 7 32 0 1 196108127869605.94
a 7 33 0 1 350184180910106.7
a 7 34 0 1 80287301678631.28
a 7 35 0 1 467756499007754.25
a 7 36 0 1 270995766024504.84
a 7 37 0 1 185860969677522.8
a 7 38 0 1 231120586389603.84
a 7 39 0 1 367517805123660.06
a 7 40 0 1 359931697767052.75
a 7 41 0 1 461435588420911.5
a 7 42 0 1 588009479971885.1
a 7 43 0 1 328462781278062.25
a 7 44 0 1 145666339358689.2
a 7 45 0 1 44324785368040.086
a 7 46 0 1 402297004297552.9
a 7 47 0 1 566001824139001.0
a 7 48 0 1 64489305920041.195
a 7 49 0 1 140783948358788.06
a 7 50 0 1 273399560085624.0
a 7 51 0 1 293577376265473.8
a 7 52 0 1 267779352714352.3
a 7 53 0 1 47131094559978.25
a 7 54 0 1 503908368259484.9
a 7 55 0 1 111586750428986.3
a 7 56 0 1 211724263014265.06
a 7 57 0 1 332320208615891.06
a 7 58 0 1 408948911452279.94
a 7 59 0 1 158212153363509.78
a 7 60 0 1 19428282423671.176
a 7 61 0 1 82761261101732.6
a 7 62 0 1 34131162145101.664
a 7 63 0 1 515738308973664.4
a 7 64 0 1 486716500481373.1
a 7 65 0 1 24499192530225.22
a 7 66 0 1 215363288393731.47
a 7 67 0 1 80216917957795.12
a 7 68 0 1 583836104519100.4
a 7 69 0 1 168453118197181.38
a 7 70 0 1 557041378112174.56
a 7 71 0 1 554254911582793.44
a 7 72 0 1 140229709499569.42
a 7 73 0 1 70613452113390.55
a 7 74 0 1 286036674485223.4
a 7 75 0 1 428669028070097.0
a 7 76 0 1 154525007100609.1
a 7 77 0 1 236439362675803.1
a 7 78 0 1 109877727085870.05
a 7 79 0 1 298130736248391.3
a 7 80 0 1 158860535283547.44
a 7 81 0 1 104401651938621.4
a 8 15 0 1 351872463658689.44
a 8 16 0 1 144236523320830.94
a 8 17 0 1 694462696517470.5
a 8 18 0 1 619590163687683.4
a 8 19 0 1 112391840234614.17
a 8 20 0 1 103565886534996.8
a 8 21 0 1 335801927516584.06
a 8 22 0 1 355830129951639.25
a 8 23 0 1 127857682666699.22
a 8 24 0 1 684099166691589.1
a 8 25 0 1 557040817789118.9
a 8 26 0 1 531754414886010.1
a 8 27 0 1 284367216487063.2
a 8 28 0 1 25345133901719.938
a 8 29 0 1 594188045637599.0
a 8 30 0 1 698688203971610.6
a 8 31 0 1 192047273956613.03
a 8 32 0 1 257905157170251.16
a 8 33 0 1 463191086910814.7
a 8 34 0 1 105144558275690.14
a 8 35 0 1 621510376651491.8
a 8 36 0 1 357380769275319.3
a 8 37 0 1 244337073300755.6
a 8 38 0 1 304343230832904.25
a 8 39 0 1 486439165119285.2
a 8 40 0 1 476260684465102.6
a 8 41 0 1 612960791006865.0
a 8 42 0 1 785012508778086.9
a 8 43 0 1 434102590008494.9
a 8 44 0 1 191215656404622.97
a 8 45 0 1 57973461681735.58
a 8 46 0 1 533181503271381.2
a 8 47 0 1 754967432279567.0
a 8 48 0 1 84407740931238.3
a 8 49 0 1 184773800650956.25
a 8 50 0 1 360583181114922.94
a 8 51 0 1 387487999673612.56
a 8 52 0 1 353096680542275.1
a 8 53 0 1 61650053302435.3
a 8 54 0 1 670493691019698.9
a 8 55 0 1 146298929760115.97
a 8 56 0 1 278602215748062.25
a 8 57 0 1 439264714291767.2
a 8 58 0 1 542136207216448.44
a 8 59 0 1 207779306745974.4
a 8 60 0 1 25388301707839.9
a 8 61 0 1 108394073450164.55
a 8 62 0 1 44624818615701.14
a 8 63 0 1 686554003975177.0
a 8 64 0 1 647181834826979.9
a 8 65 0 1 32020560460228.812
a 8 66 0 1 283428731663075.25
a 8 67 0 1 105052118614954.47
a 8 68 0 1 779310697721247.0
a 8 69 0 1 221311355918854.8
a 8 70 0 1 742750426121241.0
a 8 71 0 1 738953119337834.9
a 8 72 0 1 184042680740706.8
a 8 73 0 1 92443639615397.48
a 8 74 0 1 377428454592476.56
a 8 75 0 1 568711138036957.9
a 8 76 0 1 202909749802658.22
a 8 77 0 1 311408403583426.94
a 8 78 0 1 144049389953096.4
a 8 79 0 1 393565160381427.6
a 8 80 0 1 208635751813096.06
a 8 81 0 1 136843269119972.66
a 9 15 0 1 204849055646338.4
a 9 16 0 1 84808273876876.17
a 9 17 0 1 397592032544576.44
a 9 18 0 1 356036737153020.56
a 9 19 0 1 66184096317335.57
a 9 20 0 1 61012257790162.09
a 9 21 0 1 195644711826725.97
a 9 22 0 1 207113561852042.28
a 9 23 0 1 75236285188762.89
a 9 24 0 1 391859143049679.9
a 9 25 0 1 321076786383013.5
a 9 26 0 1 306880755976020.5
a 9 27 0 1 166087905239942.72
a 9 28 0 1 14986436842133.375
a 9 29 0 1 341865821741897.8
a 9 30 0 1 399927741143099.3
a 9 31 0 1 112663567768449.5
a 9 32 0 1 150823588308153.75
a 9 33 0 1 268206374397171.22
a 9 34 0 1 61937648512959.18
a 9 35 0 1 357106463924171.8
a 9 36 0 1 208000569344482.3
a 9 37 0 1 142981745652559.28
a 9 38 0 1 177584746613953.34
a 9 39 0 1 281349692930576.1
a 9 40 0 1 275599044740338.5
a 9 41 0 1 352341986083222.2
a 9 42 0 1 447422081707259.0
a 9 43 0 1 251718119071609.3
a 9 44 0 1 112180148431412.56
a 9 45 0 1 34226723702376.043
a 9 46 0 1 307682902289134.6
a 9 47 0 1 430939913042679.6
a 9 48 0 1 49770984323199.68
a 9 49 0 1 108434184444806.23
a 9 50 0 1 209832006211787.16
a 9 51 0 1 225195843562333.75
a 9 52 0 1 205549625063018.44
a 9 53 0 1 36391018645435.72
a 9 54 0 1 384323597849950.5
a 9 55 0 1 86012505026275.23
a 9 56 0 1 162765788164475.03
a 9 57 0 1 254647661075534.28
a 9 58 0 1 312713580693494.4
a 9 59 0 1 121801296185358.28
a 9 60 0 1 15011931228066.818
a 9 61 0 1 63842021268480.4
a 9 62 0 1 26362459252178.21
a 9 63 0 1 393217660521078.1
a 9 64 0 1 371387588196780.0
a 9 65 0 1 18927630729687.875
a 9 66 0 1 165547224940550.47
a 9 67 0 1 61883465781291.234
a 9 68 0 1 444298132055424.0
a 9 69 0 1 129650092376174.89
a 9 70 0 1 424223173838856.8
a 9 71 0 1 422133734848407.4
a 9 72 0 1 108008888469664.25
a 9 73 0 1 54488639966303.15
a 9 74 0 1 219456178936095.97
a 9 75 0 1 327616387451454.75
a 9 76 0 1 118974365722026.03
a 9 77 0 1 181645607248262.56
a 9 78 0 1 84698995651657.1
a 9 79 0 1 228660516444950.28
a 9 80 0 1 122298351903201.78
a 9 81 0 1 80489426066545.69
a 10 15 0 1 335003657132088.4
a 10 16 0 1 137478814333159.2
a 10 17 0 1 659873978859311.2
a 10 18 0 1 588988034185099.2
a 10 19 0 1 107144557250830.67
a 10 20 0 1 98735363617923.69
a 10 21 0 1 319732214843279.4
a 10 22 0 1 338764100244434.25
a 10 23 0 1 121878156513229.92
a 10 24 0 1 650066142376086.4
a 10 25 0 1 529719582896417.5
a 10 26 0 1 505746865386871.4
a 10 27 0 1 270836240403569.66
a 10 28 0 1 24173116002839.926
a 10 29 0 1 564923732545866.1
a 10 30 0 1 663872553864785.5
a 10 31 0 1 183001953990257.1
a 10 32 0 1 245669211491293.53
a 10 33 0 1 440709271689779.2
a 10 34 0 1 100239549990859.0
a 10 35 0 1 590806816424572.1
a 10 36 0 1 340237419673208.4
a 10 37 0 1 232762232940749.38
a 10 38 0 1 289829663478232.94
a 10 39 0 1 462767774946514.4
a 10 40 0 1 453110858006943.7
a 10 41 0 1 582708516183814.4
a 10 42 0 1 745514766409273.1
a 10 43 0 1 413100710916873.9
a 10 44 0 1 182210332261962.53
a 10 45 0 1 55282998926074.69
a 10 46 0 1 507100006254454.56
a 10 47 0 1 717109281808180.6
a 10 48 0 1 80479090062522.9
a 10 49 0 1 176078044348953.78
a 10 50 0 1 343280065848248.44
a 10 51 0 1 368838196200371.3
a 10 52 0 1 336166885610521.9
a 10 53 0 1 58787807884241.83
a 10 54 0 1 637188290698898.9
a 10 55 0 1 139443034508322.53
a 10 56 0 1 265354013547375.53
a 10 57 0 1 418000887888733.75
a 10 58 0 1 515590177595198.06
a 10 59 0 1 197975995235717.2
a 10 60 0 1 24214282059451.188
a 10 61 0 1 103335664330327.02
a 10 62 0 1 42556884976406.36
a 10 63 0 1 652389464480740.1
a 10 64 0 1 615118152803895.8
a 10 65 0 1 30538768505076.508
a 10 66 0 1 269943812685102.62
a 10 67 0 1 100151472557283.66
a 10 68 0 1 740124934251652.8
a 10 69 0 1 210853957248973.38
a 10 70 0 1 705555909574075.2
a 10 71 0 1 701964515002447.9
a 10 72 0 1 175382031299621.12
a 10 73 0 1 88137159380028.23
a 10 74 0 1 359283097355644.44
a 10 75 0 1 540781154055157.1
a 10 76 0 1 193341339755381.6
a 10 77 0 1 296546280669671.4
a 10 78 0 1 137300587742588.81
a 10 79 0 1 374610073252601.7
a 10 80 0 1 198791100514259.8
a 10 81 0 1 130437170663038.77
a 11 15 0 1 105784812929030.72
a 11 16 0 1 44087989110255.875
a 11 17 0 1 203113535589414.44
a 11 18 0 1 182310322619761.5
a 11 19 0 1 34441545041991.36
a 11 20 0 1 31759239525937.45
a 11 21 0 1 101083440428640.8
a 11 22 0 1 106940724763552.72
a 11 23 0 1 39132641899327.51
a 11 24 0 1 200249474801864.8
a 11 25 0 1 164731848809253.25
a 11 26 0 1 157573752894394.94
a 11 27 0 1 85953528807913.19
a 11 28 0 1 7820838359119.981
a 11 29 0 1 175193417857785.66
a 11 30 0 1 204279876181762.47
a 11 31 0 1 58478495217719.125
a 11 32 0 1 78120157834978.77
a 11 33 0 1 138014037818786.39
a 11 34 0 1 32239294107219.504
a 11 35 0 1 182847090625256.1
a 11 36 0 1 107393415215591.05
a 11 37 0 1 74090654804190.19
a 11 38 0 1 91844649964389.17
a 11 39 0 1 144670977921592.0
a 11 40 0 1 141759563971781.22
a 11 41 0 1 180455862015208.9
a 11 42 0 1 227928149992947.94
a 11 43 0 1 129648866041086.75
a 11 44 0 1 58229133225161.71
a 11 45 0 1 17842676045914.42
a 11 46 0 1 157978530119433.5
a 11 47 0 1 219736097843676.4
a 11 48 0 1 25923799139088.004
a 11 49 0 1 56296398663133.06
a 11 50 0 1 108327958540959.97
a 11 51 0 1 116160197499193.4
a 11 52 0 1 106142448451561.8
a 11 53 0 1 18968678077072.848
a 11 54 0 1 196481957981090.1
a 11 55 0 1 44711037553913.766
a 11 56 0 1 84249819604889.22
a 11 57 0 1 131136286495410.0
a 11 58 0 1 160516254976825.3
a 11 59 0 1 63189477879187.375
a 11 60 0 1 7834131892527.759
a 11 61 0 1 33227049344990.285
a 11 62 0 1 13748926034178.691
a 11 63 0 1 200928339656234.56
a 11 64 0 1 190006770106966.25
a 11 65 0 1 9875451057284.658
a 11 66 0 1 85676290445039.78
a 11 67 0 1 32211187695077.656
a 11 68 0 1 226376669539227.75
a 11 69 0 1 67232113988763.875
a 11 70 0 1 216393224858060.78
a 11 71 0 1 215352796456982.78
a 11 72 0 1 56076915692162.42
a 11 73 0 1 28373658704457.14
a 11 74 0 1 113235797438125.72
a 11 75 0 1 168025423654161.22
a 11 76 0 1 61732558582242.164
a 11 77 0 1 93923666963055.72
a 11 78 0 1 44031446313412.74
a 11 79 0 1 117924555497101.83
a 11 80 0 1 63445598703547.68
a 11 81 0 1 41852805966377.87
a 12 15 0 1 73887703695665.98
a 12 16 0 1 30860151541093.77
a 12 17 0 1 141387551009695.66
a 12 18 0 1 126999002980079.47
a 12 19 0 1 24115992069961.996
a 12 20 0 1 22239899748590.727
a 12 21 0 1 70615467653692.1
a 12 22 0 1 74692073255738.83
a 12 23 0 1 27396261513393.754
a 12 24 0 1 139407884386552.45
a 12 25 0 1 114824294213973.83
a 12 26 0 1 109862316678383.66
a 12 27 0 1 60077484311830.15
a 12 28 0 1 5481186275180.805
a 12 29 0 1 122071717416320.6
a 12 30 0 1 142193621428638.2
a 12 31 0 1 40912665639298.305
a 12 32 0 1 54617165795174.92
a 12 33 0 1 96290775026529.0
a 12 34 0 1 22575691231152.938
a 12 35 0 1 127370525746333.44
a 12 36 0 1 75007071250620.0
a 12 37 0 1 51807204247238.2
a 12 38 0 1 64181974671733.8
a 12 39 0 1 100911804663565.77
a 12 40 0 1 98891063057766.11
a 12 41 0 1 125715333471383.42
a 12 42 0 1 158522762768962.53
a 12 43 0 1 90480876596131.64
a 12 44 0 1 40738558875268.52
a 12 45 0 1 12500611180015.516
a 12 46 0 1 110142974353664.56
a 12 47 0 1 152869263566045.5
a 12 48 0 1 18157198883593.527
a 12 49 0 1 39389004086154.07
a 12 50 0 1 75657327891312.58
a 12 51 0 1 81105337806865.31
a 12 52 0 1 74136580089065.4
a 12 53 0 1 13288974283444.648
a 12 54 0 1 136803126327956.3
a 12 55 0 1 31295591074397.035
a 12 56 0 1 58890153085876.35
a 12 57 0 1 91514190922259.56
a 12 58 0 1 111902356856345.81
a 12 59 0 1 44201348713614.71
a 12 60 0 1 5490500451855.081
a 12 61 0 1 23266577151701.105
a 12 62 0 1 9633881943269.953
a 12 63 0 1 139877158817062.05
a 12 64 0 1 132324729685949.39
a 12 65 0 1 6920659039104.327
a 12 66 0 1 59884283864584.09
a 12 67 0 1 22556031495376.652
a 12 68 0 1 157452308726295.38
a 12 69 0 1 47022607869395.266
a 12 70 0 1 150561330820028.22
a 12 71 0 1 149842902713905.5
a 12 72 0 1 39235736045353.88
a 12 73 0 1 19871416504167.48
a 12 74 0 1 79071510680154.75
a 12 75 0 1 117106550570729.38
a 12 76 0 1 43184405068310.48
a 12 77 0 1 65630074270960.12
a 12 78 0 1 30820633668334.67
a 12 79 0 1 82332190880073.22
a 12 80 0 1 44380112858010.13
a 12 81 0 1 29297859640521.688
a 13 15 0 1 73569804728510.56
a 13 16 0 1 30728031533807.742
a 13 17 0 1 140774491978545.34
a 13 18 0 1 126449245095384.98
a 13 19 0 1 24012825367109.746
a 13 20 0 1 22144779328841.855
a 13 21 0 1 70311761612320.47
a 13 22 0 1 74370683802815.66
a 13 23 0 1 27279017900338.973
a 13 24 0 1 138803547116490.72
a 13 25 0 1 114327935043729.48
a 13 26 0 1 109387678208144.0
a 13 27 0 1 59819413200842.62
a 13 28 0 1 5457788169447.496
a 13 29 0 1 121543588739626.53
a 13 30 0 1 141577009981803.75
a 13 31 0 1 40737306071210.97
a 13 32 0 1 54382697364853.05
a 13 33 0 1 95875418950478.14
a 13 34 0 1 22479130905571.242
a 13 35 0 1 126819136004745.56
a 13 36 0 1 74684314718234.89
a 13 37 0 1 51584870599016.914
a 13 38 0 1 63906142097017.9
a 13 39 0 1 100476283989027.11
a 13 40 0 1 98464362839250.95
a 13 41 0 1 125171212838946.47
a 13 42 0 1 157834045990908.7
a 13 43 0 1 90090842642548.9
a 13 44 0 1 40563949052781.11
a 13 45 0 1 12447205558130.5
a 13 46 0 1 109667107983755.81
a 13 47 0 1 152205541754818.03
a 13 48 0 1 18079576608962.29
a 13 49 0 1 39220204756227.06
a 13 50 0 1 75331748957267.5
a 13 51 0 1 80756095560848.55
a 13 52 0 1 73817601215064.39
a 13 53 0 1 13232195450772.17
a 13 54 0 1 136210258738028.31
a 13 55 0 1 31161600145649.59
a 13 56 0 1 58637216827020.5
a 13 57 0 1 91119655790589.94
a 13 58 0 1 111418791247710.33
a 13 59 0 1 44011821662231.36
a 13 60 0 1 5467062560702.527
a 13 61 0 1 23167053892844.87
a 13 62 0 1 9592737208672.146
a 13 63 0 1 139270754435867.36
a 13 64 0 1 131751566072722.44
a 13 65 0 1 6891111230706.056
a 13 66 0 1 59627048382915.97
a 13 67 0 1 22459555475668.71
a 13 68 0 1 156768327072342.72
a 13 69 0 1 46820918458254.586
a 13 70 0 1 149907803417503.62
a 13 71 0 1 149192547591662.72
a 13 72 0 1 39067596495532.22
a 13 73 0 1 19786449218064.9
a 13 74 0 1 78731105775256.84
a 13 75 0 1 116600192688557.23
a 13 76 0 1 42999260100553.15
a 13 77 0 1 65347971309032.04
a 13 78 0 1 30688683445382.59
a 13 79 0 1 81977615746073.67
a 13 80 0 1 44189815393425.766
a 13 81 0 1 29172450682502.816
a 14 15 0 1 125098099197693.92
a 14 16 0 1 52069647734191.0
a 14 17 0 1 240695496609744.5
a 14 18 0 1 215946525249976.28
a 14 19 0 1 40668629127149.29
a 14 20 0 1 37499261646594.32
a 14 21 0 1 119526517866432.97
a 14 22 0 1 126468137619545.02
a 14 23 0 1 46212405921186.055
a 14 24 0 1 237286871819875.72
a 14 25 0 1 195051406958379.75
a 14 26 0 1 186547311015547.12
a 14 27 0 1 101603672168567.77
a 14 28 0 1 9229745681438.217
a 14 29 0 1 207484905192745.1
a 14 30 0 1 242083724236232.72
a 14 31 0 1 69086195580348.086
a 14 32 0 1 92328806836111.89
a 14 33 0 1 163323017965695.9
a 14 34 0 1 38066460024508.15
a 14 35 0 1 216584820070242.7
a 14 36 0 1 127004705005979.94
a 14 37 0 1 87558994064039.38
a 14 38 0 1 108580905764398.1
a 14 39 0 1 171224958956997.62
a 14 40 0 1 167768764920094.38
a 14 41 0 1 213741418084074.9
a 14 42 0 1 270246231680996.94
a 14 43 0 1 153396574514900.94
a 14 44 0 1 68791241266585.21
a 14 45 0 1 21061379211073.043
a 14 46 0 1 187028131795847.38
a 14 47 0 1 260487078458632.1
a 14 48 0 1 30605429438620.797
a 14 49 0 1 66505238449964.67
a 14 50 0 1 128112438354470.12
a 14 51 0 1 137397889644360.12
a 14 52 0 1 125521977603188.47
a 14 53 0 1 22391028875719.41
a 14 54 0 1 232803661105237.94
a 14 55 0 1 52806179797476.625
a 14 56 0 1 99586184931896.39
a 14 57 0 1 155161345639414.06
a 14 58 0 1 190042798751867.75
a 14 59 0 1 74659097061010.16
a 14 60 0 1 9245436566609.361
a 14 61 0 1 39233557223703.88
a 14 62 0 1 16227762699650.785
a 14 63 0 1 238094775374596.38
a 14 64 0 1 225100142903063.9
a 14 65 0 1 11654989413164.953
a 14 66 0 1 101275363924249.95
a 14 67 0 1 38033251171642.41
a 14 68 0 1 268397689926107.03
a 14 69 0 1 79442254045819.7
a 14 70 0 1 256505740466519.97
a 14 71 0 1 255266717026682.7
a 14 72 0 1 66245649793211.42
a 14 73 0 1 33499422992689.074
a 14 74 0 1 133930525896414.25
a 14 75 0 1 198965187782723.2
a 14 76 0 1 72935502459534.7
a 14 77 0 1 111043636055000.14
a 14 78 0 1 52002807041819.17
a 14 79 0 1 139490039892784.7
a 14 80 0 1 74962109320376.97
a 14 81 0 1 49427501007659.79
a 15 1 0 2 0
a 16 1 0 2 0
a 17 1 0 2 0
a 18 1 0 2 0
a 19 1 0 2 0
a 20 1 0 2 0
a 21 1 0 2 0
a 22 1 0 2 0
a 23 1 0 2 0
a 24 1 0 2 0
a 25 1 0 2 0
a 26 1 0 2 0
a 27 1 0 2 0
a 28 1 0 2 0
a 29 1 0 2 0
a 30 1 0 2 0
a 31 1 0 2 0
a 32 1 0 2 0
a 33 1 0 2 0
a 34 1 0 2 0
a 35 1 0 2 0
a 36 1 0 2 0
a 37 1 0 2 0
a 38 1 0 2 0
a 39 1 0 2 0
a 40 1 0 2 0
a 41 1 0 2 0
a 42 1 0 2 0
a 43 1 0 2 0
a 44 1 0 2 0
a 45 1 0 2 0
a 46 1 0 2 0
a 47 1 0 2 0
a 48 1 0 2 0
a 49 1 0 2 0
a 50 1 0 2 0
a 51 1 0 2 0
a 52 1 0 2 0
a 53 1 0 2 0
a 54 1 0 2 0
a 55 1 0 2 0
a 56 1 0 2 0
a 57 1 0 2 0
a 58 1 0 2 0
a 59 1 0 2 0
a 60 1 0 2 0
a 61 1 0 2 0
a 62 1 0 2 0
a 63 1 0 2 0
a 64 1 0 2 0
a 65 1 0 2 0
a 66 1 0 2 0
a 67 1 0 2 0
a 68 1 0 2 0
a 69 1 0 2 0
a 70 1 0 2 0
a 71 1 0 2 0
a 72 1 0 2 0
a 73 1 0 2 0
a 74 1 0 2 0
a 75 1 0 2 0
a 76 1 0 2 0
a 77 1 0 2 0
a 78 1 0 2 0
a 79 1 0 2 0
a 80 1 0 2 0
a 81 1 0 2 0
