p min 81 937
n 0 13
n 1 -13
a 0 2 0 1 0
a 0 3 0 1 0
a 0 4 0 1 0
a 0 5 0 1 0
a 0 6 0 1 0
a 0 7 0 1 0
a 0 8 0 1 0
a 0 9 0 1 0
a 0 10 0 1 0
a 0 11 0 1 0
a 0 12 0 1 0
a 0 13 0 1 0
a 0 14 0 1 0
a 2 15 0 1 476294648162203.4
a 2 16 0 1 400886451126360.75
a 2 17 0 1 312374749449503.44
a 2 18 0 1 327895810518581.9
a 2 19 0 1 144198684736568.5
a 2 20 0 1 610380472890624.6
a 2 21 0 1 59438657939464.21
a 2 22 0 1 281955135323248.1
a 2 23 0 1 294678333552577.4
a 2 24 0 1 118705292110320.33
a 2 25 0 1 410797442509153.8
a 2 26 0 1 490012010674861.94
a 2 27 0 1 274448108207927.03
a 2 28 0 1 129875288833020.1
a 2 29 0 1 7284535743698.413
a 2 30 0 1 496157828618725.4
a 2 31 0 1 628892242501759.0
a 2 32 0 1 110595746374237.16
a 2 33 0 1 11955616713036.328
a 2 34 0 1 100320000929727.8
a 2 35 0 1 387645440536051.8
a 2 36 0 1 445232555010620.9
a 2 37 0 1 326362133848730.0
a 2 38 0 1 305709318605312.44
a 2 39 0 1 59154487577368.41
a 2 40 0 1 293584498127964.6
a 2 41 0 1 258238122516085.47
a 2 42 0 1 87655974874236.98
a 2 43 0 1 18470523829957.566
a 2 44 0 1 701778733178597.0
a 2 45 0 1 323376518882364.56
a 2 46 0 1 383719503660826.44
a 2 47 0 1 633637477962245.9
a 2 48 0 1 540450457345885.0
a 2 49 0 1 364376118641270.06
a 2 50 0 1 575962060585773.1
a 2 51 0 1 640380410877141.6
a 2 52 0 1 265354063325353.1
a 2 53 0 1 94920173292263.42
a 2 54 0 1 304461381567317.56
a 2 55 0 1 342146213175678.3
a 2 56 0 1 174877254361273.53
a 2 57 0 1 628389826544978.9
a 2 58 0 1 86142291312976.17
a 2 59 0 1 233369771095897.38
a 2 60 0 1 397206319693712.0
a 2 61 0 1 107793959430759.72
a 2 62 0 1 186363231561977.88
a 2 63 0 1 146036704932414.2
a 2 64 0 1 299381005943029.2
a 2 65 0 1 686020716232915.1
a 2 66 0 1 656111042318226.4
a 2 67 0 1 243792098395331.75
a 2 68 0 1 694414935463366.6
a 2 69 0 1 223633865060887.84
a 2 70 0 1 40319850314647.664
a 2 71 0 1 278323770943033.88
a 2 72 0 1 88057257690805.2
a 2 73 0 1 153498112960409.56
a 2 74 0 1 622871287840051.1
a 2 75 0 1 406851393503447.25
a 2 76 0 1 309698902999084.8
a 2 77 0 1 244170035171659.03
a 2 78 0 1 100602151185959.89
a 2 79 0 1 143868520701274.66
a 2 80 0 1 423414004636386.2
a 3 15 0 1 220267781226657.3
a 3 16 0 1 186258636625910.38
a 3 17 0 1 145925838807482.44
a 3 18 0 1 153030795478357.62
a 3 19 0 1 68057388332058.234
a 3 20 0 1 279940925108266.16
a 3 21 0 1 28197793001521.19
a 3 22 0 1 131960940234371.44
a 3 23 0 1 137808285573018.94
a 3 24 0 1 56112091775986.875
a 3 25 0 1 190747008173616.1
a 3 26 0 1 226419483806529.12
a 3 27 0 1 128506507208852.39
a 3 28 0 1 61350541514654.13
a 3 29 0 1 3466702438927.2646
a 3 30 0 1 229172167754646.47
a 3 31 0 1 288099082990549.7
a 3 32 0 1 52304434151969.49
a 3 33 0 1 5688061081602.439
a 3 34 0 1 47474267630034.33
a 3 35 0 1 180253459572820.84
a 3 36 0 1 206298021842316.84
a 3 37 0 1 152329349123622.1
a 3 38 0 1 142870429409051.1
a 3 39 0 1 28063464637357.703
a 3 40 0 1 137305942874083.25
a 3 41 0 1 121036324918111.98
a 3 42 0 1 41513145403338.33
a 3 43 0 1 8784169099150.54
a 3 44 0 1 320031344050429.0
a 3 45 0 1 150963454948110.88
a 3 46 0 1 178471011690983.1
a 3 47 0 1 290187182308320.0
a 3 48 0 1 248947056537536.25
a 3 49 0 1 169675909990837.84
a 3 50 0 1 264720974081049.25
a 3 51 0 1 293152153555298.44
a 3 52 0 1 124317474167198.23
a 3 53 0 1 44933623457339.64
a 3 54 0 1 142298097306298.34
a 3 55 0 1 159541970460645.28
a 3 56 0 1 82382881082201.48
a 3 57 0 1 287877924452221.75
a 3 58 0 1 40800019222713.56
a 3 59 0 1 109546808127121.02
a 3 60 0 1 184590595698210.28
a 3 61 0 1 50988040464399.914
a 3 62 0 1 87732432055018.05
a 3 63 0 1 68917179105074.39
a 3 64 0 1 139967203282020.48
a 3 65 0 1 313153116391337.1
a 3 66 0 1 300059128469365.3
a 3 67 0 1 114366373713627.42
a 3 68 0 1 316818865336636.94
a 3 69 0 1 105039044907884.69
a 3 70 0 1 19149928756061.977
a 3 71 0 1 130290334386318.97
a 3 72 0 1 41702175609198.984
a 3 73 0 1 72405494657752.33
a 3 74 0 1 285447775547338.94
a 3 75 0 1 188960640024955.62
a 3 76 0 1 144699545607209.47
a 3 77 0 1 114541025067826.89
a 3 78 0 1 47606974664163.734
a 3 79 0 1 67902923378227.56
a 3 80 0 1 196452539533717.0
a 4 15 0 1 464579039103437.7
a 4 16 0 1 391110169729322.94
a 4 17 0 1 304833316608722.8
a 4 18 0 1 319965686833071.94
a 4 19 0 1 140783115327131.44
a 4 20 0 1 595134426551347.1
a 4 21 0 1 58044161809874.6
a 4 22 0 1 275171577436923.22
a 4 23 0 1 287578419232506.2
a 4 24 0 1 115901657595625.58
a 4 25 0 1 400768141706731.2
a 4 26 0 1 477940082210695.8
a 4 27 0 1 267850785568574.06
a 4 28 0 1 126803964921613.64
a 4 29 0 1 7114633003339.045
a 4 30 0 1 483925901714286.1
a 4 31 0 1 613150397639258.4
a 4 32 0 1 107986036813828.08
a 4 33 0 1 11676620265113.07
a 4 34 0 1 97955509873117.47
a 4 35 0 1 378206314327714.9
a 4 36 0 1 434319768026879.1
a 4 37 0 1 318470478051329.7
a 4 38 0 1 298334391568820.75
a 4 39 0 1 57766702831133.9
a 4 40 0 1 286511817042013.25
a 4 41 0 1 252041869932793.4
a 4 42 0 1 85592917717962.31
a 4 43 0 1 18039179373519.082
a 4 44 0 1 684064667178054.6
a 4 45 0 1 315559710712608.7
a 4 46 0 1 374380150990527.44
a 4 47 0 1 617768210505840.2
a 4 48 0 1 527058884803376.4
a 4 49 0 1 355527076160645.0
a 4 50 0 1 561632388822924.56
a 4 51 0 1 624329843961916.8
a 4 52 0 1 258981926760724.22
a 4 53 0 1 92684315899310.11
a 4 54 0 1 297117600940963.06
a 4 55 0 1 333858025012204.75
a 4 56 0 1 170720624018884.53
a 4 57 0 1 612661464999321.1
a 4 58 0 1 84115206044104.36
a 4 59 0 1 227785984116918.4
a 4 60 0 1 387523845840654.56
a 4 61 0 1 105251167368769.97
a 4 62 0 1 181927833025453.53
a 4 63 0 1 142576880659578.6
a 4 64 0 1 292163932911603.5
a 4 65 0 1 668735775953130.2
a 4 66 0 1 639636454339892.9
a 4 67 0 1 237952043383323.7
a 4 68 0 1 676901590520701.4
a 4 69 0 1 218288926809824.84
a 4 70 0 1 39375937267025.945
a 4 71 0 1 271630339588751.25
a 4 72 0 1 85984662208461.9
a 4 73 0 1 149858449085706.22
a 4 74 0 1 607290927231130.6
a 4 75 0 1 396922899485967.06
a 4 76 0 1 302224344081308.94
a 4 77 0 1 238320676035155.62
a 4 78 0 1 98230934506748.28
a 4 79 0 1 140460898867793.1
a 4 80 0 1 413061798363428.2
a 5 15 0 1 341387694603266.3
a 5 16 0 1 288048588431713.25
a 5 17 0 1 225096478714893.4
a 5 18 0 1 236162273763562.0
a 5 19 0 1 104471080925837.78
a 5 20 0 1 435558624689901.94
a 5 21 0 1 43178672677164.51
a 5 22 0 1 203375822189646.28
a 5 23 0 1 212465918289503.34
a 5 24 0 1 86070924033727.38
a 5 25 0 1 295074469517178.56
a 5 26 0 1 351061325579912.8
a 5 27 0 1 198008857053511.84
a 5 28 0 1 94136699842927.89
a 5 29 0 1 5300470120442.307
a 5 30 0 1 355392499266910.75
a 5 31 0 1 448491606658540.75
a 5 32 0 1 80211467773803.44
a 5 33 0 1 8698029174248.087
a 5 34 0 1 72782491223650.92
a 5 35 0 1 278654784703639.94
a 5 36 0 1 319449122694788.75
a 5 37 0 1 235069339133241.9
a 5 38 0 1 220340853704948.8
a 5 39 0 1 42972624688437.586
a 5 40 0 1 211684725786569.5
a 5 41 0 1 186410909975052.78
a 5 42 0 1 63620183053221.78
a 5 43 0 1 13435049910286.492
a 5 44 0 1 499250825450150.5
a 5 45 0 1 232941400501644.53
a 5 46 0 1 275867939155515.4
a 5 47 0 1 451804121020914.5
a 5 48 0 1 386553470268120.06
a 5 49 0 1 262126276743057.53
a 5 50 0 1 411468594835680.7
a 5 51 0 1 456509291124046.94
a 5 52 0 1 191503751540260.72
a 5 53 0 1 68876668288153.86
a 5 54 0 1 219450248176541.94
a 5 55 0 1 246312145239880.6
a 5 56 0 1 126573798767363.19
a 5 57 0 1 448140820350494.6
a 5 58 0 1 62524552561353.055
a 5 59 0 1 168594145700097.34
a 5 60 0 1 285438562956863.3
a 5 61 0 1 78186364347816.92
a 5 62 0 1 134837759709651.69
a 5 63 0 1 105796531638825.48
a 5 64 0 1 215823819743678.12
a 5 65 0 1 488298637745406.2
a 5 66 0 1 467477424738407.6
a 5 67 0 1 176064673685733.0
a 5 68 0 1 494134323521884.06
a 5 69 0 1 161611046894336.94
a 5 70 0 1 29307631831812.754
a 5 71 0 1 200779997418161.28
a 5 72 0 1 63910620849665.266
a 5 73 0 1 111175566651000.27
a 5 74 0 1 444286976328534.56
a 5 75 0 1 292277682860043.56
a 5 76 0 1 223187577724056.9
a 5 77 0 1 176335476233901.06
a 5 78 0 1 72986540230058.38
a 5 79 0 1 104232973303824.72
a 5 80 0 1 304011567668094.56
a 6 15 0 1 503163119065524.6
a 6 16 0 1 423290771322976.9
a 6 17 0 1 329642809409090.25
a 6 18 0 1 346056556564621.06
a 6 19 0 1 152007294400958.75
a 6 20 0 1 645392610649192.2
a 6 21 0 1 62624290992669.95
a 6 22 0 1 297483380347952.6
a 6 23 0 1 310932700270896.8
a 6 24 0 1 125113423256326.84
a 6 25 0 1 433783816442000.6
a 6 26 0 1 517701411682429.1
a 6 27 0 1 289548975573754.1
a 6 28 0 1 136895975973875.38
a 6 29 0 1 7672487491926.505
a 6 30 0 1 524215925055452.56
a 6 31 0 1 665049794410233.5
a 6 32 0 1 116560194885961.22
a 6 33 0 1 12592696629656.086
a 6 34 0 1 105723505085450.11
a 6 35 0 1 409274332310771.8
a 6 36 0 1 470252206189091.94
a 6 37 0 1 344434520948748.4
a 6 38 0 1 322595053895206.8
a 6 39 0 1 62324780876616.36
a 6 40 0 1 309776350513922.2
a 6 41 0 1 272418808522071.62
a 6 42 0 1 92370082984754.53
a 6 43 0 1 19455542529839.375
a 6 44 0 1 742496881176617.4
a 6 45 0 1 341276991864653.9
a 6 46 0 1 405118962822537.7
a 6 47 0 1 670089476720144.6
a 6 48 0 1 571182147392168.1
a 6 49 0 1 384648345673473.3
a 6 50 0 1 608858290885061.0
a 6 51 0 1 677251403907101.5
a 6 52 0 1 279938248261626.3
a 6 53 0 1 100029465887641.66
a 6 54 0 1 321275604948739.06
a 6 55 0 1 361129540449874.6
a 6 56 0 1 184382730494839.72
a 6 57 0 1 664516223013760.2
a 6 58 0 1 90774140226183.03
a 6 59 0 1 246145807573884.6
a 6 60 0 1 419394870525094.8
a 6 61 0 1 113605321916229.58
a 6 62 0 1 196507272143708.53
a 6 63 0 1 153946621756070.75
a 6 64 0 1 315904327125322.3
a 6 65 0 1 725745962878710.5
a 6 66 0 1 693962200442029.2
a 6 67 0 1 257155789352451.6
a 6 68 0 1 734668619163916.5
a 6 69 0 1 235862294491068.78
a 6 70 0 1 42475789049299.78
a 6 71 0 1 293645183635250.6
a 6 72 0 1 92793178072372.53
a 6 73 0 1 161819749174749.03
a 6 74 0 1 658655724647058.5
a 6 75 0 1 429605854949755.56
a 6 76 0 1 326813403643917.7
a 6 77 0 1 257555063792021.1
a 6 78 0 1 106021039007454.03
a 6 79 0 1 151658937327310.34
a 6 80 0 1 447143362979556.94
a 7 15 0 1 510074483054825.2
a 7 16 0 1 429050096221933.7
a 7 17 0 1 334078489108942.1
a 7 18 0 1 350722145515343.44
a 7 19 0 1 154010361642443.66
a 7 20 0 1 654409408837652.2
a 7 21 0 1 63440924221299.18
a 7 22 0 1 301471145445607.94
a 7 23 0 1 315107377651149.2
a 7 24 0 1 126756906137765.61
a 7 25 0 1 439693264339729.5
a 7 26 0 1 524824790867551.5
a 7 27 0 1 293426746993400.0
a 7 28 0 1 138696719706918.64
a 7 29 0 1 7771898220700.125
a 7 30 0 1 531434540735730.44
a 7 31 0 1 674363122649450.9
a 7 32 0 1 118089789000739.66
a 7 33 0 1 12755951109564.357
a 7 34 0 1 107109131483262.52
a 7 35 0 1 414833698425755.06
a 7 36 0 1 476686274587197.94
a 7 37 0 1 349077350605761.44
a 7 38 0 1 326932284929566.1
a 7 39 0 1 63137479974102.21
a 7 40 0 1 313934934422223.94
a 7 41 0 1 276059800155485.2
a 7 42 0 1 93578806234152.3
a 7 43 0 1 19707970528821.438
a 7 44 0 1 752991854371318.5
a 7 45 0 1 345875541947988.4
a 7 46 0 1 410619174037614.2
a 7 47 0 1 679479048614871.5
a 7 48 0 1 579091674655163.9
a 7 49 0 1 389857978298140.3
a 7 50 0 1 617327572119159.8
a 7 51 0 1 686749480812535.9
a 7 52 0 1 283683059912510.7
a 7 53 0 1 101339591523095.25
a 7 54 0 1 325594422864736.94
a 7 55 0 1 366007035925254.6
a 7 56 0 1 186821677444584.97
a 7 57 0 1 673821484287697.9
a 7 58 0 1 91961757629906.11
a 7 59 0 1 249425478356104.0
a 7 60 0 1 425098550730647.1
a 7 61 0 1 115095623816041.72
a 7 62 0 1 199110304700060.72
a 7 63 0 1 155975706095238.16
a 7 64 0 1 320148246528471.8
a 7 65 0 1 735983543461747.0
a 7 66 0 1 703714157656515.6
a 7 67 0 1 260586605814324.12
a 7 68 0 1 745043178747528.4
a 7 69 0 1 239001142998797.5
a 7 70 0 1 43028379050070.05
a 7 71 0 1 297579714842838.7
a 7 72 0 1 94007497940421.67
a 7 73 0 1 163954576670564.56
a 7 74 0 1 667872448331064.6
a 7 75 0 1 435455485065692.0
a 7 76 0 1 331209540485295.44
a 7 77 0 1 260991368819056.75
a 7 78 0 1 107410613348427.34
a 7 79 0 1 153657332422472.4
a 7 80 0 1 453244477809900.25
a 8 15 0 1 292369950464381.4
a 8 16 0 1 246908369035382.84
a 8 17 0 1 193147926298736.06
a 8 18 0 1 202606232748261.97
a 8 19 0 1 89819826810426.61
a 8 20 0 1 372430372552536.44
a 8 21 0 1 37159920050138.26
a 8 22 0 1 174572387186009.34
a 8 23 0 1 182347888146611.78
a 8 24 0 1 74022173888107.53
a 8 25 0 1 252901325136596.88
a 8 26 0 1 300606054937670.75
a 8 27 0 1 169980479509756.5
a 8 28 0 1 80948297879884.06
a 8 29 0 1 4564398466856.958
a 8 30 0 1 304292721069698.9
a 8 31 0 1 383405104865232.56
a 8 32 0 1 68989488920281.164
a 8 33 0 1 7489734464328.995
a 8 34 0 1 62607366904128.2
a 8 35 0 1 238893390179362.34
a 8 36 0 1 273681419483463.56
a 8 37 0 1 201672220683348.9
a 8 38 0 1 189082059023219.44
a 8 39 0 1 36982715894095.5
a 8 40 0 1 181679762913610.56
a 8 41 0 1 160054625553574.94
a 8 42 0 1 54734048593574.42
a 8 43 0 1 11567830722100.324
a 8 44 0 1 426430636726993.1
a 8 45 0 1 199853605505581.53
a 8 46 0 1 236515109281932.84
a 8 47 0 1 386215257836311.6
a 8 48 0 1 330800574629507.06
a 8 49 0 1 224784770252384.78
a 8 50 0 1 351974766729761.75
a 8 51 0 1 390206303520301.5
a 8 52 0 1 164413695242345.03
a 8 53 0 1 59251316397315.78
a 8 54 0 1 188320555496022.7
a 8 55 0 1 211278587733375.2
a 8 56 0 1 108783815961744.0
a 8 57 0 1 383107498237224.1
a 8 58 0 1 53792399369150.484
a 8 59 0 1 144799095374070.56
a 8 60 0 1 244681699072672.9
a 8 61 0 1 67249905562134.305
a 8 62 0 1 115870717170701.17
a 8 63 0 1 90957441059326.89
a 8 64 0 1 185219579712884.34
a 8 65 0 1 417153614288285.1
a 8 66 0 1 399507205367104.75
a 8 67 0 1 151196799063636.47
a 8 68 0 1 422097162295118.0
a 8 69 0 1 138817394092888.3
a 8 70 0 1 25228005448350.797
a 8 71 0 1 172351534580215.38
a 8 72 0 1 54983662303578.91
a 8 73 0 1 95573680065268.33
a 8 74 0 1 379837662302839.44
a 8 75 0 1 250515884843683.0
a 8 76 0 1 191515970645286.9
a 8 77 0 1 151428682629357.7
a 8 78 0 1 62782682879426.23
a 8 79 0 1 89615457435784.7
a 8 80 0 1 260522455533137.84
a 9 15 0 1 86550986380942.83
a 9 16 0 1 73361330342768.03
a 9 17 0 1 57637154314697.74
a 9 18 0 1 60413564971778.25
a 9 19 0 1 27026824264193.746
a 9 20 0 1 109541227578095.73
a 9 21 0 1 11228838508849.865
a 9 22 0 1 52172010596033.08
a 9 23 0 1 54461662794986.99
a 9 24 0 1 22301598944450.805
a 9 25 0 1 75105663387734.94
a 9 26 0 1 88930030918245.89
a 9 27 0 1 50818472567104.69
a 9 28 0 1 24374750314587.49
a 9 29 0 1 1382865390652.2993
a 9 30 0 1 89993905651136.52
a 9 31 0 1 112669238111693.8
a 9 32 0 1 20793744685484.94
a 9 33 0 1 2268615154950.2324
a 9 34 0 1 18879822003516.01
a 9 35 0 1 71025791358878.48
a 9 36 0 1 81140791520711.66
a 9 37 0 1 60139583220764.96
a 9 38 0 1 56442338113871.375
a 9 39 0 1 11175450662575.92
a 9 40 0 1 54265033491018.37
a 9 41 0 1 47889218701168.25
a 9 42 0 1 16515993314497.865
a 9 43 0 1 3502710147739.461
a 9 44 0 1 124877922501809.69
a 9 45 0 1 59605993791971.1
a 9 46 0 1 70332180248064.414
a 9 47 0 1 113469277356579.52
a 9 48 0 1 97624473360498.23
a 9 49 0 1 66907160551996.47
a 9 50 0 1 103695888229282.12
a 9 51 0 1 114604875719780.05
a 9 52 0 1 49176220340106.36
a 9 53 0 1 17872592126167.28
a 9 54 0 1 56218471028637.945
a 9 55 0 1 62955513431527.195
a 9 56 0 1 32683232533065.395
a 9 57 0 1 112584489016413.48
a 9 58 0 1 16233078492916.21
a 9 59 0 1 43377899112834.0
a 9 60 0 1 72712792275550.62
a 9 61 0 1 20272259479226.402
a 9 62 0 1 34792603203190.58
a 9 63 0 1 27366630425198.715
a 9 64 0 1 55306558792727.37
a 9 65 0 1 122252849264999.92
a 9 66 0 1 117248425801116.53
a 9 67 0 1 45271167709988.38
a 9 68 0 1 123652201051047.19
a 9 69 0 1 41605961054452.84
a 9 70 0 1 7630605761412.755
a 9 71 0 1 51517504892646.93
a 9 72 0 1 16590981580924.432
a 9 73 0 1 28744863725188.49
a 9 74 0 1 111653068056390.6
a 9 75 0 1 74411552316997.36
a 9 76 0 1 57157674512738.05
a 9 77 0 1 45339752001582.09
a 9 78 0 1 18932423489987.992
a 9 79 0 1 26965772376464.234
a 9 80 0 1 77321435155718.73
a 10 15 0 1 541234865422446.25
a 10 16 0 1 454997422215073.0
a 10 17 0 1 354045647698270.06
a 10 18 0 1 371727301910235.3
a 10 19 0 1 163013254120409.34
a 10 20 0 1 695116808248110.1
a 10 21 0 1 67108571478022.22
a 10 22 0 1 319416922254293.1
a 10 23 0 1 333896526151888.1
a 10 24 0 1 134141946479823.61
a 10 25 0 1 466319474463532.7
a 10 26 0 1 556945389560693.5
a 10 27 0 1 310876312012082.75
a 10 28 0 1 146789221893327.16
a 10 29 0 1 8218167356880.513
a 10 30 0 1 563986549664669.6
a 10 31 0 1 716417187145812.6
a 10 32 0 1 124962571347683.58
a 10 33 0 1 13488853647971.152
a 10 34 0 1 113334470002145.52
a 10 35 0 1 439876974811924.4
a 10 36 0 1 505685934411416.44
a 10 37 0 1 369979739477516.25
a 10 38 0 1 346455058626171.75
a 10 39 0 1 66787449256814.33
a 10 40 0 1 332651459284229.25
a 10 41 0 1 292441421293987.4
a 10 42 0 1 99008747010649.94
a 10 43 0 1 20841265914324.176
a 10 44 0 1 800417321175085.8
a 10 45 0 1 366577998938293.0
a 10 46 0 1 435395044532661.44
a 10 47 0 1 721879449312691.6
a 10 48 0 1 614774999959401.4
a 10 49 0 1 413320599007275.4
a 10 50 0 1 655549809765683.1
a 10 51 0 1 729642822774304.9
a 10 52 0 1 300532899229862.1
a 10 53 0 1 107225439253821.6
a 10 54 0 1 345034088226652.2
a 10 55 0 1 387969179584425.9
a 10 56 0 1 197786680388560.12
a 10 57 0 1 715838906629490.1
a 10 58 0 1 97296813499471.95
a 10 59 0 1 264178058264339.44
a 10 60 0 1 450794273983222.6
a 10 61 0 1 121791691633181.44
a 10 62 0 1 210814219001742.03
a 10 63 0 1 165095684017816.6
a 10 64 0 1 339249874526052.7
a 10 65 0 1 782238290301170.6
a 10 66 0 1 747761151679663.5
a 10 67 0 1 276020546137300.38
a 10 68 0 1 791920910507465.9
a 10 69 0 1 253119017623328.62
a 10 70 0 1 45509746180720.77
a 10 71 0 1 315285330255943.0
a 10 72 0 1 99462599689852.92
a 10 73 0 1 173550473075220.2
a 10 74 0 1 709487735795468.4
a 10 75 0 1 461811172520417.5
a 10 76 0 1 350998200910806.44
a 10 77 0 1 276450053895025.4
a 10 78 0 1 113653704770462.02
a 10 79 0 1 162639199123269.0
a 10 80 0 1 480737629845065.1
a 11 15 0 1 289936138195177.1
a 11 16 0 1 244863747103539.16
a 11 17 0 1 191558357645523.9
a 11 18 0 1 200937008961801.12
a 11 19 0 1 89089344079543.17
a 11 20 0 1 369301277575231.9
a 11 21 0 1 36859523732188.99
a 11 22 0 1 173138756600002.6
a 11 23 0 1 180849064201066.94
a 11 24 0 1 73421257998390.23
a 11 25 0 1 250805629174079.03
a 11 26 0 1 298101301339954.06
a 11 27 0 1 168585295255022.3
a 11 28 0 1 80290633875725.2
a 11 29 0 1 4527637621838.531
a 11 30 0 1 301756169294496.9
a 11 31 0 1 380179706041366.4
a 11 32 0 1 68429751277497.46
a 11 33 0 1 7429393328960.315
a 11 34 0 1 62099780803087.18
a 11 35 0 1 236916965520927.1
a 11 36 0 1 271408086227159.47
a 11 37 0 1 200010870534353.3
a 11 38 0 1 187526679102375.16
a 11 39 0 1 36683758131575.11
a 11 40 0 1 180186545382368.6
a 11 41 0 1 158742409159887.25
a 11 42 0 1 54290694711644.055
a 11 43 0 1 11474590925831.273
a 11 44 0 1 422825351447497.1
a 11 45 0 1 198207581301855.38
a 11 46 0 1 234558896771950.3
a 11 47 0 1 382965160957890.25
a 11 48 0 1 328034598082500.75
a 11 49 0 1 222928089249185.28
a 11 50 0 1 349024528187940.7
a 11 51 0 1 386921102645532.0
a 11 52 0 1 163065065573962.1
a 11 53 0 1 58771123799607.99
a 11 54 0 1 186771575315700.06
a 11 55 0 1 209536176548235.1
a 11 56 0 1 107897178587573.58
a 11 57 0 1 379884714110266.94
a 11 58 0 1 53356719933629.15
a 11 59 0 1 143614030303540.28
a 11 60 0 1 242656035789463.8
a 11 61 0 1 66704390469950.68
a 11 62 0 1 114925550527988.55
a 11 63 0 1 90217609958180.11
a 11 64 0 1 183696648908794.38
a 11 65 0 1 413630554602529.75
a 11 66 0 1 396140072458394.4
a 11 67 0 1 149958464530069.53
a 11 68 0 1 418530307828684.5
a 11 69 0 1 137682064362609.7
a 11 70 0 1 25024343320425.44
a 11 71 0 1 170936503398602.12
a 11 72 0 1 54538273791772.24
a 11 73 0 1 94795889985775.75
a 11 74 0 1 376643594438816.75
a 11 75 0 1 248440526794727.25
a 11 76 0 1 189940128460430.47
a 11 77 0 1 150188415892366.5
a 11 78 0 1 62273665198136.49
a 11 79 0 1 88886653857434.88
a 11 80 0 1 258361708664819.94
a 12 15 0 1 439789050050398.1
a 12 16 0 1 370409389114395.25
a 12 17 0 1 288851919703695.75
a 12 18 0 1 303162939046860.94
a 12 19 0 1 133534299620228.31
a 12 20 0 1 562914809005974.2
a 12 21 0 1 55082491579487.19
a 12 22 0 1 260792320565968.88
a 12 23 0 1 272530282178709.1
a 12 24 0 1 109950234580453.38
a 12 25 0 1 379533529854009.56
a 12 26 0 1 452399385639851.6
a 12 27 0 1 253865361424656.97
a 12 28 0 1 120284930519199.03
a 12 29 0 1 6753629813051.799
a 12 30 0 1 458048176481081.6
a 12 31 0 1 579888897028276.8
a 12 32 0 1 102445882493752.0
a 12 33 0 1 11083841979091.121
a 12 34 0 1 92935487729350.44
a 12 35 0 1 358217028586362.1
a 12 36 0 1 411221897157255.6
a 12 37 0 1 301749007373821.1
a 12 38 0 1 282704911639744.4
a 12 39 0 1 54819279313872.266
a 12 40 0 1 271521253915706.28
a 12 41 0 1 238904769556428.88
a 12 42 0 1 81212391658440.73
a 12 43 0 1 17122760481133.715
a 12 44 0 1 646662342190420.5
a 12 45 0 1 298996388717642.44
a 12 46 0 1 354601449191179.5
a 12 47 0 1 584239000537153.4
a 12 48 0 1 498739576699979.6
a 12 49 0 1 336783451183066.9
a 12 50 0 1 531339434539192.1
a 12 51 0 1 590419773650816.6
a 12 52 0 1 245472775143521.47
a 12 53 0 1 87937174860590.23
a 12 54 0 1 281553954915616.7
a 12 55 0 1 316298846035820.4
a 12 56 0 1 161901412576223.7
a 12 57 0 1 579428293678834.1
a 12 58 0 1 79811004083104.92
a 12 59 0 1 215944812084949.8
a 12 60 0 1 367021009000799.4
a 12 61 0 1 99852942444807.94
a 12 62 0 1 172518095106245.12
a 12 63 0 1 135234260195254.77
a 12 64 0 1 276868122814256.94
a 12 65 0 1 632233936184227.1
a 12 66 0 1 604835824737830.8
a 12 67 0 1 225568559354299.97
a 12 68 0 1 639920427934951.2
a 12 69 0 1 206953294001974.16
a 12 70 0 1 37370903270973.02
a 12 71 0 1 257441667234854.0
a 12 72 0 1 81583898338708.92
a 12 73 0 1 142134662547144.9
a 12 74 0 1 574368733047954.6
a 12 75 0 1 375900962538660.4
a 12 76 0 1 286384282959523.06
a 12 77 0 1 225917504581383.78
a 12 78 0 1 93196645444017.28
a 12 79 0 1 133228929544663.44
a 12 80 0 1 391146047098060.8
a 13 15 0 1 386420179952188.94
a 13 16 0 1 325778003127482.75
a 13 17 0 1 254336690041420.72
a 13 18 0 1 266884631084576.88
a 13 19 0 1 117829191333056.02
a 13 20 0 1 493736704410680.44
a 13 21 0 1 48655777057394.05
a 13 22 0 1 229719201123917.25
a 13 23 0 1 240019624092739.72
a 13 24 0 1 97049932876160.03
a 13 25 0 1 333760031779656.06
a 13 26 0 1 397429265925817.44
a 13 27 0 1 223638982520781.6
a 13 28 0 1 106157195425908.3
a 13 29 0 1 5969522430029.615
a 13 30 0 1 402359460870870.0
a 13 31 0 1 508500557917351.44
a 13 32 0 1 90435247388571.3
a 13 33 0 1 9796422621868.785
a 13 34 0 1 82050397160092.55
a 13 35 0 1 315108544876165.44
a 13 36 0 1 361465476556428.25
a 13 37 0 1 265645118769828.0
a 13 38 0 1 248945413775018.66
a 13 39 0 1 48423446396268.805
a 13 40 0 1 239134304688457.94
a 13 41 0 1 210503109102783.53
a 13 42 0 1 71711728955116.73
a 13 43 0 1 15132680802193.248
a 13 44 0 1 566506052555592.4
a 13 45 0 1 263231914057195.2
a 13 46 0 1 311943855173129.4
a 13 47 0 1 512283014148748.25
a 13 48 0 1 437850249080936.0
a 13 49 0 1 296343100334026.56
a 13 50 0 1 466252887847858.1
a 13 51 0 1 517656404300253.9
a 13 52 0 1 216270705591055.94
a 13 53 0 1 77642758340046.83
a 13 54 0 1 247935854909075.53
a 13 55 0 1 278397741364851.22
a 13 56 0 1 142804839032079.12
a 13 57 0 1 508100029998629.6
a 13 58 0 1 70475616470316.92
a 13 59 0 1 190332823648419.72
a 13 60 0 1 322813228395123.7
a 13 61 0 1 88149394377962.28
a 13 62 0 1 152147207980950.7
a 13 63 0 1 119326460002045.48
a 13 64 0 1 243825349569598.84
a 13 65 0 1 553982154250199.6
a 13 66 0 1 530185427266660.1
a 13 67 0 1 198788847062694.53
a 13 68 0 1 560654734994656.8
a 13 69 0 1 182430263301914.62
a 13 70 0 1 33018535202308.875
a 13 71 0 1 226778274386320.4
a 13 72 0 1 72039413457585.83
a 13 73 0 1 125403386775862.8
a 13 74 0 1 503700011589219.3
a 13 75 0 1 330582421701574.94
a 13 76 0 1 252172544752304.34
a 13 77 0 1 199095409333400.78
a 13 78 0 1 82280676162175.33
a 13 79 0 1 117560224135414.45
a 13 80 0 1 343915916279074.0
a 14 15 0 1 162726828286185.22
a 14 16 0 1 137743086547501.02
a 14 17 0 1 108046712988990.05
a 14 18 0 1 113283250391185.97
a 14 19 0 1 50508435374634.53
a 14 20 0 1 206437994724307.84
a 14 21 0 1 20951602104809.53
a 14 22 0 1 97747658917245.02
a 14 23 0 1 102061109463481.48
a 14 24 0 1 41658075367827.37
a 14 25 0 1 141043299269381.4
a 14 26 0 1 167240432084113.4
a 14 27 0 1 95198688385231.55
a 14 28 0 1 45540058605333.74
a 14 29 0 1 2577722780977.254
a 14 30 0 1 169259569416799.0
a 14 31 0 1 212401425656850.28
a 14 32 0 1 38835628056738.09
a 14 33 0 1 4229172586214.3447
a 14 34 0 1 35254319310404.055
a 14 35 0 1 133326184394071.77
a 14 36 0 1 152470670715915.72
a 14 37 0 1 112766366468471.02
a 14 38 0 1 105794104433503.03
a 14 39 0 1 20851875984334.21
a 14 40 0 1 101690602771565.2
a 14 41 0 1 89684744503948.44
a 14 42 0 1 30833048395440.973
a 14 43 0 1 6530585639648.337
a 14 44 0 1 235714173923789.47
a 14 45 0 1 111759799187023.28
a 14 46 0 1 132014855117217.6
a 14 47 0 1 213927295056893.1
a 14 48 0 1 183754731119774.44
a 14 49 0 1 125542303849317.61
a 14 50 0 1 195304500820060.84
a 14 51 0 1 216093595334124.25
a 14 52 0 1 92106955507939.33
a 14 53 0 1 33370155039383.727
a 14 54 0 1 105372104795475.53
a 14 55 0 1 118080176248631.48
a 14 56 0 1 61113976999916.766
a 14 57 0 1 212239803458527.53
a 14 58 0 1 30304028915627.05
a 14 59 0 1 81199175907259.78
a 14 60 0 1 136516378250147.28
a 14 61 0 1 37859695015455.67
a 14 62 0 1 65072060630353.94
a 14 63 0 1 51145217438512.2
a 14 64 0 1 103653307649187.86
a 14 65 0 1 230696505420002.66
a 14 66 0 1 221138500749197.9
a 14 67 0 1 84759374799954.7
a 14 68 0 1 233370937573226.7
a 14 69 0 1 77868370379979.14
a 14 70 0 1 14232642583269.195
a 14 71 0 1 96515012107878.02
a 14 72 0 1 30973273200479.54
a 14 73 0 1 53728413708628.69
a 14 74 0 1 210463709789625.1
a 14 75 0 1 139729925512152.89
a 14 76 0 1 107142675149985.48
a 14 77 0 1 84888369855010.05
a 14 78 0 1 35352728197638.09
a 14 79 0 1 50394031389148.04
a 14 80 0 1 145237162317596.8
a 15 1 0 2 0
a 16 1 0 2 0
a 17 1 0 2 0
a 18 1 0 2 0
a 19 1 0 2 0
a 20 1 0 2 0
a 21 1 0 2 0
a 22 1 0 2 0
a 23 1 0 2 0
a 24 1 0 2 0
a 25 1 0 2 0
a 26 1 0 2 0
a 27 1 0 2 0
a 28 1 0 2 0
a 29 1 0 2 0
a 30 1 0 2 0
a 31 1 0 2 0
a 32 1 0 2 0
a 33 1 0 2 0
a 34 1 0 2 0
a 35 1 0 2 0
a 36 1 0 2 0
a 37 1 0 2 0
a 38 1 0 2 0
a 39 1 0 2 0
a 40 1 0 2 0
a 41 1 0 2 0
a 42 1 0 2 0
a 43 1 0 2 0
a 44 1 0 2 0
a 45 1 0 2 0
a 46 1 0 2 0
a 47 1 0 2 0
a 48 1 0 2 0
a 49 1 0 2 0
a 50 1 0 2 0
a 51 1 0 2 0
a 52 1 0 2 0
a 53 1 0 2 0
a 54 1 0 2 0
a 55 1 0 2 0
a 56 1 0 2 0
a 57 1 0 2 0
a 58 1 0 2 0
a 59 1 0 2 0
a 60 1 0 2 0
a 61 1 0 2 0
a 62 1 0 2 0
a 63 1 0 2 0
a 64 1 0 2 0
a 65 1 0 2 0
a 66 1 0 2 0
a 67 1 0 2 0
a 68 1 0 2 0
a 69 1 0 2 0
a 70 1 0 2 0
a 71 1 0 2 0
a 72 1 0 2 0
a 73 1 0 2 0
a 74 1 0 2 0
a 75 1 0 2 0
a 76 1 0 2 0
a 77 1 0 2 0
a 78 1 0 2 0
a 79 1 0 2 0
a 80 1 0 2 0
