p min 80 923
n 0 13
n 1 -13
a 0 2 0 1 0
a 0 3 0 1 0
a 0 4 0 1 0
a 0 5 0 1 0
a 0 6 0 1 0
a 0 7 0 1 0
a 0 8 0 1 0
a 0 9 0 1 0
a 0 10 0 1 0
a 0 11 0 1 0
a 0 12 0 1 0
a 0 13 0 1 0
a 0 14 0 1 0
a 2 15 0 1 182286310088596.94
a 2 16 0 1 198734173354357.53
a 2 17 0 1 33973495303655.52
a 2 18 0 1 200244290133971.6
a 2 19 0 1 230119221189484.47
a 2 20 0 1 76820928268501.36
a 2 21 0 1 231803432140918.3
a 2 22 0 1 284302337685448.75
a 2 23 0 1 78041195229860.3
a 2 24 0 1 262323179472748.7
a 2 25 0 1 71408659989159.5
a 2 26 0 1 251964552810803.8
a 2 27 0 1 255724934078250.22
a 2 28 0 1 87736135075882.05
a 2 29 0 1 169032376199364.97
a 2 30 0 1 233671688742723.97
a 2 31 0 1 153968092072612.88
a 2 32 0 1 182137123309171.56
a 2 33 0 1 254384880855788.97
a 2 34 0 1 204076192539417.4
a 2 35 0 1 266410475458608.94
a 2 36 0 1 141658938922364.88
a 2 37 0 1 201369651598769.0
a 2 38 0 1 40242414267647.78
a 2 39 0 1 136642491684356.94
a 2 40 0 1 4359402979906.2417
a 2 41 0 1 3112172701382.262
a 2 42 0 1 215577179713845.9
a 2 43 0 1 105912531514728.33
a 2 44 0 1 286803332080417.44
a 2 45 0 1 269565251064884.5
a 2 46 0 1 35986609521301.53
a 2 47 0 1 216791703935069.34
a 2 48 0 1 29851548694485.664
a 2 49 0 1 250459187542266.97
a 2 50 0 1 82359882052685.69
a 2 51 0 1 163286502681634.72
a 2 52 0 1 256375128405073.53
a 2 53 0 1 18013889771689.457
a 2 54 0 1 92434496038718.8
a 2 55 0 1 186968148356633.2
a 2 56 0 1 15660909605106.42
a 2 57 0 1 215298923290497.6
a 2 58 0 1 90747078765675.86
a 2 59 0 1 171952182212241.3
a 2 60 0 1 70590248122085.94
a 2 61 0 1 141116891419540.12
a 2 62 0 1 84589242021504.9
a 2 63 0 1 256021944573948.62
a 2 64 0 1 28410815072752.36
a 2 65 0 1 22751287816603.246
a 2 66 0 1 121164366079913.77
a 2 67 0 1 102926390266108.83
a 2 68 0 1 280973410262475.22
a 2 69 0 1 103100587038622.53
a 2 70 0 1 258156116411906.06
a 2 71 0 1 224209606338910.38
a 2 72 0 1 23005548406320.445
a 2 73 0 1 28777475740492.457
a 2 74 0 1 214911893173018.56
a 2 75 0 1 162846573137295.16
a 2 76 0 1 251767092462491.9
a 2 77 0 1 103261383585266.94
a 2 78 0 1 184669963825763.22
a 2 79 0 1 44305433190989.2
a 3 15 0 1 287619253371393.2
a 3 16 0 1 313920709644048.8
a 3 17 0 1 53080957298003.27
a 3 18 0 1 316338503702003.6
a 3 19 0 1 364274613038750.6
a 3 20 0 1 120363042661869.52
a 3 21 0 1 366982982875546.44
a 3 22 0 1 451729346092976.06
a 3 23 0 1 122284757189235.84
a 3 24 0 1 416172856414393.06
a 3 25 0 1 111843371071839.2
a 3 26 0 1 399453725566833.9
a 3 27 0 1 405520262171988.75
a 3 28 0 1 137563699104266.88
a 3 29 0 1 266468408172561.28
a 3 30 0 1 369988062993290.56
a 3 31 0 1 242475104290459.28
a 3 32 0 1 287380964414314.75
a 3 33 0 1 403358015653927.44
a 3 34 0 1 322475895546552.94
a 3 35 0 1 422776621148238.25
a 3 36 0 1 222906474407452.5
a 3 37 0 1 318140608466831.4
a 3 38 0 1 62901277665211.48
a 3 39 0 1 214940878943901.75
a 3 40 0 1 6798195799785.125
a 3 41 0 1 4852834129426.788
a 3 42 0 1 340916136492752.9
a 3 43 0 1 166262312843277.12
a 3 44 0 1 455782356780223.5
a 3 45 0 1 427876349692714.75
a 3 46 0 1 56233644427928.88
a 3 47 0 1 342865180020912.94
a 3 48 0 1 46628260099041.92
a 3 49 0 1 397026056810378.3
a 3 50 0 1 129088455225751.34
a 3 51 0 1 257310974604834.28
a 3 52 0 1 406569532520784.4
a 3 53 0 1 28116218445968.152
a 3 54 0 1 144975256953747.84
a 3 55 0 1 295099817384709.2
a 3 56 0 1 24439951275413.508
a 3 57 0 1 340469642704965.3
a 3 58 0 1 142312861566862.06
a 3 59 0 1 271124581579916.9
a 3 60 0 1 110555605947637.67
a 3 61 0 1 222045498709204.84
a 3 62 0 1 132602133580499.39
a 3 63 0 1 405999559692396.6
a 3 64 0 1 44373681367351.11
a 3 65 0 1 35521271930396.58
a 3 66 0 1 190397219335740.66
a 3 67 0 1 161542732555260.56
a 3 68 0 1 446336865741662.44
a 3 69 0 1 161817997895088.3
a 3 70 0 1 409444148599879.56
a 3 71 0 1 354776442253258.3
a 3 72 0 1 35918836754790.82
a 3 73 0 1 44947422126952.82
a 3 74 0 1 339848638024600.9
a 3 75 0 1 256610137206146.4
a 3 76 0 1 399135256317559.75
a 3 77 0 1 162072093914733.97
a 3 78 0 1 291427213631210.4
a 3 79 0 1 69270328988093.78
a 4 15 0 1 202231215071315.4
a 4 16 0 1 220524868839743.03
a 4 17 0 1 37620675480817.39
a 4 18 0 1 222204842005785.47
a 4 19 0 1 255453621272264.62
a 4 20 0 1 85113240919643.94
a 4 21 0 1 257328804564135.16
a 4 22 0 1 315822103827002.1
a 4 23 0 1 86466543735415.6
a 4 24 0 1 291323507745628.2
a 4 25 0 1 79111416134618.25
a 4 26 0 1 279782404803857.06
a 4 27 0 1 283971684502806.6
a 4 28 0 1 97219919064180.31
a 4 29 0 1 187495561107421.6
a 4 30 0 1 259408998896056.75
a 4 31 0 1 170753261303311.72
a 4 32 0 1 202065322001533.9
a 4 33 0 1 282478741157352.25
a 4 34 0 1 226468047886496.38
a 4 35 0 1 295878249305478.75
a 4 36 0 1 157077780901460.53
a 4 37 0 1 223456825708198.62
a 4 38 0 1 44566046294832.92
a 4 39 0 1 151505736131223.7
a 4 40 0 1 4825636158648.276
a 4 41 0 1 3444963113783.571
a 4 42 0 1 239266085337656.38
a 4 43 0 1 117387783557846.77
a 4 44 0 1 318610685204071.0
a 4 45 0 1 299394157735280.1
a 4 46 0 1 39850898214147.38
a 4 47 0 1 240617803595938.97
a 4 48 0 1 33054536599668.492
a 4 49 0 1 278105457764079.16
a 4 50 0 1 91256395247881.84
a 4 51 0 1 181108889548998.84
a 4 52 0 1 284696080114233.6
a 4 53 0 1 19943812225178.703
a 4 54 0 1 102432162569354.61
a 4 55 0 1 207437661124604.16
a 4 56 0 1 17338241429802.33
a 4 57 0 1 238956402764056.66
a 4 58 0 1 100560113299567.66
a 4 59 0 1 190741354443675.9
a 4 60 0 1 78203925839311.31
a 4 61 0 1 156475664470826.38
a 4 62 0 1 93729179747501.86
a 4 63 0 1 284302588806894.1
a 4 64 0 1 31458655681376.367
a 4 65 0 1 25190226299956.56
a 4 66 0 1 134317813211824.61
a 4 67 0 1 114073835254631.83
a 4 68 0 1 312110672532081.25
a 4 69 0 1 114267147806676.33
a 4 70 0 1 286680380901936.94
a 4 71 0 1 248874568239027.72
a 4 72 0 1 25471823647920.406
a 4 73 0 1 31864795277648.195
a 4 74 0 1 238525665372144.0
a 4 75 0 1 180619936491592.7
a 4 76 0 1 279562434118362.7
a 4 77 0 1 114445590391473.2
a 4 78 0 1 204881882596194.12
a 4 79 0 1 49068066133662.95
a 5 15 0 1 345975775596474.25
a 5 16 0 1 377849965413923.56
a 5 17 0 1 63504446714058.05
a 5 18 0 1 380782096126953.56
a 5 19 0 1 438987720575749.7
a 5 20 0 1 144219945947256.34
a 5 21 0 1 442280433545417.2
a 5 22 0 1 545537165640838.25
a 5 23 0 1 146529027712733.38
a 5 24 0 1 502160770702160.44
a 5 25 0 1 133985410091374.56
a 5 26 0 1 481791511570869.06
a 5 27 0 1 489180518756081.5
a 5 28 0 1 164895144744918.06
a 5 29 0 1 320373063813824.2
a 5 30 0 1 445934392136315.8
a 5 31 0 1 291361260715014.2
a 5 32 0 1 345687184827784.2
a 5 33 0 1 486546656671556.0
a 5 34 0 1 388226654400720.25
a 5 35 0 1 510210996616314.4
a 5 36 0 1 267724343553060.03
a 5 37 0 1 382967788080544.25
a 5 38 0 1 75269952595089.56
a 5 39 0 1 258109042157074.66
a 5 40 0 1 8124662972196.816
a 5 41 0 1 5799467923259.18
a 5 42 0 1 410607884063711.44
a 5 43 0 1 199427865468859.75
a 5 44 0 1 550486521967616.8
a 5 45 0 1 516429584970958.44
a 5 46 0 1 67281036334101.41
a 5 47 0 1 412974659097010.94
a 5 48 0 1 55776480134590.83
a 5 49 0 1 478835254771760.25
a 5 50 0 1 154705829576569.16
a 5 51 0 1 309296281546550.4
a 5 52 0 1 490458752431704.9
a 5 53 0 1 33618402579518.21
a 5 54 0 1 173808949505939.25
a 5 55 0 1 355037156630701.2
a 5 56 0 1 29220287712756.41
a 5 57 0 1 410065726908713.8
a 5 58 0 1 170606558923457.25
a 5 59 0 1 326007025287038.94
a 5 60 0 1 132438791234092.77
a 5 61 0 1 266684880309443.72
a 5 62 0 1 158929642002620.03
a 5 63 0 1 489764396361375.7
a 5 64 0 1 53076855672322.64
a 5 65 0 1 42479685201037.27
a 5 66 0 1 228505188798792.78
a 5 67 0 1 193745656854757.03
a 5 68 0 1 538953690935991.56
a 5 69 0 1 194077032059967.88
a 5 70 0 1 493960989424680.0
a 5 71 0 1 427443773253359.9
a 5 72 0 1 42955516590503.336
a 5 73 0 1 53763824552886.414
a 5 74 0 1 409311688946092.25
a 5 75 0 1 308448753953835.7
a 5 76 0 1 481403679967286.94
a 5 77 0 1 194382926608037.9
a 5 78 0 1 350588034197479.44
a 5 79 0 1 82903390897503.14
a 6 15 0 1 217663883178230.44
a 6 16 0 1 237392115047639.1
a 6 17 0 1 40433354863951.3
a 6 18 0 1 239204157789794.12
a 6 19 0 1 275078131618314.78
a 6 20 0 1 91514278476516.48
a 6 21 0 1 277102019152461.44
a 6 22 0 1 340268886218174.4
a 6 23 0 1 92970451554406.25
a 6 24 0 1 313804595438587.3
a 6 25 0 1 85056645090512.9
a 6 26 0 1 301341610413088.06
a 6 27 0 1 305865216254984.8
a 6 28 0 1 104542463531819.12
a 6 29 0 1 201777396210346.94
a 6 30 0 1 279347256442616.2
a 6 31 0 1 183732645066880.56
a 6 32 0 1 217485010657810.47
a 6 33 0 1 304253088385226.3
a 6 34 0 1 243802759217497.44
a 6 35 0 1 318723890107597.0
a 6 36 0 1 168997301277573.78
a 6 37 0 1 240554600904176.1
a 6 38 0 1 47900860691481.92
a 6 39 0 1 162994447438403.8
a 6 40 0 1 5184958703582.499
a 6 41 0 1 3701435304821.2637
a 6 42 0 1 257609781837809.5
a 6 43 0 1 126251569286183.83
a 6 44 0 1 343281975427186.8
a 6 45 0 1 322521487907714.6
a 6 46 0 1 42831142126515.45
a 6 47 0 1 259068255706085.34
a 6 48 0 1 35524434266691.8
a 6 49 0 1 299530931909069.06
a 6 50 0 1 98124677126571.28
a 6 51 0 1 194893241043028.56
a 6 52 0 1 306647457697825.44
a 6 53 0 1 21431633486055.04
a 6 54 0 1 110152292121425.47
a 6 55 0 1 223277952637202.66
a 6 56 0 1 18631268207889.383
a 6 57 0 1 257275646291579.62
a 6 58 0 1 108137385569119.0
a 6 59 0 1 205276319875192.7
a 6 60 0 1 84080294408085.94
a 6 61 0 1 168348602818440.12
a 6 62 0 1 100785740858661.94
a 6 63 0 1 306222543273251.9
a 6 64 0 1 33808841325134.645
a 6 65 0 1 27070654822317.21
a 6 66 0 1 144481365207670.66
a 6 67 0 1 122683837628911.67
a 6 68 0 1 336258890229208.94
a 6 69 0 1 122891948400507.06
a 6 70 0 1 308790266058959.8
a 6 71 0 1 267977899651620.25
a 6 72 0 1 27373339490010.082
a 6 73 0 1 34245442237959.78
a 6 74 0 1 256810900395965.78
a 6 75 0 1 194366233946280.97
a 6 76 0 1 301104094552111.8
a 6 77 0 1 123084051527222.03
a 6 78 0 1 220522011089030.56
a 6 79 0 1 52741810661802.12
a 7 15 0 1 194539088252509.8
a 7 16 0 1 212119780929930.16
a 7 17 0 1 36215693223533.46
a 7 18 0 1 213734135466779.97
a 7 19 0 1 245679209103051.75
a 7 20 0 1 81917790614906.98
a 7 21 0 1 247480579229919.78
a 7 22 0 1 303655959081236.94
a 7 23 0 1 83219797374451.78
a 7 24 0 1 280131821327530.38
a 7 25 0 1 76143275813464.72
a 7 26 0 1 269047952411059.88
a 7 27 0 1 273071396630231.8
a 7 28 0 1 93565026024795.3
a 7 29 0 1 180375633781681.06
a 7 30 0 1 249478854683977.62
a 7 31 0 1 164281192736230.97
a 7 32 0 1 194379647359993.75
a 7 33 0 1 271637570080738.22
a 7 34 0 1 217830713848301.3
a 7 35 0 1 284505792307808.06
a 7 36 0 1 151133118978176.97
a 7 37 0 1 214937201657891.97
a 7 38 0 1 42900398631128.36
a 7 39 0 1 145775507477946.8
a 7 40 0 1 4646072266628.74
a 7 41 0 1 3316794249100.816
a 7 42 0 1 230127594578322.03
a 7 43 0 1 112964788502070.66
a 7 44 0 1 306333286645796.4
a 7 45 0 1 287882035260628.56
a 7 46 0 1 38362257615315.16
a 7 47 0 1 231426298175861.44
a 7 48 0 1 31820706771257.117
a 7 49 0 1 267437345410654.1
a 7 50 0 1 87827969117203.16
a 7 51 0 1 174236383664715.84
a 7 52 0 1 273767100966793.0
a 7 53 0 1 19200449654075.426
a 7 54 0 1 98579087606725.27
a 7 55 0 1 199542916499452.75
a 7 56 0 1 16692182619478.123
a 7 57 0 1 229830055585336.84
a 7 58 0 1 96778244445925.75
a 7 59 0 1 183495550071622.44
a 7 60 0 1 75270129035384.14
a 7 61 0 1 150554187005900.6
a 7 62 0 1 90206885062691.08
a 7 63 0 1 273389195314785.84
a 7 64 0 1 30284603368369.785
a 7 65 0 1 24250768394006.555
a 7 66 0 1 129247376390394.23
a 7 67 0 1 109777289069179.19
a 7 68 0 1 300092493458484.6
a 7 69 0 1 109963228027747.27
a 7 70 0 1 275672785633219.1
a 7 71 0 1 239358886460076.56
a 7 72 0 1 24521834022057.836
a 7 73 0 1 30675532045775.35
a 7 74 0 1 229416207312495.7
a 7 75 0 1 173766358375721.4
a 7 76 0 1 268836685169784.03
a 7 77 0 1 110134863929621.78
a 7 78 0 1 197086629661710.1
a 7 79 0 1 47233239562535.875
a 8 15 0 1 101602162786655.56
a 8 16 0 1 110676893097940.11
a 8 17 0 1 19079078689678.004
a 8 18 0 1 111509293060547.31
a 8 19 0 1 127950111542639.6
a 8 20 0 1 43048292902378.3
a 8 21 0 1 128875454588841.58
a 8 22 0 1 157638418509033.0
a 8 23 0 1 43729394287113.17
a 8 24 0 1 145615665105535.47
a 8 25 0 1 40026374590770.664
a 8 26 0 1 139939869151478.27
a 8 27 0 1 142001000127933.0
a 8 28 0 1 49137694609614.51
a 8 29 0 1 94278402143713.38
a 8 30 0 1 129901727255201.94
a 8 31 0 1 85942151101475.66
a 8 32 0 1 101519781912611.12
a 8 33 0 1 141266585923000.3
a 8 34 0 1 113620914519116.08
a 8 35 0 1 147853530745175.16
a 8 36 0 1 79120944396397.75
a 8 37 0 1 112129525412240.6
a 8 38 0 1 22592470583029.465
a 8 39 0 1 76338571712892.48
a 8 40 0 1 2451843705718.4873
a 8 41 0 1 1750478341780.7715
a 8 42 0 1 119953665328311.73
a 8 43 0 1 59262967476704.58
a 8 44 0 1 159004733168090.6
a 8 45 0 1 149580173580086.78
a 8 46 0 1 20207563913170.965
a 8 47 0 1 120621974852387.4
a 8 48 0 1 16767734657331.625
a 8 49 0 1 139114525989919.6
a 8 50 0 1 46139223318386.93
a 8 51 0 1 91100282774268.11
a 8 52 0 1 142357301273897.28
a 8 53 0 1 10124518458193.832
a 8 54 0 1 51756744163214.51
a 8 55 0 1 104186827891247.16
a 8 56 0 1 8803094909525.992
a 8 57 0 1 119800538871066.25
a 8 58 0 1 50816256301632.34
a 8 59 0 1 95892665769368.86
a 8 60 0 1 39569272837992.76
a 8 61 0 1 78820366698870.45
a 8 62 0 1 47382792576726.57
a 8 63 0 1 142163762429332.47
a 8 64 0 1 15959629136647.443
a 8 65 0 1 12784068662083.416
a 8 66 0 1 67744608845046.47
a 8 67 0 1 57600807861157.34
a 8 68 0 1 155819243165616.0
a 8 69 0 1 57697783983843.14
a 8 70 0 1 143333144581950.7
a 8 71 0 1 124701958422307.66
a 8 72 0 1 12926773232122.41
a 8 73 0 1 16165299771271.205
a 8 74 0 1 119587546152661.69
a 8 75 0 1 90856874428869.25
a 8 76 0 1 139831615383463.3
a 8 77 0 1 57787298610384.04
a 8 78 0 1 102918243452717.5
a 8 79 0 1 24868383482690.953
a 9 15 0 1 331485836754227.44
a 9 16 0 1 361968649675411.75
a 9 17 0 1 60927020233557.36
a 9 18 0 1 364772295421129.25
a 9 19 0 1 420410131342995.06
a 9 20 0 1 138313953551310.53
a 9 21 0 1 423556598258597.6
a 9 22 0 1 522173020284378.06
a 9 23 0 1 140526937549560.16
a 9 24 0 1 480758782471394.75
a 9 25 0 1 128504762491557.4
a 9 26 0 1 461304501505646.2
a 9 27 0 1 468362071373130.5
a 9 28 0 1 158126960158065.1
a 9 29 0 1 306993686198729.1
a 9 30 0 1 427048141972721.7
a 9 31 0 1 279232772136145.12
a 9 32 0 1 331209799032473.6
a 9 33 0 1 465846414166103.1
a 9 34 0 1 371890262816670.0
a 9 35 0 1 488446264318128.94
a 9 36 0 1 256609102140285.78
a 9 37 0 1 366862157125743.94
a 9 38 0 1 72211022473233.36
a 9 39 0 1 247404473228285.22
a 9 40 0 1 7796924669769.285
a 9 41 0 1 5565585062127.47
a 9 42 0 1 393286404107932.3
a 9 43 0 1 191210806403118.47
a 9 44 0 1 526897298015395.6
a 9 45 0 1 494384202505484.94
a 9 46 0 1 64549189139984.914
a 9 47 0 1 395548723794040.94
a 9 48 0 1 53514640804042.414
a 9 49 0 1 458480698182858.8
a 9 50 0 1 148363048952751.84
a 9 51 0 1 296395440497368.8
a 9 52 0 1 469582914623641.6
a 9 53 0 1 32258452350375.164
a 9 54 0 1 166667828437806.03
a 9 55 0 1 340152662078854.56
a 9 56 0 1 28038827276703.38
a 9 57 0 1 392768166880397.0
a 9 58 0 1 163599504151759.94
a 9 59 0 1 312383802189873.1
a 9 60 0 1 127022337213936.6
a 9 61 0 1 255614076664201.3
a 9 62 0 1 152410633237566.25
a 9 63 0 1 468919735910995.7
a 9 64 0 1 50925134080954.67
a 9 65 0 1 40759588220890.586
a 9 66 0 1 219059557517451.75
a 9 67 0 1 185767763034168.6
a 9 68 0 1 515888558687794.3
a 9 69 0 1 186085198822910.8
a 9 70 0 1 472927824705660.1
a 9 71 0 1 409378073035784.4
a 9 72 0 1 41216060570831.195
a 9 73 0 1 51584087714152.04
a 9 74 0 1 392047392263189.7
a 9 75 0 1 295584479521305.56
a 9 76 0 1 460934051394331.44
a 9 77 0 1 186378224903074.84
a 9 78 0 1 335897364208486.94
a 9 79 0 1 79531392319119.97
a 10 15 0 1 157858311458695.5
a 10 16 0 1 172058077072522.1
a 10 17 0 1 29487845943874.957
a 10 18 0 1 173361422141233.1
a 10 19 0 1 199132969936990.22
a 10 20 0 1 66634394161334.375
a 10 21 0 1 200585125314069.12
a 10 22 0 1 245811555002048.84
a 10 23 0 1 67691588609492.56
a 10 24 0 1 226886305239571.8
a 10 25 0 1 61944925510041.34
a 10 26 0 1 217962356204680.47
a 10 27 0 1 221202262637672.16
a 10 28 0 1 76089516815940.6
a 10 29 0 1 146410586649632.94
a 10 30 0 1 202195877198273.1
a 10 31 0 1 133393447144018.56
a 10 32 0 1 157729481940015.47
a 10 33 0 1 220047730877907.94
a 10 34 0 1 176668365343737.72
a 10 35 0 1 230406696123551.06
a 10 36 0 1 122752482886927.61
a 10 37 0 1 174332653898022.5
a 10 38 0 1 34925722890287.0
a 10 39 0 1 118414714386406.23
a 10 40 0 1 3785516595143.236
a 10 41 0 1 2702526968488.119
a 10 42 0 1 186591349460798.56
a 10 43 0 1 91827464923665.83
a 10 44 0 1 247964203160259.38
a 10 45 0 1 233123592234600.5
a 10 46 0 1 31234204200367.34
a 10 47 0 1 187639023259298.03
a 10 48 0 1 25911760212672.15
a 10 49 0 1 216665239917011.62
a 10 50 0 1 71432821210910.67
a 10 51 0 1 141446266333375.06
a 10 52 0 1 221762424109631.6
a 10 53 0 1 15639241019023.436
a 10 54 0 1 80158417386779.47
a 10 55 0 1 161900983228563.06
a 10 56 0 1 13596923966233.535
a 10 57 0 1 186351314028392.88
a 10 58 0 1 78697138808839.97
a 10 59 0 1 148932898466416.28
a 10 60 0 1 61235743298250.09
a 10 61 0 1 122283802048338.66
a 10 62 0 1 73363897391483.31
a 10 63 0 1 221458147326840.7
a 10 64 0 1 24661713982409.066
a 10 65 0 1 19750718807708.535
a 10 66 0 1 105026367284465.55
a 10 67 0 1 89242535261099.47
a 10 68 0 1 242946023095067.2
a 10 69 0 1 89393333884269.36
a 10 70 0 1 223296738008163.7
a 10 71 0 1 194036985771216.16
a 10 72 0 1 19971368913515.973
a 10 73 0 1 24979850714926.023
a 10 74 0 1 186017442422288.9
a 10 75 0 1 141066139154159.3
a 10 76 0 1 217792215638919.47
a 10 77 0 1 89532531481784.9
a 10 78 0 1 159916622148240.22
a 10 79 0 1 38449569930817.49
a 11 15 0 1 370669829174241.0
a 11 16 0 1 404926990876233.75
a 11 17 0 1 67880685138434.33
a 11 18 0 1 408079278641761.2
a 11 19 0 1 470688479393455.0
a 11 20 0 1 154258173790779.22
a 11 21 0 1 474232206899501.7
a 11 22 0 1 585465439188768.6
a 11 23 0 1 156730894897948.94
a 11 24 0 1 538713349707716.2
a 11 25 0 1 143299460335301.16
a 11 26 0 1 516771379958757.75
a 11 27 0 1 524729974266614.3
a 11 28 0 1 176401900006118.38
a 11 29 0 1 343166575851564.56
a 11 30 0 1 478164958863121.0
a 11 31 0 1 312015660429456.7
a 11 32 0 1 370359748581120.2
a 11 33 0 1 521892959230166.06
a 11 34 0 1 416083525024803.94
a 11 35 0 1 547387327860515.1
a 11 36 0 1 286647239404638.75
a 11 37 0 1 410429185788210.6
a 11 38 0 1 80464518152220.98
a 11 39 0 1 276330465219668.2
a 11 40 0 1 8680744422660.807
a 11 41 0 1 6196291028111.566
a 11 42 0 1 440153620842158.7
a 11 43 0 1 213404189887529.1
a 11 44 0 1 590802286038176.6
a 11 45 0 1 554088602096784.75
a 11 46 0 1 71919689833816.58
a 11 47 0 1 442699538361196.7
a 11 48 0 1 59616503378151.65
a 11 49 0 1 513587530073847.06
a 11 50 0 1 165487917747044.44
a 11 51 0 1 331271263621772.8
a 11 52 0 1 526106847485157.2
a 11 53 0 1 35926602577664.836
a 11 54 0 1 185951152448580.44
a 11 55 0 1 380406744272706.8
a 11 56 0 1 31225431533199.406
a 11 57 0 1 439570442299210.94
a 11 58 0 1 182520308881487.16
a 11 59 0 1 349217725578138.1
a 11 60 0 1 141643564315906.56
a 11 61 0 1 285531863005126.25
a 11 62 0 1 170011907983421.3
a 11 63 0 1 525358905027589.94
a 11 64 0 1 56729802246014.15
a 11 65 0 1 45399477374713.25
a 11 66 0 1 244577329750877.53
a 11 67 0 1 207314176714270.25
a 11 68 0 1 578367274399351.1
a 11 69 0 1 207669318578642.53
a 11 70 0 1 529879507594886.75
a 11 71 0 1 458266114232746.44
a 11 72 0 1 45908187675204.72
a 11 73 0 1 57464364416454.43
a 11 74 0 1 438759360509412.06
a 11 75 0 1 330361199406329.56
a 11 76 0 1 516353680887484.5
a 11 77 0 1 207997154005281.8
a 11 78 0 1 375625746521967.5
a 11 79 0 1 88630155317780.05
a 12 15 0 1 461645978880414.94
a 12 16 0 1 504811740567740.75
a 12 17 0 1 83827572172431.83
a 12 18 0 1 508788242376118.1
a 12 19 0 1 587925106973383.0
a 12 20 0 1 190948476309209.97
a 12 21 0 1 592413355002773.5
a 12 22 0 1 733796788047644.4
a 12 23 0 1 194022589684254.53
a 12 24 0 1 674252665203725.5
a 12 25 0 1 177329603036736.25
a 12 26 0 1 646367210344969.2
a 12 27 0 1 656477163154956.2
a 12 28 0 1 218492993439065.03
a 12 29 0 1 427054232761791.75
a 12 30 0 1 597395458873849.6
a 12 31 0 1 387942536507329.5
a 12 32 0 1 461255665142757.06
a 12 33 0 1 652872674807246.4
a 12 34 0 1 518888716668286.9
a 12 35 0 1 685286738472879.0
a 12 36 0 1 356143797100823.1
a 12 37 0 1 511753060034395.7
a 12 38 0 1 99401663434319.19
a 12 39 0 1 343225386368899.4
a 12 40 0 1 10702954784197.076
a 12 41 0 1 7639229952968.338
a 12 42 0 1 549291987897040.2
a 12 43 0 1 264596898620037.4
a 12 44 0 1 740605062853389.5
a 12 45 0 1 693815467687481.2
a 12 46 0 1 88825185103714.3
a 12 47 0 1 552510368732991.75
a 12 48 0 1 73605421837218.72
a 12 49 0 1 642324106973248.4
a 12 50 0 1 204912841483559.22
a 12 51 0 1 412110545772935.75
a 12 52 0 1 658226739722026.2
a 12 53 0 1 44328316339711.86
a 12 54 0 1 230381876764674.97
a 12 55 0 1 473905986704932.25
a 12 56 0 1 38522856218025.195
a 12 57 0 1 548554842220870.6
a 12 58 0 1 226109716222057.7
a 12 59 0 1 434660122569674.7
a 12 60 0 1 175272473399565.47
a 12 61 0 1 354746776946248.94
a 12 62 0 1 210540982831230.28
a 12 63 0 1 657276319430747.5
a 12 64 0 1 70035882140801.4
a 12 65 0 1 56030827203921.02
a 12 66 0 1 303513249157113.6
a 12 67 0 1 257002246261492.12
a 12 68 0 1 724745150476486.4
a 12 69 0 1 257445059614521.66
a 12 70 0 1 663021384178968.6
a 12 71 0 1 572199466262484.4
a 12 72 0 1 56659443028158.195
a 12 73 0 1 70944149065819.92
a 12 74 0 1 547529667157800.3
a 12 75 0 1 410967693821893.94
a 12 76 0 1 645836737567731.0
a 12 77 0 1 257853833507817.03
a 12 78 0 1 467885215693779.8
a 12 79 0 1 109513422492983.38
a 13 15 0 1 82990173055387.19
a 13 16 0 1 90385197097002.75
a 13 17 0 1 15611158724131.438
a 13 18 0 1 91063378993537.8
a 13 19 0 1 104453281204706.16
a 13 20 0 1 35205897788911.86
a 13 21 0 1 105206628969217.8
a 13 22 0 1 128608467946823.61
a 13 23 0 1 35762406946217.14
a 13 24 0 1 118830148214078.64
a 13 25 0 1 32736579150629.63
a 13 26 0 1 114212167186471.11
a 13 27 0 1 115889289131782.53
a 13 28 0 1 40180813115144.414
a 13 29 0 1 77019934877741.52
a 13 30 0 1 106042111475978.17
a 13 31 0 1 70222064172511.38
a 13 32 0 1 82923027545058.66
a 13 33 0 1 115291720543370.05
a 13 34 0 1 92783674009711.83
a 13 35 0 1 120650626945591.6
a 13 36 0 1 64657859618270.38
a 13 37 0 1 91568685742434.95
a 13 38 0 1 18484576862236.758
a 13 39 0 1 62387756270665.195
a 13 40 0 1 2006880702058.761
a 13 41 0 1 1432820810202.343
a 13 42 0 1 97941907333882.4
a 13 43 0 1 48450123687349.766
a 13 44 0 1 129719396130740.66
a 13 45 0 1 122055112039214.22
a 13 46 0 1 16534133495951.832
a 13 47 0 1 98486185977518.08
a 13 48 0 1 13720601345917.836
a 13 49 0 1 113540552020665.25
a 13 50 0 1 37731283595324.92
a 13 51 0 1 74428592953814.92
a 13 52 0 1 116179192825603.61
a 13 53 0 1 8285781811188.994
a 13 54 0 1 42320129727956.98
a 13 55 0 1 85096715418191.42
a 13 56 0 1 7204544064253.463
a 13 57 0 1 97817197270340.36
a 13 58 0 1 41551938808640.18
a 13 59 0 1 78336022264522.58
a 13 60 0 1 32363037437781.188
a 13 61 0 1 64412634906187.9
a 13 62 0 1 38747225381451.04
a 13 63 0 1 116021720893095.47
a 13 64 0 1 13059570485584.81
a 13 65 0 1 10461743089390.553
a 13 66 0 1 55374358612410.79
a 13 67 0 1 47092880378187.07
a 13 68 0 1 127129224736877.2
a 13 69 0 1 47172069249821.234
a 13 70 0 1 116973163029981.9
a 13 71 0 1 101808632386946.56
a 13 72 0 1 10578492681470.723
a 13 73 0 1 13227811326937.172
a 13 74 0 1 97643729251187.3
a 13 75 0 1 74230110755087.88
a 13 76 0 1 114124078064604.72
a 13 77 0 1 47245164916657.24
a 13 78 0 1 84062828299193.52
a 13 79 0 1 20345700096554.125
a 14 15 0 1 251706655675752.47
a 14 16 0 1 274619185475130.2
a 14 17 0 1 46608975834471.78
a 14 18 0 1 276724550126099.88
a 14 19 0 1 318434957427391.25
a 14 20 0 1 105587221880913.5
a 14 21 0 1 320789790470399.06
a 14 22 0 1 394376478333630.2
a 14 23 0 1 107270101860034.83
a 14 24 0 1 363525215447299.4
a 14 25 0 1 98125278176435.7
a 14 26 0 1 349007013321555.1
a 14 27 0 1 354275793330593.1
a 14 28 0 1 120646850008146.42
a 14 29 0 1 233268139023689.72
a 14 30 0 1 323402378344823.44
a 14 31 0 1 212337759693164.5
a 14 32 0 1 251498988440365.5
a 14 33 0 1 352397995743929.1
a 14 34 0 1 282068182481202.9
a 14 35 0 1 369257623065655.75
a 14 36 0 1 195256302211756.9
a 14 37 0 1 278293686845426.22
a 14 38 0 1 55224307936425.16
a 14 39 0 1 188300335116656.2
a 14 40 0 1 5973188524710.288
a 14 41 0 1 4264025620843.31
a 14 42 0 1 298117632444511.75
a 14 43 0 1 145756680080702.38
a 14 44 0 1 397891025178566.06
a 14 45 0 1 373683662457631.25
a 14 46 0 1 49375077525217.79
a 14 47 0 1 299813464427710.06
a 14 48 0 1 40946747043544.72
a 14 49 0 1 346898314762623.9
a 14 50 0 1 113227478424671.98
a 14 51 0 1 225281462399754.12
a 14 52 0 1 355186985215593.2
a 14 53 0 1 24696755514511.168
a 14 54 0 1 127133573443202.28
a 14 55 0 1 258225172457542.47
a 14 56 0 1 21468697534666.004
a 14 57 0 1 297729131334895.5
a 14 58 0 1 124803558009001.45
a 14 59 0 1 237328205199928.97
a 14 60 0 1 96997232644394.4
a 14 61 0 1 194504531970857.25
a 14 62 0 1 116303630668010.48
a 14 63 0 1 354692021410333.3
a 14 64 0 1 38968115872986.78
a 14 65 0 1 31197975581816.125
a 14 66 0 1 166857400009329.16
a 14 67 0 1 141628713292657.8
a 14 68 0 1 389699742147093.4
a 14 69 0 1 141869488739496.38
a 14 70 0 1 357683168493682.44
a 14 71 0 1 310175115430021.44
a 14 72 0 1 31546976836090.227
a 14 73 0 1 39471645965602.87
a 14 74 0 1 297188776989486.25
a 14 75 0 1 224670136793895.0
a 14 76 0 1 348730396415771.5
a 14 77 0 1 142091745619035.12
a 14 78 0 1 255025068912914.5
a 14 79 0 1 60810575264458.87
a 15 1 0 3 0
a 16 1 0 3 0
a 17 1 0 3 0
a 18 1 0 3 0
a 19 1 0 3 0
a 20 1 0 3 0
a 21 1 0 3 0
a 22 1 0 3 0
a 23 1 0 3 0
a 24 1 0 3 0
a 25 1 0 3 0
a 26 1 0 3 0
a 27 1 0 3 0
a 28 1 0 3 0
a 29 1 0 3 0
a 30 1 0 3 0
a 31 1 0 3 0
a 32 1 0 3 0
a 33 1 0 3 0
a 34 1 0 3 0
a 35 1 0 3 0
a 36 1 0 3 0
a 37 1 0 3 0
a 38 1 0 3 0
a 39 1 0 3 0
a 40 1 0 3 0
a 41 1 0 3 0
a 42 1 0 3 0
a 43 1 0 3 0
a 44 1 0 3 0
a 45 1 0 3 0
a 46 1 0 3 0
a 47 1 0 3 0
a 48 1 0 3 0
a 49 1 0 3 0
a 50 1 0 3 0
a 51 1 0 3 0
a 52 1 0 3 0
a 53 1 0 3 0
a 54 1 0 3 0
a 55 1 0 3 0
a 56 1 0 3 0
a 57 1 0 3 0
a 58 1 0 3 0
a 59 1 0 3 0
a 60 1 0 3 0
a 61 1 0 3 0
a 62 1 0 3 0
a 63 1 0 3 0
a 64 1 0 3 0
a 65 1 0 3 0
a 66 1 0 3 0
a 67 1 0 3 0
a 68 1 0 3 0
a 69 1 0 3 0
a 70 1 0 3 0
a 71 1 0 3 0
a 72 1 0 3 0
a 73 1 0 3 0
a 74 1 0 3 0
a 75 1 0 3 0
a 76 1 0 3 0
a 77 1 0 3 0
a 78 1 0 3 0
a 79 1 0 3 0
