p min 81 937
n 0 13
n 1 -13
a 0 2 0 1 0
a 0 3 0 1 0
a 0 4 0 1 0
a 0 5 0 1 0
a 0 6 0 1 0
a 0 7 0 1 0
a 0 8 0 1 0
a 0 9 0 1 0
a 0 10 0 1 0
a 0 11 0 1 0
a 0 12 0 1 0
a 0 13 0 1 0
a 0 14 0 1 0
a 2 15 0 1 244929537191006.44
a 2 16 0 1 593652977660830.8
a 2 17 0 1 524021120990598.4
a 2 18 0 1 560666425853511.75
a 2 19 0 1 619277575927240.9
a 2 20 0 1 428632336475751.4
a 2 21 0 1 552589607392544.75
a 2 22 0 1 268542952605173.97
a 2 23 0 1 220536789780056.72
a 2 24 0 1 534011856129743.44
a 2 25 0 1 403402215154996.2
a 2 26 0 1 269636338205119.4
a 2 27 0 1 224631535525270.34
a 2 28 0 1 577528874605235.6
a 2 29 0 1 461631363132152.94
a 2 30 0 1 519560220010796.25
a 2 31 0 1 564377130235599.0
a 2 32 0 1 517579578499830.4
a 2 33 0 1 492124795235408.6
a 2 34 0 1 653859818335573.5
a 2 35 0 1 504855498249007.7
a 2 36 0 1 404631961168552.7
a 2 37 0 1 562123761673748.9
a 2 38 0 1 442108880778036.8
a 2 39 0 1 481423798674123.44
a 2 40 0 1 321932349856006.06
a 2 41 0 1 642373711359869.1
a 2 42 0 1 465893607680094.2
a 2 43 0 1 98577512046303.52
a 2 44 0 1 239914935514043.4
a 2 45 0 1 180064378980839.5
a 2 46 0 1 624106911339516.1
a 2 47 0 1 152264808595674.38
a 2 48 0 1 598087558585955.4
a 2 49 0 1 285426441113861.06
a 2 50 0 1 163744501407711.72
a 2 51 0 1 384546776674594.1
a 2 52 0 1 513123955520213.1
a 2 53 0 1 373517034155619.1
a 2 54 0 1 131938029274582.72
a 2 55 0 1 418951218027231.75
a 2 56 0 1 274746132503051.2
a 2 57 0 1 27126954319319.59
a 2 58 0 1 142297958135163.44
a 2 59 0 1 338945866745943.5
a 2 60 0 1 72626794997515.2
a 2 61 0 1 322406024444424.06
a 2 62 0 1 302118680166535.94
a 2 63 0 1 457228426011869.9
a 2 64 0 1 492514245714022.6
a 2 65 0 1 507282855427751.44
a 2 66 0 1 245428975738164.06
a 2 67 0 1 104565434956852.66
a 2 68 0 1 396763476640520.06
a 2 69 0 1 492598930465932.75
a 2 70 0 1 586023187788865.6
a 2 71 0 1 72766426868891.89
a 2 72 0 1 375861441331696.7
a 2 73 0 1 363485602078462.0
a 2 74 0 1 420128164234044.5
a 2 75 0 1 674328272056067.0
a 2 76 0 1 127407460442524.52
a 2 77 0 1 33902459158198.69
a 2 78 0 1 189127580403591.25
a 2 79 0 1 413905064961240.1
a 2 80 0 1 421192753786838.2
a 3 15 0 1 203889537954114.9
a 3 16 0 1 490776717938518.1
a 3 17 0 1 433820156508825.4
a 3 18 0 1 463815530410060.6
a 3 19 0 1 511694827523511.4
a 3 20 0 1 355527151061026.06
a 3 21 0 1 457208339695398.0
a 3 22 0 1 223443741144177.03
a 3 23 0 1 183670815656259.75
a 3 24 0 1 442002450267772.1
a 3 25 0 1 334767471370369.44
a 3 26 0 1 224348727679766.9
a 3 27 0 1 187066235561413.12
a 3 28 0 1 477602536906621.06
a 3 29 0 1 382646864337728.56
a 3 30 0 1 430165631649277.2
a 3 31 0 1 466850299023729.5
a 3 32 0 1 428542803924555.4
a 3 33 0 1 407674681701344.6
a 3 34 0 1 539889300488573.2
a 3 35 0 1 418114212419371.7
a 3 36 0 1 335779817876139.9
a 3 37 0 1 465007456672626.0
a 3 38 0 1 366607064266783.56
a 3 39 0 1 398895309951658.3
a 3 40 0 1 267587753149208.75
a 3 41 0 1 530529420774842.2
a 3 42 0 1 386147040679155.1
a 3 43 0 1 82291405972723.81
a 3 44 0 1 199734609579281.25
a 3 45 0 1 150081186122862.78
a 3 46 0 1 515634614438290.1
a 3 47 0 1 126978475084833.08
a 3 48 0 1 494398417575041.9
a 3 49 0 1 237413688943571.16
a 3 50 0 1 136521651568649.28
a 3 51 0 1 319239034869802.1
a 3 52 0 1 424891625177217.75
a 3 53 0 1 310149957935435.2
a 3 54 0 1 110070208157879.02
a 3 55 0 1 347563924947186.8
a 3 56 0 1 228577543046293.47
a 3 57 0 1 22676018917870.113
a 3 58 0 1 118689490341173.22
a 3 59 0 1 281635269100344.56
a 3 60 0 1 60657998866722.99
a 3 61 0 1 267978980864259.84
a 3 62 0 1 251216165736130.84
a 3 63 0 1 379030505836101.94
a 3 64 0 1 407994123570835.06
a 3 65 0 1 420104087411724.2
a 3 66 0 1 204303310702552.7
a 3 67 0 1 87280087122833.06
a 3 68 0 1 329301481174235.1
a 3 69 0 1 408063584494620.5
a 3 70 0 1 484543921711947.1
a 3 71 0 1 60774458288371.414
a 3 72 0 1 312082210253872.6
a 3 73 0 1 301880016322076.25
a 3 74 0 1 348532192903078.3
a 3 75 0 1 556557404818808.94
a 3 76 0 1 106299767829253.67
a 3 77 0 1 28336181696909.543
a 3 78 0 1 157607712917752.94
a 3 79 0 1 343411951989918.0
a 3 80 0 1 349407985504515.5
a 4 15 0 1 119649386506429.48
a 4 16 0 1 284055319780503.1
a 4 17 0 1 251784543029935.9
a 4 18 0 1 268802358885643.16
a 4 19 0 1 295861145285143.4
a 4 20 0 1 207125801761249.2
a 4 21 0 1 265058149762839.28
a 4 22 0 1 131002309228261.62
a 4 23 0 1 107888116555564.84
a 4 24 0 1 256431794692033.06
a 4 25 0 1 195226398058325.25
a 4 26 0 1 131527213811686.73
a 4 27 0 1 109864838969843.38
a 4 28 0 1 276607326026352.66
a 4 29 0 1 222634175571013.25
a 4 30 0 1 249707681007351.72
a 4 31 0 1 270521295550040.0
a 4 32 0 1 248785188099395.72
a 4 33 0 1 236909496574988.53
a 4 34 0 1 311734417620497.7
a 4 35 0 1 242853528696903.7
a 4 36 0 1 195807235896092.78
a 4 37 0 1 269477545198353.94
a 4 38 0 1 213466845562820.03
a 4 39 0 1 231905959109087.16
a 4 40 0 1 156552881001735.28
a 4 41 0 1 306469870741007.0
a 4 42 0 1 224632725380900.3
a 4 43 0 1 48570667629637.37
a 4 44 0 1 117234326507075.83
a 4 45 0 1 88298359687399.2
a 4 46 0 1 298081921609592.7
a 4 47 0 1 74788027938056.27
a 4 48 0 1 286101118475288.9
a 4 49 0 1 139099950679701.05
a 4 50 0 1 80372439580708.58
a 4 51 0 1 186309665163187.7
a 4 52 0 1 246709139612668.56
a 4 53 0 1 181084241925556.5
a 4 54 0 1 64881266614463.555
a 4 55 0 1 202564167864906.12
a 4 56 0 1 133979375738971.66
a 4 57 0 1 13421646819557.205
a 4 58 0 1 69933405588257.06
a 4 59 0 1 164660635294624.28
a 4 60 0 1 35838580478779.695
a 4 61 0 1 156778834597153.84
a 4 62 0 1 147089762192139.66
a 4 63 0 1 220568561669279.72
a 4 64 0 1 237091470784283.2
a 4 65 0 1 243985820186337.6
a 4 66 0 1 119889839726334.33
a 4 67 0 1 51502993723513.164
a 4 68 0 1 192089267470507.28
a 4 69 0 1 237131039339130.22
a 4 70 0 1 280532846365435.84
a 4 71 0 1 35907191153262.85
a 4 72 0 1 182195506864855.94
a 4 73 0 1 176325711174474.22
a 4 74 0 1 203119018781038.22
a 4 75 0 1 321097245387993.2
a 4 76 0 1 62669941814621.1
a 4 77 0 1 16767363607887.812
a 4 78 0 1 92693383010121.33
a 4 79 0 1 200184345436996.75
a 4 80 0 1 203620832638562.6
a 5 15 0 1 245109078817999.75
a 5 16 0 1 594106279015999.9
a 5 17 0 1 524417987177126.6
a 5 18 0 1 561092879396051.94
a 5 19 0 1 619751874492309.6
a 5 20 0 1 428953347420333.94
a 5 21 0 1 553009518242865.3
a 5 22 0 1 268740345242453.62
a 5 23 0 1 220697992956871.25
a 5 24 0 1 534416764060679.4
a 5 25 0 1 403703439836663.2
a 5 26 0 1 269834559763285.78
a 5 27 0 1 224795809934148.78
a 5 28 0 1 577969027025763.6
a 5 29 0 1 461978427197358.1
a 5 30 0 1 519953501502710.56
a 5 31 0 1 564806593749272.6
a 5 32 0 1 517971269567067.06
a 5 33 0 1 492496110985331.8
a 5 34 0 1 654362651449531.0
a 5 35 0 1 505236989368319.4
a 5 36 0 1 404934147591573.56
a 5 37 0 1 562551397040388.6
a 5 38 0 1 442440507685639.06
a 5 39 0 1 481786584415705.56
a 5 40 0 1 322170463103706.2
a 5 41 0 1 642867041808052.6
a 5 42 0 1 466244051307872.3
a 5 43 0 1 98648556567312.73
a 5 44 0 1 240090698745310.94
a 5 45 0 1 180195381506874.12
a 5 46 0 1 624585181044888.8
a 5 47 0 1 152375229559170.03
a 5 48 0 1 598544484841942.2
a 5 49 0 1 285636656829519.56
a 5 50 0 1 163863405446304.2
a 5 51 0 1 384833289251777.5
a 5 52 0 1 513512071442882.25
a 5 53 0 1 373794970276274.75
a 5 54 0 1 132033484422435.12
a 5 55 0 1 419264623126145.0
a 5 56 0 1 274948230684221.88
a 5 57 0 1 27146343972719.78
a 5 58 0 1 142401032135917.75
a 5 59 0 1 339197061981364.6
a 5 60 0 1 72678980140228.47
a 5 61 0 1 322644501215062.7
a 5 62 0 1 302341622844670.75
a 5 63 0 1 457572002442213.75
a 5 64 0 1 492885872300672.44
a 5 65 0 1 507666290070770.56
a 5 66 0 1 245608893920613.22
a 5 67 0 1 104640847166708.89
a 5 68 0 1 397059514101326.25
a 5 69 0 1 492970624646720.94
a 5 70 0 1 586470261088922.1
a 5 71 0 1 72818713185956.25
a 5 72 0 1 376141198581907.1
a 5 73 0 1 363755756909921.6
a 5 74 0 1 420442493079780.2
a 5 75 0 1 674848101570737.1
a 5 76 0 1 127499589451389.33
a 5 77 0 1 33926710715194.67
a 5 78 0 1 189265321468413.75
a 5 79 0 1 414214512337217.2
a 5 80 0 1 421507918410138.06
a 6 15 0 1 154303026044355.78
a 6 16 0 1 368389500786803.1
a 6 17 0 1 326172709785689.9
a 6 18 0 1 348423450795068.3
a 6 19 0 1 383858179448265.9
a 6 20 0 1 267908205469886.06
a 6 21 0 1 343525607251121.75
a 6 22 0 1 169008566343678.8
a 6 23 0 1 139080496606730.44
a 6 24 0 1 332246317026378.0
a 6 25 0 1 252414189223413.56
a 6 26 0 1 169688754628605.3
a 6 27 0 1 141638106832412.2
a 6 28 0 1 358637406943234.25
a 6 29 0 1 288120701089090.25
a 6 30 0 1 323459052417762.75
a 6 31 0 1 350672447805857.1
a 6 32 0 1 322253837691853.8
a 6 33 0 1 306745528903598.1
a 6 34 0 1 404676882048363.9
a 6 35 0 1 314506140510945.6
a 6 36 0 1 253170191024387.1
a 6 37 0 1 349306808375311.9
a 6 38 0 1 276170019178285.2
a 6 39 0 1 300215354150671.1
a 6 40 0 1 202146129182815.5
a 6 41 0 1 397769500028315.25
a 6 42 0 1 290727061137883.0
a 6 43 0 1 62489771722217.2
a 6 44 0 1 151176240527790.72
a 6 45 0 1 113752460557859.31
a 6 46 0 1 386769429005231.25
a 6 47 0 1 96304093145809.39
a 6 48 0 1 371069091074246.1
a 6 49 0 1 179504460236887.12
a 6 50 0 1 103514349328409.88
a 6 51 0 1 240812249195618.38
a 6 52 0 1 319541817312002.2
a 6 53 0 1 234016558682743.2
a 6 54 0 1 83519710651898.78
a 6 55 0 1 261967061576444.25
a 6 56 0 1 172866667425810.94
a 6 57 0 1 17247946716885.4
a 6 58 0 1 90038288126809.08
a 6 59 0 1 212673531874375.5
a 6 60 0 1 46089599854918.19
a 6 61 0 1 202439436124621.34
a 6 62 0 1 189866277678274.94
a 6 63 0 1 285427264228685.6
a 6 64 0 1 306983068828829.5
a 6 65 0 1 315984844406376.25
a 6 66 0 1 154614369612603.66
a 6 67 0 1 66268858817058.12
a 6 68 0 1 248331517266720.03
a 6 69 0 1 307034720020502.7
a 6 70 0 1 363776675465598.75
a 6 71 0 1 46177940012594.586
a 6 72 0 1 235461558935439.5
a 6 73 0 1 227830199974122.28
a 6 74 0 1 262689607365460.78
a 6 75 0 1 416967904805399.6
a 6 76 0 1 80667216830963.92
a 6 77 0 1 21549843643798.613
a 6 78 0 1 119431974882384.36
a 6 79 0 1 258868291993996.66
a 6 80 0 1 263343110516885.3
a 7 15 0 1 245915621736160.3
a 7 16 0 1 596142967160033.1
a 7 17 0 1 526201047818706.0
a 7 18 0 1 563008907475361.0
a 7 19 0 1 621882931642028.6
a 7 20 0 1 430395532571215.06
a 7 21 0 1 554896142623485.9
a 7 22 0 1 269627089077528.34
a 7 23 0 1 221422146876473.7
a 7 24 0 1 536235964314593.0
a 7 25 0 1 405056715586895.8
a 7 26 0 1 270725027813372.75
a 7 27 0 1 225533761818611.53
a 7 28 0 1 579946620409472.2
a 7 29 0 1 463537685213712.5
a 7 30 0 1 521720452639381.4
a 7 31 0 1 566736149106971.2
a 7 32 0 1 519731073408626.8
a 7 33 0 1 494164350363288.75
a 7 34 0 1 656621957132815.1
a 7 35 0 1 506950955456433.5
a 7 36 0 1 406291744866781.8
a 7 37 0 1 564472736414863.0
a 7 38 0 1 443930396491442.2
a 7 39 0 1 483416491563217.25
a 7 40 0 1 323240163040998.25
a 7 41 0 1 645083637244625.5
a 7 42 0 1 467818496082300.3
a 7 43 0 1 98967683252518.98
a 7 44 0 1 240880266340957.88
a 7 45 0 1 180783857385145.5
a 7 46 0 1 626734086207873.1
a 7 47 0 1 152871244634424.97
a 7 48 0 1 600597464413671.5
a 7 49 0 1 286581013235340.4
a 7 50 0 1 164397529675494.06
a 7 51 0 1 386120457730625.0
a 7 52 0 1 515255808802232.75
a 7 53 0 1 375043601930616.0
a 7 54 0 1 132462268439495.72
a 7 55 0 1 420672631212251.9
a 7 56 0 1 275856115861542.6
a 7 57 0 1 27233438003856.125
a 7 58 0 1 142864042230289.8
a 7 59 0 1 340325540775265.6
a 7 60 0 1 72913389110636.48
a 7 61 0 1 323715834489071.7
a 7 62 0 1 303343160907804.94
a 7 63 0 1 459115588123564.56
a 7 64 0 1 494555508527404.75
a 7 65 0 1 509388990153992.25
a 7 66 0 1 246417128606276.22
a 7 67 0 1 104979594119699.55
a 7 68 0 1 398389481487804.2
a 7 69 0 1 494640564630384.75
a 7 70 0 1 588478958597562.4
a 7 71 0 1 73053576633605.14
a 7 72 0 1 377398013132059.9
a 7 73 0 1 364969425048381.25
a 7 74 0 1 421854652028647.25
a 7 75 0 1 677183799779393.8
a 7 76 0 1 127913431599407.98
a 7 77 0 1 34035643675957.055
a 7 78 0 1 189884070144000.38
a 7 79 0 1 415604736422729.5
a 7 80 0 1 422923832935470.06
a 8 15 0 1 231700727482992.72
a 8 16 0 1 560331564238417.25
a 8 17 0 1 494834065541273.9
a 8 18 0 1 529311346439116.2
a 8 19 0 1 584418955325609.5
a 8 20 0 1 405008617588173.9
a 8 21 0 1 521713851596203.7
a 8 22 0 1 254001091830890.28
a 8 23 0 1 208657304473683.25
a 8 24 0 1 504235430442620.2
a 8 25 0 1 381230838964893.75
a 8 26 0 1 255033515001335.9
a 8 27 0 1 212526042480881.97
a 8 28 0 1 545170376501562.7
a 8 29 0 1 436096054948968.4
a 8 30 0 1 490635908851026.44
a 8 31 0 1 532801555590378.75
a 8 32 0 1 488771844495309.3
a 8 33 0 1 464810840205497.1
a 8 34 0 1 616913065103703.8
a 8 35 0 1 476795489596792.2
a 8 36 0 1 382389980272149.9
a 8 37 0 1 530682106462137.56
a 8 38 0 1 417706136451558.94
a 8 39 0 1 454735360229083.44
a 8 40 0 1 304396743975974.5
a 8 41 0 1 606122241644154.4
a 8 42 0 1 440110394152937.7
a 8 43 0 1 93337995279347.52
a 8 44 0 1 226964101544132.6
a 8 45 0 1 170407953187379.84
a 8 46 0 1 588957625292218.0
a 8 47 0 1 144124045661643.12
a 8 48 0 1 564500726533679.1
a 8 49 0 1 269941612720834.0
a 8 50 0 1 154978964789666.72
a 8 51 0 1 363455611206737.0
a 8 52 0 1 484578289003643.5
a 8 53 0 1 353055705791656.0
a 8 54 0 1 124899712376965.11
a 8 55 0 1 395885721881237.2
a 8 56 0 1 259858217178983.38
a 8 57 0 1 25696336131946.355
a 8 58 0 1 134698368478039.8
a 8 59 0 1 320448927885286.9
a 8 60 0 1 68777528435783.555
a 8 61 0 1 304843702080924.8
a 8 62 0 1 285698157361887.4
a 8 63 0 1 431948965776493.5
a 8 64 0 1 465177498347827.4
a 8 65 0 1 479080363244428.8
a 8 66 0 1 232172463916708.28
a 8 67 0 1 99004011116176.97
a 8 68 0 1 374972932051650.94
a 8 69 0 1 465257226724930.2
a 8 70 0 1 553157836787224.0
a 8 71 0 1 68909700869221.07
a 8 72 0 1 355266365263579.6
a 8 73 0 1 343595795504644.94
a 8 74 0 1 396994866817971.06
a 8 75 0 1 636138220967112.4
a 8 76 0 1 120614199710154.9
a 8 77 0 1 32113192184824.94
a 8 78 0 1 178975033113835.62
a 8 79 0 1 391130070341790.75
a 8 80 0 1 397998112802444.94
a 9 15 0 1 50611875534209.61
a 9 16 0 1 118847194082263.08
a 9 17 0 1 105572583238861.45
a 9 18 0 1 112580112080706.28
a 9 19 0 1 123689029384019.0
a 9 20 0 1 87106318997616.78
a 9 21 0 1 111039722302354.42
a 9 22 0 1 55372423740654.05
a 9 23 0 1 45672475237840.19
a 9 24 0 1 107487813367722.33
a 9 25 0 1 82167149521862.47
a 9 26 0 1 55592353845609.68
a 9 27 0 1 46503185123410.18
a 9 28 0 1 115788609046371.05
a 9 29 0 1 93531611497150.11
a 9 30 0 1 104716275175402.45
a 9 31 0 1 113287031000834.98
a 9 32 0 1 104335846230442.7
a 9 33 0 1 99434161889774.2
a 9 34 0 1 130186782926213.9
a 9 35 0 1 101888541380628.95
a 9 36 0 1 82408425758874.28
a 9 37 0 1 112857804538445.0
a 9 38 0 1 89735108292982.25
a 9 39 0 1 97366597732644.25
a 9 40 0 1 66059958818738.53
a 9 41 0 1 128033285475456.56
a 9 42 0 1 94358655661641.27
a 9 43 0 1 20642489496102.02
a 9 44 0 1 49598251724096.52
a 9 45 0 1 37428102709015.96
a 9 46 0 1 124598952340540.33
a 9 47 0 1 31729711226838.375
a 9 48 0 1 119686778424746.72
a 9 49 0 1 58763541207084.75
a 9 50 0 1 34086348713200.26
a 9 51 0 1 78460829038984.42
a 9 52 0 1 103479526202543.6
a 9 53 0 1 76286768006182.31
a 9 54 0 1 27544719655257.816
a 9 55 0 1 85213825021128.36
a 9 56 0 1 56619582134192.484
a 9 57 0 1 5717462071380.086
a 9 58 0 1 29679623629947.67
a 9 59 0 1 69443704323215.72
a 9 60 0 1 15244200187077.064
a 9 61 0 1 66154309694911.234
a 9 62 0 1 62105900431958.664
a 9 63 0 1 92676580267553.8
a 9 64 0 1 99509331019258.25
a 9 65 0 1 102355857810445.52
a 9 66 0 1 50712778149309.22
a 9 67 0 1 21884477756055.207
a 9 68 0 1 80863679892068.34
a 9 69 0 1 99525675584283.53
a 9 70 0 1 117401044251460.66
a 9 71 0 1 15273314921264.49
a 9 72 0 1 76749242706946.55
a 9 73 0 1 74305630709820.23
a 9 74 0 1 85444079240385.25
a 9 75 0 1 134012898275549.94
a 9 76 0 1 26609819438571.01
a 9 77 0 1 7141118574955.228
a 9 78 0 1 39279627588646.32
a 9 79 0 1 84226041722697.97
a 9 80 0 1 85652309111686.56
a 10 15 0 1 170499760592280.28
a 10 16 0 1 408140531273027.1
a 10 17 0 1 361176314410025.25
a 10 18 0 1 385922829943179.6
a 10 19 0 1 425361612958068.7
a 10 20 0 1 296443457229635.5
a 10 21 0 1 380474393971651.56
a 10 22 0 1 186782370053226.47
a 10 23 0 1 153650933561260.66
a 10 24 0 1 367929762858394.7
a 10 25 0 1 279245501663262.78
a 10 26 0 1 187535647080885.75
a 10 27 0 1 156481345078444.03
a 10 28 0 1 397287215651479.4
a 10 29 0 1 318888971701398.44
a 10 30 0 1 358159248894300.6
a 10 31 0 1 388424880082404.8
a 10 32 0 1 356819349301003.0
a 10 33 0 1 339581661594724.0
a 10 34 0 1 448549806675240.06
a 10 35 0 1 348206824710046.2
a 10 36 0 1 280084487542096.34
a 10 37 0 1 386905563956112.4
a 10 38 0 1 305616618232851.1
a 10 39 0 1 332325338021460.25
a 10 40 0 1 223495467119185.8
a 10 41 0 1 440854854597899.6
a 10 42 0 1 321784116006522.75
a 10 43 0 1 68972632846027.08
a 10 44 0 1 167038410117522.1
a 10 45 0 1 125630918565847.92
a 10 46 0 1 428603447511082.9
a 10 47 0 1 106338134727373.83
a 10 48 0 1 411123187429948.0
a 10 49 0 1 198407499314149.3
a 10 50 0 1 114309573020034.81
a 10 51 0 1 266372059587197.5
a 10 52 0 1 353804407778849.75
a 10 53 0 1 258833351050671.06
a 10 54 0 1 92207542776933.2
a 10 55 0 1 289848144084566.2
a 10 56 0 1 191055206373718.25
a 10 57 0 1 19027022621115.168
a 10 58 0 1 99411986277483.89
a 10 59 0 1 235165116248394.2
a 10 60 0 1 50861083617663.98
a 10 61 0 1 223820556965661.2
a 10 62 0 1 209887096435410.7
a 10 63 0 1 315897304680511.0
a 10 64 0 1 339845638596153.3
a 10 65 0 1 349850454757091.44
a 10 66 0 1 170844432413609.44
a 10 67 0 1 73147085052211.69
a 10 68 0 1 274714963837485.44
a 10 69 0 1 339903038535170.2
a 10 70 0 1 403006475450515.75
a 10 71 0 1 50958623071437.05
a 10 72 0 1 260436234840159.47
a 10 73 0 1 251971717095122.16
a 10 74 0 1 290650195110128.4
a 10 75 0 1 462245690518380.56
a 10 76 0 1 89055275411357.02
a 10 77 0 1 23773863701614.023
a 10 78 0 1 131912567854961.64
a 10 79 0 1 286408568235936.0
a 10 80 0 1 291375619046658.1
a 11 15 0 1 150226513200449.12
a 11 16 0 1 358418506025884.7
a 11 17 0 1 317386548727290.9
a 11 18 0 1 339014207729036.44
a 11 19 0 1 373450239355592.7
a 11 20 0 1 260738984045686.38
a 11 21 0 1 334253783743912.7
a 11 22 0 1 164536140697782.22
a 11 23 0 1 135412443460871.66
a 11 24 0 1 323290386023879.6
a 11 25 0 1 245671414713730.25
a 11 26 0 1 165197984896875.94
a 11 27 0 1 137901523757270.28
a 11 28 0 1 348941104278121.7
a 11 29 0 1 280392935980039.06
a 11 30 0 1 314748669160518.94
a 11 31 0 1 341200053800388.75
a 11 32 0 1 313577094818136.8
a 11 33 0 1 298500850731249.56
a 11 34 0 1 393678481615820.3
a 11 35 0 1 306045437574006.56
a 11 36 0 1 246406643144875.88
a 11 37 0 1 339872764770891.0
a 11 38 0 1 268772799630877.16
a 11 39 0 1 292152159715699.56
a 11 40 0 1 196776755092022.72
a 11 41 0 1 386967311806309.6
a 11 42 0 1 282927088806788.06
a 11 43 0 1 60855833270786.266
a 11 44 0 1 147183741136550.38
a 11 45 0 1 110760943580373.64
a 11 46 0 1 376279085323204.1
a 11 47 0 1 93776409737306.72
a 11 48 0 1 361022513914355.25
a 11 49 0 1 174748657983615.16
a 11 50 0 1 100795214079276.58
a 11 51 0 1 234387831336580.2
a 11 52 0 1 310940740140512.5
a 11 53 0 1 227778230447929.47
a 11 54 0 1 81330727471167.44
a 11 55 0 1 254961535128110.66
a 11 56 0 1 168290155101322.03
a 11 57 0 1 16799244858008.295
a 11 58 0 1 87676727727783.1
a 11 59 0 1 207017811672171.88
a 11 60 0 1 44886699844444.02
a 11 61 0 1 197062093204901.94
a 11 62 0 1 184830064328992.2
a 11 63 0 1 277774074482659.5
a 11 64 0 1 298731784049580.94
a 11 65 0 1 307482937613770.56
a 11 66 0 1 150529488070268.72
a 11 67 0 1 64535371413174.01
a 11 68 0 1 241700865402231.8
a 11 69 0 1 298781998639955.6
a 11 70 0 1 353935687172347.6
a 11 71 0 1 44972722440123.21
a 11 72 0 1 229183685276274.03
a 11 73 0 1 221761029651985.38
a 11 74 0 1 255664184408242.2
a 11 75 0 1 405619612953799.7
a 11 76 0 1 78553673212461.97
a 11 77 0 1 20988958113811.445
a 11 78 0 1 116289086461882.42
a 11 79 0 1 251948058860387.62
a 11 80 0 1 256299689482905.12
a 12 15 0 1 140727405609979.0
a 12 16 0 1 335236380389921.5
a 12 17 0 1 296949859811711.6
a 12 18 0 1 317133434970323.2
a 12 19 0 1 349256272901719.94
a 12 20 0 1 244052998650056.94
a 12 21 0 1 312691441870394.75
a 12 22 0 1 154116055690218.47
a 12 23 0 1 126863792793410.67
a 12 24 0 1 302460162257657.0
a 12 25 0 1 229975401792246.25
a 12 26 0 1 154735234411311.7
a 12 27 0 1 129193388011546.62
a 12 28 0 1 326395260063507.75
a 12 29 0 1 262410811123106.0
a 12 30 0 1 294487653290313.1
a 12 31 0 1 319172957843960.44
a 12 32 0 1 293394069541093.75
a 12 33 0 1 279319686172900.03
a 12 34 0 1 368117713430484.2
a 12 35 0 1 286363318898268.4
a 12 36 0 1 230662398534752.9
a 12 37 0 1 317934527352714.94
a 12 38 0 1 251557661875761.9
a 12 39 0 1 273391913734197.16
a 12 40 0 1 184271209674597.25
a 12 41 0 1 361860668686739.44
a 12 42 0 1 264777442468383.12
a 12 43 0 1 57044856695333.86
a 12 44 0 1 137880102634893.88
a 12 45 0 1 103787199366239.4
a 12 46 0 1 351894333475705.75
a 12 47 0 1 87882894184314.23
a 12 48 0 1 337665336844790.8
a 12 49 0 1 163669550132781.66
a 12 50 0 1 94455777038202.23
a 12 51 0 1 219431075970492.53
a 12 52 0 1 290933142692195.94
a 12 53 0 1 213253678104065.12
a 12 54 0 1 76226258420417.19
a 12 55 0 1 238655520211222.7
a 12 56 0 1 157627988687100.4
a 12 57 0 1 15752222573918.178
a 12 58 0 1 82170191861451.22
a 12 59 0 1 193846795384261.9
a 12 60 0 1 42080607775892.09
a 12 61 0 1 184538026186210.0
a 12 62 0 1 173098970993445.38
a 12 63 0 1 259964974925554.06
a 12 64 0 1 279535297767428.38
a 12 65 0 1 287705277982354.25
a 12 66 0 1 141010910217271.62
a 12 67 0 1 60492362525912.31
a 12 68 0 1 226265192494078.25
a 12 69 0 1 279582180671663.66
a 12 70 0 1 331054684617968.1
a 12 71 0 1 42161226526135.01
a 12 72 0 1 214567281438202.38
a 12 73 0 1 207629408926670.2
a 12 74 0 1 239311982968760.84
a 12 75 0 1 379249204237367.9
a 12 76 0 1 73624978397458.4
a 12 77 0 1 19680217449627.63
a 12 78 0 1 108962894226051.03
a 12 79 0 1 235840046522280.75
a 12 80 0 1 239905709028891.7
a 13 15 0 1 84930761855491.12
a 13 16 0 1 200515728213284.97
a 13 17 0 1 177930529865127.2
a 13 18 0 1 189846986939681.34
a 13 19 0 1 208765621540939.94
a 13 20 0 1 146592496114667.72
a 13 21 0 1 187226364794217.78
a 13 22 0 1 92954062396910.08
a 13 23 0 1 76612391973119.53
a 13 24 0 1 181186083662183.1
a 13 25 0 1 138226218840704.8
a 13 26 0 1 93324872446965.0
a 13 27 0 1 78010925452419.42
a 13 28 0 1 195307607687798.38
a 13 29 0 1 157485959096940.53
a 13 30 0 1 176475281945923.34
a 13 31 0 1 191049866643302.3
a 13 32 0 1 175828828493638.44
a 13 33 0 1 167503056802554.84
a 13 34 0 1 219847186949502.88
a 13 35 0 1 171671130445406.9
a 13 36 0 1 138634754460070.94
a 13 37 0 1 190319486728802.75
a 13 38 0 1 151047999989341.53
a 13 39 0 1 163993155804701.38
a 13 40 0 1 110988556724980.38
a 13 41 0 1 216173218035396.97
a 13 42 0 1 158888947365074.66
a 13 43 0 1 34558768359184.977
a 13 44 0 1 83223205283867.36
a 13 45 0 1 62742556362476.555
a 13 46 0 1 210316741715921.38
a 13 47 0 1 53166407472184.85
a 13 48 0 1 201945813093310.9
a 13 49 0 1 98673041075023.42
a 13 50 0 1 57125700830157.11
a 13 51 0 1 131952549982123.2
a 13 52 0 1 174373850004625.25
a 13 53 0 1 128274252999907.4
a 13 54 0 1 46138966420591.34
a 13 55 0 1 143386089995966.84
a 13 56 0 1 95056986846665.73
a 13 57 0 1 9560850170837.281
a 13 58 0 1 49723324110513.91
a 13 59 0 1 116704767859315.14
a 13 60 0 1 25510481922635.945
a 13 61 0 1 111147903454432.98
a 13 62 0 1 104312793392561.77
a 13 63 0 1 156035689455442.88
a 13 64 0 1 167630686029980.9
a 13 65 0 1 172464922485223.1
a 13 66 0 1 85100757921952.14
a 13 67 0 1 36641590878558.836
a 13 68 0 1 136019419928328.62
a 13 69 0 1 167658437575858.4
a 13 70 0 1 198052921011566.2
a 13 71 0 1 25559261894770.86
a 13 72 0 1 129056607940040.84
a 13 73 0 1 124923472801002.17
a 13 74 0 1 143776152245404.53
a 13 75 0 1 226377897102571.06
a 13 76 0 1 44569709427063.47
a 13 77 0 1 11942832717965.096
a 13 78 0 1 65855886594326.55
a 13 79 0 1 141712898147321.56
a 13 80 0 1 144128916499851.5
a 14 15 0 1 263102191645669.62
a 14 16 0 1 639680497032953.2
a 14 17 0 1 564291907513380.8
a 14 18 0 1 603954361614270.6
a 14 19 0 1 667448869398118.4
a 14 20 0 1 461177307932183.06
a 14 21 0 1 595210178084862.6
a 14 22 0 1 288526553627910.5
a 14 23 0 1 236849826209053.22
a 14 24 0 1 575102488347963.4
a 14 25 0 1 433934202340707.7
a 14 26 0 1 289704049636183.25
a 14 27 0 1 241255956536725.75
a 14 28 0 1 622214446802707.9
a 14 29 0 1 496828296659855.5
a 14 30 0 1 559465600816728.5
a 14 31 0 1 607972121972657.2
a 14 32 0 1 557322849172311.75
a 14 33 0 1 529791763479615.3
a 14 34 0 1 704946114089765.5
a 14 35 0 1 543559242532617.3
a 14 36 0 1 435261771152937.75
a 14 37 0 1 605532256211253.1
a 14 38 0 1 475734263627433.56
a 14 39 0 1 518221826750850.75
a 14 40 0 1 346049769454588.5
a 14 41 0 1 692489028645079.6
a 14 42 0 1 501434666338642.56
a 14 43 0 1 105759422035626.8
a 14 44 0 1 257704375715235.3
a 14 45 0 1 193316623394548.9
a 14 46 0 1 672683768330432.5
a 14 47 0 1 163432364698693.6
a 14 48 0 1 644485098421953.4
a 14 49 0 1 306711377450185.0
a 14 50 0 1 175771180677051.03
a 14 51 0 1 413582605113812.44
a 14 52 0 1 552502837746184.6
a 14 53 0 1 401680908691570.7
a 14 54 0 1 141590333044098.94
a 14 55 0 1 450722288385235.94
a 14 56 0 1 295207225374469.0
a 14 57 0 1 29085893231905.83
a 14 58 0 1 152721586769564.5
a 14 59 0 1 364392152769921.1
a 14 60 0 1 77901058534520.02
a 14 61 0 1 346560365212881.75
a 14 62 0 1 324695579482533.0
a 14 63 0 1 492070258217196.7
a 14 64 0 1 530212881717468.44
a 14 65 0 1 546184654682178.6
a 14 66 0 1 263639823214536.6
a 14 67 0 1 112189259728262.7
a 14 68 0 1 426767887171561.3
a 14 69 0 1 530304452928066.4
a 14 70 0 1 631415036350041.4
a 14 71 0 1 78050922087517.4
a 14 72 0 1 404210452549408.6
a 14 73 0 1 390858515989578.06
a 14 74 0 1 451993219311725.5
a 14 75 0 1 727151789286776.6
a 14 76 0 1 136723071835640.73
a 14 77 0 1 36352733968082.05
a 14 78 0 1 203062580825671.53
a 14 79 0 1 445273487739306.44
a 14 80 0 1 453142845068383.06
a 15 1 0 3 0
a 16 1 0 3 0
a 17 1 0 3 0
a 18 1 0 3 0
a 19 1 0 3 0
a 20 1 0 3 0
a 21 1 0 3 0
a 22 1 0 3 0
a 23 1 0 3 0
a 24 1 0 3 0
a 25 1 0 3 0
a 26 1 0 3 0
a 27 1 0 3 0
a 28 1 0 3 0
a 29 1 0 3 0
a 30 1 0 3 0
a 31 1 0 3 0
a 32 1 0 3 0
a 33 1 0 3 0
a 34 1 0 3 0
a 35 1 0 3 0
a 36 1 0 3 0
a 37 1 0 3 0
a 38 1 0 3 0
a 39 1 0 3 0
a 40 1 0 3 0
a 41 1 0 3 0
a 42 1 0 3 0
a 43 1 0 3 0
a 44 1 0 3 0
a 45 1 0 3 0
a 46 1 0 3 0
a 47 1 0 3 0
a 48 1 0 3 0
a 49 1 0 3 0
a 50 1 0 3 0
a 51 1 0 3 0
a 52 1 0 3 0
a 53 1 0 3 0
a 54 1 0 3 0
a 55 1 0 3 0
a 56 1 0 3 0
a 57 1 0 3 0
a 58 1 0 3 0
a 59 1 0 3 0
a 60 1 0 3 0
a 61 1 0 3 0
a 62 1 0 3 0
a 63 1 0 3 0
a 64 1 0 3 0
a 65 1 0 3 0
a 66 1 0 3 0
a 67 1 0 3 0
a 68 1 0 3 0
a 69 1 0 3 0
a 70 1 0 3 0
a 71 1 0 3 0
a 72 1 0 3 0
a 73 1 0 3 0
a 74 1 0 3 0
a 75 1 0 3 0
a 76 1 0 3 0
a 77 1 0 3 0
a 78 1 0 3 0
a 79 1 0 3 0
a 80 1 0 3 0
