p min 81 937
n 0 13
n 1 -13
a 0 2 0 1 0
a 0 3 0 1 0
a 0 4 0 1 0
a 0 5 0 1 0
a 0 6 0 1 0
a 0 7 0 1 0
a 0 8 0 1 0
a 0 9 0 1 0
a 0 10 0 1 0
a 0 11 0 1 0
a 0 12 0 1 0
a 0 13 0 1 0
a 0 14 0 1 0
a 2 15 0 1 7107206699222.389
a 2 16 0 1 43244926301205.93
a 2 17 0 1 68252109309918.71
a 2 18 0 1 386990289136966.7
a 2 19 0 1 507454095012989.2
a 2 20 0 1 412462152586471.8
a 2 21 0 1 89866580318170.14
a 2 22 0 1 224334510149686.12
a 2 23 0 1 415004458032723.44
a 2 24 0 1 63952856732528.72
a 2 25 0 1 235614010650818.8
a 2 26 0 1 482414657305506.4
a 2 27 0 1 208943254071966.94
a 2 28 0 1 55895942063008.39
a 2 29 0 1 135488810253039.66
a 2 30 0 1 142993110227259.56
a 2 31 0 1 58450072875669.68
a 2 32 0 1 181640625781822.28
a 2 33 0 1 139809394291814.89
a 2 34 0 1 479523298832829.1
a 2 35 0 1 315824712606828.25
a 2 36 0 1 311120827434667.9
a 2 37 0 1 62398357207342.96
a 2 38 0 1 123044067962546.36
a 2 39 0 1 179204826862241.06
a 2 40 0 1 170512938008633.5
a 2 41 0 1 304079463889707.7
a 2 42 0 1 37585229620917.734
a 2 43 0 1 127974736997958.47
a 2 44 0 1 402939494469324.7
a 2 45 0 1 325564668274382.7
a 2 46 0 1 134682744847531.19
a 2 47 0 1 478694628747560.5
a 2 48 0 1 287113892600755.5
a 2 49 0 1 477875063493873.7
a 2 50 0 1 477059391643193.06
a 2 51 0 1 240387399000668.22
a 2 52 0 1 367162995935212.8
a 2 53 0 1 225852317505054.25
a 2 54 0 1 242123362324495.56
a 2 55 0 1 101798849038889.14
a 2 56 0 1 102932012304751.22
a 2 57 0 1 85350568186144.31
a 2 58 0 1 118472421447193.95
a 2 59 0 1 180679477773378.38
a 2 60 0 1 253164960279663.47
a 2 61 0 1 114207916844922.6
a 2 62 0 1 21466905261787.84
a 2 63 0 1 153700195689080.06
a 2 64 0 1 116482001560177.14
a 2 65 0 1 444411470693993.56
a 2 66 0 1 13505288307528.95
a 2 67 0 1 359425080918121.4
a 2 68 0 1 434565178782301.9
a 2 69 0 1 366141862879768.44
a 2 70 0 1 281815156514909.6
a 2 71 0 1 420919119159722.2
a 2 72 0 1 121190682807753.22
a 2 73 0 1 60813005593662.41
a 2 74 0 1 270791480612941.7
a 2 75 0 1 115685783802639.67
a 2 76 0 1 165871716604852.47
a 2 77 0 1 303847604587537.5
a 2 78 0 1 133217455297712.77
a 2 79 0 1 91174450091314.94
a 2 80 0 1 125256181545465.39
a 3 15 0 1 10859347363947.02
a 3 16 0 1 66221469249596.805
a 3 17 0 1 104676328711535.89
a 3 18 0 1 605830167974873.2
a 3 19 0 1 800980601837530.4
a 3 20 0 1 646816274597549.4
a 3 21 0 1 138010498016849.2
a 3 22 0 1 347457704382237.25
a 3 23 0 1 650915088421874.6
a 3 24 0 1 98056655146723.1
a 3 25 0 1 365193147408154.7
a 3 26 0 1 760138945209673.1
a 3 27 0 1 323299483970835.2
a 3 28 0 1 85660718600513.36
a 3 29 0 1 208667807904029.3
a 3 30 0 1 220329272668772.03
a 3 31 0 1 89589026778773.42
a 3 32 0 1 280564390716499.9
a 3 33 0 1 215380506907188.66
a 3 34 0 1 755432415192031.5
a 3 35 0 1 492084558740380.7
a 3 36 0 1 484605255706912.75
a 3 37 0 1 95664020978410.84
a 3 38 0 1 189353579609576.88
a 3 39 0 1 276759146221913.72
a 3 40 0 1 263190301237514.47
a 3 41 0 1 473418218283865.7
a 3 42 0 1 57534732627306.48
a 3 43 0 1 197002319827317.1
a 3 44 0 1 631476469366811.1
a 3 45 0 1 507586574175860.6
a 3 46 0 1 207415869030957.4
a 3 47 0 1 754083875247393.2
a 3 48 0 1 446507707876273.44
a 3 49 0 1 752750310832516.9
a 3 50 0 1 751423238285007.5
a 3 51 0 1 372706588567174.3
a 3 52 0 1 574027373304909.4
a 3 53 0 1 349842710876924.7
a 3 54 0 1 375440217612158.3
a 3 55 0 1 156451303679020.16
a 3 56 0 1 158203997051441.9
a 3 57 0 1 131038393372486.12
a 3 58 0 1 182266048005869.4
a 3 59 0 1 279062726414975.34
a 3 60 0 1 392842198908445.06
a 3 61 0 1 175658383192783.2
a 3 62 0 1 32828737110862.746
a 3 63 0 1 236987144078426.1
a 3 64 0 1 179181535100178.4
a 3 65 0 1 698433667971790.8
a 3 66 0 1 20643235168724.168
a 3 67 0 1 561639548778148.44
a 3 68 0 1 682501029716428.2
a 3 69 0 1 572391855453186.2
a 3 70 0 1 438115539375183.9
a 3 71 0 1 660456650020821.9
a 3 72 0 1 186479737920184.78
a 3 73 0 1 93224375704664.64
a 3 74 0 1 420675289317281.5
a 3 75 0 1 177947870292123.88
a 3 76 0 1 255951155270202.72
a 3 77 0 1 473050030970304.25
a 3 78 0 1 205140386587976.9
a 3 79 0 1 140030406675713.06
a 3 80 0 1 192784546653378.8
a 4 15 0 1 9315986639487.744
a 4 16 0 1 56758255389777.9
a 4 17 0 1 89660834578389.42
a 4 18 0 1 514499267327855.1
a 4 19 0 1 677864782835289.6
a 4 20 0 1 548908698016598.2
a 4 21 0 1 118147937947812.08
a 4 22 0 1 296403297045286.6
a 4 23 0 1 552346941913363.0
a 4 24 0 1 83999937692877.08
a 4 25 0 1 311438314415569.94
a 4 26 0 1 643774383714400.1
a 4 27 0 1 275908430579253.6
a 4 28 0 1 73396038657963.69
a 4 29 0 1 178425465084483.6
a 4 30 0 1 188359937909178.16
a 4 31 0 1 76756918497071.84
a 4 32 0 1 239611473704528.12
a 4 33 0 1 184144536765809.22
a 4 34 0 1 639842457284499.2
a 4 35 0 1 418734343098556.8
a 4 36 0 1 412423508226167.0
a 4 37 0 1 81953539178893.88
a 4 38 0 1 161962878355029.72
a 4 39 0 1 236376892330244.78
a 4 40 0 1 224839476498418.7
a 4 41 0 1 402981020087558.4
a 4 42 0 1 49319932228916.22
a 4 43 0 1 168483615977281.53
a 4 44 0 1 536036438065137.44
a 4 45 0 1 431809114896611.8
a 4 46 0 1 177358696005099.22
a 4 47 0 1 638715731636693.6
a 4 48 0 1 380251527792848.94
a 4 49 0 1 637601461685722.9
a 4 50 0 1 636492560215711.2
a 4 51 0 1 317804925923380.5
a 4 52 0 1 487763779369848.94
a 4 53 0 1 298425702679904.56
a 4 54 0 1 320120884579830.2
a 4 55 0 1 133893611263711.05
a 4 56 0 1 135389638886735.86
a 4 57 0 1 112192266314222.61
a 4 58 0 1 155919073855751.7
a 4 59 0 1 238335061059770.12
a 4 60 0 1 334858795006254.25
a 4 61 0 1 150283162212036.5
a 4 62 0 1 28152886342384.074
a 4 63 0 1 202544019646932.75
a 4 64 0 1 153288340353538.72
a 4 65 0 1 592169094190133.1
a 4 66 0 1 17706523591002.82
a 4 67 0 1 477341342630668.7
a 4 68 0 1 578824880066873.2
a 4 69 0 1 486388014588377.1
a 4 70 0 1 373158758458735.4
a 4 71 0 1 560348746692099.4
a 4 72 0 1 159512420646292.0
a 4 73 0 1 79866764535705.77
a 4 74 0 1 358412085078926.5
a 4 75 0 1 152236089716067.12
a 4 76 0 1 218681917038898.94
a 4 77 0 1 402670184856098.44
a 4 78 0 1 175419655572916.44
a 4 79 0 1 119873112363984.23
a 4 80 0 1 164888070917354.28
a 5 15 0 1 3978321424645.8096
a 5 16 0 1 24162373934917.234
a 5 17 0 1 38086248398265.07
a 5 18 0 1 212436976348965.28
a 5 19 0 1 276818972411004.28
a 5 20 0 1 226119736295111.62
a 5 21 0 1 50092439571534.81
a 5 22 0 1 124187984982527.0
a 5 23 0 1 227483351670570.22
a 5 24 0 1 35694975626381.33
a 5 25 0 1 130356449664459.16
a 5 26 0 1 263505078202466.53
a 5 27 0 1 115759198985512.67
a 5 28 0 1 31210837404075.527
a 5 29 0 1 75346977609838.61
a 5 30 0 1 79489694877657.22
a 5 31 0 1 32632758026995.46
a 5 32 0 1 100774095024543.52
a 5 33 0 1 77732529500884.61
a 5 34 0 1 261965378934451.72
a 5 35 0 1 174012102384397.03
a 5 36 0 1 171462100549059.53
a 5 37 0 1 34830094098651.652
a 5 38 0 1 68469842744852.13
a 5 39 0 1 99435137007929.34
a 5 40 0 1 94654451893382.42
a 5 41 0 1 167642575578174.28
a 5 42 0 1 21006152755548.336
a 5 43 0 1 71195652466649.23
a 5 44 0 1 221008782774639.12
a 5 45 0 1 179288164770131.8
a 5 46 0 1 74901801881775.4
a 5 47 0 1 261524009181063.78
a 5 48 0 1 158428115703420.12
a 5 49 0 1 261087450167016.3
a 5 50 0 1 260652926831416.97
a 5 51 0 1 132964705001813.94
a 5 52 0 1 201760615466292.53
a 5 53 0 1 125018456933325.42
a 5 54 0 1 133912940533901.8
a 5 55 0 1 56709075785870.69
a 5 56 0 1 57337012076168.516
a 5 57 0 1 47586125354243.33
a 5 58 0 1 65941274255257.66
a 5 59 0 1 100245792612432.98
a 5 60 0 1 139940168034215.14
a 5 61 0 1 63581513058924.555
a 5 62 0 1 12007541841153.072
a 5 63 0 1 85394944298585.08
a 5 64 0 1 64840005339526.88
a 5 65 0 1 243229476086815.44
a 5 66 0 1 7557252128373.482
a 5 67 0 1 197587894428435.6
a 5 68 0 1 237962748137886.78
a 5 69 0 1 201210159016273.84
a 5 70 0 1 155546859102035.25
a 5 71 0 1 230654364006492.75
a 5 72 0 1 67444882514774.77
a 5 73 0 1 33947905855047.777
a 5 74 0 1 149547453343764.9
a 5 75 0 1 64399407083001.03
a 5 76 0 1 92099938870949.19
a 5 77 0 1 167516757377209.94
a 5 78 0 1 74092453523947.53
a 5 79 0 1 50818069707714.62
a 5 80 0 1 69692931251938.2
a 6 15 0 1 10991508031306.367
a 6 16 0 1 67032623520351.29
a 6 17 0 1 105964299511672.14
a 6 18 0 1 613739479733126.2
a 6 19 0 1 811685198595363.0
a 6 20 0 1 655302139263745.5
a 6 21 0 1 139715264766814.12
a 6 22 0 1 351856759413311.0
a 6 23 0 1 659458915315986.0
a 6 24 0 1 99262241211338.14
a 6 25 0 1 369826450127041.94
a 6 26 0 1 770247947827477.4
a 6 27 0 1 327381015265093.5
a 6 28 0 1 86712373331621.45
a 6 29 0 1 211266826409445.78
a 6 30 0 1 223077302490245.97
a 6 31 0 1 90689414657674.39
a 6 32 0 1 284088596788926.9
a 6 33 0 1 218065251426465.72
a 6 34 0 1 765473146895703.5
a 6 35 0 1 498422408239984.25
a 6 36 0 1 490841228904038.75
a 6 37 0 1 96839860930249.16
a 6 38 0 1 191706688673658.03
a 6 39 0 1 280233995434786.94
a 6 40 0 1 266489508584585.56
a 6 41 0 1 479502143314085.75
a 6 42 0 1 58238767257893.25
a 6 43 0 1 199452680489003.1
a 6 44 0 1 639745902127881.8
a 6 45 0 1 514136145258373.2
a 6 46 0 1 209998914215266.56
a 6 47 0 1 764105059436913.5
a 6 48 0 1 452227501682437.1
a 6 49 0 1 762752170637520.1
a 6 50 0 1 761405873752690.5
a 6 51 0 1 377439420608236.06
a 6 52 0 1 581493100224879.8
a 6 53 0 1 354273210421442.8
a 6 54 0 1 380209304897259.8
a 6 55 0 1 158388041694456.28
a 6 56 0 1 160162834559366.75
a 6 57 0 1 132655715863515.73
a 6 58 0 1 184529195782935.84
a 6 59 0 1 282567449548429.44
a 6 60 0 1 397842626013728.6
a 6 61 0 1 177837794392623.28
a 6 62 0 1 33229295179033.074
a 6 63 0 1 239948733885218.3
a 6 64 0 1 181405577889996.2
a 6 65 0 1 707653531214477.8
a 6 66 0 1 20894754700405.414
a 6 67 0 1 568933379874471.6
a 6 68 0 1 691493386309816.6
a 6 69 0 1 579834859120441.9
a 6 70 0 1 443722244130477.94
a 6 71 0 1 669135621323388.5
a 6 72 0 1 188796351695053.44
a 6 73 0 1 94369902163190.67
a 6 74 0 1 426047684352690.8
a 6 75 0 1 180156280738801.0
a 6 76 0 1 259156882658411.9
a 6 77 0 1 479128958542159.4
a 6 78 0 1 207694411133390.5
a 6 79 0 1 141760533722589.6
a 6 80 0 1 195181258054153.97
a 7 15 0 1 3573370288771.238
a 7 16 0 1 21697758790849.33
a 7 17 0 1 34195766218735.258
a 7 18 0 1 190340956215558.56
a 7 19 0 1 247833239018447.75
a 7 20 0 1 202567105925227.06
a 7 21 0 1 44969171353314.266
a 7 22 0 1 111388640695388.67
a 7 23 0 1 203785331620090.56
a 7 24 0 1 32049662395676.258
a 7 25 0 1 116912763648300.06
a 7 26 0 1 235951593985141.84
a 7 27 0 1 103838979525874.05
a 7 28 0 1 28024940906990.406
a 7 29 0 1 67620592971445.85
a 7 30 0 1 71335001279058.77
a 7 31 0 1 29301226539109.812
a 7 32 0 1 90413056962149.48
a 7 33 0 1 69759551177933.27
a 7 34 0 1 234577276023584.5
a 7 35 0 1 155984768563329.2
a 7 36 0 1 153703640839939.12
a 7 37 0 1 31273424357833.77
a 7 38 0 1 61453665793070.84
a 7 39 0 1 89213181398861.6
a 7 40 0 1 84928770061477.2
a 7 41 0 1 150286585344919.44
a 7 42 0 1 18864178648906.2
a 7 43 0 1 63898099418129.22
a 7 44 0 1 198000723287964.47
a 7 45 0 1 160704070393118.2
a 7 46 0 1 67221421460865.945
a 7 47 0 1 234183304777693.88
a 7 48 0 1 142041765308821.9
a 7 49 0 1 233793623418364.25
a 7 50 0 1 233405754969901.03
a 7 51 0 1 119248320808588.1
a 7 52 0 1 180798311621142.62
a 7 53 0 1 112132411449601.11
a 7 54 0 1 120097380114114.56
a 7 55 0 1 50905108614841.484
a 7 56 0 1 51468396423710.484
a 7 57 0 1 42720456077656.61
a 7 58 0 1 59185971292370.34
a 7 59 0 1 89939635838369.81
a 7 60 0 1 125493764676773.75
a 7 61 0 1 57069545278581.15
a 7 62 0 1 10784285349611.654
a 7 63 0 1 76629082776973.11
a 7 64 0 1 58198278401405.64
a 7 65 0 1 217849635189279.44
a 7 66 0 1 6787718822537.854
a 7 67 0 1 177068012622851.88
a 7 68 0 1 213146045151093.97
a 7 69 0 1 180306240302555.53
a 7 70 0 1 139463326416532.38
a 7 71 0 1 206618090547564.88
a 7 72 0 1 60534467766723.79
a 7 73 0 1 30481637083932.83
a 7 74 0 1 134093876632913.62
a 7 75 0 1 57803112673973.7
a 7 76 0 1 82639235514327.1
a 7 77 0 1 150174019422958.6
a 7 78 0 1 66495699890939.74
a 7 79 0 1 45620196332372.4
a 7 80 0 1 62550518608113.22
a 8 15 0 1 8791293300797.42
a 8 16 0 1 53544991347378.3
a 8 17 0 1 84566636325091.77
a 8 18 0 1 483874797283314.3
a 8 19 0 1 636782140791346.5
a 8 20 0 1 516111951982171.2
a 8 21 0 1 111414338821052.67
a 8 22 0 1 279178148155823.56
a 8 23 0 1 519332251361679.6
a 8 24 0 1 79230312274033.23
a 8 25 0 1 293309587662070.0
a 8 26 0 1 604904604935782.8
a 8 27 0 1 259910260212735.03
a 8 28 0 1 69233325511237.086
a 8 29 0 1 168189382173069.28
a 8 30 0 1 177542195873245.53
a 8 31 0 1 72401997196056.62
a 8 32 0 1 225772999636121.72
a 8 33 0 1 173573757660178.62
a 8 34 0 1 601226862978495.1
a 8 35 0 1 394071291187122.94
a 8 36 0 1 388148995580373.75
a 8 37 0 1 77301147827914.55
a 8 38 0 1 152687919054130.4
a 8 39 0 1 222730055670692.62
a 8 40 0 1 211875097913568.4
a 8 41 0 1 379286864635557.3
a 8 42 0 1 46530034103838.34
a 8 43 0 1 158828371298675.1
a 8 44 0 1 504054209332513.9
a 8 45 0 1 406339400497287.94
a 8 46 0 1 167184997519904.72
a 8 47 0 1 600172936297789.4
a 8 48 0 1 357949532159085.44
a 8 49 0 1 599130643165111.6
a 8 50 0 1 598093354586049.8
a 8 51 0 1 299292690180255.6
a 8 52 0 1 458816028709850.44
a 8 53 0 1 281079181881410.7
a 8 54 0 1 301469010091263.0
a 8 55 0 1 126249508443194.72
a 8 56 0 1 127658865411104.83
a 8 57 0 1 105802247803499.55
a 8 58 0 1 146996105660618.22
a 8 59 0 1 224572225926588.38
a 8 60 0 1 315316669558697.94
a 8 61 0 1 141688014026114.16
a 8 62 0 1 26564014269570.227
a 8 63 0 1 190893631889234.0
a 8 64 0 1 144518442000946.0
a 8 65 0 1 556618336075784.44
a 8 66 0 1 16708350022482.57
a 8 67 0 1 449044619644502.75
a 8 68 0 1 544126372823231.0
a 8 69 0 1 457526283713032.9
a 8 70 0 1 351289789745334.9
a 8 71 0 1 526826209034657.44
a 8 72 0 1 150380231579225.38
a 8 73 0 1 75333866703919.56
a 8 74 0 1 337441305650536.6
a 8 75 0 1 143527392365982.5
a 8 76 0 1 206081071173151.16
a 8 77 0 1 378995113930310.0
a 8 78 0 1 165359314814985.34
a 8 79 0 1 113039905569808.16
a 8 80 0 1 155442582697199.66
a 9 15 0 1 4258462405716.5195
a 9 16 0 1 25868053315927.32
a 9 17 0 1 40779471879515.805
a 9 18 0 1 227787613322954.25
a 9 19 0 1 296983217955084.44
a 9 20 0 1 242486976426397.5
a 9 21 0 1 53639923305918.47
a 9 22 0 1 133063863163155.66
a 9 23 0 1 243952094522526.4
a 9 24 0 1 38218357984081.766
a 9 25 0 1 139680328002671.4
a 9 26 0 1 282667591510499.9
a 9 27 0 1 124024017909082.5
a 9 28 0 1 33416001890109.957
a 9 29 0 1 80699642761467.52
a 9 30 0 1 85139554762845.64
a 9 31 0 1 34938791331345.95
a 9 32 0 1 107955678663987.95
a 9 33 0 1 83256294849122.3
a 9 34 0 1 281012258725072.66
a 9 35 0 1 186526170124885.3
a 9 36 0 1 183788875917533.75
a 9 37 0 1 37292072552622.586
a 9 38 0 1 73329818860500.5
a 9 39 0 1 106520125659982.38
a 9 40 0 1 101394813190738.55
a 9 41 0 1 179689035453824.8
a 9 42 0 1 22488449659307.63
a 9 43 0 1 76250809975237.84
a 9 44 0 1 236995886085433.25
a 9 45 0 1 192190123420169.4
a 9 46 0 1 80222548610415.19
a 9 47 0 1 280537749627694.2
a 9 48 0 1 169799413215196.16
a 9 49 0 1 280068416035774.72
a 9 50 0 1 279601274467389.3
a 9 51 0 1 142478219816371.12
a 9 52 0 1 216320405218162.62
a 9 53 0 1 133954610462649.9
a 9 54 0 1 143495428289790.22
a 9 55 0 1 60728426465096.77
a 9 56 0 1 61401184205411.28
a 9 57 0 1 50955071727316.87
a 9 58 0 1 70620309751577.53
a 9 59 0 1 107389259693608.6
a 9 60 0 1 149961443344651.44
a 9 61 0 1 68091789337337.6
a 9 62 0 1 12853912852888.914
a 9 63 0 1 91468966950753.03
a 9 64 0 1 69440270943912.414
a 9 65 0 1 260872789191837.28
a 9 66 0 1 8089645067206.303
a 9 67 0 1 211839158595160.3
a 9 68 0 1 255212684188401.22
a 9 69 0 1 215729230501178.94
a 9 70 0 1 166707356363338.03
a 9 71 0 1 247359278282436.34
a 9 72 0 1 72231500387623.12
a 9 73 0 1 36347265172892.64
a 9 74 0 1 160269499719933.1
a 9 75 0 1 68968164237731.84
a 9 76 0 1 98656318512893.5
a 9 77 0 1 179553987938034.66
a 9 78 0 1 79355180187008.56
a 9 79 0 1 54417264331730.85
a 9 80 0 1 74640470288358.3
a 10 15 0 1 10886594833909.287
a 10 16 0 1 66388693966097.43
a 10 17 0 1 104941840678987.2
a 10 18 0 1 607459666479417.5
a 10 19 0 1 803185429423599.5
a 10 20 0 1 648564464022574.8
a 10 21 0 1 138361918042980.5
a 10 22 0 1 348364300792078.1
a 10 23 0 1 652675209433736.4
a 10 24 0 1 98305185577739.45
a 10 25 0 1 366147999223836.06
a 10 26 0 1 762221211513388.4
a 10 27 0 1 324140666673600.06
a 10 28 0 1 85877519282183.19
a 10 29 0 1 209203524891548.7
a 10 30 0 1 220895696572942.5
a 10 31 0 1 89815872883922.58
a 10 32 0 1 281290748541139.2
a 10 33 0 1 215933889645600.12
a 10 34 0 1 757500631863372.0
a 10 35 0 1 493390487746377.8
a 10 36 0 1 485890204821688.5
a 10 37 0 1 95906419935294.7
a 10 38 0 1 189838619953877.4
a 10 39 0 1 277475334562992.62
a 10 40 0 1 263870299597725.25
a 10 41 0 1 474671854640166.6
a 10 42 0 1 57679875355824.16
a 10 43 0 1 197507401905085.66
a 10 44 0 1 633180104934092.0
a 10 45 0 1 508936102805390.44
a 10 46 0 1 207948294329968.06
a 10 47 0 1 756148069157409.5
a 10 48 0 1 447686351607799.3
a 10 49 0 1 754810527885816.1
a 10 50 0 1 753479499056832.2
a 10 51 0 1 373681942960019.8
a 10 52 0 1 575565545579373.0
a 10 53 0 1 350755785027921.25
a 10 54 0 1 376423040323845.06
a 10 55 0 1 156850533717310.3
a 10 56 0 1 158607781759321.4
a 10 57 0 1 131371790333861.0
a 10 58 0 1 182732548695976.84
a 10 59 0 1 279785069987323.28
a 10 60 0 1 393872674789238.2
a 10 61 0 1 176107626772813.38
a 10 62 0 1 32911317854672.656
a 10 63 0 1 237597575052105.53
a 10 64 0 1 179639976751584.06
a 10 65 0 1 700332942452881.0
a 10 66 0 1 20695090204435.582
a 10 67 0 1 563142328767804.6
a 10 68 0 1 684353476772784.5
a 10 69 0 1 573925349214543.9
a 10 70 0 1 439270891462943.94
a 10 71 0 1 662244590163065.2
a 10 72 0 1 186957257176719.7
a 10 73 0 1 93460526200722.89
a 10 74 0 1 421782381809563.06
a 10 75 0 1 178403090301036.22
a 10 76 0 1 256611892156902.7
a 10 77 0 1 474302638136600.75
a 10 78 0 1 205666831459011.3
a 10 79 0 1 140387053638026.33
a 10 80 0 1 193278572666988.16
a 11 15 0 1 2941047652650.436
a 11 16 0 1 17851650219501.535
a 11 17 0 1 28127097597373.36
a 11 18 0 1 156057673181284.06
a 11 19 0 1 202950668382928.47
a 11 20 0 1 166039381115732.3
a 11 21 0 1 36980410379676.67
a 11 22 0 1 91475496201757.06
a 11 23 0 1 167033685693060.16
a 11 24 0 1 26363016220330.58
a 11 25 0 1 96001112789149.4
a 11 26 0 1 193268915177249.22
a 11 27 0 1 85288783295250.9
a 11 28 0 1 23054306823253.492
a 11 29 0 1 55581993510755.08
a 11 30 0 1 58630647595791.83
a 11 31 0 1 24103595820196.133
a 11 32 0 1 74281864140957.34
a 11 33 0 1 57337631322096.766
a 11 34 0 1 192148736469032.94
a 11 35 0 1 127980935923751.86
a 11 36 0 1 126115305362960.75
a 11 37 0 1 25724916117809.24
a 11 38 0 1 50519367588802.47
a 11 39 0 1 73297876745051.8
a 11 40 0 1 69783941044705.79
a 11 41 0 1 123320317302978.53
a 11 42 0 1 15521243617653.172
a 11 43 0 1 52526234600528.75
a 11 44 0 1 162311885596814.03
a 11 45 0 1 131840071365571.16
a 11 46 0 1 55254339940268.45
a 11 47 0 1 191827606405382.2
a 11 48 0 1 116574801068832.6
a 11 49 0 1 191509967774636.56
a 11 50 0 1 191193801658787.88
a 11 51 0 1 97914196020167.0
a 11 52 0 1 148263258403891.12
a 11 53 0 1 92084888155516.06
a 11 54 0 1 98609624678313.89
a 11 55 0 1 41856740600931.99
a 11 56 0 1 42319415709991.42
a 11 57 0 1 35132796134647.35
a 11 58 0 1 48657421691738.54
a 11 59 0 1 73893629374896.3
a 11 60 0 1 103029000403089.95
a 11 61 0 1 46919521564313.69
a 11 62 0 1 8874656995719.73
a 11 63 0 1 62975033166636.57
a 11 64 0 1 47846397968276.88
a 11 65 0 1 178509125488043.56
a 11 66 0 1 5586238005747.287
a 11 67 0 1 145215504323701.84
a 11 68 0 1 174672102529822.2
a 11 69 0 1 147861250398699.44
a 11 70 0 1 114464768199444.0
a 11 71 0 1 169345559166925.4
a 11 72 0 1 49764658588104.836
a 11 73 0 1 25074012984488.246
a 11 74 0 1 110070016682805.77
a 11 75 0 1 47521906510550.86
a 11 76 0 1 67905883284475.82
a 11 77 0 1 123228236948696.55
a 11 78 0 1 54658629138150.07
a 11 79 0 1 37515280847954.56
a 11 80 0 1 51419902927932.555
a 12 15 0 1 7353521699255.529
a 12 16 0 1 44750141690616.266
a 12 17 0 1 70634848310366.47
a 12 18 0 1 401028739730570.2
a 12 19 0 1 526133986320455.06
a 12 20 0 1 427470913189804.75
a 12 21 0 1 93012015534136.05
a 12 22 0 1 232314166832886.94
a 12 23 0 1 430110388364400.56
a 12 24 0 1 66184358707238.23
a 12 25 0 1 244006268262572.44
a 12 26 0 1 500118745950559.94
a 12 27 0 1 216361691874342.66
a 12 28 0 1 57844438811511.625
a 12 29 0 1 140257049755340.25
a 12 30 0 1 148029976184532.84
a 12 31 0 1 60488226575137.93
a 12 32 0 1 188068571809583.56
a 12 33 0 1 144732236157485.72
a 12 34 0 1 497115085390616.56
a 12 35 0 1 327183318564616.5
a 12 36 0 1 322303901803894.2
a 12 37 0 1 64575213888394.28
a 12 38 0 1 127367889616514.78
a 12 39 0 1 185544719456908.88
a 12 40 0 1 176539038063771.22
a 12 41 0 1 315000148906926.8
a 12 42 0 1 38892566099031.8
a 12 43 0 1 132474481474099.61
a 12 44 0 1 417584812954235.3
a 12 45 0 1 337287360915356.3
a 12 46 0 1 139422158744698.97
a 12 47 0 1 496254243582564.44
a 12 48 0 1 297404182022355.06
a 12 49 0 1 495402866357474.7
a 12 50 0 1 494555539851745.56
a 12 51 0 1 248954600600888.1
a 12 52 0 1 380450235520040.94
a 12 53 0 1 233887430492626.34
a 12 54 0 1 250754236172193.2
a 12 55 0 1 105367017402040.06
a 12 56 0 1 106540388628756.89
a 12 57 0 1 88336324798518.06
a 12 58 0 1 122633314656149.83
a 12 59 0 1 187072672463741.5
a 12 60 0 1 262201439799525.38
a 12 61 0 1 118216987843692.5
a 12 62 0 1 22212159884748.76
a 12 63 0 1 159121169445795.88
a 12 64 0 1 120572013879149.95
a 12 65 0 1 460645672815284.06
a 12 66 0 1 13973699117394.754
a 12 67 0 1 372420112759840.25
a 12 68 0 1 450420720137588.9
a 12 69 0 1 379390510351140.94
a 12 70 0 1 291909081801551.5
a 12 71 0 1 436251343042115.44
a 12 72 0 1 125448430448048.2
a 12 73 0 1 62934153287989.43
a 12 74 0 1 280477678328200.56
a 12 75 0 1 119747451411318.12
a 12 76 0 1 171730526662456.72
a 12 77 0 1 314759657102425.94
a 12 78 0 1 137904483347184.86
a 12 79 0 1 94366161498041.9
a 12 80 0 1 129658904280964.25
a 13 15 0 1 4795280787234.787
a 13 16 0 1 29138115900299.78
a 13 17 0 1 45944529526609.24
a 13 18 0 1 257352857357699.1
a 13 19 0 1 335882715179738.5
a 13 20 0 1 274021023156139.9
a 13 21 0 1 60445233184457.69
a 13 22 0 1 150121453823996.5
a 13 23 0 1 275682790642823.8
a 13 24 0 1 43057418501952.94
a 13 25 0 1 157601586968088.06
a 13 26 0 1 319622084416994.3
a 13 27 0 1 139904010389114.78
a 13 28 0 1 37644367568019.17
a 13 29 0 1 90974155771230.22
a 13 30 0 1 95985621616136.47
a 13 31 0 1 39360721145117.16
a 13 32 0 1 121749313863878.64
a 13 33 0 1 93859847421082.17
a 13 34 0 1 317742317802490.0
a 13 35 0 1 210605124953415.62
a 13 36 0 1 207505953048118.53
a 13 37 0 1 42013282103868.016
a 13 38 0 1 82657062483135.73
a 13 39 0 1 120127788728260.44
a 13 40 0 1 114339071633773.5
a 13 41 0 1 202864585378908.75
a 13 42 0 1 25330038741339.902
a 13 43 0 1 85953281859012.33
a 13 44 0 1 267793583093118.62
a 13 45 0 1 217018688753610.78
a 13 46 0 1 90435684096267.16
a 13 47 0 1 317203491581525.44
a 13 48 0 1 191671071930552.12
a 13 49 0 1 316670550226754.94
a 13 50 0 1 316140105726162.06
a 13 51 0 1 160765144327173.44
a 13 52 0 1 244354991871899.9
a 13 53 0 1 151128386584814.38
a 13 54 0 1 161915361110505.2
a 13 55 0 1 68440165014758.82
a 13 56 0 1 69199037088313.19
a 13 57 0 1 57417496827978.52
a 13 58 0 1 79599746435124.1
a 13 59 0 1 121109508505746.4
a 13 60 0 1 169227684626346.06
a 13 61 0 1 76746872526671.31
a 13 62 0 1 14476074355571.047
a 13 63 0 1 103130965916256.4
a 13 64 0 1 78268308116015.2
a 13 65 0 1 294880057261896.75
a 13 66 0 1 9109926081109.107
a 13 67 0 1 239276826479221.44
a 13 68 0 1 288457300693524.4
a 13 69 0 1 243685030505194.75
a 13 70 0 1 188172033816507.1
a 13 71 0 1 279547580567075.16
a 13 72 0 1 81417728524275.28
a 13 73 0 1 40948296402043.27
a 13 74 0 1 180887867868927.1
a 13 75 0 1 77735642904604.27
a 13 76 0 1 111246476924473.1
a 13 77 0 1 202711709962925.0
a 13 78 0 1 89456749378190.08
a 13 79 0 1 61321893756259.72
a 13 80 0 1 84136043956767.31
a 14 15 0 1 2919653187098.208
a 14 16 0 1 17721567938805.098
a 14 17 0 1 27921898633374.05
a 14 18 0 1 154902340660992.34
a 14 19 0 1 201440047819395.88
a 14 20 0 1 164808740112742.3
a 14 21 0 1 36710349333635.69
a 14 22 0 1 90803284055394.81
a 14 23 0 1 165795533598734.44
a 14 24 0 1 26170725781895.867
a 14 25 0 1 95295277671090.98
a 14 26 0 1 191831961292114.47
a 14 27 0 1 84662478969691.44
a 14 28 0 1 22886213571333.727
a 14 29 0 1 55175223212497.28
a 14 30 0 1 58201416230671.44
a 14 31 0 1 23927830910666.94
a 14 32 0 1 73737075139623.25
a 14 33 0 1 56917928211493.81
a 14 34 0 1 190720295303281.03
a 14 35 0 1 127036513672952.83
a 14 36 0 1 125184849693294.56
a 14 37 0 1 25537293644530.336
a 14 38 0 1 50149861808450.04
a 14 39 0 1 72760365002152.62
a 14 40 0 1 69272403900732.9
a 14 41 0 1 122410774479121.48
a 14 42 0 1 15408172796785.543
a 14 43 0 1 52141962013847.26
a 14 44 0 1 161109387337780.47
a 14 45 0 1 130866739747421.2
a 14 46 0 1 54849982709979.984
a 14 47 0 1 190401605243135.0
a 14 48 0 1 115715675006729.48
a 14 49 0 1 190086379911231.47
a 14 50 0 1 189772615732666.3
a 14 51 0 1 97194137230104.95
a 14 52 0 1 147166612680778.84
a 14 53 0 1 91408150570547.53
a 14 54 0 1 97884393871767.61
a 14 55 0 1 41550897969185.836
a 14 56 0 1 42010175984124.25
a 14 57 0 1 34876282116548.14
a 14 58 0 1 48301610311862.05
a 14 59 0 1 73351711830135.45
a 14 60 0 1 102270882760122.36
a 14 61 0 1 46576486984904.65
a 14 62 0 1 8810055058009.123
a 14 63 0 1 62513767332511.46
a 14 64 0 1 47496549753812.95
a 14 65 0 1 177184162977248.97
a 14 66 0 1 5545588980636.528
a 14 67 0 1 144141777762862.94
a 14 68 0 1 173376192004570.7
a 14 69 0 1 146767628696590.97
a 14 70 0 1 113621396813053.1
a 14 71 0 1 168089936315310.97
a 14 72 0 1 49400704309080.125
a 14 73 0 1 24891151434395.348
a 14 74 0 1 109259434568425.31
a 14 75 0 1 47174443855338.6
a 14 76 0 1 67408219970524.69
a 14 77 0 1 122319382867334.27
a 14 78 0 1 54258658672131.64
a 14 79 0 1 37241296970970.125
a 14 80 0 1 51043771721202.766
a 15 1 0 3 0
a 16 1 0 3 0
a 17 1 0 3 0
a 18 1 0 3 0
a 19 1 0 3 0
a 20 1 0 3 0
a 21 1 0 3 0
a 22 1 0 3 0
a 23 1 0 3 0
a 24 1 0 3 0
a 25 1 0 3 0
a 26 1 0 3 0
a 27 1 0 3 0
a 28 1 0 3 0
a 29 1 0 3 0
a 30 1 0 3 0
a 31 1 0 3 0
a 32 1 0 3 0
a 33 1 0 3 0
a 34 1 0 3 0
a 35 1 0 3 0
a 36 1 0 3 0
a 37 1 0 3 0
a 38 1 0 3 0
a 39 1 0 3 0
a 40 1 0 3 0
a 41 1 0 3 0
a 42 1 0 3 0
a 43 1 0 3 0
a 44 1 0 3 0
a 45 1 0 3 0
a 46 1 0 3 0
a 47 1 0 3 0
a 48 1 0 3 0
a 49 1 0 3 0
a 50 1 0 3 0
a 51 1 0 3 0
a 52 1 0 3 0
a 53 1 0 3 0
a 54 1 0 3 0
a 55 1 0 3 0
a 56 1 0 3 0
a 57 1 0 3 0
a 58 1 0 3 0
a 59 1 0 3 0
a 60 1 0 3 0
a 61 1 0 3 0
a 62 1 0 3 0
a 63 1 0 3 0
a 64 1 0 3 0
a 65 1 0 3 0
a 66 1 0 3 0
a 67 1 0 3 0
a 68 1 0 3 0
a 69 1 0 3 0
a 70 1 0 3 0
a 71 1 0 3 0
a 72 1 0 3 0
a 73 1 0 3 0
a 74 1 0 3 0
a 75 1 0 3 0
a 76 1 0 3 0
a 77 1 0 3 0
a 78 1 0 3 0
a 79 1 0 3 0
a 80 1 0 3 0
