p min 80 923
n 0 13
n 1 -13
a 0 2 0 1 0
a 0 3 0 1 0
a 0 4 0 1 0
a 0 5 0 1 0
a 0 6 0 1 0
a 0 7 0 1 0
a 0 8 0 1 0
a 0 9 0 1 0
a 0 10 0 1 0
a 0 11 0 1 0
a 0 12 0 1 0
a 0 13 0 1 0
a 0 14 0 1 0
a 2 15 0 1 248120373131347.5
a 2 16 0 1 259901873380648.47
a 2 17 0 1 118473250807826.28
a 2 18 0 1 267904051821021.9
a 2 19 0 1 136071039352951.05
a 2 20 0 1 254068134486200.38
a 2 21 0 1 130175632740302.78
a 2 22 0 1 263680083435431.72
a 2 23 0 1 271570365587989.3
a 2 24 0 1 292813569935723.6
a 2 25 0 1 117708057788816.25
a 2 26 0 1 62479322550140.51
a 2 27 0 1 237024828347769.34
a 2 28 0 1 81471465848404.84
a 2 29 0 1 111937081383470.67
a 2 30 0 1 179958882877265.0
a 2 31 0 1 303461419792314.94
a 2 32 0 1 110959844241418.69
a 2 33 0 1 42070139415466.664
a 2 34 0 1 281922445534147.75
a 2 35 0 1 6252611175484.723
a 2 36 0 1 135734601201914.64
a 2 37 0 1 276029201867543.7
a 2 38 0 1 55043254634875.94
a 2 39 0 1 95099241817403.72
a 2 40 0 1 19095390799862.453
a 2 41 0 1 215971550015809.25
a 2 42 0 1 82116554564697.36
a 2 43 0 1 202075647091160.72
a 2 44 0 1 39655444248925.41
a 2 45 0 1 104853086218662.47
a 2 46 0 1 265301142713616.72
a 2 47 0 1 141241382942548.84
a 2 48 0 1 197388307401472.34
a 2 49 0 1 65923932542956.51
a 2 50 0 1 87476156039349.58
a 2 51 0 1 20140119031604.336
a 2 52 0 1 260935943534150.66
a 2 53 0 1 148005406054902.47
a 2 54 0 1 49172336234022.31
a 2 55 0 1 99321498965724.44
a 2 56 0 1 126154430245239.62
a 2 57 0 1 109032581313497.66
a 2 58 0 1 161341996120611.84
a 2 59 0 1 82834089296247.22
a 2 60 0 1 251854305396454.47
a 2 61 0 1 267612960247375.12
a 2 62 0 1 8104551782545.875
a 2 63 0 1 15951209112271.6
a 2 64 0 1 125623070738964.02
a 2 65 0 1 135040041288122.31
a 2 66 0 1 216084763323910.2
a 2 67 0 1 7101483269516.753
a 2 68 0 1 203998111268095.6
a 2 69 0 1 45827480691430.336
a 2 70 0 1 186779219416150.78
a 2 71 0 1 222006923660221.8
a 2 72 0 1 304174317712564.8
a 2 73 0 1 84433851904645.06
a 2 74 0 1 47036547175839.48
a 2 75 0 1 268145801192044.47
a 2 76 0 1 71387756023049.69
a 2 77 0 1 98110625969402.02
a 2 78 0 1 33889816005710.68
a 2 79 0 1 37885110605432.24
a 3 15 0 1 272839172482939.34
a 3 16 0 1 285833499778188.75
a 3 17 0 1 130082450338695.12
a 3 18 0 1 294661521337057.75
a 3 19 0 1 149434518222723.88
a 3 20 0 1 279398762722124.34
a 3 21 0 1 142950542369887.78
a 3 22 0 1 290001420568814.6
a 3 23 0 1 298706768225868.06
a 3 24 0 1 322152533503186.06
a 3 25 0 1 129241154334773.39
a 3 26 0 1 68558326828146.47
a 3 27 0 1 260604728064985.1
a 3 28 0 1 89417441334959.84
a 3 29 0 1 122896694684721.4
a 3 30 0 1 197731654055169.8
a 3 31 0 1 333908867815150.1
a 3 32 0 1 121822428793451.16
a 3 33 0 1 46152842401049.26
a 3 34 0 1 310130698396637.44
a 3 35 0 1 6856655493447.036
a 3 36 0 1 149064468045133.12
a 3 37 0 1 303626924991165.0
a 3 38 0 1 60393715370189.984
a 3 39 0 1 104390396260506.88
a 3 40 0 1 20943129542183.027
a 3 41 0 1 237399238656715.25
a 3 42 0 1 90126101357296.98
a 3 43 0 1 222089086726284.7
a 3 44 0 1 43502637098484.61
a 3 45 0 1 115109881086580.9
a 3 46 0 1 291789801817627.3
a 3 47 0 1 155121768028973.72
a 3 48 0 1 216925818544804.84
a 3 49 0 1 72340884555895.86
a 3 50 0 1 96014274712014.33
a 3 51 0 1 22089206772000.11
a 3 52 0 1 286974193914220.3
a 3 53 0 1 162563048727135.38
a 3 54 0 1 53948564557657.86
a 3 55 0 1 109030368577036.44
a 3 56 0 1 138528385998845.81
a 3 57 0 1 119703880476941.14
a 3 58 0 1 177238389009170.1
a 3 59 0 1 90914358891356.27
a 3 60 0 1 276957095507171.38
a 3 61 0 1 294340359014869.5
a 3 62 0 1 8887689172475.441
a 3 63 0 1 17494092368115.58
a 3 64 0 1 137944075197183.86
a 3 65 0 1 148300526824504.56
a 3 66 0 1 237523994684617.6
a 3 67 0 1 7787607896263.393
a 3 68 0 1 224206911768588.7
a 3 69 0 1 50276930750060.766
a 3 70 0 1 205241625164388.53
a 3 71 0 1 244050414436094.1
a 3 72 0 1 334696088542986.6
a 3 73 0 1 92671846074583.67
a 3 74 0 1 51604086044370.93
a 3 75 0 1 294928245929790.44
a 3 76 0 1 78341363198908.31
a 3 77 0 1 107699656185753.61
a 3 78 0 1 37175256277857.33
a 3 79 0 1 41559730492262.06
a 4 15 0 1 575470458314465.9
a 4 16 0 1 603916372904042.2
a 4 17 0 1 269377351551787.88
a 4 18 0 1 623299782041944.2
a 4 19 0 1 310205571266548.06
a 4 20 0 1 589817423974989.6
a 4 21 0 1 296503429620113.06
a 4 22 0 1 613061875267890.4
a 4 23 0 1 632197577797408.1
a 4 24 0 1 683965239840672.2
a 4 25 0 1 267606986339512.06
a 4 26 0 1 140894318425786.7
a 4 27 0 1 548780060308429.06
a 4 28 0 1 184233739402023.9
a 4 29 0 1 254268320670003.12
a 4 30 0 1 412994461580866.94
a 4 31 0 1 710050798718986.9
a 4 32 0 1 252011895973742.9
a 4 33 0 1 94589901272112.08
a 4 34 0 1 657379160744080.4
a 4 35 0 1 13986197947329.92
a 4 36 0 1 309422956387760.9
a 4 37 0 1 643033221421900.5
a 4 38 0 1 123991349232320.7
a 4 39 0 1 215482530718326.53
a 4 40 0 1 42792109749151.47
a 4 41 0 1 498397699947303.5
a 4 42 0 1 185710088125669.03
a 4 43 0 1 465328660164153.06
a 4 44 0 1 89129636451247.16
a 4 45 0 1 237926516557232.78
a 4 46 0 1 616989265888068.6
a 4 47 0 1 322242835926916.2
a 4 48 0 1 454206692732772.94
a 4 49 0 1 148736793033036.6
a 4 50 0 1 197987005101490.44
a 4 51 0 1 45140065341516.12
a 4 52 0 1 606418311002597.8
a 4 53 0 1 338019216348214.6
a 4 54 0 1 110672091632270.66
a 4 55 0 1 225190064664775.38
a 4 56 0 1 287171427390742.9
a 4 57 0 1 247563823694708.03
a 4 58 0 1 369221791504266.94
a 4 59 0 1 187352568711601.4
a 4 60 0 1 584474066393424.2
a 4 61 0 1 622593789390891.0
a 4 62 0 1 18133511657768.11
a 4 63 0 1 35730022300711.4
a 4 64 0 1 285939154692731.75
a 4 65 0 1 307807540967715.8
a 4 66 0 1 498667722261448.56
a 4 67 0 1 15886925736585.123
a 4 68 0 1 469894991836868.2
a 4 69 0 1 103093869207169.89
a 4 70 0 1 429094423867716.7
a 4 71 0 1 512806140699144.1
a 4 72 0 1 711800604501656.5
a 4 73 0 1 191015782545856.97
a 4 74 0 1 105832320392462.48
a 4 75 0 1 623886154921690.6
a 4 76 0 1 161192808947828.06
a 4 77 0 1 222404851453775.38
a 4 78 0 1 76107482737171.92
a 4 79 0 1 85128874354113.73
a 5 15 0 1 536955293706131.44
a 5 16 0 1 563371275279050.4
a 5 17 0 1 251940337187630.22
a 5 18 0 1 581364373257515.2
a 5 19 0 1 290036400373171.4
a 5 20 0 1 550279986758109.94
a 5 21 0 1 277253856370324.97
a 5 22 0 1 571861517140250.8
a 5 23 0 1 589622026702650.5
a 5 24 0 1 637641089876084.4
a 5 25 0 1 250287900533002.25
a 5 26 0 1 131900333202709.44
a 5 27 0 1 512158355623460.75
a 5 28 0 1 172417828886094.56
a 5 29 0 1 237836316262717.94
a 5 30 0 1 385839834325530.25
a 5 31 0 1 661821983524530.8
a 5 32 0 1 235729702618909.75
a 5 33 0 1 88581940014616.55
a 5 34 0 1 612985338259491.1
a 5 35 0 1 13105555043210.615
a 5 36 0 1 289306382369770.4
a 5 37 0 1 599676466333932.5
a 5 38 0 1 116090835680550.42
a 5 39 0 1 201615549976075.38
a 5 40 0 1 40089305340358.53
a 5 41 0 1 465320859432151.25
a 5 42 0 1 173797584881999.3
a 5 43 0 1 434557830082934.25
a 5 44 0 1 83471830835561.31
a 5 45 0 1 222577854370031.38
a 5 46 0 1 575507123163255.1
a 5 47 0 1 301263566863825.9
a 5 48 0 1 424207769194030.2
a 5 49 0 1 139234116161862.39
a 5 50 0 1 185270073169158.34
a 5 51 0 1 42288237876450.625
a 5 52 0 1 565694080814893.2
a 5 53 0 1 315975034005921.6
a 5 54 0 1 103630415494024.17
a 5 55 0 1 210683100616855.38
a 5 56 0 1 268546609003771.6
a 5 57 0 1 231576738950557.2
a 5 58 0 1 345060769993659.06
a 5 59 0 1 175332567201679.0
a 5 60 0 1 545317729095459.2
a 5 61 0 1 580709120384183.5
a 5 62 0 1 16991221339159.822
a 5 63 0 1 33474988990179.684
a 5 64 0 1 267396740382941.78
a 5 65 0 1 287799505552327.7
a 5 66 0 1 465571984914294.6
a 5 67 0 1 14886398002887.904
a 5 68 0 1 438806708047293.5
a 5 69 0 1 96539744702200.31
a 5 70 0 1 400831634278538.6
a 5 71 0 1 478719433830474.94
a 5 72 0 1 663443645436930.5
a 5 73 0 1 178755891440925.3
a 5 74 0 1 99102107057291.27
a 5 75 0 1 581908597626978.9
a 5 76 0 1 150880421644991.34
a 5 77 0 1 208081643349738.28
a 5 78 0 1 71283100024319.8
a 5 79 0 1 79727368030831.47
a 6 15 0 1 220031824113809.56
a 6 16 0 1 230443920661413.0
a 6 17 0 1 105238903407126.56
a 6 18 0 1 237514104975155.2
a 6 19 0 1 120843406551869.72
a 6 20 0 1 225288667360896.4
a 6 21 0 1 115616565155832.98
a 6 22 0 1 233782280909794.2
a 6 23 0 1 240752905102816.78
a 6 24 0 1 259512743521924.4
a 6 25 0 1 104560220712026.3
a 6 26 0 1 55539889542021.07
a 6 27 0 1 210222953161210.03
a 6 28 0 1 72404978692870.52
a 6 29 0 1 99441257503910.19
a 6 30 0 1 159728812719392.47
a 6 31 0 1 268911801012396.0
a 6 32 0 1 98574353946566.3
a 6 33 0 1 37407272995006.01
a 6 34 0 1 249896149693596.97
a 6 35 0 1 5562138417411.195
a 6 36 0 1 120545143629512.86
a 6 37 0 1 244691385172717.44
a 6 38 0 1 48934387525573.836
a 6 39 0 1 84501394086232.72
a 6 40 0 1 16983920025414.055
a 6 41 0 1 191603102468275.16
a 6 42 0 1 72977674578153.3
a 6 43 0 1 179307639824868.06
a 6 44 0 1 35261299522744.055
a 6 45 0 1 93156572211826.36
a 6 46 0 1 235214516828270.66
a 6 47 0 1 125426747683528.33
a 6 48 0 1 175159136341139.62
a 6 49 0 1 58599328153243.13
a 6 50 0 1 77735444208958.34
a 6 51 0 1 17912889153733.695
a 6 52 0 1 231357640546171.97
a 6 53 0 1 131421897919337.14
a 6 54 0 1 43718324949192.71
a 6 55 0 1 88248327867666.19
a 6 56 0 1 112050923427487.08
a 6 57 0 1 96864621390356.45
a 6 58 0 1 143239392694704.6
a 6 59 0 1 73614675262004.4
a 6 60 0 1 223332104105875.06
a 6 61 0 1 237256942722503.47
a 6 62 0 1 7209400340100.503
a 6 63 0 1 14187973980563.498
a 6 64 0 1 111579733499816.69
a 6 65 0 1 119929386293381.84
a 6 66 0 1 191703257983339.16
a 6 67 0 1 6317201792220.551
a 6 68 0 1 181008956992067.16
a 6 69 0 1 40746210766822.62
a 6 70 0 1 165767723617158.0
a 6 71 0 1 196941948350558.2
a 6 72 0 1 269540992859226.38
a 6 73 0 1 75034842555879.52
a 6 74 0 1 41820571696341.83
a 6 75 0 1 237727674772144.28
a 6 76 0 1 63451637894382.29
a 6 77 0 1 87173811634877.22
a 6 78 0 1 30136767997338.023
a 6 79 0 1 33687894830283.984
a 7 15 0 1 387323505918103.56
a 7 16 0 1 406030461271495.5
a 7 17 0 1 183393373579765.38
a 7 18 0 1 418753568059154.06
a 7 19 0 1 210871037236183.6
a 7 20 0 1 396763778872226.25
a 7 21 0 1 201658823511626.4
a 7 22 0 1 412035923356753.2
a 7 23 0 1 424587469265677.25
a 7 24 0 1 458447554242016.1
a 7 25 0 1 182199996394041.3
a 7 26 0 1 96374476800790.1
a 7 27 0 1 369732926581493.44
a 7 28 0 1 125820172197302.67
a 7 29 0 1 173203502273196.28
a 7 30 0 1 279673408099102.53
a 7 31 0 1 475456575986298.2
a 7 32 0 1 171680728254388.25
a 7 33 0 1 64810409030829.836
a 7 34 0 1 441075625841734.0
a 7 35 0 1 9610930060137.246
a 7 36 0 1 210345126674028.4
a 7 37 0 1 431686373870360.25
a 7 38 0 1 84864744166763.55
a 7 39 0 1 146992712680054.34
a 7 40 0 1 29375020874977.066
a 7 41 0 1 336427620365985.4
a 7 42 0 1 126821573750418.84
a 7 43 0 1 314496215274978.0
a 7 44 0 1 61081285756870.68
a 7 45 0 1 162169236366701.53
a 7 46 0 1 414613540632249.7
a 7 47 0 1 218956059697945.88
a 7 48 0 1 307107490093623.44
a 7 49 0 1 101709793717109.8
a 7 50 0 1 135144715047471.95
a 7 51 0 1 30984167589397.11
a 7 52 0 1 407673808943145.7
a 7 53 0 1 229541372128115.78
a 7 54 0 1 75785204181068.84
a 7 55 0 1 153560020676531.1
a 7 56 0 1 195379288979695.7
a 7 57 0 1 168678142538233.56
a 7 58 0 1 250439739957042.72
a 7 59 0 1 127935533193741.83
a 7 60 0 1 393249107415143.2
a 7 61 0 1 418290502889157.9
a 7 62 0 1 12458987980657.06
a 7 63 0 1 24533443869770.54
a 7 64 0 1 194549758856965.6
a 7 65 0 1 209259482910797.47
a 7 66 0 1 336606467711610.3
a 7 67 0 1 10916310324985.451
a 7 68 0 1 317527954905076.75
a 7 69 0 1 70615287850357.92
a 7 70 0 1 290401159275084.7
a 7 71 0 1 345965700824077.2
a 7 72 0 1 476596259671740.06
a 7 73 0 1 130419501340911.17
a 7 74 0 1 72483809196448.1
a 7 75 0 1 419138154152172.8
a 7 76 0 1 110177416945481.89
a 7 77 0 1 151676263457836.7
a 7 78 0 1 52181724240530.0
a 7 79 0 1 58347995932934.25
a 8 15 0 1 384787337357647.44
a 8 16 0 1 403366020644309.44
a 8 17 0 1 182220508894378.2
a 8 18 0 1 416001572082447.44
a 8 19 0 1 209518165946174.66
a 8 20 0 1 394162947716669.6
a 8 21 0 1 200366427697568.03
a 8 22 0 1 409330187274789.3
a 8 23 0 1 421795241446466.8
a 8 24 0 1 455420757257552.5
a 8 25 0 1 181034923933628.6
a 8 26 0 1 95764265654811.16
a 8 27 0 1 367316875616347.56
a 8 28 0 1 125020821271057.89
a 8 29 0 1 172097104523675.0
a 8 30 0 1 277864816825339.28
a 8 31 0 1 472311260216032.75
a 8 32 0 1 170584250021434.88
a 8 33 0 1 64401534698783.28
a 8 34 0 1 438169401507506.9
a 8 35 0 1 9550679093594.89
a 8 36 0 1 208995711263320.94
a 8 37 0 1 428845118027685.75
a 8 38 0 1 84328118303093.6
a 8 39 0 1 146056573674801.44
a 8 40 0 1 29190451554570.62
a 8 41 0 1 334237675981093.8
a 8 42 0 1 126015768049745.0
a 8 43 0 1 312454223452770.4
a 8 44 0 1 60696102382350.516
a 8 45 0 1 161134638895593.47
a 8 46 0 1 411890062637850.6
a 8 47 0 1 217550007508156.62
a 8 48 0 1 305115176833250.2
a 8 49 0 1 101065406454649.12
a 8 50 0 1 134285203278316.12
a 8 51 0 1 30789451783952.344
a 8 52 0 1 404998073773562.06
a 8 53 0 1 228065544022595.25
a 8 54 0 1 75306490060075.05
a 8 55 0 1 152581317880549.97
a 8 56 0 1 194128043483403.53
a 8 57 0 1 167601213356067.44
a 8 58 0 1 248825657653682.5
a 8 59 0 1 127122545462071.94
a 8 60 0 1 390672366852607.8
a 8 61 0 1 415541698011311.2
a 8 62 0 1 12380857060793.738
a 8 63 0 1 24379380624570.85
a 8 64 0 1 193303944922658.75
a 8 65 0 1 207917200200241.53
a 8 66 0 1 334415313742458.06
a 8 67 0 1 10847865698224.242
a 8 68 0 1 315465554686651.1
a 8 69 0 1 70169495131089.78
a 8 70 0 1 288520863063266.06
a 8 71 0 1 343711179197566.0
a 8 72 0 1 473442986101404.94
a 8 73 0 1 129590492128242.62
a 8 74 0 1 72026122452737.0
a 8 75 0 1 416383507638848.0
a 8 76 0 1 109478703426659.48
a 8 77 0 1 150709776139871.97
a 8 78 0 1 51852997777897.836
a 8 79 0 1 57980164196620.85
a 9 15 0 1 571232296102589.5
a 9 16 0 1 599453910185977.5
a 9 17 0 1 267462746967200.75
a 9 18 0 1 618683640981956.9
a 9 19 0 1 307990352155651.1
a 9 20 0 1 585466315867832.9
a 9 21 0 1 294389411062384.5
a 9 22 0 1 608526988641625.8
a 9 23 0 1 627510663756366.9
a 9 24 0 1 678863701160856.2
a 9 25 0 1 265705353444304.9
a 9 26 0 1 139907622871613.77
a 9 27 0 1 544751034755336.94
a 9 28 0 1 182937086163593.44
a 9 29 0 1 252464253281321.12
a 9 30 0 1 410009878949043.1
a 9 31 0 1 704738467045162.8
a 9 32 0 1 250224303779259.84
a 9 33 0 1 93930992679901.22
a 9 34 0 1 652491171279391.2
a 9 35 0 1 13889666324600.893
a 9 36 0 1 307213526010418.3
a 9 37 0 1 638259926302668.9
a 9 38 0 1 123124711416021.92
a 9 39 0 1 213960477276240.16
a 9 40 0 1 42495786647949.88
a 9 41 0 1 494759994139255.44
a 9 42 0 1 184402822057039.0
a 9 43 0 1 461945363763870.44
a 9 44 0 1 88509152605233.89
a 9 45 0 1 236241576335439.88
a 9 46 0 1 612423231496782.0
a 9 47 0 1 319938450740193.9
a 9 48 0 1 450908529677486.7
a 9 49 0 1 147694236500402.84
a 9 50 0 1 196591346732301.72
a 9 51 0 1 44827399258078.32
a 9 52 0 1 601936050284082.2
a 9 53 0 1 335597595516674.4
a 9 54 0 1 109899731016075.02
a 9 55 0 1 223597661533887.25
a 9 56 0 1 285126151434092.56
a 9 57 0 1 245808684045872.03
a 9 58 0 1 366567053176605.2
a 9 59 0 1 186033491353086.38
a 9 60 0 1 580165066915148.0
a 9 61 0 1 617983257632496.8
a 9 62 0 1 18008296209825.023
a 9 63 0 1 35482802121167.086
a 9 64 0 1 283902945108363.3
a 9 65 0 1 305610055989660.8
a 9 66 0 1 495027931173694.56
a 9 67 0 1 15777251597111.049
a 9 68 0 1 466476679653718.6
a 9 69 0 1 102375021234540.94
a 9 70 0 1 425987689328965.8
a 9 71 0 1 509056984063319.7
a 9 72 0 1 706474087945306.5
a 9 73 0 1 189670346562992.44
a 9 74 0 1 105094145896532.75
a 9 75 0 1 619265354283651.1
a 9 76 0 1 160061323632668.25
a 9 77 0 1 220832648502674.3
a 9 78 0 1 75578444451486.78
a 9 79 0 1 84536514067872.62
a 10 15 0 1 654422094733443.0
a 10 16 0 1 687088874780907.2
a 10 17 0 1 304856862949928.44
a 10 18 0 1 709366684207102.2
a 10 19 0 1 351283616871158.56
a 10 20 0 1 670893925440709.8
a 10 21 0 1 335695904159668.8
a 10 22 0 1 697598166500414.8
a 10 23 0 1 719598112080811.8
a 10 24 0 1 779187555032121.2
a 10 25 0 1 302845088843153.25
a 10 26 0 1 159140606880977.1
a 10 27 0 1 623800071377850.8
a 10 28 0 1 208228582106618.62
a 10 29 0 1 287691138814374.44
a 10 30 0 1 468435580449235.94
a 10 31 0 1 809255361232442.4
a 10 32 0 1 285128258830824.2
a 10 33 0 1 106765681420542.12
a 10 34 0 1 748571075601209.4
a 10 35 0 1 15767729593201.133
a 10 36 0 1 350393122911537.0
a 10 37 0 1 732062088361506.0
a 10 38 0 1 140013169200299.73
a 10 39 0 1 243662744894835.0
a 10 40 0 1 48263326152096.53
a 10 41 0 1 566071223283134.2
a 10 42 0 1 209901901144949.66
a 10 43 0 1 528233009987846.9
a 10 44 0 1 100594388052634.4
a 10 45 0 1 269133961966366.78
a 10 46 0 1 702112228541317.8
a 10 47 0 1 364982941055296.0
a 10 48 0 1 515516359046798.75
a 10 49 0 1 168018501213332.84
a 10 50 0 1 223819713308049.72
a 10 51 0 1 50913244939585.33
a 10 52 0 1 689963577330233.8
a 10 53 0 1 382945619347512.8
a 10 54 0 1 124947954608445.4
a 10 55 0 1 254677446565136.16
a 10 56 0 1 325083579984678.9
a 10 57 0 1 280076602999023.2
a 10 58 0 1 418498992141002.7
a 10 59 0 1 211763606096711.44
a 10 60 0 1 664758245022717.1
a 10 61 0 1 708555009424275.1
a 10 62 0 1 20444563852155.26
a 10 63 0 1 40294115429571.28
a 10 64 0 1 323682476971835.94
a 10 65 0 1 348555101454821.2
a 10 66 0 1 566380359174192.6
a 10 67 0 1 17911067644643.484
a 10 68 0 1 533455422257190.94
a 10 69 0 1 116379039281451.67
a 10 70 0 1 486820579595746.0
a 10 71 0 1 582570666641088.5
a 10 72 0 1 811273282305470.5
a 10 73 0 1 215916093288687.5
a 10 74 0 1 119475259728961.42
a 10 75 0 1 710040847997132.6
a 10 76 0 1 182123407172050.62
a 10 77 0 1 251516851333020.62
a 10 78 0 1 85880578447988.83
a 10 79 0 1 96073292888744.66
a 11 15 0 1 103731998092811.75
a 11 16 0 1 108571891382680.81
a 11 17 0 1 49960495352138.09
a 11 18 0 1 111854811522617.95
a 11 19 0 1 57314363949215.57
a 11 20 0 1 106176332105059.45
a 11 21 0 1 54852688425196.45
a 11 22 0 1 110122359079313.25
a 11 23 0 1 113357737335931.7
a 11 24 0 1 122051196810700.9
a 11 25 0 1 49640338373559.52
a 11 26 0 1 26445922013511.773
a 11 27 0 1 99166823342373.14
a 11 28 0 1 34441356783410.812
a 11 29 0 1 47224703353981.234
a 11 30 0 1 75578954312939.11
a 11 31 0 1 126399219256171.56
a 11 32 0 1 46815463308243.195
a 11 33 0 1 17831357280980.08
a 11 34 0 1 117597307345363.94
a 11 35 0 1 2656456094077.65
a 11 36 0 1 57173933796770.17
a 11 37 0 1 115184531745430.23
a 11 38 0 1 23309922032555.453
a 11 39 0 1 40165993887862.66
a 11 40 0 1 8105883527947.774
a 11 41 0 1 90485740691925.92
a 11 42 0 1 34712574926419.16
a 11 43 0 1 84742368415097.75
a 11 44 0 1 16810584379998.666
a 11 45 0 1 44256908586481.98
a 11 46 0 1 110787350924099.81
a 11 47 0 1 59471681634543.29
a 11 48 0 1 82802592813879.58
a 11 49 0 1 27897559165357.664
a 11 50 0 1 36965038428328.06
a 11 51 0 1 8548772927629.925
a 11 52 0 1 108996322796965.4
a 11 53 0 1 62291700057777.07
a 11 54 0 1 20831796087922.38
a 11 55 0 1 41937529265502.945
a 11 56 0 1 53172485608209.875
a 11 57 0 1 46008221716163.87
a 11 58 0 1 67844414960337.05
a 11 59 0 1 35014224511638.14
a 11 60 0 1 105266751643809.53
a 11 61 0 1 111735452763979.64
a 11 62 0 1 3442840984997.1074
a 11 63 0 1 6772607001442.968
a 11 64 0 1 52950396775841.83
a 11 65 0 1 56884002647903.01
a 11 66 0 1 90532489072756.62
a 11 67 0 1 3016934470969.1226
a 11 68 0 1 85537592574631.05
a 11 69 0 1 19419060375435.957
a 11 70 0 1 78407669776556.77
a 11 71 0 1 92976887921411.2
a 11 72 0 1 126690104053605.4
a 11 73 0 1 35686656224945.414
a 11 74 0 1 19929795141897.727
a 11 75 0 1 111953934489896.17
a 11 76 0 1 30198772662780.133
a 11 77 0 1 41429584672710.99
a 11 78 0 1 14371934108229.354
a 11 79 0 1 16061996617284.936
a 12 15 0 1 352145750175734.06
a 12 16 0 1 369080520718991.94
a 12 17 0 1 167092363196595.47
a 12 18 0 1 380594362949416.4
a 12 19 0 1 192073230880827.9
a 12 20 0 1 360692571992160.25
a 12 21 0 1 183699698507200.97
a 12 22 0 1 374515594616240.06
a 12 23 0 1 385872709604319.8
a 12 24 0 1 416494981510032.9
a 12 25 0 1 166007098772034.84
a 12 26 0 1 87886397099216.47
a 12 27 0 1 336215303308121.25
a 12 28 0 1 114704267572007.03
a 12 29 0 1 157824763644253.2
a 12 30 0 1 254560449207372.0
a 12 31 0 1 431868911758446.3
a 12 32 0 1 156439644924663.25
a 12 33 0 1 59121236862047.766
a 12 34 0 1 400787065952132.7
a 12 35 0 1 8772149481692.897
a 12 36 0 1 191595242830229.94
a 12 37 0 1 392294683819293.75
a 12 38 0 1 77399424869642.9
a 12 39 0 1 133977253686031.12
a 12 40 0 1 26806024092083.414
a 12 41 0 1 306036589970507.06
a 12 42 0 1 115616015360729.1
a 12 43 0 1 286152197910569.3
a 12 44 0 1 55721566345856.76
a 12 45 0 1 147786977314664.53
a 12 46 0 1 376848175334301.56
a 12 47 0 1 199420858236101.22
a 12 48 0 1 279451006412062.25
a 12 49 0 1 92746776844491.64
a 12 50 0 1 123193271351983.42
a 12 51 0 1 28273984070086.848
a 12 52 0 1 370567857064304.5
a 12 53 0 1 209038848751978.2
a 12 54 0 1 69124956280564.86
a 12 55 0 1 139953642315277.34
a 12 56 0 1 177990927584561.53
a 12 57 0 1 153708357511198.56
a 12 58 0 1 228021152461921.44
a 12 59 0 1 116630221808502.84
a 12 60 0 1 357510743334260.9
a 12 61 0 1 380175365933238.1
a 12 62 0 1 11371321525812.473
a 12 63 0 1 22388959964347.01
a 12 64 0 1 177236739575344.8
a 12 65 0 1 190608509427393.94
a 12 66 0 1 306198705675907.75
a 12 67 0 1 9963473761625.21
a 12 68 0 1 288901521832222.4
a 12 69 0 1 64412764998864.79
a 12 70 0 1 264295322484457.9
a 12 71 0 1 314681485830331.44
a 12 72 0 1 432898829662471.4
a 12 73 0 1 118891671326032.94
a 12 74 0 1 66115911764835.14
a 12 75 0 1 380942346212412.0
a 12 76 0 1 100459540506107.77
a 12 77 0 1 138239466740961.75
a 12 78 0 1 47607203177158.82
a 12 79 0 1 53229587735104.88
a 13 15 0 1 489865053685434.8
a 13 16 0 1 513824760332174.06
a 13 17 0 1 230506075300590.34
a 13 18 0 1 530137006568276.56
a 13 19 0 1 265260996736027.06
a 13 20 0 1 501952451545964.6
a 13 21 0 1 253602502900347.22
a 13 22 0 1 521522660390478.06
a 13 23 0 1 537621143316845.44
a 13 24 0 1 581115631590949.1
a 13 25 0 1 228997958171314.1
a 13 26 0 1 120820618828073.36
a 13 27 0 1 467361543230474.5
a 13 28 0 1 157872311520841.9
a 13 29 0 1 217632252659975.9
a 13 30 0 1 352543145766053.8
a 13 31 0 1 603000885171355.5
a 13 32 0 1 215709071831074.53
a 13 33 0 1 81175039992117.78
a 13 34 0 1 558788717064896.94
a 13 35 0 1 12018424816026.498
a 13 36 0 1 264595255118799.12
a 13 37 0 1 546731955229675.2
a 13 38 0 1 106355439806389.5
a 13 39 0 1 184554116498111.7
a 13 40 0 1 36754328316658.58
a 13 41 0 1 424823667152907.8
a 13 42 0 1 159133524042527.12
a 13 43 0 1 396861806997739.5
a 13 44 0 1 76495991903425.25
a 13 45 0 1 203700582291213.4
a 13 46 0 1 524827613327954.6
a 13 47 0 1 275498395428286.53
a 13 48 0 1 387450136757888.0
a 13 49 0 1 127529271319226.19
a 13 50 0 1 169619004853372.12
a 13 51 0 1 38769516851373.72
a 13 52 0 1 515930932321439.6
a 13 53 0 1 288909388645152.75
a 13 54 0 1 94951407100118.67
a 13 55 0 1 192837182036664.84
a 13 56 0 1 245659212874291.03
a 13 57 0 1 211917488520720.22
a 13 58 0 1 315412138902722.44
a 13 59 0 1 160536585964216.7
a 13 60 0 1 497451378267475.8
a 13 61 0 1 529543075934326.44
a 13 62 0 1 15581189239844.133
a 13 63 0 1 30692194160398.973
a 13 64 0 1 244610127131986.1
a 13 65 0 1 263221024141636.25
a 13 66 0 1 425051851778612.0
a 13 67 0 1 13651311230786.22
a 13 68 0 1 400724870346141.8
a 13 69 0 1 88460642079844.72
a 13 70 0 1 366185934647695.06
a 13 71 0 1 436996567921921.7
a 13 72 0 1 604468178528379.5
a 13 73 0 1 163665547203335.7
a 13 74 0 1 90806319375651.25
a 13 75 0 1 530630292993025.4
a 13 76 0 1 138180861312516.92
a 13 77 0 1 190460944625675.78
a 13 78 0 1 65333563085946.97
a 13 79 0 1 73067096952593.19
a 14 15 0 1 320319710317357.4
a 14 16 0 1 335664086051920.44
a 14 17 0 1 152283438680097.38
a 14 18 0 1 346093416072815.8
a 14 19 0 1 175005397420098.9
a 14 20 0 1 328064576940589.7
a 14 21 0 1 167390363550946.16
a 14 22 0 1 340587543813336.25
a 14 23 0 1 350873713280555.06
a 14 24 0 1 378595718447794.75
a 14 25 0 1 151296042255330.25
a 14 26 0 1 80162023235749.39
a 14 27 0 1 305880217868725.4
a 14 28 0 1 104594341300610.3
a 14 29 0 1 143850865568014.7
a 14 30 0 1 231790174019209.34
a 14 31 0 1 392506574280459.3
a 14 32 0 1 142590409176933.4
a 14 33 0 1 53940756316644.734
a 14 34 0 1 364377828181629.4
a 14 35 0 1 8007552384493.708
a 14 36 0 1 174570742694814.78
a 14 37 0 1 356688989022127.56
a 14 38 0 1 70604262787005.64
a 14 39 0 1 122144616202742.5
a 14 40 0 1 24465125963959.086
a 14 41 0 1 278512417427854.9
a 14 42 0 1 105424749524543.83
a 14 43 0 1 260470442684972.62
a 14 44 0 1 50840727384543.41
a 14 45 0 1 134715673441570.78
a 14 46 0 1 342700375356672.56
a 14 47 0 1 181686359350609.06
a 14 48 0 1 254388437268675.44
a 14 49 0 1 84591048763386.36
a 14 50 0 1 112325415331384.36
a 14 51 0 1 25804511730485.527
a 14 52 0 1 337011473609412.06
a 14 53 0 1 190430138542558.4
a 14 54 0 1 63061522134810.266
a 14 55 0 1 127585391306419.42
a 14 56 0 1 162197947445734.94
a 14 57 0 1 140104834881485.02
a 14 58 0 1 207681904679607.4
a 14 59 0 1 106348457510242.7
a 14 60 0 1 325181468950402.0
a 14 61 0 1 345713930916068.0
a 14 62 0 1 10379904830368.732
a 14 63 0 1 20434700146989.2
a 14 64 0 1 161511929121645.1
a 14 65 0 1 173673450614257.8
a 14 66 0 1 278659480590979.84
a 14 67 0 1 9094929824996.275
a 14 68 0 1 262965479766857.8
a 14 69 0 1 58765471801501.62
a 14 70 0 1 240629934906636.2
a 14 71 0 1 286353917918450.06
a 14 72 0 1 393438311507220.2
a 14 73 0 1 108408046735454.83
a 14 74 0 1 60318258527036.87
a 14 75 0 1 346408581523535.75
a 14 76 0 1 91618408284737.3
a 14 77 0 1 126024911528884.42
a 14 78 0 1 43440687398524.03
a 14 79 0 1 48568252014042.17
a 15 1 0 4 0
a 16 1 0 4 0
a 17 1 0 4 0
a 18 1 0 4 0
a 19 1 0 4 0
a 20 1 0 4 0
a 21 1 0 4 0
a 22 1 0 4 0
a 23 1 0 4 0
a 24 1 0 4 0
a 25 1 0 4 0
a 26 1 0 4 0
a 27 1 0 4 0
a 28 1 0 4 0
a 29 1 0 4 0
a 30 1 0 4 0
a 31 1 0 4 0
a 32 1 0 4 0
a 33 1 0 4 0
a 34 1 0 4 0
a 35 1 0 4 0
a 36 1 0 4 0
a 37 1 0 4 0
a 38 1 0 4 0
a 39 1 0 4 0
a 40 1 0 4 0
a 41 1 0 4 0
a 42 1 0 4 0
a 43 1 0 4 0
a 44 1 0 4 0
a 45 1 0 4 0
a 46 1 0 4 0
a 47 1 0 4 0
a 48 1 0 4 0
a 49 1 0 4 0
a 50 1 0 4 0
a 51 1 0 4 0
a 52 1 0 4 0
a 53 1 0 4 0
a 54 1 0 4 0
a 55 1 0 4 0
a 56 1 0 4 0
a 57 1 0 4 0
a 58 1 0 4 0
a 59 1 0 4 0
a 60 1 0 4 0
a 61 1 0 4 0
a 62 1 0 4 0
a 63 1 0 4 0
a 64 1 0 4 0
a 65 1 0 4 0
a 66 1 0 4 0
a 67 1 0 4 0
a 68 1 0 4 0
a 69 1 0 4 0
a 70 1 0 4 0
a 71 1 0 4 0
a 72 1 0 4 0
a 73 1 0 4 0
a 74 1 0 4 0
a 75 1 0 4 0
a 76 1 0 4 0
a 77 1 0 4 0
a 78 1 0 4 0
a 79 1 0 4 0
