p min 80 923
n 0 13
n 1 -13
a 0 2 0 1 0
a 0 3 0 1 0
a 0 4 0 1 0
a 0 5 0 1 0
a 0 6 0 1 0
a 0 7 0 1 0
a 0 8 0 1 0
a 0 9 0 1 0
a 0 10 0 1 0
a 0 11 0 1 0
a 0 12 0 1 0
a 0 13 0 1 0
a 0 14 0 1 0
a 2 15 0 1 236363743064653.56
a 2 16 0 1 367617372519207.9
a 2 17 0 1 163129009366074.47
a 2 18 0 1 124691088122398.12
a 2 19 0 1 179927028212418.28
a 2 20 0 1 262500544431636.56
a 2 21 0 1 131459190012633.12
a 2 22 0 1 112619744254538.75
a 2 23 0 1 157457366340964.66
a 2 24 0 1 262099254504258.38
a 2 25 0 1 193380681801863.12
a 2 26 0 1 243005332909539.84
a 2 27 0 1 245871516202742.78
a 2 28 0 1 180568973255271.16
a 2 29 0 1 221488374088931.88
a 2 30 0 1 73291410205218.11
a 2 31 0 1 296007330316344.4
a 2 32 0 1 5506852319451.756
a 2 33 0 1 140011084728832.3
a 2 34 0 1 371806777823595.8
a 2 35 0 1 53863909997255.0
a 2 36 0 1 273249369106990.56
a 2 37 0 1 60234351273106.875
a 2 38 0 1 281429493928540.84
a 2 39 0 1 230496524536628.56
a 2 40 0 1 372496412978310.4
a 2 41 0 1 259682434157778.47
a 2 42 0 1 95013166236090.06
a 2 43 0 1 275615289339248.22
a 2 44 0 1 127459659631571.23
a 2 45 0 1 60957390348178.43
a 2 46 0 1 342041446074312.4
a 2 47 0 1 195410138445349.3
a 2 48 0 1 234861845691088.8
a 2 49 0 1 82700743736495.83
a 2 50 0 1 183406286107343.44
a 2 51 0 1 251390203396259.78
a 2 52 0 1 333934796039148.2
a 2 53 0 1 80754672794301.66
a 2 54 0 1 312390172730575.8
a 2 55 0 1 135426152996112.12
a 2 56 0 1 375591460124302.94
a 2 57 0 1 231186733949421.28
a 2 58 0 1 371293958134821.06
a 2 59 0 1 316569913508444.7
a 2 60 0 1 290271217453107.44
a 2 61 0 1 238022392173339.6
a 2 62 0 1 315527442377963.9
a 2 63 0 1 117788208737458.33
a 2 64 0 1 163786431468627.8
a 2 65 0 1 12601222183651.666
a 2 66 0 1 302894201500593.8
a 2 67 0 1 115004396506276.19
a 2 68 0 1 194308205911225.0
a 2 69 0 1 180218858636629.62
a 2 70 0 1 152501363203346.88
a 2 71 0 1 280619016968894.0
a 2 72 0 1 311563421462898.4
a 2 73 0 1 267999722989394.34
a 2 74 0 1 203201536967475.78
a 2 75 0 1 327895555552923.44
a 2 76 0 1 188162108581693.6
a 2 77 0 1 342205073730840.6
a 2 78 0 1 375159993593066.5
a 2 79 0 1 244761039603971.66
a 3 15 0 1 247166483942416.9
a 3 16 0 1 384690032344468.3
a 3 17 0 1 170518659875083.8
a 3 18 0 1 130313300606989.39
a 3 19 0 1 188094232198676.5
a 3 20 0 1 274536048070469.94
a 3 21 0 1 137391425170839.94
a 3 22 0 1 117690264050758.05
a 3 23 0 1 164585195293127.38
a 3 24 0 1 274115772201566.2
a 3 25 0 1 202172907437079.97
a 3 26 0 1 254120593730768.5
a 3 27 0 1 257121799906951.7
a 3 28 0 1 188765954324309.56
a 3 29 0 1 231592967413393.34
a 3 30 0 1 76575600325541.03
a 3 31 0 1 309634616240954.94
a 3 32 0 1 5751607745347.023
a 3 33 0 1 146335775066019.8
a 3 34 0 1 389082852345926.44
a 3 35 0 1 56271904759814.12
a 3 36 0 1 285794108497712.5
a 3 37 0 1 62929206634072.42
a 3 38 0 1 294362660061272.8
a 3 39 0 1 241023599486988.6
a 3 40 0 1 389805992153573.8
a 3 41 0 1 271584645419092.5
a 3 42 0 1 99281887699539.47
a 3 43 0 1 288272293815770.8
a 3 44 0 1 133208629462351.83
a 3 45 0 1 63684831912229.47
a 3 46 0 1 357876730072754.4
a 3 47 0 1 204296823344513.28
a 3 48 0 1 245593984151294.16
a 3 49 0 1 86410776899046.73
a 3 50 0 1 191734933153455.4
a 3 51 0 1 262900729600870.88
a 3 52 0 1 349379468032603.6
a 3 53 0 1 84376552504123.75
a 3 54 0 1 326800442051444.0
a 3 55 0 1 141540335632292.4
a 3 56 0 1 393051475182873.2
a 3 57 0 1 241746217528690.56
a 3 58 0 1 388545121874142.2
a 3 59 0 1 331180440747954.25
a 3 60 0 1 303625088593913.6
a 3 61 0 1 248903133893345.56
a 3 62 0 1 330088004288748.6
a 3 63 0 1 123094744889921.89
a 3 64 0 1 171206453869578.6
a 3 65 0 1 13161769397855.479
a 3 66 0 1 316850253909626.6
a 3 67 0 1 120183774227605.08
a 3 68 0 1 203143596603780.5
a 3 69 0 1 188399598816171.78
a 3 70 0 1 159400699534262.38
a 3 71 0 1 293513664032870.9
a 3 72 0 1 325934103756848.0
a 3 73 0 1 280295590500066.5
a 3 74 0 1 212451295048832.56
a 3 75 0 1 343049728234816.4
a 3 76 0 1 196711652351625.12
a 3 77 0 1 358048249859611.7
a 3 78 0 1 392599030320919.5
a 3 79 0 1 255958998849854.75
a 4 15 0 1 209103205064812.34
a 4 16 0 1 324643784977137.3
a 4 17 0 1 144455553900376.34
a 4 18 0 1 110473715663186.1
a 4 19 0 1 159295217898903.34
a 4 20 0 1 232144291399906.94
a 4 21 0 1 116459723252776.95
a 4 22 0 1 99794613675092.4
a 4 23 0 1 139443615296888.5
a 4 24 0 1 231790655600188.47
a 4 25 0 1 171175578997554.7
a 4 26 0 1 214959702539595.16
a 4 27 0 1 217486751461124.88
a 4 28 0 1 159862190572077.66
a 4 29 0 1 195982394189003.72
a 4 30 0 1 64978509205581.414
a 4 31 0 1 261658351522037.66
a 4 32 0 1 4886564426568.263
a 4 33 0 1 124021853153678.38
a 4 34 0 1 328324742520989.7
a 4 35 0 1 47766653376619.78
a 4 36 0 1 241615222808805.56
a 4 37 0 1 53411533566723.08
a 4 38 0 1 248820969963471.53
a 4 39 0 1 203928661368015.1
a 4 40 0 1 328930638693306.44
a 4 41 0 1 229660756337212.88
a 4 42 0 1 84212551243764.78
a 4 43 0 1 243699492002626.4
a 4 44 0 1 112922492605811.97
a 4 45 0 1 54052162536064.4
a 4 46 0 1 302162553346386.0
a 4 47 0 1 172967333855076.44
a 4 48 0 1 207778697993093.62
a 4 49 0 1 73311578352231.12
a 4 50 0 1 162368018134133.53
a 4 51 0 1 222351897024253.5
a 4 52 0 1 295033470926381.25
a 4 53 0 1 71588273551145.97
a 4 54 0 1 276079090504664.2
a 4 55 0 1 119967778841806.44
a 4 56 0 1 331649725689673.94
a 4 57 0 1 204537428542643.62
a 4 58 0 1 327874184414720.2
a 4 59 0 1 279757197591967.94
a 4 60 0 1 256607689855008.94
a 4 61 0 1 210565886925192.5
a 4 62 0 1 278839878926865.5
a 4 63 0 1 104367395194436.1
a 4 64 0 1 145036457860301.1
a 4 65 0 1 11180800226463.414
a 4 66 0 1 267721205082993.03
a 4 67 0 1 101904504644401.31
a 4 68 0 1 171994478247238.3
a 4 69 0 1 159552966839389.75
a 4 70 0 1 135063453004689.97
a 4 71 0 1 248107105342510.3
a 4 72 0 1 275351511886911.25
a 4 73 0 1 236990038431471.34
a 4 74 0 1 179845246951553.06
a 4 75 0 1 289721450118018.5
a 4 76 0 1 166567785334725.78
a 4 77 0 1 302306432886558.4
a 4 78 0 1 331270684184072.1
a 4 79 0 1 216507692801370.75
a 5 15 0 1 334764859140565.25
a 5 16 0 1 524055124494125.5
a 5 17 0 1 230225576739259.8
a 5 18 0 1 175655524910763.1
a 5 19 0 1 254137582428318.12
a 5 20 0 1 372258061745992.7
a 5 21 0 1 185249474735583.34
a 5 22 0 1 158559562406612.3
a 5 23 0 1 222160811674137.62
a 5 24 0 1 371681669515319.3
a 5 25 0 1 273317214827335.12
a 5 26 0 1 344282927198919.3
a 5 27 0 1 348392405948664.94
a 5 28 0 1 255052170219434.78
a 5 29 0 1 313469767534672.0
a 5 30 0 1 102997389075446.72
a 5 31 0 1 420467867697527.75
a 5 32 0 1 7714479800568.619
a 5 33 0 1 197380936795202.38
a 5 34 0 1 530139047701136.0
a 5 35 0 1 75626879940677.03
a 5 36 0 1 387705782869410.4
a 5 37 0 1 84596387322952.81
a 5 38 0 1 399473107273393.1
a 5 39 0 1 326361780828859.06
a 5 40 0 1 531140801705824.25
a 5 41 0 1 368210764229974.06
a 5 42 0 1 133659706209636.83
a 5 43 0 1 391108222456615.06
a 5 44 0 1 179579288241096.1
a 5 45 0 1 85614757332380.3
a 5 46 0 1 486970670072155.0
a 5 47 0 1 276212621609360.12
a 5 48 0 1 332613362114409.94
a 5 49 0 1 116271807230013.81
a 5 50 0 1 259095216257134.16
a 5 51 0 1 356308310707313.4
a 5 52 0 1 475236678441475.3
a 5 53 0 1 113525376715349.92
a 5 54 0 1 444099315096640.44
a 5 55 0 1 190875646470977.12
a 5 56 0 1 535637509256126.75
a 5 57 0 1 327350049820147.9
a 5 58 0 1 529394179939665.25
a 5 59 0 1 450134712755627.75
a 5 60 0 1 412203109758029.8
a 5 61 0 1 337141280132621.75
a 5 62 0 1 448629179942512.2
a 5 63 0 1 165876945643848.66
a 5 64 0 1 231160682439603.25
a 5 65 0 1 17658680875616.02
a 5 66 0 1 430397037603767.1
a 5 67 0 1 161935243774207.3
a 5 68 0 1 274640433154042.47
a 5 69 0 1 254553350065700.44
a 5 70 0 1 215117281494799.0
a 5 71 0 1 398306780878085.9
a 5 72 0 1 442905820907576.25
a 5 73 0 1 380159142495348.6
a 5 74 0 1 287333906441687.75
a 5 75 0 1 466501524940386.5
a 5 76 0 1 265874573894231.72
a 5 77 0 1 487207614315405.44
a 5 78 0 1 535010556513449.4
a 5 79 0 1 346800086243607.44
a 6 15 0 1 417350001210706.56
a 6 16 0 1 656998587293034.5
a 6 17 0 1 286163090630415.7
a 6 18 0 1 217998680206556.34
a 6 19 0 1 316099627301737.94
a 6 20 0 1 464598597790246.5
a 6 21 0 1 229967224260956.06
a 6 22 0 1 196687483442819.16
a 6 23 0 1 276075784678584.5
a 6 24 0 1 463871428521710.8
a 6 25 0 1 340141610165786.1
a 6 26 0 1 429334544175507.94
a 6 27 0 1 434511043074726.2
a 6 28 0 1 317245467489470.3
a 6 29 0 1 390561157436370.75
a 6 30 0 1 127567537409000.61
a 6 31 0 1 525509360679728.7
a 6 32 0 1 9529898406894.535
a 6 33 0 1 245110726504357.03
a 6 34 0 1 664747703813001.5
a 6 35 0 1 93597158368959.33
a 6 36 0 1 484096672935502.56
a 6 37 0 1 104723805590634.39
a 6 38 0 1 498961590311628.2
a 6 39 0 1 406775030462617.56
a 6 40 0 1 666023926790414.0
a 6 41 0 1 459493111091421.06
a 6 42 0 1 165685101582576.25
a 6 43 0 1 488393670591611.1
a 6 44 0 1 222892821622771.72
a 6 45 0 1 105987440133486.28
a 6 46 0 1 609827922349131.8
a 6 47 0 1 343773391772082.5
a 6 48 0 1 414641916058250.7
a 6 49 0 1 144061472328230.62
a 6 50 0 1 322311524137362.4
a 6 51 0 1 444485889536243.0
a 6 52 0 1 594925259764556.0
a 6 53 0 1 140647931461640.0
a 6 54 0 1 555431978854910.44
a 6 55 0 1 236988974946360.28
a 6 56 0 1 671753674236457.6
a 6 57 0 1 408018457008472.94
a 6 58 0 1 663798803203855.1
a 6 59 0 1 563081085297372.0
a 6 60 0 1 515054563065268.94
a 6 61 0 1 420341601274424.25
a 6 62 0 1 561172745950783.06
a 6 63 0 1 205806532076385.94
a 6 64 0 1 287333013094109.8
a 6 65 0 1 21820116049469.2
a 6 66 0 1 538076598157218.06
a 6 67 0 1 200893845491791.4
a 6 68 0 1 341801279815582.06
a 6 69 0 1 316620513710429.56
a 6 70 0 1 267269664571667.66
a 6 71 0 1 497487770259909.7
a 6 72 0 1 553919711700968.9
a 6 73 0 1 474569050335554.9
a 6 74 0 1 357728832746485.1
a 6 75 0 1 583838295498309.2
a 6 76 0 1 330808941261067.2
a 6 77 0 1 610128963576131.1
a 6 78 0 1 670954707486587.4
a 6 79 0 1 432505128952781.06
a 7 15 0 1 195183170337195.78
a 7 16 0 1 302759898786340.94
a 7 17 0 1 134906107620850.12
a 7 18 0 1 103197439072623.89
a 7 19 0 1 148747874692689.1
a 7 20 0 1 216651817278427.06
a 7 21 0 1 108784224090028.7
a 7 22 0 1 93229280255630.08
a 7 23 0 1 130230480196387.08
a 7 24 0 1 216322374139783.56
a 7 25 0 1 159827042637408.88
a 7 26 0 1 200640727524805.72
a 7 27 0 1 202995480851392.78
a 7 28 0 1 149276658033828.16
a 7 29 0 1 182954321604932.3
a 7 30 0 1 60719697202817.97
a 7 31 0 1 244140303449175.53
a 7 32 0 1 4568356658314.207
a 7 33 0 1 115841280969577.45
a 7 34 0 1 306183883789546.9
a 7 35 0 1 44641741392744.65
a 7 36 0 1 225474147434546.66
a 7 37 0 1 49915204979183.25
a 7 38 0 1 232185537506529.94
a 7 39 0 1 190360695801584.16
a 7 40 0 1 306747462122614.56
a 7 41 0 1 214338145105322.47
a 7 42 0 1 78681643820164.27
a 7 43 0 1 227415501894759.03
a 7 44 0 1 105482962718161.67
a 7 45 0 1 50513653934002.13
a 7 46 0 1 281843721677951.06
a 7 47 0 1 161497786859058.34
a 7 48 0 1 193948818218297.97
a 7 49 0 1 68502282148912.15
a 7 50 0 1 151613645958419.1
a 7 51 0 1 207528654933441.7
a 7 52 0 1 275209365612765.2
a 7 53 0 1 66892900126136.484
a 7 54 0 1 257566663827868.94
a 7 55 0 1 112058079457544.56
a 7 56 0 1 309276571246586.56
a 7 57 0 1 190928063545126.97
a 7 58 0 1 305764790626297.56
a 7 59 0 1 260990655532033.78
a 7 60 0 1 239437182651899.78
a 7 61 0 1 196546262352425.2
a 7 62 0 1 260136731911064.66
a 7 63 0 1 97497836329514.98
a 7 64 0 1 135448008334875.25
a 7 65 0 1 10452225123420.656
a 7 66 0 1 249785468902456.7
a 7 67 0 1 95198838120935.08
a 7 68 0 1 160590641258742.06
a 7 69 0 1 148988263126200.53
a 7 70 0 1 126143939266530.89
a 7 71 0 1 231520682341166.28
a 7 72 0 1 256889328889487.84
a 7 73 0 1 221165875856505.38
a 7 74 0 1 167910750370834.16
a 7 75 0 1 270265484157619.7
a 7 76 0 1 155530234098709.16
a 7 77 0 1 281977608841018.1
a 7 78 0 1 308924019347431.25
a 7 79 0 1 202083186038960.62
a 8 15 0 1 161711566989850.78
a 8 16 0 1 250301885315844.78
a 8 17 0 1 111904568938348.27
a 8 18 0 1 85655616321614.42
a 8 19 0 1 123352647301359.53
a 8 20 0 1 179422057276880.72
a 8 21 0 1 90282841623257.62
a 8 22 0 1 77397003411964.08
a 8 23 0 1 108036083697944.02
a 8 24 0 1 179150400078624.84
a 8 25 0 1 132511318597516.44
a 8 26 0 1 166215213396147.84
a 8 27 0 1 168158080576876.06
a 8 28 0 1 123789861744903.38
a 8 29 0 1 151616574778957.38
a 8 30 0 1 50440288284213.7
a 8 31 0 1 202076177380076.38
a 8 32 0 1 3799114508143.09
a 8 33 0 1 96126349775425.05
a 8 34 0 1 253115187342501.3
a 8 35 0 1 37095844403429.19
a 8 36 0 1 186695562415506.94
a 8 37 0 1 41473659603042.305
a 8 38 0 1 192226980368926.06
a 8 39 0 1 157731176030816.4
a 8 40 0 1 253578211049863.0
a 8 41 0 1 177514138098053.88
a 8 42 0 1 65338467894443.27
a 8 43 0 1 188295749494155.8
a 8 44 0 1 87548712826969.2
a 8 45 0 1 41970410557883.31
a 8 46 0 1 233107621811664.3
a 8 47 0 1 133892099383669.7
a 8 48 0 1 160692826600525.56
a 8 49 0 1 56896688966642.39
a 8 50 0 1 125722045325626.11
a 8 51 0 1 171897806958256.84
a 8 52 0 1 227650735691352.0
a 8 53 0 1 55561713929925.52
a 8 54 0 1 213132081336280.84
a 8 55 0 1 92993919870764.88
a 8 56 0 1 255655940106263.0
a 8 57 0 1 158199512065906.78
a 8 58 0 1 252770862559815.25
a 8 59 0 1 215950592843167.75
a 8 60 0 1 198201977611357.44
a 8 61 0 1 162836500731038.34
a 8 62 0 1 215247709243499.94
a 8 63 0 1 80933897235801.81
a 8 64 0 1 112352876151767.95
a 8 65 0 1 8691236646401.576
a 8 66 0 1 206725410391400.5
a 8 67 0 1 79029038453377.88
a 8 68 0 1 133142403476964.17
a 8 69 0 1 123551409046129.12
a 8 70 0 1 104654403778922.05
a 8 71 0 1 191679084688273.9
a 8 72 0 1 212574476099935.5
a 8 73 0 1 183143963703800.78
a 8 74 0 1 139191214539317.97
a 8 75 0 1 223583335971334.94
a 8 76 0 1 128959812719318.67
a 8 77 0 1 233217731359093.66
a 8 78 0 1 255366322486980.72
a 8 79 0 1 167405383407983.78
a 9 15 0 1 487162283336894.44
a 9 16 0 1 770606161948896.6
a 9 17 0 1 333180637999089.8
a 9 18 0 1 253486839268905.94
a 9 19 0 1 368247970112823.75
a 9 20 0 1 542820977397908.06
a 9 21 0 1 267464475680354.0
a 9 22 0 1 228614214293300.34
a 9 23 0 1 321373785688546.9
a 9 24 0 1 541963555762677.44
a 9 25 0 1 396440603130381.8
a 9 26 0 1 501269846353979.9
a 9 27 0 1 507365479179433.8
a 9 28 0 1 369591019368390.9
a 9 29 0 1 455652741024787.0
a 9 30 0 1 148082483716149.75
a 9 31 0 1 614734107000699.8
a 9 32 0 1 11038418698126.828
a 9 33 0 1 285159319517486.25
a 9 34 0 1 779819761764974.2
a 9 35 0 1 108580571737685.3
a 9 36 0 1 565821205269640.8
a 9 37 0 1 121513477927080.48
a 9 38 0 1 583368581527346.0
a 9 39 0 1 474719710900340.56
a 9 40 0 1 781337472602003.1
a 9 41 0 1 536801526513289.25
a 9 42 0 1 192467122372817.88
a 9 43 0 1 570892507275670.1
a 9 44 0 1 259201751386980.88
a 9 45 0 1 122982586610945.39
a 9 46 0 1 714587507049141.0
a 9 47 0 1 400701728210654.06
a 9 48 0 1 483975424702606.3
a 9 49 0 1 167280399128775.5
a 9 50 0 1 375529719765293.6
a 9 51 0 1 519115092130816.8
a 9 52 0 1 696913120446525.8
a 9 53 0 1 163306268282945.16
a 9 54 0 1 650128830495748.9
a 9 55 0 1 275667941919310.22
a 9 56 0 1 788152447785967.4
a 9 57 0 1 476182456379109.94
a 9 58 0 1 778691364169210.0
a 9 59 0 1 659183943271357.2
a 9 60 0 1 602377871207006.0
a 9 61 0 1 490683189252233.75
a 9 62 0 1 656924551552306.9
a 9 63 0 1 239254699790105.94
a 9 64 0 1 334550295616165.75
a 9 65 0 1 25279767676119.586
a 9 66 0 1 629594150220197.5
a 9 67 0 1 233521909468725.3
a 9 68 0 1 398387796682574.9
a 9 69 0 1 368858498044994.5
a 9 70 0 1 311070334767094.2
a 9 71 0 1 581628317940345.1
a 9 72 0 1 648338935645493.2
a 9 73 0 1 554579958543862.75
a 9 74 0 1 417081231460599.0
a 9 75 0 1 683771411485630.2
a 9 76 0 1 385493525390608.56
a 9 77 0 1 714944654813018.1
a 9 78 0 1 787202052643962.8
a 9 79 0 1 505003243863232.94
a 10 15 0 1 329046177348699.4
a 10 16 0 1 514905949772772.06
a 10 17 0 1 226339443773817.12
a 10 18 0 1 172708911703412.28
a 10 19 0 1 249836092392007.2
a 10 20 0 1 365871503629506.6
a 10 21 0 1 182138524215727.34
a 10 22 0 1 155904907485321.78
a 10 23 0 1 218414259528756.47
a 10 24 0 1 365305421744893.2
a 10 25 0 1 268680942280945.47
a 10 26 0 1 338395233523863.8
a 10 27 0 1 342431627925783.7
a 10 28 0 1 250734748919651.2
a 10 29 0 1 308127906596650.44
a 10 30 0 1 101283838764137.34
a 10 31 0 1 413214171670070.0
a 10 32 0 1 7587515285977.719
a 10 33 0 1 194061671740719.2
a 10 34 0 1 520877161229942.7
a 10 35 0 1 74372593935766.62
a 10 36 0 1 381042398915676.3
a 10 37 0 1 83191910573033.81
a 10 38 0 1 392598201016481.56
a 10 39 0 1 320792009997716.4
a 10 40 0 1 521860341713640.75
a 10 41 0 1 361896574656252.44
a 10 42 0 1 131428265623563.12
a 10 43 0 1 384383736138168.3
a 10 44 0 1 176565506971804.28
a 10 45 0 1 84193209103957.31
a 10 46 0 1 478505186641324.7
a 10 47 0 1 271525683111339.47
a 10 48 0 1 326932833962990.1
a 10 49 0 1 114334491558307.06
a 10 50 0 1 254707329368782.2
a 10 51 0 1 350206562000286.8
a 10 52 0 1 466986332828710.75
a 10 53 0 1 111634412495895.92
a 10 54 0 1 436417101434262.06
a 10 55 0 1 187668157655613.53
a 10 56 0 1 526273623990512.9
a 10 57 0 1 321762780554883.7
a 10 58 0 1 520146101336237.1
a 10 59 0 1 442342689522947.4
a 10 60 0 1 405098742032673.9
a 10 61 0 1 331380434419498.0
a 10 62 0 1 440864562786462.8
a 10 63 0 1 163097465528841.44
a 10 64 0 1 227258348658799.88
a 10 65 0 1 17367727619956.016
a 10 66 0 1 422963571169350.3
a 10 67 0 1 159223029734723.12
a 10 68 0 1 269981010080528.44
a 10 69 0 1 250244618154880.84
a 10 70 0 1 211492426956596.12
a 10 71 0 1 391452864935228.06
a 10 72 0 1 435245304246149.0
a 10 73 0 1 373631116458669.9
a 10 74 0 1 282452050706602.9
a 10 75 0 1 458410964603469.0
a 10 76 0 1 261368385941360.78
a 10 77 0 1 478737780731017.9
a 10 78 0 1 525658307890039.3
a 10 79 0 1 340867634629145.25
a 11 15 0 1 92719392602130.73
a 11 16 0 1 142888149708111.2
a 11 17 0 1 64318934660874.86
a 11 18 0 1 49295218085209.64
a 11 19 0 1 70859133934517.72
a 11 20 0 1 102784341020536.97
a 11 21 0 1 51946452207468.26
a 11 22 0 1 44560331711978.336
a 11 23 0 1 62107228184805.945
a 11 24 0 1 102630090877208.19
a 11 25 0 1 76086090002105.61
a 11 26 0 1 95280514298305.3
a 11 27 0 1 96385025149901.11
a 11 28 0 1 71108764655122.64
a 11 29 0 1 86974438029210.61
a 11 30 0 1 29078591409753.766
a 11 31 0 1 115632939131549.42
a 11 32 0 1 2195151278672.0222
a 11 33 0 1 55292849051301.84
a 11 34 0 1 144474050006418.16
a 11 35 0 1 21399497973850.688
a 11 36 0 1 106912771914040.89
a 11 37 0 1 23919826693381.062
a 11 38 0 1 110050395104780.1
a 11 39 0 1 90454880853928.16
a 11 40 0 1 144735020418856.3
a 11 41 0 1 101700913933729.66
a 11 42 0 1 37639948226197.09
a 11 43 0 1 107820634514836.2
a 11 44 0 1 50380040281862.44
a 11 45 0 1 24205740446067.887
a 11 46 0 1 133185748013578.1
a 11 47 0 1 76873706519810.83
a 11 48 0 1 92139899153513.73
a 11 49 0 1 32790346901598.164
a 11 50 0 1 72211829603013.67
a 11 51 0 1 98510441789488.88
a 11 52 0 1 130103030772839.42
a 11 53 0 1 32023068175957.766
a 11 54 0 1 121892912373015.64
a 11 55 0 1 53499242345118.914
a 11 56 0 1 145905925029302.84
a 11 57 0 1 90721371588205.69
a 11 58 0 1 144279973064218.6
a 11 59 0 1 123487678392798.94
a 11 60 0 1 113437689542487.2
a 11 61 0 1 93359224270555.38
a 11 62 0 1 123090015891216.38
a 11 63 0 1 46588599028168.73
a 11 64 0 1 64575188169868.93
a 11 65 0 1 5020654712816.669
a 11 66 0 1 118266227774268.0
a 11 67 0 1 45496326158496.516
a 11 68 0 1 76446082920626.81
a 11 69 0 1 70972619714140.22
a 11 70 0 1 60173148956671.73
a 11 71 0 1 109739685743735.06
a 11 72 0 1 121577355757499.28
a 11 73 0 1 104897263183864.92
a 11 74 0 1 79895396643938.03
a 11 75 0 1 127804169406205.48
a 11 76 0 1 74059767615476.67
a 11 77 0 1 133247934018124.11
a 11 78 0 1 145742725628872.44
a 11 79 0 1 95957145651074.58
a 12 15 0 1 115489805478821.11
a 12 16 0 1 178234486643400.2
a 12 17 0 1 80050182376146.72
a 12 18 0 1 61325931127562.41
a 12 19 0 1 88206309369394.86
a 12 20 0 1 128063215065555.4
a 12 21 0 1 64629039644077.23
a 12 22 0 1 55428083170225.96
a 12 23 0 1 77292702047915.72
a 12 24 0 1 127870466729077.14
a 12 25 0 1 94726905991782.67
a 12 26 0 1 118688540266036.33
a 12 27 0 1 120068173491804.47
a 12 28 0 1 88517678055897.39
a 12 29 0 1 108316302303130.5
a 12 30 0 1 36154789051822.88
a 12 31 0 1 144124610812744.38
a 12 32 0 1 2727282707653.61
a 12 33 0 1 68798942810527.52
a 12 34 0 1 180220900054185.5
a 12 35 0 1 26601279993325.523
a 12 36 0 1 133222666731732.81
a 12 37 0 1 29736349688769.152
a 12 38 0 1 137144689316789.86
a 12 39 0 1 112661915248339.48
a 12 40 0 1 180547795110656.97
a 12 41 0 1 126709419281337.7
a 12 42 0 1 46810784115173.54
a 12 43 0 1 134357420305554.44
a 12 44 0 1 62677424955951.44
a 12 45 0 1 30092029558388.047
a 12 46 0 1 166085763996789.28
a 12 47 0 1 95709621368313.47
a 12 48 0 1 114766107330954.44
a 12 49 0 1 40774038831985.07
a 12 50 0 1 89893602916636.84
a 12 51 0 1 122723255695579.94
a 12 52 0 1 162227215208088.88
a 12 53 0 1 39819087493591.336
a 12 54 0 1 151954204110836.94
a 12 55 0 1 66563853649779.78
a 12 56 0 1 182014547096701.5
a 12 57 0 1 112994686063589.52
a 12 58 0 1 179977799877418.53
a 12 59 0 1 153949292849173.3
a 12 60 0 1 141379596073975.97
a 12 61 0 1 116288884694951.05
a 12 62 0 1 153451790759345.4
a 12 63 0 1 57954331062822.84
a 12 64 0 1 80369692930326.25
a 12 65 0 1 6238214720568.862
a 12 66 0 1 147417823087266.44
a 12 67 0 1 56593847157380.01
a 12 68 0 1 95176066534064.3
a 12 69 0 1 88347861583289.95
a 12 70 0 1 74881641832757.33
a 12 71 0 1 136756271644191.78
a 12 72 0 1 151559457364706.5
a 12 73 0 1 130703658447474.53
a 12 74 0 1 99480217840815.44
a 12 75 0 1 159350244820465.66
a 12 76 0 1 92198850311334.7
a 12 77 0 1 166163607529787.47
a 12 78 0 1 181810106820582.72
a 12 79 0 1 119533703208339.52
a 13 15 0 1 468507685885428.6
a 13 16 0 1 740136509743971.8
a 13 17 0 1 320641211696768.25
a 13 18 0 1 244031479589246.0
a 13 19 0 1 354334146881129.1
a 13 20 0 1 521904257650045.8
a 13 21 0 1 257472123018011.12
a 13 22 0 1 220110310829525.94
a 13 23 0 1 309294711948058.3
a 13 24 0 1 521081895315569.9
a 13 25 0 1 381414066509144.4
a 13 26 0 1 482044507598694.56
a 13 27 0 1 487892982116410.6
a 13 28 0 1 355624345603806.9
a 13 29 0 1 438266499840115.56
a 13 30 0 1 142623455033712.84
a 13 31 0 1 590853166677404.1
a 13 32 0 1 10637645780620.322
a 13 33 0 1 274484778372376.34
a 13 34 0 1 748953518032867.9
a 13 35 0 1 104595348158154.36
a 13 36 0 1 543961542525206.4
a 13 37 0 1 117047151512173.16
a 13 38 0 1 560786299778009.06
a 13 39 0 1 456567020809959.25
a 13 40 0 1 750405823032815.5
a 13 41 0 1 516130797169829.2
a 13 42 0 1 185336648711536.78
a 13 43 0 1 548824290641384.2
a 13 44 0 1 249527036970426.9
a 13 45 0 1 118461522203577.53
a 13 46 0 1 686511873909610.6
a 13 47 0 1 385506408151952.75
a 13 48 0 1 465449509953441.7
a 13 49 0 1 161100428781800.1
a 13 50 0 1 361329163015163.44
a 13 51 0 1 499165245967842.06
a 13 52 0 1 669586706824420.5
a 13 53 0 1 157275790810154.97
a 13 54 0 1 624771570304352.9
a 13 55 0 1 265359653666605.3
a 13 56 0 1 756926836713243.1
a 13 57 0 1 457970833748272.7
a 13 58 0 1 747873734623275.0
a 13 59 0 1 633447137112764.6
a 13 60 0 1 579009602148378.0
a 13 61 0 1 471886315149130.6
a 13 62 0 1 631282519025677.1
a 13 63 0 1 230344405596966.5
a 13 64 0 1 321957388075744.56
a 13 65 0 1 24360480464569.07
a 13 66 0 1 605094798925191.9
a 13 67 0 1 224830686001581.2
a 13 68 0 1 383284151332953.3
a 13 69 0 1 354920651783379.5
a 13 70 0 1 299392013903360.7
a 13 71 0 1 559117827148596.44
a 13 72 0 1 623056609371001.8
a 13 73 0 1 533181752832588.8
a 13 74 0 1 401235635605653.7
a 13 75 0 1 657000186871272.6
a 13 76 0 1 370899874746834.1
a 13 77 0 1 686853852017729.5
a 13 78 0 1 756017463013675.2
a 13 79 0 1 485626567346982.3
a 14 15 0 1 222982917802420.44
a 14 16 0 1 346504373154483.94
a 14 17 0 1 153967764217284.78
a 14 18 0 1 117717831563380.14
a 14 19 0 1 169803846612250.94
a 14 20 0 1 247597484607697.03
a 14 21 0 1 124101998730971.69
a 14 22 0 1 106329860376353.05
a 14 23 0 1 148620115798748.03
a 14 24 0 1 247219631494800.84
a 14 25 0 1 182484545040708.25
a 14 26 0 1 229238511799287.2
a 14 27 0 1 231937946468612.88
a 14 28 0 1 170408961126005.66
a 14 29 0 1 208970060685626.9
a 14 30 0 1 69215557685567.96
a 14 31 0 1 279140140657055.5
a 14 32 0 1 5202859679135.809
a 14 33 0 1 132167961579724.75
a 14 34 0 1 350443341023166.75
a 14 35 0 1 50874786506105.11
a 14 36 0 1 257717778836210.7
a 14 37 0 1 56889385761393.96
a 14 38 0 1 265418593888514.34
a 14 39 0 1 217456227975478.16
a 14 40 0 1 351091728869525.75
a 14 41 0 1 244943919272673.88
a 14 42 0 1 89716803361324.42
a 14 43 0 1 259945156664930.66
a 14 44 0 1 120329418280259.92
a 14 45 0 1 57572005953585.414
a 14 46 0 1 322452426848489.9
a 14 47 0 1 184397206930069.16
a 14 48 0 1 221568230629353.75
a 14 49 0 1 78096903233442.95
a 14 50 0 1 173083426394035.25
a 14 51 0 1 237135275795105.75
a 14 52 0 1 314827064698437.94
a 14 53 0 1 76260121175047.69
a 14 54 0 1 294557435097626.8
a 14 55 0 1 127843664971250.12
a 14 56 0 1 354001584361201.25
a 14 57 0 1 218106400669527.0
a 14 58 0 1 349961189258867.75
a 14 59 0 1 298490287172262.94
a 14 60 0 1 273741285015642.94
a 14 61 0 1 224545221641401.53
a 14 62 0 1 297509413599102.75
a 14 63 0 1 111205951485047.44
a 14 64 0 1 154587605042473.88
a 14 65 0 1 11905064626921.037
a 14 66 0 1 285621541066677.56
a 14 67 0 1 108579656711658.66
a 14 68 0 1 183358696737114.56
a 14 69 0 1 170078934387443.03
a 14 70 0 1 143946899644084.66
a 14 71 0 1 264655644306598.84
a 14 72 0 1 293779491849287.0
a 14 73 0 1 252775285304103.94
a 14 74 0 1 191739734200791.6
a 14 75 0 1 309145822105186.56
a 14 76 0 1 177566063397211.38
a 14 77 0 1 322606331307325.4
a 14 78 0 1 353595942005034.4
a 14 79 0 1 230892087404055.6
a 15 1 0 4 0
a 16 1 0 4 0
a 17 1 0 4 0
a 18 1 0 4 0
a 19 1 0 4 0
a 20 1 0 4 0
a 21 1 0 4 0
a 22 1 0 4 0
a 23 1 0 4 0
a 24 1 0 4 0
a 25 1 0 4 0
a 26 1 0 4 0
a 27 1 0 4 0
a 28 1 0 4 0
a 29 1 0 4 0
a 30 1 0 4 0
a 31 1 0 4 0
a 32 1 0 4 0
a 33 1 0 4 0
a 34 1 0 4 0
a 35 1 0 4 0
a 36 1 0 4 0
a 37 1 0 4 0
a 38 1 0 4 0
a 39 1 0 4 0
a 40 1 0 4 0
a 41 1 0 4 0
a 42 1 0 4 0
a 43 1 0 4 0
a 44 1 0 4 0
a 45 1 0 4 0
a 46 1 0 4 0
a 47 1 0 4 0
a 48 1 0 4 0
a 49 1 0 4 0
a 50 1 0 4 0
a 51 1 0 4 0
a 52 1 0 4 0
a 53 1 0 4 0
a 54 1 0 4 0
a 55 1 0 4 0
a 56 1 0 4 0
a 57 1 0 4 0
a 58 1 0 4 0
a 59 1 0 4 0
a 60 1 0 4 0
a 61 1 0 4 0
a 62 1 0 4 0
a 63 1 0 4 0
a 64 1 0 4 0
a 65 1 0 4 0
a 66 1 0 4 0
a 67 1 0 4 0
a 68 1 0 4 0
a 69 1 0 4 0
a 70 1 0 4 0
a 71 1 0 4 0
a 72 1 0 4 0
a 73 1 0 4 0
a 74 1 0 4 0
a 75 1 0 4 0
a 76 1 0 4 0
a 77 1 0 4 0
a 78 1 0 4 0
a 79 1 0 4 0
