p min 81 937
n 0 13
n 1 -13
a 0 2 0 1 0
a 0 3 0 1 0
a 0 4 0 1 0
a 0 5 0 1 0
a 0 6 0 1 0
a 0 7 0 1 0
a 0 8 0 1 0
a 0 9 0 1 0
a 0 10 0 1 0
a 0 11 0 1 0
a 0 12 0 1 0
a 0 13 0 1 0
a 0 14 0 1 0
a 2 15 0 1 335807970854896.0
a 2 16 0 1 23473563176907.734
a 2 17 0 1 300263299933427.8
a 2 18 0 1 32979187342166.383
a 2 19 0 1 222700340930379.12
a 2 20 0 1 286730701711460.06
a 2 21 0 1 564745862399629.0
a 2 22 0 1 116651091836415.11
a 2 23 0 1 217932594182762.94
a 2 24 0 1 68337280633758.54
a 2 25 0 1 411052146204408.1
a 2 26 0 1 63483699847629.54
a 2 27 0 1 20604065905993.184
a 2 28 0 1 482294615119552.7
a 2 29 0 1 311964464747586.5
a 2 30 0 1 122793314185977.98
a 2 31 0 1 429468128389756.56
a 2 32 0 1 228918546723911.94
a 2 33 0 1 34421605886207.117
a 2 34 0 1 340475415585458.56
a 2 35 0 1 208428032686144.4
a 2 36 0 1 557502362351668.5
a 2 37 0 1 309145030579546.3
a 2 38 0 1 392587031580499.2
a 2 39 0 1 402669593328224.0
a 2 40 0 1 393763737704613.0
a 2 41 0 1 18073477413844.98
a 2 42 0 1 23323338351415.887
a 2 43 0 1 54406237010259.07
a 2 44 0 1 112687241688423.66
a 2 45 0 1 13829685190864.34
a 2 46 0 1 221295032087968.9
a 2 47 0 1 575547113544800.2
a 2 48 0 1 337876781095738.75
a 2 49 0 1 589599740056180.8
a 2 50 0 1 437614534301768.4
a 2 51 0 1 458617832660495.8
a 2 52 0 1 281548533452805.56
a 2 53 0 1 29533698891950.617
a 2 54 0 1 612595124207084.4
a 2 55 0 1 235888216754059.3
a 2 56 0 1 206715689149992.9
a 2 57 0 1 78705403324960.53
a 2 58 0 1 185095321843945.4
a 2 59 0 1 322738816934749.2
a 2 60 0 1 135818632537490.17
a 2 61 0 1 309324445732526.06
a 2 62 0 1 106325626148975.55
a 2 63 0 1 89417986062321.81
a 2 64 0 1 162246933200599.0
a 2 65 0 1 241333210624722.53
a 2 66 0 1 616692083253516.8
a 2 67 0 1 134161099277623.88
a 2 68 0 1 550098300057524.3
a 2 69 0 1 312172038735638.4
a 2 70 0 1 672833250512346.4
a 2 71 0 1 490537164634887.94
a 2 72 0 1 640781033046990.4
a 2 73 0 1 148261696509976.38
a 2 74 0 1 626173619984184.0
a 2 75 0 1 537361610635895.75
a 2 76 0 1 163001166020571.44
a 2 77 0 1 635232115311724.4
a 2 78 0 1 178038571817854.2
a 2 79 0 1 159723292147811.25
a 2 80 0 1 237150103441056.72
a 3 15 0 1 304747127446656.9
a 3 16 0 1 21372564400185.27
a 3 17 0 1 272594179652144.97
a 3 18 0 1 30024443505089.65
a 3 19 0 1 202345721805759.3
a 3 20 0 1 260346294120880.8
a 3 21 0 1 511228425110769.0
a 3 22 0 1 106107592753740.6
a 3 23 0 1 198023743482041.75
a 3 24 0 1 62191891898202.5
a 3 25 0 1 372728075141470.4
a 3 26 0 1 57777689198017.6
a 3 27 0 1 18760456200848.23
a 3 28 0 1 436988103909360.9
a 3 29 0 1 283181574140349.2
a 3 30 0 1 111687482903995.7
a 3 31 0 1 389349006744366.3
a 3 32 0 1 207981879150250.06
a 3 33 0 1 31337162935565.95
a 3 34 0 1 308967330202867.3
a 3 35 0 1 189406504112771.22
a 3 36 0 1 504711906232989.6
a 3 37 0 1 280630754941458.6
a 3 38 0 1 356055914568896.06
a 3 39 0 1 365160317380026.44
a 3 40 0 1 357118568309008.5
a 3 41 0 1 16456728802951.664
a 3 42 0 1 21235818328962.395
a 3 43 0 1 49520780253025.375
a 3 44 0 1 102506257257104.1
a 3 45 0 1 12593112188901.77
a 3 46 0 1 201071850765340.84
a 3 47 0 1 520943599786107.9
a 3 48 0 1 306617754625575.6
a 3 49 0 1 533579579843855.44
a 3 50 0 1 396699168705084.0
a 3 51 0 1 415643342237192.0
a 3 52 0 1 255655134616507.44
a 3 53 0 1 26888607198407.81
a 3 54 0 1 554247890105754.4
a 3 55 0 1 214298262356225.66
a 3 56 0 1 187853833599328.06
a 3 57 0 1 71619926718432.02
a 3 58 0 1 168244623704732.1
a 3 59 0 1 292927970664259.94
a 3 60 0 1 123517915437798.5
a 3 61 0 1 280793081437153.62
a 3 62 0 1 96725816403950.08
a 3 63 0 1 81359043259269.2
a 3 64 0 1 147511776430797.9
a 3 65 0 1 219232220131772.1
a 3 66 0 1 557929083971121.8
a 3 67 0 1 122012617843186.16
a 3 68 0 1 498049813058424.75
a 3 69 0 1 283369365768221.7
a 3 70 0 1 608337337850449.6
a 3 71 0 1 444416118952637.3
a 3 72 0 1 579566314069859.5
a 3 73 0 1 134816463515036.22
a 3 74 0 1 566447068488695.1
a 3 75 0 1 486586820775193.8
a 3 76 0 1 148196335617042.34
a 3 77 0 1 574583236043264.9
a 3 78 0 1 161842339178234.5
a 3 79 0 1 145221181492242.62
a 3 80 0 1 215441767229368.84
a 4 15 0 1 272021662246937.4
a 4 16 0 1 19143763312381.223
a 4 17 0 1 243418898418070.0
a 4 18 0 1 26890599265634.188
a 4 19 0 1 180846030674109.53
a 4 20 0 1 232517230047692.34
a 4 21 0 1 455139550677500.56
a 4 22 0 1 94945093219125.48
a 4 23 0 1 176992683975197.84
a 4 24 0 1 55678931460192.375
a 4 25 0 1 332419092568867.56
a 4 26 0 1 51729757484779.46
a 4 27 0 1 16804581572384.166
a 4 28 0 1 389413153116393.2
a 4 29 0 1 252839861526923.78
a 4 30 0 1 99931202025223.42
a 4 31 0 1 347169806639315.5
a 4 32 0 1 185870435146159.22
a 4 33 0 1 28065858552554.117
a 4 34 0 1 275774151208203.12
a 4 35 0 1 169308570723239.3
a 4 36 0 1 449375517941911.94
a 4 37 0 1 250570301857857.9
a 4 38 0 1 317616541833429.06
a 4 39 0 1 325700770145668.56
a 4 40 0 1 318560220037743.8
a 4 41 0 1 14741437458249.053
a 4 42 0 1 19021308818581.08
a 4 43 0 1 44341565261420.76
a 4 44 0 1 91726630276366.28
a 4 45 0 1 11281050271037.23
a 4 46 0 1 179710328546139.78
a 4 47 0 1 463731023009552.56
a 4 48 0 1 273685022678224.72
a 4 49 0 1 474902137414765.9
a 4 50 0 1 353690887433564.7
a 4 51 0 1 370492455416566.8
a 4 52 0 1 228340801368407.6
a 4 53 0 1 24082978489570.215
a 4 54 0 1 493166273919944.8
a 4 55 0 1 191500391752668.53
a 4 56 0 1 167923857161595.34
a 4 57 0 1 64112321793385.03
a 4 58 0 1 150431230099090.62
a 4 59 0 1 261510242057421.3
a 4 60 0 1 110500447826270.45
a 4 61 0 1 250714734218117.84
a 4 62 0 1 86560138551255.64
a 4 63 0 1 72821945279438.94
a 4 64 0 1 131926994095112.05
a 4 65 0 1 195897537296469.4
a 4 66 0 1 496418203278066.8
a 4 67 0 1 109155793391049.86
a 4 68 0 1 443481689079796.06
a 4 69 0 1 253006940983851.66
a 4 70 0 1 540915908201611.2
a 4 71 0 1 395995109850544.7
a 4 72 0 1 515525807110327.2
a 4 73 0 1 120591642478198.17
a 4 74 0 1 503941671362319.25
a 4 75 0 1 433338156622832.3
a 4 76 0 1 132538120274110.53
a 4 77 0 1 511126291576803.1
a 4 78 0 1 144718152341135.56
a 4 79 0 1 129882037301144.23
a 4 80 0 1 192519532227744.44
a 5 15 0 1 208884091660189.72
a 5 16 0 1 14799255132237.684
a 5 17 0 1 187063661244387.56
a 5 18 0 1 20783804343741.656
a 5 19 0 1 139209724999189.9
a 5 20 0 1 178738054017519.47
a 5 21 0 1 347766919903582.8
a 5 22 0 1 73252256762555.92
a 5 23 0 1 136257502115304.92
a 5 24 0 1 43001921977674.44
a 5 25 0 1 254847699564190.06
a 5 26 0 1 39956037967128.695
a 5 27 0 1 12991724258619.004
a 5 28 0 1 298080697813797.8
a 5 29 0 1 194254473211012.38
a 5 30 0 1 77089016774526.06
a 5 31 0 1 266050025368342.4
a 5 32 0 1 143058227764029.0
a 5 33 0 1 21691497914839.188
a 5 34 0 1 211744253978569.72
a 5 35 0 1 130368528015388.48
a 5 36 0 1 343416917310559.3
a 5 37 0 1 192522506369462.5
a 5 38 0 1 243596813774897.9
a 5 39 0 1 249742484971529.4
a 5 40 0 1 244314344115257.94
a 5 41 0 1 11397309364398.668
a 5 42 0 1 14704637670450.14
a 5 43 0 1 34256037777281.164
a 5 44 0 1 70775143149663.25
a 5 45 0 1 8722707140366.775
a 5 46 0 1 138339675989204.39
a 5 47 0 1 354248105736293.4
a 5 48 0 1 210151984244713.38
a 5 49 0 1 362670594751611.9
a 5 50 0 1 270999495008874.38
a 5 51 0 1 283743547117946.25
a 5 52 0 1 175547206411948.75
a 5 53 0 1 18615154952476.453
a 5 54 0 1 376429392499965.0
a 5 55 0 1 147369322050577.3
a 5 56 0 1 129307048227806.22
a 5 57 0 1 49504230910085.19
a 5 58 0 1 115890928429350.36
a 5 59 0 1 200869117402502.4
a 5 60 0 1 85218584707229.98
a 5 61 0 1 192632733282166.2
a 5 62 0 1 66797830935706.664
a 5 63 0 1 56216484534049.016
a 5 64 0 1 101685255321267.6
a 5 65 0 1 150735490287889.5
a 5 66 0 1 378877648685714.7
a 5 67 0 1 84184567752303.77
a 5 68 0 1 338967496098886.0
a 5 69 0 1 194381967919995.25
a 5 70 0 1 412332713471241.9
a 5 71 0 1 303064623050032.56
a 5 72 0 1 393253890916748.3
a 5 73 0 1 92976184704607.2
a 5 74 0 1 384540049695611.56
a 5 75 0 1 331306387960392.06
a 5 76 0 1 102154640370475.16
a 5 77 0 1 389945157055404.8
a 5 78 0 1 111506508171459.83
a 5 79 0 1 100114482787541.27
a 5 80 0 1 148149580758656.4
a 6 15 0 1 322018150278550.25
a 6 16 0 1 22542529526014.395
a 6 17 0 1 287981941508468.6
a 6 18 0 1 31669754634368.277
a 6 19 0 1 213669866156814.5
a 6 20 0 1 275020545909634.22
a 6 21 0 1 540952009639888.6
a 6 22 0 1 111976331352899.66
a 6 23 0 1 209100140024712.56
a 6 24 0 1 65613315544203.625
a 6 25 0 1 394029819085102.3
a 6 26 0 1 60954561866371.39
a 6 27 0 1 19787104768629.01
a 6 28 0 1 462161917573199.2
a 6 29 0 1 299187831305372.25
a 6 30 0 1 117869050258539.27
a 6 31 0 1 411646449888989.4
a 6 32 0 1 219629495599823.0
a 6 33 0 1 33054683983527.43
a 6 34 0 1 326486636210600.7
a 6 35 0 1 199989713861039.28
a 6 36 0 1 534032816697633.94
a 6 37 0 1 296487852171212.1
a 6 38 0 1 376362939298626.1
a 6 39 0 1 386010040972161.1
a 6 40 0 1 377488874002618.1
a 6 41 0 1 17357055944854.807
a 6 42 0 1 22398278456169.945
a 6 43 0 1 52240916070481.4
a 6 44 0 1 108173317266782.92
a 6 45 0 1 13281742333593.81
a 6 46 0 1 212322946191994.22
a 6 47 0 1 551268704850322.06
a 6 48 0 1 323998798766940.1
a 6 49 0 1 564689189875611.0
a 6 50 0 1 419438222880511.2
a 6 51 0 1 439524256384805.7
a 6 52 0 1 270056662755727.1
a 6 53 0 1 28361515781427.348
a 6 54 0 1 586645930217284.9
a 6 55 0 1 226308918529304.34
a 6 56 0 1 198348289962405.16
a 6 57 0 1 75564551737376.4
a 6 58 0 1 177621065018791.16
a 6 59 0 1 309505006226713.3
a 6 60 0 1 130364145229372.44
a 6 61 0 1 296659667995992.0
a 6 62 0 1 102069534611094.3
a 6 63 0 1 85845393267263.36
a 6 64 0 1 155711926870052.4
a 6 65 0 1 231526848591724.3
a 6 66 0 1 590557288181081.6
a 6 67 0 1 128774170139279.1
a 6 68 0 1 526959716644552.56
a 6 69 0 1 299386607771520.1
a 6 70 0 1 644138231601028.0
a 6 71 0 1 470041447129439.44
a 6 72 0 1 613551569602306.1
a 6 73 0 1 142299261080988.44
a 6 74 0 1 599608649265100.0
a 6 75 0 1 514791098669354.6
a 6 76 0 1 156435230290366.66
a 6 77 0 1 608255324011288.0
a 6 78 0 1 170854909422537.84
a 6 79 0 1 153291737242524.75
a 6 80 0 1 227518207072050.5
a 7 15 0 1 280662649242373.03
a 7 16 0 1 19733787977931.96
a 7 17 0 1 251124794219867.9
a 7 18 0 1 27720150075938.316
a 7 19 0 1 186528309669561.6
a 7 20 0 1 239868395333556.25
a 7 21 0 1 469920247718884.3
a 7 22 0 1 97897878518204.02
a 7 23 0 1 182551326131844.3
a 7 24 0 1 57402465231020.01
a 7 25 0 1 343055634473198.3
a 7 26 0 1 53330293062981.67
a 7 27 0 1 17322367094345.846
a 7 28 0 1 401959281226214.75
a 7 29 0 1 260853048505738.28
a 7 30 0 1 103040902347301.05
a 7 31 0 1 358298089917190.4
a 7 32 0 1 191714095195951.25
a 7 33 0 1 28931785962505.754
a 7 34 0 1 284538288452639.5
a 7 35 0 1 174621001432847.72
a 7 36 0 1 463958847212571.7
a 7 37 0 1 258509397821893.56
a 7 38 0 1 327761346125741.5
a 7 39 0 1 336113916162533.44
a 7 40 0 1 328736321467654.75
a 7 41 0 1 15195541774825.229
a 7 42 0 1 19607550821536.547
a 7 43 0 1 45712302874369.63
a 7 44 0 1 94578227778902.03
a 7 45 0 1 11628415935270.234
a 7 46 0 1 185356156119638.38
a 7 47 0 1 478806406258590.0
a 7 48 0 1 282380584748633.3
a 7 49 0 1 490361591056553.5
a 7 50 0 1 365037113343996.44
a 7 51 0 1 382401771358326.4
a 7 52 0 1 235556312801758.88
a 7 53 0 1 24825668953565.957
a 7 54 0 1 509255866254213.56
a 7 55 0 1 197525111941186.38
a 7 56 0 1 173191967192078.8
a 7 57 0 1 66098902440519.07
a 7 58 0 1 155140705601986.78
a 7 59 0 1 269806846779638.62
a 7 60 0 1 113943382013062.81
a 7 61 0 1 258658544064253.06
a 7 62 0 1 89249464289181.86
a 7 63 0 1 75080742301675.67
a 7 64 0 1 136048050533327.88
a 7 65 0 1 202063838857282.2
a 7 66 0 1 512620279606915.0
a 7 67 0 1 112556286003600.5
a 7 68 0 1 457863486133817.2
a 7 69 0 1 261025583943012.12
a 7 70 0 1 558665944162526.6
a 7 71 0 1 408763439473110.0
a 7 72 0 1 532390577275885.8
a 7 73 0 1 124353519857270.66
a 7 74 0 1 520404318149963.3
a 7 75 0 1 447373769674114.94
a 7 76 0 1 136678568731415.2
a 7 77 0 1 527838209391037.2
a 7 78 0 1 149245680677695.34
a 7 79 0 1 133938224431380.12
a 7 80 0 1 198577054011841.22
a 8 15 0 1 58744204382610.01
a 8 16 0 1 4229019066311.6533
a 8 17 0 1 52702398302126.97
a 8 18 0 1 5936235916639.915
a 8 19 0 1 39375226082499.266
a 8 20 0 1 50391351789073.805
a 8 21 0 1 96687303967661.62
a 8 22 0 1 20832089708798.168
a 8 23 0 1 38549568196887.695
a 8 24 0 1 12259718302334.418
a 8 25 0 1 71399277936600.48
a 8 26 0 1 11394199968263.566
a 8 27 0 1 3713052707716.2393
a 8 28 0 1 83214159468638.97
a 8 29 0 1 54695870071097.56
a 8 30 0 1 21916298959686.746
a 8 31 0 1 74468900214350.02
a 8 32 0 1 40450942585826.305
a 8 33 0 1 6195027509081.377
a 8 34 0 1 59534521360333.164
a 8 35 0 1 36901371554386.07
a 8 36 0 1 95512221296623.39
a 8 37 0 1 54215943912187.23
a 8 38 0 1 68310560361258.63
a 8 39 0 1 69998457376612.266
a 8 40 0 1 68507718055695.95
a 8 41 0 1 3257793707564.196
a 8 42 0 1 4202013968464.928
a 8 43 0 1 9773320296062.416
a 8 44 0 1 20131730477940.312
a 8 45 0 1 2493836745401.076
a 8 46 0 1 39131938630070.305
a 8 47 0 1 98436498273426.72
a 8 48 0 1 59094593576585.4
a 8 49 0 1 100706780504098.89
a 8 50 0 1 75823306390287.3
a 8 51 0 1 79305517337870.12
a 8 52 0 1 49504778341937.71
a 8 53 0 1 5317777924374.66
a 8 54 0 1 104408551318772.9
a 8 55 0 1 41655145210089.42
a 8 56 0 1 36604115074837.47
a 8 57 0 1 14105960690560.059
a 8 58 0 1 32842558256143.008
a 8 59 0 1 56527507969090.53
a 8 60 0 1 24211319772656.008
a 8 61 0 1 54246491794453.5
a 8 62 0 1 19006617663098.19
a 8 63 0 1 16009738461979.594
a 8 64 0 1 28850508515616.74
a 8 65 0 1 42594806182570.1
a 8 66 0 1 105066350552952.28
a 8 67 0 1 23919582342438.926
a 8 68 0 1 94309393368649.58
a 8 69 0 1 54731193251373.8
a 8 70 0 1 114027942668659.56
a 8 71 0 1 84570696401749.81
a 8 72 0 1 108923501065266.81
a 8 73 0 1 26398458299032.367
a 8 74 0 1 106586689856993.17
a 8 75 0 1 92236230907456.9
a 8 76 0 1 28982564174407.535
a 8 77 0 1 108036594228245.62
a 8 78 0 1 31611458836945.71
a 8 79 0 1 28408516555161.91
a 8 80 0 1 41873000039420.21
a 9 15 0 1 360625697136250.8
a 9 16 0 1 25142226680269.324
a 9 17 0 1 322355459153398.75
a 9 18 0 1 35326329618286.305
a 9 19 0 1 238927657361566.84
a 9 20 0 1 307791475907829.1
a 9 21 0 1 607706893119080.6
a 9 22 0 1 125039622342496.86
a 9 23 0 1 233803063780111.22
a 9 24 0 1 73222177181402.2
a 9 25 0 1 441719492516131.94
a 9 26 0 1 68018927942448.69
a 9 27 0 1 22068226986331.535
a 9 28 0 1 518602128818863.25
a 9 29 0 1 334951219391952.75
a 9 30 0 1 131630271095562.83
a 9 31 0 1 461583887954757.0
a 9 32 0 1 245611904253870.66
a 9 33 0 1 36871842145426.87
a 9 34 0 1 365652829281699.6
a 9 35 0 1 223588378832732.3
a 9 36 0 1 599873382704169.2
a 9 37 0 1 331915992181441.6
a 9 38 0 1 421808735563690.2
a 9 39 0 1 432679844209707.94
a 9 40 0 1 423077368972379.6
a 9 41 0 1 19357409388303.01
a 9 42 0 1 24981292088440.363
a 9 43 0 1 58288617151674.13
a 9 44 0 1 120786743692142.11
a 9 45 0 1 14811625683571.445
a 9 46 0 1 237417122986873.72
a 9 47 0 1 619389926058323.9
a 9 48 0 1 362853884782345.5
a 9 49 0 1 634593323720844.2
a 9 50 0 1 470373123770233.3
a 9 51 0 1 493039799082388.4
a 9 52 0 1 302215264316065.06
a 9 53 0 1 31634730196865.96
a 9 54 0 1 659480515517936.1
a 9 55 0 1 253104789312622.6
a 9 56 0 1 221748276784338.78
a 9 57 0 1 84338659557919.83
a 9 58 0 1 198519454119821.2
a 9 59 0 1 346551606734571.5
a 9 60 0 1 145608786241005.72
a 9 61 0 1 332109134867143.9
a 9 62 0 1 113961855142629.42
a 9 63 0 1 95826479607436.69
a 9 64 0 1 173980573210024.25
a 9 65 0 1 258959168943968.28
a 9 66 0 1 663915666742893.5
a 9 67 0 1 143829783746723.16
a 9 68 0 1 591867330428852.0
a 9 69 0 1 335174686579550.6
a 9 70 0 1 724726100272584.8
a 9 71 0 1 527503698998215.06
a 9 72 0 1 690000091663209.9
a 9 73 0 1 158965307612329.0
a 9 74 0 1 674181202949591.1
a 9 75 0 1 578097672514264.1
a 9 76 0 1 174790457429472.2
a 9 77 0 1 683990450863454.8
a 9 78 0 1 190939573831568.66
a 9 79 0 1 171270799631837.88
a 9 80 0 1 254461502732134.38
a 10 15 0 1 139159807859782.7
a 10 16 0 1 9932716340672.307
a 10 17 0 1 124727627711407.12
a 10 18 0 1 13946164334383.31
a 10 19 0 1 92990871177206.11
a 10 20 0 1 119214546803668.12
a 10 21 0 1 230440285679971.4
a 10 22 0 1 49055237719563.29
a 10 23 0 1 91029100804293.36
a 10 24 0 1 28830465720001.492
a 10 25 0 1 169480006659170.97
a 10 26 0 1 26791462312275.605
a 10 27 0 1 8720164799234.941
a 10 28 0 1 197899105115335.06
a 10 29 0 1 129486391430086.4
a 10 30 0 1 51617081141138.91
a 10 31 0 1 176853128749150.38
a 10 32 0 1 95547553223022.88
a 10 33 0 1 14554736278584.697
a 10 34 0 1 141049717896017.94
a 10 35 0 1 87114504976978.64
a 10 36 0 1 227596456155789.66
a 10 37 0 1 128340447271888.3
a 10 38 0 1 162068382883073.66
a 10 39 0 1 166117711928163.22
a 10 40 0 1 162541258130282.5
a 10 41 0 1 7650440626302.748
a 10 42 0 1 9869247935687.494
a 10 43 0 1 22974446437182.824
a 10 44 0 1 47400844465418.445
a 10 45 0 1 5855707416981.148
a 10 46 0 1 92412764724981.31
a 10 47 0 1 234675553954139.5
a 10 48 0 1 139997645599238.94
a 10 49 0 1 240176134504870.97
a 10 50 0 1 180108688571310.03
a 10 51 0 1 188485361618948.66
a 10 52 0 1 117100673502431.14
a 10 53 0 1 12492002658412.963
a 10 54 0 1 249153801155355.2
a 10 55 0 1 98410646195189.84
a 10 56 0 1 86408714980051.64
a 10 57 0 1 33181718469101.63
a 10 58 0 1 77483203597163.69
a 10 59 0 1 133861502814178.62
a 10 60 0 1 57042790179346.516
a 10 61 0 1 128413382771187.0
a 10 62 0 1 44743856019666.23
a 10 63 0 1 37671201965396.74
a 10 64 0 1 68022361790344.945
a 10 65 0 1 100645529129242.45
a 10 66 0 1 250750261377680.78
a 10 67 0 1 56352870277272.47
a 10 68 0 1 224686611183773.1
a 10 69 0 1 129570741332362.62
a 10 70 0 1 272534259399963.75
a 10 71 0 1 201169039671358.3
a 10 72 0 1 260118409300594.72
a 10 73 0 1 62217095570937.016
a 10 74 0 1 254441403147616.97
a 10 75 0 1 219673961591908.06
a 10 76 0 1 68335132819890.56
a 10 77 0 1 257963260007366.84
a 10 78 0 1 74564324692748.52
a 10 79 0 1 66975607863568.0
a 10 80 0 1 98928731215641.77
a 11 15 0 1 353713743109655.3
a 11 16 0 1 24678382590230.11
a 11 17 0 1 316203992869755.56
a 11 18 0 1 34673849668429.086
a 11 19 0 1 234411432996613.28
a 11 20 0 1 301927696945860.25
a 11 21 0 1 595723819153330.0
a 11 22 0 1 122706531015126.69
a 11 23 0 1 229386284449903.25
a 11 24 0 1 71863942731171.84
a 11 25 0 1 433174215420805.75
a 11 26 0 1 66757954667838.31
a 11 27 0 1 21661236051818.844
a 11 28 0 1 508480509762827.8
a 11 29 0 1 328550181021427.9
a 11 30 0 1 129172367890246.64
a 11 31 0 1 452633941890484.75
a 11 32 0 1 240965796039472.9
a 11 33 0 1 36190697355457.164
a 11 34 0 1 358640489566646.5
a 11 35 0 1 219369477100024.53
a 11 36 0 1 588055458979653.1
a 11 37 0 1 325575158628835.3
a 11 38 0 1 413667256306317.6
a 11 39 0 1 424318119483304.44
a 11 40 0 1 414910215404830.75
a 11 41 0 1 19000521848921.78
a 11 42 0 1 24520425439012.82
a 11 43 0 1 57209220078348.6
a 11 44 0 1 118534093613546.61
a 11 45 0 1 14538687914509.54
a 11 46 0 1 232930223179072.75
a 11 47 0 1 607160001776540.4
a 11 48 0 1 355897450621340.56
a 11 49 0 1 622041192639612.0
a 11 50 0 1 461243547722542.94
a 11 51 0 1 483445326269283.9
a 11 52 0 1 296461384038429.44
a 11 53 0 1 31050678361474.86
a 11 54 0 1 646398559687988.6
a 11 55 0 1 248312851116548.5
a 11 56 0 1 217564972789358.62
a 11 57 0 1 82772247949200.52
a 11 58 0 1 194784254249812.12
a 11 59 0 1 339920090140508.2
a 11 60 0 1 142885545990249.78
a 11 61 0 1 325764471488811.9
a 11 62 0 1 111838133283277.05
a 11 63 0 1 94044386771119.6
a 11 64 0 1 170716203329919.62
a 11 65 0 1 254053118311776.38
a 11 66 0 1 650738978392391.1
a 11 67 0 1 141140358669442.1
a 11 68 0 1 580217893517165.4
a 11 69 0 1 328769214027200.6
a 11 70 0 1 710240940004785.1
a 11 71 0 1 517197797323095.8
a 11 72 0 1 676264333749758.8
a 11 73 0 1 155987752954517.66
a 11 74 0 1 660784884580779.4
a 11 75 0 1 566737306823902.2
a 11 76 0 1 171510589821108.7
a 11 77 0 1 670383789524892.1
a 11 78 0 1 187350088499480.22
a 11 79 0 1 168058262650634.12
a 11 80 0 1 249643133165332.53
a 12 15 0 1 221055541524574.84
a 12 16 0 1 15641356916359.674
a 12 17 0 1 197934475254623.22
a 12 18 0 1 21967298931751.664
a 12 19 0 1 147252263936432.4
a 12 20 0 1 189114431118440.72
a 12 21 0 1 368381068113497.7
a 12 22 0 1 77450243916539.11
a 12 23 0 1 144126636478699.78
a 12 24 0 1 45457224157002.43
a 12 25 0 1 269781637698848.66
a 12 26 0 1 42236580759290.56
a 12 27 0 1 13730811915252.416
a 12 28 0 1 315641458581892.7
a 12 29 0 1 205553140451878.1
a 12 30 0 1 81508953883833.84
a 12 31 0 1 281661952977628.3
a 12 32 0 1 151327003492957.47
a 12 33 0 1 22926815964468.1
a 12 34 0 1 224086701536885.16
a 12 35 0 1 137892134519993.3
a 12 36 0 1 363762259399871.25
a 12 37 0 1 203718052972958.3
a 12 38 0 1 257851687520361.25
a 12 39 0 1 264368058897420.7
a 12 40 0 1 258612469834491.84
a 12 41 0 1 12045566330285.305
a 12 42 0 1 15541345927270.363
a 12 43 0 1 36209887683396.24
a 12 44 0 1 74829943697930.45
a 12 45 0 1 9218676390227.895
a 12 46 0 1 146331097928652.62
a 12 47 0 1 375263286090818.7
a 12 48 0 1 222399221621865.6
a 12 49 0 1 384207878519090.7
a 12 50 0 1 286911566722470.75
a 12 51 0 1 300430111356717.5
a 12 52 0 1 185734353087904.0
a 12 53 0 1 19674879962253.887
a 12 54 0 1 398821889887707.5
a 12 55 0 1 155891780526125.03
a 12 56 0 1 136768426536417.1
a 12 57 0 1 52333040829568.76
a 12 58 0 1 122567186208963.34
a 12 59 0 1 212562019246316.9
a 12 60 0 1 90109489277371.5
a 12 61 0 1 203834841455283.72
a 12 62 0 1 70622908317178.02
a 12 63 0 1 59431482725068.4
a 12 64 0 1 107532980749254.64
a 12 65 0 1 159456213593070.78
a 12 66 0 1 401422625603539.5
a 12 67 0 1 89015517190339.23
a 12 68 0 1 359038184133486.6
a 12 69 0 1 205688227868602.12
a 12 70 0 1 436970477504688.6
a 12 71 0 1 320929992703925.5
a 12 72 0 1 416696077549270.75
a 12 73 0 1 98317378169461.86
a 12 74 0 1 407438035907241.94
a 12 75 0 1 350904870263319.5
a 12 76 0 1 108029696440834.9
a 12 77 0 1 413180568639278.8
a 12 78 0 1 117926742738121.44
a 12 79 0 1 105870770379078.45
a 12 80 0 1 156717981410696.56
a 13 15 0 1 243675157753853.56
a 13 16 0 1 17200508577359.059
a 13 17 0 1 218128306984239.4
a 13 18 0 1 24158785106909.504
a 13 19 0 1 162178323267984.75
a 13 20 0 1 208386646313898.47
a 13 21 0 1 406797731275515.7
a 13 22 0 1 85231392961415.98
a 13 23 0 1 158730042356214.4
a 13 24 0 1 50005626071523.23
a 13 25 0 1 297560417849557.6
a 13 26 0 1 46461001585748.91
a 13 27 0 1 15099186610377.094
a 13 28 0 1 348334777737010.94
a 13 29 0 1 226544721189959.72
a 13 30 0 1 89702094551810.75
a 13 31 0 1 310708371033515.7
a 13 32 0 1 166674076466879.06
a 13 33 0 1 25214302977045.445
a 13 34 0 1 247025396292148.9
a 13 35 0 1 151852727445441.62
a 13 36 0 1 401674601285062.2
a 13 37 0 1 224517340675195.84
a 13 38 0 1 284361389035414.6
a 13 39 0 1 291570477879659.4
a 13 40 0 1 285202986410537.9
a 13 41 0 1 13245737875435.383
a 13 42 0 1 17090508727701.406
a 13 43 0 1 39828762321328.266
a 13 44 0 1 82345336439690.17
a 13 45 0 1 10136859228829.568
a 13 46 0 1 161162040160312.38
a 13 47 0 1 414432513632646.5
a 13 48 0 1 245160251501916.38
a 13 49 0 1 424357168609790.4
a 13 50 0 1 316519346040310.06
a 13 51 0 1 331486943122060.5
a 13 52 0 1 204653927576397.22
a 13 53 0 1 21637101290019.54
a 13 54 0 1 440577270588161.3
a 13 55 0 1 171711017119574.9
a 13 56 0 1 150613266944432.7
a 13 57 0 1 57574002087438.22
a 13 58 0 1 134952007945069.27
a 13 59 0 1 234288865086188.97
a 13 60 0 1 99177056208190.6
a 13 61 0 1 224646364380197.4
a 13 62 0 1 77711983986471.03
a 13 63 0 1 65388694407036.6
a 13 64 0 1 118377872883664.52
a 13 65 0 1 175644522893914.44
a 13 66 0 1 443464458392107.6
a 13 67 0 1 97971752800650.81
a 13 68 0 1 396435325841617.56
a 13 69 0 1 226693967539104.03
a 13 70 0 1 482946803505872.2
a 13 71 0 1 354193759044709.8
a 13 72 0 1 460424018867827.06
a 13 73 0 1 108221231675036.38
a 13 74 0 1 450143152431144.3
a 13 75 0 1 387416460391844.75
a 13 76 0 1 118925372553611.42
a 13 77 0 1 456519832740359.6
a 13 78 0 1 129835624079701.22
a 13 79 0 1 116545765458947.11
a 13 80 0 1 172622735706037.6
a 14 15 0 1 187728406308332.84
a 14 16 0 1 13330327287714.404
a 14 17 0 1 168160928796112.78
a 14 18 0 1 18719587504240.2
a 14 19 0 1 125212482528379.48
a 14 20 0 1 160692265733512.7
a 14 21 0 1 312031529717589.4
a 14 22 0 1 65937214357954.04
a 14 23 0 1 122561304854537.58
a 14 24 0 1 38721174950990.48
a 14 25 0 1 228912958801262.44
a 14 26 0 1 35979759391734.65
a 14 27 0 1 11702448079455.299
a 14 28 0 1 267609287749819.94
a 14 29 0 1 174610412717611.34
a 14 30 0 1 69387763245102.63
a 14 31 0 1 238943642339510.78
a 14 32 0 1 128668268261962.72
a 14 33 0 1 19536927369955.395
a 14 34 0 1 190292504617771.28
a 14 35 0 1 117272294819273.33
a 14 36 0 1 308144539094600.6
a 14 37 0 1 173057101558133.66
a 14 38 0 1 218836073207776.03
a 14 39 0 1 224340797459188.94
a 14 40 0 1 219478812452389.75
a 14 41 0 1 10266447225808.672
a 14 42 0 1 13245115587101.064
a 14 43 0 1 30849018615961.11
a 14 44 0 1 63709285884193.09
a 14 45 0 1 7857464092281.542
a 14 46 0 1 124431173591518.11
a 14 47 0 1 317822092488553.75
a 14 48 0 1 188865077084314.53
a 14 49 0 1 325345719975807.25
a 14 50 0 1 243374588435637.5
a 14 51 0 1 254781092600214.03
a 14 52 0 1 157829457551620.3
a 14 53 0 1 16766741147436.295
a 14 54 0 1 337632803545540.94
a 14 55 0 1 132539069541944.94
a 14 56 0 1 116318880059666.03
a 14 57 0 1 44572865660285.875
a 14 58 0 1 104266558898071.95
a 14 59 0 1 180542155451802.28
a 14 60 0 1 76697988274633.06
a 14 61 0 1 173155960258462.62
a 14 62 0 1 60131803907776.234
a 14 63 0 1 50612573965134.91
a 14 64 0 1 91500825335794.75
a 14 65 0 1 135561177353525.47
a 14 66 0 1 339818744610804.1
a 14 67 0 1 75768261845036.22
a 14 68 0 1 304168283373144.2
a 14 69 0 1 174724753579115.06
a 14 70 0 1 369676054622403.25
a 14 71 0 1 272067620352933.12
a 14 72 0 1 352651997250528.9
a 14 73 0 1 83672447485439.77
a 14 74 0 1 344873949246718.2
a 14 75 0 1 297320867124411.3
a 14 76 0 1 91922699369802.06
a 14 77 0 1 349698790945153.7
a 14 78 0 1 100327011338457.36
a 14 79 0 1 90089012370290.58
a 14 80 0 1 133239598309552.52
a 15 1 0 5 0
a 16 1 0 5 0
a 17 1 0 5 0
a 18 1 0 5 0
a 19 1 0 5 0
a 20 1 0 5 0
a 21 1 0 5 0
a 22 1 0 5 0
a 23 1 0 5 0
a 24 1 0 5 0
a 25 1 0 5 0
a 26 1 0 5 0
a 27 1 0 5 0
a 28 1 0 5 0
a 29 1 0 5 0
a 30 1 0 5 0
a 31 1 0 5 0
a 32 1 0 5 0
a 33 1 0 5 0
a 34 1 0 5 0
a 35 1 0 5 0
a 36 1 0 5 0
a 37 1 0 5 0
a 38 1 0 5 0
a 39 1 0 5 0
a 40 1 0 5 0
a 41 1 0 5 0
a 42 1 0 5 0
a 43 1 0 5 0
a 44 1 0 5 0
a 45 1 0 5 0
a 46 1 0 5 0
a 47 1 0 5 0
a 48 1 0 5 0
a 49 1 0 5 0
a 50 1 0 5 0
a 51 1 0 5 0
a 52 1 0 5 0
a 53 1 0 5 0
a 54 1 0 5 0
a 55 1 0 5 0
a 56 1 0 5 0
a 57 1 0 5 0
a 58 1 0 5 0
a 59 1 0 5 0
a 60 1 0 5 0
a 61 1 0 5 0
a 62 1 0 5 0
a 63 1 0 5 0
a 64 1 0 5 0
a 65 1 0 5 0
a 66 1 0 5 0
a 67 1 0 5 0
a 68 1 0 5 0
a 69 1 0 5 0
a 70 1 0 5 0
a 71 1 0 5 0
a 72 1 0 5 0
a 73 1 0 5 0
a 74 1 0 5 0
a 75 1 0 5 0
a 76 1 0 5 0
a 77 1 0 5 0
a 78 1 0 5 0
a 79 1 0 5 0
a 80 1 0 5 0
