p min 82 951
n 0 13
n 1 -13
a 0 2 0 1 0
a 0 3 0 1 0
a 0 4 0 1 0
a 0 5 0 1 0
a 0 6 0 1 0
a 0 7 0 1 0
a 0 8 0 1 0
a 0 9 0 1 0
a 0 10 0 1 0
a 0 11 0 1 0
a 0 12 0 1 0
a 0 13 0 1 0
a 0 14 0 1 0
a 2 15 0 1 316052266088141.06
a 2 16 0 1 259206162510392.94
a 2 17 0 1 218694920542587.12
a 2 18 0 1 330176655827332.25
a 2 19 0 1 298352974473440.9
a 2 20 0 1 11568979047111.367
a 2 21 0 1 175822757839076.94
a 2 22 0 1 136445867698572.5
a 2 23 0 1 380394029077716.94
a 2 24 0 1 128356069848095.08
a 2 25 0 1 251165963851544.06
a 2 26 0 1 107578324020545.95
a 2 27 0 1 347491973065102.9
a 2 28 0 1 160688914905308.72
a 2 29 0 1 378814575415143.0
a 2 30 0 1 208345336254851.53
a 2 31 0 1 361366133245675.9
a 2 32 0 1 138745852786920.81
a 2 33 0 1 233236756011939.88
a 2 34 0 1 186411342452483.16
a 2 35 0 1 45966005769571.02
a 2 36 0 1 4397496676615.451
a 2 37 0 1 252622948070826.03
a 2 38 0 1 128359989635870.8
a 2 39 0 1 8675347197511.719
a 2 40 0 1 398815511511046.9
a 2 41 0 1 324645758019931.7
a 2 42 0 1 80300219811458.52
a 2 43 0 1 295882951970007.4
a 2 44 0 1 387834629641295.0
a 2 45 0 1 249300266963375.3
a 2 46 0 1 264847720504374.22
a 2 47 0 1 210240670842512.06
a 2 48 0 1 20403606174208.496
a 2 49 0 1 281974190442586.7
a 2 50 0 1 55873894384619.125
a 2 51 0 1 245153998770416.44
a 2 52 0 1 72865011556273.48
a 2 53 0 1 90170433835169.23
a 2 54 0 1 349228997737428.3
a 2 55 0 1 197845911187970.53
a 2 56 0 1 127005339934317.28
a 2 57 0 1 37332610000334.67
a 2 58 0 1 319137398929476.9
a 2 59 0 1 80725056511783.33
a 2 60 0 1 102570652736450.19
a 2 61 0 1 24248062148176.934
a 2 62 0 1 368352796536966.56
a 2 63 0 1 237208397213639.03
a 2 64 0 1 146277272080230.7
a 2 65 0 1 305164399487643.56
a 2 66 0 1 383091520371990.0
a 2 67 0 1 236983438058602.72
a 2 68 0 1 273417564162908.62
a 2 69 0 1 308466516496148.9
a 2 70 0 1 329502296258548.94
a 2 71 0 1 22473357816666.246
a 2 72 0 1 365699407294610.4
a 2 73 0 1 185377628600309.12
a 2 74 0 1 100909861208429.64
a 2 75 0 1 190280146264459.78
a 2 76 0 1 377840369935353.56
a 2 77 0 1 52137592215426.05
a 2 78 0 1 323379588079694.4
a 2 79 0 1 6126190418073.282
a 2 80 0 1 138652945406002.23
a 2 81 0 1 301666816633565.25
a 3 15 0 1 624047535268710.0
a 3 16 0 1 508465470558973.7
a 3 17 0 1 427034901668443.25
a 3 18 0 1 653010784612147.4
a 3 19 0 1 587892531889181.6
a 3 20 0 1 22088050284968.695
a 3 21 0 1 341682278043209.0
a 3 22 0 1 264013724559755.56
a 3 23 0 1 756798207010003.1
a 3 24 0 1 248141350807520.75
a 3 25 0 1 492242882721821.7
a 3 26 0 1 207504544572094.16
a 3 27 0 1 688653109023724.5
a 3 28 0 1 311750578598573.3
a 3 29 0 1 753514239835852.5
a 3 30 0 1 406353653450844.75
a 3 31 0 1 717321191421275.4
a 3 32 0 1 268531549696347.9
a 3 33 0 1 456176901743053.5
a 3 34 0 1 362685262050617.56
a 3 35 0 1 88079278583869.36
a 3 36 0 1 8389610732473.987
a 3 37 0 1 495180351719569.06
a 3 38 0 1 248149034642059.56
a 3 39 0 1 16558369092702.973
a 3 40 0 1 795195395381006.6
a 3 41 0 1 641657420575028.9
a 3 42 0 1 154434196055084.47
a 3 43 0 1 582859109098967.6
a 3 44 0 1 772285921042404.1
a 3 45 0 1 488482857255901.0
a 3 46 0 1 519866645467627.25
a 3 47 0 1 410137363619893.6
a 3 48 0 1 38991685683896.74
a 3 49 0 1 554571042665418.4
a 3 50 0 1 107177302277256.12
a 3 51 0 1 480132556247577.44
a 3 52 0 1 140023188935794.94
a 3 53 0 1 173600627203272.34
a 3 54 0 1 692236970104791.8
a 3 55 0 1 385423075919047.94
a 3 56 0 1 245493954603803.25
a 3 57 0 1 71470765141177.0
a 3 58 0 1 630365420584157.4
a 3 59 0 1 155258319221409.16
a 3 60 0 1 197738309503738.44
a 3 61 0 1 46357257215884.96
a 3 62 0 1 731794780743765.5
a 3 63 0 1 464153191869549.2
a 3 64 0 1 283341578550118.75
a 3 65 0 1 601788306021553.9
a 3 66 0 1 762409757607980.9
a 3 67 0 1 463701207377494.2
a 3 68 0 1 537214677550209.8
a 3 69 0 1 608533022207596.8
a 3 70 0 1 651625700545254.2
a 3 71 0 1 42956369092748.734
a 3 72 0 1 726295073675210.9
a 3 73 0 1 360632618625721.94
a 3 74 0 1 194501703597922.2
a 3 75 0 1 370371815972901.6
a 3 76 0 1 751489334473630.5
a 3 77 0 1 99970617750148.5
a 3 78 0 1 639060471967772.0
a 3 79 0 1 11689752295773.238
a 3 80 0 1 268349008438305.3
a 3 81 0 1 594650165868076.5
a 4 15 0 1 400440443749835.4
a 4 16 0 1 327835326499615.06
a 4 17 0 1 276252925048540.88
a 4 18 0 1 418521501812280.5
a 4 19 0 1 377806231467841.06
a 4 20 0 1 14523132091637.674
a 4 21 0 1 221806543752301.84
a 4 22 0 1 171925982814474.6
a 4 23 0 1 482940596918879.06
a 4 24 0 1 161693144536100.16
a 4 25 0 1 317587379068875.3
a 4 26 0 1 135434309544341.69
a 4 27 0 1 440709903835612.5
a 4 28 0 1 202621511780884.56
a 4 29 0 1 480911248259561.1
a 4 30 0 1 263095954793755.66
a 4 31 0 1 458506712434729.9
a 4 32 0 1 174836171568826.62
a 4 33 0 1 294753723369033.2
a 4 34 0 1 235240257815336.4
a 4 35 0 1 57762105777003.58
a 4 36 0 1 5519239188033.816
a 4 37 0 1 319444048519341.94
a 4 38 0 1 161698101479187.4
a 4 39 0 1 10889681032184.117
a 4 40 0 1 506624854650312.0
a 4 41 0 1 411439269759502.8
a 4 42 0 1 101010439732836.31
a 4 43 0 1 374649559027311.75
a 4 44 0 1 492503424897018.7
a 4 45 0 1 315210126813918.94
a 4 46 0 1 335029107037101.6
a 4 47 0 1 265504774199290.34
a 4 48 0 1 25620355914447.27
a 4 49 0 1 356883554782730.0
a 4 50 0 1 70233254337892.34
a 4 51 0 1 309927995520798.94
a 4 52 0 1 91637305190780.67
a 4 53 0 1 113459716124272.75
a 4 54 0 1 442937158663604.9
a 4 55 0 1 249757173043624.1
a 4 56 0 1 159985089039258.6
a 4 57 0 1 46901164628799.375
a 4 58 0 1 404388410093547.6
a 4 59 0 1 101546133028316.7
a 4 60 0 1 129110581078066.33
a 4 61 0 1 30451205300019.8
a 4 62 0 1 467474814297507.94
a 4 63 0 1 299809565725682.3
a 4 64 0 1 184368598725837.3
a 4 65 0 1 386513775966564.4
a 4 66 0 1 486406933779697.3
a 4 67 0 1 299523162215846.56
a 4 68 0 1 345961790012374.8
a 4 69 0 1 390736483838848.94
a 4 70 0 1 417657858998625.06
a 4 71 0 1 28221018880326.7
a 4 72 0 1 464068434008365.44
a 4 73 0 1 233928399480524.97
a 4 74 0 1 127013742834947.67
a 4 75 0 1 240150798299650.0
a 4 76 0 1 479659652784155.9
a 4 77 0 1 65529472559284.03
a 4 78 0 1 409818313749749.6
a 4 79 0 1 7689290081500.474
a 4 80 0 1 174718607221923.3
a 4 81 0 1 382042084249500.2
a 5 15 0 1 615853321945359.1
a 5 16 0 1 501877877537588.0
a 5 17 0 1 421554158876033.4
a 5 18 0 1 644407325190046.0
a 5 19 0 1 580205421385591.6
a 5 20 0 1 21817422645514.184
a 5 21 0 1 337339927671697.6
a 5 22 0 1 260688268554160.7
a 5 23 0 1 746705955162291.5
a 5 24 0 1 245021508024514.47
a 5 25 0 1 485877432162113.56
a 5 26 0 1 204907749183560.03
a 5 27 0 1 679542322401242.9
a 5 28 0 1 307802243241565.94
a 5 29 0 1 743469634490471.2
a 5 30 0 1 401150776928969.3
a 5 31 0 1 707799359254901.9
a 5 32 0 1 265147433340728.53
a 5 33 0 1 450302394572446.44
a 5 34 0 1 358064828262551.5
a 5 35 0 1 86991966493840.7
a 5 36 0 1 8286979473830.213
a 5 37 0 1 488774737864739.94
a 5 38 0 1 245029092500797.12
a 5 39 0 1 16355619947948.812
a 5 40 0 1 784543403029382.1
a 5 41 0 1 633214703096952.5
a 5 42 0 1 152513248800832.97
a 5 43 0 1 575242266863189.9
a 5 44 0 1 761968481476108.0
a 5 45 0 1 482168777520945.9
a 5 46 0 1 513122441116542.0
a 5 47 0 1 404883747966404.4
a 5 48 0 1 38513030740121.33
a 5 49 0 1 547347620899917.94
a 5 50 0 1 105851344070897.2
a 5 51 0 1 473932404568118.4
a 5 52 0 1 138284361764904.98
a 5 53 0 1 171436536527973.28
a 5 54 0 1 683074943913004.4
a 5 55 0 1 380500089539763.0
a 5 56 0 1 242408334489147.1
a 5 57 0 1 70590149759585.17
a 5 58 0 1 622082165861010.9
a 5 59 0 1 153326939006721.56
a 5 60 0 1 195266499549956.0
a 5 61 0 1 45787706230982.23
a 5 62 0 1 722064406803754.9
a 5 63 0 1 458170454595409.7
a 5 64 0 1 279764742920117.62
a 5 65 0 1 593906788485968.4
a 5 66 0 1 752236006542680.0
a 5 67 0 1 457724608312971.7
a 5 68 0 1 530231394092105.6
a 5 69 0 1 600556922270545.9
a 5 70 0 1 643041873461184.0
a 5 71 0 1 42428806245287.82
a 5 72 0 1 716644022608405.6
a 5 73 0 1 356039420764367.44
a 5 74 0 1 192071253607743.28
a 5 75 0 1 365649278628730.44
a 5 76 0 1 741474090432854.4
a 5 77 0 1 98734834989574.61
a 5 78 0 1 630654464140044.1
a 5 79 0 1 11546696254620.37
a 5 80 0 1 264967263402893.12
a 5 81 0 1 586868590166911.0
a 6 15 0 1 271778352537941.4
a 6 16 0 1 223100965783107.62
a 6 17 0 1 188355477156019.22
a 6 18 0 1 283858850591272.0
a 6 19 0 1 256632249225329.06
a 6 20 0 1 9996803136818.008
a 6 21 0 1 151535019907631.94
a 6 22 0 1 117671400638626.81
a 6 23 0 1 326763257031832.3
a 6 24 0 1 110708963474952.98
a 6 25 0 1 216208758071289.34
a 6 26 0 1 92818447389209.47
a 6 27 0 1 298660760647162.5
a 6 28 0 1 138525196893618.44
a 6 29 0 1 325414915071845.7
a 6 30 0 1 179471509864374.16
a 6 31 0 1 310514825793297.75
a 6 32 0 1 119650539261687.1
a 6 33 0 1 200832954772005.16
a 6 34 0 1 160633720059984.62
a 6 35 0 1 39697994146120.195
a 6 36 0 1 3800321576549.3857
a 6 37 0 1 217457847160099.72
a 6 38 0 1 110712337454905.0
a 6 39 0 1 7496743200435.836
a 6 40 0 1 342483933456325.5
a 6 41 0 1 279128987229270.0
a 6 42 0 1 69312828730620.31
a 6 43 0 1 254517829017907.22
a 6 44 0 1 333114154837258.9
a 6 45 0 1 214609187684470.4
a 6 46 0 1 227935925911876.06
a 6 47 0 1 181098668064008.44
a 6 48 0 1 17628402375992.0
a 6 49 0 1 242608243737810.12
a 6 50 0 1 48247304660679.68
a 6 51 0 1 211054000087388.78
a 6 52 0 1 62902351972290.66
a 6 53 0 1 77820376632778.05
a 6 54 0 1 300145174223274.44
a 6 55 0 1 170455860063709.4
a 6 56 0 1 109546289658548.53
a 6 57 0 1 32246238063334.594
a 6 58 0 1 274417531641011.22
a 6 59 0 1 69679068110240.4
a 6 60 0 1 88504853880611.02
a 6 61 0 1 20948691082488.49
a 6 62 0 1 316482133176580.75
a 6 63 0 1 204239750316190.25
a 6 64 0 1 126130306538279.0
a 6 65 0 1 262462154856418.47
a 6 66 0 1 329065875132690.4
a 6 67 0 1 204046796625781.84
a 6 68 0 1 235278782912411.1
a 6 69 0 1 265287965800322.3
a 6 70 0 1 283282204555045.6
a 6 71 0 1 19416006264653.133
a 6 72 0 1 314216039046416.0
a 6 73 0 1 159745594160724.1
a 6 74 0 1 87074100683531.1
a 6 75 0 1 163957378395290.47
a 6 76 0 1 324583223291118.4
a 6 77 0 1 45023641546260.39
a 6 78 0 1 278046072735138.6
a 6 79 0 1 5294117533174.741
a 6 80 0 1 119570595235667.56
a 6 81 0 1 259468734693483.62
a 7 15 0 1 192934524529336.03
a 7 16 0 1 158636814142641.25
a 7 17 0 1 134086081653601.42
a 7 18 0 1 201428741333119.56
a 7 19 0 1 182274870888718.97
a 7 20 0 1 7158489607681.665
a 7 21 0 1 108006413950560.84
a 7 22 0 1 83964211131540.69
a 7 23 0 1 231539536937208.16
a 7 24 0 1 79014346189356.38
a 7 25 0 1 153771449046673.56
a 7 26 0 1 66284776178980.84
a 7 27 0 1 211826908551144.53
a 7 28 0 1 98776243541946.89
a 7 29 0 1 230594606197668.9
a 7 30 0 1 127799536369769.0
a 7 31 0 1 220146641843404.06
a 7 32 0 1 85370838293834.14
a 7 33 0 1 142909143871509.6
a 7 34 0 1 114456956615886.45
a 7 35 0 1 28399225164947.043
a 7 36 0 1 2721877401854.8096
a 7 37 0 1 154653377703404.53
a 7 38 0 1 79016745437212.23
a 7 39 0 1 5368690722819.502
a 7 40 0 1 242550254118389.8
a 7 41 0 1 198103846055129.6
a 7 42 0 1 49536944120027.016
a 7 43 0 1 180785890543713.66
a 7 44 0 1 235989125288796.3
a 7 45 0 1 152641951590115.84
a 7 46 0 1 162048566189014.94
a 7 47 0 1 128951240536957.45
a 7 48 0 1 12620158694064.771
a 7 49 0 1 172395125075182.22
a 7 50 0 1 34505568625433.74
a 7 51 0 1 150131105167519.7
a 7 52 0 1 44964937902073.6
a 7 53 0 1 55601609347880.48
a 7 54 0 1 212869109707913.56
a 7 55 0 1 121415966629986.84
a 7 56 0 1 78187533083343.81
a 7 57 0 1 23074009082836.844
a 7 58 0 1 194790821552697.7
a 7 59 0 1 49798090689176.7
a 7 60 0 1 63213279207482.65
a 7 61 0 1 14995521274595.408
a 7 62 0 1 224332212229101.12
a 7 63 0 1 145316863255614.12
a 7 64 0 1 89974885841814.7
a 7 65 0 1 186379195032624.94
a 7 66 0 1 233153030424085.03
a 7 67 0 1 145180509922514.34
a 7 68 0 1 167227857160230.47
a 7 69 0 1 188368013247971.2
a 7 70 0 1 201023440967428.16
a 7 71 0 1 13899089834940.533
a 7 72 0 1 222742937692367.47
a 7 73 0 1 113827491133384.64
a 7 74 0 1 62194316508769.19
a 7 75 0 1 116812290140023.55
a 7 76 0 1 230011705001547.25
a 7 77 0 1 32203471261499.35
a 7 78 0 1 197342451341945.5
a 7 79 0 1 3791583224214.584
a 7 80 0 1 85314023513733.77
a 7 81 0 1 184271994696225.1
a 8 15 0 1 226370364571260.7
a 8 16 0 1 186000624258337.2
a 8 17 0 1 157137967982785.3
a 8 18 0 1 236377131985910.44
a 8 19 0 1 213817488140872.94
a 8 20 0 1 8368221108189.065
a 8 21 0 1 126509109273138.19
a 8 22 0 1 98301432210988.62
a 8 23 0 1 271877880306070.84
a 8 24 0 1 92497322276258.42
a 8 25 0 1 180278460966519.22
a 8 26 0 1 77576125029132.17
a 8 27 0 1 248631634694637.94
a 8 28 0 1 115676548911905.5
a 8 29 0 1 270763132567991.34
a 8 30 0 1 149751896175625.97
a 8 31 0 1 258440428007493.9
a 8 32 0 1 99951022717075.08
a 8 33 0 1 167507355324817.8
a 8 34 0 1 134081864101203.53
a 8 35 0 1 33212237629226.066
a 8 36 0 1 3181579808823.5195
a 8 37 0 1 181315614845688.06
a 8 38 0 1 92500135308519.6
a 8 39 0 1 6275740940367.659
a 8 40 0 1 284870591214140.7
a 8 41 0 1 232459763169767.88
a 8 42 0 1 57956291808700.086
a 8 43 0 1 212064490609879.8
a 8 44 0 1 277127706830542.75
a 8 45 0 1 178950218687156.56
a 8 46 0 1 190013864803995.53
a 8 47 0 1 151104895307316.44
a 8 48 0 1 14754440776263.28
a 8 49 0 1 202187914721104.06
a 8 50 0 1 40358283188958.43
a 8 51 0 1 175997784849745.06
a 8 52 0 1 52602506764777.13
a 8 53 0 1 65059457718901.41
a 8 54 0 1 249860184082548.88
a 8 55 0 1 142253741782357.66
a 8 56 0 1 91527929453624.9
a 8 57 0 1 26981714104450.387
a 8 58 0 1 228556911701741.56
a 8 59 0 1 58262121589119.164
a 8 60 0 1 73976940461940.66
a 8 61 0 1 17532328845812.375
a 8 62 0 1 263376401527172.16
a 8 63 0 1 170337691996991.56
a 8 64 0 1 105350962103071.3
a 8 65 0 1 218650118775202.3
a 8 66 0 1 273781441456653.03
a 8 67 0 1 170177397754394.56
a 8 68 0 1 196107322746914.47
a 8 69 0 1 220992141579575.88
a 8 70 0 1 235899581268887.16
a 8 71 0 1 16250065734786.934
a 8 72 0 1 261502096064063.44
a 8 73 0 1 133342803228904.67
a 8 74 0 1 72783015085549.08
a 8 75 0 1 136847447083527.6
a 8 76 0 1 270075497777067.5
a 8 77 0 1 37664016212283.21
a 8 78 0 1 231562768323455.7
a 8 79 0 1 4432042235332.536
a 8 80 0 1 99884392667381.53
a 8 81 0 1 216168897501902.8
a 9 15 0 1 330436589602221.06
a 9 16 0 1 270921877978399.22
a 9 17 0 1 228531047215608.4
a 9 18 0 1 345229733155634.8
a 9 19 0 1 311902490739830.2
a 9 20 0 1 12076451015089.533
a 9 21 0 1 183689632680243.1
a 9 22 0 1 142521862296190.44
a 9 23 0 1 397843306772250.2
a 9 24 0 1 134066233694215.61
a 9 25 0 1 262507179712359.6
a 9 26 0 1 112352149467774.83
a 9 27 0 1 363368000865460.06
a 9 28 0 1 167865485937473.66
a 9 29 0 1 396188043976397.3
a 9 30 0 1 217704210832886.22
a 9 31 0 1 377904047606889.7
a 9 32 0 1 144925985686035.03
a 9 33 0 1 243745466367809.03
a 9 34 0 1 194762694899527.5
a 9 35 0 1 47990662473152.08
a 9 36 0 1 4590226144329.361
a 9 37 0 1 264031974108933.88
a 9 38 0 1 134070330567268.34
a 9 39 0 1 9055757961381.543
a 9 40 0 1 417151103377951.9
a 9 41 0 1 339436690059563.4
a 9 42 0 1 83851856825716.34
a 9 43 0 1 309316249827584.44
a 9 44 0 1 405641423228673.25
a 9 45 0 1 260554685316305.06
a 9 46 0 1 276826644275758.1
a 9 47 0 1 219686856331025.12
a 9 48 0 1 21299559490114.145
a 9 49 0 1 294754349854472.06
a 9 50 0 1 58337901168366.45
a 9 51 0 1 256215660639255.4
a 9 52 0 1 76084904552433.56
a 9 53 0 1 94163377525149.05
a 9 54 0 1 365187771507680.3
a 9 55 0 1 206721838181113.28
a 9 56 0 1 132654491447955.94
a 9 57 0 1 38975284534338.42
a 9 58 0 1 333667601236029.94
a 9 59 0 1 84295666808650.44
a 9 60 0 1 107119509279882.08
a 9 61 0 1 25313323909612.938
a 9 62 0 1 385224859292127.6
a 9 63 0 1 247901212503910.7
a 9 64 0 1 152798814944391.2
a 9 65 0 1 319034762736549.4
a 9 66 0 1 400670336551396.1
a 9 67 0 1 247665820687863.53
a 9 68 0 1 285797001493843.25
a 9 69 0 1 322492613196804.9
a 9 70 0 1 344523392571105.8
a 9 71 0 1 23460442799106.3
a 9 72 0 1 382444501104763.06
a 9 73 0 1 193681629341899.84
a 9 74 0 1 105384166767974.53
a 9 75 0 1 198808823058633.78
a 9 76 0 1 395167093901957.3
a 9 77 0 1 54435795473022.61
a 9 78 0 1 338110557246057.25
a 9 79 0 1 6394739292726.796
a 9 80 0 1 144828870544422.47
a 9 81 0 1 315372363092471.2
a 10 15 0 1 122912874443225.34
a 10 16 0 1 101207835739283.44
a 10 17 0 1 85632480479115.42
a 10 18 0 1 128278644856976.45
a 10 19 0 1 116173737051950.08
a 10 20 0 1 4595794314889.878
a 10 21 0 1 69051915387302.43
a 10 22 0 1 53734599420823.04
a 10 23 0 1 147268383293702.97
a 10 24 0 1 50577216053883.98
a 10 25 0 1 98123732520041.77
a 10 26 0 1 42451388699964.24
a 10 27 0 1 134841871377892.33
a 10 28 0 1 63175002255574.37
a 10 29 0 1 146673190533467.94
a 10 30 0 1 81639026757465.12
a 10 31 0 1 140089034947383.16
a 10 32 0 1 54631610587002.36
a 10 33 0 1 91233669426945.19
a 10 34 0 1 73156326076934.78
a 10 35 0 1 18216506839025.316
a 10 36 0 1 1747781547627.5293
a 10 37 0 1 98682871583145.55
a 10 38 0 1 50578746784080.836
a 10 39 0 1 3446986700031.5605
a 10 40 0 1 154200277275906.3
a 10 41 0 1 126178779203754.86
a 10 42 0 1 31747418251247.625
a 10 43 0 1 115231904924419.89
a 10 44 0 1 150070444677359.44
a 10 45 0 1 97407575185684.11
a 10 46 0 1 103369754491279.86
a 10 47 0 1 82370790996092.16
a 10 48 0 1 8100395213080.741
a 10 49 0 1 109922234443261.66
a 10 50 0 1 22127801324191.89
a 10 51 0 1 95815330029752.55
a 10 52 0 1 28822743816612.34
a 10 53 0 1 35625222199178.9
a 10 54 0 1 135499379472406.38
a 10 55 0 1 77581782197754.8
a 10 56 0 1 50049687594259.59
a 10 57 0 1 14803934219734.42
a 10 58 0 1 124085821550051.1
a 10 59 0 1 31914438050110.63
a 10 60 0 1 40489431515186.17
a 10 61 0 1 9624106363048.287
a 10 62 0 1 142727423964990.62
a 10 63 0 1 92761452235752.39
a 10 64 0 1 57566891981295.08
a 10 65 0 1 118769251189715.25
a 10 66 0 1 148284579404745.4
a 10 67 0 1 92674939509085.97
a 10 68 0 1 106650517115898.89
a 10 69 0 1 120026626172827.03
a 10 70 0 1 128022705694337.4
a 10 71 0 1 8920821472024.896
a 10 72 0 1 141725729861048.56
a 10 73 0 1 72755901615727.58
a 10 74 0 1 39838445601358.766
a 10 75 0 1 74654446703859.45
a 10 76 0 1 146306008957323.5
a 10 77 0 1 20653471697338.973
a 10 78 0 1 125697830605278.12
a 10 79 0 1 2434557523753.2227
a 10 80 0 1 54595381638678.55
a 10 81 0 1 117436801367333.08
a 11 15 0 1 121192766119875.11
a 11 16 0 1 99794979400116.11
a 11 17 0 1 84439174520448.0
a 11 18 0 1 126482346149680.77
a 11 19 0 1 114549188641262.81
a 11 20 0 1 4532338487211.321
a 11 21 0 1 68091477752172.83
a 11 22 0 1 52988510650571.02
a 11 23 0 1 145201696331242.38
a 11 24 0 1 49875218776665.03
a 11 25 0 1 96754411394083.55
a 11 26 0 1 41862719845225.39
a 11 27 0 1 132952252944102.23
a 11 28 0 1 62296893653637.63
a 11 29 0 1 144614996016483.47
a 11 30 0 1 80501887642161.28
a 11 31 0 1 138124709260257.88
a 11 32 0 1 53872989677339.664
a 11 33 0 1 89961498418942.3
a 11 34 0 1 72138325019145.11
a 11 35 0 1 17964595369334.434
a 11 36 0 1 1723657086116.9888
a 11 37 0 1 97305659909830.3
a 11 38 0 1 49876728138532.625
a 11 39 0 1 3399399091373.0347
a 11 40 0 1 152034598776961.44
a 11 41 0 1 124412308249545.69
a 11 42 0 1 31307715626034.73
a 11 43 0 1 113620699907077.27
a 11 44 0 1 147963761378009.2
a 11 45 0 1 96048358979629.19
a 11 46 0 1 101926362321876.28
a 11 47 0 1 81223363625381.06
a 11 48 0 1 7988505544113.735
a 11 49 0 1 108386200755879.28
a 11 50 0 1 21821665531840.934
a 11 51 0 1 94478574383576.53
a 11 52 0 1 28423680695442.965
a 11 53 0 1 35131594329729.055
a 11 54 0 1 133600404547071.62
a 11 55 0 1 76501655003088.08
a 11 56 0 1 49355053942669.695
a 11 57 0 1 14599293707614.928
a 11 58 0 1 122349066079732.95
a 11 59 0 1 31472413804263.57
a 11 60 0 1 39928094153856.46
a 11 61 0 1 9491146869357.377
a 11 62 0 1 140725500200249.33
a 11 63 0 1 91467752549059.73
a 11 64 0 1 56767244421852.67
a 11 65 0 1 117107916102551.23
a 11 66 0 1 146203390302856.22
a 11 67 0 1 91382459111807.83
a 11 68 0 1 105160757469260.77
a 11 69 0 1 118347462295310.28
a 11 70 0 1 126230043261510.47
a 11 71 0 1 8797587883195.13
a 11 72 0 1 139738083281405.27
a 11 73 0 1 71743518781082.92
a 11 74 0 1 39286174258458.74
a 11 75 0 1 73615421480621.22
a 11 76 0 1 144253052959982.44
a 11 77 0 1 20367780963586.344
a 11 78 0 1 123938189333040.39
a 11 79 0 1 2400950938510.039
a 11 80 0 1 53837266932970.26
a 11 81 0 1 115794354032130.66
a 12 15 0 1 254322584503268.78
a 12 16 0 1 208847227844427.88
a 12 17 0 1 176366892955305.6
a 12 18 0 1 265603213917687.88
a 12 19 0 1 240176397111703.8
a 12 20 0 1 9372684329496.918
a 12 21 0 1 141928440547696.47
a 12 22 0 1 110238924887865.95
a 12 23 0 1 305650005352935.7
a 12 24 0 1 103721525378504.34
a 12 25 0 1 202405689924987.2
a 12 26 0 1 86971509127609.02
a 12 27 0 1 279422230066884.4
a 12 28 0 1 129755748023404.83
a 12 29 0 1 304391870248785.3
a 12 30 0 1 168059381101584.4
a 12 31 0 1 290486889436182.44
a 12 32 0 1 112091435397576.44
a 12 33 0 1 188032878394955.28
a 12 34 0 1 150440279674031.6
a 12 35 0 1 37211611016973.91
a 12 36 0 1 3563219191548.58
a 12 37 0 1 203573152780020.53
a 12 38 0 1 103724683856008.7
a 12 39 0 1 7028834058761.587
a 12 40 0 1 320317005467629.0
a 12 41 0 1 261186769696540.7
a 12 42 0 1 64957674911474.29
a 12 43 0 1 238201307851812.12
a 12 44 0 1 311575663415620.3
a 12 45 0 1 200910617200107.62
a 12 46 0 1 213365638960658.88
a 12 47 0 1 169581040092323.06
a 12 48 0 1 16526921406040.566
a 12 49 0 1 227075329029302.78
a 12 50 0 1 45222663802055.45
a 12 51 0 1 197587556167217.53
a 12 52 0 1 58952728435248.98
a 12 53 0 1 72926164107475.78
a 12 54 0 1 280807901209376.38
a 12 55 0 1 159627604930802.84
a 12 56 0 1 102633104394626.55
a 12 57 0 1 30228202292399.164
a 12 58 0 1 256787196762518.4
a 12 59 0 1 65300728850120.01
a 12 60 0 1 82932244683709.78
a 12 61 0 1 19639277998473.973
a 12 62 0 1 296056050238316.4
a 12 63 0 1 191217728608635.2
a 12 64 0 1 118156239810049.05
a 12 65 0 1 245621809361656.44
a 12 66 0 1 307798513125469.1
a 12 67 0 1 191037349780686.22
a 12 68 0 1 220227122480944.6
a 12 69 0 1 248261079153250.78
a 12 70 0 1 265064795752502.94
a 12 71 0 1 18202595638445.83
a 12 72 0 1 293941213014758.9
a 12 73 0 1 149609488062889.03
a 12 74 0 1 81592425919145.86
a 12 75 0 1 153549276953254.3
a 12 76 0 1 303615807332465.8
a 12 77 0 1 42202076545878.586
a 12 78 0 1 260175568498646.34
a 12 79 0 1 4963763818913.367
a 12 80 0 1 112016607351324.28
a 12 81 0 1 242825871178577.75
a 13 15 0 1 473783664650592.2
a 13 16 0 1 387278719873581.06
a 13 17 0 1 325987831812568.4
a 13 18 0 1 495369544921463.75
a 13 19 0 1 446786519244111.94
a 13 20 0 1 17046014295529.787
a 13 21 0 1 261441310077996.7
a 13 22 0 1 202438292557678.9
a 13 23 0 1 572418310814013.6
a 13 24 0 1 190349275620906.3
a 13 25 0 1 375091049674733.8
a 13 26 0 1 159350801383527.7
a 13 27 0 1 521882819235002.94
a 13 28 0 1 238732928249398.12
a 13 29 0 1 569987669545974.4
a 13 30 0 1 310376387461563.9
a 13 31 0 1 543167649181874.4
a 13 32 0 1 205877317462788.8
a 13 33 0 1 347954977766667.6
a 13 34 0 1 277353131848093.06
a 13 35 0 1 67855170733557.06
a 13 36 0 1 6476846106655.921
a 13 37 0 1 377298744307403.6
a 13 38 0 1 190355130475097.22
a 13 39 0 1 12780450065470.994
a 13 40 0 1 600802651601046.4
a 13 41 0 1 486912421181745.5
a 13 42 0 1 118764519351989.19
a 13 43 0 1 443023523557795.56
a 13 44 0 1 583875161974605.9
a 13 45 0 1 372264610351082.75
a 13 46 0 1 395837389075161.0
a 13 47 0 1 313233920175946.2
a 13 48 0 1 30077676201592.742
a 13 49 0 1 421854862402369.06
a 13 50 0 1 82526254336473.16
a 13 51 0 1 365985454375568.9
a 13 52 0 1 107723394523476.83
a 13 53 0 1 133435767100333.42
a 13 54 0 1 524545661681568.56
a 13 55 0 1 294558201983373.3
a 13 56 0 1 188331891416260.16
a 13 57 0 1 55084381882475.875
a 13 58 0 1 478495416828061.25
a 13 59 0 1 119395669785564.33
a 13 60 0 1 151890703558385.03
a 13 61 0 1 35752441573779.26
a 13 62 0 1 553899911868669.4
a 13 63 0 1 353961148161828.1
a 13 64 0 1 217144902030692.6
a 13 65 0 1 457169306514894.5
a 13 66 0 1 576570616551818.9
a 13 67 0 1 353620875315536.2
a 13 68 0 1 408849507287088.8
a 13 69 0 1 462205863701307.9
a 13 70 0 1 494338097556694.3
a 13 71 0 1 33132519975156.074
a 13 72 0 1 549822931697178.1
a 13 73 0 1 275798875682048.72
a 13 74 0 1 149417495720133.94
a 13 75 0 1 283171785040061.25
a 13 76 0 1 568488689851037.1
a 13 77 0 1 76991843194259.75
a 13 78 0 1 484977161178288.75
a 13 79 0 1 9023799610163.883
a 13 80 0 1 205738381340089.1
a 13 81 0 1 451836806651575.7
a 14 15 0 1 580534530954848.5
a 14 16 0 1 473456121629930.75
a 14 17 0 1 397891850724873.2
a 14 18 0 1 607333844230520.0
a 14 19 0 1 547062105886602.56
a 14 20 0 1 20645293795055.633
a 14 21 0 1 318579413153850.5
a 14 22 0 1 246312161896248.25
a 14 23 0 1 703256471019106.9
a 14 24 0 1 231532579579092.44
a 14 25 0 1 458410371658173.5
a 14 26 0 1 193676667957182.7
a 14 27 0 1 640294830488904.0
a 14 28 0 1 290739903701142.8
a 14 29 0 1 700224025722306.8
a 14 30 0 1 378684301838477.2
a 14 31 0 1 666791428732906.5
a 14 32 0 1 250518260419356.3
a 14 33 0 1 424946165708028.44
a 14 34 0 1 338106287470910.25
a 14 35 0 1 82285013849009.77
a 14 36 0 1 7842422281695.132
a 14 37 0 1 461135049538837.4
a 14 38 0 1 231539735291286.03
a 14 39 0 1 15477446444229.014
a 14 40 0 1 738699720112604.4
a 14 41 0 1 596830317550616.0
a 14 42 0 1 144201754707021.56
a 14 43 0 1 542400508869439.56
a 14 44 0 1 717555597775322.8
a 14 45 0 1 454922528798508.6
a 14 46 0 1 484027776559013.56
a 14 47 0 1 382198880243237.7
a 14 48 0 1 36440169100955.88
a 14 49 0 1 516194710849557.6
a 14 50 0 1 100112137023028.66
a 14 51 0 1 447175912315067.7
a 14 52 0 1 130760019311123.44
a 14 53 0 1 162074412103099.25
a 14 54 0 1 643607953554022.9
a 14 55 0 1 359238567857442.25
a 14 56 0 1 229067091399020.56
a 14 57 0 1 66777499787715.8
a 14 58 0 1 586381525148281.6
a 14 59 0 1 144970357337094.34
a 14 60 0 1 184575159062048.4
a 14 61 0 1 43321348029747.72
a 14 62 0 1 680163663573261.0
a 14 63 0 1 432348777202653.3
a 14 64 0 1 264304288781884.28
a 14 65 0 1 559929306297382.56
a 14 66 0 1 708437821473194.2
a 14 67 0 1 431929326927888.6
a 14 68 0 1 500109731107040.4
a 14 69 0 1 566173674912829.9
a 14 70 0 1 606052548458821.0
a 14 71 0 1 40144212747466.24
a 14 72 0 1 675082851176475.1
a 14 73 0 1 336198198562105.2
a 14 74 0 1 181558541383843.56
a 14 75 0 1 345250962143858.3
a 14 76 0 1 698354122097144.0
a 14 77 0 1 93385642785251.4
a 14 78 0 1 594427470569786.4
a 14 79 0 1 10927050594450.953
a 14 80 0 1 250348320227474.44
a 14 81 0 1 553319916294455.94
a 15 1 0 5 0
a 16 1 0 5 0
a 17 1 0 5 0
a 18 1 0 5 0
a 19 1 0 5 0
a 20 1 0 5 0
a 21 1 0 5 0
a 22 1 0 5 0
a 23 1 0 5 0
a 24 1 0 5 0
a 25 1 0 5 0
a 26 1 0 5 0
a 27 1 0 5 0
a 28 1 0 5 0
a 29 1 0 5 0
a 30 1 0 5 0
a 31 1 0 5 0
a 32 1 0 5 0
a 33 1 0 5 0
a 34 1 0 5 0
a 35 1 0 5 0
a 36 1 0 5 0
a 37 1 0 5 0
a 38 1 0 5 0
a 39 1 0 5 0
a 40 1 0 5 0
a 41 1 0 5 0
a 42 1 0 5 0
a 43 1 0 5 0
a 44 1 0 5 0
a 45 1 0 5 0
a 46 1 0 5 0
a 47 1 0 5 0
a 48 1 0 5 0
a 49 1 0 5 0
a 50 1 0 5 0
a 51 1 0 5 0
a 52 1 0 5 0
a 53 1 0 5 0
a 54 1 0 5 0
a 55 1 0 5 0
a 56 1 0 5 0
a 57 1 0 5 0
a 58 1 0 5 0
a 59 1 0 5 0
a 60 1 0 5 0
a 61 1 0 5 0
a 62 1 0 5 0
a 63 1 0 5 0
a 64 1 0 5 0
a 65 1 0 5 0
a 66 1 0 5 0
a 67 1 0 5 0
a 68 1 0 5 0
a 69 1 0 5 0
a 70 1 0 5 0
a 71 1 0 5 0
a 72 1 0 5 0
a 73 1 0 5 0
a 74 1 0 5 0
a 75 1 0 5 0
a 76 1 0 5 0
a 77 1 0 5 0
a 78 1 0 5 0
a 79 1 0 5 0
a 80 1 0 5 0
a 81 1 0 5 0
