p min 81 157
n 0 1
n 1 -1
a 0 2 0 1 0
a 2 3 0 1 17986648969478.957
a 2 4 0 1 14771019361545.646
a 2 5 0 1 4662792200028.307
a 2 6 0 1 4629167508481.015
a 2 7 0 1 18467946187568.973
a 2 8 0 1 9467660337829.55
a 2 9 0 1 8506286566280.284
a 2 10 0 1 9251890712881.797
a 2 11 0 1 22109215018839.66
a 2 12 0 1 20303715863259.49
a 2 13 0 1 20651868450581.55
a 2 14 0 1 18740010431443.324
a 2 15 0 1 14372762277077.547
a 2 16 0 1 20805766499575.867
a 2 17 0 1 19776684383162.6
a 2 18 0 1 12376662085691.14
a 2 19 0 1 10561153524228.645
a 2 20 0 1 14553620861567.58
a 2 21 0 1 17555477343840.732
a 2 22 0 1 7358485517966.357
a 2 23 0 1 12373572832055.87
a 2 24 0 1 19743924595641.453
a 2 25 0 1 18358185868247.71
a 2 26 0 1 11527639113830.719
a 2 27 0 1 21544740332672.375
a 2 28 0 1 7391590958280.205
a 2 29 0 1 7283101037082.253
a 2 30 0 1 10868743781203.152
a 2 31 0 1 16577493308267.256
a 2 32 0 1 12281205273720.582
a 2 33 0 1 11856115159977.361
a 2 34 0 1 6231182284179.382
a 2 35 0 1 7760663796490.833
a 2 36 0 1 13570964633069.436
a 2 37 0 1 8144573118882.442
a 2 38 0 1 21152761371234.11
a 2 39 0 1 7822782375840.771
a 2 40 0 1 14790681672064.965
a 2 41 0 1 11590193377226.479
a 2 42 0 1 13866541219606.152
a 2 43 0 1 17297793279263.39
a 2 44 0 1 16021148375860.783
a 2 45 0 1 17887003610863.61
a 2 46 0 1 16755554642212.287
a 2 47 0 1 22565446308308.46
a 2 48 0 1 17697212330856.96
a 2 49 0 1 20603841138778.098
a 2 50 0 1 17437257894850.744
a 2 51 0 1 21999365793838.68
a 2 52 0 1 18483288772851.438
a 2 53 0 1 19461434150064.156
a 2 54 0 1 20078918773590.113
a 2 55 0 1 17530748218872.785
a 2 56 0 1 19655553648085.137
a 2 57 0 1 11633754166124.615
a 2 58 0 1 10678334396767.746
a 2 59 0 1 7150243025136.365
a 2 60 0 1 15080629578228.73
a 2 61 0 1 19330465107354.633
a 2 62 0 1 6646088043853.992
a 2 63 0 1 12700287955961.023
a 2 64 0 1 20400795735939.027
a 2 65 0 1 5609998935402.058
a 2 66 0 1 19675090330265.637
a 2 67 0 1 12933963110206.758
a 2 68 0 1 17007385368573.21
a 2 69 0 1 12420904735376.219
a 2 70 0 1 12034271728639.582
a 2 71 0 1 17579434114521.662
a 2 72 0 1 17221213422246.97
a 2 73 0 1 22236457007876.504
a 2 74 0 1 9754817931727.836
a 2 75 0 1 6232402382594.436
a 2 76 0 1 22388992598546.76
a 2 77 0 1 7855221634819.97
a 2 78 0 1 15302442953054.906
a 2 79 0 1 9503639464906.594
a 2 80 0 1 7831058172045.097
a 3 1 0 1 0
a 4 1 0 1 0
a 5 1 0 1 0
a 6 1 0 1 0
a 7 1 0 1 0
a 8 1 0 1 0
a 9 1 0 1 0
a 10 1 0 1 0
a 11 1 0 1 0
a 12 1 0 1 0
a 13 1 0 1 0
a 14 1 0 1 0
a 15 1 0 1 0
a 16 1 0 1 0
a 17 1 0 1 0
a 18 1 0 1 0
a 19 1 0 1 0
a 20 1 0 1 0
a 21 1 0 1 0
a 22 1 0 1 0
a 23 1 0 1 0
a 24 1 0 1 0
a 25 1 0 1 0
a 26 1 0 1 0
a 27 1 0 1 0
a 28 1 0 1 0
a 29 1 0 1 0
a 30 1 0 1 0
a 31 1 0 1 0
a 32 1 0 1 0
a 33 1 0 1 0
a 34 1 0 1 0
a 35 1 0 1 0
a 36 1 0 1 0
a 37 1 0 1 0
a 38 1 0 1 0
a 39 1 0 1 0
a 40 1 0 1 0
a 41 1 0 1 0
a 42 1 0 1 0
a 43 1 0 1 0
a 44 1 0 1 0
a 45 1 0 1 0
a 46 1 0 1 0
a 47 1 0 1 0
a 48 1 0 1 0
a 49 1 0 1 0
a 50 1 0 1 0
a 51 1 0 1 0
a 52 1 0 1 0
a 53 1 0 1 0
a 54 1 0 1 0
a 55 1 0 1 0
a 56 1 0 1 0
a 57 1 0 1 0
a 58 1 0 1 0
a 59 1 0 1 0
a 60 1 0 1 0
a 61 1 0 1 0
a 62 1 0 1 0
a 63 1 0 1 0
a 64 1 0 1 0
a 65 1 0 1 0
a 66 1 0 1 0
a 67 1 0 1 0
a 68 1 0 1 0
a 69 1 0 1 0
a 70 1 0 1 0
a 71 1 0 1 0
a 72 1 0 1 0
a 73 1 0 1 0
a 74 1 0 1 0
a 75 1 0 1 0
a 76 1 0 1 0
a 77 1 0 1 0
a 78 1 0 1 0
a 79 1 0 1 0
a 80 1 0 1 0
