p min 80 155
n 0 1
n 1 -1
a 0 2 0 1 0
a 2 3 0 1 14010796990936.582
a 2 4 0 1 18844127364844.312
a 2 5 0 1 15382548950611.854
a 2 6 0 1 16117310011261.555
a 2 7 0 1 14451381806302.654
a 2 8 0 1 4597296540897.204
a 2 9 0 1 19238743905550.082
a 2 10 0 1 17544620977106.021
a 2 11 0 1 13855749637272.684
a 2 12 0 1 17356207938787.658
a 2 13 0 1 17780627075534.01
a 2 14 0 1 14666216451981.22
a 2 15 0 1 6040085350667.937
a 2 16 0 1 8887031160777.312
a 2 17 0 1 11058605318051.041
a 2 18 0 1 4730099613091.282
a 2 19 0 1 7803859859263.476
a 2 20 0 1 18563666450744.203
a 2 21 0 1 15485871495549.754
a 2 22 0 1 15469806757775.037
a 2 23 0 1 15239333932092.254
a 2 24 0 1 4788862698140.16
a 2 25 0 1 14740741235522.225
a 2 26 0 1 5136453017729.144
a 2 27 0 1 14745404909830.266
a 2 28 0 1 11116439051675.941
a 2 29 0 1 14612132207176.059
a 2 30 0 1 14277273649026.426
a 2 31 0 1 18626820964168.7
a 2 32 0 1 18001693748742.1
a 2 33 0 1 8663511513482.829
a 2 34 0 1 7979007843580.94
a 2 35 0 1 4026605268149.307
a 2 36 0 1 18131182329341.973
a 2 37 0 1 5575459212921.538
a 2 38 0 1 18481935613347.875
a 2 39 0 1 4935737553252.695
a 2 40 0 1 10815001762526.904
a 2 41 0 1 6527830919842.974
a 2 42 0 1 7113206842198.603
a 2 43 0 1 15958985214191.736
a 2 44 0 1 17867964206782.39
a 2 45 0 1 18918305672576.4
a 2 46 0 1 6923283307975.244
a 2 47 0 1 11638170155074.164
a 2 48 0 1 7744170125267.343
a 2 49 0 1 12282660531087.541
a 2 50 0 1 9070847856222.727
a 2 51 0 1 12035218524064.438
a 2 52 0 1 18583567709915.19
a 2 53 0 1 18062552831213.73
a 2 54 0 1 4644667705075.619
a 2 55 0 1 17949313785545.43
a 2 56 0 1 5648870624405.365
a 2 57 0 1 4065380055194.338
a 2 58 0 1 13169153516297.55
a 2 59 0 1 11164220502838.99
a 2 60 0 1 9447451140224.148
a 2 61 0 1 5920259032746.271
a 2 62 0 1 15495198563776.904
a 2 63 0 1 9051273385380.703
a 2 64 0 1 12627264802144.412
a 2 65 0 1 18595879066686.145
a 2 66 0 1 17798620082424.562
a 2 67 0 1 19503566764805.215
a 2 68 0 1 6594591088167.693
a 2 69 0 1 6782612921565.711
a 2 70 0 1 4662775570890.826
a 2 71 0 1 13919401307929.732
a 2 72 0 1 10476438458402.066
a 2 73 0 1 15105107918864.2
a 2 74 0 1 16799397445585.102
a 2 75 0 1 18983436271597.24
a 2 76 0 1 12062542762234.467
a 2 77 0 1 6391617492554.319
a 2 78 0 1 5859753377435.671
a 2 79 0 1 10729085349915.602
a 3 1 0 1 0
a 4 1 0 1 0
a 5 1 0 1 0
a 6 1 0 1 0
a 7 1 0 1 0
a 8 1 0 1 0
a 9 1 0 1 0
a 10 1 0 1 0
a 11 1 0 1 0
a 12 1 0 1 0
a 13 1 0 1 0
a 14 1 0 1 0
a 15 1 0 1 0
a 16 1 0 1 0
a 17 1 0 1 0
a 18 1 0 1 0
a 19 1 0 1 0
a 20 1 0 1 0
a 21 1 0 1 0
a 22 1 0 1 0
a 23 1 0 1 0
a 24 1 0 1 0
a 25 1 0 1 0
a 26 1 0 1 0
a 27 1 0 1 0
a 28 1 0 1 0
a 29 1 0 1 0
a 30 1 0 1 0
a 31 1 0 1 0
a 32 1 0 1 0
a 33 1 0 1 0
a 34 1 0 1 0
a 35 1 0 1 0
a 36 1 0 1 0
a 37 1 0 1 0
a 38 1 0 1 0
a 39 1 0 1 0
a 40 1 0 1 0
a 41 1 0 1 0
a 42 1 0 1 0
a 43 1 0 1 0
a 44 1 0 1 0
a 45 1 0 1 0
a 46 1 0 1 0
a 47 1 0 1 0
a 48 1 0 1 0
a 49 1 0 1 0
a 50 1 0 1 0
a 51 1 0 1 0
a 52 1 0 1 0
a 53 1 0 1 0
a 54 1 0 1 0
a 55 1 0 1 0
a 56 1 0 1 0
a 57 1 0 1 0
a 58 1 0 1 0
a 59 1 0 1 0
a 60 1 0 1 0
a 61 1 0 1 0
a 62 1 0 1 0
a 63 1 0 1 0
a 64 1 0 1 0
a 65 1 0 1 0
a 66 1 0 1 0
a 67 1 0 1 0
a 68 1 0 1 0
a 69 1 0 1 0
a 70 1 0 1 0
a 71 1 0 1 0
a 72 1 0 1 0
a 73 1 0 1 0
a 74 1 0 1 0
a 75 1 0 1 0
a 76 1 0 1 0
a 77 1 0 1 0
a 78 1 0 1 0
a 79 1 0 1 0
