p min 81 157
n 0 1
n 1 -1
a 0 2 0 1 0
a 2 3 0 1 19571311979936.29
a 2 4 0 1 18733529116443.477
a 2 5 0 1 10918121093781.473
a 2 6 0 1 16673322685510.705
a 2 7 0 1 16650011499542.502
a 2 8 0 1 14374408593369.312
a 2 9 0 1 12172505410712.562
a 2 10 0 1 19932728293323.715
a 2 11 0 1 9473314649621.137
a 2 12 0 1 14014411508337.83
a 2 13 0 1 21652863910978.695
a 2 14 0 1 4978677580817.716
a 2 15 0 1 11515942891968.252
a 2 16 0 1 15015073562509.725
a 2 17 0 1 13504540973768.47
a 2 18 0 1 22473177115795.55
a 2 19 0 1 8145251893011.522
a 2 20 0 1 15670634717331.814
a 2 21 0 1 13557172387677.8
a 2 22 0 1 21773702698939.895
a 2 23 0 1 22695303621873.57
a 2 24 0 1 22780591895550.703
a 2 25 0 1 22776139754299.4
a 2 26 0 1 11125995523235.871
a 2 27 0 1 16880602753515.854
a 2 28 0 1 7086780584641.842
a 2 29 0 1 23544099073834.812
a 2 30 0 1 19508359266219.945
a 2 31 0 1 11527343255372.775
a 2 32 0 1 23075537123545.25
a 2 33 0 1 9661120162492.232
a 2 34 0 1 18536718294162.82
a 2 35 0 1 6477559363688.32
a 2 36 0 1 21264843691780.125
a 2 37 0 1 14696735206527.555
a 2 38 0 1 15325304615180.787
a 2 39 0 1 17519211427027.844
a 2 40 0 1 20007174425599.0
a 2 41 0 1 7424053410262.614
a 2 42 0 1 14755999738000.258
a 2 43 0 1 7993939996925.261
a 2 44 0 1 12350093924250.717
a 2 45 0 1 17768016001057.43
a 2 46 0 1 5942082356287.845
a 2 47 0 1 6340297222166.245
a 2 48 0 1 22645402559520.754
a 2 49 0 1 7731289402556.931
a 2 50 0 1 11325308917018.674
a 2 51 0 1 21739971013414.66
a 2 52 0 1 7822206429540.897
a 2 53 0 1 7888688489610.375
a 2 54 0 1 8686946371735.131
a 2 55 0 1 18867228533493.09
a 2 56 0 1 22000896958606.453
a 2 57 0 1 10626528706281.66
a 2 58 0 1 21370274044499.98
a 2 59 0 1 21698031998054.434
a 2 60 0 1 9967093800580.496
a 2 61 0 1 6037051406490.65
a 2 62 0 1 20185035616949.03
a 2 63 0 1 7857506104347.857
a 2 64 0 1 15170469493775.598
a 2 65 0 1 5496501390033.846
a 2 66 0 1 12243078978536.639
a 2 67 0 1 20340285338595.72
a 2 68 0 1 17771665065920.316
a 2 69 0 1 20400070062288.504
a 2 70 0 1 12436509504098.346
a 2 71 0 1 8103508333010.776
a 2 72 0 1 15723772634962.203
a 2 73 0 1 7478229075560.702
a 2 74 0 1 22701887638256.098
a 2 75 0 1 21718052449348.887
a 2 76 0 1 23395771861561.04
a 2 77 0 1 13469278858656.46
a 2 78 0 1 17558544152936.717
a 2 79 0 1 16342643081300.043
a 2 80 0 1 23570578451159.37
a 3 1 0 1 0
a 4 1 0 1 0
a 5 1 0 1 0
a 6 1 0 1 0
a 7 1 0 1 0
a 8 1 0 1 0
a 9 1 0 1 0
a 10 1 0 1 0
a 11 1 0 1 0
a 12 1 0 1 0
a 13 1 0 1 0
a 14 1 0 1 0
a 15 1 0 1 0
a 16 1 0 1 0
a 17 1 0 1 0
a 18 1 0 1 0
a 19 1 0 1 0
a 20 1 0 1 0
a 21 1 0 1 0
a 22 1 0 1 0
a 23 1 0 1 0
a 24 1 0 1 0
a 25 1 0 1 0
a 26 1 0 1 0
a 27 1 0 1 0
a 28 1 0 1 0
a 29 1 0 1 0
a 30 1 0 1 0
a 31 1 0 1 0
a 32 1 0 1 0
a 33 1 0 1 0
a 34 1 0 1 0
a 35 1 0 1 0
a 36 1 0 1 0
a 37 1 0 1 0
a 38 1 0 1 0
a 39 1 0 1 0
a 40 1 0 1 0
a 41 1 0 1 0
a 42 1 0 1 0
a 43 1 0 1 0
a 44 1 0 1 0
a 45 1 0 1 0
a 46 1 0 1 0
a 47 1 0 1 0
a 48 1 0 1 0
a 49 1 0 1 0
a 50 1 0 1 0
a 51 1 0 1 0
a 52 1 0 1 0
a 53 1 0 1 0
a 54 1 0 1 0
a 55 1 0 1 0
a 56 1 0 1 0
a 57 1 0 1 0
a 58 1 0 1 0
a 59 1 0 1 0
a 60 1 0 1 0
a 61 1 0 1 0
a 62 1 0 1 0
a 63 1 0 1 0
a 64 1 0 1 0
a 65 1 0 1 0
a 66 1 0 1 0
a 67 1 0 1 0
a 68 1 0 1 0
a 69 1 0 1 0
a 70 1 0 1 0
a 71 1 0 1 0
a 72 1 0 1 0
a 73 1 0 1 0
a 74 1 0 1 0
a 75 1 0 1 0
a 76 1 0 1 0
a 77 1 0 1 0
a 78 1 0 1 0
a 79 1 0 1 0
a 80 1 0 1 0
