p min 81 157
n 0 1
n 1 -1
a 0 2 0 1 0
a 2 3 0 1 23215372156172.605
a 2 4 0 1 16572486503241.635
a 2 5 0 1 14244288170145.47
a 2 6 0 1 20226149713576.17
a 2 7 0 1 8351552380414.359
a 2 8 0 1 8790693079532.272
a 2 9 0 1 15899345129797.387
a 2 10 0 1 9339364098379.39
a 2 11 0 1 9830332987542.084
a 2 12 0 1 23939476692070.516
a 2 13 0 1 8623586732999.899
a 2 14 0 1 15595583132490.309
a 2 15 0 1 14865934969856.62
a 2 16 0 1 9155736724586.404
a 2 17 0 1 10560941108147.625
a 2 18 0 1 19714632505877.25
a 2 19 0 1 6321898739301.351
a 2 20 0 1 7160154802173.463
a 2 21 0 1 8716117567612.382
a 2 22 0 1 16410666979641.93
a 2 23 0 1 9749980134324.166
a 2 24 0 1 20165914257944.496
a 2 25 0 1 24970582755722.2
a 2 26 0 1 5208198573908.513
a 2 27 0 1 5257727738811.075
a 2 28 0 1 15893705698026.92
a 2 29 0 1 12987579364239.898
a 2 30 0 1 12013097272989.465
a 2 31 0 1 24852949908997.83
a 2 32 0 1 15108842505553.72
a 2 33 0 1 17195487000314.588
a 2 34 0 1 24624377216612.39
a 2 35 0 1 7354993461780.977
a 2 36 0 1 21640784278270.76
a 2 37 0 1 22462897579884.06
a 2 38 0 1 18110706826450.28
a 2 39 0 1 8216048566945.19
a 2 40 0 1 20094054176129.117
a 2 41 0 1 14211368343859.879
a 2 42 0 1 16537584249233.578
a 2 43 0 1 17401245865830.055
a 2 44 0 1 11891242517050.691
a 2 45 0 1 8085667449740.544
a 2 46 0 1 14890204807535.11
a 2 47 0 1 8437554270133.932
a 2 48 0 1 19177327193856.656
a 2 49 0 1 8708772347325.384
a 2 50 0 1 19450022612672.355
a 2 51 0 1 20521276187049.785
a 2 52 0 1 15577828250893.256
a 2 53 0 1 9430275769614.395
a 2 54 0 1 9237099824327.191
a 2 55 0 1 18328811005019.78
a 2 56 0 1 9916104566746.725
a 2 57 0 1 19419917253838.875
a 2 58 0 1 16053399821511.36
a 2 59 0 1 19468567315662.387
a 2 60 0 1 23114106085587.598
a 2 61 0 1 25542315317516.168
a 2 62 0 1 19970583083905.676
a 2 63 0 1 20992669140102.453
a 2 64 0 1 22969586788619.332
a 2 65 0 1 24364306596429.65
a 2 66 0 1 24970413723853.336
a 2 67 0 1 6106105077666.444
a 2 68 0 1 14331764480721.963
a 2 69 0 1 13657045710564.11
a 2 70 0 1 24431761602693.21
a 2 71 0 1 24406401383917.277
a 2 72 0 1 24847739553280.164
a 2 73 0 1 17414138622764.762
a 2 74 0 1 12111992683812.201
a 2 75 0 1 18478186356778.402
a 2 76 0 1 14807443419654.908
a 2 77 0 1 13420880661392.664
a 2 78 0 1 22457925789936.887
a 2 79 0 1 11226915550385.564
a 2 80 0 1 10697343580273.52
a 3 1 0 1 0
a 4 1 0 1 0
a 5 1 0 1 0
a 6 1 0 1 0
a 7 1 0 1 0
a 8 1 0 1 0
a 9 1 0 1 0
a 10 1 0 1 0
a 11 1 0 1 0
a 12 1 0 1 0
a 13 1 0 1 0
a 14 1 0 1 0
a 15 1 0 1 0
a 16 1 0 1 0
a 17 1 0 1 0
a 18 1 0 1 0
a 19 1 0 1 0
a 20 1 0 1 0
a 21 1 0 1 0
a 22 1 0 1 0
a 23 1 0 1 0
a 24 1 0 1 0
a 25 1 0 1 0
a 26 1 0 1 0
a 27 1 0 1 0
a 28 1 0 1 0
a 29 1 0 1 0
a 30 1 0 1 0
a 31 1 0 1 0
a 32 1 0 1 0
a 33 1 0 1 0
a 34 1 0 1 0
a 35 1 0 1 0
a 36 1 0 1 0
a 37 1 0 1 0
a 38 1 0 1 0
a 39 1 0 1 0
a 40 1 0 1 0
a 41 1 0 1 0
a 42 1 0 1 0
a 43 1 0 1 0
a 44 1 0 1 0
a 45 1 0 1 0
a 46 1 0 1 0
a 47 1 0 1 0
a 48 1 0 1 0
a 49 1 0 1 0
a 50 1 0 1 0
a 51 1 0 1 0
a 52 1 0 1 0
a 53 1 0 1 0
a 54 1 0 1 0
a 55 1 0 1 0
a 56 1 0 1 0
a 57 1 0 1 0
a 58 1 0 1 0
a 59 1 0 1 0
a 60 1 0 1 0
a 61 1 0 1 0
a 62 1 0 1 0
a 63 1 0 1 0
a 64 1 0 1 0
a 65 1 0 1 0
a 66 1 0 1 0
a 67 1 0 1 0
a 68 1 0 1 0
a 69 1 0 1 0
a 70 1 0 1 0
a 71 1 0 1 0
a 72 1 0 1 0
a 73 1 0 1 0
a 74 1 0 1 0
a 75 1 0 1 0
a 76 1 0 1 0
a 77 1 0 1 0
a 78 1 0 1 0
a 79 1 0 1 0
a 80 1 0 1 0
