p min 80 374
n 0 4
n 1 -4
a 0 2 0 1 0
a 0 3 0 1 0
a 0 4 0 1 0
a 0 5 0 1 0
a 2 6 0 1 12993861250336.24
a 2 7 0 1 18446351342925.8
a 2 8 0 1 5961713238089.088
a 2 9 0 1 28235115129401.367
a 2 10 0 1 8949331062770.348
a 2 11 0 1 25067886139715.094
a 2 12 0 1 24797308949202.402
a 2 13 0 1 28148857013623.52
a 2 14 0 1 10786902039481.557
a 2 15 0 1 24701565033526.645
a 2 16 0 1 22852346619590.547
a 2 17 0 1 22165243202935.12
a 2 18 0 1 19760565268302.29
a 2 19 0 1 15731411473815.76
a 2 20 0 1 14106469847358.137
a 2 21 0 1 22599829708865.676
a 2 22 0 1 25260987949655.195
a 2 23 0 1 8054694588892.294
a 2 24 0 1 26762948479707.754
a 2 25 0 1 19081690610533.64
a 2 26 0 1 26974533950486.332
a 2 27 0 1 11217617831291.861
a 2 28 0 1 12751849367860.893
a 2 29 0 1 16994044799128.373
a 2 30 0 1 18274512933788.688
a 2 31 0 1 22195401012171.418
a 2 32 0 1 11485604481128.5
a 2 33 0 1 14393522805857.457
a 2 34 0 1 19362574920251.066
a 2 35 0 1 8778977959328.188
a 2 36 0 1 22921451014864.957
a 2 37 0 1 16083414642956.951
a 2 38 0 1 14664911249531.38
a 2 39 0 1 6660156063655.115
a 2 40 0 1 25626921767346.74
a 2 41 0 1 16183724812719.117
a 2 42 0 1 11111311439135.896
a 2 43 0 1 19985496836336.832
a 2 44 0 1 27757437786940.54
a 2 45 0 1 17065099565360.105
a 2 46 0 1 19823759677194.21
a 2 47 0 1 7814277150696.9795
a 2 48 0 1 17808286125698.72
a 2 49 0 1 8923684933267.9
a 2 50 0 1 18235264235631.27
a 2 51 0 1 11377200517724.225
a 2 52 0 1 25582063655172.734
a 2 53 0 1 16919208883673.014
a 2 54 0 1 23690631204389.93
a 2 55 0 1 17609271857080.805
a 2 56 0 1 16593892848238.45
a 2 57 0 1 10343466157731.908
a 2 58 0 1 12065820356667.041
a 2 59 0 1 22229918526284.215
a 2 60 0 1 24166605440252.39
a 2 61 0 1 11318569944611.908
a 2 62 0 1 17783581325361.3
a 2 63 0 1 23806875347924.473
a 2 64 0 1 21630968752131.67
a 2 65 0 1 24542142633553.64
a 2 66 0 1 22962136304013.387
a 2 67 0 1 24288849281036.67
a 2 68 0 1 23618971407667.49
a 2 69 0 1 9043329361504.9
a 2 70 0 1 17328157932670.145
a 2 71 0 1 25751524495757.613
a 2 72 0 1 8780185755366.865
a 2 73 0 1 25626821416791.418
a 2 74 0 1 20063134776426.89
a 2 75 0 1 15877331776402.604
a 2 76 0 1 28289618208869.402
a 2 77 0 1 9801993706611.242
a 2 78 0 1 13721909075204.248
a 2 79 0 1 25726101203146.94
a 3 6 0 1 11517399672848.51
a 3 7 0 1 16349169197162.098
a 3 8 0 1 5284784035333.98
a 3 9 0 1 25021829704613.527
a 3 10 0 1 7932859606086.787
a 3 11 0 1 22215968353717.785
a 3 12 0 1 21976252070424.727
a 3 13 0 1 24945416373567.855
a 3 14 0 1 9561488106171.125
a 3 15 0 1 21891427898920.145
a 3 16 0 1 20253073917976.43
a 3 17 0 1 19644299914325.082
a 3 18 0 1 17513667506080.986
a 3 19 0 1 13943388933833.3
a 3 20 0 1 12503403127068.191
a 3 21 0 1 20029345072828.69
a 3 22 0 1 22387044733962.1
a 3 23 0 1 7139920130561.309
a 3 24 0 1 23717660178681.1
a 3 25 0 1 16912135450927.357
a 3 26 0 1 23905103558876.793
a 3 27 0 1 9943217678356.469
a 3 28 0 1 11302922823336.133
a 3 29 0 1 15062263132225.008
a 3 30 0 1 16196903699948.607
a 3 31 0 1 19671019980211.914
a 3 32 0 1 10180723465724.47
a 3 33 0 1 12757787300652.06
a 3 34 0 1 17161020567139.9
a 3 35 0 1 7781872670029.26
a 3 36 0 1 20314299842368.062
a 3 37 0 1 14255317945197.826
a 3 38 0 1 12998287939168.424
a 3 39 0 1 5903867495116.771
a 3 40 0 1 22711237310778.965
a 3 41 0 1 14344207674960.756
a 3 42 0 1 9849002137639.082
a 3 43 0 1 17712970783653.105
a 3 44 0 1 24598668309305.01
a 3 45 0 1 15125226744140.244
a 3 46 0 1 17569661778684.436
a 3 47 0 1 6926828763679.39
a 3 48 0 1 15783778071731.184
a 3 49 0 1 7910129035857.629
a 3 50 0 1 16162125450355.564
a 3 51 0 1 10084649594525.938
a 3 52 0 1 22671496229321.832
a 3 53 0 1 14995948811593.451
a 3 54 0 1 20995779648972.207
a 3 55 0 1 15607429113458.637
a 3 56 0 1 14707675127535.355
a 3 57 0 1 9168480628671.178
a 3 58 0 1 10694939743948.176
a 3 59 0 1 19701602754355.13
a 3 60 0 1 21417477363769.637
a 3 61 0 1 10032687671055.229
a 3 62 0 1 15761886898415.453
a 3 63 0 1 21098768671273.57
a 3 64 0 1 19170924870388.055
a 3 65 0 1 21750187401186.367
a 3 66 0 1 20350346621124.0
a 3 67 0 1 21525780585997.703
a 3 68 0 1 20932290939919.203
a 3 69 0 1 8016171654583.817
a 3 70 0 1 15358329085859.822
a 3 71 0 1 22821626177339.17
a 3 72 0 1 7782943163159.239
a 3 73 0 1 22711148407409.867
a 3 74 0 1 17781762526156.4
a 3 75 0 1 14072697140863.633
a 3 76 0 1 25070112166079.906
a 3 77 0 1 8688579306057.606
a 3 78 0 1 12162605263291.326
a 3 79 0 1 22799103036507.973
a 4 6 0 1 12712346121714.578
a 4 7 0 1 18046461051706.05
a 4 8 0 1 5832653587878.843
a 4 9 0 1 27622342753101.645
a 4 10 0 1 8755529996521.779
a 4 11 0 1 24524044755233.684
a 4 12 0 1 24259354077452.688
a 4 13 0 1 27537962594638.35
a 4 14 0 1 10553259324689.19
a 4 15 0 1 24165693022219.76
a 4 16 0 1 22356694608313.164
a 4 17 0 1 21684531236616.22
a 4 18 0 1 19332121254879.98
a 4 19 0 1 15390481498798.53
a 4 20 0 1 13800811464648.197
a 4 21 0 1 22109668572123.438
a 4 22 0 1 24712945340296.11
a 4 23 0 1 7880284786964.374
a 4 24 0 1 26182222185429.41
a 4 25 0 1 18667997456997.305
a 4 26 0 1 26389202523520.63
a 4 27 0 1 10974634083109.822
a 4 28 0 1 12475585019222.13
a 4 29 0 1 16625698716708.535
a 4 30 0 1 17878355524199.957
a 4 31 0 1 21714033357525.023
a 4 32 0 1 11236808386852.535
a 4 33 0 1 14081634482858.492
a 4 34 0 1 18942778873745.387
a 4 35 0 1 8588869601395.3545
a 4 36 0 1 22424296303003.89
a 4 37 0 1 15734842253692.78
a 4 38 0 1 14347132584365.795
a 4 39 0 1 6515965120945.535
a 4 40 0 1 25070917207466.258
a 4 41 0 1 15832974457479.457
a 4 42 0 1 10870633266605.758
a 4 43 0 1 19552164922379.65
a 4 44 0 1 27155064642161.465
a 4 45 0 1 16695210408082.355
a 4 46 0 1 19393942435633.375
a 4 47 0 1 7645077735603.991
a 4 48 0 1 17422255930577.254
a 4 49 0 1 8730439801823.51
a 4 50 0 1 17839959413436.066
a 4 51 0 1 11130755632655.082
a 4 52 0 1 25027035148796.35
a 4 53 0 1 16552487963478.979
a 4 54 0 1 23176748806139.84
a 4 55 0 1 17227564255900.785
a 4 56 0 1 16234236283475.766
a 4 57 0 1 10119439393059.85
a 4 58 0 1 11804438793374.324
a 4 59 0 1 21747800389539.5
a 4 60 0 1 23642370377596.023
a 4 61 0 1 11073396693397.387
a 4 62 0 1 17398087729537.135
a 4 63 0 1 23290464687092.547
a 4 64 0 1 21161872193605.402
a 4 65 0 1 24009738676229.117
a 4 66 0 1 22464096864582.45
a 4 67 0 1 23761955177971.6
a 4 68 0 1 23106647547707.508
a 4 69 0 1 8847490653277.936
a 4 70 0 1 16952555801449.24
a 4 71 0 1 25192808692694.254
a 4 72 0 1 8590051216791.9375
a 4 73 0 1 25070819040417.79
a 4 74 0 1 19628115685056.207
a 4 75 0 1 15533233768786.822
a 4 76 0 1 27675659207072.43
a 4 77 0 1 9589707522092.133
a 4 78 0 1 13424596223716.896
a 4 79 0 1 25167938594220.47
a 5 6 0 1 11446200401028.83
a 5 7 0 1 16248044548937.824
a 5 8 0 1 5252137390469.733
a 5 9 0 1 24866908206890.37
a 5 10 0 1 7883839674871.506
a 5 11 0 1 22078463407159.68
a 5 12 0 1 21840234573083.4
a 5 13 0 1 24790969337044.492
a 5 14 0 1 9502393291720.408
a 5 15 0 1 21755936719443.69
a 5 16 0 1 20127746409637.562
a 5 17 0 1 19522748017489.305
a 5 18 0 1 17405325633454.799
a 5 19 0 1 13857168527854.09
a 5 20 0 1 12426099768047.963
a 5 21 0 1 19905405190127.883
a 5 22 0 1 22248478201661.49
a 5 23 0 1 7095804055233.024
a 5 24 0 1 23570835316928.777
a 5 25 0 1 16807521940489.9
a 5 26 0 1 23757115146772.996
a 5 27 0 1 9881760897642.672
a 5 28 0 1 11233051138731.725
a 5 29 0 1 14969112119594.064
a 5 30 0 1 16096722607158.48
a 5 31 0 1 19549302376777.2
a 5 32 0 1 10117797004781.867
a 5 33 0 1 12678908892826.541
a 5 34 0 1 17054864501475.205
a 5 35 0 1 7733786571196.632
a 5 36 0 1 20188592582226.527
a 5 37 0 1 14167165545711.83
a 5 38 0 1 12917920359719.41
a 5 39 0 1 5867393890853.457
a 5 40 0 1 22570658941899.246
a 5 41 0 1 14255504694252.38
a 5 42 0 1 9788128338347.986
a 5 43 0 1 17603393494081.555
a 5 44 0 1 24446374176408.36
a 5 45 0 1 15031685665281.0
a 5 46 0 1 17460972821254.484
a 5 47 0 1 6884030379181.862
a 5 48 0 1 15686156861008.992
a 5 49 0 1 7861249691997.473
a 5 50 0 1 16062159866033.088
a 5 51 0 1 10022317646060.613
a 5 52 0 1 22531164489049.004
a 5 53 0 1 14903208617107.826
a 5 54 0 1 20865845173308.09
a 5 55 0 1 15510900553638.682
a 5 56 0 1 14616720720108.883
a 5 57 0 1 9111817347405.088
a 5 58 0 1 10628831051074.97
a 5 59 0 1 19579695488187.383
a 5 60 0 1 21284926769296.676
a 5 61 0 1 9970677261506.705
a 5 62 0 1 15664401326901.742
a 5 63 0 1 20968195297925.9
a 5 64 0 1 19052308478308.3
a 5 65 0 1 21615572569491.727
a 5 66 0 1 20224415779522.34
a 5 67 0 1 21392558061683.336
a 5 68 0 1 20802750312217.45
a 5 69 0 1 7966636436571.782
a 5 70 0 1 15263343864448.879
a 5 71 0 1 22680362736011.363
a 5 72 0 1 7734850443595.507
a 5 73 0 1 22570570590257.605
a 5 74 0 1 17671758805608.15
a 5 75 0 1 13985675855879.15
a 5 76 0 1 24914890871434.48
a 5 77 0 1 8634884872764.124
a 5 78 0 1 12087411849668.596
a 5 79 0 1 22657979375022.28
a 6 1 0 1 0
a 7 1 0 1 0
a 8 1 0 1 0
a 9 1 0 1 0
a 10 1 0 1 0
a 11 1 0 1 0
a 12 1 0 1 0
a 13 1 0 1 0
a 14 1 0 1 0
a 15 1 0 1 0
a 16 1 0 1 0
a 17 1 0 1 0
a 18 1 0 1 0
a 19 1 0 1 0
a 20 1 0 1 0
a 21 1 0 1 0
a 22 1 0 1 0
a 23 1 0 1 0
a 24 1 0 1 0
a 25 1 0 1 0
a 26 1 0 1 0
a 27 1 0 1 0
a 28 1 0 1 0
a 29 1 0 1 0
a 30 1 0 1 0
a 31 1 0 1 0
a 32 1 0 1 0
a 33 1 0 1 0
a 34 1 0 1 0
a 35 1 0 1 0
a 36 1 0 1 0
a 37 1 0 1 0
a 38 1 0 1 0
a 39 1 0 1 0
a 40 1 0 1 0
a 41 1 0 1 0
a 42 1 0 1 0
a 43 1 0 1 0
a 44 1 0 1 0
a 45 1 0 1 0
a 46 1 0 1 0
a 47 1 0 1 0
a 48 1 0 1 0
a 49 1 0 1 0
a 50 1 0 1 0
a 51 1 0 1 0
a 52 1 0 1 0
a 53 1 0 1 0
a 54 1 0 1 0
a 55 1 0 1 0
a 56 1 0 1 0
a 57 1 0 1 0
a 58 1 0 1 0
a 59 1 0 1 0
a 60 1 0 1 0
a 61 1 0 1 0
a 62 1 0 1 0
a 63 1 0 1 0
a 64 1 0 1 0
a 65 1 0 1 0
a 66 1 0 1 0
a 67 1 0 1 0
a 68 1 0 1 0
a 69 1 0 1 0
a 70 1 0 1 0
a 71 1 0 1 0
a 72 1 0 1 0
a 73 1 0 1 0
a 74 1 0 1 0
a 75 1 0 1 0
a 76 1 0 1 0
a 77 1 0 1 0
a 78 1 0 1 0
a 79 1 0 1 0
