p min 80 374
n 0 4
n 1 -4
a 0 2 0 1 0
a 0 3 0 1 0
a 0 4 0 1 0
a 0 5 0 1 0
a 2 6 0 1 5459290962034.006
a 2 7 0 1 22673053589863.96
a 2 8 0 1 11800529905180.129
a 2 9 0 1 22663373409528.297
a 2 10 0 1 14862072023456.898
a 2 11 0 1 9336311985541.664
a 2 12 0 1 13147477719849.111
a 2 13 0 1 14903690213529.047
a 2 14 0 1 7798963004299.106
a 2 15 0 1 8652912398473.674
a 2 16 0 1 17788605106048.582
a 2 17 0 1 7576246840497.672
a 2 18 0 1 12814011625416.861
a 2 19 0 1 19776188049462.156
a 2 20 0 1 15557677876530.863
a 2 21 0 1 17600800679850.996
a 2 22 0 1 8751555451306.196
a 2 23 0 1 5215786634925.616
a 2 24 0 1 4666428386830.9795
a 2 25 0 1 7731405116983.754
a 2 26 0 1 8762269779644.937
a 2 27 0 1 10105378027322.842
a 2 28 0 1 4829323309283.278
a 2 29 0 1 15108667654683.635
a 2 30 0 1 18566165025012.54
a 2 31 0 1 13084587000826.754
a 2 32 0 1 12451428968720.85
a 2 33 0 1 13039481941573.336
a 2 34 0 1 10092121904416.635
a 2 35 0 1 12041235665353.969
a 2 36 0 1 11262742364974.803
a 2 37 0 1 12160321759616.484
a 2 38 0 1 21910108871127.484
a 2 39 0 1 10405796595882.0
a 2 40 0 1 8409240184961.351
a 2 41 0 1 13230956206880.99
a 2 42 0 1 8549447631088.118
a 2 43 0 1 22991274875948.074
a 2 44 0 1 12773572976238.793
a 2 45 0 1 9017720195980.967
a 2 46 0 1 6930184187461.337
a 2 47 0 1 22870708745522.87
a 2 48 0 1 11657592057487.484
a 2 49 0 1 20597496471134.316
a 2 50 0 1 10589853384729.195
a 2 51 0 1 7277715451065.736
a 2 52 0 1 15844990480465.822
a 2 53 0 1 6769404441833.816
a 2 54 0 1 21111686759042.664
a 2 55 0 1 17205459243925.463
a 2 56 0 1 11187490168368.197
a 2 57 0 1 17307828524796.87
a 2 58 0 1 15533121000350.062
a 2 59 0 1 6977052771632.916
a 2 60 0 1 18139750969995.426
a 2 61 0 1 20612940068512.07
a 2 62 0 1 6818089760546.508
a 2 63 0 1 10678108897517.992
a 2 64 0 1 12416773948052.66
a 2 65 0 1 15906426708339.246
a 2 66 0 1 14571429085537.143
a 2 67 0 1 19664882266069.176
a 2 68 0 1 22491899769515.082
a 2 69 0 1 7658654672741.829
a 2 70 0 1 13653910123783.953
a 2 71 0 1 18665504615873.992
a 2 72 0 1 17678000790457.46
a 2 73 0 1 8945598020399.297
a 2 74 0 1 5918465270730.441
a 2 75 0 1 21754904484690.85
a 2 76 0 1 14275774385929.018
a 2 77 0 1 11615685620138.156
a 2 78 0 1 5016072526129.449
a 2 79 0 1 19801799857274.348
a 3 6 0 1 4712891922667.763
a 3 7 0 1 19567864515250.66
a 3 8 0 1 10186133784230.41
a 3 9 0 1 19559513071751.74
a 3 10 0 1 12828216317750.23
a 3 11 0 1 8059351192418.071
a 3 12 0 1 11348568728697.1
a 3 13 0 1 12864130672682.443
a 3 14 0 1 6732433935369.295
a 3 15 0 1 7469503010055.415
a 3 16 0 1 15353548691209.816
a 3 17 0 1 6540197740979.871
a 3 18 0 1 11060787390164.027
a 3 19 0 1 17068519284934.127
a 3 20 0 1 13428482154753.188
a 3 21 0 1 15191497526270.518
a 3 22 0 1 7554643479453.253
a 3 23 0 1 4502696981026.226
a 3 24 0 1 4028480493499.594
a 3 25 0 1 6674121870418.761
a 3 26 0 1 7563891179576.43
a 3 27 0 1 8723123648021.281
a 3 28 0 1 4169095344266.7075
a 3 29 0 1 13041014960969.545
a 3 30 0 1 16024473081785.352
a 3 31 0 1 11294294251132.578
a 3 32 0 1 10747875014565.238
a 3 33 0 1 11255368671418.34
a 3 34 0 1 8711682570212.237
a 3 35 0 1 10393869871291.422
a 3 36 0 1 9722001764174.48
a 3 37 0 1 10496644058613.367
a 3 38 0 1 18909636534341.273
a 3 39 0 1 8982407244503.29
a 3 40 0 1 7259184310876.478
a 3 41 0 1 11420610214020.371
a 3 42 0 1 7380200553719.451
a 3 43 0 1 19842404165099.99
a 3 44 0 1 11025888618101.809
a 3 45 0 1 7784373403282.771
a 3 46 0 1 5982544790974.702
a 3 47 0 1 19738388245096.793
a 3 48 0 1 10062773509064.105
a 3 49 0 1 17777147478411.168
a 3 50 0 1 9141260746519.605
a 3 51 0 1 6282519948126.162
a 3 52 0 1 13676411732818.033
a 3 53 0 1 5843765001260.404
a 3 54 0 1 18220783557856.395
a 3 55 0 1 14850365363769.611
a 3 56 0 1 9657055500030.814
a 3 57 0 1 14938698162953.361
a 3 58 0 1 13407291278226.537
a 3 59 0 1 6023000079376.052
a 3 60 0 1 15656540017253.947
a 3 61 0 1 17790472099926.887
a 3 62 0 1 5885788641725.246
a 3 63 0 1 9217430917584.094
a 3 64 0 1 10717967205737.164
a 3 65 0 1 13729426372668.56
a 3 66 0 1 12577405113900.85
a 3 67 0 1 16972482794883.492
a 3 68 0 1 19411576105046.27
a 3 69 0 1 6611327751526.168
a 3 70 0 1 11785614253670.037
a 3 71 0 1 16110187931568.459
a 3 72 0 1 15258111449891.385
a 3 73 0 1 7722124095040.749
a 3 74 0 1 5109250583127.871
a 3 75 0 1 18775732531149.72
a 3 76 0 1 12322266634996.072
a 3 77 0 1 10026606707939.736
a 3 78 0 1 4330300913348.26
a 3 79 0 1 17090617532951.203
a 4 6 0 1 4584723311362.833
a 4 7 0 1 19034823678726.61
a 4 8 0 1 9908948695451.92
a 4 9 0 1 19026700232452.934
a 4 10 0 1 12479031522395.006
a 4 11 0 1 7840092364284.563
a 4 12 0 1 11039711235650.838
a 4 13 0 1 12513966877395.457
a 4 14 0 1 6549301804060.904
a 4 15 0 1 7266304735348.924
a 4 16 0 1 14935505925079.93
a 4 17 0 1 6362298548779.538
a 4 18 0 1 10759771729287.646
a 4 19 0 1 16603692386270.725
a 4 20 0 1 13062933502744.357
a 4 21 0 1 14777874561664.908
a 4 22 0 1 7349127106958.364
a 4 23 0 1 4380247571905.0176
a 4 24 0 1 3918933069878.546
a 4 25 0 1 6492577099196.212
a 4 26 0 1 7358123019653.68
a 4 27 0 1 8485788897748.747
a 4 28 0 1 4055722362001.115
a 4 29 0 1 12686029310097.55
a 4 30 0 1 15588129742002.33
a 4 31 0 1 10986915736801.318
a 4 32 0 1 10455385414748.06
a 4 33 0 1 10949050867490.607
a 4 34 0 1 8474659407350.922
a 4 35 0 1 10111025284829.863
a 4 36 0 1 9457460393150.373
a 4 37 0 1 10210999426619.898
a 4 38 0 1 18394564236155.332
a 4 39 0 1 8738010925784.264
a 4 40 0 1 7061712140131.724
a 4 41 0 1 11109789563787.193
a 4 42 0 1 7179433646654.287
a 4 43 0 1 19301868066014.227
a 4 44 0 1 10725823889016.764
a 4 45 0 1 7572602012325.28
a 4 46 0 1 5819824420186.72
a 4 47 0 1 19200691959930.58
a 4 48 0 1 9788949084837.49
a 4 49 0 1 17292984064838.91
a 4 50 0 1 8892537862510.697
a 4 51 0 1 6111634753792.517
a 4 52 0 1 13304103626541.727
a 4 53 0 1 5684821799311.539
a 4 54 0 1 17724512973336.715
a 4 55 0 1 14446045951482.861
a 4 56 0 1 9394283266972.283
a 4 57 0 1 14531969756021.799
a 4 58 0 1 13042320348507.76
a 4 59 0 1 5859178615103.908
a 4 60 0 1 15230233001557.766
a 4 61 0 1 17305945064673.88
a 4 62 0 1 5725701694959.115
a 4 63 0 1 8966633393176.969
a 4 64 0 1 10426292485847.871
a 4 65 0 1 13355672847440.83
a 4 66 0 1 12235057035151.951
a 4 67 0 1 16510276231827.043
a 4 68 0 1 18882801924191.906
a 4 69 0 1 6431492326835.606
a 4 70 0 1 11464846621168.994
a 4 71 0 1 15671506379215.629
a 4 72 0 1 14842671669129.668
a 4 73 0 1 7512047641640.033
a 4 74 0 1 4970296701271.066
a 4 75 0 1 18264315267170.227
a 4 76 0 1 11986872833472.014
a 4 77 0 1 9753767546715.2
a 4 78 0 1 4212542034418.239
a 4 79 0 1 16625187680221.947
a 5 6 0 1 8052538506112.001
a 5 7 0 1 33474681546740.625
a 5 8 0 1 17412008342851.807
a 5 9 0 1 33460371853645.402
a 5 10 0 1 21933078977351.43
a 5 11 0 1 13774127169294.723
a 5 12 0 1 19400899207863.957
a 5 13 0 1 21994548271005.48
a 5 14 0 1 11505063942074.766
a 5 15 0 1 12765410570666.762
a 5 16 0 1 26256199053011.91
a 5 17 0 1 11176375835984.54
a 5 18 0 1 18908478829521.777
a 5 19 0 1 29193080536331.59
a 5 20 0 1 22960512802128.37
a 5 21 0 1 25978729688332.63
a 5 22 0 1 12911005765515.05
a 5 23 0 1 7693263372685.04
a 5 24 0 1 6882755422097.881
a 5 25 0 1 11405360075082.658
a 5 26 0 1 12926819996987.105
a 5 27 0 1 14909380188922.148
a 5 28 0 1 7123080997923.846
a 5 29 0 1 22297300243870.625
a 5 30 0 1 27405056462413.28
a 5 31 0 1 19308028802056.117
a 5 32 0 1 18373083260253.598
a 5 33 0 1 19241422784592.176
a 5 34 0 1 14889811418114.8
a 5 35 0 1 17767410701686.254
a 5 36 0 1 16617998269002.258
a 5 37 0 1 17943244940890.863
a 5 38 0 1 32346907926260.94
a 5 39 0 1 15352867569092.357
a 5 40 0 1 12405761949634.342
a 5 41 0 1 19524172456534.492
a 5 42 0 1 12612700311810.564
a 5 43 0 1 33945099555462.953
a 5 44 0 1 18848765393367.945
a 5 45 0 1 13303867517979.33
a 5 46 0 1 10222951526531.611
a 5 47 0 1 33766867932523.1
a 5 48 0 1 17200964871869.254
a 5 49 0 1 30406845305555.926
a 5 50 0 1 15624585232334.455
a 5 51 0 1 10735810976834.498
a 5 52 0 1 23384906333505.0
a 5 53 0 1 9985691961412.477
a 5 54 0 1 31166793577792.89
a 5 55 0 1 25394656014518.098
a 5 56 0 1 16506896786338.574
a 5 57 0 1 25545892980274.09
a 5 58 0 1 22924240112630.71
a 5 59 0 1 10292115377439.645
a 5 60 0 1 26775010607809.402
a 5 61 0 1 30429669566025.066
a 5 62 0 1 10057535504830.7
a 5 63 0 1 15754876214439.078
a 5 64 0 1 18321912196894.54
a 5 65 0 1 23475656397495.625
a 5 66 0 1 21503812589057.348
a 5 67 0 1 29028596520332.023
a 5 68 0 1 33206894066679.094
a 5 69 0 1 11297993708956.324
a 5 70 0 1 20148768738791.344
a 5 71 0 1 27551839397749.492
a 5 72 0 1 26092787359114.12
a 5 73 0 1 13197413353160.104
a 5 74 0 1 8730047027827.182
a 5 75 0 1 32117498688984.0
a 5 76 0 1 21067158114267.895
a 5 77 0 1 17139091893772.84
a 5 78 0 1 7398605067064.579
a 5 79 0 1 29230929106320.695
a 6 1 0 1 0
a 7 1 0 1 0
a 8 1 0 1 0
a 9 1 0 1 0
a 10 1 0 1 0
a 11 1 0 1 0
a 12 1 0 1 0
a 13 1 0 1 0
a 14 1 0 1 0
a 15 1 0 1 0
a 16 1 0 1 0
a 17 1 0 1 0
a 18 1 0 1 0
a 19 1 0 1 0
a 20 1 0 1 0
a 21 1 0 1 0
a 22 1 0 1 0
a 23 1 0 1 0
a 24 1 0 1 0
a 25 1 0 1 0
a 26 1 0 1 0
a 27 1 0 1 0
a 28 1 0 1 0
a 29 1 0 1 0
a 30 1 0 1 0
a 31 1 0 1 0
a 32 1 0 1 0
a 33 1 0 1 0
a 34 1 0 1 0
a 35 1 0 1 0
a 36 1 0 1 0
a 37 1 0 1 0
a 38 1 0 1 0
a 39 1 0 1 0
a 40 1 0 1 0
a 41 1 0 1 0
a 42 1 0 1 0
a 43 1 0 1 0
a 44 1 0 1 0
a 45 1 0 1 0
a 46 1 0 1 0
a 47 1 0 1 0
a 48 1 0 1 0
a 49 1 0 1 0
a 50 1 0 1 0
a 51 1 0 1 0
a 52 1 0 1 0
a 53 1 0 1 0
a 54 1 0 1 0
a 55 1 0 1 0
a 56 1 0 1 0
a 57 1 0 1 0
a 58 1 0 1 0
a 59 1 0 1 0
a 60 1 0 1 0
a 61 1 0 1 0
a 62 1 0 1 0
a 63 1 0 1 0
a 64 1 0 1 0
a 65 1 0 1 0
a 66 1 0 1 0
a 67 1 0 1 0
a 68 1 0 1 0
a 69 1 0 1 0
a 70 1 0 1 0
a 71 1 0 1 0
a 72 1 0 1 0
a 73 1 0 1 0
a 74 1 0 1 0
a 75 1 0 1 0
a 76 1 0 1 0
a 77 1 0 1 0
a 78 1 0 1 0
a 79 1 0 1 0
