p min 82 384
n 0 4
n 1 -4
a 0 2 0 1 0
a 0 3 0 1 0
a 0 4 0 1 0
a 0 5 0 1 0
a 2 6 0 1 4327923590192.9385
a 2 7 0 1 3649699159797.792
a 2 8 0 1 2535179541107.671
a 2 9 0 1 4431554690734.021
a 2 10 0 1 3239197194576.841
a 2 11 0 1 4124943601980.9517
a 2 12 0 1 5582772911229.386
a 2 13 0 1 1741030779315.2402
a 2 14 0 1 6584418583151.164
a 2 15 0 1 6830584501372.46
a 2 16 0 1 3516473786909.894
a 2 17 0 1 3120727572874.6396
a 2 18 0 1 7683390245938.765
a 2 19 0 1 5884970242282.58
a 2 20 0 1 2560128724120.712
a 2 21 0 1 2011459188124.777
a 2 22 0 1 7049058054591.678
a 2 23 0 1 6452918073264.558
a 2 24 0 1 3235052721034.793
a 2 25 0 1 1811428367561.6538
a 2 26 0 1 7543290515155.487
a 2 27 0 1 2565057309699.0396
a 2 28 0 1 6893953026649.593
a 2 29 0 1 4156999934082.673
a 2 30 0 1 3677258185824.3086
a 2 31 0 1 3979601478846.6914
a 2 32 0 1 4199626567698.9727
a 2 33 0 1 2483533745680.38
a 2 34 0 1 3751036204533.1543
a 2 35 0 1 6269317638461.498
a 2 36 0 1 6041341150234.576
a 2 37 0 1 4369673212871.9194
a 2 38 0 1 5375357359363.704
a 2 39 0 1 3995546583890.6953
a 2 40 0 1 4847814935749.417
a 2 41 0 1 3104947089391.2944
a 2 42 0 1 5394768935728.468
a 2 43 0 1 7030788856530.363
a 2 44 0 1 2980614828418.302
a 2 45 0 1 6916591370535.031
a 2 46 0 1 4930179612917.783
a 2 47 0 1 3488731416635.245
a 2 48 0 1 5132748008498.388
a 2 49 0 1 1991227797788.9988
a 2 50 0 1 5738258203621.729
a 2 51 0 1 1893892251005.9697
a 2 52 0 1 7693156349296.341
a 2 53 0 1 7459010294066.054
a 2 54 0 1 6479458157729.422
a 2 55 0 1 4781056547508.919
a 2 56 0 1 5539623287893.121
a 2 57 0 1 2008165557359.5513
a 2 58 0 1 5953904562009.476
a 2 59 0 1 4302433899775.933
a 2 60 0 1 5716013859822.297
a 2 61 0 1 3380003484080.625
a 2 62 0 1 1587495082162.6128
a 2 63 0 1 7295451647919.72
a 2 64 0 1 1611924878265.3298
a 2 65 0 1 2790258603351.5083
a 2 66 0 1 2369567407484.6772
a 2 67 0 1 4588222704873.549
a 2 68 0 1 3656019092242.58
a 2 69 0 1 4618181217430.594
a 2 70 0 1 6570065931351.933
a 2 71 0 1 3187110379158.576
a 2 72 0 1 7515241219429.9375
a 2 73 0 1 4910996918064.17
a 2 74 0 1 3168272313581.8203
a 2 75 0 1 2081717533045.0964
a 2 76 0 1 7511654968206.244
a 2 77 0 1 5502444559883.609
a 2 78 0 1 3518989202238.275
a 2 79 0 1 1637095442388.138
a 2 80 0 1 6487318121068.623
a 2 81 0 1 6869603261448.364
a 3 6 0 1 5367479200281.714
a 3 7 0 1 4526262177251.6455
a 3 8 0 1 3143966970834.203
a 3 9 0 1 5496017966976.278
a 3 10 0 1 4017122688292.9854
a 3 11 0 1 5115715242779.784
a 3 12 0 1 6923980310333.21
a 3 13 0 1 2159067234119.028
a 3 14 0 1 8166488040953.225
a 3 15 0 1 8471859123770.994
a 3 16 0 1 4361023459011.709
a 3 17 0 1 3870188726599.9766
a 3 18 0 1 9529804679736.9
a 3 19 0 1 7298838665780.085
a 3 20 0 1 3174909536735.668
a 3 21 0 1 2494446478046.156
a 3 22 0 1 8742881060399.51
a 3 23 0 1 8003362156332.652
a 3 24 0 1 4011982418291.8203
a 3 25 0 1 2246372260374.2495
a 3 26 0 1 9356000957036.678
a 3 27 0 1 3181022090000.5547
a 3 28 0 1 8550469035240.892
a 3 29 0 1 5155475767620.346
a 3 30 0 1 4560443642040.615
a 3 31 0 1 4935443503833.768
a 3 32 0 1 5208347094937.009
a 3 33 0 1 3079914771513.104
a 3 34 0 1 4651950788068.704
a 3 35 0 1 7775608499129.437
a 3 36 0 1 7492810218420.213
a 3 37 0 1 5419263228358.172
a 3 38 0 1 6666696913438.792
a 3 39 0 1 4955220575069.536
a 3 40 0 1 6012333513306.006
a 3 41 0 1 3850616786454.595
a 3 42 0 1 6690775389096.821
a 3 43 0 1 8720217535151.024
a 3 44 0 1 3696412757062.866
a 3 45 0 1 8578552416371.438
a 3 46 0 1 6114497365416.363
a 3 47 0 1 4326614898599.633
a 3 48 0 1 6365762003585.491
a 3 49 0 1 2469355788176.302
a 3 50 0 1 7116850062319.737
a 3 51 0 1 2348641984656.1816
a 3 52 0 1 9541920278787.52
a 3 53 0 1 9251445972796.902
a 3 54 0 1 8036284934945.75
a 3 55 0 1 5929527798640.084
a 3 56 0 1 6870456203558.731
a 3 57 0 1 2490361760909.673
a 3 58 0 1 7384348591102.668
a 3 59 0 1 5335863192672.142
a 3 60 0 1 7089257247400.615
a 3 61 0 1 4191761334368.245
a 3 62 0 1 1968657940166.407
a 3 63 0 1 9048542443722.252
a 3 64 0 1 1998954761742.1997
a 3 65 0 1 3460324060584.859
a 3 66 0 1 2938571974575.5356
a 3 67 0 1 5690342433914.432
a 3 68 0 1 4534100785959.586
a 3 69 0 1 5727501914619.547
a 3 70 0 1 8148683572987.736
a 3 71 0 1 3952521011635.83
a 3 72 0 1 9321203964314.768
a 3 73 0 1 6090703410357.475
a 3 74 0 1 3929156783589.969
a 3 75 0 1 2581580121601.1523
a 3 76 0 1 9316754988140.516
a 3 77 0 1 6824338679714.5625
a 3 78 0 1 4364143303924.162
a 3 79 0 1 2030170295953.4038
a 3 80 0 1 8046035170659.09
a 3 81 0 1 8520262636298.697
a 4 6 0 1 17492473562682.854
a 4 7 0 1 14747739690560.328
a 4 8 0 1 10240179433767.455
a 4 9 0 1 17911977506858.562
a 4 10 0 1 13087096898638.213
a 4 11 0 1 16670888685340.832
a 4 12 0 1 22574220642626.926
a 4 13 0 1 7030473348711.731
a 4 14 0 1 26633788773588.773
a 4 15 0 1 27631911968632.863
a 4 16 0 1 14208737973000.143
a 4 17 0 1 12607929296865.344
a 4 18 0 1 31091100623275.438
a 4 19 0 1 23798694652204.273
a 4 20 0 1 10341045321285.254
a 4 21 0 1 8123261716780.979
a 4 22 0 1 28517896356714.824
a 4 23 0 1 26100667537729.12
a 4 24 0 1 13070333301314.248
a 4 25 0 1 7314926741083.344
a 4 26 0 1 30522679321281.31
a 4 27 0 1 10360971078442.844
a 4 28 0 1 27888878819646.324
a 4 29 0 1 16800632599945.893
a 4 30 0 1 14859243975219.512
a 4 31 0 1 16082671592906.299
a 4 32 0 1 16973162982077.67
a 4 33 0 1 10031388660375.078
a 4 34 0 1 15157761693411.559
a 4 35 0 1 25356408466716.22
a 4 36 0 1 24432396372541.668
a 4 37 0 1 17661474480028.438
a 4 38 0 1 21733943582974.21
a 4 39 0 1 16147200425831.674
a 4 40 0 1 19597327561196.348
a 4 41 0 1 12544105841541.297
a 4 42 0 1 21812578116385.668
a 4 43 0 1 28443803341901.656
a 4 44 0 1 12041274300656.535
a 4 45 0 1 27980682753893.84
a 4 46 0 1 19930863164759.996
a 4 47 0 1 14096504537914.793
a 4 48 0 1 20751245568017.547
a 4 49 0 1 8041500466751.712
a 4 50 0 1 23204199353501.926
a 4 51 0 1 7648153877154.3125
a 4 52 0 1 31130726352712.914
a 4 53 0 1 30180759393852.355
a 4 54 0 1 26208260736141.06
a 4 55 0 1 19327003747706.707
a 4 56 0 1 22399403804882.45
a 4 57 0 1 8109951066293.533
a 4 58 0 1 24078046196807.16
a 4 59 0 1 17389294679913.047
a 4 60 0 1 23114067876468.496
a 4 61 0 1 13656660164222.438
a 4 62 0 1 6410134958468.963
a 4 63 0 1 29517269404578.566
a 4 64 0 1 6508835494074.689
a 4 65 0 1 11271509818408.512
a 4 66 0 1 9570678561576.8
a 4 67 0 1 18546235500763.11
a 4 68 0 1 14773310053493.48
a 4 69 0 1 18667528100437.83
a 4 70 0 1 26575598743249.812
a 4 71 0 1 12876419301909.73
a 4 72 0 1 30408882717100.32
a 4 73 0 1 19853181155274.582
a 4 74 0 1 12800226129371.719
a 4 75 0 1 8407206222127.934
a 4 76 0 1 30394333379709.465
a 4 77 0 1 22248781765773.92
a 4 78 0 1 14218914345653.24
a 4 79 0 1 6610530624113.458
a 4 80 0 1 26240125322891.867
a 4 81 0 1 27790136291979.945
a 5 6 0 1 15455316642265.693
a 5 7 0 1 13030711574359.752
a 5 8 0 1 9048497671820.316
a 5 9 0 1 15825876490582.957
a 5 10 0 1 11563669137017.219
a 5 11 0 1 14729575092590.94
a 5 12 0 1 19943888184045.977
a 5 13 0 1 6212582320753.975
a 5 14 0 1 23529155682011.84
a 5 15 0 1 24410602928857.707
a 5 16 0 1 12554554695321.965
a 5 17 0 1 11140351493058.635
a 5 18 0 1 27465245264724.29
a 5 19 0 1 21025341711995.35
a 5 20 0 1 9137613127657.648
a 5 21 0 1 7178135920708.762
a 5 22 0 1 25193000031539.086
a 5 23 0 1 23058344131678.11
a 5 24 0 1 11548859532895.99
a 5 25 0 1 6463919158712.817
a 5 26 0 1 26963319419801.555
a 5 27 0 1 9155217593338.879
a 5 28 0 1 24637527719737.047
a 5 29 0 1 14844184583530.043
a 5 30 0 1 13129214170598.414
a 5 31 0 1 14209967589442.582
a 5 32 0 1 14996588949138.408
a 5 33 0 1 8864029337903.217
a 5 34 0 1 13392922498034.201
a 5 35 0 1 22401060635804.914
a 5 36 0 1 21585012093049.0
a 5 37 0 1 15604600494988.31
a 5 38 0 1 19201736196960.594
a 5 39 0 1 14266970185900.205
a 5 40 0 1 17314552366113.738
a 5 41 0 1 11083966646723.607
a 5 42 0 1 19271188733036.97
a 5 43 0 1 25127570519063.633
a 5 44 0 1 10639736628294.432
a 5 45 0 1 24718598452018.195
a 5 46 0 1 17609157594644.758
a 5 47 0 1 12455406236990.135
a 5 48 0 1 18333773482434.555
a 5 49 0 1 7105895218225.657
a 5 50 0 1 20500288843082.617
a 5 51 0 1 6758348979322.678
a 5 52 0 1 27500235182902.94
a 5 53 0 1 26661394506122.566
a 5 54 0 1 23153362688793.54
a 5 55 0 1 17075778891194.236
a 5 56 0 1 19789487321565.18
a 5 57 0 1 7166375216720.247
a 5 58 0 1 21272059569193.855
a 5 59 0 1 15364175140241.404
a 5 60 0 1 20420684805175.902
a 5 61 0 1 12066839187629.2
a 5 62 0 1 5664458148582.083
a 5 63 0 1 26075506250212.742
a 5 64 0 1 5751669464923.006
a 5 65 0 1 9959671236916.957
a 5 66 0 1 8456984591436.911
a 5 67 0 1 16386126810963.594
a 5 68 0 1 13053300392798.43
a 5 69 0 1 16493265433948.227
a 5 70 0 1 23477767064432.06
a 5 71 0 1 11377547992277.822
a 5 72 0 1 26862834126064.207
a 5 73 0 1 17540542888362.873
a 5 74 0 1 11310235590265.379
a 5 75 0 1 7429015768540.279
a 5 76 0 1 26849986669157.016
a 5 77 0 1 19656455087333.082
a 5 78 0 1 12563544618880.635
a 5 79 0 1 5841526549110.1455
a 5 80 0 1 23181503142087.516
a 5 81 0 1 24550329391884.348
a 6 1 0 1 0
a 7 1 0 1 0
a 8 1 0 1 0
a 9 1 0 1 0
a 10 1 0 1 0
a 11 1 0 1 0
a 12 1 0 1 0
a 13 1 0 1 0
a 14 1 0 1 0
a 15 1 0 1 0
a 16 1 0 1 0
a 17 1 0 1 0
a 18 1 0 1 0
a 19 1 0 1 0
a 20 1 0 1 0
a 21 1 0 1 0
a 22 1 0 1 0
a 23 1 0 1 0
a 24 1 0 1 0
a 25 1 0 1 0
a 26 1 0 1 0
a 27 1 0 1 0
a 28 1 0 1 0
a 29 1 0 1 0
a 30 1 0 1 0
a 31 1 0 1 0
a 32 1 0 1 0
a 33 1 0 1 0
a 34 1 0 1 0
a 35 1 0 1 0
a 36 1 0 1 0
a 37 1 0 1 0
a 38 1 0 1 0
a 39 1 0 1 0
a 40 1 0 1 0
a 41 1 0 1 0
a 42 1 0 1 0
a 43 1 0 1 0
a 44 1 0 1 0
a 45 1 0 1 0
a 46 1 0 1 0
a 47 1 0 1 0
a 48 1 0 1 0
a 49 1 0 1 0
a 50 1 0 1 0
a 51 1 0 1 0
a 52 1 0 1 0
a 53 1 0 1 0
a 54 1 0 1 0
a 55 1 0 1 0
a 56 1 0 1 0
a 57 1 0 1 0
a 58 1 0 1 0
a 59 1 0 1 0
a 60 1 0 1 0
a 61 1 0 1 0
a 62 1 0 1 0
a 63 1 0 1 0
a 64 1 0 1 0
a 65 1 0 1 0
a 66 1 0 1 0
a 67 1 0 1 0
a 68 1 0 1 0
a 69 1 0 1 0
a 70 1 0 1 0
a 71 1 0 1 0
a 72 1 0 1 0
a 73 1 0 1 0
a 74 1 0 1 0
a 75 1 0 1 0
a 76 1 0 1 0
a 77 1 0 1 0
a 78 1 0 1 0
a 79 1 0 1 0
a 80 1 0 1 0
a 81 1 0 1 0
