p min 81 379
n 0 4
n 1 -4
a 0 2 0 1 0
a 0 3 0 1 0
a 0 4 0 1 0
a 0 5 0 1 0
a 2 6 0 1 20368548041816.19
a 2 7 0 1 4911792587105.843
a 2 8 0 1 14581094097222.092
a 2 9 0 1 10363891142249.416
a 2 10 0 1 7099192368144.321
a 2 11 0 1 8748496125703.681
a 2 12 0 1 20634623409603.1
a 2 13 0 1 14203334432970.021
a 2 14 0 1 15406826559455.066
a 2 15 0 1 12037470554694.244
a 2 16 0 1 16910174447222.945
a 2 17 0 1 10994158062653.385
a 2 18 0 1 20310896061648.562
a 2 19 0 1 5747230975251.43
a 2 20 0 1 19675620490726.902
a 2 21 0 1 15719830128795.871
a 2 22 0 1 6237065069364.495
a 2 23 0 1 15596836879895.117
a 2 24 0 1 5298141180269.874
a 2 25 0 1 7356656411082.049
a 2 26 0 1 17318308805016.797
a 2 27 0 1 4244167495793.258
a 2 28 0 1 4308543745054.2734
a 2 29 0 1 15506318254521.459
a 2 30 0 1 11950824962313.531
a 2 31 0 1 16994155699718.906
a 2 32 0 1 7540999081393.736
a 2 33 0 1 20063195209499.51
a 2 34 0 1 19254002124782.984
a 2 35 0 1 12181945513529.762
a 2 36 0 1 13189366897142.016
a 2 37 0 1 5967643352915.949
a 2 38 0 1 9014030407912.248
a 2 39 0 1 13956030435403.816
a 2 40 0 1 11951614271687.684
a 2 41 0 1 8210478183676.549
a 2 42 0 1 12775808872373.621
a 2 43 0 1 12257337146691.959
a 2 44 0 1 12467330705385.893
a 2 45 0 1 13723705617569.709
a 2 46 0 1 8277217097868.129
a 2 47 0 1 17804350288156.656
a 2 48 0 1 17767859488392.16
a 2 49 0 1 14674325527663.61
a 2 50 0 1 14713737649139.473
a 2 51 0 1 17198263597845.025
a 2 52 0 1 9784240685103.598
a 2 53 0 1 7295887624645.096
a 2 54 0 1 7858243283271.682
a 2 55 0 1 4581131041649.895
a 2 56 0 1 14127599896642.441
a 2 57 0 1 14042028118273.918
a 2 58 0 1 19817362420822.625
a 2 59 0 1 16125794387805.14
a 2 60 0 1 7440364088398.039
a 2 61 0 1 15815804614958.26
a 2 62 0 1 14519826602442.14
a 2 63 0 1 14437910754202.164
a 2 64 0 1 14549570816793.21
a 2 65 0 1 11775229687515.74
a 2 66 0 1 5780349282292.999
a 2 67 0 1 15887074110230.906
a 2 68 0 1 20488851009686.137
a 2 69 0 1 17885145161622.66
a 2 70 0 1 17731272491137.836
a 2 71 0 1 17753817038330.53
a 2 72 0 1 7072920555215.632
a 2 73 0 1 19106347562177.242
a 2 74 0 1 4755490268071.224
a 2 75 0 1 11607978431131.82
a 2 76 0 1 10197094688065.531
a 2 77 0 1 10446500727541.932
a 2 78 0 1 7469386079962.698
a 2 79 0 1 11911300801108.93
a 2 80 0 1 17942667888436.23
a 3 6 0 1 21852931149085.152
a 3 7 0 1 5269062451045.689
a 3 8 0 1 15642949429104.988
a 3 9 0 1 11118239147515.82
a 3 10 0 1 7615707045548.057
a 3 11 0 1 9385138619386.207
a 3 12 0 1 22138446555752.844
a 3 13 0 1 15237631459874.625
a 3 14 0 1 16528929642682.805
a 3 15 0 1 12913813219444.918
a 3 16 0 1 18141997563401.5
a 3 17 0 1 11794443111071.492
a 3 18 0 1 21791067159654.76
a 3 19 0 1 6165311403776.379
a 3 20 0 1 21109382817775.87
a 3 21 0 1 16864774041130.316
a 3 22 0 1 6690805774319.603
a 3 23 0 1 16732805387492.236
a 3 24 0 1 5683531338025.493
a 3 25 0 1 7891920379726.64
a 3 26 0 1 18579926149531.844
a 3 27 0 1 4552850745573.957
a 3 28 0 1 4621911646429.073
a 3 29 0 1 16635681359967.098
a 3 30 0 1 12820850405668.713
a 3 31 0 1 18232109288301.45
a 3 32 0 1 8089688159759.653
a 3 33 0 1 21525270156704.8
a 3 34 0 1 20656967996824.734
a 3 35 0 1 13068821966927.006
a 3 36 0 1 14149705728364.027
a 3 37 0 1 6401769428035.947
a 3 38 0 1 9670017790780.977
a 3 39 0 1 14972287545862.363
a 3 40 0 1 12821697261988.914
a 3 41 0 1 8807928508134.662
a 3 42 0 1 13705988343245.475
a 3 43 0 1 13149710615658.672
a 3 44 0 1 13375015933847.596
a 3 45 0 1 14723016491662.115
a 3 46 0 1 8879528766826.781
a 3 47 0 1 19101453080933.45
a 3 48 0 1 19062297972985.953
a 3 49 0 1 15742982670127.117
a 3 50 0 1 15785270197203.81
a 3 51 0 1 18451117206755.65
a 3 52 0 1 10496347144673.967
a 3 53 0 1 7826726123453.892
a 3 54 0 1 8430037712559.736
a 3 55 0 1 4914335911999.2295
a 3 56 0 1 15156372250769.229
a 3 57 0 1 15064558318194.402
a 3 58 0 1 21261478786346.137
a 3 59 0 1 17300365386697.232
a 3 60 0 1 7981724153959.557
a 3 61 0 1 16967752433329.398
a 3 62 0 1 15577212176229.633
a 3 63 0 1 15489320279007.967
a 3 64 0 1 15609126365470.762
a 3 65 0 1 12632453114467.66
a 3 66 0 1 6200840611527.619
a 3 67 0 1 17044223052160.814
a 3 68 0 1 21982023552351.168
a 3 69 0 1 19188147127966.42
a 3 70 0 1 19023039667984.637
a 3 71 0 1 19047230245834.2
a 3 72 0 1 7587522108736.563
a 3 73 0 1 20498528995786.94
a 3 74 0 1 5101384465989.648
a 3 75 0 1 12453008690268.305
a 3 76 0 1 10939286920385.799
a 3 77 0 1 11206869330205.531
a 3 78 0 1 8012859731068.73
a 3 79 0 1 12778444632386.113
a 3 80 0 1 19249869902792.918
a 4 6 0 1 32965757800037.895
a 4 7 0 1 7940817393854.612
a 4 8 0 1 23589240925336.223
a 4 9 0 1 16761633455437.756
a 4 10 0 1 11478935868216.758
a 4 11 0 1 14147412187364.678
a 4 12 0 1 33397024998401.938
a 4 13 0 1 22977484591832.133
a 4 14 0 1 24926573822639.867
a 4 15 0 1 19470649906572.492
a 4 16 0 1 27361758097666.19
a 4 17 0 1 17781768240683.01
a 4 18 0 1 32872314980161.797
a 4 19 0 1 9292008855060.574
a 4 20 0 1 31842705919666.08
a 4 21 0 1 25433546715726.637
a 4 22 0 1 10084313837647.363
a 4 23 0 1 25234331452254.312
a 4 24 0 1 8565656119293.946
a 4 25 0 1 11895456278636.998
a 4 26 0 1 28022960988672.23
a 4 27 0 1 6861153131564.581
a 4 28 0 1 6965256104162.5205
a 4 29 0 1 25087718387995.637
a 4 30 0 1 19330381169121.9
a 4 31 0 1 27497809770236.395
a 4 32 0 1 12193691700998.484
a 4 33 0 1 32470848093519.95
a 4 34 0 1 31159428730961.215
a 4 35 0 1 19704541247655.598
a 4 36 0 1 21335595401254.277
a 4 37 0 1 9648518298308.37
a 4 38 0 1 14577089550191.215
a 4 39 0 1 22577010275238.43
a 4 40 0 1 19331658957744.305
a 4 41 0 1 13276862027921.363
a 4 42 0 1 20666000637111.094
a 4 43 0 1 19826595107984.715
a 4 44 0 1 20166567126692.035
a 4 45 0 1 22200805516208.555
a 4 46 0 1 13384846575534.584
a 4 47 0 1 28810428508036.535
a 4 48 0 1 28751305484728.52
a 4 49 0 1 23740228019169.19
a 4 50 0 1 23804056043168.824
a 4 51 0 1 27828476331980.453
a 4 52 0 1 15823506081664.512
a 4 53 0 1 11797144321414.805
a 4 54 0 1 12706957751919.957
a 4 55 0 1 7406068167313.289
a 4 56 0 1 22854841577427.414
a 4 57 0 1 22716269921194.848
a 4 58 0 1 32072422966993.79
a 4 59 0 1 26091122070536.273
a 4 60 0 1 12030880246161.266
a 4 61 0 1 25589001437281.406
a 4 62 0 1 23490020104538.168
a 4 63 0 1 23357361265928.77
a 4 64 0 1 23538189835282.9
a 4 65 0 1 19046118962369.945
a 4 66 0 1 9345575864901.316
a 4 67 0 1 25704441615162.8
a 4 68 0 1 33160748353847.754
a 4 69 0 1 28941334852200.61
a 4 70 0 1 28692026909911.65
a 4 71 0 1 28728553746979.617
a 4 72 0 1 11436434688817.328
a 4 73 0 1 30920148615980.273
a 4 74 0 1 7688040556238.461
a 4 75 0 1 18775371073570.535
a 4 76 0 1 16491676074491.068
a 4 77 0 1 16895338116333.25
a 4 78 0 1 12077832985549.68
a 4 79 0 1 19266396906330.582
a 4 80 0 1 29034535867623.18
a 5 6 0 1 11425175658181.814
a 5 7 0 1 2757287296636.9023
a 5 8 0 1 8181255775964.523
a 5 9 0 1 5816279157749.316
a 5 10 0 1 3984767314448.864
a 5 11 0 1 4910110262691.267
a 5 12 0 1 11574267608114.117
a 5 13 0 1 7969452044120.177
a 5 14 0 1 8644202426000.958
a 5 15 0 1 6754930983083.133
a 5 16 0 1 9486954657307.656
a 5 17 0 1 6169792349925.554
a 5 18 0 1 11392870574624.045
a 5 19 0 1 3226133450252.1934
a 5 20 0 1 11036883665833.865
a 5 21 0 1 8819677672564.246
a 5 22 0 1 3501008842876.807
a 5 23 0 1 8750726180168.185
a 5 24 0 1 2974110181493.218
a 5 25 0 1 4129227843841.2153
a 5 26 0 1 9715725976406.807
a 5 27 0 1 2382589140029.032
a 5 28 0 1 2418720791292.273
a 5 29 0 1 8699979803623.054
a 5 30 0 1 6706338416996.33
a 5 31 0 1 9534029392983.832
a 5 32 0 1 4232658384722.869
a 5 33 0 1 11254070131312.56
a 5 34 0 1 10800610378140.348
a 5 35 0 1 6835954457576.385
a 5 36 0 1 7400896834218.387
a 5 37 0 1 3349821785298.9663
a 5 38 0 1 5059074028326.529
a 5 39 0 1 7830788310265.12
a 5 40 0 1 6706781079264.711
a 5 41 0 1 4608271897813.615
a 5 42 0 1 7168988477785.057
a 5 43 0 1 6878234616066.283
a 5 44 0 1 6995998782344.008
a 5 45 0 1 7700520265724.9375
a 5 46 0 1 4645714598068.442
a 5 47 0 1 9988154206359.4
a 5 48 0 1 9967701429785.02
a 5 49 0 1 8233527885338.299
a 5 50 0 1 8255624949524.453
a 5 51 0 1 9648438085620.703
a 5 52 0 1 5491136570544.476
a 5 53 0 1 4095131417385.4946
a 5 54 0 1 4410652484740.976
a 5 55 0 1 2571709845708.7515
a 5 56 0 1 7926987940967.047
a 5 57 0 1 7879007737416.42
a 5 58 0 1 11116313025782.4
a 5 59 0 1 9047260021658.053
a 5 60 0 1 4176194584395.743
a 5 61 0 1 8873481526111.223
a 5 62 0 1 8146904632796.819
a 5 63 0 1 8100976144629.191
a 5 64 0 1 8163581492171.652
a 5 65 0 1 6607859799686.108
a 5 66 0 1 3244718554513.703
a 5 67 0 1 8913435280461.846
a 5 68 0 1 11492586394311.305
a 5 69 0 1 10033438762990.738
a 5 70 0 1 9947194659523.674
a 5 71 0 1 9959830738271.291
a 5 72 0 1 3970026248571.576
a 5 73 0 1 10717862953192.451
a 5 74 0 1 2669566390293.983
a 5 75 0 1 6514059109390.815
a 5 76 0 1 5722720189308.373
a 5 77 0 1 5862615695160.564
a 5 78 0 1 4192478163477.7695
a 5 79 0 1 6684172342360.501
a 5 80 0 1 10065679335153.908
a 6 1 0 1 0
a 7 1 0 1 0
a 8 1 0 1 0
a 9 1 0 1 0
a 10 1 0 1 0
a 11 1 0 1 0
a 12 1 0 1 0
a 13 1 0 1 0
a 14 1 0 1 0
a 15 1 0 1 0
a 16 1 0 1 0
a 17 1 0 1 0
a 18 1 0 1 0
a 19 1 0 1 0
a 20 1 0 1 0
a 21 1 0 1 0
a 22 1 0 1 0
a 23 1 0 1 0
a 24 1 0 1 0
a 25 1 0 1 0
a 26 1 0 1 0
a 27 1 0 1 0
a 28 1 0 1 0
a 29 1 0 1 0
a 30 1 0 1 0
a 31 1 0 1 0
a 32 1 0 1 0
a 33 1 0 1 0
a 34 1 0 1 0
a 35 1 0 1 0
a 36 1 0 1 0
a 37 1 0 1 0
a 38 1 0 1 0
a 39 1 0 1 0
a 40 1 0 1 0
a 41 1 0 1 0
a 42 1 0 1 0
a 43 1 0 1 0
a 44 1 0 1 0
a 45 1 0 1 0
a 46 1 0 1 0
a 47 1 0 1 0
a 48 1 0 1 0
a 49 1 0 1 0
a 50 1 0 1 0
a 51 1 0 1 0
a 52 1 0 1 0
a 53 1 0 1 0
a 54 1 0 1 0
a 55 1 0 1 0
a 56 1 0 1 0
a 57 1 0 1 0
a 58 1 0 1 0
a 59 1 0 1 0
a 60 1 0 1 0
a 61 1 0 1 0
a 62 1 0 1 0
a 63 1 0 1 0
a 64 1 0 1 0
a 65 1 0 1 0
a 66 1 0 1 0
a 67 1 0 1 0
a 68 1 0 1 0
a 69 1 0 1 0
a 70 1 0 1 0
a 71 1 0 1 0
a 72 1 0 1 0
a 73 1 0 1 0
a 74 1 0 1 0
a 75 1 0 1 0
a 76 1 0 1 0
a 77 1 0 1 0
a 78 1 0 1 0
a 79 1 0 1 0
a 80 1 0 1 0
