p min 82 384
n 0 4
n 1 -4
a 0 2 0 1 0
a 0 3 0 1 0
a 0 4 0 1 0
a 0 5 0 1 0
a 2 6 0 1 3092919732184.836
a 2 7 0 1 2165927991681.9683
a 2 8 0 1 4703470450879.733
a 2 9 0 1 8522661465179.21
a 2 10 0 1 8030553161724.986
a 2 11 0 1 6320126948488.063
a 2 12 0 1 4517018650907.024
a 2 13 0 1 7544711032780.031
a 2 14 0 1 4416048189999.471
a 2 15 0 1 6560679446089.754
a 2 16 0 1 4497800354195.208
a 2 17 0 1 2581716732762.285
a 2 18 0 1 3672962689577.0557
a 2 19 0 1 4505200809194.482
a 2 20 0 1 7151561582024.497
a 2 21 0 1 8007377521492.902
a 2 22 0 1 5826769891450.239
a 2 23 0 1 2622703686005.7314
a 2 24 0 1 4051888423747.6826
a 2 25 0 1 8473059321779.165
a 2 26 0 1 4800865563436.377
a 2 27 0 1 4114767587201.2925
a 2 28 0 1 2928853848016.727
a 2 29 0 1 4549509345567.377
a 2 30 0 1 8218110892761.178
a 2 31 0 1 6172203682058.594
a 2 32 0 1 8670048704085.202
a 2 33 0 1 6487323879698.703
a 2 34 0 1 8488162160697.446
a 2 35 0 1 3149825259289.7944
a 2 36 0 1 7279469115060.896
a 2 37 0 1 1974540924059.3386
a 2 38 0 1 3244908185249.7573
a 2 39 0 1 8095066456074.266
a 2 40 0 1 6915656262552.701
a 2 41 0 1 4521546615720.476
a 2 42 0 1 8086844470521.163
a 2 43 0 1 5841184217824.898
a 2 44 0 1 7011561412318.587
a 2 45 0 1 3619325808112.643
a 2 46 0 1 3545536692785.3506
a 2 47 0 1 5247612941025.923
a 2 48 0 1 4010552697020.661
a 2 49 0 1 1930951698544.4846
a 2 50 0 1 3194118715384.2197
a 2 51 0 1 2550086571008.959
a 2 52 0 1 1865400248749.814
a 2 53 0 1 5055508903748.749
a 2 54 0 1 4080671856269.3354
a 2 55 0 1 3208783468088.2617
a 2 56 0 1 2945475852387.893
a 2 57 0 1 8038981544699.402
a 2 58 0 1 6509597951551.163
a 2 59 0 1 3216170950678.423
a 2 60 0 1 2525136001759.934
a 2 61 0 1 4622976825456.987
a 2 62 0 1 8202369300461.623
a 2 63 0 1 6517578651581.0
a 2 64 0 1 5270817966141.554
a 2 65 0 1 4759229669437.462
a 2 66 0 1 5755276837261.072
a 2 67 0 1 3522639092592.498
a 2 68 0 1 2256877405032.0015
a 2 69 0 1 2729354570541.339
a 2 70 0 1 2903771170026.5293
a 2 71 0 1 7692865550391.518
a 2 72 0 1 2678709063609.0513
a 2 73 0 1 2103800055968.2163
a 2 74 0 1 3457822017887.012
a 2 75 0 1 4608538103153.402
a 2 76 0 1 3412610416883.214
a 2 77 0 1 5573166084336.42
a 2 78 0 1 6609198249302.468
a 2 79 0 1 4633507954482.563
a 2 80 0 1 3305255439921.3843
a 2 81 0 1 3069124756718.59
a 3 6 0 1 12502043245263.041
a 3 7 0 1 8752160812089.632
a 3 8 0 1 19022872463013.07
a 3 9 0 1 34515633218292.57
a 3 10 0 1 32517029486538.836
a 3 11 0 1 25575847320630.242
a 3 12 0 1 18267585287908.72
a 3 13 0 1 30544554448762.098
a 3 14 0 1 17858610979025.496
a 3 15 0 1 26551542660916.52
a 3 16 0 1 18189740587484.215
a 3 17 0 1 10433814915166.715
a 3 18 0 1 14849683120639.75
a 3 19 0 1 18219716387108.12
a 3 20 0 1 28948897374141.785
a 3 21 0 1 32422923148578.113
a 3 22 0 1 23575278090919.9
a 3 23 0 1 10599612850802.605
a 3 24 0 1 16383846333202.965
a 3 25 0 1 34314152180629.484
a 3 26 0 1 19417444219228.34
a 3 27 0 1 16638465779914.176
a 3 28 0 1 11838183648623.053
a 3 29 0 1 18399192909732.164
a 3 30 0 1 33278677570726.688
a 3 31 0 1 24975943686082.86
a 3 32 0 1 35114353235987.727
a 3 33 0 1 26253990585872.457
a 3 34 0 1 34375498292737.824
a 3 35 0 1 12732317859469.758
a 3 36 0 1 29467981140384.695
a 3 37 0 1 7978262111167.398
a 3 38 0 1 13117102124383.719
a 3 39 0 1 32778998407974.082
a 3 40 0 1 27991651657175.06
a 3 41 0 1 18285926195499.26
a 3 42 0 1 32745610756111.0
a 3 43 0 1 23633718525326.85
a 3 44 0 1 28380791967736.906
a 3 45 0 1 14632555512156.238
a 3 46 0 1 14333862946455.832
a 3 47 0 1 21227674699073.65
a 3 48 0 1 16216469825053.713
a 3 49 0 1 7802017874504.372
a 3 50 0 1 12911562672652.871
a 3 51 0 1 10305869761853.209
a 3 52 0 1 7536983950919.802
a 3 53 0 1 20449195144386.758
a 3 54 0 1 16500398996041.47
a 3 55 0 1 12970908577281.81
a 3 56 0 1 11905437767762.562
a 3 57 0 1 32551253917083.87
a 3 58 0 1 26344339246515.508
a 3 59 0 1 13000804766976.533
a 3 60 0 1 10204945804754.283
a 3 61 0 1 18696793199549.76
a 3 62 0 1 33214749096449.113
a 3 63 0 1 26376711110960.22
a 3 64 0 1 21321717514624.195
a 3 65 0 1 19248763582410.62
a 3 66 0 1 23285430419483.93
a 3 67 0 1 14241178396937.287
a 3 68 0 1 9119963077630.459
a 3 69 0 1 11031052867478.336
a 3 70 0 1 11736698370160.762
a 3 71 0 1 31145976819588.555
a 3 72 0 1 10826170109052.836
a 3 73 0 1 8500926979331.23
a 3 74 0 1 13978820926007.516
a 3 75 0 1 18638303959983.473
a 3 76 0 1 13795826808537.182
a 3 77 0 1 22547181482948.34
a 3 78 0 1 26748357850579.066
a 3 79 0 1 18739453700796.61
a 3 80 0 1 13361330411405.371
a 3 81 0 1 12405756926882.344
a 4 6 0 1 7275206527372.586
a 4 7 0 1 5093988980447.542
a 4 8 0 1 11066341591856.137
a 4 9 0 1 20064096019622.29
a 4 10 0 1 18904119905284.137
a 4 11 0 1 14873764956298.576
a 4 12 0 1 10627348339677.895
a 4 13 0 1 17759089097294.816
a 4 14 0 1 10389628111392.135
a 4 15 0 1 15440459649326.125
a 4 16 0 1 10582101085402.473
a 4 17 0 1 6072264665493.474
a 4 18 0 1 8640371843735.178
a 4 19 0 1 10599524567674.062
a 4 20 0 1 16832643226316.482
a 4 21 0 1 18849495700299.277
a 4 22 0 1 13711645228036.799
a 4 23 0 1 6168706412385.532
a 4 24 0 1 9532329211244.35
a 4 25 0 1 19947167937812.69
a 4 26 0 1 11295664611506.273
a 4 27 0 1 9680351345197.139
a 4 28 0 1 6889112560853.185
a 4 29 0 1 10703844534866.66
a 4 30 0 1 19346201727274.492
a 4 31 0 1 14525307766530.287
a 4 32 0 1 20411545473979.45
a 4 33 0 1 15267643754600.389
a 4 34 0 1 19982769957061.92
a 4 35 0 1 7409126124557.095
a 4 36 0 1 17134041326063.723
a 4 37 0 1 4643732413888.342
a 4 38 0 1 7632896456746.426
a 4 39 0 1 19056177654580.24
a 4 40 0 1 16276793432161.346
a 4 41 0 1 10638008948000.104
a 4 42 0 1 19036798275094.87
a 4 43 0 1 13745596138097.932
a 4 44 0 1 16502764141715.545
a 4 45 0 1 8514123922995.378
a 4 46 0 1 8340446089341.494
a 4 47 0 1 12347649151010.93
a 4 48 0 1 9435023478482.396
a 4 49 0 1 4541188301905.272
a 4 50 0 1 7513366532017.806
a 4 51 0 1 5997840164332.553
a 4 52 0 1 4386980446752.435
a 4 53 0 1 11895271557042.068
a 4 54 0 1 9600087149233.209
a 4 55 0 1 7547878940290.392
a 4 56 0 1 6928227994307.37
a 4 57 0 1 18923985418721.68
a 4 58 0 1 15320118067760.52
a 4 59 0 1 7565264892615.011
a 4 60 0 1 5939132993659.352
a 4 61 0 1 10876819461916.312
a 4 62 0 1 19309097105787.457
a 4 63 0 1 15338919467575.531
a 4 64 0 1 12402295509015.203
a 4 65 0 1 11197629384543.633
a 4 66 0 1 13543255693006.537
a 4 67 0 1 8286552697946.406
a 4 68 0 1 5307965669883.035
a 4 69 0 1 6419660273251.363
a 4 70 0 1 6830087582568.29
a 4 71 0 1 18108240660530.473
a 4 72 0 1 6300488299781.105
a 4 73 0 1 4947824067402.567
a 4 74 0 1 8133996788359.454
a 4 75 0 1 10842824013452.865
a 4 76 0 1 8027586885116.889
a 4 77 0 1 13114342256005.945
a 4 78 0 1 15554765629394.195
a 4 79 0 1 10901614720150.434
a 4 80 0 1 7774922505572.154
a 4 81 0 1 7219208918293.943
a 5 6 0 1 4990066794242.91
a 5 7 0 1 3494244494482.6953
a 5 8 0 1 7589366879903.963
a 5 9 0 1 13755603217966.293
a 5 10 0 1 12960887644895.701
a 5 11 0 1 10199116597936.932
a 5 12 0 1 7288418290521.271
a 5 13 0 1 12176345756917.162
a 5 14 0 1 7125446947099.351
a 5 15 0 1 10587488701410.03
a 5 16 0 1 7257398824958.35
a 5 17 0 1 4165149727400.251
a 5 18 0 1 5926141566453.307
a 5 19 0 1 7269343586277.971
a 5 20 0 1 11541524267237.803
a 5 21 0 1 12923462203736.17
a 5 22 0 1 9402632785003.887
a 5 23 0 1 4231287277590.0317
a 5 24 0 1 6537694306989.656
a 5 25 0 1 13675497211842.074
a 5 26 0 1 7746573782500.996
a 5 27 0 1 6639178904353.027
a 5 28 0 1 4725310782416.166
a 5 29 0 1 7340860381698.818
a 5 30 0 1 13263771857481.592
a 5 31 0 1 9960300988557.938
a 5 32 0 1 13993632603908.23
a 5 33 0 1 10469054709255.006
a 5 34 0 1 13699887793957.71
a 5 35 0 1 5081897681073.619
a 5 36 0 1 11748053683257.762
a 5 37 0 1 3185440850809.3545
a 5 38 0 1 5235338719784.449
a 5 39 0 1 13065068304632.203
a 5 40 0 1 11160623061580.508
a 5 41 0 1 7295726705334.807
a 5 42 0 1 13051790804215.076
a 5 43 0 1 9425902724136.133
a 5 44 0 1 11315473428496.75
a 5 45 0 1 5839579013207.628
a 5 46 0 1 5720494597251.064
a 5 47 0 1 8467703127047.875
a 5 48 0 1 6470980495102.705
a 5 49 0 1 3115110663750.153
a 5 50 0 1 5153376439757.88
a 5 51 0 1 4114110786637.136
a 5 52 0 1 3009345761206.562
a 5 53 0 1 8157607623814.411
a 5 54 0 1 6584149569111.075
a 5 55 0 1 5177041847225.305
a 5 56 0 1 4752133724685.789
a 5 57 0 1 12974498343612.389
a 5 58 0 1 10505016502575.26
a 5 59 0 1 5188963497841.178
a 5 60 0 1 4073850305337.6846
a 5 61 0 1 7459442553630.088
a 5 62 0 1 13238350683129.457
a 5 63 0 1 10517901479387.852
a 5 64 0 1 8505161389777.601
a 5 65 0 1 7679368400578.839
a 5 66 0 1 9287217824389.686
a 5 67 0 1 5683541603547.505
a 5 68 0 1 3640994589363.994
a 5 69 0 1 4403383548274.103
a 5 70 0 1 4684834963363.499
a 5 71 0 1 12415581178936.383
a 5 72 0 1 4321659543883.8755
a 5 73 0 1 3393999956955.796
a 5 74 0 1 5578938060551.91
a 5 75 0 1 7436137246322.326
a 5 76 0 1 5505974927026.238
a 5 77 0 1 8993232225153.172
a 5 78 0 1 10665823930621.096
a 5 79 0 1 7476440708063.248
a 5 80 0 1 5332725785317.837
a 5 81 0 1 4951668041954.781
a 6 1 0 1 0
a 7 1 0 1 0
a 8 1 0 1 0
a 9 1 0 1 0
a 10 1 0 1 0
a 11 1 0 1 0
a 12 1 0 1 0
a 13 1 0 1 0
a 14 1 0 1 0
a 15 1 0 1 0
a 16 1 0 1 0
a 17 1 0 1 0
a 18 1 0 1 0
a 19 1 0 1 0
a 20 1 0 1 0
a 21 1 0 1 0
a 22 1 0 1 0
a 23 1 0 1 0
a 24 1 0 1 0
a 25 1 0 1 0
a 26 1 0 1 0
a 27 1 0 1 0
a 28 1 0 1 0
a 29 1 0 1 0
a 30 1 0 1 0
a 31 1 0 1 0
a 32 1 0 1 0
a 33 1 0 1 0
a 34 1 0 1 0
a 35 1 0 1 0
a 36 1 0 1 0
a 37 1 0 1 0
a 38 1 0 1 0
a 39 1 0 1 0
a 40 1 0 1 0
a 41 1 0 1 0
a 42 1 0 1 0
a 43 1 0 1 0
a 44 1 0 1 0
a 45 1 0 1 0
a 46 1 0 1 0
a 47 1 0 1 0
a 48 1 0 1 0
a 49 1 0 1 0
a 50 1 0 1 0
a 51 1 0 1 0
a 52 1 0 1 0
a 53 1 0 1 0
a 54 1 0 1 0
a 55 1 0 1 0
a 56 1 0 1 0
a 57 1 0 1 0
a 58 1 0 1 0
a 59 1 0 1 0
a 60 1 0 1 0
a 61 1 0 1 0
a 62 1 0 1 0
a 63 1 0 1 0
a 64 1 0 1 0
a 65 1 0 1 0
a 66 1 0 1 0
a 67 1 0 1 0
a 68 1 0 1 0
a 69 1 0 1 0
a 70 1 0 1 0
a 71 1 0 1 0
a 72 1 0 1 0
a 73 1 0 1 0
a 74 1 0 1 0
a 75 1 0 1 0
a 76 1 0 1 0
a 77 1 0 1 0
a 78 1 0 1 0
a 79 1 0 1 0
a 80 1 0 1 0
a 81 1 0 1 0
