p min 81 583
n 0 7
n 1 -7
a 0 2 0 1 0
a 0 3 0 1 0
a 0 4 0 1 0
a 0 5 0 1 0
a 0 6 0 1 0
a 0 7 0 1 0
a 0 8 0 1 0
a 2 9 0 1 15817222502555.178
a 2 10 0 1 21926547803985.47
a 2 11 0 1 6947226246041.948
a 2 12 0 1 6518185106011.78
a 2 13 0 1 8996124445889.604
a 2 14 0 1 8670108405214.598
a 2 15 0 1 21166524970823.504
a 2 16 0 1 14462182580055.633
a 2 17 0 1 13676899139428.568
a 2 18 0 1 23574333473624.273
a 2 19 0 1 13570120720452.01
a 2 20 0 1 16985733319403.932
a 2 21 0 1 6075647201273.954
a 2 22 0 1 13935526402965.113
a 2 23 0 1 7138525443757.8125
a 2 24 0 1 14212741630127.195
a 2 25 0 1 19117900948815.246
a 2 26 0 1 19444617003533.547
a 2 27 0 1 6632004539582.555
a 2 28 0 1 21703450442344.44
a 2 29 0 1 27670002304989.156
a 2 30 0 1 27656808449983.46
a 2 31 0 1 10919528754838.643
a 2 32 0 1 27749899929081.33
a 2 33 0 1 17045011225633.28
a 2 34 0 1 13513627355429.432
a 2 35 0 1 28176313600976.797
a 2 36 0 1 28603838535315.773
a 2 37 0 1 26479664422644.152
a 2 38 0 1 26503443809406.062
a 2 39 0 1 17993514263644.652
a 2 40 0 1 20441897037962.37
a 2 41 0 1 24629387508762.273
a 2 42 0 1 7644770160869.112
a 2 43 0 1 14006704449601.643
a 2 44 0 1 10712354823369.414
a 2 45 0 1 21651576107062.71
a 2 46 0 1 11811913638153.277
a 2 47 0 1 6961423936801.346
a 2 48 0 1 24500918671229.855
a 2 49 0 1 17532778884622.707
a 2 50 0 1 21495698216999.54
a 2 51 0 1 8605998993773.193
a 2 52 0 1 23312995334899.19
a 2 53 0 1 12639146968509.111
a 2 54 0 1 20629530526008.547
a 2 55 0 1 17338658608767.594
a 2 56 0 1 18332748248384.6
a 2 57 0 1 18553321946030.188
a 2 58 0 1 28799597062433.418
a 2 59 0 1 22832213560308.203
a 2 60 0 1 9044258278605.69
a 2 61 0 1 26695814112548.785
a 2 62 0 1 7448174102501.734
a 2 63 0 1 12048131951030.64
a 2 64 0 1 11517247027694.871
a 2 65 0 1 14925586545147.234
a 2 66 0 1 10099764184385.146
a 2 67 0 1 9807479653456.312
a 2 68 0 1 28495153812387.895
a 2 69 0 1 21975133654163.305
a 2 70 0 1 23364380116231.492
a 2 71 0 1 22312488468066.027
a 2 72 0 1 6215751229458.907
a 2 73 0 1 10549724792724.129
a 2 74 0 1 15890961739622.12
a 2 75 0 1 6086232281889.588
a 2 76 0 1 28409038591403.406
a 2 77 0 1 23802076740954.367
a 2 78 0 1 9205756024380.543
a 2 79 0 1 18216991425210.3
a 2 80 0 1 24596163957338.58
a 3 9 0 1 5388274350131.239
a 3 10 0 1 7466006305234.995
a 3 11 0 1 2368226546236.993
a 3 12 0 1 2222043875349.2754
a 3 13 0 1 3066194767482.2676
a 3 14 0 1 2955150169539.029
a 3 15 0 1 7207633750029.808
a 3 16 0 1 4927174898252.507
a 3 17 0 1 4659911459609.145
a 3 18 0 1 8026074609358.522
a 3 19 0 1 4623568020558.813
a 3 20 0 1 5785824578084.355
a 3 21 0 1 2071252618814.3733
a 3 22 0 1 4747936206986.815
a 3 23 0 1 2433402838998.447
a 3 24 0 1 4842283597132.636
a 3 25 0 1 6511047835004.934
a 3 26 0 1 6622154400226.1
a 3 27 0 1 2260825300578.2256
a 3 28 0 1 7390166631738.041
a 3 29 0 1 9417549978824.66
a 3 30 0 1 9413068848146.074
a 3 31 0 1 3721215259848.5806
a 3 32 0 1 9444686032719.895
a 3 33 0 1 5805990200004.015
a 3 34 0 1 4604339522457.875
a 3 35 0 1 9589505595301.416
a 3 36 0 1 9734693140704.629
a 3 37 0 1 9013230165959.008
a 3 38 0 1 9021307981534.67
a 3 39 0 1 6128634683100.426
a 3 40 0 1 6961266028539.559
a 3 41 0 1 8384604825719.681
a 3 42 0 1 2605873018327.4727
a 3 43 0 1 4772161312103.309
a 3 44 0 1 3650670815141.5513
a 3 45 0 1 7372532111865.067
a 3 46 0 1 4025054358068.5664
a 3 47 0 1 2373063813198.595
a 3 48 0 1 8340951406273.066
a 3 49 0 1 5971915923091.684
a 3 50 0 1 7319541068563.14
a 3 51 0 1 2933313162244.5273
a 3 52 0 1 7937257362795.202
a 3 53 0 1 4306673888418.532
a 3 54 0 1 7025062522001.739
a 3 55 0 1 5905882786113.709
a 3 56 0 1 6244017831420.858
a 3 57 0 1 6319038042972.512
a 3 58 0 1 9801169621715.363
a 3 59 0 1 7773851737628.8545
a 3 60 0 1 3082589207075.0376
a 3 61 0 1 9086654759098.232
a 3 62 0 1 2538897187593.051
a 3 63 0 1 4105475048833.147
a 3 64 0 1 3924730859172.3677
a 3 65 0 1 5084874890223.486
a 3 66 0 1 3442065630190.8794
a 3 67 0 1 3342527286442.664
a 3 68 0 1 9697784683793.877
a 3 69 0 1 7482522228654.068
a 3 70 0 1 7954721050416.433
a 3 71 0 1 7597196827135.056
a 3 72 0 1 2118993043265.8098
a 3 73 0 1 3595292383817.286
a 3 74 0 1 5413363966692.673
a 3 75 0 1 2074859518741.9373
a 3 76 0 1 9668540214904.021
a 3 77 0 1 8103471571595.897
a 3 78 0 1 3137594652356.1646
a 3 79 0 1 6204646304574.406
a 3 80 0 1 8373315620070.999
a 4 9 0 1 11128700864678.42
a 4 10 0 1 15423889674074.8
a 4 11 0 1 4889417530126.333
a 4 12 0 1 4587527990877.105
a 4 13 0 1 6330977735447.494
a 4 14 0 1 6101613427703.658
a 4 15 0 1 14889649905812.443
a 4 16 0 1 10175790840084.303
a 4 17 0 1 9623512512885.205
a 4 18 0 1 16582065581561.408
a 4 19 0 1 9548414528401.438
a 4 20 0 1 11950366441899.703
a 4 21 0 1 4276132358682.7114
a 4 22 0 1 9805404546747.246
a 4 23 0 1 5024020016675.236
a 4 24 0 1 10000365889351.314
a 4 25 0 1 13449480608589.705
a 4 26 0 1 13679173382598.129
a 4 27 0 1 4667616501546.031
a 4 28 0 1 15267071630159.916
a 4 29 0 1 19460214680702.95
a 4 30 0 1 19450944259340.008
a 4 31 0 1 7684059700591.077
a 4 32 0 1 19516353108804.383
a 4 33 0 1 11992047332375.213
a 4 34 0 1 9508682140983.844
a 4 35 0 1 19815958742643.64
a 4 36 0 1 20116336386253.39
a 4 37 0 1 18623811792744.31
a 4 38 0 1 18640521285318.527
a 4 39 0 1 12658958362816.244
a 4 40 0 1 14380264267965.387
a 4 41 0 1 17323560789172.365
a 4 42 0 1 5380216888592.446
a 4 43 0 1 9855463359709.816
a 4 44 0 1 7538324929720.043
a 4 45 0 1 15230608140694.967
a 4 46 0 1 8311776822461.817
a 4 47 0 1 4899407410118.815
a 4 48 0 1 17233275359188.357
a 4 49 0 1 12335011710714.482
a 4 50 0 1 15121037730614.479
a 4 51 0 1 6056509491894.171
a 4 52 0 1 16398388064583.852
a 4 53 0 1 8893631181117.166
a 4 54 0 1 14512165834050.88
a 4 55 0 1 12198521169945.605
a 4 56 0 1 12897469911270.904
a 4 57 0 1 13052549796525.406
a 4 58 0 1 20253872762413.03
a 4 59 0 1 16060469362443.807
a 4 60 0 1 6364841229432.799
a 4 61 0 1 18775696611811.77
a 4 62 0 1 5241892163956.266
a 4 63 0 1 8477929978987.861
a 4 64 0 1 8104508069942.733
a 4 65 0 1 10501682150541.615
a 4 66 0 1 7107391103020.425
a 4 67 0 1 6901773885899.762
a 4 68 0 1 20039975683183.473
a 4 69 0 1 15458040984200.611
a 4 70 0 1 16434503332284.076
a 4 71 0 1 15695166746965.268
a 4 72 0 1 4374718789644.741
a 4 73 0 1 7423922749240.248
a 4 74 0 1 11180554265298.111
a 4 75 0 1 4283580752166.0967
a 4 76 0 1 19979471662900.44
a 4 77 0 1 16742128778226.672
a 4 78 0 1 6478458585509.326
a 4 79 0 1 12816083229897.229
a 4 80 0 1 17300211991849.693
a 5 9 0 1 20218458029896.516
a 5 10 0 1 28033233796387.15
a 5 11 0 1 8877809867485.871
a 5 12 0 1 8329426939065.69
a 5 13 0 1 11496836051699.531
a 5 14 0 1 11080079534346.98
a 5 15 0 1 27060879385029.656
a 5 16 0 1 18485567142778.656
a 5 17 0 1 17481377518833.941
a 5 18 0 1 30141533324374.74
a 5 19 0 1 17344837379027.709
a 5 20 0 1 21712927525814.863
a 5 21 0 1 7763808781709.086
a 5 22 0 1 17812094316681.746
a 5 23 0 1 9122325576126.625
a 5 24 0 1 18166586366608.938
a 5 25 0 1 24440157193559.21
a 5 26 0 1 24858088745569.324
a 5 27 0 1 8474904839426.484
a 5 28 0 1 27747803621536.19
a 5 29 0 1 35382805589192.02
a 5 30 0 1 35365919048143.516
a 5 31 0 1 13955761303316.04
a 5 32 0 1 35485065205925.29
a 5 33 0 1 21788744124855.54
a 5 34 0 1 17272598329049.248
a 5 35 0 1 36030833751541.25
a 5 36 0 1 36578039665264.69
a 5 37 0 1 33859374629286.63
a 5 38 0 1 33889807074688.555
a 5 39 0 1 23001921297631.87
a 5 40 0 1 26133852597818.363
a 5 41 0 1 31491565341672.402
a 5 42 0 1 9769414287556.998
a 5 43 0 1 17903113432317.582
a 5 44 0 1 13690890710665.53
a 5 45 0 1 27681436321087.613
a 5 46 0 1 15096710096027.752
a 5 47 0 1 8895957035731.467
a 5 48 0 1 31327173555857.496
a 5 49 0 1 22412611215336.926
a 5 50 0 1 27482009657069.99
a 5 51 0 1 10998127489939.002
a 5 52 0 1 29807142957082.645
a 5 53 0 1 16154418426121.27
a 5 54 0 1 26373890634041.836
a 5 55 0 1 22164324163343.742
a 5 56 0 1 23435834461372.547
a 5 57 0 1 23717974686069.793
a 5 58 0 1 36828603707322.92
a 5 59 0 1 29191982247658.047
a 5 60 0 1 11558367775601.312
a 5 61 0 1 34136000955430.613
a 5 62 0 1 9518120106039.264
a 5 63 0 1 15398735330822.504
a 5 64 0 1 14719960148779.365
a 5 65 0 1 19078173684420.5
a 5 66 0 1 12907717943435.643
a 5 67 0 1 12534054635003.277
a 5 68 0 1 36438928400658.81
a 5 69 0 1 28095394947937.3
a 5 70 0 1 29872890956549.215
a 5 71 0 1 28527014935952.08
a 5 72 0 1 7942877318006.086
a 5 73 0 1 13482971685514.816
a 5 74 0 1 20312763674753.977
a 5 75 0 1 7777337636351.417
a 5 76 0 1 36328705714734.94
a 5 77 0 1 30432942584024.477
a 5 78 0 1 11764819265141.701
a 5 79 0 1 23287769195770.375
a 5 80 0 1 31449051563222.953
a 6 9 0 1 10413147584603.55
a 6 10 0 1 14431705135850.902
a 6 11 0 1 4575249027000.524
a 6 12 0 1 4292766925317.704
a 6 13 0 1 5924118889675.675
a 6 14 0 1 5709504318032.488
a 6 15 0 1 13931886973288.514
a 6 16 0 1 9521574960296.508
a 6 17 0 1 9004840203735.61
a 6 18 0 1 15515245000123.062
a 6 19 0 1 8934575054434.695
a 6 20 0 1 11181913660378.473
a 6 21 0 1 4001388522083.1943
a 6 22 0 1 9175026483282.514
a 6 23 0 1 4701197976898.64
a 6 24 0 1 9357440480217.262
a 6 25 0 1 12584489501276.312
a 6 26 0 1 12799388014873.299
a 6 27 0 1 4367706944800.9985
a 6 28 0 1 14284991447013.906
a 6 29 0 1 18207837594816.777
a 6 30 0 1 18199165029405.48
a 6 31 0 1 7190173345564.808
a 6 32 0 1 18260355590959.77
a 6 33 0 1 11220910851496.78
a 6 34 0 1 8897399562597.264
a 6 35 0 1 18540638571669.24
a 6 36 0 1 18821642520543.28
a 6 37 0 1 17425370108480.924
a 6 38 0 1 17441002185323.246
a 6 39 0 1 11844878333974.25
a 6 40 0 1 13455317875376.418
a 6 41 0 1 16208946437563.414
a 6 42 0 1 5034493892506.635
a 6 43 0 1 9221863655391.889
a 6 44 0 1 7053813161051.2
a 6 45 0 1 14250877383453.914
a 6 46 0 1 7777508349620.337
a 6 47 0 1 4584596670475.826
a 6 48 0 1 16124480847971.56
a 6 49 0 1 11541791934414.932
a 6 50 0 1 14148366734092.703
a 6 51 0 1 5667300796357.048
a 6 52 0 1 15343405410338.807
a 6 53 0 1 8321926143004.015
a 6 54 0 1 13578722191650.504
a 6 55 0 1 11414090143035.338
a 6 56 0 1 12068030215803.076
a 6 57 0 1 12213122843246.223
a 6 58 0 1 18950307685743.02
a 6 59 0 1 15027264181718.543
a 6 60 0 1 5955804661380.395
a 6 61 0 1 17567461364083.996
a 6 62 0 1 4905062684561.117
a 6 63 0 1 7932971674820.194
a 6 64 0 1 7583574154953.713
a 6 65 0 1 9826490548862.338
a 6 66 0 1 6650598013978.449
a 6 67 0 1 6458205674099.429
a 6 68 0 1 18750207033037.234
a 6 69 0 1 14463655907993.354
a 6 70 0 1 15377193103485.691
a 6 71 0 1 14685502037475.955
a 6 72 0 1 4093637735322.2036
a 6 73 0 1 6946769849430.373
a 6 74 0 1 10461662897726.312
a 6 75 0 1 4008358131343.766
a 6 76 0 1 18693605425090.71
a 6 77 0 1 15664991819179.332
a 6 78 0 1 6062115300115.334
a 6 79 0 1 11991884762616.938
a 6 80 0 1 16187102725320.205
a 7 9 0 1 7054209647070.07
a 7 10 0 1 9775053701137.393
a 7 11 0 1 3100096551705.0386
a 7 12 0 1 2908722872916.834
a 7 13 0 1 4013862587363.5435
a 7 14 0 1 3868482183359.9624
a 7 15 0 1 9436686179354.16
a 7 16 0 1 6450442536950.09
a 7 17 0 1 6100494848058.113
a 7 18 0 1 10508546672427.525
a 7 19 0 1 6052908223282.61
a 7 20 0 1 7574780845997.117
a 7 21 0 1 2711317993717.205
a 7 22 0 1 6215751391980.504
a 7 23 0 1 3185422128736.178
a 7 24 0 1 6339287386969.545
a 7 25 0 1 8524460702576.47
a 7 26 0 1 8669959086039.011
a 7 27 0 1 2959493019609.9395
a 7 28 0 1 9675732589726.812
a 7 29 0 1 12331017999843.168
a 7 30 0 1 12325148592220.037
a 7 31 0 1 4871443620062.576
a 7 32 0 1 12366560980540.92
a 7 33 0 1 7601187064554.515
a 7 34 0 1 6027731257728.772
a 7 35 0 1 12556247753269.777
a 7 36 0 1 12746418482451.705
a 7 37 0 1 11801445416489.676
a 7 38 0 1 11812025479779.082
a 7 39 0 1 8023684562308.905
a 7 40 0 1 9114046123640.613
a 7 41 0 1 10978110838839.467
a 7 42 0 1 3411213462151.8267
a 7 43 0 1 6247471029217.567
a 7 44 0 1 4779081873542.796
a 7 45 0 1 9652638156479.39
a 7 46 0 1 5269256431472.598
a 7 47 0 1 3106429248622.5015
a 7 48 0 1 10920937661489.15
a 7 49 0 1 7818462781435.589
a 7 50 0 1 9583240461493.668
a 7 51 0 1 3839893148107.878
a 7 52 0 1 10392225287887.406
a 7 53 0 1 5637985121866.256
a 7 54 0 1 9197592661879.379
a 7 55 0 1 7731993679645.76
a 7 56 0 1 8174779203203.459
a 7 57 0 1 8273019102142.588
a 7 58 0 1 12833491903808.375
a 7 59 0 1 10178219580898.227
a 7 60 0 1 4035326405581.928
a 7 61 0 1 11897614813472.346
a 7 62 0 1 3323530948159.993
a 7 63 0 1 5374551698055.102
a 7 64 0 1 5137903150733.754
a 7 65 0 1 6656933867613.256
a 7 66 0 1 4505964014346.093
a 7 67 0 1 4375644141886.2856
a 7 68 0 1 12698074561119.176
a 7 69 0 1 9796683346871.621
a 7 70 0 1 10415096917375.812
a 7 71 0 1 9946864628088.467
a 7 72 0 1 2773816034883.7935
a 7 73 0 1 4706576863047.685
a 7 74 0 1 7087062749767.524
a 7 75 0 1 2716039858441.406
a 7 76 0 1 12659769275946.693
a 7 77 0 1 10609911840864.018
a 7 78 0 1 4107340448681.758
a 7 79 0 1 8123221909876.637
a 7 80 0 1 10963325273134.232
a 8 9 0 1 9881182192478.92
a 8 10 0 1 13694124094135.1
a 8 11 0 1 4341667209328.3154
a 8 12 0 1 4073613531532.0786
a 8 13 0 1 5621628157139.943
a 8 14 0 1 5417978831493.259
a 8 15 0 1 13219889724277.996
a 8 16 0 1 9035203782670.857
a 8 17 0 1 8544890307228.409
a 8 18 0 1 14722192075974.713
a 8 19 0 1 8478217670707.218
a 8 20 0 1 10610627137848.738
a 8 21 0 1 3797117018246.108
a 8 22 0 1 8706375083249.008
a 8 23 0 1 4461182739499.242
a 8 24 0 1 8879462022896.47
a 8 25 0 1 11941446494421.275
a 8 26 0 1 12145348749425.633
a 8 27 0 1 4144725903726.1245
a 8 28 0 1 13554920411263.535
a 8 29 0 1 17276880373077.438
a 8 30 0 1 17268652113539.238
a 8 31 0 1 6822985960371.105
a 8 32 0 1 17326707791638.303
a 8 33 0 1 10647629510258.217
a 8 34 0 1 8442942863110.937
a 8 35 0 1 17592630922877.492
a 8 36 0 1 17859237201941.367
a 8 37 0 1 16534496241535.725
a 8 38 0 1 16549327603191.682
a 8 39 0 1 11239676946185.012
a 8 40 0 1 12767711786152.984
a 8 41 0 1 15380372535305.045
a 8 42 0 1 4777453184844.341
a 8 43 0 1 8750817447258.792
a 8 44 0 1 6693594778066.639
a 8 45 0 1 13522552549861.959
a 8 46 0 1 7380301479081.87
a 8 47 0 1 4350537385162.995
a 8 48 0 1 15300232293576.77
a 8 49 0 1 10952095955761.59
a 8 50 0 1 13425289051590.64
a 8 51 0 1 5377931542779.934
a 8 52 0 1 14559150699506.258
a 8 53 0 1 7896889903180.091
a 8 54 0 1 12884800421679.5
a 8 55 0 1 10830926873692.988
a 8 56 0 1 11451412083010.42
a 8 57 0 1 11589081281388.264
a 8 58 0 1 17981309714373.637
a 8 59 0 1 14259195087425.088
a 8 60 0 1 5651694972463.309
a 8 61 0 1 16669309116986.217
a 8 62 0 1 4654633747874.069
a 8 63 0 1 7527818218944.884
a 8 64 0 1 7196279949044.534
a 8 65 0 1 9324527264198.947
a 8 66 0 1 6310985657801.151
a 8 67 0 1 6128424753552.667
a 8 68 0 1 17791461905367.996
a 8 69 0 1 13724439332646.64
a 8 70 0 1 14591208483676.543
a 8 71 0 1 13934929027181.297
a 8 72 0 1 3884654788363.621
a 8 73 0 1 6592022016678.791
a 8 74 0 1 9927216221737.287
a 8 75 0 1 3803730672040.5137
a 8 76 0 1 17737760393746.082
a 8 77 0 1 14864271565624.496
a 8 78 0 1 5752573681583.367
a 8 79 0 1 11379162394339.795
a 8 80 0 1 15359647412310.205
a 9 1 0 1 0
a 10 1 0 1 0
a 11 1 0 1 0
a 12 1 0 1 0
a 13 1 0 1 0
a 14 1 0 1 0
a 15 1 0 1 0
a 16 1 0 1 0
a 17 1 0 1 0
a 18 1 0 1 0
a 19 1 0 1 0
a 20 1 0 1 0
a 21 1 0 1 0
a 22 1 0 1 0
a 23 1 0 1 0
a 24 1 0 1 0
a 25 1 0 1 0
a 26 1 0 1 0
a 27 1 0 1 0
a 28 1 0 1 0
a 29 1 0 1 0
a 30 1 0 1 0
a 31 1 0 1 0
a 32 1 0 1 0
a 33 1 0 1 0
a 34 1 0 1 0
a 35 1 0 1 0
a 36 1 0 1 0
a 37 1 0 1 0
a 38 1 0 1 0
a 39 1 0 1 0
a 40 1 0 1 0
a 41 1 0 1 0
a 42 1 0 1 0
a 43 1 0 1 0
a 44 1 0 1 0
a 45 1 0 1 0
a 46 1 0 1 0
a 47 1 0 1 0
a 48 1 0 1 0
a 49 1 0 1 0
a 50 1 0 1 0
a 51 1 0 1 0
a 52 1 0 1 0
a 53 1 0 1 0
a 54 1 0 1 0
a 55 1 0 1 0
a 56 1 0 1 0
a 57 1 0 1 0
a 58 1 0 1 0
a 59 1 0 1 0
a 60 1 0 1 0
a 61 1 0 1 0
a 62 1 0 1 0
a 63 1 0 1 0
a 64 1 0 1 0
a 65 1 0 1 0
a 66 1 0 1 0
a 67 1 0 1 0
a 68 1 0 1 0
a 69 1 0 1 0
a 70 1 0 1 0
a 71 1 0 1 0
a 72 1 0 1 0
a 73 1 0 1 0
a 74 1 0 1 0
a 75 1 0 1 0
a 76 1 0 1 0
a 77 1 0 1 0
a 78 1 0 1 0
a 79 1 0 1 0
a 80 1 0 1 0
