p min 80 575
n 0 7
n 1 -7
a 0 2 0 1 0
a 0 3 0 1 0
a 0 4 0 1 0
a 0 5 0 1 0
a 0 6 0 1 0
a 0 7 0 1 0
a 0 8 0 1 0
a 2 9 0 1 6824695198019.769
a 2 10 0 1 9788495288143.645
a 2 11 0 1 5441747898335.3
a 2 12 0 1 6759374546888.404
a 2 13 0 1 4221281834402.6426
a 2 14 0 1 2237445343577.136
a 2 15 0 1 6479176974028.333
a 2 16 0 1 9773711789360.521
a 2 17 0 1 7548599542629.187
a 2 18 0 1 4267365336377.0303
a 2 19 0 1 4135236642133.134
a 2 20 0 1 4822446047519.908
a 2 21 0 1 5355083014813.403
a 2 22 0 1 3212848371500.5522
a 2 23 0 1 5379221323164.05
a 2 24 0 1 5241838550388.71
a 2 25 0 1 3188745509838.0938
a 2 26 0 1 9694687140476.58
a 2 27 0 1 8071730829285.322
a 2 28 0 1 1990642223066.2075
a 2 29 0 1 6066825025841.16
a 2 30 0 1 6383093086487.828
a 2 31 0 1 8679437965178.748
a 2 32 0 1 9794564745675.062
a 2 33 0 1 9574962930533.463
a 2 34 0 1 7572640687429.666
a 2 35 0 1 3637126663474.835
a 2 36 0 1 3939549410327.8677
a 2 37 0 1 4643683275181.591
a 2 38 0 1 7793172918612.191
a 2 39 0 1 3020692563086.392
a 2 40 0 1 4752476125022.535
a 2 41 0 1 3873414793421.736
a 2 42 0 1 5769440698149.126
a 2 43 0 1 2059236974590.761
a 2 44 0 1 6022185049103.383
a 2 45 0 1 2493035542014.3843
a 2 46 0 1 9539257072096.21
a 2 47 0 1 6051669200936.164
a 2 48 0 1 8277052018076.391
a 2 49 0 1 8168070941999.557
a 2 50 0 1 3140025081998.146
a 2 51 0 1 7234761653694.06
a 2 52 0 1 8686063081232.868
a 2 53 0 1 4448752467156.218
a 2 54 0 1 5749981194636.966
a 2 55 0 1 8604845692162.607
a 2 56 0 1 2204251550922.4175
a 2 57 0 1 7996596149392.48
a 2 58 0 1 8001749903104.921
a 2 59 0 1 9518411598752.502
a 2 60 0 1 7698757700747.598
a 2 61 0 1 5507267654645.895
a 2 62 0 1 9136499641675.508
a 2 63 0 1 7130590370376.574
a 2 64 0 1 9655954087325.492
a 2 65 0 1 4134006002481.157
a 2 66 0 1 5149265830156.994
a 2 67 0 1 8653751413611.116
a 2 68 0 1 8202561606188.814
a 2 69 0 1 6542843012586.828
a 2 70 0 1 8257131157199.311
a 2 71 0 1 8571010931328.4795
a 2 72 0 1 7539742152330.584
a 2 73 0 1 2478742927098.965
a 2 74 0 1 5069372835475.162
a 2 75 0 1 2316554607501.703
a 2 76 0 1 3431996988804.493
a 2 77 0 1 5632009359658.586
a 2 78 0 1 4650847460788.216
a 2 79 0 1 3429346543323.5835
a 3 9 0 1 9634635573818.25
a 3 10 0 1 13820667959366.656
a 3 11 0 1 7681781880799.852
a 3 12 0 1 9542390807957.914
a 3 13 0 1 5958580027693.284
a 3 14 0 1 3157984813243.1562
a 3 15 0 1 9146706820102.16
a 3 16 0 1 13799785015458.133
a 3 17 0 1 10656959858803.555
a 3 18 0 1 6023642675447.66
a 3 19 0 1 5837098527301.675
a 3 20 0 1 6807351568056.244
a 3 21 0 1 7559411318524.5205
a 3 22 0 1 4534901959149.152
a 3 23 0 1 7593494438292.072
a 3 24 0 1 7399511981878.053
a 3 25 0 1 4500875880843.548
a 3 26 0 1 13688156504447.291
a 3 27 0 1 11395788792731.74
a 3 28 0 1 2809608032618.1504
a 3 29 0 1 8564418757799.649
a 3 30 0 1 9011023357214.2
a 3 31 0 1 12254111993961.988
a 3 32 0 1 13829241590588.701
a 3 33 0 1 13519038269694.932
a 3 34 0 1 10690912851154.545
a 3 35 0 1 5133869559953.504
a 3 36 0 1 5560824393244.586
a 3 37 0 1 6554954985710.011
a 3 38 0 1 11002371234224.672
a 3 39 0 1 4263637219059.8765
a 3 40 0 1 6708559967390.608
a 3 41 0 1 5467455719961.847
a 3 42 0 1 8144492251023.326
a 3 43 0 1 2906432646800.3833
a 3 44 0 1 8501383377255.217
a 3 45 0 1 3518773647748.1772
a 3 46 0 1 13468601794295.688
a 3 47 0 1 8543017435564.916
a 3 48 0 1 11685778103043.115
a 3 49 0 1 11531855890617.893
a 3 50 0 1 4432097351808.278
a 3 51 0 1 10213737847367.861
a 3 52 0 1 12263469555118.195
a 3 53 0 1 6279735502184.415
a 3 54 0 1 8117014547104.067
a 3 55 0 1 12148755490153.467
a 3 56 0 1 3111129394068.0347
a 3 57 0 1 11289672302606.959
a 3 58 0 1 11296951184193.572
a 3 59 0 1 13439156503648.572
a 3 60 0 1 10869027518529.82
a 3 61 0 1 7774296253069.787
a 3 62 0 1 12899696771471.812
a 3 63 0 1 10066623393241.986
a 3 64 0 1 13633443336760.422
a 3 65 0 1 5835361075985.584
a 3 66 0 1 7268802086860.265
a 3 67 0 1 12217831405596.94
a 3 68 0 1 11580569490777.46
a 3 69 0 1 9236612571013.652
a 3 70 0 1 11657642246295.883
a 3 71 0 1 12100966441611.252
a 3 72 0 1 10644450702605.594
a 3 73 0 1 3498598089876.212
a 3 74 0 1 7155996505467.485
a 3 75 0 1 3269653807667.168
a 3 76 0 1 4844278252143.351
a 3 77 0 1 7950434037122.721
a 3 78 0 1 6565070074128.044
a 3 79 0 1 4840536529185.719
a 4 9 0 1 7862065427293.391
a 4 10 0 1 11276955559186.71
a 4 11 0 1 6268755034923.194
a 4 12 0 1 7786806974556.6455
a 4 13 0 1 4862705344941.952
a 4 14 0 1 2577335572820.3867
a 4 15 0 1 7463982449483.663
a 4 16 0 1 11259921133213.992
a 4 17 0 1 8696115197712.915
a 4 18 0 1 4915795196022.533
a 4 19 0 1 4763578419183.002
a 4 20 0 1 5555274861001.161
a 4 21 0 1 6168909938834.954
a 4 22 0 1 3700975181667.5977
a 4 23 0 1 6196719231135.655
a 4 24 0 1 6038443429260.891
a 4 25 0 1 3673208832699.9297
a 4 26 0 1 11168864385575.115
a 4 27 0 1 9298856519735.047
a 4 28 0 1 2293030701956.4204
a 4 29 0 1 6988904432674.806
a 4 30 0 1 7353281879792.837
a 4 31 0 1 9999058303987.523
a 4 32 0 1 11283949151456.63
a 4 33 0 1 11030911742384.152
a 4 34 0 1 8723814677868.429
a 4 35 0 1 4189745009774.981
a 4 36 0 1 4538141325801.592
a 4 37 0 1 5349330196502.902
a 4 38 0 1 8977906335591.078
a 4 39 0 1 3479613518589.558
a 4 40 0 1 5474665461911.013
a 4 41 0 1 4461952770484.577
a 4 42 0 1 6646286915638.22
a 4 43 0 1 2372048184134.035
a 4 44 0 1 6937474332770.069
a 4 45 0 1 2871765306444.073
a 4 46 0 1 10989769653151.277
a 4 47 0 1 6971443267852.918
a 4 48 0 1 9535426473514.092
a 4 49 0 1 9409858860139.72
a 4 50 0 1 3617083269838.823
a 4 51 0 1 8334522811296.543
a 4 52 0 1 10006691862566.848
a 4 53 0 1 5124760523985.729
a 4 54 0 1 6623867678430.897
a 4 55 0 1 9913112084993.291
a 4 56 0 1 2539097838304.9624
a 4 57 0 1 9212287176801.062
a 4 58 0 1 9218225267255.262
a 4 59 0 1 10965750472215.26
a 4 60 0 1 8869123269731.926
a 4 61 0 1 6344239401027.552
a 4 62 0 1 10525695814301.791
a 4 63 0 1 8214501397591.699
a 4 64 0 1 11124234025104.102
a 4 65 0 1 4762160683505.743
a 4 66 0 1 5931792775479.506
a 4 67 0 1 9969461888849.355
a 4 68 0 1 9449598830499.727
a 4 69 0 1 7537333836878.967
a 4 70 0 1 9512473691708.078
a 4 71 0 1 9874127293121.234
a 4 72 0 1 8685909986295.486
a 4 73 0 1 2855300713541.17
a 4 74 0 1 5839750385822.315
a 4 75 0 1 2668466014175.476
a 4 76 0 1 3953434120820.75
a 4 77 0 1 6487952998710.425
a 4 78 0 1 5357583712319.112
a 4 79 0 1 3950380799300.468
a 5 9 0 1 12423723821824.77
a 5 10 0 1 17824041355756.855
a 5 11 0 1 9904902179714.604
a 5 12 0 1 12304737673736.443
a 5 13 0 1 7682561648558.727
a 5 14 0 1 4071297113085.7085
a 5 15 0 1 11794354819271.137
a 5 16 0 1 17797096934667.492
a 5 17 0 1 13742464817386.54
a 5 18 0 1 7766465553602.017
a 5 19 0 1 7525901733325.349
a 5 20 0 1 8777154477676.196
a 5 21 0 1 9747077616632.459
a 5 22 0 1 5846696898098.361
a 5 23 0 1 9791035391645.957
a 5 24 0 1 9540853138513.473
a 5 25 0 1 5802821639924.161
a 5 26 0 1 17653067802534.4
a 5 27 0 1 14695568745864.29
a 5 28 0 1 3622125198033.1235
a 5 29 0 1 11043300559476.545
a 5 30 0 1 11619343226124.535
a 5 31 0 1 15802881698097.824
a 5 32 0 1 17835103577555.414
a 5 33 0 1 17434864371820.738
a 5 34 0 1 13786263817815.793
a 5 35 0 1 6619057800059.397
a 5 36 0 1 7169629310226.878
a 5 37 0 1 8451652302040.462
a 5 38 0 1 14188046465816.9
a 5 39 0 1 5496914701492.027
a 5 40 0 1 8649747658743.113
a 5 41 0 1 7049226169034.639
a 5 42 0 1 10501683676342.332
a 5 43 0 1 3746962831821.154
a 5 44 0 1 10961997206834.88
a 5 45 0 1 4536483225191.027
a 5 46 0 1 17369789595930.773
a 5 47 0 1 11015696987471.623
a 5 48 0 1 15069673539932.94
a 5 49 0 1 14871103119617.209
a 5 50 0 1 5714134799414.749
a 5 51 0 1 13170722226329.225
a 5 52 0 1 15814954130650.574
a 5 53 0 1 8096722913788.82
a 5 54 0 1 10466243745851.736
a 5 55 0 1 15666959058500.621
a 5 56 0 1 4010884505482.756
a 5 57 0 1 14558673484006.088
a 5 58 0 1 14568063552514.488
a 5 59 0 1 17331798428621.639
a 5 60 0 1 14016031478566.82
a 5 61 0 1 10024221277124.502
a 5 62 0 1 16635785078875.828
a 5 63 0 1 12980952902063.656
a 5 64 0 1 17582474311820.922
a 5 65 0 1 7523661162893.318
a 5 66 0 1 9372276337806.38
a 5 67 0 1 15756075240630.402
a 5 68 0 1 14933946850357.82
a 5 69 0 1 11910320809653.438
a 5 70 0 1 15033376164257.492
a 5 71 0 1 15605305718076.463
a 5 72 0 1 13726328163447.053
a 5 73 0 1 4510469405120.626
a 5 74 0 1 9226791946111.799
a 5 75 0 1 4215277273454.155
a 5 76 0 1 6245629738744.639
a 5 77 0 1 10251394517794.676
a 5 78 0 1 8464697077272.659
a 5 79 0 1 6240804833258.693
a 6 9 0 1 17079536080072.768
a 6 10 0 1 24509350231786.227
a 6 11 0 1 13615301089055.959
a 6 12 0 1 16915872753029.469
a 6 13 0 1 10559454202369.807
a 6 14 0 1 5595006447509.946
a 6 15 0 1 16213869327259.566
a 6 16 0 1 24472271189865.85
a 6 17 0 1 18893553584823.656
a 6 18 0 1 10674816277377.121
a 6 19 0 1 10344059874533.643
a 6 20 0 1 12064509416850.48
a 6 21 0 1 13398263829222.385
a 6 22 0 1 8035476076952.485
a 6 23 0 1 13458713406444.404
a 6 24 0 1 13114672409885.197
a 6 25 0 1 7975160517057.214
a 6 26 0 1 24274069763617.71
a 6 27 0 1 20204741369634.297
a 6 28 0 1 4977632672960.795
a 6 29 0 1 15180891995494.117
a 6 30 0 1 15973157678607.633
a 6 31 0 1 21728210738516.92
a 6 32 0 1 24524573318581.16
a 6 33 0 1 23973800282068.723
a 6 34 0 1 18953805624513.492
a 6 35 0 1 9097282268504.547
a 6 36 0 1 9854225828148.13
a 6 37 0 1 11616932015851.646
a 6 38 0 1 19506528069095.957
a 6 39 0 1 7554634903477.323
a 6 40 0 1 11889318880795.068
a 6 41 0 1 9688688613651.176
a 6 42 0 1 14436010111684.533
a 6 43 0 1 5149215981995.482
a 6 44 0 1 15069073843421.502
a 6 45 0 1 6234416478703.578
a 6 46 0 1 23884252058723.688
a 6 47 0 1 15142928154225.701
a 6 48 0 1 20719427947305.62
a 6 49 0 1 20446236296678.004
a 6 50 0 1 7853242924470.053
a 6 51 0 1 18107057546886.133
a 6 52 0 1 21744821103303.227
a 6 53 0 1 11128905458202.496
a 6 54 0 1 14387271040138.25
a 6 55 0 1 21541197047870.996
a 6 56 0 1 5511969678144.528
a 6 57 0 1 20016407519476.62
a 6 58 0 1 20029325848255.176
a 6 59 0 1 23831973333103.348
a 6 60 0 1 19269888956931.05
a 6 61 0 1 13779388348096.834
a 6 62 0 1 22874236647344.324
a 6 63 0 1 17846017160365.81
a 6 64 0 1 24176925524088.387
a 6 65 0 1 10340979298041.188
a 6 66 0 1 12882856280538.78
a 6 67 0 1 21663810266742.234
a 6 68 0 1 20532695708357.16
a 6 69 0 1 16373371422476.498
a 6 70 0 1 20669489947590.332
a 6 71 0 1 21456369971335.344
a 6 72 0 1 18871355274727.12
a 6 73 0 1 6198659150484.439
a 6 74 0 1 12682798081668.701
a 6 75 0 1 5792908064490.226
a 6 76 0 1 8583901734463.521
a 6 77 0 1 14091800972213.793
a 6 78 0 1 11634868817091.855
a 6 79 0 1 8577268670734.54
a 7 9 0 1 17050830327017.875
a 7 10 0 1 24468121893275.53
a 7 11 0 1 13592426826487.154
a 7 12 0 1 16887442605767.953
a 7 13 0 1 10541720120178.465
a 7 14 0 1 5585615272042.909
a 7 15 0 1 16186621222215.361
a 7 16 0 1 24431105399367.188
a 7 17 0 1 18861792367841.465
a 7 18 0 1 10656888212467.225
a 7 19 0 1 10326687966731.584
a 7 20 0 1 12044244161911.324
a 7 21 0 1 13375754759918.365
a 7 22 0 1 8021984807177.634
a 7 23 0 1 13436102624738.486
a 7 24 0 1 13092640492372.86
a 7 25 0 1 7961770607749.629
a 7 26 0 1 24233238306735.414
a 7 27 0 1 20170770843064.465
a 7 28 0 1 4969278347596.1
a 7 29 0 1 15155382883897.385
a 7 30 0 1 15946314842958.805
a 7 31 0 1 21691672378188.043
a 7 32 0 1 24483319300345.06
a 7 33 0 1 23933475302016.695
a 7 34 0 1 18921942899362.906
a 7 35 0 1 9082006400296.812
a 7 36 0 1 9837677484128.453
a 7 37 0 1 11597419579417.951
a 7 38 0 1 19473734092547.56
a 7 39 0 1 7541951649587.103
a 7 40 0 1 11869348302947.074
a 7 41 0 1 9672418568346.41
a 7 42 0 1 14411754735296.977
a 7 43 0 1 5140573505329.715
a 7 44 0 1 15043752950330.799
a 7 45 0 1 6223951289150.144
a 7 46 0 1 23844078116559.99
a 7 47 0 1 15117482946011.42
a 7 48 0 1 20684590008259.81
a 7 49 0 1 20411858786236.81
a 7 50 0 1 7840057893727.123
a 7 51 0 1 18076621231165.074
a 7 52 0 1 21708254740963.613
a 7 53 0 1 11110213786886.604
a 7 54 0 1 14363097690602.629
a 7 55 0 1 21504973950746.99
a 7 56 0 1 5502717967574.777
a 7 57 0 1 19982754370390.93
a 7 58 0 1 19995650929827.566
a 7 59 0 1 23791887566218.477
a 7 60 0 1 19237493694984.848
a 7 61 0 1 13756237975394.172
a 7 62 0 1 22835766047932.42
a 7 63 0 1 17816020530393.516
a 7 64 0 1 24136257928197.85
a 7 65 0 1 10323612569938.014
a 7 66 0 1 12861214378104.188
a 7 67 0 1 21627380472717.11
a 7 68 0 1 20498172485074.125
a 7 69 0 1 16345854762540.596
a 7 70 0 1 20634736174636.168
a 7 71 0 1 21420289869199.19
a 7 72 0 1 18839631455458.332
a 7 73 0 1 6188254026518.659
a 7 74 0 1 12661492747018.201
a 7 75 0 1 5783184491456.203
a 7 76 0 1 8569488769348.953
a 7 77 0 1 14068124873038.488
a 7 78 0 1 11615326212715.902
a 7 79 0 1 8562866853976.321
a 8 9 0 1 25877604269846.3
a 8 10 0 1 37151092828121.99
a 8 11 0 1 20624619341923.973
a 8 12 0 1 25629385047412.3
a 8 13 0 1 15992687476843.646
a 8 14 0 1 8471353918606.254
a 8 15 0 1 24564749637390.484
a 8 16 0 1 37094806855621.34
a 8 17 0 1 28629149200805.47
a 8 18 0 1 16167518223413.27
a 8 19 0 1 15666264673199.408
a 8 20 0 1 18273780580190.156
a 8 21 0 1 20295587380778.613
a 8 22 0 1 12168208012272.201
a 8 23 0 1 20387229055265.285
a 8 24 0 1 19865671034157.113
a 8 25 0 1 12076828351831.105
a 8 26 0 1 36793941382261.91
a 8 27 0 1 30618360005559.71
a 8 28 0 1 7536317805490.877
a 8 29 0 1 22998331647659.99
a 8 30 0 1 24199714697597.25
a 8 31 0 1 32930014645365.89
a 8 32 0 1 37174201540563.15
a 8 33 0 1 36338152359412.28
a 8 34 0 1 28720551122532.04
a 8 35 0 1 13776979385750.21
a 8 36 0 1 14923968842389.217
a 8 37 0 1 17595380341390.93
a 8 38 0 1 29559057789760.812
a 8 39 0 1 11439739144623.953
a 8 40 0 1 18008237182872.805
a 8 41 0 1 14673123057234.863
a 8 42 0 1 21868904079334.75
a 8 43 0 1 7796180404558.801
a 8 44 0 1 22828780933116.016
a 8 45 0 1 9439836891022.082
a 8 46 0 1 36202227295323.97
a 8 47 0 1 22940766533655.258
a 8 48 0 1 31399278974221.457
a 8 49 0 1 30984767270372.34
a 8 50 0 1 11892121986614.254
a 8 51 0 1 27436100350340.547
a 8 52 0 1 32955220895214.605
a 8 53 0 1 16855711754407.615
a 8 54 0 1 21795006920757.547
a 8 55 0 1 32646224572985.285
a 8 56 0 1 8345587585478.784
a 8 57 0 1 30332618497397.32
a 8 58 0 1 30352218076490.93
a 8 59 0 1 36122874196240.33
a 8 60 0 1 29200058062672.227
a 8 61 0 1 20873383886674.926
a 8 62 0 1 34669227475265.54
a 8 63 0 1 27040148552933.098
a 8 64 0 1 36646481127286.83
a 8 65 0 1 15661596224459.84
a 8 66 0 1 19514255280829.574
a 8 67 0 1 32832287318605.812
a 8 68 0 1 31115950047784.098
a 8 69 0 1 24806637488263.055
a 8 70 0 1 31323507403126.344
a 8 71 0 1 32517503021956.758
a 8 72 0 1 28595474685303.164
a 8 73 0 1 9385675084799.693
a 8 74 0 1 19210989932163.402
a 8 75 0 1 8771097937418.784
a 8 76 0 1 12999117308535.82
a 8 77 0 1 21347030560885.652
a 8 78 0 1 17622566744948.613
a 8 79 0 1 12989067356780.8
a 9 1 0 1 0
a 10 1 0 1 0
a 11 1 0 1 0
a 12 1 0 1 0
a 13 1 0 1 0
a 14 1 0 1 0
a 15 1 0 1 0
a 16 1 0 1 0
a 17 1 0 1 0
a 18 1 0 1 0
a 19 1 0 1 0
a 20 1 0 1 0
a 21 1 0 1 0
a 22 1 0 1 0
a 23 1 0 1 0
a 24 1 0 1 0
a 25 1 0 1 0
a 26 1 0 1 0
a 27 1 0 1 0
a 28 1 0 1 0
a 29 1 0 1 0
a 30 1 0 1 0
a 31 1 0 1 0
a 32 1 0 1 0
a 33 1 0 1 0
a 34 1 0 1 0
a 35 1 0 1 0
a 36 1 0 1 0
a 37 1 0 1 0
a 38 1 0 1 0
a 39 1 0 1 0
a 40 1 0 1 0
a 41 1 0 1 0
a 42 1 0 1 0
a 43 1 0 1 0
a 44 1 0 1 0
a 45 1 0 1 0
a 46 1 0 1 0
a 47 1 0 1 0
a 48 1 0 1 0
a 49 1 0 1 0
a 50 1 0 1 0
a 51 1 0 1 0
a 52 1 0 1 0
a 53 1 0 1 0
a 54 1 0 1 0
a 55 1 0 1 0
a 56 1 0 1 0
a 57 1 0 1 0
a 58 1 0 1 0
a 59 1 0 1 0
a 60 1 0 1 0
a 61 1 0 1 0
a 62 1 0 1 0
a 63 1 0 1 0
a 64 1 0 1 0
a 65 1 0 1 0
a 66 1 0 1 0
a 67 1 0 1 0
a 68 1 0 1 0
a 69 1 0 1 0
a 70 1 0 1 0
a 71 1 0 1 0
a 72 1 0 1 0
a 73 1 0 1 0
a 74 1 0 1 0
a 75 1 0 1 0
a 76 1 0 1 0
a 77 1 0 1 0
a 78 1 0 1 0
a 79 1 0 1 0
