p min 81 583
n 0 7
n 1 -7
a 0 2 0 1 0
a 0 3 0 1 0
a 0 4 0 1 0
a 0 5 0 1 0
a 0 6 0 1 0
a 0 7 0 1 0
a 0 8 0 1 0
a 2 9 0 1 26021896535635.113
a 2 10 0 1 27055376202247.57
a 2 11 0 1 16307249486991.209
a 2 12 0 1 27895940232349.83
a 2 13 0 1 22751769922179.98
a 2 14 0 1 16249616078461.162
a 2 15 0 1 18130315921628.668
a 2 16 0 1 23121247175482.996
a 2 17 0 1 16617811751443.496
a 2 18 0 1 16587465965019.65
a 2 19 0 1 12593278052064.92
a 2 20 0 1 21081924428322.6
a 2 21 0 1 25121941258004.38
a 2 22 0 1 17077540723166.266
a 2 23 0 1 33892911069512.703
a 2 24 0 1 17627370855491.383
a 2 25 0 1 24629694336122.05
a 2 26 0 1 23128540890030.637
a 2 27 0 1 36490834967094.01
a 2 28 0 1 21749484803494.254
a 2 29 0 1 22627873739758.47
a 2 30 0 1 22427740907252.21
a 2 31 0 1 33906731138444.95
a 2 32 0 1 22885109327058.87
a 2 33 0 1 26195080725563.902
a 2 34 0 1 31737475347015.61
a 2 35 0 1 27525865422209.06
a 2 36 0 1 12248018579359.521
a 2 37 0 1 22700493672660.676
a 2 38 0 1 22960701630054.223
a 2 39 0 1 32087162882798.863
a 2 40 0 1 27998085593714.82
a 2 41 0 1 31122152230627.99
a 2 42 0 1 11382272119656.885
a 2 43 0 1 19287551664425.395
a 2 44 0 1 33834100579352.72
a 2 45 0 1 13799881861495.035
a 2 46 0 1 9022928270237.793
a 2 47 0 1 22565487075747.19
a 2 48 0 1 24049858972199.82
a 2 49 0 1 31383388696567.418
a 2 50 0 1 29214084835474.71
a 2 51 0 1 24867190524125.254
a 2 52 0 1 14378514820009.387
a 2 53 0 1 27019973927381.215
a 2 54 0 1 27807937029513.605
a 2 55 0 1 13246680969429.338
a 2 56 0 1 18443448957566.06
a 2 57 0 1 14300528204845.254
a 2 58 0 1 18663715656126.2
a 2 59 0 1 36394178904272.8
a 2 60 0 1 30109756289673.848
a 2 61 0 1 19510906074001.93
a 2 62 0 1 12511474719090.697
a 2 63 0 1 37088921440942.984
a 2 64 0 1 31403269522704.656
a 2 65 0 1 22331620421683.938
a 2 66 0 1 36623326613446.9
a 2 67 0 1 35253020239136.06
a 2 68 0 1 22238413140665.516
a 2 69 0 1 10643572241185.18
a 2 70 0 1 20715742690241.035
a 2 71 0 1 36799392520990.15
a 2 72 0 1 10671700779863.746
a 2 73 0 1 17283286393354.506
a 2 74 0 1 20067960917574.387
a 2 75 0 1 18593553083013.92
a 2 76 0 1 12286532070810.113
a 2 77 0 1 18215199704399.58
a 2 78 0 1 37139429580968.78
a 2 79 0 1 12880150959687.643
a 2 80 0 1 23136013390556.105
a 3 9 0 1 22752619860848.996
a 3 10 0 1 23655903772757.523
a 3 11 0 1 14260482277915.303
a 3 12 0 1 24390555213730.848
a 3 13 0 1 19894279063098.93
a 3 14 0 1 14210094435003.105
a 3 15 0 1 15854312777965.998
a 3 16 0 1 20217244024232.297
a 3 17 0 1 14531999781377.465
a 3 18 0 1 14505469260144.355
a 3 19 0 1 11013252666591.617
a 3 20 0 1 18434601861531.53
a 3 21 0 1 21966017140004.81
a 3 22 0 1 14933925852834.39
a 3 23 0 1 29631376798272.37
a 3 24 0 1 15414617410180.041
a 3 25 0 1 21535761777074.68
a 3 26 0 1 20223619521914.67
a 3 27 0 1 31901448926106.992
a 3 28 0 1 19018150947762.656
a 3 29 0 1 19785978994551.5
a 3 30 0 1 19611038162340.05
a 3 31 0 1 29643453260981.08
a 3 32 0 1 20010833201983.582
a 3 33 0 1 22903988532617.594
a 3 34 0 1 27747821851477.227
a 3 35 0 1 24067112707030.824
a 3 36 0 1 10711364878764.527
a 3 37 0 1 19849457540879.395
a 3 38 0 1 20076909461367.45
a 3 39 0 1 28053408769401.02
a 3 40 0 1 24479828853784.58
a 3 41 0 1 27210092278825.62
a 3 42 0 1 9954360708179.54
a 3 43 0 1 16865991782438.234
a 3 44 0 1 29579986067586.74
a 3 45 0 1 12068258560826.764
a 3 46 0 1 7891266604125.815
a 3 47 0 1 19731445448018.64
a 3 48 0 1 21028940623808.605
a 3 49 0 1 27438387448594.902
a 3 50 0 1 25542575130580.297
a 3 51 0 1 21743349435724.41
a 3 52 0 1 12574178906782.047
a 3 53 0 1 23624961855428.84
a 3 54 0 1 24313641413424.113
a 3 55 0 1 11584566497917.062
a 3 56 0 1 16128063387748.42
a 3 57 0 1 12505992798535.793
a 3 58 0 1 16320625878462.31
a 3 59 0 1 31816993696280.71
a 3 60 0 1 26325340697137.957
a 3 61 0 1 17061248842568.398
a 3 62 0 1 10941725785841.604
a 3 63 0 1 32424034050333.844
a 3 64 0 1 27455761279000.242
a 3 65 0 1 19527016616648.395
a 3 66 0 1 32017215851147.387
a 3 67 0 1 30819864824058.965
a 3 68 0 1 19445541359201.957
a 3 69 0 1 9308430417616.838
a 3 70 0 1 18114498651424.414
a 3 71 0 1 32171055869589.453
a 3 72 0 1 9333026687838.252
a 3 73 0 1 15113800860504.873
a 3 74 0 1 17548222266883.354
a 3 75 0 1 16259288188493.375
a 3 76 0 1 10745040433628.08
a 3 77 0 1 15928521058232.66
a 3 78 0 1 32468165718526.6
a 3 79 0 1 11264086148488.162
a 3 80 0 1 20230151296536.668
a 4 9 0 1 8137349690687.642
a 4 10 0 1 8459839212426.422
a 4 11 0 1 5103386113857.392
a 4 12 0 1 8722091936418.331
a 4 13 0 1 7116583526829.881
a 4 14 0 1 5085372801708.164
a 4 15 0 1 5673100411987.185
a 4 16 0 1 7231941909071.076
a 4 17 0 1 5200449468827.861
a 4 18 0 1 5190965385113.251
a 4 19 0 1 3942249014180.4155
a 4 20 0 1 6595139294857.545
a 4 21 0 1 7856482439695.944
a 4 22 0 1 5344124734798.429
a 4 23 0 1 10592110469214.227
a 4 24 0 1 5515944835792.68
a 4 25 0 1 7702840044598.638
a 4 26 0 1 7234219088521.556
a 4 27 0 1 11401662202745.771
a 4 28 0 1 6803615547860.862
a 4 29 0 1 7077899084386.985
a 4 30 0 1 7015409461787.65
a 4 31 0 1 10596417890288.28
a 4 32 0 1 7158215604343.536
a 4 33 0 1 8191394191016.852
a 4 34 0 1 9920191578810.438
a 4 35 0 1 8606634330958.845
a 4 36 0 1 3834272316935.1016
a 4 37 0 1 7100573495863.969
a 4 38 0 1 7181817123761.664
a 4 39 0 1 10029216069427.94
a 4 40 0 1 8753958514146.178
a 4 41 0 1 9728333385212.938
a 4 42 0 1 3563492198642.8584
a 4 43 0 1 6034655110369.579
a 4 44 0 1 10573780386780.45
a 4 45 0 1 4319556829235.774
a 4 46 0 1 2825370279467.659
a 4 47 0 1 7058419639062.039
a 4 48 0 1 7521843772032.35
a 4 49 0 1 9809789389785.818
a 4 50 0 1 9133277633598.52
a 4 51 0 1 7776969953187.523
a 4 52 0 1 4500471140841.926
a 4 53 0 1 8448793073302.788
a 4 54 0 1 8694636914421.956
a 4 55 0 1 4146578568646.4272
a 4 56 0 1 5770938977714.528
a 4 57 0 1 4476088955848.199
a 4 58 0 1 5839758506427.819
a 4 59 0 1 11371548706186.078
a 4 60 0 1 9412626885074.264
a 4 61 0 1 6104430012723.851
a 4 62 0 1 3916666313948.798
a 4 63 0 1 11587987640676.104
a 4 64 0 1 9815988281620.309
a 4 65 0 1 6985396026749.247
a 4 66 0 1 11442939636945.379
a 4 67 0 1 11015982297663.059
a 4 68 0 1 6956291797878.315
a 4 69 0 1 3332419196710.1885
a 4 70 0 1 6480772942674.702
a 4 71 0 1 11497791179476.85
a 4 72 0 1 3341218590703.9565
a 4 73 0 1 5408421328494.794
a 4 74 0 1 6278440663103.367
a 4 75 0 1 5817837363225.135
a 4 76 0 1 3846317346447.54
a 4 77 0 1 5699622869397.925
a 4 78 0 1 11603721933151.672
a 4 79 0 1 4031961367553.556
a 4 80 0 1 7236552084231.215
a 5 9 0 1 25954840028352.45
a 5 10 0 1 26985648211112.883
a 5 11 0 1 16265273798721.418
a 5 12 0 1 27824038965244.6
a 5 13 0 1 22693162322680.41
a 5 14 0 1 16207789018505.209
a 5 15 0 1 18083637790408.77
a 5 16 0 1 23061685288912.52
a 5 17 0 1 16575035133670.826
a 5 18 0 1 16544767610514.916
a 5 19 0 1 12560876144412.441
a 5 20 0 1 21027628701445.89
a 5 21 0 1 25057210565485.312
a 5 22 0 1 17033578375153.717
a 5 23 0 1 33805492470859.832
a 5 24 0 1 17581990224446.8
a 5 25 0 1 24566235586964.51
a 5 26 0 1 23068960164414.39
a 5 27 0 1 36396687529521.98
a 5 28 0 1 21693465501573.82
a 5 29 0 1 22569586121600.336
a 5 30 0 1 22369970144320.05
a 5 31 0 1 33819276755284.816
a 5 32 0 1 22826157347442.137
a 5 33 0 1 26127576591610.15
a 5 34 0 1 31655636459662.117
a 5 35 0 1 27454921034194.44
a 5 36 0 1 12216506257961.605
a 5 37 0 1 22642018503230.492
a 5 38 0 1 22901554410997.543
a 5 39 0 1 32004418957585.562
a 5 40 0 1 27925920201471.08
a 5 41 0 1 31041905704889.105
a 5 42 0 1 11352990147081.65
a 5 43 0 1 19237887521484.938
a 5 44 0 1 33746834258294.324
a 5 45 0 1 13764370496899.959
a 5 46 0 1 8999722223606.26
a 5 47 0 1 22507360577496.043
a 5 48 0 1 23987898306464.48
a 5 49 0 1 31302466158510.09
a 5 50 0 1 29138774664222.88
a 5 51 0 1 24803118113715.215
a 5 52 0 1 14341511993893.562
a 5 53 0 1 26950337459522.773
a 5 54 0 1 27736263314110.04
a 5 55 0 1 13212595328347.785
a 5 56 0 1 18395962928480.793
a 5 57 0 1 14263726405513.926
a 5 58 0 1 18615661293855.8
a 5 59 0 1 36300281885853.016
a 5 60 0 1 30032129199317.484
a 5 61 0 1 19460665519012.594
a 5 62 0 1 12479283590077.902
a 5 63 0 1 36993224341068.64
a 5 64 0 1 31322295536556.863
a 5 65 0 1 22274097887313.035
a 5 66 0 1 36528835903887.56
a 5 67 0 1 35162079345367.84
a 5 68 0 1 22181131306350.79
a 5 69 0 1 10616192967561.184
a 5 70 0 1 20662392296267.035
a 5 71 0 1 36704445626929.86
a 5 72 0 1 10644249060343.887
a 5 73 0 1 17238793346775.146
a 5 74 0 1 20016282639010.65
a 5 75 0 1 18545679757670.062
a 5 76 0 1 12254920520082.025
a 5 77 0 1 18168302574793.777
a 5 78 0 1 37043601603047.25
a 5 79 0 1 12847009849375.398
a 5 80 0 1 23076413364073.215
a 6 9 0 1 20835582650073.457
a 6 10 0 1 21662569811187.688
a 6 11 0 1 13060031746404.512
a 6 12 0 1 22335157492378.105
a 6 13 0 1 18218578671074.367
a 6 14 0 1 13013891921239.781
a 6 15 0 1 14519468837399.742
a 6 16 0 1 18514282184788.016
a 6 17 0 1 13308657809187.072
a 6 18 0 1 13284364114423.402
a 6 19 0 1 10086472135937.084
a 6 20 0 1 16882089559046.492
a 6 21 0 1 20115409256467.582
a 6 22 0 1 13676695383803.963
a 6 23 0 1 27132952615944.19
a 6 24 0 1 14116853541404.979
a 6 25 0 1 19721484696530.51
a 6 26 0 1 18520119508520.49
a 6 27 0 1 29210975006506.92
a 6 28 0 1 17416395115277.625
a 6 29 0 1 18119419787375.656
a 6 30 0 1 17959244585147.867
a 6 31 0 1 27144007644318.113
a 6 32 0 1 18325294698161.016
a 6 33 0 1 20974166833623.754
a 6 34 0 1 25408678032776.273
a 6 35 0 1 22039040771739.242
a 6 36 0 1 9810017326909.57
a 6 37 0 1 18177540383407.457
a 6 38 0 1 18385793479577.688
a 6 39 0 1 25688427689640.43
a 6 40 0 1 22416888590989.895
a 6 41 0 1 24916409256111.17
a 6 42 0 1 9116780961948.92
a 6 43 0 1 15445818604898.568
a 6 44 0 1 27085908514480.234
a 6 45 0 1 11052584797572.973
a 6 46 0 1 7227424175468.234
a 6 47 0 1 18069489125028.11
a 6 48 0 1 19257455341750.816
a 6 49 0 1 25125404498572.555
a 6 50 0 1 23389834774242.26
a 6 51 0 1 19911544045329.074
a 6 52 0 1 11515870029594.506
a 6 53 0 1 21634241673203.875
a 6 54 0 1 22264741862911.527
a 6 55 0 1 10609650365616.844
a 6 56 0 1 14770131972350.227
a 6 57 0 1 11453430392466.516
a 6 58 0 1 14946453402581.8
a 6 59 0 1 29133666395849.504
a 6 60 0 1 24106445232112.184
a 6 61 0 1 15624604772745.576
a 6 62 0 1 10020971288358.64
a 6 63 0 1 29689336039374.375
a 6 64 0 1 25141309518461.797
a 6 65 0 1 17882314563902.76
a 6 66 0 1 29316945503488.62
a 6 67 0 1 28220905159732.39
a 6 68 0 1 17807715800997.395
a 6 69 0 1 8525253892326.779
a 6 70 0 1 16588996091418.787
a 6 71 0 1 29457766902888.84
a 6 72 0 1 8547778687211.242
a 6 73 0 1 13841403255156.826
a 6 74 0 1 16070496641866.14
a 6 75 0 1 14890289113257.148
a 6 76 0 1 9840855915560.33
a 6 77 0 1 14587418699596.727
a 6 78 0 1 29729732814628.027
a 6 79 0 1 10316172552350.936
a 6 80 0 1 18526099916659.49
a 7 9 0 1 22955006082927.086
a 7 10 0 1 23866346869903.14
a 7 11 0 1 14387205163704.895
a 7 12 0 1 24607552309049.52
a 7 13 0 1 20071181342997.72
a 7 14 0 1 14336368819983.348
a 7 15 0 1 15995225015118.08
a 7 16 0 1 20397024896063.43
a 7 17 0 1 14661139527394.275
a 7 18 0 1 14634372843168.242
a 7 19 0 1 11111082780488.54
a 7 20 0 1 18598496708460.008
a 7 21 0 1 22161388606388.844
a 7 22 0 1 15066643545439.857
a 7 23 0 1 29895160960798.34
a 7 24 0 1 15551614658583.906
a 7 25 0 1 21727296859976.434
a 7 26 0 1 20403457220833.27
a 7 27 0 1 32185516685990.777
a 7 28 0 1 19187245371121.86
a 7 29 0 1 19961916042537.277
a 7 30 0 1 19785416089256.523
a 7 31 0 1 29907345301076.92
a 7 32 0 1 20188774305902.94
a 7 33 0 1 23107724775379.258
a 7 34 0 1 27994784151445.02
a 7 35 0 1 24281224157901.95
a 7 36 0 1 10806510002427.496
a 7 37 0 1 20025960342890.375
a 7 38 0 1 20255439502431.656
a 7 39 0 1 28303099738880.098
a 7 40 0 1 24697622456453.668
a 7 41 0 1 27452253514087.78
a 7 42 0 1 10042773864157.494
a 7 43 0 1 17015913392861.715
a 7 44 0 1 29843311166360.43
a 7 45 0 1 12175473377025.002
a 7 46 0 1 7961338864732.648
a 7 47 0 1 19906896471161.332
a 7 48 0 1 21215957114165.074
a 7 49 0 1 27682586921183.137
a 7 50 0 1 25769851918897.176
a 7 51 0 1 21936735431678.027
a 7 52 0 1 12685894904215.27
a 7 53 0 1 23835128937005.11
a 7 54 0 1 24529952290227.367
a 7 55 0 1 11687478392899.953
a 7 56 0 1 16271413265716.18
a 7 57 0 1 12617102112250.34
a 7 58 0 1 16465690542060.812
a 7 59 0 1 32100306638378.566
a 7 60 0 1 26559603821508.438
a 7 61 0 1 17212909532640.531
a 7 62 0 1 11038919722580.707
a 7 63 0 1 32712772738976.293
a 7 64 0 1 27700115870946.656
a 7 65 0 1 19700645742840.6
a 7 66 0 1 32302318300849.152
a 7 67 0 1 31094267056214.184
a 7 68 0 1 19618444391171.56
a 7 69 0 1 9391100311565.889
a 7 70 0 1 18275541593599.035
a 7 71 0 1 32457533337981.19
a 7 72 0 1 9415915262707.008
a 7 73 0 1 15248119908956.04
a 7 74 0 1 17704220585952.98
a 7 75 0 1 16403806626332.525
a 7 76 0 1 10840485058373.469
a 7 77 0 1 16070094075429.297
a 7 78 0 1 32757298887300.844
a 7 79 0 1 11364147318810.514
a 7 80 0 1 20410047215583.035
a 8 9 0 1 8241837203998.322
a 8 10 0 1 8568471733825.266
a 8 11 0 1 5168892879333.308
a 8 12 0 1 8834095462803.293
a 8 13 0 1 7207953028412.929
a 8 14 0 1 5150648212226.312
a 8 15 0 1 5745924835643.347
a 8 16 0 1 7324793741182.117
a 8 17 0 1 5267202889531.486
a 8 18 0 1 5257596993590.73
a 8 19 0 1 3992844639640.8804
a 8 20 0 1 6679808847163.6045
a 8 21 0 1 7957360176433.2705
a 8 22 0 1 5412723533186.91
a 8 23 0 1 10728157251856.01
a 8 24 0 1 5586750587780.1455
a 8 25 0 1 7801743230667.629
a 8 26 0 1 7327100182302.775
a 8 27 0 1 11548120830053.246
a 8 28 0 1 6890963678737.748
a 8 29 0 1 7168771508090.065
a 8 30 0 1 7105478931108.337
a 8 31 0 1 10732520066534.111
a 8 32 0 1 7250120064614.165
a 8 33 0 1 8296576324969.9375
a 8 34 0 1 10047598139519.266
a 8 35 0 1 8717153736149.3545
a 8 36 0 1 3883481527823.729
a 8 37 0 1 7191737275125.281
a 8 38 0 1 7274024858207.7705
a 8 39 0 1 10158024486787.586
a 8 40 0 1 8866371668599.568
a 8 41 0 1 9853273085068.756
a 8 42 0 1 3609224761966.248
a 8 43 0 1 6112124004118.839
a 8 44 0 1 10709591444466.6
a 8 45 0 1 4374997339457.826
a 8 46 0 1 2861626933297.2812
a 8 47 0 1 7149041762254.859
a 8 48 0 1 7618420957096.021
a 8 49 0 1 9935776415473.877
a 8 50 0 1 9250566969293.184
a 8 51 0 1 7876825818386.762
a 8 52 0 1 4558234863074.392
a 8 53 0 1 8557283611796.612
a 8 54 0 1 8806287523404.781
a 8 55 0 1 4199797869358.6177
a 8 56 0 1 5845020180276.461
a 8 57 0 1 4533539568418.33
a 8 58 0 1 5914723742933.964
a 8 59 0 1 11517620001179.89
a 8 60 0 1 9533507556235.787
a 8 61 0 1 6182795268070.07
a 8 62 0 1 3966933455855.624
a 8 63 0 1 11736842923734.387
a 8 64 0 1 9942055010773.703
a 8 65 0 1 7075079845488.295
a 8 66 0 1 11589929196195.613
a 8 67 0 1 11157480355336.908
a 8 68 0 1 7045601651245.438
a 8 69 0 1 3375185100650.438
a 8 70 0 1 6563973129892.63
a 8 71 0 1 11645486275858.588
a 8 72 0 1 3384097463827.4604
a 8 73 0 1 5477845977984.133
a 8 74 0 1 6359041405614.216
a 8 75 0 1 5892521006104.256
a 8 76 0 1 3895681213091.4487
a 8 77 0 1 5772787982714.644
a 8 78 0 1 11752779607099.264
a 8 79 0 1 4083708921015.7744
a 8 80 0 1 7329463156935.132
a 9 1 0 1 0
a 10 1 0 1 0
a 11 1 0 1 0
a 12 1 0 1 0
a 13 1 0 1 0
a 14 1 0 1 0
a 15 1 0 1 0
a 16 1 0 1 0
a 17 1 0 1 0
a 18 1 0 1 0
a 19 1 0 1 0
a 20 1 0 1 0
a 21 1 0 1 0
a 22 1 0 1 0
a 23 1 0 1 0
a 24 1 0 1 0
a 25 1 0 1 0
a 26 1 0 1 0
a 27 1 0 1 0
a 28 1 0 1 0
a 29 1 0 1 0
a 30 1 0 1 0
a 31 1 0 1 0
a 32 1 0 1 0
a 33 1 0 1 0
a 34 1 0 1 0
a 35 1 0 1 0
a 36 1 0 1 0
a 37 1 0 1 0
a 38 1 0 1 0
a 39 1 0 1 0
a 40 1 0 1 0
a 41 1 0 1 0
a 42 1 0 1 0
a 43 1 0 1 0
a 44 1 0 1 0
a 45 1 0 1 0
a 46 1 0 1 0
a 47 1 0 1 0
a 48 1 0 1 0
a 49 1 0 1 0
a 50 1 0 1 0
a 51 1 0 1 0
a 52 1 0 1 0
a 53 1 0 1 0
a 54 1 0 1 0
a 55 1 0 1 0
a 56 1 0 1 0
a 57 1 0 1 0
a 58 1 0 1 0
a 59 1 0 1 0
a 60 1 0 1 0
a 61 1 0 1 0
a 62 1 0 1 0
a 63 1 0 1 0
a 64 1 0 1 0
a 65 1 0 1 0
a 66 1 0 1 0
a 67 1 0 1 0
a 68 1 0 1 0
a 69 1 0 1 0
a 70 1 0 1 0
a 71 1 0 1 0
a 72 1 0 1 0
a 73 1 0 1 0
a 74 1 0 1 0
a 75 1 0 1 0
a 76 1 0 1 0
a 77 1 0 1 0
a 78 1 0 1 0
a 79 1 0 1 0
a 80 1 0 1 0
