p min 80 575
n 0 7
n 1 -7
a 0 2 0 1 0
a 0 3 0 1 0
a 0 4 0 1 0
a 0 5 0 1 0
a 0 6 0 1 0
a 0 7 0 1 0
a 0 8 0 1 0
a 2 9 0 1 6897645664444.378
a 2 10 0 1 4216269430541.9316
a 2 11 0 1 8230293727732.429
a 2 12 0 1 6737662844653.259
a 2 13 0 1 8509553260239.416
a 2 14 0 1 6916551646473.04
a 2 15 0 1 2393516532761.843
a 2 16 0 1 9235442319808.035
a 2 17 0 1 1978260617080.6328
a 2 18 0 1 5831933968882.331
a 2 19 0 1 5560368140180.97
a 2 20 0 1 9438944392719.08
a 2 21 0 1 7492381838881.315
a 2 22 0 1 4543511271353.875
a 2 23 0 1 9629466432845.87
a 2 24 0 1 3527799783082.98
a 2 25 0 1 2218670316878.288
a 2 26 0 1 2305328185271.504
a 2 27 0 1 5518253233428.523
a 2 28 0 1 5555833981782.193
a 2 29 0 1 8412706629283.8
a 2 30 0 1 3954566434706.1543
a 2 31 0 1 4852437390366.515
a 2 32 0 1 9548021328064.855
a 2 33 0 1 2361195265731.505
a 2 34 0 1 8328276308668.808
a 2 35 0 1 3406436547243.509
a 2 36 0 1 9107136819267.066
a 2 37 0 1 2306116737971.864
a 2 38 0 1 9586779175260.385
a 2 39 0 1 2740167116603.0117
a 2 40 0 1 9047928024068.838
a 2 41 0 1 8968833347579.62
a 2 42 0 1 3443174718611.584
a 2 43 0 1 7584131433045.062
a 2 44 0 1 4116551597602.7563
a 2 45 0 1 6547519086119.8545
a 2 46 0 1 9544589944526.094
a 2 47 0 1 6400369618249.497
a 2 48 0 1 7581448999354.681
a 2 49 0 1 7117194735685.629
a 2 50 0 1 8973677120089.121
a 2 51 0 1 8255378799173.328
a 2 52 0 1 6746056888013.847
a 2 53 0 1 7657408858679.585
a 2 54 0 1 4090858960066.4976
a 2 55 0 1 6425196662099.319
a 2 56 0 1 3968898106357.6035
a 2 57 0 1 2344850339109.8765
a 2 58 0 1 5716804753608.654
a 2 59 0 1 4388863127102.155
a 2 60 0 1 1950203832388.6113
a 2 61 0 1 6164637646126.408
a 2 62 0 1 5058040399833.423
a 2 63 0 1 9041519614468.676
a 2 64 0 1 9519391618817.803
a 2 65 0 1 4909431965528.988
a 2 66 0 1 8422621595574.708
a 2 67 0 1 4241110935308.1777
a 2 68 0 1 4268412580669.616
a 2 69 0 1 5690223469909.045
a 2 70 0 1 5097498347112.139
a 2 71 0 1 2803831770677.7163
a 2 72 0 1 8339969606615.822
a 2 73 0 1 8818460867857.045
a 2 74 0 1 4812945982687.803
a 2 75 0 1 1990843570290.408
a 2 76 0 1 9491294006653.723
a 2 77 0 1 7166652442002.04
a 2 78 0 1 8392002338682.532
a 2 79 0 1 8131355215045.247
a 3 9 0 1 11837140616453.672
a 3 10 0 1 7233995743694.339
a 3 11 0 1 14125668734460.379
a 3 12 0 1 11562439388463.531
a 3 13 0 1 14605299024945.502
a 3 14 0 1 11869603934618.127
a 3 15 0 1 4106020243903.118
a 3 16 0 1 15852122329864.691
a 3 17 0 1 3393542574550.847
a 3 18 0 1 10007378983575.408
a 3 19 0 1 9541168565963.81
a 3 20 0 1 16201694498623.79
a 3 21 0 1 12858406138544.537
a 3 22 0 1 7795665915775.591
a 3 23 0 1 16528980459632.723
a 3 24 0 1 6052421664916.501
a 3 25 0 1 3806020923936.6367
a 3 26 0 1 3954706513283.5674
a 3 27 0 1 9468869705141.164
a 3 28 0 1 9533384730528.836
a 3 29 0 1 14438961721207.992
a 3 30 0 1 6784836714960.988
a 3 31 0 1 8325927238261.179
a 3 32 0 1 16389069719325.07
a 3 33 0 1 4050563098503.9395
a 3 34 0 1 14293952014189.947
a 3 35 0 1 5844148026472.013
a 3 36 0 1 15631727511940.283
a 3 37 0 1 3956059503727.12
a 3 38 0 1 16455649779325.729
a 3 39 0 1 4700825275900.546
a 3 40 0 1 15530024082303.277
a 3 41 0 1 15394164065028.883
a 3 42 0 1 5907194625243.783
a 3 43 0 1 13015965091068.096
a 3 44 0 1 7062848435431.542
a 3 45 0 1 11235959243097.336
a 3 46 0 1 16383175147209.059
a 3 47 0 1 10983308078240.31
a 3 48 0 1 13011358590572.193
a 3 49 0 1 12214132904304.828
a 3 50 0 1 15402484106384.76
a 3 51 0 1 14168751623629.492
a 3 52 0 1 11576852343340.084
a 3 53 0 1 13141804032100.379
a 3 54 0 1 7018752207612.164
a 3 55 0 1 11025934927697.537
a 3 56 0 1 6809433561411.792
a 3 57 0 1 4022518426369.9604
a 3 58 0 1 9809728444578.842
a 3 59 0 1 7530227712534.909
a 3 60 0 1 3345405747122.484
a 3 61 0 1 10578576236430.273
a 3 62 0 1 8678852887565.727
a 3 63 0 1 15519016364633.342
a 3 64 0 1 16339888526827.525
a 3 65 0 1 8423759467975.629
a 3 66 0 1 14455990882673.975
a 3 67 0 1 7276632052791.436
a 3 68 0 1 7323490985340.711
a 3 69 0 1 9764094991764.848
a 3 70 0 1 8746585374714.772
a 3 71 0 1 4810068816818.982
a 3 72 0 1 14314035220185.45
a 3 73 0 1 15135875880987.73
a 3 74 0 1 8258140054901.025
a 3 75 0 1 3415131130835.094
a 3 76 0 1 16291621617018.389
a 3 77 0 1 12299059649223.834
a 3 78 0 1 14403401760083.162
a 3 79 0 1 13955746423515.412
a 4 9 0 1 6017905351712.808
a 4 10 0 1 3678662352440.0083
a 4 11 0 1 7180444112407.789
a 4 12 0 1 5878340890761.01
a 4 13 0 1 7424051069768.024
a 4 14 0 1 6034398349262.237
a 4 15 0 1 2088380476758.5713
a 4 16 0 1 8057257789520.603
a 4 17 0 1 1726073739201.7974
a 4 18 0 1 5088196412591.72
a 4 19 0 1 4851282301614.939
a 4 20 0 1 8234774061241.661
a 4 21 0 1 6536730517936.233
a 4 22 0 1 3964159272529.162
a 4 23 0 1 8400966797490.942
a 4 24 0 1 3078009039336.939
a 4 25 0 1 1935829396597.6873
a 4 26 0 1 2011437372875.45
a 4 27 0 1 4814541074939.45
a 4 28 0 1 4847326684414.572
a 4 29 0 1 7339568904987.019
a 4 30 0 1 3450341776608.4863
a 4 31 0 1 4233674415310.768
a 4 32 0 1 8329922192349.873
a 4 33 0 1 2060180644945.819
a 4 34 0 1 7265917656679.836
a 4 35 0 1 2972124783046.46
a 4 36 0 1 7945335464247.948
a 4 37 0 1 2012125374996.803
a 4 38 0 1 8363730702825.118
a 4 39 0 1 2390826348246.9893
a 4 40 0 1 7893686826625.747
a 4 41 0 1 7824691323919.284
a 4 42 0 1 3004177313284.7866
a 4 43 0 1 6616768558797.041
a 4 44 0 1 3591664575424.515
a 4 45 0 1 5712464031474.732
a 4 46 0 1 8326928991057.173
a 4 47 0 1 5584093725078.922
a 4 48 0 1 6614428532574.225
a 4 49 0 1 6209432647821.918
a 4 50 0 1 7828916625783.898
a 4 51 0 1 7202326698487.578
a 4 52 0 1 5885663631714.291
a 4 53 0 1 6680692191557.227
a 4 54 0 1 3569249262113.683
a 4 55 0 1 5605752389563.016
a 4 56 0 1 3462845368327.051
a 4 57 0 1 2045919925815.8142
a 4 58 0 1 4987757881237.107
a 4 59 0 1 3829239309800.913
a 4 60 0 1 1701594308814.52
a 4 61 0 1 5378444624477.379
a 4 62 0 1 4413046447224.54
a 4 63 0 1 7888096678348.9795
a 4 64 0 1 8304948442411.835
a 4 65 0 1 4283397690746.9077
a 4 66 0 1 7348218032768.473
a 4 67 0 1 3700335022967.3403
a 4 68 0 1 3724153995177.0566
a 4 69 0 1 4964568366326.084
a 4 70 0 1 4447470197735.292
a 4 71 0 1 2446372182263.232
a 4 72 0 1 7276118102504.569
a 4 73 0 1 7693518654794.713
a 4 74 0 1 4199221225359.7417
a 4 75 0 1 1737052308086.245
a 4 76 0 1 8280438821334.249
a 4 77 0 1 6252577732722.974
a 4 78 0 1 7321507912103.339
a 4 79 0 1 7094136426492.601
a 5 9 0 1 6391027529343.435
a 5 10 0 1 3906681542770.0366
a 5 11 0 1 7625709324304.474
a 5 12 0 1 6242803571543.254
a 5 13 0 1 7884436265236.897
a 5 14 0 1 6408543880435.537
a 5 15 0 1 2217802040608.2856
a 5 16 0 1 8556948519731.296
a 5 17 0 1 1833037613347.9807
a 5 18 0 1 5403638907169.832
a 5 19 0 1 5152028603535.706
a 5 20 0 1 8745484989874.476
a 5 21 0 1 6942046611991.913
a 5 22 0 1 4209883358868.4546
a 5 23 0 1 8921995393829.396
a 5 24 0 1 3268783161374.4434
a 5 25 0 1 2055794794362.6855
a 5 26 0 1 2136089429393.0984
a 5 27 0 1 5113008331189.952
a 5 28 0 1 5147827619775.444
a 5 29 0 1 7794710433314.56
a 5 30 0 1 3664202712272.1597
a 5 31 0 1 4496113432933.845
a 5 32 0 1 8846540107613.793
a 5 33 0 1 2187854162520.069
a 5 34 0 1 7716487863190.251
a 5 35 0 1 3156333844006.2485
a 5 36 0 1 8438078309798.664
a 5 37 0 1 2136820078617.9033
a 5 38 0 1 8882447551260.945
a 5 39 0 1 2538996632175.529
a 5 40 0 1 8383223505767.343
a 5 41 0 1 8309945067244.06
a 5 42 0 1 3190373684978.57
a 5 43 0 1 7027051502676.487
a 5 44 0 1 3814288903895.5835
a 5 45 0 1 6066635005571.955
a 5 46 0 1 8843361080294.541
a 5 47 0 1 5930300345292.246
a 5 48 0 1 7024566262138.909
a 5 49 0 1 6594438919371.665
a 5 50 0 1 8314432655092.772
a 5 51 0 1 7648950062776.819
a 5 52 0 1 6250580656147.805
a 5 53 0 1 7094942057534.582
a 5 54 0 1 3790483602183.1704
a 5 55 0 1 5953302739667.629
a 5 56 0 1 3677481636497.3486
a 5 57 0 1 2172709456999.8516
a 5 58 0 1 5296969895782.223
a 5 59 0 1 4066596272992.418
a 5 60 0 1 1807040890023.5994
a 5 61 0 1 5711892878925.048
a 5 62 0 1 4686610464049.368
a 5 63 0 1 8377286343105.518
a 5 64 0 1 8820015923936.174
a 5 65 0 1 4548920592878.774
a 5 66 0 1 7803896393061.641
a 5 67 0 1 3929698185766.037
a 5 68 0 1 3954994235795.9272
a 5 69 0 1 5272341892834.923
a 5 70 0 1 4723169297739.03
a 5 71 0 1 2597985921617.656
a 5 72 0 1 7727321416529.458
a 5 73 0 1 8170629977957.026
a 5 74 0 1 4459523445590.975
a 5 75 0 1 1844696662823.224
a 5 76 0 1 8793984692620.647
a 5 77 0 1 6640261194231.069
a 5 78 0 1 7775528438766.244
a 5 79 0 1 7534044984518.1
a 6 9 0 1 14666656548780.314
a 6 10 0 1 8962053590013.21
a 6 11 0 1 17503331152692.47
a 6 12 0 1 14326183158418.785
a 6 13 0 1 18097887509284.87
a 6 14 0 1 14706892952772.809
a 6 15 0 1 5086429268678.573
a 6 16 0 1 19643540584819.53
a 6 17 0 1 4203748429571.6504
a 6 18 0 1 12398889304298.533
a 6 19 0 1 11821114687730.994
a 6 20 0 1 20076914824134.22
a 6 21 0 1 15932490563058.3
a 6 22 0 1 9658044863271.572
a 6 23 0 1 20482667818470.285
a 6 24 0 1 7497981213453.779
a 6 25 0 1 4714759156140.944
a 6 26 0 1 4898965439473.495
a 6 27 0 1 11731516031649.807
a 6 28 0 1 11811468305674.822
a 6 29 0 1 17891691699765.793
a 6 30 0 1 8405495523836.36
a 6 31 0 1 10315135746192.271
a 6 32 0 1 20309212485233.3
a 6 33 0 1 5017722772572.476
a 6 34 0 1 17711935647239.78
a 6 35 0 1 7239922051686.689
a 6 36 0 1 19370315360792.47
a 6 37 0 1 4900641663581.712
a 6 38 0 1 20391755420055.48
a 6 39 0 1 5823353254141.433
a 6 40 0 1 19244233923828.184
a 6 41 0 1 19075809771663.35
a 6 42 0 1 7318038934494.451
a 6 43 0 1 16127787437032.404
a 6 44 0 1 8749981388783.464
a 6 45 0 1 13921540045639.59
a 6 46 0 1 20301904677030.047
a 6 47 0 1 13608406388366.236
a 6 48 0 1 16122077580963.812
a 6 49 0 1 15133921108473.79
a 6 50 0 1 19086123998083.438
a 6 51 0 1 17556736656161.666
a 6 52 0 1 14344046902382.365
a 6 53 0 1 16283768061899.438
a 6 54 0 1 8695341156450.926
a 6 55 0 1 13661237429192.848
a 6 56 0 1 8435973400097.727
a 6 57 0 1 4982977985090.485
a 6 58 0 1 12153939159443.68
a 6 59 0 1 9329125527684.986
a 6 60 0 1 4144113484862.6875
a 6 61 0 1 13106794350077.93
a 6 62 0 1 10752485892334.576
a 6 63 0 1 19230587731661.69
a 6 64 0 1 20248240071042.098
a 6 65 0 1 10436369891274.752
a 6 66 0 1 17912801379865.02
a 6 67 0 1 9014885441305.873
a 6 68 0 1 9072949807295.59
a 6 69 0 1 12097385577493.193
a 6 70 0 1 10836421861296.908
a 6 71 0 1 5958701377370.798
a 6 72 0 1 17736830983314.996
a 6 73 0 1 18755616265522.97
a 6 74 0 1 10231133942664.547
a 6 75 0 1 4230493749065.543
a 6 76 0 1 20188401300338.598
a 6 77 0 1 15239185233767.938
a 6 78 0 1 17847610943577.617
a 6 79 0 1 17292696874858.795
a 7 9 0 1 21660284722197.51
a 7 10 0 1 13231360801416.445
a 7 11 0 1 25853626962458.754
a 7 12 0 1 21157064596399.527
a 7 13 0 1 26732701868695.633
a 7 14 0 1 21719755427046.05
a 7 15 0 1 7507885736984.242
a 7 16 0 1 29018280140000.047
a 7 17 0 1 6204693693838.575
a 7 18 0 1 18308877090490.508
a 7 19 0 1 17455149612058.283
a 7 20 0 1 29659186444894.137
a 7 21 0 1 23531354506601.215
a 7 22 0 1 14259450317691.129
a 7 23 0 1 30259272145799.336
a 7 24 0 1 11068950212884.266
a 7 25 0 1 6959135738671.308
a 7 26 0 1 7231103149641.279
a 7 27 0 1 17322762301101.13
a 7 28 0 1 17440896449672.742
a 7 29 0 1 26427826749143.555
a 7 30 0 1 12409292812048.133
a 7 31 0 1 15230149945668.531
a 7 32 0 1 30002738244774.543
a 7 33 0 1 7406442777441.248
a 7 34 0 1 26162050335969.43
a 7 35 0 1 10687837156229.057
a 7 36 0 1 28614229941368.793
a 7 37 0 1 7233577999961.478
a 7 38 0 1 30124815522672.906
a 7 39 0 1 8595978688292.627
a 7 40 0 1 28427782630341.73
a 7 41 0 1 28178723599290.098
a 7 42 0 1 10803202445654.186
a 7 43 0 1 23820052290022.72
a 7 44 0 1 12918112144694.953
a 7 45 0 1 20559026056727.71
a 7 46 0 1 29991930379573.887
a 7 47 0 1 20096251345909.98
a 7 48 0 1 23811611601930.613
a 7 49 0 1 22350933067497.242
a 7 50 0 1 28193975739901.453
a 7 51 0 1 25932586741107.684
a 7 52 0 1 21183466765105.254
a 7 53 0 1 24050635251992.254
a 7 54 0 1 12837405062172.84
a 7 55 0 1 20174328291445.113
a 7 56 0 1 12454309071935.867
a 7 57 0 1 7355143493251.4375
a 7 58 0 1 17946928865910.062
a 7 59 0 1 13773574484733.975
a 7 60 0 1 6116653072999.354
a 7 61 0 1 19354960986294.082
a 7 62 0 1 15876272374646.02
a 7 63 0 1 28407603004376.46
a 7 64 0 1 29912563507664.31
a 7 65 0 1 15409252982765.531
a 7 66 0 1 26459038589134.934
a 7 67 0 1 13309399069319.973
a 7 68 0 1 13395166840840.312
a 7 69 0 1 17863364395182.105
a 7 70 0 1 16000279343426.785
a 7 71 0 1 8795834290806.084
a 7 72 0 1 26198858758175.824
a 7 73 0 1 27705246750979.15
a 7 74 0 1 15106052824028.268
a 7 75 0 1 6244178692079.893
a 7 76 0 1 29824065954405.215
a 7 77 0 1 22506525404810.816
a 7 78 0 1 26362651125410.664
a 7 79 0 1 25542209730822.188
a 8 9 0 1 25174870485275.676
a 8 10 0 1 15375852013846.68
a 8 11 0 1 30050979565262.19
a 8 12 0 1 24589766739013.31
a 8 13 0 1 31073284111215.74
a 8 14 0 1 25244018949791.69
a 8 15 0 1 8723804891267.083
a 8 16 0 1 33731414589948.926
a 8 17 0 1 7209382709917.02
a 8 18 0 1 21278332044743.613
a 8 19 0 1 20285817731669.016
a 8 20 0 1 34476830392243.926
a 8 21 0 1 27350496199400.156
a 8 22 0 1 16570888703819.482
a 8 23 0 1 35174785433702.59
a 8 24 0 1 12862446464711.484
a 8 25 0 1 8086100821625.583
a 8 26 0 1 8402153358181.538
a 8 27 0 1 20131911620672.008
a 8 28 0 1 20269247762645.254
a 8 29 0 1 30718731187964.14
a 8 30 0 1 14420324876008.516
a 8 31 0 1 17699258370413.863
a 8 32 0 1 34876410911090.582
a 8 33 0 1 8605916730206.184
a 8 34 0 1 30409651209157.38
a 8 35 0 1 12419493515357.139
a 8 36 0 1 33261487094163.99
a 8 37 0 1 8405029389263.513
a 8 38 0 1 35018398607083.273
a 8 39 0 1 9988319706782.99
a 8 40 0 1 33044643377366.266
a 8 41 0 1 32754982752875.832
a 8 42 0 1 12553577458753.727
a 8 43 0 1 27686199202517.062
a 8 44 0 1 15011745342793.46
a 8 45 0 1 23894430138442.47
a 8 46 0 1 34863840348608.25
a 8 47 0 1 23356374846816.51
a 8 48 0 1 27676384166207.21
a 8 49 0 1 25977918599426.273
a 8 50 0 1 32772721219009.887
a 8 51 0 1 30142803059039.016
a 8 52 0 1 24620464775596.977
a 8 53 0 1 27954327850388.27
a 8 54 0 1 14917935616465.092
a 8 55 0 1 23447152086913.844
a 8 56 0 1 14472648569208.299
a 8 57 0 1 8546301345715.777
a 8 58 0 1 20857539568125.367
a 8 59 0 1 16006107793351.74
a 8 60 0 1 7107074528608.154
a 8 61 0 1 22494516586296.918
a 8 62 0 1 18450352709671.418
a 8 63 0 1 33021173968752.89
a 8 64 0 1 34771529377431.78
a 8 65 0 1 17907457461154.367
a 8 66 0 1 30755028647441.0
a 8 67 0 1 15466560979890.504
a 8 68 0 1 15566254757139.39
a 8 69 0 1 20760390293738.293
a 8 70 0 1 18594508476197.05
a 8 71 0 1 10220585200646.92
a 8 72 0 1 30452456728867.297
a 8 73 0 1 32204327194376.74
a 8 74 0 1 17555001959162.06
a 8 75 0 1 7255266620458.505
a 8 76 0 1 34668598908550.08
a 8 77 0 1 26158835726296.445
a 8 78 0 1 30642936063919.67
a 8 79 0 1 29688830514794.24
a 9 1 0 1 0
a 10 1 0 1 0
a 11 1 0 1 0
a 12 1 0 1 0
a 13 1 0 1 0
a 14 1 0 1 0
a 15 1 0 1 0
a 16 1 0 1 0
a 17 1 0 1 0
a 18 1 0 1 0
a 19 1 0 1 0
a 20 1 0 1 0
a 21 1 0 1 0
a 22 1 0 1 0
a 23 1 0 1 0
a 24 1 0 1 0
a 25 1 0 1 0
a 26 1 0 1 0
a 27 1 0 1 0
a 28 1 0 1 0
a 29 1 0 1 0
a 30 1 0 1 0
a 31 1 0 1 0
a 32 1 0 1 0
a 33 1 0 1 0
a 34 1 0 1 0
a 35 1 0 1 0
a 36 1 0 1 0
a 37 1 0 1 0
a 38 1 0 1 0
a 39 1 0 1 0
a 40 1 0 1 0
a 41 1 0 1 0
a 42 1 0 1 0
a 43 1 0 1 0
a 44 1 0 1 0
a 45 1 0 1 0
a 46 1 0 1 0
a 47 1 0 1 0
a 48 1 0 1 0
a 49 1 0 1 0
a 50 1 0 1 0
a 51 1 0 1 0
a 52 1 0 1 0
a 53 1 0 1 0
a 54 1 0 1 0
a 55 1 0 1 0
a 56 1 0 1 0
a 57 1 0 1 0
a 58 1 0 1 0
a 59 1 0 1 0
a 60 1 0 1 0
a 61 1 0 1 0
a 62 1 0 1 0
a 63 1 0 1 0
a 64 1 0 1 0
a 65 1 0 1 0
a 66 1 0 1 0
a 67 1 0 1 0
a 68 1 0 1 0
a 69 1 0 1 0
a 70 1 0 1 0
a 71 1 0 1 0
a 72 1 0 1 0
a 73 1 0 1 0
a 74 1 0 1 0
a 75 1 0 1 0
a 76 1 0 1 0
a 77 1 0 1 0
a 78 1 0 1 0
a 79 1 0 1 0
