p min 81 583
n 0 7
n 1 -7
a 0 2 0 1 0
a 0 3 0 1 0
a 0 4 0 1 0
a 0 5 0 1 0
a 0 6 0 1 0
a 0 7 0 1 0
a 0 8 0 1 0
a 2 9 0 1 4214415400351.436
a 2 10 0 1 5074500296169.328
a 2 11 0 1 4324327457095.285
a 2 12 0 1 9928663764587.184
a 2 13 0 1 6222161372921.362
a 2 14 0 1 3139599784524.6123
a 2 15 0 1 2237252282970.9917
a 2 16 0 1 9445699165059.463
a 2 17 0 1 5968152279735.164
a 2 18 0 1 6041333540804.122
a 2 19 0 1 2998077506904.7476
a 2 20 0 1 4129591383125.311
a 2 21 0 1 9984372272099.959
a 2 22 0 1 9077277896013.744
a 2 23 0 1 9521848707786.176
a 2 24 0 1 6930918445281.262
a 2 25 0 1 10022050470443.068
a 2 26 0 1 3460661158097.487
a 2 27 0 1 4692242219586.852
a 2 28 0 1 5038637767929.933
a 2 29 0 1 8790794164421.068
a 2 30 0 1 7148117841827.338
a 2 31 0 1 9998759784953.352
a 2 32 0 1 2357753122676.447
a 2 33 0 1 6318065720469.702
a 2 34 0 1 6705712582224.332
a 2 35 0 1 2432874951853.4575
a 2 36 0 1 6427220822926.09
a 2 37 0 1 9410109149675.55
a 2 38 0 1 3248674463089.3037
a 2 39 0 1 10014493225063.594
a 2 40 0 1 7788733830601.278
a 2 41 0 1 8035252722714.251
a 2 42 0 1 5262681709236.795
a 2 43 0 1 4915264638730.337
a 2 44 0 1 9016111471130.22
a 2 45 0 1 4536396255280.363
a 2 46 0 1 9890923426630.348
a 2 47 0 1 2875971359895.324
a 2 48 0 1 9175895283429.742
a 2 49 0 1 2375616694430.9023
a 2 50 0 1 6914514101236.454
a 2 51 0 1 5805696025226.087
a 2 52 0 1 7639592347620.364
a 2 53 0 1 9116913955559.96
a 2 54 0 1 4667799746764.335
a 2 55 0 1 3927809525328.171
a 2 56 0 1 3808608154892.041
a 2 57 0 1 2072808243020.7817
a 2 58 0 1 2210481428426.5664
a 2 59 0 1 9317121251621.086
a 2 60 0 1 7281836648783.823
a 2 61 0 1 4330689709989.9424
a 2 62 0 1 4307999676356.174
a 2 63 0 1 3448930419737.832
a 2 64 0 1 5486497935058.996
a 2 65 0 1 5178135633783.822
a 2 66 0 1 9875898233566.717
a 2 67 0 1 7804443059056.598
a 2 68 0 1 5315723760182.143
a 2 69 0 1 6617333334015.95
a 2 70 0 1 4324195758266.22
a 2 71 0 1 6780738465914.476
a 2 72 0 1 4870853035010.032
a 2 73 0 1 5380234177366.613
a 2 74 0 1 2388909577951.716
a 2 75 0 1 8006590344091.075
a 2 76 0 1 9167416453521.922
a 2 77 0 1 2419704166450.5977
a 2 78 0 1 6762751915697.076
a 2 79 0 1 7129463895718.21
a 2 80 0 1 4022179700286.808
a 3 9 0 1 11351891802352.527
a 3 10 0 1 13670899263210.543
a 3 11 0 1 11648199229610.75
a 3 12 0 1 26773588996138.555
a 3 13 0 1 16766499114800.11
a 3 14 0 1 8455010233647.496
a 3 15 0 1 6023908941023.356
a 3 16 0 1 25468822382394.195
a 3 17 0 1 16081237712856.879
a 3 18 0 1 16278657893554.66
a 3 19 0 1 8073664848860.477
a 3 20 0 1 11123226890717.072
a 3 21 0 1 26924105766794.273
a 3 22 0 1 24473669501299.355
a 3 23 0 1 25674529929470.14
a 3 24 0 1 18678931791602.125
a 3 25 0 1 27025908969999.188
a 3 26 0 1 9320219063093.566
a 3 27 0 1 12640138164696.56
a 3 28 0 1 13574189206861.982
a 3 29 0 1 23699939606927.67
a 3 30 0 1 19265105047129.61
a 3 31 0 1 26962979393315.48
a 3 32 0 1 6348512352333.246
a 3 33 0 1 17025245926177.387
a 3 34 0 1 18071203431728.676
a 3 35 0 1 6550882164275.356
a 3 36 0 1 17319754649337.734
a 3 37 0 1 25372682940609.13
a 3 38 0 1 8748936813350.881
a 3 39 0 1 27005489832100.164
a 3 40 0 1 20994276405579.09
a 3 41 0 1 21659803662985.54
a 3 42 0 1 14178388067824.373
a 3 43 0 1 13241500694499.39
a 3 44 0 1 24308465078478.598
a 3 45 0 1 12219942789514.643
a 3 46 0 1 26671621629958.223
a 3 47 0 1 7744655016736.381
a 3 48 0 1 24740033579132.74
a 3 49 0 1 6396634280803.275
a 3 50 0 1 18634662108542.363
a 3 51 0 1 15643001672219.71
a 3 52 0 1 20591670191630.348
a 3 53 0 1 24580724664503.32
a 3 54 0 1 12574234131545.729
a 3 55 0 1 10579302532455.664
a 3 56 0 1 10258002752354.416
a 3 57 0 1 5580956587683.189
a 3 58 0 1 5951796072969.137
a 3 59 0 1 25121500709327.426
a 3 60 0 1 19626007377658.723
a 3 61 0 1 11665351356868.6
a 3 62 0 1 11604181027719.346
a 3 63 0 1 9288604699361.871
a 3 64 0 1 14782025641821.094
a 3 65 0 1 13950379069903.049
a 3 66 0 1 26631026775562.355
a 3 67 0 1 21036684707228.395
a 3 68 0 1 14321438941631.588
a 3 69 0 1 17832722597355.316
a 3 70 0 1 11647844180503.125
a 3 71 0 1 18273658277241.996
a 3 72 0 1 13121744097134.697
a 3 73 0 1 14495423230039.05
a 3 74 0 1 6432443641070.351
a 3 75 0 1 21582420516744.57
a 3 76 0 1 24717131983016.137
a 3 77 0 1 6515401111749.504
a 3 78 0 1 18225121629856.258
a 3 79 0 1 19214760206830.93
a 3 80 0 1 10833681995066.436
a 4 9 0 1 13519281983342.652
a 4 10 0 1 16281882750653.96
a 4 11 0 1 13872253105412.855
a 4 12 0 1 31896240858164.04
a 4 13 0 1 19970066980932.223
a 4 14 0 1 10068664208494.344
a 4 15 0 1 7173199573902.253
a 4 16 0 1 30340957088744.74
a 4 17 0 1 19153584009277.41
a 4 18 0 1 19388805899433.223
a 4 19 0 1 9614457773605.533
a 4 20 0 1 13246891991812.861
a 4 21 0 1 32075662847700.453
a 4 22 0 1 29154793651828.035
a 4 23 0 1 30586154837924.027
a 4 24 0 1 22248844329847.42
a 4 25 0 1 32197017000334.582
a 4 26 0 1 11099210821889.463
a 4 27 0 1 15053916804776.934
a 4 28 0 1 16166667790191.137
a 4 29 0 1 28232589376986.004
a 4 30 0 1 22947343143327.625
a 4 31 0 1 32122001953877.395
a 4 32 0 1 7559787399854.695
a 4 33 0 1 20278367961985.957
a 4 34 0 1 21524678983986.566
a 4 35 0 1 7800803388286.542
a 4 36 0 1 20629284116134.527
a 4 37 0 1 30226362277772.95
a 4 38 0 1 10418754526517.453
a 4 39 0 1 32172676394557.273
a 4 40 0 1 25007972556432.43
a 4 41 0 1 25801114035836.07
a 4 42 0 1 16886484619962.707
a 4 43 0 1 15770325024231.395
a 4 44 0 1 28957884789550.285
a 4 45 0 1 14553345796528.72
a 4 46 0 1 31774692372229.61
a 4 47 0 1 9222592409790.514
a 4 48 0 1 29472278781833.0
a 4 49 0 1 7617098886738.648
a 4 50 0 1 22196092194319.062
a 4 51 0 1 18631442528890.94
a 4 52 0 1 24528178294786.402
a 4 53 0 1 29282394577008.754
a 4 54 0 1 14975405931817.328
a 4 55 0 1 12598969971389.094
a 4 56 0 1 12216245361118.664
a 4 57 0 1 6645672468682.656
a 4 58 0 1 7087317193192.466
a 4 59 0 1 29926964248868.016
a 4 60 0 1 23377412435684.535
a 4 61 0 1 13892685422761.238
a 4 62 0 1 13819816888881.256
a 4 63 0 1 11061554395021.482
a 4 64 0 1 17605651894435.92
a 4 65 0 1 16614842144466.53
a 4 66 0 1 31726302110505.668
a 4 67 0 1 25058511914599.926
a 4 68 0 1 17056912153623.668
a 4 69 0 1 21240512004244.73
a 4 70 0 1 13871830156518.613
a 4 71 0 1 21765920766142.367
a 4 72 0 1 15627656473208.643
a 4 73 0 1 17264194496685.96
a 4 74 0 1 7659746626211.767
a 4 75 0 1 25708891547092.59
a 4 76 0 1 29444981725136.367
a 4 77 0 1 7758546431872.311
a 4 78 0 1 21708085118705.7
a 4 79 0 1 22887350254541.3
a 4 80 0 1 12901984540196.02
a 5 9 0 1 14230374871948.39
a 5 10 0 1 17138571020488.883
a 5 11 0 1 14601942947587.799
a 5 12 0 1 33577676986132.387
a 5 13 0 1 21021283029413.844
a 5 14 0 1 10598038530505.768
a 5 15 0 1 7550208375139.75
a 5 16 0 1 31940103314471.793
a 5 17 0 1 20161720890687.785
a 5 18 0 1 20409352652911.65
a 5 19 0 1 10119923713064.826
a 5 20 0 1 13943634584329.482
a 5 21 0 1 33766594170859.543
a 5 22 0 1 30691200946531.29
a 5 23 0 1 32198272390814.957
a 5 24 0 1 23420338045210.02
a 5 25 0 1 33894370743527.918
a 5 26 0 1 11682840510290.467
a 5 27 0 1 15845876422709.547
a 5 28 0 1 17017282019529.602
a 5 29 0 1 29720231616651.324
a 5 30 0 1 24155718096736.33
a 5 31 0 1 33815385657043.1
a 5 32 0 1 7957133091859.43
a 5 33 0 1 21345852763964.816
a 5 34 0 1 22657942842829.48
a 5 35 0 1 8210828963896.38
a 5 36 0 1 21715287913925.48
a 5 37 0 1 31819446531232.242
a 5 38 0 1 10966558594344.818
a 5 39 0 1 33868741945882.02
a 5 40 0 1 26325186614154.38
a 5 41 0 1 27160235033526.777
a 5 42 0 1 17775049797297.562
a 5 43 0 1 16600045675624.63
a 5 44 0 1 30483878864534.14
a 5 45 0 1 15318924797487.879
a 5 46 0 1 33449696264686.27
a 5 47 0 1 9707433572228.889
a 5 48 0 1 31025476832063.098
a 5 49 0 1 8017459676661.591
a 5 50 0 1 23364800812730.633
a 5 51 0 1 19612034719638.71
a 5 52 0 1 25820045541506.12
a 5 53 0 1 30825550114140.066
a 5 54 0 1 15763227732776.14
a 5 55 0 1 13261581956545.842
a 5 56 0 1 12858699068800.902
a 5 57 0 1 6994933182639.011
a 5 58 0 1 7459808313124.027
a 5 59 0 1 31504211384967.87
a 5 60 0 1 24608498462477.39
a 5 61 0 1 14623451829078.553
a 5 62 0 1 14546743928827.402
a 5 63 0 1 11643201340420.406
a 5 64 0 1 18532140386642.902
a 5 65 0 1 17489084720534.557
a 5 66 0 1 33398745287002.49
a 5 67 0 1 26378396062421.574
a 5 68 0 1 17954463762084.715
a 5 69 0 1 22358776063286.832
a 5 70 0 1 14601497713875.678
a 5 71 0 1 22911919422281.477
a 5 72 0 1 16449856710400.541
a 5 73 0 1 18172676344728.32
a 5 74 0 1 8062351096680.246
a 5 75 0 1 27063139403283.18
a 5 76 0 1 30996736072070.895
a 5 77 0 1 8166348809767.124
a 5 78 0 1 22851030648586.113
a 5 79 0 1 24092557295260.477
a 5 80 0 1 13580557765504.402
a 6 9 0 1 9892737679042.283
a 6 10 0 1 11913254569639.984
a 6 11 0 1 10150913694473.203
a 6 12 0 1 23326823198019.06
a 6 13 0 1 14610188453532.105
a 6 14 0 1 7368532583746.372
a 6 15 0 1 5250019183701.52
a 6 16 0 1 22190458437425.098
a 6 17 0 1 14013199587934.451
a 6 18 0 1 14185190162727.615
a 6 19 0 1 7036230184242.158
a 6 20 0 1 9693497803531.275
a 6 21 0 1 23457910438736.47
a 6 22 0 1 21323716985499.19
a 6 23 0 1 22369618926750.234
a 6 24 0 1 16276205277615.807
a 6 25 0 1 23546571993880.074
a 6 26 0 1 8122457174755.0625
a 6 27 0 1 11015184819649.588
a 6 28 0 1 11828995303456.355
a 6 29 0 1 20649809080071.086
a 6 30 0 1 16786831516806.629
a 6 31 0 1 23491765949136.97
a 6 32 0 1 5532894323983.234
a 6 33 0 1 14835601416102.287
a 6 34 0 1 15746792614970.76
a 6 35 0 1 5709247807860.73
a 6 36 0 1 15092167047470.613
a 6 37 0 1 22106725648206.203
a 6 38 0 1 7624656126947.19
a 6 39 0 1 23528788758440.37
a 6 40 0 1 18293092543851.92
a 6 41 0 1 18872804978937.5
a 6 42 0 1 12355403534611.94
a 6 43 0 1 11539136426448.85
a 6 44 0 1 21179827546745.734
a 6 45 0 1 10649073922953.754
a 6 46 0 1 23238018005265.46
a 6 47 0 1 6749529699832.133
a 6 48 0 1 21555712783824.348
a 6 49 0 1 5574829872717.695
a 6 50 0 1 16237640786630.498
a 6 51 0 1 13631408938447.68
a 6 52 0 1 17942393865833.71
a 6 53 0 1 21416959313930.45
a 6 54 0 1 10957763773580.943
a 6 55 0 1 9219561242740.143
a 6 56 0 1 8939600137567.162
a 6 57 0 1 4864004656229.015
a 6 58 0 1 5187176167500.696
a 6 59 0 1 21887956982960.71
a 6 60 0 1 17101215716680.447
a 6 61 0 1 10165858467701.088
a 6 62 0 1 10112560280262.006
a 6 63 0 1 8094909429965.918
a 6 64 0 1 12881313328171.31
a 6 65 0 1 12156751812895.045
a 6 66 0 1 23202663149665.3
a 6 67 0 1 18330032950053.184
a 6 68 0 1 12480035221631.053
a 6 69 0 1 15539041312118.852
a 6 70 0 1 10150604337522.836
a 6 71 0 1 15923158916695.957
a 6 72 0 1 11434796347630.736
a 6 73 0 1 12631616633835.416
a 6 74 0 1 5606035673376.816
a 6 75 0 1 18805400406152.0
a 6 76 0 1 21535766194547.84
a 6 77 0 1 5678328217093.934
a 6 78 0 1 15880876849163.785
a 6 79 0 1 16742975554719.637
a 6 80 0 1 9441210159413.635
a 7 9 0 1 11935943661671.416
a 7 10 0 1 14374461032299.29
a 7 11 0 1 12247517535357.162
a 7 12 0 1 28153659291818.113
a 7 13 0 1 17629697047223.57
a 7 14 0 1 8889865712795.32
a 7 15 0 1 6333637578604.006
a 7 16 0 1 26781429648720.22
a 7 17 0 1 16909087269979.8
a 7 18 0 1 17116690528932.797
a 7 19 0 1 8488887915088.016
a 7 20 0 1 11695498151745.236
a 7 21 0 1 28311959911792.223
a 7 22 0 1 25734836660282.59
a 7 23 0 1 26997771900442.723
a 7 24 0 1 19640811267083.586
a 7 25 0 1 28419027943629.812
a 7 26 0 1 9799623922335.764
a 7 27 0 1 13290571438054.068
a 7 28 0 1 14272765688037.69
a 7 29 0 1 24921120723472.453
a 7 30 0 1 20257240218744.21
a 7 31 0 1 28352843901603.625
a 7 32 0 1 6674943808186.719
a 7 33 0 1 17901792523422.8
a 7 34 0 1 19001719164864.676
a 7 35 0 1 6887727441140.348
a 7 36 0 1 18211495874674.348
a 7 37 0 1 26680320154954.438
a 7 38 0 1 9198925449851.664
a 7 39 0 1 28397552804369.152
a 7 40 0 1 22075688853029.027
a 7 41 0 1 22775587307567.93
a 7 42 0 1 14908112192382.555
a 7 43 0 1 13922928371657.467
a 7 44 0 1 25561093911828.77
a 7 45 0 1 12848721746370.623
a 7 46 0 1 28046418929504.793
a 7 47 0 1 8142941464061.663
a 7 48 0 1 26014968057655.95
a 7 49 0 1 6725542014061.116
a 7 50 0 1 19594256751283.273
a 7 51 0 1 16448248431258.752
a 7 52 0 1 21652292704625.703
a 7 53 0 1 25847424980294.465
a 7 54 0 1 13221270965798.46
a 7 55 0 1 11123553949798.975
a 7 56 0 1 10785704392989.252
a 7 57 0 1 5867894752333.785
a 7 58 0 1 6257814243422.075
a 7 59 0 1 26416153281529.953
a 7 60 0 1 20636772883002.016
a 7 61 0 1 12265553413560.238
a 7 62 0 1 12201231344263.08
a 7 63 0 1 9766381578873.877
a 7 64 0 1 15542873025023.492
a 7 65 0 1 14668348345417.928
a 7 66 0 1 28003724846470.387
a 7 67 0 1 22120287168856.13
a 7 68 0 1 15058538288143.314
a 7 69 0 1 18750932034334.617
a 7 70 0 1 12247144192639.846
a 7 71 0 1 19214621819747.1
a 7 72 0 1 13796999123737.123
a 7 73 0 1 15241492965623.15
a 7 74 0 1 6763194085404.391
a 7 75 0 1 22694207419271.906
a 7 76 0 1 25990882732528.58
a 7 77 0 1 6850420519471.809
a 7 78 0 1 19163580361533.234
a 7 79 0 1 20204296629707.438
a 7 80 0 1 11391037114845.113
a 8 9 0 1 14064881303149.986
a 8 10 0 1 16939190285786.15
a 8 11 0 1 14432121006720.771
a 8 12 0 1 33186320634493.09
a 8 13 0 1 20776624806475.727
a 8 14 0 1 10474838536695.225
a 8 15 0 1 7462469217996.852
a 8 16 0 1 31567902745594.7
a 8 17 0 1 19927089732199.695
a 8 18 0 1 20171832992662.39
a 8 19 0 1 10002288107212.74
a 8 20 0 1 13781480984077.1
a 8 21 0 1 33373027470610.02
a 8 22 0 1 30333604817629.812
a 8 23 0 1 31823052321401.875
a 8 24 0 1 23147683707154.004
a 8 25 0 1 33499308991638.176
a 8 26 0 1 11547013146510.412
a 8 27 0 1 15661561318630.023
a 8 28 0 1 16819315028539.068
a 8 29 0 1 29373986961122.527
a 8 30 0 1 23874479075035.406
a 8 31 0 1 33421248076433.668
a 8 32 0 1 7864660877346.207
a 8 33 0 1 21097407822152.97
a 8 34 0 1 22394187041374.1
a 8 35 0 1 8115405718555.486
a 8 36 0 1 21462532473066.05
a 8 37 0 1 31448657082242.92
a 8 38 0 1 10839069283220.959
a 8 39 0 1 33473980067595.28
a 8 40 0 1 26018613266522.457
a 8 41 0 1 26843906936260.91
a 8 42 0 1 17568249630892.312
a 8 43 0 1 16406941690421.197
a 8 44 0 1 30128706721143.465
a 8 45 0 1 15140749747630.844
a 8 46 0 1 33059837245385.105
a 8 47 0 1 9594598115828.74
a 8 48 0 1 30663972147788.867
a 8 49 0 1 7924285749137.179
a 8 50 0 1 23092794747177.32
a 8 51 0 1 19383814796194.953
a 8 52 0 1 25519372179095.83
a 8 53 0 1 30466383129433.633
a 8 54 0 1 15579875702097.799
a 8 55 0 1 13107372071612.629
a 8 56 0 1 12709180892044.564
a 8 57 0 1 6913651882436.166
a 8 58 0 1 7373120565368.351
a 8 59 0 1 31137108529559.254
a 8 60 0 1 24321973056239.04
a 8 61 0 1 14453379321459.725
a 8 62 0 1 14377565020846.893
a 8 63 0 1 11507835441500.605
a 8 64 0 1 18316513417340.062
a 8 65 0 1 17285618181353.596
a 8 66 0 1 33009482365240.9
a 8 67 0 1 26071201195533.62
a 8 68 0 1 17745571973313.73
a 8 69 0 1 22098511659708.785
a 8 70 0 1 14431680959727.543
a 8 71 0 1 22645199424384.363
a 8 72 0 1 16258503106394.867
a 8 73 0 1 17961240501096.254
a 8 74 0 1 7968654990238.371
a 8 75 0 1 26747945639157.145
a 8 76 0 1 30635567453788.406
a 8 77 0 1 8071442976987.433
a 8 78 0 1 22585021307758.836
a 8 79 0 1 23812055656866.152
a 8 80 0 1 13422632993722.516
a 9 1 0 1 0
a 10 1 0 1 0
a 11 1 0 1 0
a 12 1 0 1 0
a 13 1 0 1 0
a 14 1 0 1 0
a 15 1 0 1 0
a 16 1 0 1 0
a 17 1 0 1 0
a 18 1 0 1 0
a 19 1 0 1 0
a 20 1 0 1 0
a 21 1 0 1 0
a 22 1 0 1 0
a 23 1 0 1 0
a 24 1 0 1 0
a 25 1 0 1 0
a 26 1 0 1 0
a 27 1 0 1 0
a 28 1 0 1 0
a 29 1 0 1 0
a 30 1 0 1 0
a 31 1 0 1 0
a 32 1 0 1 0
a 33 1 0 1 0
a 34 1 0 1 0
a 35 1 0 1 0
a 36 1 0 1 0
a 37 1 0 1 0
a 38 1 0 1 0
a 39 1 0 1 0
a 40 1 0 1 0
a 41 1 0 1 0
a 42 1 0 1 0
a 43 1 0 1 0
a 44 1 0 1 0
a 45 1 0 1 0
a 46 1 0 1 0
a 47 1 0 1 0
a 48 1 0 1 0
a 49 1 0 1 0
a 50 1 0 1 0
a 51 1 0 1 0
a 52 1 0 1 0
a 53 1 0 1 0
a 54 1 0 1 0
a 55 1 0 1 0
a 56 1 0 1 0
a 57 1 0 1 0
a 58 1 0 1 0
a 59 1 0 1 0
a 60 1 0 1 0
a 61 1 0 1 0
a 62 1 0 1 0
a 63 1 0 1 0
a 64 1 0 1 0
a 65 1 0 1 0
a 66 1 0 1 0
a 67 1 0 1 0
a 68 1 0 1 0
a 69 1 0 1 0
a 70 1 0 1 0
a 71 1 0 1 0
a 72 1 0 1 0
a 73 1 0 1 0
a 74 1 0 1 0
a 75 1 0 1 0
a 76 1 0 1 0
a 77 1 0 1 0
a 78 1 0 1 0
a 79 1 0 1 0
a 80 1 0 1 0
