p min 81 583
n 0 7
n 1 -7
a 0 2 0 1 0
a 0 3 0 1 0
a 0 4 0 1 0
a 0 5 0 1 0
a 0 6 0 1 0
a 0 7 0 1 0
a 0 8 0 1 0
a 2 9 0 1 10524124155545.717
a 2 10 0 1 23008932131983.758
a 2 11 0 1 23045096648200.52
a 2 12 0 1 26430112165404.062
a 2 13 0 1 24612412965986.79
a 2 14 0 1 15143265957529.49
a 2 15 0 1 16235894449713.55
a 2 16 0 1 18806680715142.52
a 2 17 0 1 16340633289841.07
a 2 18 0 1 9638834925989.629
a 2 19 0 1 8800054622261.406
a 2 20 0 1 7462302152955.85
a 2 21 0 1 27534359631233.01
a 2 22 0 1 10187022656796.057
a 2 23 0 1 17001008945960.266
a 2 24 0 1 15431574977248.816
a 2 25 0 1 25347116559127.562
a 2 26 0 1 23731128834735.645
a 2 27 0 1 11464905793145.482
a 2 28 0 1 22875277150281.25
a 2 29 0 1 18167028561154.816
a 2 30 0 1 13444820591139.084
a 2 31 0 1 22587783094409.59
a 2 32 0 1 22131570721894.523
a 2 33 0 1 16900383502990.615
a 2 34 0 1 12525622658370.885
a 2 35 0 1 18018644930806.344
a 2 36 0 1 11286232656583.527
a 2 37 0 1 25951407530489.453
a 2 38 0 1 11106612692680.477
a 2 39 0 1 11203855969675.168
a 2 40 0 1 27299870581719.21
a 2 41 0 1 13294321585176.672
a 2 42 0 1 18777949852380.13
a 2 43 0 1 26205510026809.957
a 2 44 0 1 11219002494435.678
a 2 45 0 1 27665444268514.773
a 2 46 0 1 12006351809343.217
a 2 47 0 1 13125826348424.953
a 2 48 0 1 14815390892045.516
a 2 49 0 1 24790607063989.973
a 2 50 0 1 13106403051082.25
a 2 51 0 1 12192827754349.338
a 2 52 0 1 26909859452590.637
a 2 53 0 1 5858859387317.183
a 2 54 0 1 7292702196783.725
a 2 55 0 1 16045333765664.055
a 2 56 0 1 11733669997968.479
a 2 57 0 1 7394684228842.897
a 2 58 0 1 7854019738579.397
a 2 59 0 1 13423028543693.973
a 2 60 0 1 14305907101526.57
a 2 61 0 1 19392457587748.723
a 2 62 0 1 7720131160303.338
a 2 63 0 1 15917032670797.18
a 2 64 0 1 24131649355646.49
a 2 65 0 1 19263677855864.5
a 2 66 0 1 18240187297357.14
a 2 67 0 1 27445056103192.508
a 2 68 0 1 11762316629835.176
a 2 69 0 1 11744094370339.191
a 2 70 0 1 10724519346166.94
a 2 71 0 1 27652996242392.957
a 2 72 0 1 22392792770065.508
a 2 73 0 1 8306220518196.979
a 2 74 0 1 6385572648757.712
a 2 75 0 1 24161211125018.566
a 2 76 0 1 22822335297848.43
a 2 77 0 1 16549698176931.945
a 2 78 0 1 7220025047065.342
a 2 79 0 1 25869387224724.824
a 2 80 0 1 7836189635699.67
a 3 9 0 1 11337096633927.898
a 3 10 0 1 24789093380693.08
a 3 11 0 1 24828063888970.375
a 3 12 0 1 28475833075675.0
a 3 13 0 1 26517011922111.355
a 3 14 0 1 16313730805665.207
a 3 15 0 1 17490981764102.016
a 3 16 0 1 20260962140541.742
a 3 17 0 1 17603833677932.625
a 3 18 0 1 10383338382551.56
a 3 19 0 1 9479699967673.654
a 3 20 0 1 8038534627463.133
a 3 21 0 1 29665842840897.61
a 3 22 0 1 10973921645883.201
a 3 23 0 1 18315366907434.344
a 3 24 0 1 16624366706232.678
a 3 25 0 1 27308748535743.92
a 3 26 0 1 25567329840415.812
a 3 27 0 1 12350655605279.824
a 3 28 0 1 24645068374568.89
a 3 29 0 1 19571735477474.195
a 3 30 0 1 14483788882640.355
a 3 31 0 1 24335269391655.16
a 3 32 0 1 23843665522672.375
a 3 33 0 1 18206945733532.08
a 3 34 0 1 13493448171498.615
a 3 35 0 1 19411852899603.23
a 3 36 0 1 12158159299566.861
a 3 37 0 1 27959956747698.17
a 3 38 0 1 11964643532129.25
a 3 39 0 1 12069409690411.332
a 3 40 0 1 29413140038679.074
a 3 41 0 1 14321640657320.836
a 3 42 0 1 20230004401258.22
a 3 43 0 1 28233789900674.727
a 3 44 0 1 12085727988684.018
a 3 45 0 1 29807109836234.234
a 3 46 0 1 12933994703854.277
a 3 47 0 1 14140103737690.904
a 3 48 0 1 15960466773796.713
a 3 49 0 1 26709037783097.473
a 3 50 0 1 14119177094707.152
a 3 51 0 1 13134900079062.602
a 3 52 0 1 28992837448634.9
a 3 53 0 1 6311185424116.151
a 3 54 0 1 7855826461785.924
a 3 55 0 1 17285660784437.121
a 3 56 0 1 12640214090260.355
a 3 57 0 1 7965690516111.321
a 3 58 0 1 8460529777914.565
a 3 59 0 1 14460310017450.766
a 3 60 0 1 15411535264643.832
a 3 61 0 1 20892144966328.95
a 3 62 0 1 8316292035110.664
a 3 63 0 1 17147422240019.264
a 3 64 0 1 25998933581588.184
a 3 65 0 1 20753382426562.883
a 3 66 0 1 19650563785086.777
a 3 67 0 1 29569602606521.582
a 3 68 0 1 12671077193119.543
a 3 69 0 1 12651445024004.334
a 3 70 0 1 11552992646194.93
a 3 71 0 1 29793694861373.418
a 3 72 0 1 24125151851490.914
a 3 73 0 1 8947686791545.635
a 3 74 0 1 6878595148277.388
a 3 75 0 1 26030789675397.418
a 3 76 0 1 24588018964104.99
a 3 77 0 1 17829093367851.746
a 3 78 0 1 7777532337274.67
a 3 79 0 1 27871567960595.79
a 3 80 0 1 8441321444518.3125
a 4 9 0 1 3918767100862.095
a 4 10 0 1 8559888651047.619
a 4 11 0 1 8573320329472.885
a 4 12 0 1 9830220417705.201
a 4 13 0 1 9155361737447.426
a 4 14 0 1 5636870873907.279
a 4 15 0 1 6043109514340.659
a 4 16 0 1 6998673126827.081
a 4 17 0 1 6082047982155.289
a 4 18 0 1 3589350026383.9766
a 4 19 0 1 3277200073166.1885
a 4 20 0 1 2779280572157.536
a 4 21 0 1 10240108576197.852
a 4 22 0 1 3793336241403.222
a 4 23 0 1 6327540420559.169
a 4 24 0 1 5744070236070.943
a 4 25 0 1 9428157129736.975
a 4 26 0 1 8828102726385.219
a 4 27 0 1 4268786750585.4185
a 4 28 0 1 8510247926250.429
a 4 29 0 1 6760947046689.668
a 4 30 0 1 5005262392714.381
a 4 31 0 1 8403466659315.3955
a 4 32 0 1 8234010783535.923
a 4 33 0 1 6290134763648.945
a 4 34 0 1 4663371434061.965
a 4 35 0 1 6705797275791.347
a 4 36 0 1 4202314722974.764
a 4 37 0 1 9652508579200.355
a 4 38 0 1 4135488714800.7983
a 4 39 0 1 4171667425582.078
a 4 40 0 1 10153073526695.09
a 4 41 0 1 4949288170361.081
a 4 42 0 1 6987995802459.904
a 4 43 0 1 9746841812460.037
a 4 44 0 1 4177302543021.833
a 4 45 0 1 10288761832996.875
a 4 46 0 1 4470211214607.703
a 4 47 0 1 4886619268750.763
a 4 48 0 1 5514954590271.042
a 4 49 0 1 9221527858612.162
a 4 50 0 1 4879395009634.895
a 4 51 0 1 4539578869732.66
a 4 52 0 1 10008306968442.898
a 4 53 0 1 2182342670637.515
a 4 54 0 1 2716147572631.6855
a 4 55 0 1 5972263784746.204
a 4 56 0 1 4368772255255.2505
a 4 57 0 1 2754110218325.499
a 4 58 0 1 2925090178813.108
a 4 59 0 1 4997157478339.092
a 4 60 0 1 5325497878236.424
a 4 61 0 1 7216357213840.2
a 4 62 0 1 2875253567273.803
a 4 63 0 1 5924563524081.466
a 4 64 0 1 8976838537916.383
a 4 65 0 1 7168502180894.626
a 4 66 0 1 6788137531723.57
a 4 67 0 1 10206962229692.275
a 4 68 0 1 4379429129588.9336
a 4 69 0 1 4372650245981.2417
a 4 70 0 1 3993328514589.8276
a 4 71 0 1 10284141674432.562
a 4 72 0 1 8331040671864.332
a 4 73 0 1 3093403266194.0435
a 4 74 0 1 2378445444984.0747
a 4 75 0 1 8987816144968.627
a 4 76 0 1 8490584555812.577
a 4 77 0 1 6159769690750.921
a 4 78 0 1 2689093280257.852
a 4 79 0 1 9622058548182.264
a 4 80 0 1 2918453433031.09
a 5 9 0 1 8074155991683.6455
a 5 10 0 1 17646646478671.004
a 5 11 0 1 17674365611296.36
a 5 12 0 1 20268650621006.496
a 5 13 0 1 18875619778843.527
a 5 14 0 1 11616543731545.975
a 5 15 0 1 12454344463816.248
a 5 16 0 1 14425366400573.43
a 5 17 0 1 12534653055708.676
a 5 18 0 1 7395133554766.387
a 5 19 0 1 6751754006537.997
a 5 20 0 1 5725582058437.304
a 5 21 0 1 21114846664623.035
a 5 22 0 1 7815600812661.759
a 5 23 0 1 13040986229919.994
a 5 24 0 1 11837616791705.537
a 5 25 0 1 19438691258834.594
a 5 26 0 1 18200180689388.836
a 5 27 0 1 8795706108863.259
a 5 28 0 1 17544203048856.559
a 5 29 0 1 13934970506098.602
a 5 30 0 1 10314119885839.32
a 5 31 0 1 17323843057551.09
a 5 32 0 1 16974155951463.256
a 5 33 0 1 12963834333778.66
a 5 34 0 1 9609199109996.178
a 5 35 0 1 13821208263422.102
a 5 36 0 1 8658672198488.625
a 5 37 0 1 19901798776981.246
a 5 38 0 1 8520910791678.753
a 5 39 0 1 8595492703167.454
a 5 40 0 1 20935159530311.34
a 5 41 0 1 10198706563469.123
a 5 42 0 1 14403339951014.28
a 5 43 0 1 20096529568723.375
a 5 44 0 1 8607109479130.542
a 5 45 0 1 21215294814267.465
a 5 46 0 1 9210961768919.979
a 5 47 0 1 10069491347403.328
a 5 48 0 1 11365127583336.363
a 5 49 0 1 19012188481074.48
a 5 50 0 1 10054595981400.285
a 5 51 0 1 9353974510425.584
a 5 52 0 1 20636292014620.17
a 5 53 0 1 4495505655547.348
a 5 54 0 1 5595478952072.404
a 5 55 0 1 12308230743797.135
a 5 56 0 1 9001833165886.234
a 5 57 0 1 5673711302588.766
a 5 58 0 1 6026070978655.741
a 5 59 0 1 10297408254473.25
a 5 60 0 1 10974444224800.486
a 5 61 0 1 14874443472415.922
a 5 62 0 1 5923364953545.828
a 5 63 0 1 12209854151262.43
a 5 64 0 1 18507154006860.77
a 5 65 0 1 14775717630659.83
a 5 66 0 1 13991059256267.58
a 5 67 0 1 21046414333197.86
a 5 68 0 1 9023803349018.299
a 5 69 0 1 9009828014392.072
a 5 70 0 1 8227855893601.987
a 5 71 0 1 21205756112974.59
a 5 72 0 1 17174383885638.904
a 5 73 0 1 6372949071914.852
a 5 74 0 1 4899583848627.455
a 5 75 0 1 18529810946996.656
a 5 76 0 1 17503624148743.43
a 5 77 0 1 12694952379152.674
a 5 78 0 1 5539726671383.871
a 5 79 0 1 19838942159180.598
a 5 80 0 1 6012393536421.282
a 6 9 0 1 8773473799563.919
a 6 10 0 1 19176888213420.645
a 6 11 0 1 19207016350193.746
a 6 12 0 1 22026838516812.0
a 6 13 0 1 20512684728454.605
a 6 14 0 1 12623120568511.734
a 6 15 0 1 13533630153166.314
a 6 16 0 1 15675768100925.586
a 6 17 0 1 13620909157148.736
a 6 18 0 1 8035585529596.771
a 6 19 0 1 7336439329735.369
a 6 20 0 1 6221339746244.261
a 6 21 0 1 22946631267084.105
a 6 22 0 1 8492502768241.091
a 6 23 0 1 14171192920815.084
a 6 24 0 1 12863378057075.248
a 6 25 0 1 21124709750030.297
a 6 26 0 1 19778531936470.49
a 6 27 0 1 9557587522580.508
a 6 28 0 1 19065541812829.523
a 6 29 0 1 15142790165829.438
a 6 30 0 1 11207695641953.297
a 6 31 0 1 18826031942206.027
a 6 32 0 1 18445958248310.457
a 6 33 0 1 14087343747901.36
a 6 34 0 1 10441629789512.223
a 6 35 0 1 15019150470464.166
a 6 36 0 1 9408670913651.13
a 6 37 0 1 21628085094562.348
a 6 38 0 1 9258964135171.55
a 6 39 0 1 9340013036443.445
a 6 40 0 1 22751314794317.746
a 6 41 0 1 11082270588922.688
a 6 42 0 1 15651828939312.406
a 6 43 0 1 21839749386514.598
a 6 44 0 1 9352637112704.318
a 6 45 0 1 23055816787783.508
a 6 46 0 1 10008853968498.627
a 6 47 0 1 10941846715837.908
a 6 48 0 1 12349888148528.834
a 6 49 0 1 20661126105943.5
a 6 50 0 1 10925659288083.832
a 6 51 0 1 10164269577509.178
a 6 52 0 1 22426453086883.785
a 6 53 0 1 4884695517251.109
a 6 54 0 1 6079963589515.372
a 6 55 0 1 13374834801418.043
a 6 56 0 1 9781589358466.553
a 6 57 0 1 6164974498431.072
a 6 58 0 1 6547866547568.818
a 6 59 0 1 11189534312971.246
a 6 60 0 1 11925306531391.955
a 6 61 0 1 16163844002868.402
a 6 62 0 1 6436260648747.086
a 6 63 0 1 13267920081502.588
a 6 64 0 1 20112188206244.617
a 6 65 0 1 16056544218333.35
a 6 66 0 1 15203748947895.979
a 6 67 0 1 22872246550897.055
a 6 68 0 1 9805464790613.3
a 6 69 0 1 9790277517106.295
a 6 70 0 1 8940499646136.045
a 6 71 0 1 23045448363682.215
a 6 72 0 1 18663584965018.42
a 6 73 0 1 6924804657910.563
a 6 74 0 1 5323777458715.296
a 6 75 0 1 20136814630228.285
a 6 76 0 1 19021436417196.605
a 6 77 0 1 13795122134842.99
a 6 78 0 1 6019380650495.519
a 6 79 0 1 21559762734895.062
a 6 80 0 1 6533003888943.809
a 7 9 0 1 13326310916637.76
a 7 10 0 1 29146537506760.504
a 7 11 0 1 29192381330886.766
a 7 12 0 1 33483837103983.953
a 7 13 0 1 31179282635492.223
a 7 14 0 1 19178078459851.098
a 7 15 0 1 20562519694421.22
a 7 16 0 1 23820263375032.92
a 7 17 0 1 20695236449637.8
a 7 18 0 1 12204970360690.025
a 7 19 0 1 11142595976076.523
a 7 20 0 1 9448351324832.979
a 7 21 0 1 34883974034837.734
a 7 22 0 1 12899318324147.951
a 7 23 0 1 21532031821799.195
a 7 24 0 1 19543378309666.137
a 7 25 0 1 32110739229586.3
a 7 26 0 1 30062047018139.77
a 7 27 0 1 14518007048027.225
a 7 28 0 1 28977111117205.918
a 7 29 0 1 23009637225172.023
a 7 30 0 1 17026207011350.307
a 7 31 0 1 28612676905959.45
a 7 32 0 1 28034384648251.05
a 7 33 0 1 21404522041710.207
a 7 34 0 1 15861708747010.453
a 7 35 0 1 22821596375996.195
a 7 36 0 1 14291674964175.066
a 7 37 0 1 32876890443588.227
a 7 38 0 1 14064146001417.191
a 7 39 0 1 14187326106232.281
a 7 40 0 1 34586644316747.844
a 7 41 0 1 16835540818348.963
a 7 42 0 1 23783852293814.938
a 7 43 0 1 33199063202988.14
a 7 44 0 1 14206512594023.502
a 7 45 0 1 35050189889922.99
a 7 46 0 1 15203892557986.863
a 7 47 0 1 16622077412144.777
a 7 48 0 1 18762654608665.086
a 7 49 0 1 31405193086094.65
a 7 50 0 1 16597470548764.041
a 7 51 0 1 15440119262716.281
a 7 52 0 1 34092123719317.906
a 7 53 0 1 7417796855633.945
a 7 54 0 1 9233565302771.727
a 7 55 0 1 20321058494746.844
a 7 56 0 1 14858465605950.434
a 7 57 0 1 9362717868908.473
a 7 58 0 1 9944441728279.105
a 7 59 0 1 16998598701714.984
a 7 60 0 1 18117145715832.707
a 7 61 0 1 24562641801271.047
a 7 62 0 1 9774877310979.754
a 7 63 0 1 20158488588621.03
a 7 64 0 1 30569793775835.133
a 7 65 0 1 24399431807983.465
a 7 66 0 1 23102349100643.934
a 7 67 0 1 34770737566807.56
a 7 68 0 1 14894754218363.566
a 7 69 0 1 14871670851112.385
a 7 70 0 1 13580147444547.531
a 7 71 0 1 35034405684217.016
a 7 72 0 1 28365506269728.176
a 7 73 0 1 10517145848340.207
a 7 74 0 1 8084789576080.864
a 7 75 0 1 30607270236450.19
a 7 76 0 1 28910000297784.695
a 7 77 0 1 20960149457901.312
a 7 78 0 1 9141525657058.873
a 7 79 0 1 32772899201107.836
a 7 80 0 1 9921860550644.346
a 8 9 0 1 9778095698400.922
a 8 10 0 1 21375706548606.02
a 8 11 0 1 21409297694249.188
a 8 12 0 1 24553356388699.84
a 8 13 0 1 22865068835203.707
a 8 14 0 1 14069267512538.615
a 8 15 0 1 15084269394888.21
a 8 16 0 1 17472340649370.621
a 8 17 0 1 15181566032694.436
a 8 18 0 1 8955627098922.596
a 8 19 0 1 8176356150324.508
a 8 20 0 1 6933491764689.937
a 8 21 0 1 25578962053900.21
a 8 22 0 1 9464916517396.945
a 8 23 0 1 15795014957426.344
a 8 24 0 1 14337095163914.408
a 8 25 0 1 23547471040676.344
a 8 26 0 1 22046509888859.844
a 8 27 0 1 10652105892747.45
a 8 28 0 1 21251561926419.098
a 8 29 0 1 16878160260464.195
a 8 30 0 1 12491453455238.766
a 8 31 0 1 20984523888427.113
a 8 32 0 1 20560769739274.848
a 8 33 0 1 15701540453128.863
a 8 34 0 1 11637522861850.05
a 8 35 0 1 16740324076756.723
a 8 36 0 1 10486115014448.387
a 8 37 0 1 24108738155491.875
a 8 38 0 1 10319244026241.023
a 8 39 0 1 10409585279513.67
a 8 40 0 1 25361174293480.316
a 8 41 0 1 12351641459053.447
a 8 42 0 1 17445652347384.523
a 8 43 0 1 24344747591686.72
a 8 44 0 1 10423656738386.889
a 8 45 0 1 25700709931068.414
a 8 46 0 1 11155116992212.676
a 8 47 0 1 12195110745229.32
a 8 48 0 1 13764683038028.393
a 8 49 0 1 23030578574402.3
a 8 50 0 1 12177066631179.88
a 8 51 0 1 11328354783772.574
a 8 52 0 1 24998939530362.71
a 8 53 0 1 5443746978650.822
a 8 54 0 1 6775919758869.657
a 8 55 0 1 14907248543580.928
a 8 56 0 1 10901792242622.344
a 8 57 0 1 6870669324752.559
a 8 58 0 1 7297427252527.0625
a 8 59 0 1 12471208893297.918
a 8 60 0 1 13291387165336.672
a 8 61 0 1 18016470199816.64
a 8 62 0 1 7173034822227.628
a 8 63 0 1 14788063264672.752
a 8 64 0 1 22418524924109.63
a 8 65 0 1 17896846843605.832
a 8 66 0 1 16946118583742.691
a 8 67 0 1 25496019194712.56
a 8 68 0 1 10928405368306.12
a 8 69 0 1 10911476633257.12
a 8 70 0 1 9964269080301.514
a 8 71 0 1 25689148551243.03
a 8 72 0 1 20803406963145.082
a 8 73 0 1 7717553341494.484
a 8 74 0 1 5933116009425.089
a 8 75 0 1 22445982653102.527
a 8 76 0 1 21202387131501.746
a 8 77 0 1 15375775347538.193
a 8 78 0 1 6708396705381.481
a 8 79 0 1 24032557796236.61
a 8 80 0 1 7280861778785.683
a 9 1 0 1 0
a 10 1 0 1 0
a 11 1 0 1 0
a 12 1 0 1 0
a 13 1 0 1 0
a 14 1 0 1 0
a 15 1 0 1 0
a 16 1 0 1 0
a 17 1 0 1 0
a 18 1 0 1 0
a 19 1 0 1 0
a 20 1 0 1 0
a 21 1 0 1 0
a 22 1 0 1 0
a 23 1 0 1 0
a 24 1 0 1 0
a 25 1 0 1 0
a 26 1 0 1 0
a 27 1 0 1 0
a 28 1 0 1 0
a 29 1 0 1 0
a 30 1 0 1 0
a 31 1 0 1 0
a 32 1 0 1 0
a 33 1 0 1 0
a 34 1 0 1 0
a 35 1 0 1 0
a 36 1 0 1 0
a 37 1 0 1 0
a 38 1 0 1 0
a 39 1 0 1 0
a 40 1 0 1 0
a 41 1 0 1 0
a 42 1 0 1 0
a 43 1 0 1 0
a 44 1 0 1 0
a 45 1 0 1 0
a 46 1 0 1 0
a 47 1 0 1 0
a 48 1 0 1 0
a 49 1 0 1 0
a 50 1 0 1 0
a 51 1 0 1 0
a 52 1 0 1 0
a 53 1 0 1 0
a 54 1 0 1 0
a 55 1 0 1 0
a 56 1 0 1 0
a 57 1 0 1 0
a 58 1 0 1 0
a 59 1 0 1 0
a 60 1 0 1 0
a 61 1 0 1 0
a 62 1 0 1 0
a 63 1 0 1 0
a 64 1 0 1 0
a 65 1 0 1 0
a 66 1 0 1 0
a 67 1 0 1 0
a 68 1 0 1 0
a 69 1 0 1 0
a 70 1 0 1 0
a 71 1 0 1 0
a 72 1 0 1 0
a 73 1 0 1 0
a 74 1 0 1 0
a 75 1 0 1 0
a 76 1 0 1 0
a 77 1 0 1 0
a 78 1 0 1 0
a 79 1 0 1 0
a 80 1 0 1 0
