p min 82 780
n 0 10
n 1 -10
a 0 2 0 1 0
a 0 3 0 1 0
a 0 4 0 1 0
a 0 5 0 1 0
a 0 6 0 1 0
a 0 7 0 1 0
a 0 8 0 1 0
a 0 9 0 1 0
a 0 10 0 1 0
a 0 11 0 1 0
a 2 12 0 1 18734292858532.36
a 2 13 0 1 16149160743924.166
a 2 14 0 1 15196943782939.504
a 2 15 0 1 6133622275063.568
a 2 16 0 1 6699008134659.892
a 2 17 0 1 6940088217320.597
a 2 18 0 1 6212249182129.435
a 2 19 0 1 9336259169967.148
a 2 20 0 1 13862825369102.764
a 2 21 0 1 14146098126200.658
a 2 22 0 1 8756038561385.261
a 2 23 0 1 12210433242780.283
a 2 24 0 1 10759494805450.621
a 2 25 0 1 12829033015151.006
a 2 26 0 1 14406607150240.66
a 2 27 0 1 17187613093864.717
a 2 28 0 1 9335905455252.531
a 2 29 0 1 17031150525993.785
a 2 30 0 1 10160389054121.418
a 2 31 0 1 19028779437808.11
a 2 32 0 1 9209538901791.64
a 2 33 0 1 14992951191781.398
a 2 34 0 1 19486256464661.906
a 2 35 0 1 10253523429324.152
a 2 36 0 1 17005552494627.95
a 2 37 0 1 17289316006639.68
a 2 38 0 1 7660511628617.484
a 2 39 0 1 5176779366767.945
a 2 40 0 1 6003376099306.05
a 2 41 0 1 5953238062426.686
a 2 42 0 1 9240137627529.125
a 2 43 0 1 4479864789163.445
a 2 44 0 1 18074727058077.125
a 2 45 0 1 19065373884198.6
a 2 46 0 1 8345303966886.063
a 2 47 0 1 4901534654678.222
a 2 48 0 1 4190086792825.9517
a 2 49 0 1 4096221230605.059
a 2 50 0 1 15597794190686.943
a 2 51 0 1 15718339969479.273
a 2 52 0 1 14804236227086.615
a 2 53 0 1 13399954907598.105
a 2 54 0 1 16951718207041.436
a 2 55 0 1 15869984204761.602
a 2 56 0 1 10536040931733.615
a 2 57 0 1 17232736928592.945
a 2 58 0 1 19859033019552.625
a 2 59 0 1 13729939793843.762
a 2 60 0 1 17173584338581.688
a 2 61 0 1 12979410732226.463
a 2 62 0 1 18038903144451.96
a 2 63 0 1 19685155097472.32
a 2 64 0 1 14541076218509.107
a 2 65 0 1 19085846421870.93
a 2 66 0 1 5893055915089.151
a 2 67 0 1 15996943044043.713
a 2 68 0 1 6707056676565.582
a 2 69 0 1 13736315578074.803
a 2 70 0 1 18905526769677.668
a 2 71 0 1 16793124179603.773
a 2 72 0 1 13977819166294.762
a 2 73 0 1 7330861492545.349
a 2 74 0 1 16781278039334.924
a 2 75 0 1 13727289561417.084
a 2 76 0 1 15530452474510.082
a 2 77 0 1 7458218294723.244
a 2 78 0 1 16772302698957.072
a 2 79 0 1 16983732818710.252
a 2 80 0 1 9541246498602.594
a 2 81 0 1 6752945649078.597
a 3 12 0 1 32507609978564.918
a 3 13 0 1 28015767964366.38
a 3 14 0 1 26361723320361.746
a 3 15 0 1 10631672853036.227
a 3 16 0 1 11612235290433.07
a 3 17 0 1 12030374846797.854
a 3 18 0 1 10768031797489.318
a 3 19 0 1 16187322948186.29
a 3 20 0 1 24044747738080.598
a 3 21 0 1 24536666266438.64
a 3 22 0 1 15180584449181.844
a 3 23 0 1 21175749903806.184
a 3 24 0 1 18657192352083.08
a 3 25 0 1 22249711623717.39
a 3 26 0 1 24989075198117.977
a 3 27 0 1 29819912235122.383
a 3 28 0 1 16186709189054.559
a 3 29 0 1 29548063284422.742
a 3 30 0 1 17617437460445.29
a 3 31 0 1 33019425499900.016
a 3 32 0 1 15967442669608.164
a 3 33 0 1 26007413570510.234
a 3 34 0 1 33814568031697.312
a 3 35 0 1 17779066310037.766
a 3 36 0 1 29503588171323.87
a 3 37 0 1 29996621824776.113
a 3 38 0 1 13280009478582.883
a 3 39 0 1 8972410454230.025
a 3 40 0 1 10405797028484.936
a 3 41 0 1 10318847851844.291
a 3 42 0 1 16020536004238.117
a 3 43 0 1 7764058952708.691
a 3 44 0 1 31361382347695.39
a 3 45 0 1 33083028169293.234
a 3 46 0 1 14467980227560.996
a 3 47 0 1 8495157974472.466
a 3 48 0 1 7261666691953.429
a 3 49 0 1 7098935896508.63
a 3 50 0 1 27057986332873.477
a 3 51 0 1 27267379360040.68
a 3 52 0 1 25679650076401.793
a 3 53 0 1 23240998893675.535
a 3 54 0 1 29410054811350.824
a 3 55 0 1 27530797782658.0
a 3 56 0 1 18269373259306.758
a 3 57 0 1 29898314866809.652
a 3 58 0 1 34462538074371.023
a 3 59 0 1 23813992862261.16
a 3 60 0 1 29795537404925.793
a 3 61 0 1 22510801984096.44
a 3 62 0 1 31299129371357.99
a 3 63 0 1 34160293773520.28
a 3 64 0 1 25222606630123.336
a 3 65 0 1 33118610463536.31
a 3 66 0 1 10214481193522.52
a 3 67 0 1 27751340870374.18
a 3 68 0 1 11626194749020.85
a 3 69 0 1 23825064248404.617
a 3 70 0 1 32805210147430.605
a 3 71 0 1 29134513601425.22
a 3 72 0 1 24244437863089.305
a 3 73 0 1 12708184862530.375
a 3 74 0 1 29113932419109.156
a 3 75 0 1 23809390804999.29
a 3 76 0 1 26941012838336.15
a 3 77 0 1 12929099403493.043
a 3 78 0 1 29098338918952.297
a 3 79 0 1 29465677886990.71
a 3 80 0 1 16543019294699.518
a 3 81 0 1 11705785330822.518
a 4 12 0 1 9086849166412.045
a 4 13 0 1 7834161635373.902
a 4 14 0 1 7372645299834.9795
a 4 15 0 1 2977264136873.5117
a 4 16 0 1 3251593871308.432
a 4 17 0 1 3368562261725.255
a 4 18 0 1 3015415640724.924
a 4 19 0 1 4530966250028.34
a 4 20 0 1 6725942934096.945
a 4 21 0 1 6863265513632.375
a 4 22 0 1 4249526336170.8374
a 4 23 0 1 5924818232225.703
a 4 24 0 1 5221234284233.462
a 4 25 0 1 6224750637443.837
a 4 26 0 1 6989548809006.877
a 4 27 0 1 8337414717444.26
a 4 28 0 1 4530794684222.276
a 4 29 0 1 8261594051451.472
a 4 30 0 1 4930682718813.93
a 4 31 0 1 9229525290041.848
a 4 32 0 1 4469501383090.265
a 4 33 0 1 7273768284289.867
a 4 34 0 1 9451158941440.363
a 4 35 0 1 4975851956957.07
a 4 36 0 1 8249189290490.713
a 4 37 0 1 8386698482605.373
a 4 38 0 1 3718080826978.6084
a 4 39 0 1 2512954430263.646
a 4 40 0 1 2914065046710.2124
a 4 41 0 1 2889736407733.618
a 4 42 0 1 4484343186621.766
a 4 43 0 1 2174742260312.4614
a 4 44 0 1 8767277318991.922
a 4 45 0 1 9247254624858.87
a 4 46 0 1 4050285050376.6
a 4 47 0 1 2379381696569.5713
a 4 48 0 1 2034104973624.6355
a 4 49 0 1 1988548381195.3135
a 4 50 0 1 7566934070722.554
a 4 51 0 1 7625359773364.876
a 4 52 0 1 7182294338536.688
a 4 53 0 1 6501546561942.389
a 4 54 0 1 8223101166484.664
a 4 55 0 1 7698856979246.042
a 4 56 0 1 5112867061044.444
a 4 57 0 1 8359281150564.645
a 4 58 0 1 9631748900834.94
a 4 59 0 1 6661522194762.804
a 4 60 0 1 8330616538217.292
a 4 61 0 1 6297658994980.976
a 4 62 0 1 8749919252949.765
a 4 63 0 1 9547515502115.17
a 4 64 0 1 7054731960572.792
a 4 65 0 1 9257173158445.117
a 4 66 0 1 2860533842189.983
a 4 67 0 1 7760388930615.767
a 4 68 0 1 3255498955397.0894
a 4 69 0 1 6664613093194.308
a 4 70 0 1 9169811077444.756
a 4 71 0 1 8146245448837.723
a 4 72 0 1 6781689214290.099
a 4 73 0 1 3558152412613.1035
a 4 74 0 1 8140504672629.519
a 4 75 0 1 6660237395380.979
a 4 76 0 1 7534294761551.82
a 4 77 0 1 3619939784837.2573
a 4 78 0 1 8136155113786.821
a 4 79 0 1 8238615484181.39
a 4 80 0 1 4630392105738.403
a 4 81 0 1 3277763823443.896
a 5 12 0 1 5424658439028.192
a 5 13 0 1 4677102096380.148
a 5 14 0 1 4401664757789.696
a 5 15 0 1 1777868107395.199
a 5 16 0 1 1941658926259.8481
a 5 17 0 1 2011494595784.7908
a 5 18 0 1 1800647025381.5317
a 5 19 0 1 2705463644668.419
a 5 20 0 1 4015686780685.57
a 5 21 0 1 4097648355951.008
a 5 22 0 1 2537447526051.787
a 5 23 0 1 3537511212271.309
a 5 24 0 1 3117526473210.47
a 5 25 0 1 3716539126499.8975
a 5 26 0 1 4173020164554.337
a 5 27 0 1 4977434871516.974
a 5 28 0 1 2705361223359.0703
a 5 29 0 1 4932187301253.143
a 5 30 0 1 2944081849757.7056
a 5 31 0 1 5509796615316.689
a 5 32 0 1 2668770260176.869
a 5 33 0 1 4342652479446.8857
a 5 34 0 1 5642048356076.206
a 5 35 0 1 2971045912729.641
a 5 36 0 1 4924784470049.895
a 5 37 0 1 5006845819661.253
a 5 38 0 1 2220169218828.249
a 5 39 0 1 1500638688258.9214
a 5 40 0 1 1740133981221.6309
a 5 41 0 1 1725608081276.4526
a 5 42 0 1 2677630560520.222
a 5 43 0 1 1298691900184.9844
a 5 44 0 1 5233958358932.538
a 5 45 0 1 5520376044819.457
a 5 46 0 1 2418500310459.0317
a 5 47 0 1 1420883047008.7395
a 5 48 0 1 1214715385768.4167
a 5 49 0 1 1187512664703.991
a 5 50 0 1 4517619582496.33
a 5 51 0 1 4552488621020.865
a 5 52 0 1 4288058056130.6313
a 5 53 0 1 3881752587316.599
a 5 54 0 1 4909215744128.129
a 5 55 0 1 4596352213472.734
a 5 56 0 1 3052837256008.234
a 5 57 0 1 4990484064228.852
a 5 58 0 1 5749806768722.822
a 5 59 0 1 3977236623880.8867
a 5 60 0 1 4973377928695.549
a 5 61 0 1 3760056949513.157
a 5 62 0 1 5223600011062.881
a 5 63 0 1 5699544745525.447
a 5 64 0 1 4211924188626.406
a 5 65 0 1 5526294613859.178
a 5 66 0 1 1708172062805.0303
a 5 67 0 1 4633074636970.815
a 5 68 0 1 1943990458661.7383
a 5 69 0 1 3979081462497.1323
a 5 70 0 1 5474163886818.817
a 5 71 0 1 4863349996112.3
a 5 72 0 1 4048959314997.471
a 5 73 0 1 2124687286361.8713
a 5 74 0 1 4859924018024.29
a 5 75 0 1 3976469776295.779
a 5 76 0 1 4498140036881.754
a 5 77 0 1 2161576319414.4739
a 5 78 0 1 4857328288853.906
a 5 79 0 1 4918474297122.714
a 5 80 0 1 2764818591626.358
a 5 81 0 1 1957283693093.6365
a 6 12 0 1 27126481671551.36
a 6 13 0 1 23380196606455.35
a 6 14 0 1 22000528684247.973
a 6 15 0 1 8875462714994.447
a 6 16 0 1 9693868519871.422
a 6 17 0 1 10042850607828.979
a 6 18 0 1 8989273667849.38
a 6 19 0 1 13511965157861.861
a 6 20 0 1 20067751785808.562
a 6 21 0 1 20478115149087.703
a 6 22 0 1 12671858067536.926
a 6 23 0 1 17674251546918.37
a 6 24 0 1 15572894897867.33
a 6 25 0 1 18570249321725.684
a 6 26 0 1 20855512408283.926
a 6 27 0 1 24884965883625.11
a 6 28 0 1 13511452995555.64
a 6 29 0 1 24658233476223.55
a 6 30 0 1 14705317301264.209
a 6 31 0 1 27553305116656.996
a 6 32 0 1 13328481352056.945
a 6 33 0 1 21704981314185.25
a 6 34 0 1 28216389724250.793
a 6 35 0 1 14840183621686.887
a 6 36 0 1 24621139309100.54
a 6 37 0 1 25032347167147.836
a 6 38 0 1 11085770958309.635
a 6 39 0 1 7490524673429.117
a 6 40 0 1 8686935880931.543
a 6 41 0 1 8614363481264.1
a 6 42 0 1 13372786362619.291
a 6 43 0 1 6481893791703.111
a 6 44 0 1 26170566281873.92
a 6 45 0 1 27606345344404.89
a 6 46 0 1 12077181820645.084
a 6 47 0 1 7092159717585.393
a 6 48 0 1 6062525054012.588
a 6 49 0 1 5926684840737.676
a 6 50 0 1 22581304613297.668
a 6 51 0 1 22755963218519.305
a 6 52 0 1 21431573934648.844
a 6 53 0 1 19397239868707.797
a 6 54 0 1 24543128237441.363
a 6 55 0 1 22975683423433.97
a 6 56 0 1 15249300388034.281
a 6 57 0 1 24950356235206.56
a 6 58 0 1 28756729459461.45
a 6 59 0 1 19875251101995.04
a 6 60 0 1 24864636440440.777
a 6 61 0 1 18788069397625.195
a 6 62 0 1 26118648188850.242
a 6 63 0 1 28504690761702.664
a 6 64 0 1 21050320605370.953
a 6 65 0 1 27636018460792.355
a 6 66 0 1 8527253209301.454
a 6 67 0 1 23159639139361.008
a 6 68 0 1 9705519267626.305
a 6 69 0 1 19884487129323.984
a 6 70 0 1 27374663378162.45
a 6 71 0 1 24313312729338.34
a 6 72 0 1 20234336217307.035
a 6 73 0 1 10608543602815.025
a 6 74 0 1 24296146870075.094
a 6 75 0 1 19871411949534.523
a 6 76 0 1 22483734245175.996
a 6 77 0 1 10792913362036.83
a 6 78 0 1 24283141008216.152
a 6 79 0 1 24589520443215.633
a 6 80 0 1 13808780333358.693
a 6 81 0 1 9771946495774.674
a 7 12 0 1 15082736383605.73
a 7 13 0 1 13002234487637.574
a 7 14 0 1 12235833940121.568
a 7 15 0 1 4939495893810.584
a 7 16 0 1 5394741033506.559
a 7 17 0 1 5588853689318.958
a 7 18 0 1 5002806476216.049
a 7 19 0 1 7518086438960.839
a 7 20 0 1 11162001357662.498
a 7 21 0 1 11390013124064.32
a 7 22 0 1 7050951574107.224
a 7 23 0 1 9831900893800.732
a 7 24 0 1 8663880100604.001
a 7 25 0 1 10329857118341.68
a 7 26 0 1 11599699356814.531
a 7 27 0 1 13838004995583.855
a 7 28 0 1 7517801667406.12
a 7 29 0 1 13712082792080.643
a 7 30 0 1 8181571438025.73
a 7 31 0 1 15319722427748.895
a 7 32 0 1 7416065152413.451
a 7 33 0 1 12071644368942.273
a 7 34 0 1 15687867687336.709
a 7 35 0 1 8256549897108.192
a 7 36 0 1 13691481227459.164
a 7 37 0 1 13919855758701.955
a 7 38 0 1 6168911088240.713
a 7 39 0 1 4169025697766.0566
a 7 40 0 1 4834620855759.059
a 7 41 0 1 4794249230517.641
a 7 42 0 1 7440699949551.449
a 7 43 0 1 3607834494503.8896
a 7 44 0 1 14551943970322.084
a 7 45 0 1 15349171336977.467
a 7 46 0 1 6720262328190.272
a 7 47 0 1 3947386696721.619
a 7 48 0 1 3374485293307.607
a 7 49 0 1 3298897627472.5645
a 7 50 0 1 12558466060792.865
a 7 51 0 1 12655488500930.787
a 7 52 0 1 11919750114880.002
a 7 53 0 1 10789421653175.932
a 7 54 0 1 13648154749795.0
a 7 55 0 1 12777540089258.742
a 7 56 0 1 8483990606879.507
a 7 57 0 1 13874320818826.287
a 7 58 0 1 15987846378948.557
a 7 59 0 1 11055038166952.645
a 7 60 0 1 13826714588253.18
a 7 61 0 1 10450905057019.379
a 7 62 0 1 14523113853949.816
a 7 63 0 1 15847924922969.203
a 7 64 0 1 11707933850055.3
a 7 65 0 1 15365646326752.096
a 7 66 0 1 4745789871897.986
a 7 67 0 1 12879722878897.496
a 7 68 0 1 5401221585501.229
a 7 69 0 1 11060170222564.67
a 7 70 0 1 15220536074716.146
a 7 71 0 1 13520515772917.344
a 7 72 0 1 11254562457390.348
a 7 73 0 1 5903491723256.024
a 7 74 0 1 13510981775707.578
a 7 75 0 1 11052904916757.25
a 7 76 0 1 12504265198089.002
a 7 77 0 1 6006034119743.557
a 7 78 0 1 13503758249039.336
a 7 79 0 1 13673920504292.959
a 7 80 0 1 7683118565450.908
a 7 81 0 1 5438170577764.482
a 8 12 0 1 15031667086189.062
a 8 13 0 1 12958220166460.094
a 8 14 0 1 12194417632302.852
a 8 15 0 1 4922790499438.208
a 8 16 0 1 5376495045059.765
a 8 17 0 1 5569950755715.631
a 8 18 0 1 4985886842276.878
a 8 19 0 1 7492652715638.931
a 8 20 0 1 11124224455380.334
a 8 21 0 1 11351463525213.416
a 8 22 0 1 7027099449163.994
a 8 23 0 1 9798630690286.629
a 8 24 0 1 8634566296936.373
a 8 25 0 1 10294899881030.219
a 8 26 0 1 11560439128101.066
a 8 27 0 1 13791156983657.03
a 8 28 0 1 7492368908298.018
a 8 29 0 1 13665661755792.076
a 8 30 0 1 8153891033887.956
a 8 31 0 1 15267849297597.557
a 8 32 0 1 7390976861370.805
a 8 33 0 1 12030784586240.191
a 8 34 0 1 15634745758928.902
a 8 35 0 1 8228615580765.795
a 8 36 0 1 13645130045557.28
a 8 37 0 1 13872730201480.818
a 8 38 0 1 6148044863022.665
a 8 39 0 1 4154927283224.607
a 8 40 0 1 4818270345965.49
a 8 41 0 1 4778035331194.069
a 8 42 0 1 7415528248674.269
a 8 43 0 1 3595634648695.196
a 8 44 0 1 14502674908585.953
a 8 45 0 1 15297198316044.287
a 8 46 0 1 6697529729401.743
a 8 47 0 1 3934038139394.1387
a 8 48 0 1 3363074820366.9536
a 8 49 0 1 3287742843162.063
a 8 50 0 1 12515956121343.824
a 8 51 0 1 12612649667016.635
a 8 52 0 1 11879405163303.582
a 8 53 0 1 10752907278815.783
a 8 54 0 1 13601950475296.164
a 8 55 0 1 12734287504662.164
a 8 56 0 1 8455286042964.834
a 8 57 0 1 13827349665307.158
a 8 58 0 1 15933706804445.059
a 8 59 0 1 11017623732430.578
a 8 60 0 1 13779904860219.537
a 8 61 0 1 10415537690346.586
a 8 62 0 1 14473942566164.742
a 8 63 0 1 15794260025976.107
a 8 64 0 1 11668306799601.8
a 8 65 0 1 15313617422314.238
a 8 66 0 1 4729739948839.844
a 8 67 0 1 12836123889249.92
a 8 68 0 1 5382953665071.465
a 8 69 0 1 11022738397172.271
a 8 70 0 1 15168999379978.74
a 8 71 0 1 13474744276331.928
a 8 72 0 1 11216471884749.123
a 8 73 0 1 5883523882278.45
a 8 74 0 1 13465242604973.557
a 8 75 0 1 11015497711121.16
a 8 76 0 1 12461938989892.193
a 8 77 0 1 5985719202540.539
a 8 78 0 1 13458043570256.223
a 8 79 0 1 13627628865838.549
a 8 80 0 1 7657126045308.132
a 8 81 0 1 5419777611083.184
a 9 12 0 1 12041934101592.53
a 9 13 0 1 10381379726226.965
a 9 14 0 1 9769636004929.555
a 9 15 0 1 3944581724068.3013
a 9 16 0 1 4308085817795.213
a 9 17 0 1 4463078536695.438
a 9 18 0 1 3995134411271.078
a 9 19 0 1 6003433003296.27
a 9 20 0 1 8912462265261.041
a 9 21 0 1 9094473448031.477
a 9 22 0 1 5630471855759.713
a 9 23 0 1 7850666537515.555
a 9 24 0 1 6918202061012.11
a 9 25 0 1 8248183886000.962
a 9 26 0 1 9261854508349.508
a 9 27 0 1 11048469970557.793
a 9 28 0 1 6003205643740.0
a 9 29 0 1 10947963806298.775
a 9 30 0 1 6533146478762.338
a 9 31 0 1 12231074528893.902
a 9 32 0 1 5921979751740.201
a 9 33 0 1 9638576455054.732
a 9 34 0 1 12524890025671.945
a 9 35 0 1 6593006791174.927
a 9 36 0 1 10931520389409.166
a 9 37 0 1 11113799724126.688
a 9 38 0 1 4926227412998.99
a 9 39 0 1 3329359264613.1504
a 9 40 0 1 3860840025933.0835
a 9 41 0 1 3828603567103.264
a 9 42 0 1 5941648077836.371
a 9 43 0 1 2881232783707.012
a 9 44 0 1 11618296938469.04
a 9 45 0 1 12254577789604.432
a 9 46 0 1 5366444197610.951
a 9 47 0 1 3152375871570.181
a 9 48 0 1 2694893648501.505
a 9 49 0 1 2634533290998.8115
a 9 50 0 1 10027164799231.445
a 9 51 0 1 10104608509354.441
a 9 52 0 1 9517330394195.316
a 9 53 0 1 8615045076085.237
a 9 54 0 1 10896938725053.99
a 9 55 0 1 10202030092490.936
a 9 56 0 1 6774586627946.865
a 9 57 0 1 11077455727111.334
a 9 58 0 1 12764298294928.42
a 9 59 0 1 8827077863249.39
a 9 60 0 1 11039458434232.357
a 9 61 0 1 8344814797639.433
a 9 62 0 1 11595286685754.186
a 9 63 0 1 12652629600100.03
a 9 64 0 1 9348251551301.127
a 9 65 0 1 12267726513162.719
a 9 66 0 1 3789909030310.071
a 9 67 0 1 10283591974730.877
a 9 68 0 1 4313260352872.6035
a 9 69 0 1 8831174585991.17
a 9 70 0 1 12151913373330.64
a 9 71 0 1 10795061396675.55
a 9 72 0 1 8986349716372.062
a 9 73 0 1 4714303931998.024
a 9 74 0 1 10787451642318.74
a 9 75 0 1 8825374971323.01
a 9 76 0 1 9983901296058.703
a 9 77 0 1 4796178981874.341
a 9 78 0 1 10781686034909.824
a 9 79 0 1 10917504048743.143
a 9 80 0 1 6135192956979.069
a 9 81 0 1 4342763034748.0195
a 10 12 0 1 13292312608326.031
a 10 13 0 1 11459106407252.727
a 10 14 0 1 10783776589362.848
a 10 15 0 1 4353747368141.2075
a 10 16 0 1 4754977851251.91
a 10 17 0 1 4926057599305.342
a 10 18 0 1 4409546473606.246
a 10 19 0 1 6626323233339.271
a 10 20 0 1 9837522805559.732
a 10 21 0 1 10038447508665.518
a 10 22 0 1 6214637557096.657
a 10 23 0 1 8665409016389.363
a 10 24 0 1 7636088240511.89
a 10 25 0 1 9104223989176.213
a 10 26 0 1 10223222586317.377
a 10 27 0 1 12195546868351.49
a 10 28 0 1 6626072265939.001
a 10 29 0 1 12084591403898.402
a 10 30 0 1 7211043130011.436
a 10 31 0 1 13501123043692.057
a 10 32 0 1 6536412383315.032
a 10 33 0 1 10639095684353.088
a 10 34 0 1 13825496301448.164
a 10 35 0 1 7277119913074.284
a 10 36 0 1 12066438443653.97
a 10 37 0 1 12267668887851.805
a 10 38 0 1 5437281474420.609
a 10 39 0 1 3674681788550.1914
a 10 40 0 1 4261315004859.029
a 10 41 0 1 4225733114225.5522
a 10 42 0 1 6558122929891.313
a 10 43 0 1 3180058424048.3003
a 10 44 0 1 12824621947228.617
a 10 45 0 1 13527070635472.062
a 10 46 0 1 5923198145571.214
a 10 47 0 1 3479334250299.774
a 10 48 0 1 2974386598348.203
a 10 49 0 1 2907764048381.5405
a 10 50 0 1 11068072333648.123
a 10 51 0 1 11153565707400.371
a 10 52 0 1 10505248613520.133
a 10 53 0 1 9509201672857.334
a 10 54 0 1 12028261512480.496
a 10 55 0 1 11261113721751.57
a 10 56 0 1 7477557325364.135
a 10 57 0 1 12227546229680.516
a 10 58 0 1 14089805491820.008
a 10 59 0 1 9743266065493.648
a 10 60 0 1 12185598420902.527
a 10 61 0 1 9210894406570.875
a 10 62 0 1 12799219022989.854
a 10 63 0 1 13966521916198.996
a 10 64 0 1 10318598184733.865
a 10 65 0 1 13541586828149.934
a 10 66 0 1 4183022976093.544
a 10 67 0 1 11351153700448.078
a 10 68 0 1 4760689452278.902
a 10 69 0 1 9747788476449.18
a 10 70 0 1 13413729262471.424
a 10 71 0 1 11915792738242.48
a 10 72 0 1 9919088095934.455
a 10 73 0 1 5203359567244.852
a 10 74 0 1 11907391864005.518
a 10 75 0 1 9741386227131.863
a 10 76 0 1 11020311999102.61
a 10 77 0 1 5293733403879.127
a 10 78 0 1 11901026857633.074
a 10 79 0 1 12050964896772.896
a 10 80 0 1 6771764690910.32
a 10 81 0 1 4793254236440.508
a 11 12 0 1 10651846128769.762
a 11 13 0 1 9183184326067.377
a 11 14 0 1 8642116952042.615
a 11 15 0 1 3489605435974.5405
a 11 16 0 1 3811163809579.956
a 11 17 0 1 3948270555163.351
a 11 18 0 1 3534324897853.1284
a 11 19 0 1 5310839275123.706
a 11 20 0 1 7883959917817.513
a 11 21 0 1 8044947464654.8955
a 11 22 0 1 4980929945127.36
a 11 23 0 1 6944793906027.858
a 11 24 0 1 6120000454236.086
a 11 25 0 1 7296403985579.409
a 11 26 0 1 8192994088355.6875
a 11 27 0 1 9773193858187.975
a 11 28 0 1 5310638161233.387
a 11 29 0 1 9684301615356.498
a 11 30 0 1 5779401007134.221
a 11 31 0 1 10819125495656.707
a 11 32 0 1 5238788650762.868
a 11 33 0 1 8526197908451.394
a 11 34 0 1 11078979801343.082
a 11 35 0 1 5832350447110.149
a 11 36 0 1 9669758283690.53
a 11 37 0 1 9830974349054.146
a 11 38 0 1 4357969243493.8994
a 11 39 0 1 2945368083397.4185
a 11 40 0 1 3415526478642.2505
a 11 41 0 1 3387009658578.72
a 11 42 0 1 5256186560752.852
a 11 43 0 1 2548941375208.5176
a 11 44 0 1 10277170363909.451
a 11 45 0 1 10839912164601.38
a 11 46 0 1 4747377668347.633
a 11 47 0 1 2788803599442.3027
a 11 48 0 1 2384098555999.9805
a 11 49 0 1 2330701269974.738
a 11 50 0 1 8869893846378.812
a 11 51 0 1 8938390300268.045
a 11 52 0 1 8418958301795.403
a 11 53 0 1 7620894933555.214
a 11 54 0 1 9639172611682.518
a 11 55 0 1 9024556335516.814
a 11 56 0 1 5992966378195.855
a 11 57 0 1 9798830141200.186
a 11 58 0 1 11290714133991.648
a 11 59 0 1 7808437776337.004
a 11 60 0 1 9765223653512.996
a 11 61 0 1 7381874920187.878
a 11 62 0 1 10256819374849.56
a 11 63 0 1 11191953734210.762
a 11 64 0 1 8269411021753.364
a 11 65 0 1 10851541105527.338
a 11 66 0 1 3352779900629.1104
a 11 67 0 1 9096694839760.61
a 11 68 0 1 3815741218645.2236
a 11 69 0 1 7812061314145.534
a 11 70 0 1 10749113976732.05
a 11 71 0 1 9549067283739.953
a 11 72 0 1 7949312916565.714
a 11 73 0 1 4170503642649.035
a 11 74 0 1 9542336832308.693
a 11 75 0 1 7806931573905.606
a 11 76 0 1 8831628617305.568
a 11 77 0 1 4242929698830.1646
a 11 78 0 1 9537237436754.342
a 11 79 0 1 9657361567423.207
a 11 80 0 1 5427389073275.671
a 11 81 0 1 3841839366444.8335
a 12 1 0 1 0
a 13 1 0 1 0
a 14 1 0 1 0
a 15 1 0 1 0
a 16 1 0 1 0
a 17 1 0 1 0
a 18 1 0 1 0
a 19 1 0 1 0
a 20 1 0 1 0
a 21 1 0 1 0
a 22 1 0 1 0
a 23 1 0 1 0
a 24 1 0 1 0
a 25 1 0 1 0
a 26 1 0 1 0
a 27 1 0 1 0
a 28 1 0 1 0
a 29 1 0 1 0
a 30 1 0 1 0
a 31 1 0 1 0
a 32 1 0 1 0
a 33 1 0 1 0
a 34 1 0 1 0
a 35 1 0 1 0
a 36 1 0 1 0
a 37 1 0 1 0
a 38 1 0 1 0
a 39 1 0 1 0
a 40 1 0 1 0
a 41 1 0 1 0
a 42 1 0 1 0
a 43 1 0 1 0
a 44 1 0 1 0
a 45 1 0 1 0
a 46 1 0 1 0
a 47 1 0 1 0
a 48 1 0 1 0
a 49 1 0 1 0
a 50 1 0 1 0
a 51 1 0 1 0
a 52 1 0 1 0
a 53 1 0 1 0
a 54 1 0 1 0
a 55 1 0 1 0
a 56 1 0 1 0
a 57 1 0 1 0
a 58 1 0 1 0
a 59 1 0 1 0
a 60 1 0 1 0
a 61 1 0 1 0
a 62 1 0 1 0
a 63 1 0 1 0
a 64 1 0 1 0
a 65 1 0 1 0
a 66 1 0 1 0
a 67 1 0 1 0
a 68 1 0 1 0
a 69 1 0 1 0
a 70 1 0 1 0
a 71 1 0 1 0
a 72 1 0 1 0
a 73 1 0 1 0
a 74 1 0 1 0
a 75 1 0 1 0
a 76 1 0 1 0
a 77 1 0 1 0
a 78 1 0 1 0
a 79 1 0 1 0
a 80 1 0 1 0
a 81 1 0 1 0
