p min 81 769
n 0 10
n 1 -10
a 0 2 0 1 0
a 0 3 0 1 0
a 0 4 0 1 0
a 0 5 0 1 0
a 0 6 0 1 0
a 0 7 0 1 0
a 0 8 0 1 0
a 0 9 0 1 0
a 0 10 0 1 0
a 0 11 0 1 0
a 2 12 0 1 9781276737985.262
a 2 13 0 1 27849977281170.402
a 2 14 0 1 23178678676063.273
a 2 15 0 1 20492943135290.863
a 2 16 0 1 19689406610611.965
a 2 17 0 1 16332073427050.188
a 2 18 0 1 13513356359954.318
a 2 19 0 1 10378008800716.674
a 2 20 0 1 26933599608906.52
a 2 21 0 1 13550398594788.676
a 2 22 0 1 10713440433126.838
a 2 23 0 1 27915126942760.52
a 2 24 0 1 22562545897399.484
a 2 25 0 1 17939460076856.07
a 2 26 0 1 25736556384243.996
a 2 27 0 1 6755442778147.484
a 2 28 0 1 17224775741157.818
a 2 29 0 1 16531924060581.812
a 2 30 0 1 19899256810327.902
a 2 31 0 1 27018658516440.875
a 2 32 0 1 17415437906879.805
a 2 33 0 1 24812279156814.99
a 2 34 0 1 30377239400964.58
a 2 35 0 1 20350162452191.188
a 2 36 0 1 16268071039582.584
a 2 37 0 1 14187418233594.621
a 2 38 0 1 29414811713949.996
a 2 39 0 1 20315174997056.406
a 2 40 0 1 28460342020347.71
a 2 41 0 1 21039083656647.293
a 2 42 0 1 8456202545342.297
a 2 43 0 1 27669997521889.75
a 2 44 0 1 24301012792154.793
a 2 45 0 1 18454731628104.27
a 2 46 0 1 11978495393449.283
a 2 47 0 1 19176931071475.082
a 2 48 0 1 28574532075234.223
a 2 49 0 1 11961237525905.896
a 2 50 0 1 14677159633138.375
a 2 51 0 1 20510497045962.574
a 2 52 0 1 11258825123921.701
a 2 53 0 1 24436956764285.03
a 2 54 0 1 11581432342394.307
a 2 55 0 1 16882168853059.203
a 2 56 0 1 31973873416533.723
a 2 57 0 1 18634338492702.367
a 2 58 0 1 23558311894081.273
a 2 59 0 1 31222453959869.086
a 2 60 0 1 29421285460265.5
a 2 61 0 1 17364940284174.148
a 2 62 0 1 18846162868384.535
a 2 63 0 1 10873091380738.703
a 2 64 0 1 25225465997739.984
a 2 65 0 1 21420657909649.863
a 2 66 0 1 13585716883760.486
a 2 67 0 1 20976146585786.062
a 2 68 0 1 16598906989038.348
a 2 69 0 1 7705525163616.79
a 2 70 0 1 10750322231356.637
a 2 71 0 1 21647680858230.984
a 2 72 0 1 20628060588421.44
a 2 73 0 1 30685627237384.203
a 2 74 0 1 21121285624418.203
a 2 75 0 1 15508756968322.607
a 2 76 0 1 29145075919218.86
a 2 77 0 1 8101952252613.222
a 2 78 0 1 30671843647220.46
a 2 79 0 1 13366187166072.863
a 2 80 0 1 24063511971768.055
a 3 12 0 1 9957839175994.693
a 3 13 0 1 28353765566191.516
a 3 14 0 1 23597736413589.164
a 3 15 0 1 20863327539045.7
a 3 16 0 1 20045234552131.19
a 3 17 0 1 16627111268543.02
a 3 18 0 1 13757393575676.178
a 3 19 0 1 10565355994638.756
a 3 20 0 1 27420758821959.156
a 3 21 0 1 13795105817900.148
a 3 22 0 1 10906850555080.27
a 3 23 0 1 28420097603886.125
a 3 24 0 1 22970434809313.707
a 3 25 0 1 18263596356680.945
a 3 26 0 1 26201998800934.375
a 3 27 0 1 6877342444641.249
a 3 28 0 1 17535972773208.078
a 3 29 0 1 16830579191016.633
a 3 30 0 1 20258886027638.656
a 3 31 0 1 27507361102831.785
a 3 32 0 1 17730086635505.87
a 3 33 0 1 25260957475604.035
a 3 34 0 1 30926907232290.86
a 3 35 0 1 20717960112800.613
a 3 36 0 1 16561950476097.242
a 3 37 0 1 14443648562428.51
a 3 38 0 1 29947004569128.633
a 3 39 0 1 20682338806700.715
a 3 40 0 1 28975208287807.99
a 3 41 0 1 21419363231823.906
a 3 42 0 1 8608822272687.93
a 3 43 0 1 28170519517463.27
a 3 44 0 1 24740419566633.91
a 3 45 0 1 18788198163545.76
a 3 46 0 1 12194775678594.322
a 3 47 0 1 19523476696682.883
a 3 48 0 1 29091471042480.63
a 3 49 0 1 12177205770873.496
a 3 50 0 1 14942250108414.717
a 3 51 0 1 20881199478110.93
a 3 52 0 1 11462094094020.787
a 3 53 0 1 24878828702127.117
a 3 54 0 1 11790533634572.604
a 3 55 0 1 17187163809820.758
a 3 56 0 1 32552540322459.918
a 3 57 0 1 18971057515981.26
a 3 58 0 1 23984252161284.92
a 3 59 0 1 31787471759241.582
a 3 60 0 1 29953595847273.15
a 3 61 0 1 17678674802398.82
a 3 62 0 1 19186717980099.824
a 3 63 0 1 11069387361634.188
a 3 64 0 1 25681638052693.734
a 3 65 0 1 21807851736930.863
a 3 66 0 1 13831062937531.592
a 3 67 0 1 21355285779771.066
a 3 68 0 1 16898774545874.834
a 3 69 0 1 7844584232177.356
a 3 70 0 1 10944399021044.34
a 3 71 0 1 22038988710156.305
a 3 72 0 1 21000892981098.56
a 3 73 0 1 31240895357427.426
a 3 74 0 1 21503054674263.773
a 3 75 0 1 15788894599954.354
a 3 76 0 1 29672371839411.395
a 3 77 0 1 8248172305914.4
a 3 78 0 1 31226861450158.707
a 3 79 0 1 13607562492769.197
a 3 80 0 1 24498612172857.125
a 4 12 0 1 5377711126412.433
a 4 13 0 1 15297475883496.244
a 4 14 0 1 12734704546617.607
a 4 15 0 1 11260690991862.715
a 4 16 0 1 10819605719055.65
a 4 17 0 1 8976266736316.318
a 4 18 0 1 7428157942514.21
a 4 19 0 1 5705615804837.7705
a 4 20 0 1 14794830181441.504
a 4 21 0 1 7448505386590.557
a 4 22 0 1 5889926805879.813
a 4 23 0 1 15333209541835.742
a 4 24 0 1 12396588443281.07
a 4 25 0 1 9858880258426.627
a 4 26 0 1 14138163451759.994
a 4 27 0 1 3714700895753.511
a 4 28 0 1 9466466381679.305
a 4 29 0 1 9086012428206.834
a 4 30 0 1 10934802332415.498
a 4 31 0 1 14841488173078.188
a 4 32 0 1 9571156678168.965
a 4 33 0 1 13631073142610.16
a 4 34 0 1 16683465625157.64
a 4 35 0 1 11182317086534.645
a 4 36 0 1 8941120075177.887
a 4 37 0 1 7798410520106.759
a 4 38 0 1 16155698296338.11
a 4 39 0 1 11163111905887.816
a 4 40 0 1 15632242732157.773
a 4 41 0 1 11560462873913.395
a 4 42 0 1 4649509371318.119
a 4 43 0 1 15198758299707.781
a 4 44 0 1 13350553887811.402
a 4 45 0 1 10141783892599.275
a 4 46 0 1 6584984061250.222
a 4 47 0 1 10538273316108.87
a 4 48 0 1 15694870211311.568
a 4 49 0 1 6575502710642.564
a 4 50 0 1 8067402243447.525
a 4 51 0 1 11270326448477.799
a 4 52 0 1 6189587887663.191
a 4 53 0 1 13425144449793.16
a 4 54 0 1 6366836125615.638
a 4 55 0 1 9278339862173.352
a 4 56 0 1 17558896741426.246
a 4 57 0 1 10240391319007.938
a 4 58 0 1 12943025656549.604
a 4 59 0 1 17146913122610.602
a 4 60 0 1 16159248486831.98
a 4 61 0 1 9543429244121.035
a 4 62 0 1 10356684379823.38
a 4 63 0 1 5977648617130.1875
a 4 64 0 1 13857767689879.314
a 4 65 0 1 11769895641126.508
a 4 66 0 1 7467905787637.584
a 4 67 0 1 11525918118539.979
a 4 68 0 1 9122794828548.14
a 4 69 0 1 4236926110698.248
a 4 70 0 1 5910192008148.83
a 4 71 0 1 11894496661874.396
a 4 72 0 1 11334857394606.592
a 4 73 0 1 16852565363568.586
a 4 74 0 1 11605581361688.2
a 4 75 0 1 8524127898705.682
a 4 76 0 1 16007773561619.508
a 4 77 0 1 4454812235070.891
a 4 78 0 1 16845007459172.426
a 4 79 0 1 7347316557580.889
a 4 80 0 1 13220237970649.264
a 5 12 0 1 8064291983709.223
a 5 13 0 1 22952856695273.625
a 5 14 0 1 19104763318354.78
a 5 15 0 1 16891994603095.299
a 5 16 0 1 16229916662740.291
a 5 17 0 1 13463391942391.307
a 5 18 0 1 11140409520717.44
a 5 19 0 1 8556171740552.51
a 5 20 0 1 22198026296583.22
a 5 21 0 1 11170938766666.258
a 5 22 0 1 8832659177228.27
a 5 23 0 1 23006520121212.516
a 5 24 0 1 18597154841220.227
a 5 25 0 1 14787964844971.72
a 5 26 0 1 21211966295116.402
a 5 27 0 1 5569947172761.062
a 5 28 0 1 14199037229687.8
a 5 29 0 1 13628084290127.838
a 5 30 0 1 16402825865409.643
a 5 31 0 1 22268091439271.992
a 5 32 0 1 14356151917910.184
a 5 33 0 1 20450563520300.547
a 5 34 0 1 25034444867190.1
a 5 35 0 1 16774351320327.66
a 5 36 0 1 13410648753160.264
a 5 37 0 1 11695946610939.1
a 5 38 0 1 24241763164294.848
a 5 39 0 1 16745523513797.799
a 5 40 0 1 23455605284979.867
a 5 41 0 1 17341977508247.668
a 5 42 0 1 6972005261499.939
a 5 43 0 1 22804607597692.297
a 5 44 0 1 20029379319231.16
a 5 45 0 1 15212558010406.45
a 5 46 0 1 9875376807510.693
a 5 47 0 1 15807648615598.342
a 5 48 0 1 23549660594857.633
a 5 49 0 1 9861152422837.328
a 5 50 0 1 12099564012383.2
a 5 51 0 1 16906457994925.379
a 5 52 0 1 9282197364383.555
a 5 53 0 1 20141371605784.094
a 5 54 0 1 9548104566414.662
a 5 55 0 1 13916709817339.682
a 5 56 0 1 26349407866021.234
a 5 57 0 1 15360555262199.594
a 5 58 0 1 19417522442624.188
a 5 59 0 1 25730561085785.83
a 5 60 0 1 24247095221894.203
a 5 61 0 1 14314539594405.521
a 5 62 0 1 15535098573182.404
a 5 63 0 1 8964253919252.436
a 5 64 0 1 20790942856647.5
a 5 65 0 1 17656363010109.113
a 5 66 0 1 11200047138663.031
a 5 67 0 1 17290122120333.277
a 5 68 0 1 13683283095010.59
a 5 69 0 1 6353180018675.615
a 5 70 0 1 8863059640559.922
a 5 71 0 1 17843408761939.484
a 5 72 0 1 17003323186645.41
a 5 73 0 1 25288434949060.24
a 5 74 0 1 17409705515388.072
a 5 75 0 1 12784901572274.814
a 5 76 0 1 24019595845748.86
a 5 77 0 1 6679979324137.082
a 5 78 0 1 25277082768995.527
a 5 79 0 1 11019116048818.305
a 5 80 0 1 19833721792105.53
a 6 12 0 1 2346088551339.1772
a 6 13 0 1 6669404293022.748
a 6 14 0 1 5553009341063.8
a 6 15 0 1 4910730839588.013
a 6 16 0 1 4718510874409.748
a 6 17 0 1 3915085422545.514
a 6 18 0 1 3240188401509.6826
a 6 19 0 1 2489087780005.84
a 6 20 0 1 6450470983910.235
a 6 21 0 1 3249059736563.6597
a 6 22 0 1 2569463133802.487
a 6 23 0 1 6684967968056.738
a 6 24 0 1 5405691374715.861
a 6 25 0 1 4299799478089.3477
a 6 26 0 1 6164430438068.516
a 6 27 0 1 1620756056901.7485
a 6 28 0 1 4128759352506.5957
a 6 29 0 1 3962923834750.8867
a 6 30 0 1 4768713316244.217
a 6 31 0 1 6470794028852.403
a 6 32 0 1 4174391215028.9956
a 6 33 0 1 5943527884345.819
a 6 34 0 1 7273014507615.373
a 6 35 0 1 4876577184185.513
a 6 36 0 1 3899764763887.036
a 6 37 0 1 3401612117884.143
a 6 38 0 1 7043180207321.472
a 6 39 0 1 4868207928160.584
a 6 40 0 1 6815208037705.27
a 6 41 0 1 5041361743148.669
a 6 42 0 1 2028497995539.8022
a 6 43 0 1 6626407804841.93
a 6 44 0 1 5821319690128.661
a 6 45 0 1 4423102331704.466
a 6 46 0 1 2872550215348.6006
a 6 47 0 1 4595903646944.301
a 6 48 0 1 6842483991702.741
a 6 49 0 1 2868415955974.7935
a 6 50 0 1 3518882986181.155
a 6 51 0 1 4914929739491.843
a 6 52 0 1 2700136878446.5693
a 6 53 0 1 5853815498150.718
a 6 54 0 1 2777427441806.0283
a 6 55 0 1 4046758183137.521
a 6 56 0 1 7654216105471.77
a 6 57 0 1 4466079071183.723
a 6 58 0 1 5643772107088.529
a 6 59 0 1 7474825539906.462
a 6 60 0 1 7044726311643.611
a 6 61 0 1 4162305585542.439
a 6 62 0 1 4516763152479.894
a 6 63 0 1 2607716667513.953
a 6 64 0 1 6042284093762.623
a 6 65 0 1 5132622759620.197
a 6 66 0 1 3257518146033.212
a 6 67 0 1 5026308513910.627
a 6 68 0 1 3978957219337.0356
a 6 69 0 1 1848544774962.2495
a 6 70 0 1 2578300377153.3066
a 6 71 0 1 5186916885660.671
a 6 72 0 1 4943050635975.969
a 6 73 0 1 7346651426218.894
a 6 74 0 1 5061022482306.681
a 6 75 0 1 3717989818998.768
a 6 76 0 1 6978758502772.103
a 6 77 0 1 1943579666325.5955
a 6 78 0 1 7343360262360.096
a 6 79 0 1 3204941924287.1753
a 6 80 0 1 5764546054268.621
a 7 12 0 1 6780918783068.943
a 7 13 0 1 19294807063095.38
a 7 14 0 1 16061127580221.584
a 7 15 0 1 14201458096169.209
a 7 16 0 1 13645000859549.855
a 7 17 0 1 11319670965949.396
a 7 18 0 1 9366966515774.629
a 7 19 0 1 7194454613410.129
a 7 20 0 1 18660534311947.37
a 7 21 0 1 9392630550801.746
a 7 22 0 1 7426901363032.971
a 7 23 0 1 19339898970947.22
a 7 24 0 1 15634533324961.871
a 7 25 0 1 12433035501554.088
a 7 26 0 1 17831936244871.633
a 7 27 0 1 4683744801130.111
a 7 28 0 1 11938021399588.146
a 7 29 0 1 11458105417621.938
a 7 30 0 1 13790327316859.23
a 7 31 0 1 18719409749987.562
a 7 32 0 1 12070082795321.95
a 7 33 0 1 17192099790868.84
a 7 34 0 1 21043843388571.84
a 7 35 0 1 14102583330152.814
a 7 36 0 1 11275336765105.174
a 7 37 0 1 9833967437750.432
a 7 38 0 1 20377815283933.832
a 7 39 0 1 14078354575000.354
a 7 40 0 1 19717249452155.367
a 7 41 0 1 14579647904659.184
a 7 42 0 1 5862578861750.148
a 7 43 0 1 19170236941992.855
a 7 44 0 1 16838154582777.629
a 7 45 0 1 12789914153532.424
a 7 46 0 1 8303507052069.033
a 7 47 0 1 13290089789763.709
a 7 48 0 1 19796280034307.305
a 7 49 0 1 8291548933257.266
a 7 50 0 1 10173254201165.348
a 7 51 0 1 14213614004941.844
a 7 52 0 1 7804829200894.765
a 7 53 0 1 16932268650514.336
a 7 54 0 1 8028375093505.318
a 7 55 0 1 11700711614389.273
a 7 56 0 1 22148660558216.656
a 7 57 0 1 12914307357956.656
a 7 58 0 1 16323966442181.33
a 7 59 0 1 21628719090724.73
a 7 60 0 1 20382295457549.625
a 7 61 0 1 12035105989962.32
a 7 62 0 1 13061011927876.963
a 7 63 0 1 7537534025046.365
a 7 64 0 1 17478136039043.938
a 7 65 0 1 14843870660640.908
a 7 66 0 1 9417100118846.316
a 7 67 0 1 14536066169481.744
a 7 68 0 1 11504503356257.545
a 7 69 0 1 5342285297167.621
a 7 70 0 1 7452459302315.153
a 7 71 0 1 15001070304101.504
a 7 72 0 1 14295025200863.78
a 7 73 0 1 21257247173531.367
a 7 74 0 1 14636569619184.412
a 7 75 0 1 10749347588395.818
a 7 76 0 1 20191142070962.285
a 7 77 0 1 5617051861282.638
a 7 78 0 1 21247709055501.555
a 7 79 0 1 9265002366789.28
a 7 80 0 1 16673730492105.87
a 8 12 0 1 6074547099734.313
a 8 13 0 1 17282260792836.744
a 8 14 0 1 14386429333804.414
a 8 15 0 1 12720952193970.455
a 8 16 0 1 12222587440325.945
a 8 17 0 1 10139942960115.006
a 8 18 0 1 8390944608640.152
a 8 19 0 1 6444972725076.798
a 8 20 0 1 16714273284067.736
a 8 21 0 1 8413931903903.511
a 8 22 0 1 6653185795578.994
a 8 23 0 1 17322640000375.85
a 8 24 0 1 14004387930650.318
a 8 25 0 1 11137124597624.969
a 8 26 0 1 15972255541723.205
a 8 27 0 1 4195942315019.6484
a 8 28 0 1 10693769982009.541
a 8 29 0 1 10263932817568.414
a 8 30 0 1 12352742890220.57
a 8 31 0 1 16766996256675.791
a 8 32 0 1 10812050015719.992
a 8 33 0 1 15399265564739.965
a 8 34 0 1 18848467591141.64
a 8 35 0 1 12632400146917.377
a 8 36 0 1 10100234612621.686
a 8 37 0 1 8809235465001.38
a 8 38 0 1 18252068228749.586
a 8 39 0 1 12610700889084.273
a 8 40 0 1 17660550651498.938
a 8 41 0 1 13059656304492.955
a 8 42 0 1 5251928956226.1045
a 8 43 0 1 17170709668005.346
a 8 44 0 1 15082294752161.38
a 8 45 0 1 11456756255398.766
a 8 46 0 1 7438390719379.172
a 8 47 0 1 11904724550577.918
a 8 48 0 1 17731320744940.39
a 8 49 0 1 7427679545099.546
a 8 50 0 1 9113130318272.338
a 8 51 0 1 12731838987562.068
a 8 52 0 1 6991710378804.486
a 8 53 0 1 15166577587653.066
a 8 54 0 1 7191947636207.38
a 8 55 0 1 10481223887075.03
a 8 56 0 1 19837762495896.902
a 8 57 0 1 11568166046913.416
a 8 58 0 1 14621815755332.232
a 8 59 0 1 19372190601242.926
a 8 60 0 1 18256080062399.75
a 8 61 0 1 10780723276603.17
a 8 62 0 1 11699558050037.865
a 8 63 0 1 6752284068345.277
a 8 64 0 1 15655419461090.785
a 8 65 0 1 13296290503639.992
a 8 66 0 1 8435849301007.4
a 8 67 0 1 13020624968519.852
a 8 68 0 1 10305489387875.707
a 8 69 0 1 4785859361655.323
a 8 70 0 1 6676079127246.379
a 8 71 0 1 13437075589116.205
a 8 72 0 1 12804750516089.182
a 8 73 0 1 19039559428226.867
a 8 74 0 1 13110634721724.629
a 8 75 0 1 9629124190044.17
a 8 76 0 1 18084908724532.344
a 8 77 0 1 5031991021007.058
a 8 78 0 1 19031018567415.508
a 8 79 0 1 8299615104585.85
a 8 80 0 1 14935046078218.889
a 9 12 0 1 6334063825653.947
a 9 13 0 1 18021587902226.86
a 9 14 0 1 15001660048774.66
a 9 15 0 1 13264850528794.791
a 9 16 0 1 12745146359095.41
a 9 17 0 1 10573353021763.71
a 9 18 0 1 8749522169659.933
a 9 19 0 1 6720327017574.747
a 9 20 0 1 17429253360797.791
a 9 21 0 1 8773492793671.335
a 9 22 0 1 6937442866989.267
a 9 23 0 1 18063698108566.23
a 9 24 0 1 14603253292206.752
a 9 25 0 1 11613214060037.893
a 9 26 0 1 16655433706133.895
a 9 27 0 1 4375160879790.534
a 9 28 0 1 11150882593306.178
a 9 29 0 1 10702649092128.307
a 9 30 0 1 12880874672030.492
a 9 31 0 1 17484236186845.021
a 9 32 0 1 11274225154644.41
a 9 33 0 1 16057890003282.748
a 9 34 0 1 19654948044717.24
a 9 35 0 1 13172506596508.732
a 9 36 0 1 10531945367491.95
a 9 37 0 1 9185707125360.3
a 9 38 0 1 19032974233767.086
a 9 39 0 1 13149878167539.105
a 9 40 0 1 18416095163336.613
a 9 41 0 1 13618059024485.79
a 9 42 0 1 5476279638321.655
a 9 43 0 1 17905254827655.363
a 9 44 0 1 15727337831182.217
a 9 45 0 1 11946528124206.143
a 9 46 0 1 7756225604048.114
a 9 47 0 1 12413674273008.473
a 9 48 0 1 18489899356006.28
a 9 49 0 1 7745056343935.181
a 9 50 0 1 9502603449038.258
a 9 51 0 1 13276203511097.8
a 9 52 0 1 7290443041675.132
a 9 53 0 1 15815231861983.059
a 9 54 0 1 7499243163814.514
a 9 55 0 1 10929239631324.447
a 9 56 0 1 20686673392413.004
a 9 57 0 1 12062707258474.146
a 9 58 0 1 15247130370932.867
a 9 59 0 1 20201132059106.3
a 9 60 0 1 19037158088285.133
a 9 61 0 1 11241557579438.088
a 9 62 0 1 12199724186990.113
a 9 63 0 1 7040778542146.624
a 9 64 0 1 16325020170683.52
a 9 65 0 1 13864827351182.104
a 9 66 0 1 8796347757486.69
a 9 67 0 1 13577356182671.834
a 9 68 0 1 10745984133651.584
a 9 69 0 1 4990289150363.305
a 9 70 0 1 6961315099379.817
a 9 71 0 1 14011641990581.383
a 9 72 0 1 13352237251248.0
a 9 73 0 1 19854234944978.387
a 9 74 0 1 13671220601501.357
a 9 75 0 1 10040675152546.629
a 9 76 0 1 18858647350603.16
a 9 77 0 1 5246940768839.731
a 9 78 0 1 19845327797312.598
a 9 79 0 1 8654285912186.5205
a 9 80 0 1 15573780293325.975
a 10 12 0 1 11359176509510.102
a 10 13 0 1 32353569571945.062
a 10 14 0 1 26924535921221.066
a 10 15 0 1 23803573733718.082
a 10 16 0 1 22869883929866.55
a 10 17 0 1 18969047404495.9
a 10 18 0 1 15694397908209.246
a 10 19 0 1 12052306071248.166
a 10 20 0 1 31288470857405.285
a 10 21 0 1 15737429560591.893
a 10 22 0 1 12441930872505.49
a 10 23 0 1 32429293910904.043
a 10 24 0 1 26208530443581.83
a 10 25 0 1 20836585629389.26
a 10 26 0 1 29897211663304.824
a 10 27 0 1 7844778937694.152
a 10 28 0 1 20006217579794.703
a 10 29 0 1 19201237281962.668
a 10 30 0 1 23113722033814.246
a 10 31 0 1 31387332635310.02
a 10 32 0 1 20227739469574.96
a 10 33 0 1 28823016330956.53
a 10 34 0 1 35291175939498.78
a 10 35 0 1 23637664025063.027
a 10 36 0 1 18894688703730.844
a 10 37 0 1 16477459198873.168
a 10 38 0 1 34172448925129.438
a 10 39 0 1 23597009091094.13
a 10 40 0 1 33063012049505.523
a 10 41 0 1 24438191646071.746
a 10 42 0 1 9820101722347.998
a 10 43 0 1 32144377604774.29
a 10 44 0 1 28228838301824.23
a 10 45 0 1 21435276295472.156
a 10 46 0 1 13911415010320.002
a 10 47 0 1 22274414490415.49
a 10 48 0 1 33195739855117.63
a 10 49 0 1 13891367856506.584
a 10 50 0 1 17046406734968.604
a 10 51 0 1 23823971261244.906
a 10 52 0 1 13075439650262.293
a 10 53 0 1 28386827093965.258
a 10 54 0 1 13450180284467.713
a 10 55 0 1 19608161830902.97
a 10 56 0 1 37147193915478.05
a 10 57 0 1 21643963046903.246
a 10 58 0 1 27365714388878.86
a 10 59 0 1 36273687493308.15
a 10 60 0 1 34179973880556.668
a 10 61 0 1 20169068374624.973
a 10 62 0 1 21890085395747.87
a 10 63 0 1 12627377132093.207
a 10 64 0 1 29303217645747.547
a 10 65 0 1 24881590435781.887
a 10 66 0 1 15778458574846.334
a 10 67 0 1 24365057807926.21
a 10 68 0 1 19279059578500.746
a 10 69 0 1 8948222960278.404
a 10 70 0 1 12484771682478.705
a 10 71 0 1 25145399753812.984
a 10 72 0 1 23960579660441.527
a 10 73 0 1 35649654821875.9
a 10 74 0 1 24533711847433.03
a 10 75 0 1 18012522520234.605
a 10 76 0 1 33858914959954.25
a 10 77 0 1 9408652556305.256
a 10 78 0 1 35633632292333.99
a 10 79 0 1 15523433280818.379
a 10 80 0 1 27952826018542.07
a 11 12 0 1 9566896496272.373
a 11 13 0 1 27238333902041.254
a 11 14 0 1 22669894661099.598
a 11 15 0 1 20043248534411.746
a 11 16 0 1 19257383835777.434
a 11 17 0 1 15973852424119.076
a 11 18 0 1 13217054054411.465
a 11 19 0 1 10150534447992.32
a 11 20 0 1 26342142881807.37
a 11 21 0 1 13253282838108.475
a 11 22 0 1 10478604920596.852
a 11 23 0 1 27302048239599.277
a 11 24 0 1 22067320704098.3
a 11 25 0 1 17545912044429.166
a 11 26 0 1 25171462745659.418
a 11 27 0 1 6607431432084.895
a 11 28 0 1 16846936569107.89
a 11 29 0 1 16169311450729.64
a 11 30 0 1 19462619200679.895
a 11 31 0 1 26425328223554.082
a 11 32 0 1 17033408201372.34
a 11 33 0 1 24267536481805.36
a 11 34 0 1 29709902013032.664
a 11 35 0 1 19903608197822.36
a 11 36 0 1 15911256411864.158
a 11 37 0 1 13876312400877.098
a 11 38 0 1 28768687361182.016
a 11 39 0 1 19869390248275.51
a 11 40 0 1 27835250759229.977
a 11 41 0 1 20577376201586.875
a 11 42 0 1 8270892158263.723
a 11 43 0 1 27062319200104.79
a 11 44 0 1 23767525486433.64
a 11 45 0 1 18049856287218.04
a 11 46 0 1 11715892821249.357
a 11 47 0 1 18756177276239.055
a 11 48 0 1 27946924712575.69
a 11 49 0 1 11699013804891.586
a 11 50 0 1 14355296849875.916
a 11 51 0 1 20060416353937.875
a 11 52 0 1 11012019774079.865
a 11 53 0 1 23900476820959.254
a 11 54 0 1 11327545874539.12
a 11 55 0 1 16511859331251.562
a 11 56 0 1 31271334200730.566
a 11 57 0 1 18225514512429.01
a 11 58 0 1 23041172608262.82
a 11 59 0 1 30536483259659.117
a 11 60 0 1 28775018433892.434
a 11 61 0 1 16984020475411.637
a 11 62 0 1 18432681744630.316
a 11 63 0 1 10634752079233.979
a 11 64 0 1 24671626196659.152
a 11 65 0 1 20950556507396.2
a 11 66 0 1 13287825527645.096
a 11 67 0 1 20515823563780.137
a 11 68 0 1 16234822422228.719
a 11 69 0 1 7536679501598.425
a 11 70 0 1 10514677301447.65
a 11 71 0 1 21172585017239.45
a 11 72 0 1 20175394094630.84
a 11 73 0 1 30011491647167.707
a 11 74 0 1 20657769934885.145
a 11 75 0 1 15168625804123.525
a 11 76 0 1 28504896035017.82
a 11 77 0 1 7924412039752.017
a 11 78 0 1 29998011917050.516
a 11 79 0 1 13073116643535.365
a 11 80 0 1 23535252731623.7
a 12 1 0 1 0
a 13 1 0 1 0
a 14 1 0 1 0
a 15 1 0 1 0
a 16 1 0 1 0
a 17 1 0 1 0
a 18 1 0 1 0
a 19 1 0 1 0
a 20 1 0 1 0
a 21 1 0 1 0
a 22 1 0 1 0
a 23 1 0 1 0
a 24 1 0 1 0
a 25 1 0 1 0
a 26 1 0 1 0
a 27 1 0 1 0
a 28 1 0 1 0
a 29 1 0 1 0
a 30 1 0 1 0
a 31 1 0 1 0
a 32 1 0 1 0
a 33 1 0 1 0
a 34 1 0 1 0
a 35 1 0 1 0
a 36 1 0 1 0
a 37 1 0 1 0
a 38 1 0 1 0
a 39 1 0 1 0
a 40 1 0 1 0
a 41 1 0 1 0
a 42 1 0 1 0
a 43 1 0 1 0
a 44 1 0 1 0
a 45 1 0 1 0
a 46 1 0 1 0
a 47 1 0 1 0
a 48 1 0 1 0
a 49 1 0 1 0
a 50 1 0 1 0
a 51 1 0 1 0
a 52 1 0 1 0
a 53 1 0 1 0
a 54 1 0 1 0
a 55 1 0 1 0
a 56 1 0 1 0
a 57 1 0 1 0
a 58 1 0 1 0
a 59 1 0 1 0
a 60 1 0 1 0
a 61 1 0 1 0
a 62 1 0 1 0
a 63 1 0 1 0
a 64 1 0 1 0
a 65 1 0 1 0
a 66 1 0 1 0
a 67 1 0 1 0
a 68 1 0 1 0
a 69 1 0 1 0
a 70 1 0 1 0
a 71 1 0 1 0
a 72 1 0 1 0
a 73 1 0 1 0
a 74 1 0 1 0
a 75 1 0 1 0
a 76 1 0 1 0
a 77 1 0 1 0
a 78 1 0 1 0
a 79 1 0 1 0
a 80 1 0 1 0
