p min 81 937
n 0 13
n 1 -13
a 0 2 0 1 0
a 0 3 0 1 0
a 0 4 0 1 0
a 0 5 0 1 0
a 0 6 0 1 0
a 0 7 0 1 0
a 0 8 0 1 0
a 0 9 0 1 0
a 0 10 0 1 0
a 0 11 0 1 0
a 0 12 0 1 0
a 0 13 0 1 0
a 0 14 0 1 0
a 2 15 0 1 27683389935253.234
a 2 16 0 1 18815010101351.965
a 2 17 0 1 6864810473217.747
a 2 18 0 1 14225765931352.234
a 2 19 0 1 15244280197877.533
a 2 20 0 1 13244528954351.719
a 2 21 0 1 6357513737725.373
a 2 22 0 1 6747046602664.619
a 2 23 0 1 11658500209168.54
a 2 24 0 1 11001458064093.432
a 2 25 0 1 17281435112524.514
a 2 26 0 1 15405775812566.256
a 2 27 0 1 24354243190450.113
a 2 28 0 1 7911130237774.241
a 2 29 0 1 19702227097640.594
a 2 30 0 1 28118881843506.152
a 2 31 0 1 27055287116309.523
a 2 32 0 1 18683079446715.18
a 2 33 0 1 22802777071275.668
a 2 34 0 1 18204401330634.438
a 2 35 0 1 17913997443886.727
a 2 36 0 1 12457070565902.812
a 2 37 0 1 25464879480837.44
a 2 38 0 1 11816408218881.693
a 2 39 0 1 12683895160988.174
a 2 40 0 1 21811570294128.16
a 2 41 0 1 10619115909907.92
a 2 42 0 1 10941246327828.445
a 2 43 0 1 10571013388890.736
a 2 44 0 1 16278864839449.453
a 2 45 0 1 11504854285949.053
a 2 46 0 1 21130720213537.92
a 2 47 0 1 15560229918321.303
a 2 48 0 1 23340486122247.38
a 2 49 0 1 21679765478133.297
a 2 50 0 1 12670581298047.799
a 2 51 0 1 19390786769963.246
a 2 52 0 1 10482060420752.201
a 2 53 0 1 22835941967610.17
a 2 54 0 1 12433366832753.135
a 2 55 0 1 26250961080461.5
a 2 56 0 1 22079608447208.438
a 2 57 0 1 11508071135997.256
a 2 58 0 1 13104363618949.357
a 2 59 0 1 19416795462519.65
a 2 60 0 1 17493220213546.28
a 2 61 0 1 20776994594799.113
a 2 62 0 1 23912479041292.984
a 2 63 0 1 13172230879468.377
a 2 64 0 1 12798399802459.816
a 2 65 0 1 24823435589230.39
a 2 66 0 1 12096536330996.791
a 2 67 0 1 18268209249911.84
a 2 68 0 1 26840629519690.457
a 2 69 0 1 15728102476210.248
a 2 70 0 1 24622557227083.73
a 2 71 0 1 8575380304447.485
a 2 72 0 1 15118717447933.42
a 2 73 0 1 10479761740078.623
a 2 74 0 1 11585747827996.97
a 2 75 0 1 21875655696596.34
a 2 76 0 1 27395288349460.414
a 2 77 0 1 28549880625504.234
a 2 78 0 1 10027024345237.752
a 2 79 0 1 13303665210647.38
a 2 80 0 1 24777531568027.465
a 3 15 0 1 19927997544911.824
a 3 16 0 1 13547933988520.303
a 3 17 0 1 4944978276181.356
a 3 18 0 1 10244918693112.893
a 3 19 0 1 10978058110376.26
a 3 20 0 1 9538566379293.99
a 3 21 0 1 4579628380068.317
a 3 22 0 1 4860167010981.314
a 3 23 0 1 8396754712256.291
a 3 24 0 1 7923703609491.182
a 3 25 0 1 12444283364864.219
a 3 26 0 1 11094300266078.066
a 3 27 0 1 17533381227635.572
a 3 28 0 1 5698489303203.197
a 3 29 0 1 14186377552619.771
a 3 30 0 1 20241203667302.527
a 3 31 0 1 19476249972341.465
a 3 32 0 1 13452993236887.574
a 3 33 0 1 16417253790894.057
a 3 34 0 1 13108517148441.018
a 3 35 0 1 12899525605049.537
a 3 36 0 1 8971675000384.543
a 3 37 0 1 18332306198020.938
a 3 38 0 1 8510440867786.972
a 3 39 0 1 9134969003035.39
a 3 40 0 1 15704119334212.027
a 3 41 0 1 7648419231435.746
a 3 42 0 1 7880351920274.853
a 3 43 0 1 7613785183944.804
a 3 44 0 1 11722715863008.938
a 3 45 0 1 8286135942410.451
a 3 46 0 1 15214247913138.162
a 3 47 0 1 11205472914573.074
a 3 48 0 1 16804095289954.213
a 3 49 0 1 15609287491608.611
a 3 50 0 1 9125384244376.041
a 3 51 0 1 13962268481448.158
a 3 52 0 1 7549738334237.353
a 3 53 0 1 16441113845481.215
a 3 54 0 1 8954610233965.928
a 3 55 0 1 18897731380732.145
a 3 56 0 1 15896966792162.436
a 3 57 0 1 8288451953883.53
a 3 58 0 1 9437663445477.375
a 3 59 0 1 13980984226081.746
a 3 60 0 1 12596702863017.223
a 3 61 0 1 14959733937627.084
a 3 62 0 1 17215586720065.129
a 3 63 0 1 9486520187719.592
a 3 64 0 1 9217401489775.078
a 3 65 0 1 17870897024504.04
a 3 66 0 1 8712116757455.805
a 3 67 0 1 13154436516891.857
a 3 68 0 1 19321858546333.62
a 3 69 0 1 11326302611562.68
a 3 70 0 1 17726395466358.168
a 3 71 0 1 6176825067418.57
a 3 72 0 1 10887679062477.482
a 3 73 0 1 7548083260867.848
a 3 74 0 1 8344376115085.86
a 3 75 0 1 15750227652081.22
a 3 76 0 1 19720789811267.445
a 3 77 0 1 20551169646535.934
a 3 78 0 1 7222102969244.608
a 3 79 0 1 9581137414319.775
a 3 80 0 1 17837876198851.51
a 4 15 0 1 35269884158241.484
a 4 16 0 1 23964458138812.438
a 4 17 0 1 8740337373004.528
a 4 18 0 1 18116569933237.477
a 4 19 0 1 19414275156498.29
a 4 20 0 1 16866439183681.523
a 4 21 0 1 8094313480077.346
a 4 22 0 1 8590367539155.867
a 4 23 0 1 14845945871745.43
a 4 24 0 1 14008977835916.223
a 4 25 0 1 22010097002661.688
a 4 26 0 1 19620046950451.32
a 4 27 0 1 31025138250687.324
a 4 28 0 1 10072852621637.865
a 4 29 0 1 25095198436977.67
a 4 30 0 1 35825213509031.93
a 4 31 0 1 34468968751871.17
a 4 32 0 1 23796320575756.53
a 4 33 0 1 29047285473885.285
a 4 34 0 1 23186286315762.758
a 4 35 0 1 22816200427185.75
a 4 36 0 1 15863245210762.666
a 4 37 0 1 32441128012491.684
a 4 38 0 1 15047100932536.186
a 4 39 0 1 16152206565848.264
a 4 40 0 1 27783768751070.17
a 4 41 0 1 13521950209513.43
a 4 42 0 1 13932279317449.914
a 4 43 0 1 13460678025656.703
a 4 44 0 1 20732541325049.12
a 4 45 0 1 14650222098930.139
a 4 46 0 1 26915917568803.94
a 4 47 0 1 19816848674448.543
a 4 48 0 1 29732750154175.02
a 4 49 0 1 27615759736125.336
a 4 50 0 1 16135245363815.543
a 4 51 0 1 24698266752795.992
a 4 52 0 1 13347371717428.387
a 4 53 0 1 29089562988401.734
a 4 54 0 1 15833048270569.38
a 4 55 0 1 33443391619015.867
a 4 56 0 1 28125436050314.02
a 4 57 0 1 14654319903991.168
a 4 58 0 1 16687869886993.38
a 4 59 0 1 24731414614835.098
a 4 60 0 1 22279980961633.773
a 4 61 0 1 26465053034516.8
a 4 62 0 1 30461945075999.562
a 4 63 0 1 16774331930591.592
a 4 64 0 1 16298080396459.592
a 4 65 0 1 31623316204775.652
a 4 66 0 1 15403954051239.889
a 4 67 0 1 23267602977897.992
a 4 68 0 1 34195258808518.355
a 4 69 0 1 20030750045296.953
a 4 70 0 1 31367212251610.844
a 4 71 0 1 10918837815286.012
a 4 72 0 1 19254289151557.49
a 4 73 0 1 13344443717640.824
a 4 74 0 1 14753269108549.11
a 4 75 0 1 27865457663265.137
a 4 76 0 1 34902512007050.63
a 4 77 0 1 36374828416045.05
a 4 78 0 1 12767766844036.957
a 4 79 0 1 16941778682243.51
a 4 80 0 1 31564791937468.418
a 5 15 0 1 7151258889520.56
a 5 16 0 1 4864031454792.289
a 5 17 0 1 1776492297293.864
a 5 18 0 1 3679066651518.1587
a 5 19 0 1 3942132109311.9785
a 5 20 0 1 3425586022871.755
a 5 21 0 1 1645284032705.0576
a 5 22 0 1 1746034621770.221
a 5 23 0 1 3015781144202.9233
a 5 24 0 1 2845979274053.667
a 5 25 0 1 4468158386422.377
a 5 26 0 1 3983839563419.264
a 5 27 0 1 6293051136763.129
a 5 28 0 1 2047078695952.742
a 5 29 0 1 5093007998021.666
a 5 30 0 1 7263486538397.864
a 5 31 0 1 6989380083702.831
a 5 32 0 1 4829979294862.709
a 5 33 0 1 5892937919999.153
a 5 34 0 1 4706422916384.788
a 5 35 0 1 4631458951281.204
a 5 36 0 1 3222133035474.155
a 5 37 0 1 6579412010698.079
a 5 38 0 1 3056587065128.0254
a 5 39 0 1 3280739752019.949
a 5 40 0 1 5637256478021.224
a 5 41 0 1 2747160386149.4526
a 5 42 0 1 2830417575932.2417
a 5 43 0 1 2734727510873.413
a 5 44 0 1 4209301434389.705
a 5 45 0 1 2976075557523.274
a 5 46 0 1 5461606348978.462
a 5 47 0 1 4023727418784.3643
a 5 48 0 1 6031621665650.135
a 5 49 0 1 5603254209802.234
a 5 50 0 1 3277299791874.8096
a 5 51 0 1 5012634174288.312
a 5 52 0 1 2711735907206.4385
a 5 53 0 1 5901492044770.689
a 5 54 0 1 3216008357128.2886
a 5 55 0 1 6782058490312.546
a 5 56 0 1 5706401097625.919
a 5 57 0 1 2976906875114.544
a 5 58 0 1 3389373975909.059
a 5 59 0 1 5019346436162.107
a 5 60 0 1 4522834214884.182
a 5 61 0 1 5370341849222.058
a 5 62 0 1 6179133781797.016
a 5 63 0 1 3406907751926.9077
a 5 64 0 1 3310324486826.9624
a 5 65 0 1 6414031974929.595
a 5 66 0 1 3128973881469.692
a 5 67 0 1 4722893597883.79
a 5 68 0 1 6934053126087.752
a 5 69 0 1 4067079403267.9185
a 5 70 0 1 6362236857325.034
a 5 71 0 1 2218833830161.4956
a 5 72 0 1 3909703792184.526
a 5 73 0 1 2711141764392.945
a 5 74 0 1 2996980410895.4653
a 5 75 0 1 5653788594559.074
a 5 76 0 1 7077009603934.927
a 5 77 0 1 7374548069802.068
a 5 78 0 1 2594117628686.482
a 5 79 0 1 3440863755003.5107
a 5 80 0 1 6402196092418.928
a 6 15 0 1 17873461011181.37
a 6 16 0 1 12152089590740.975
a 6 17 0 1 4435949462956.135
a 6 18 0 1 9189744258925.38
a 6 19 0 1 9847288413697.432
a 6 20 0 1 8556214318270.066
a 6 21 0 1 4108225939660.596
a 6 22 0 1 4359872927864.0156
a 6 23 0 1 7532096848288.335
a 6 24 0 1 7107798169242.273
a 6 25 0 1 11162294329655.81
a 6 26 0 1 9951543590130.863
a 6 27 0 1 15726172008380.383
a 6 28 0 1 5111849511293.266
a 6 29 0 1 12724657869651.072
a 6 30 0 1 18154308677736.707
a 6 31 0 1 17468381426572.145
a 6 32 0 1 12066944184960.42
a 6 33 0 1 14725281723312.49
a 6 34 0 1 11758007201468.873
a 6 35 0 1 11570575784329.588
a 6 36 0 1 8047759710129.501
a 6 37 0 1 16442593817177.559
a 6 38 0 1 7634065852304.422
a 6 39 0 1 8194221605482.998
a 6 40 0 1 14085762574178.705
a 6 41 0 1 6860882277147.632
a 6 42 0 1 7068914046440.627
a 6 43 0 1 6829817208228.448
a 6 44 0 1 10515151511079.842
a 6 45 0 1 7432878823406.361
a 6 46 0 1 13646453226169.271
a 6 47 0 1 10051251761579.928
a 6 48 0 1 15072185886718.607
a 6 49 0 1 14000719198336.996
a 6 50 0 1 8185624845429.2
a 6 51 0 1 12523673599767.72
a 6 52 0 1 6772370208130.974
a 6 53 0 1 14746678569323.033
a 6 54 0 1 8032453922150.076
a 6 55 0 1 16949620604346.607
a 6 56 0 1 14258703880900.656
a 6 57 0 1 7434956141564.351
a 6 58 0 1 8465713245487.373
a 6 59 0 1 12540458192327.879
a 6 60 0 1 11298991394944.62
a 6 61 0 1 13418206888807.182
a 6 62 0 1 15441191632190.174
a 6 63 0 1 8509533480931.786
a 6 64 0 1 8268156856277.79
a 6 65 0 1 16028834978151.102
a 6 66 0 1 7814955183572.283
a 6 67 0 1 11799189280443.27
a 6 68 0 1 17329938478863.316
a 6 69 0 1 10159620817470.861
a 6 70 0 1 15899255353219.08
a 6 71 0 1 5540910840994.186
a 6 72 0 1 9766229122931.43
a 6 73 0 1 6770885684308.938
a 6 74 0 1 7485116599155.881
a 6 75 0 1 14127111559190.98
a 6 76 0 1 17687659506873.695
a 6 77 0 1 18432248891784.664
a 6 78 0 1 6478495390095.312
a 6 79 0 1 8594396734112.745
a 6 80 0 1 15999224082692.258
a 7 15 0 1 18173077553624.098
a 7 16 0 1 12355661128738.537
a 7 17 0 1 4510193279460.564
a 7 18 0 1 9343637256428.25
a 7 19 0 1 10012205453842.004
a 7 20 0 1 8699487488053.063
a 7 21 0 1 4176982058905.479
a 7 22 0 1 4432842812955.184
a 7 23 0 1 7658206123795.071
a 7 24 0 1 7226797534796.204
a 7 25 0 1 11349263165086.686
a 7 26 0 1 10118208674108.475
a 7 27 0 1 15989726799439.977
a 7 28 0 1 5197412535487.806
a 7 29 0 1 12937835353393.69
a 7 30 0 1 18458643140221.484
a 7 31 0 1 17761193641020.27
a 7 32 0 1 12269087353263.79
a 7 33 0 1 14972033672774.98
a 7 34 0 1 11954967989529.328
a 7 35 0 1 11764392615898.672
a 7 36 0 1 8182510822448.933
a 7 37 0 1 16718178240847.27
a 7 38 0 1 7761883912533.024
a 7 39 0 1 8331427418338.367
a 7 40 0 1 14321780404419.242
a 7 41 0 1 6975744434846.869
a 7 42 0 1 7187261871851.209
a 7 43 0 1 6944158871016.042
a 7 44 0 1 10691267333254.229
a 7 45 0 1 7557325453937.922
a 7 46 0 1 13875098324211.344
a 7 47 0 1 10219588689793.74
a 7 48 0 1 15324761181208.238
a 7 49 0 1 14235309724467.268
a 7 50 0 1 8322686574308.794
a 7 51 0 1 12733479035070.598
a 7 52 0 1 6885749356995.853
a 7 53 0 1 14993789685615.143
a 7 54 0 1 8166948514406.761
a 7 55 0 1 17233719871514.582
a 7 56 0 1 14497624315724.88
a 7 57 0 1 7559437582337.215
a 7 58 0 1 8607469479313.61
a 7 59 0 1 12750545227971.627
a 7 60 0 1 11488252940965.639
a 7 61 0 1 13643021730037.006
a 7 62 0 1 15699961801498.076
a 7 63 0 1 8652024204698.3125
a 7 64 0 1 8406601855486.267
a 7 65 0 1 16297471618949.342
a 7 66 0 1 7945804666568.771
a 7 67 0 1 11996840871205.805
a 7 68 0 1 17620425344601.383
a 7 69 0 1 10329774854471.564
a 7 70 0 1 16165716248745.059
a 7 71 0 1 5633660227325.689
a 7 72 0 1 9929787073537.197
a 7 73 0 1 6884239960421.85
a 7 74 0 1 7610438598833.626
a 7 75 0 1 14363823369989.553
a 7 76 0 1 17984154966749.53
a 7 77 0 1 18741252737861.844
a 7 78 0 1 6586950922910.446
a 7 79 0 1 8738309909037.714
a 7 80 0 1 16267363527115.361
a 8 15 0 1 12372289706711.234
a 8 16 0 1 8413572337394.796
a 8 17 0 1 3072095621348.1865
a 8 18 0 1 6363242365246.745
a 8 19 0 1 6818386000478.187
a 8 20 0 1 5924700997921.707
a 8 21 0 1 2845165266625.454
a 8 22 0 1 3019417311626.5728
a 8 23 0 1 5215745941419.541
a 8 24 0 1 4922006073628.029
a 8 25 0 1 7728552607571.928
a 8 26 0 1 6890548148988.154
a 8 27 0 1 10886731085591.082
a 8 28 0 1 3540102267050.1665
a 8 29 0 1 8809814730954.297
a 8 30 0 1 12566571765461.451
a 8 31 0 1 12092060882953.697
a 8 32 0 1 8354646603355.19
a 8 33 0 1 10194207974986.824
a 8 34 0 1 8140840671090.422
a 8 35 0 1 8011122779743.805
a 8 36 0 1 5572724891439.891
a 8 37 0 1 11382398237224.715
a 8 38 0 1 5286337260263.702
a 8 39 0 1 5674113979151.343
a 8 40 0 1 9751694379063.533
a 8 41 0 1 4751063363507.907
a 8 42 0 1 4895086346864.628
a 8 43 0 1 4729556447456.192
a 8 44 0 1 7280650561229.126
a 8 45 0 1 5147058586694.402
a 8 46 0 1 9447703798837.049
a 8 47 0 1 6959562505023.247
a 8 48 0 1 10434239002126.318
a 8 49 0 1 9692847326315.912
a 8 50 0 1 5668162851729.663
a 8 51 0 1 8670726622328.519
a 8 52 0 1 4689784712667.916
a 8 53 0 1 10209013119353.086
a 8 54 0 1 5562129311131.777
a 8 55 0 1 11733177083324.297
a 8 56 0 1 9871362642300.438
a 8 57 0 1 5148496692123.857
a 8 58 0 1 5862052842119.158
a 8 59 0 1 8682342220311.998
a 8 60 0 1 7823161080968.964
a 8 61 0 1 9289759563424.908
a 8 62 0 1 10689556142533.516
a 8 63 0 1 5892386863515.035
a 8 64 0 1 5725295681211.937
a 8 65 0 1 11096136065055.623
a 8 66 0 1 5411562456115.713
a 8 67 0 1 8169341811575.369
a 8 68 0 1 11996285993043.418
a 8 69 0 1 7034571055915.3125
a 8 70 0 1 11006483696574.523
a 8 71 0 1 3837181246297.9326
a 8 72 0 1 6762278944743.663
a 8 73 0 1 4688756944274.753
a 8 74 0 1 5183222183068.766
a 8 75 0 1 9780306307637.56
a 8 76 0 1 12243755626365.13
a 8 77 0 1 12758838722442.344
a 8 78 0 1 4486326625093.632
a 8 79 0 1 5951132143501.666
a 8 80 0 1 11075649221558.81
a 9 15 0 1 28262868303323.125
a 9 16 0 1 19208441754206.36
a 9 17 0 1 7008155649981.048
a 9 18 0 1 14523073582862.996
a 9 19 0 1 15562912184404.613
a 9 20 0 1 13521297562807.389
a 9 21 0 1 6490258055234.004
a 9 22 0 1 6887930783156.874
a 9 23 0 1 11902080418405.797
a 9 24 0 1 11231292981124.77
a 9 25 0 1 17642733736967.91
a 9 26 0 1 15727789454488.355
a 9 27 0 1 24863835046688.055
a 9 28 0 1 8076344102864.952
a 9 29 0 1 20114253916871.918
a 9 30 0 1 28707506242992.824
a 9 31 0 1 27621575962728.473
a 9 32 0 1 19073746298384.574
a 9 33 0 1 23279818735044.074
a 9 34 0 1 18585037497297.418
a 9 35 0 1 18288548756243.59
a 9 36 0 1 12717359689672.34
a 9 37 0 1 25997780089125.434
a 9 38 0 1 12063292173039.29
a 9 39 0 1 12948930829061.104
a 9 40 0 1 22267822377410.05
a 9 41 0 1 10840953223329.682
a 9 42 0 1 11169821724226.559
a 9 43 0 1 10791844573564.436
a 9 44 0 1 16619162849573.195
a 9 45 0 1 11745220039179.137
a 9 46 0 1 21572694947037.0
a 9 47 0 1 15885477889287.025
a 9 48 0 1 23828807727801.863
a 9 49 0 1 22133253450836.89
a 9 50 0 1 12935338352480.57
a 9 51 0 1 19796285674737.242
a 9 52 0 1 10701031064756.217
a 9 53 0 1 23313679315993.145
a 9 54 0 1 12693159945469.168
a 9 55 0 1 26800362740194.645
a 9 56 0 1 22541481887423.46
a 9 57 0 1 11748504188378.361
a 9 58 0 1 13378198703203.475
a 9 59 0 1 19822839501653.645
a 9 60 0 1 17858955686176.36
a 9 61 0 1 21211552643754.05
a 9 62 0 1 24412801353317.613
a 9 63 0 1 13447486347434.291
a 9 64 0 1 13065831697268.695
a 9 65 0 1 25342873571338.16
a 9 66 0 1 12349281415815.455
a 9 67 0 1 18650182444332.98
a 9 68 0 1 27402411220986.453
a 9 69 0 1 16056865897010.855
a 9 70 0 1 25137779590985.062
a 9 71 0 1 8754480171692.528
a 9 72 0 1 15434720287997.701
a 9 73 0 1 10698684305383.525
a 9 74 0 1 11827805956157.49
a 9 75 0 1 22333251761251.156
a 9 76 0 1 27968716634873.53
a 9 77 0 1 29147557615512.418
a 9 78 0 1 10236478061218.0
a 9 79 0 1 13581671512448.29
a 9 80 0 1 25296006194248.547
a 10 15 0 1 11459672030401.145
a 10 16 0 1 7793223707221.175
a 10 17 0 1 2845713205699.7407
a 10 18 0 1 5894171047374.468
a 10 19 0 1 6315739016650.565
a 10 20 0 1 5487977524032.064
a 10 21 0 1 2635510400297.2666
a 10 22 0 1 2796918005401.9536
a 10 23 0 1 4831310263405.578
a 10 24 0 1 4559232372499.957
a 10 25 0 1 7158753416997.921
a 10 26 0 1 6382577508522.776
a 10 27 0 1 10083819979180.008
a 10 28 0 1 3279219467097.0273
a 10 29 0 1 8160222942378.944
a 10 30 0 1 11639604042048.854
a 10 31 0 1 11200140400165.137
a 10 32 0 1 7738646551143.605
a 10 33 0 1 9442426922376.357
a 10 34 0 1 7540618525451.539
a 10 35 0 1 7420472874586.391
a 10 36 0 1 5161961815515.693
a 10 37 0 1 10542886620550.26
a 10 38 0 1 4896695591860.322
a 10 39 0 1 5255873035601.134
a 10 40 0 1 9032580836628.01
a 10 41 0 1 4400895283719.193
a 10 42 0 1 4534297785048.132
a 10 43 0 1 4380974293594.798
a 10 44 0 1 6743899268937.708
a 10 45 0 1 4767688409698.177
a 10 46 0 1 8751029849254.978
a 10 47 0 1 6446500355042.371
a 10 48 0 1 9664736942086.746
a 10 49 0 1 8978077794873.053
a 10 50 0 1 5250360833087.968
a 10 51 0 1 8031399982536.278
a 10 52 0 1 4344135318346.108
a 10 53 0 1 9456139058994.764
a 10 54 0 1 5152147694065.865
a 10 55 0 1 10867761301903.664
a 10 56 0 1 9143415180033.078
a 10 57 0 1 4769020459619.631
a 10 58 0 1 5429950196761.692
a 10 59 0 1 8042158323764.217
a 10 60 0 1 7246380917409.9795
a 10 61 0 1 8604743967736.778
a 10 62 0 1 9901203536468.557
a 10 63 0 1 5458046836597.517
a 10 64 0 1 5303279812485.113
a 10 65 0 1 10277762777758.334
a 10 66 0 1 5012685448439.237
a 10 67 0 1 7567016452796.764
a 10 68 0 1 11111438986612.564
a 10 69 0 1 6515975091843.751
a 10 70 0 1 10194730303620.256
a 10 71 0 1 3554396673529.405
a 10 72 0 1 6263771120021.157
a 10 73 0 1 4343183337052.6865
a 10 74 0 1 4801185050856.474
a 10 75 0 1 9059080651076.48
a 10 76 0 1 11340631398046.623
a 10 77 0 1 11817669205896.91
a 10 78 0 1 4155679799141.501
a 10 79 0 1 5512459131747.971
a 10 80 0 1 10258788685591.145
a 11 15 0 1 22937548151557.926
a 11 16 0 1 15592229124124.842
a 11 17 0 1 5690292939113.18
a 11 18 0 1 11790133499437.838
a 11 19 0 1 12634011386361.322
a 11 20 0 1 10977109176594.969
a 11 21 0 1 5269843533224.08
a 11 22 0 1 5592690558105.407
a 11 23 0 1 9662905465926.576
a 11 24 0 1 9118447843380.814
a 11 25 0 1 14321770047760.314
a 11 26 0 1 12767813541042.854
a 11 27 0 1 20180453058214.81
a 11 28 0 1 6557460063688.231
a 11 29 0 1 16327190890564.63
a 11 30 0 1 23298182050952.406
a 11 31 0 1 22417400860385.23
a 11 32 0 1 15482936876840.615
a 11 33 0 1 18895453359579.895
a 11 34 0 1 15086391902244.904
a 11 35 0 1 14845812800059.9
a 11 36 0 1 10324621362309.879
a 11 37 0 1 21100287625328.42
a 11 38 0 1 9793753750106.758
a 11 39 0 1 10512570241604.21
a 11 40 0 1 18074446424688.22
a 11 41 0 1 8801613725418.748
a 11 42 0 1 9068552714315.73
a 11 43 0 1 8761752441349.093
a 11 44 0 1 13491169447824.004
a 11 45 0 1 9535588118101.164
a 11 46 0 1 17510486283864.158
a 11 47 0 1 12895780874885.268
a 11 48 0 1 19340819075527.508
a 11 49 0 1 17965271353663.87
a 11 50 0 1 10501538302694.828
a 11 51 0 1 16069199744739.773
a 11 52 0 1 8688039275336.471
a 11 53 0 1 18922922964410.645
a 11 54 0 1 10304980140854.361
a 11 55 0 1 21751299938653.555
a 11 56 0 1 18296462994355.68
a 11 57 0 1 9538253740614.22
a 11 58 0 1 10860969699921.078
a 11 59 0 1 16090744964287.75
a 11 60 0 1 14497223697300.693
a 11 61 0 1 17217483118221.473
a 11 62 0 1 19814570532580.69
a 11 63 0 1 10917203856127.428
a 11 64 0 1 10607449168123.014
a 11 65 0 1 20569045494940.844
a 11 66 0 1 10025876022528.766
a 11 67 0 1 15139251885278.615
a 11 68 0 1 22239634695388.625
a 11 69 0 1 13034864694282.52
a 11 70 0 1 20402675796272.04
a 11 71 0 1 7107957545922.937
a 11 72 0 1 12529979696494.537
a 11 73 0 1 8686134411017.279
a 11 74 0 1 9602619939032.053
a 11 75 0 1 18127528713235.562
a 11 76 0 1 22698965794182.113
a 11 77 0 1 23655089040558.938
a 11 78 0 1 8310957876344.145
a 11 79 0 1 11026108644443.695
a 11 80 0 1 20531027389428.957
a 12 15 0 1 33954472650650.05
a 12 16 0 1 23071809715004.34
a 12 17 0 1 8415319140784.11
a 12 18 0 1 17442186199118.553
a 12 19 0 1 18691480715312.902
a 12 20 0 1 16238678230068.691
a 12 21 0 1 7793339855903.832
a 12 22 0 1 8270931397920.827
a 12 23 0 1 14293510538778.236
a 12 24 0 1 13487735465481.021
a 12 25 0 1 21190424001898.996
a 12 26 0 1 18889574942800.95
a 12 27 0 1 29868581987271.336
a 12 28 0 1 9698228121465.467
a 12 29 0 1 24160313975773.39
a 12 30 0 1 34489008315018.832
a 12 31 0 1 33183542118909.906
a 12 32 0 1 22909951615223.188
a 12 33 0 1 27964697285607.367
a 12 34 0 1 22322698447706.63
a 12 35 0 1 21966431529019.098
a 12 36 0 1 15272888354768.018
a 12 37 0 1 31231596401816.32
a 12 38 0 1 14487167888759.404
a 12 39 0 1 15551076635635.982
a 12 40 0 1 26748416804871.887
a 12 41 0 1 13018856208667.148
a 12 42 0 1 13413895134707.518
a 12 43 0 1 12959867104045.25
a 12 44 0 1 19960554893124.145
a 12 45 0 1 14105081713896.154
a 12 46 0 1 25913002349131.875
a 12 47 0 1 19079033455632.68
a 12 48 0 1 28624530512559.562
a 12 49 0 1 26586687766576.195
a 12 50 0 1 15534747801197.902
a 12 51 0 1 23778209909334.555
a 12 52 0 1 12850782650785.488
a 12 53 0 1 28005394037566.965
a 12 54 0 1 15243817178848.867
a 12 55 0 1 32196353032609.19
a 12 56 0 1 27077312266461.51
a 12 57 0 1 14109026790246.191
a 12 58 0 1 16066767499989.299
a 12 59 0 1 23810119563312.266
a 12 60 0 1 21450232433356.62
a 12 61 0 1 25478986823841.316
a 12 62 0 1 29326454509102.566
a 12 63 0 1 16150005543662.686
a 12 64 0 1 15691511727406.715
a 12 65 0 1 30444382793075.94
a 12 66 0 1 14830719095192.176
a 12 67 0 1 22400978601940.746
a 12 68 0 1 32920078177737.984
a 12 69 0 1 19284953217361.156
a 12 70 0 1 30197859757014.87
a 12 71 0 1 10512711759697.904
a 12 72 0 1 18537463717933.695
a 12 73 0 1 12847963748465.053
a 12 74 0 1 14204288030904.545
a 12 75 0 1 26827052198434.27
a 12 76 0 1 33600854932265.56
a 12 77 0 1 35018040986469.715
a 12 78 0 1 12292772513175.32
a 12 79 0 1 16311208358840.234
a 12 80 0 1 30388047982136.13
a 13 15 0 1 18617554104207.844
a 13 16 0 1 12657648093306.8
a 13 17 0 1 4620325746711.595
a 13 18 0 1 9571925648417.066
a 13 19 0 1 10256847933916.322
a 13 20 0 1 8912021539381.684
a 13 21 0 1 4278973975899.657
a 13 22 0 1 4541085504824.711
a 13 23 0 1 7845278021078.222
a 13 24 0 1 7403322153987.181
a 13 25 0 1 11626619634476.936
a 13 26 0 1 10365444374126.752
a 13 27 0 1 16380702262848.178
a 13 28 0 1 5324336202675.824
a 13 29 0 1 13254073068546.674
a 13 30 0 1 18910119261958.93
a 13 31 0 1 18195575230136.99
a 13 32 0 1 12568955288993.148
a 13 33 0 1 15338080876458.418
a 13 34 0 1 12247147724883.586
a 13 35 0 1 12051908218402.959
a 13 36 0 1 8382402610162.962
a 13 37 0 1 17127000702132.902
a 13 38 0 1 7951490732652.137
a 13 39 0 1 8534960687884.551
a 13 40 0 1 14671902872785.703
a 13 41 0 1 7146131684966.264
a 13 42 0 1 7362819958430.742
a 13 43 0 1 7113773990456.525
a 13 44 0 1 10952523231605.926
a 13 45 0 1 7741930877473.84
a 13 46 0 1 14214282941177.375
a 13 47 0 1 10469304570209.664
a 13 48 0 1 15699447721322.697
a 13 49 0 1 14583314705533.596
a 13 50 0 1 8526006099036.553
a 13 51 0 1 13044714191577.623
a 13 52 0 1 7053936631132.695
a 13 53 0 1 15360369737382.678
a 13 54 0 1 8366459761844.066
a 13 55 0 1 17655174911986.906
a 13 56 0 1 14852052969373.877
a 13 57 0 1 7744094645583.261
a 13 58 0 1 8817753188781.848
a 13 59 0 1 13062198148634.855
a 13 60 0 1 11769010685893.969
a 13 61 0 1 13976523969763.857
a 13 62 0 1 16083838899852.928
a 13 63 0 1 8863397513949.064
a 13 64 0 1 8611973426404.694
a 13 65 0 1 16695986429921.53
a 13 66 0 1 8139908503260.274
a 13 67 0 1 12290045429620.223
a 13 68 0 1 18051357034717.27
a 13 69 0 1 10582186417891.355
a 13 70 0 1 16561003157616.05
a 13 71 0 1 5771244382884.75
a 13 72 0 1 10172413348470.598
a 13 73 0 1 7052390336980.423
a 13 74 0 1 7796342600577.364
a 13 75 0 1 14714975398839.87
a 13 76 0 1 18424001046629.566
a 13 77 0 1 19199656440001.52
a 13 78 0 1 6747834250517.298
a 13 79 0 1 8951793394815.021
a 13 80 0 1 16665140704866.408
a 14 15 0 1 31055630134694.758
a 14 16 0 1 21104326040457.945
a 14 17 0 1 7698797435260.897
a 14 18 0 1 15955659396727.926
a 14 19 0 1 17098271879595.238
a 14 20 0 1 14854897032367.225
a 14 21 0 1 7129820009680.365
a 14 22 0 1 7566714288310.737
a 14 23 0 1 13075736698243.814
a 14 24 0 1 12338709345691.414
a 14 25 0 1 19383736608835.48
a 14 26 0 1 17279447505659.482
a 14 27 0 1 27319667938709.9
a 14 28 0 1 8872361610100.104
a 14 29 0 1 22099770077514.34
a 14 30 0 1 31544364221200.914
a 14 31 0 1 30350747549241.03
a 14 32 0 1 20956303961976.51
a 14 33 0 1 25578735096548.4
a 14 34 0 1 20419246654389.41
a 14 35 0 1 20093428865426.902
a 14 36 0 1 13971539515210.184
a 14 37 0 1 28565982990116.53
a 14 38 0 1 13252869706488.926
a 14 39 0 1 14225985514028.178
a 14 40 0 1 24466520829650.04
a 14 41 0 1 11909828910776.104
a 14 42 0 1 12271168395977.387
a 14 43 0 1 11855871727478.465
a 14 44 0 1 18258946221975.918
a 14 45 0 1 12903385430021.256
a 14 46 0 1 23702569859363.387
a 14 47 0 1 17452724305816.434
a 14 48 0 1 26182101159476.652
a 14 49 0 1 24318627487462.715
a 14 50 0 1 14211050320191.004
a 14 51 0 1 21750335919562.418
a 14 52 0 1 11756092292065.902
a 14 53 0 1 25615949331578.145
a 14 54 0 1 13944949370208.836
a 14 55 0 1 29448118281532.797
a 14 56 0 1 24767278284863.727
a 14 57 0 1 12906993902052.713
a 14 58 0 1 14697660499976.984
a 14 59 0 1 21779517397814.57
a 14 60 0 1 19621343799458.477
a 14 61 0 1 23305676168597.594
a 14 62 0 1 26823947338747.28
a 14 63 0 1 14773793460085.768
a 14 64 0 1 14354434491456.543
a 14 65 0 1 27846173580761.035
a 14 66 0 1 13567104810538.484
a 14 67 0 1 20490836118291.887
a 14 68 0 1 30109852901718.55
a 14 69 0 1 17641055662073.645
a 14 70 0 1 27620756480226.34
a 14 71 0 1 9617409901918.748
a 14 72 0 1 16957408499132.494
a 14 73 0 1 11753513842225.2
a 14 74 0 1 12994127117493.074
a 14 75 0 1 24538428903540.184
a 14 76 0 1 30732309244750.89
a 14 77 0 1 32028061762375.72
a 14 78 0 1 11245677658534.797
a 14 79 0 1 14921235873117.066
a 14 80 0 1 27794661940557.24
a 15 1 0 1 0
a 16 1 0 1 0
a 17 1 0 1 0
a 18 1 0 1 0
a 19 1 0 1 0
a 20 1 0 1 0
a 21 1 0 1 0
a 22 1 0 1 0
a 23 1 0 1 0
a 24 1 0 1 0
a 25 1 0 1 0
a 26 1 0 1 0
a 27 1 0 1 0
a 28 1 0 1 0
a 29 1 0 1 0
a 30 1 0 1 0
a 31 1 0 1 0
a 32 1 0 1 0
a 33 1 0 1 0
a 34 1 0 1 0
a 35 1 0 1 0
a 36 1 0 1 0
a 37 1 0 1 0
a 38 1 0 1 0
a 39 1 0 1 0
a 40 1 0 1 0
a 41 1 0 1 0
a 42 1 0 1 0
a 43 1 0 1 0
a 44 1 0 1 0
a 45 1 0 1 0
a 46 1 0 1 0
a 47 1 0 1 0
a 48 1 0 1 0
a 49 1 0 1 0
a 50 1 0 1 0
a 51 1 0 1 0
a 52 1 0 1 0
a 53 1 0 1 0
a 54 1 0 1 0
a 55 1 0 1 0
a 56 1 0 1 0
a 57 1 0 1 0
a 58 1 0 1 0
a 59 1 0 1 0
a 60 1 0 1 0
a 61 1 0 1 0
a 62 1 0 1 0
a 63 1 0 1 0
a 64 1 0 1 0
a 65 1 0 1 0
a 66 1 0 1 0
a 67 1 0 1 0
a 68 1 0 1 0
a 69 1 0 1 0
a 70 1 0 1 0
a 71 1 0 1 0
a 72 1 0 1 0
a 73 1 0 1 0
a 74 1 0 1 0
a 75 1 0 1 0
a 76 1 0 1 0
a 77 1 0 1 0
a 78 1 0 1 0
a 79 1 0 1 0
a 80 1 0 1 0
