p min 82 951
n 0 13
n 1 -13
a 0 2 0 1 0
a 0 3 0 1 0
a 0 4 0 1 0
a 0 5 0 1 0
a 0 6 0 1 0
a 0 7 0 1 0
a 0 8 0 1 0
a 0 9 0 1 0
a 0 10 0 1 0
a 0 11 0 1 0
a 0 12 0 1 0
a 0 13 0 1 0
a 0 14 0 1 0
a 2 15 0 1 6263767485259.954
a 2 16 0 1 5460831300693.541
a 2 17 0 1 3170766040008.187
a 2 18 0 1 8478257230842.454
a 2 19 0 1 2930168979383.63
a 2 20 0 1 6978725425911.064
a 2 21 0 1 7679235149813.764
a 2 22 0 1 5377495343077.946
a 2 23 0 1 6615200286024.126
a 2 24 0 1 6440990200118.391
a 2 25 0 1 4836938428638.46
a 2 26 0 1 7626953691714.628
a 2 27 0 1 4300282844198.33
a 2 28 0 1 2776812189697.5923
a 2 29 0 1 5080170798916.3545
a 2 30 0 1 8206279921031.502
a 2 31 0 1 6791446827069.678
a 2 32 0 1 7792659398273.422
a 2 33 0 1 2360022564665.89
a 2 34 0 1 6980606786191.774
a 2 35 0 1 6458691973866.41
a 2 36 0 1 8290314099394.204
a 2 37 0 1 7161956413496.632
a 2 38 0 1 6549665346512.016
a 2 39 0 1 8427550382065.582
a 2 40 0 1 3882781647388.541
a 2 41 0 1 3682190564369.6323
a 2 42 0 1 4449831489424.185
a 2 43 0 1 8024667072488.398
a 2 44 0 1 8654746799526.919
a 2 45 0 1 8125320460505.8955
a 2 46 0 1 6883950301474.156
a 2 47 0 1 4985965771551.457
a 2 48 0 1 3153236043816.9893
a 2 49 0 1 4546391948387.702
a 2 50 0 1 3867461897273.8003
a 2 51 0 1 6579478368258.388
a 2 52 0 1 7711032026012.751
a 2 53 0 1 5932279313113.761
a 2 54 0 1 7173585220116.312
a 2 55 0 1 5220978424097.168
a 2 56 0 1 8418061691014.441
a 2 57 0 1 4337381105165.4404
a 2 58 0 1 2790358891243.858
a 2 59 0 1 5111892818655.592
a 2 60 0 1 7578246889445.106
a 2 61 0 1 4268702772135.9097
a 2 62 0 1 7673396002652.923
a 2 63 0 1 3148821894938.3154
a 2 64 0 1 8598886640271.262
a 2 65 0 1 8467074054915.086
a 2 66 0 1 7086705683867.055
a 2 67 0 1 2943674046476.0337
a 2 68 0 1 3246275512235.1846
a 2 69 0 1 2221443826020.4844
a 2 70 0 1 3627505412399.6753
a 2 71 0 1 7402876769865.469
a 2 72 0 1 5970050533759.699
a 2 73 0 1 3260585917269.078
a 2 74 0 1 2359528235307.763
a 2 75 0 1 6225365529391.521
a 2 76 0 1 7701444507803.707
a 2 77 0 1 4617955417782.376
a 2 78 0 1 5916816656352.863
a 2 79 0 1 2527440850044.408
a 2 80 0 1 4102062674928.1294
a 2 81 0 1 8066066956499.84
a 3 15 0 1 6678112189009.415
a 3 16 0 1 5822026617640.649
a 3 17 0 1 3380430804216.7324
a 3 18 0 1 9039241703232.557
a 3 19 0 1 3123918702819.7856
a 3 20 0 1 7440404721992.56
a 3 21 0 1 8187300536794.872
a 3 22 0 1 5733174937489.74
a 3 23 0 1 7052810954253.5205
a 3 24 0 1 6867067357998.821
a 3 25 0 1 5156843146080.437
a 3 26 0 1 8131556849175.641
a 3 27 0 1 4584675576524.258
a 3 28 0 1 2960418141900.8135
a 3 29 0 1 5416172416268.222
a 3 30 0 1 8749250220835.425
a 3 31 0 1 7240726330332.369
a 3 32 0 1 8308236220159.242
a 3 33 0 1 2516061933364.0054
a 3 34 0 1 7442410650801.088
a 3 35 0 1 6885941048214.91
a 3 36 0 1 8838850199038.537
a 3 37 0 1 7635768060173.147
a 3 38 0 1 6982937241919.001
a 3 39 0 1 8985176240691.406
a 3 40 0 1 4139550405685.5513
a 3 41 0 1 3925688217035.1885
a 3 42 0 1 4744119799231.609
a 3 43 0 1 8555609078311.261
a 3 44 0 1 9227421543369.824
a 3 45 0 1 8662928715545.115
a 3 46 0 1 7339354426453.356
a 3 47 0 1 5315732870716.217
a 3 48 0 1 3361741200163.986
a 3 49 0 1 4847069820387.121
a 3 50 0 1 4123217077886.124
a 3 51 0 1 7014724040742.191
a 3 52 0 1 8221203115924.841
a 3 53 0 1 6324680289567.184
a 3 54 0 1 7648166868283.398
a 3 55 0 1 5566299002965.173
a 3 56 0 1 8975059062293.367
a 3 57 0 1 4624228581552.559
a 3 58 0 1 2974860873440.618
a 3 59 0 1 5449993841649.847
a 3 60 0 1 8079624581429.735
a 3 61 0 1 4551005909456.376
a 3 62 0 1 8181074702198.232
a 3 63 0 1 3357035056473.2324
a 3 64 0 1 9167861278210.086
a 3 65 0 1 9027317795989.762
a 3 66 0 1 7555534656228.542
a 3 67 0 1 3138317079671.8945
a 3 68 0 1 3460935279104.7725
a 3 69 0 1 2368318182593.0645
a 3 70 0 1 3867385208890.312
a 3 71 0 1 7892641408203.809
a 3 72 0 1 6364951784892.285
a 3 73 0 1 3476192337548.015
a 3 74 0 1 2515534910597.3374
a 3 75 0 1 6637168023689.313
a 3 76 0 1 8210980676219.527
a 3 77 0 1 4923368858354.312
a 3 78 0 1 6308194085358.145
a 3 79 0 1 2694552972484.5103
a 3 80 0 1 4373339813257.9854
a 3 81 0 1 8599750846550.348
a 4 15 0 1 16000446484364.521
a 4 16 0 1 13947384621626.56
a 4 17 0 1 8095062519762.478
a 4 18 0 1 21665835130751.465
a 4 19 0 1 7480488927102.41
a 4 20 0 1 17829050583702.168
a 4 21 0 1 19621156301326.773
a 4 22 0 1 13734333194664.174
a 4 23 0 1 16899226020822.354
a 4 24 0 1 16453674451385.443
a 4 25 0 1 12352534129321.584
a 4 26 0 1 19487389711149.773
a 4 27 0 1 10980972542818.69
a 4 28 0 1 7088786763203.644
a 4 29 0 1 12974263957545.523
a 4 30 0 1 20969785712080.047
a 4 31 0 1 17350014262547.818
a 4 32 0 1 19911370588902.637
a 4 33 0 1 6024336041550.158
a 4 34 0 1 17833863042202.9
a 4 35 0 1 16498946409601.059
a 4 36 0 1 21184840297591.992
a 4 37 0 1 18297764746436.445
a 4 38 0 1 16731613657696.262
a 4 39 0 1 21536060060195.7
a 4 40 0 1 9914123006142.26
a 4 41 0 1 9401605141162.758
a 4 42 0 1 11363156128949.137
a 4 43 0 1 20505036554333.426
a 4 44 0 1 22117546901951.66
a 4 45 0 1 20762605872411.707
a 4 46 0 1 17586623096095.307
a 4 47 0 1 12733458676633.338
a 4 48 0 1 8050282659250.373
a 4 49 0 1 11609935022225.834
a 4 50 0 1 9874979162146.295
a 4 51 0 1 16807863045486.639
a 4 52 0 1 19702512560950.73
a 4 53 0 1 15152778573722.969
a 4 54 0 1 18327512863567.82
a 4 55 0 1 13334209158404.186
a 4 56 0 1 21511775722410.875
a 4 57 0 1 11075778221995.803
a 4 58 0 1 7123386728278.807
a 4 59 0 1 13055353071732.527
a 4 60 0 1 19362771442421.484
a 4 61 0 1 10900269747626.617
a 4 62 0 1 19606216218496.508
a 4 63 0 1 8039006889842.803
a 4 64 0 1 21974573931131.832
a 4 65 0 1 21637213597811.137
a 4 66 0 1 18105265833591.76
a 4 67 0 1 7514984445440.434
a 4 68 0 1 8287952461078.712
a 4 69 0 1 5670451071886.87
a 4 70 0 1 9261888878237.287
a 4 71 0 1 18914098135377.164
a 4 72 0 1 15249360498920.02
a 4 73 0 1 8324509166868.346
a 4 74 0 1 6023073654169.629
a 4 75 0 1 15902241423425.701
a 4 76 0 1 19677981606266.195
a 4 77 0 1 11792834790660.395
a 4 78 0 1 15113240563510.004
a 4 79 0 1 6451891224408.222
a 4 80 0 1 10474436511726.912
a 4 81 0 1 20610976619530.715
a 5 15 0 1 14523236063262.652
a 5 16 0 1 12659995550249.89
a 5 17 0 1 7348318864393.1045
a 5 18 0 1 19664393375685.742
a 5 19 0 1 6790482052653.577
a 5 20 0 1 16182703076220.363
a 5 21 0 1 17808984915361.402
a 5 22 0 1 12466637701622.055
a 5 23 0 1 15338890890572.172
a 5 24 0 1 14934548646596.543
a 5 25 0 1 11212545050663.36
a 5 26 0 1 17687597917469.582
a 5 27 0 1 9967707263025.63
a 5 28 0 1 6434937613782.339
a 5 29 0 1 11776818926478.006
a 5 30 0 1 19032784440512.28
a 5 31 0 1 15747981559158.307
a 5 32 0 1 18072339777912.19
a 5 33 0 1 5468730567423.325
a 5 34 0 1 16187070320178.207
a 5 35 0 1 14975633550011.252
a 5 36 0 1 19227930202411.88
a 5 37 0 1 16608053025823.592
a 5 38 0 1 15186781543208.934
a 5 39 0 1 19546633634512.758
a 5 40 0 1 8999402905952.918
a 5 41 0 1 8534218641964.266
a 5 42 0 1 10314583102502.107
a 5 43 0 1 18611056694693.863
a 5 44 0 1 20074280508212.46
a 5 45 0 1 18844783568506.84
a 5 46 0 1 15962702681763.92
a 5 47 0 1 11558268082836.422
a 5 48 0 1 7307673279172.793
a 5 49 0 1 10538562012664.26
a 5 50 0 1 8963874371534.586
a 5 51 0 1 15255978443014.697
a 5 52 0 1 17882811791464.055
a 5 53 0 1 13753951437281.082
a 5 54 0 1 16635048781332.662
a 5 55 0 1 12103497079764.137
a 5 56 0 1 19524597645505.734
a 5 57 0 1 10053754652978.809
a 5 58 0 1 6466343801920.446
a 5 59 0 1 11850413797617.42
a 5 60 0 1 17574512287133.324
a 5 61 0 1 9894459774993.477
a 5 62 0 1 17795427497889.89
a 5 63 0 1 7297438532698.71
a 5 64 0 1 19944546036138.023
a 5 65 0 1 19638421818418.57
a 5 66 0 1 16433364124806.445
a 5 67 0 1 6821793174440.993
a 5 68 0 1 7523399908683.173
a 5 69 0 1 5147502635273.901
a 5 70 0 1 8407404998768.63
a 5 71 0 1 17167358390937.365
a 5 72 0 1 13841603197306.06
a 5 73 0 1 7556581372535.838
a 5 74 0 1 5467584679342.507
a 5 75 0 1 14434112669726.768
a 5 76 0 1 17860551148411.15
a 5 77 0 1 10704562852626.117
a 5 78 0 1 13718069141524.613
a 5 79 0 1 5856827092413.157
a 5 80 0 1 9507962841304.363
a 5 81 0 1 18707190350856.758
a 6 15 0 1 19362127623784.12
a 6 16 0 1 16876880387684.055
a 6 17 0 1 9793955570691.035
a 6 18 0 1 26221408123926.363
a 6 19 0 1 9050268321192.89
a 6 20 0 1 21575875306750.246
a 6 21 0 1 23745627797674.645
a 6 22 0 1 16618994152552.443
a 6 23 0 1 20450185041963.98
a 6 24 0 1 19910796907450.543
a 6 25 0 1 14946472185648.404
a 6 26 0 1 23583666331024.2
a 6 27 0 1 13286452301592.72
a 6 28 0 1 8576286329622.721
a 6 29 0 1 15698996685620.812
a 6 30 0 1 25378575573503.86
a 6 31 0 1 20995924593483.77
a 6 32 0 1 24097016101838.848
a 6 33 0 1 7288285509665.434
a 6 34 0 1 21581701632165.723
a 6 35 0 1 19965602954077.01
a 6 36 0 1 25638977900250.016
a 6 37 0 1 22143342427295.332
a 6 38 0 1 20247270866919.64
a 6 39 0 1 26064263883059.42
a 6 40 0 1 11995305831116.209
a 6 41 0 1 11375058724756.613
a 6 42 0 1 13749003280399.438
a 6 43 0 1 24815835817995.406
a 6 44 0 1 26768392266040.113
a 6 45 0 1 25127711081691.703
a 6 46 0 1 21282376056360.47
a 6 47 0 1 15407529978935.086
a 6 48 0 1 9739767316154.795
a 6 49 0 1 14047680567974.637
a 6 50 0 1 11947933562240.162
a 6 51 0 1 20339579376006.395
a 6 52 0 1 23844132573038.934
a 6 53 0 1 18335989096540.406
a 6 54 0 1 22179358583467.44
a 6 55 0 1 16134674709516.146
a 6 56 0 1 26034858161797.16
a 6 57 0 1 13401193374195.514
a 6 58 0 1 8618153902076.676
a 6 59 0 1 15797146365926.703
a 6 60 0 1 23432782384602.1
a 6 61 0 1 13188780031121.84
a 6 62 0 1 23727538641772.29
a 6 63 0 1 9726122489501.537
a 6 64 0 1 26595262985227.227
a 6 65 0 1 26186750311037.258
a 6 66 0 1 21910284533261.574
a 6 67 0 1 9092010298940.402
a 6 68 0 1 10027373656636.22
a 6 69 0 1 6860094244314.76
a 6 70 0 1 11205977321038.707
a 6 71 0 1 22889550174733.066
a 6 72 0 1 18452903549666.152
a 6 73 0 1 10071611544815.295
a 6 74 0 1 7286758041973.351
a 6 75 0 1 19243244006629.098
a 6 76 0 1 23814430869396.09
a 6 77 0 1 14269047048491.03
a 6 78 0 1 18288127660956.93
a 6 79 0 1 7805625518635.838
a 6 80 0 1 12673412640198.227
a 6 81 0 1 24944111826985.312
a 7 15 0 1 17777289477026.1
a 7 16 0 1 15495828959939.746
a 7 17 0 1 8993106838851.31
a 7 18 0 1 24073563013681.88
a 7 19 0 1 8310288863342.327
a 7 20 0 1 19809422845489.164
a 7 21 0 1 21801087875687.09
a 7 22 0 1 15259082897150.643
a 7 23 0 1 18776094043633.836
a 7 24 0 1 18280954236347.004
a 7 25 0 1 13723637612715.273
a 7 26 0 1 21652422592297.19
a 7 27 0 1 12199621850816.42
a 7 28 0 1 7875096331155.582
a 7 29 0 1 14414492649679.361
a 7 30 0 1 23299953809991.727
a 7 31 0 1 19277059099408.277
a 7 32 0 1 22123627486070.062
a 7 33 0 1 6692482534027.852
a 7 34 0 1 19814771071103.008
a 7 35 0 1 18331264537634.773
a 7 36 0 1 23538970143627.062
a 7 37 0 1 20330321674332.883
a 7 38 0 1 18589826382526.203
a 7 39 0 1 23929326245946.09
a 7 40 0 1 11014225001982.352
a 7 41 0 1 10444768141205.629
a 7 42 0 1 12624281188486.363
a 7 43 0 1 22783426013843.535
a 7 44 0 1 24575615770283.27
a 7 45 0 1 23069690886951.54
a 7 46 0 1 19540006955446.54
a 7 47 0 1 14146912834670.867
a 7 48 0 1 8943354104920.258
a 7 49 0 1 12898489209439.135
a 7 50 0 1 10970732146397.236
a 7 51 0 1 18674562247066.996
a 7 52 0 1 21891505705286.12
a 7 53 0 1 16835305817280.67
a 7 54 0 1 20363382033110.527
a 7 55 0 1 14814462328913.045
a 7 56 0 1 23902335796620.996
a 7 57 0 1 12304963813024.586
a 7 58 0 1 7913537726351.764
a 7 59 0 1 14504598230004.912
a 7 60 0 1 21513925013565.54
a 7 61 0 1 12109950305986.45
a 7 62 0 1 21784483766776.418
a 7 63 0 1 8930826152694.975
a 7 64 0 1 24416708557675.652
a 7 65 0 1 24041751952137.36
a 7 66 0 1 20116389983666.41
a 7 67 0 1 8348614599438.091
a 7 68 0 1 9207418160519.705
a 7 69 0 1 6299320451831.731
a 7 70 0 1 10289531170541.969
a 7 71 0 1 21015284561169.91
a 7 72 0 1 16942632895389.957
a 7 73 0 1 9248034788136.254
a 7 74 0 1 6691080030022.047
a 7 75 0 1 17668156584657.246
a 7 76 0 1 21864242439901.67
a 7 77 0 1 13101719147925.734
a 7 78 0 1 16791369110663.838
a 7 79 0 1 7167496108937.287
a 7 80 0 1 11636795980329.357
a 7 81 0 1 22901168532887.496
a 8 15 0 1 6405226105171.857
a 8 16 0 1 5584145045262.629
a 8 17 0 1 3242347378479.8677
a 8 18 0 1 8669777011842.531
a 8 19 0 1 2996316867038.9224
a 8 20 0 1 7136343662799.434
a 8 21 0 1 7852689081026.78
a 8 22 0 1 5498926045357.1455
a 8 23 0 1 6764601717782.481
a 8 24 0 1 6586454188353.205
a 8 25 0 1 4946155714321.884
a 8 26 0 1 7799225660214.159
a 8 27 0 1 4397376398103.422
a 8 28 0 1 2839496951382.799
a 8 29 0 1 5194883517554.782
a 8 30 0 1 8391649926915.215
a 8 31 0 1 6944831894052.381
a 8 32 0 1 7968677639146.584
a 8 33 0 1 2413295952416.6943
a 8 34 0 1 7138267549536.023
a 8 35 0 1 6604556044851.628
a 8 36 0 1 8477584189753.824
a 8 37 0 1 7323716510385.459
a 8 38 0 1 6697585558493.591
a 8 39 0 1 8617923582710.984
a 8 40 0 1 3970444378040.0103
a 8 41 0 1 3765322526219.9785
a 8 42 0 1 4550303383341.189
a 8 43 0 1 8205930785331.348
a 8 44 0 1 8850257459277.121
a 8 45 0 1 8308859939467.17
a 8 46 0 1 7039426256349.214
a 8 47 0 1 5098550046124.133
a 8 48 0 1 3224421488535.1504
a 8 49 0 1 4649045229595.972
a 8 50 0 1 3954778591806.3496
a 8 51 0 1 6728072410902.845
a 8 52 0 1 7885204818088.852
a 8 53 0 1 6066246496563.399
a 8 54 0 1 7335608187355.02
a 8 55 0 1 5338872601886.701
a 8 56 0 1 8608220335443.194
a 8 57 0 1 4435312706651.419
a 8 58 0 1 2853349561535.9893
a 8 59 0 1 5227322267043.081
a 8 60 0 1 7749417723013.263
a 8 61 0 1 4365082939800.582
a 8 62 0 1 7846717923546.984
a 8 63 0 1 3219907651702.4453
a 8 64 0 1 8793134141578.596
a 8 65 0 1 8658340961406.864
a 8 66 0 1 7246764747795.115
a 8 67 0 1 3010126913568.1147
a 8 68 0 1 3319562159455.233
a 8 69 0 1 2271588222598.557
a 8 70 0 1 3709402232933.2075
a 8 71 0 1 7570083042812.063
a 8 72 0 1 6104871294920.156
a 8 73 0 1 3334195754630.438
a 8 74 0 1 2412790461337.2793
a 8 75 0 1 6365956257886.667
a 8 76 0 1 7875400545580.404
a 8 77 0 1 4722225413888.036
a 8 78 0 1 6050434407186.503
a 8 79 0 1 2584494537819.7266
a 8 80 0 1 4194678570671.9004
a 8 81 0 1 8248266711317.684
a 9 15 0 1 19257186490523.375
a 9 16 0 1 16785435133830.652
a 9 17 0 1 9740931297955.645
a 9 18 0 1 26079178493629.76
a 9 19 0 1 9001274529648.432
a 9 20 0 1 21458906174542.81
a 9 21 0 1 23616863787794.688
a 9 22 0 1 16528948883541.395
a 9 23 0 1 20339332906872.53
a 9 24 0 1 19802875246894.402
a 9 25 0 1 14865504515934.998
a 9 26 0 1 23455782953799.473
a 9 27 0 1 13214490938842.04
a 9 28 0 1 8529860968769.379
a 9 29 0 1 15613945125593.297
a 9 30 0 1 25240930915953.414
a 9 31 0 1 20882107108434.848
a 9 32 0 1 23966341376951.35
a 9 33 0 1 7248838206067.4
a 9 34 0 1 21464700835622.95
a 9 35 0 1 19857383550945.254
a 9 36 0 1 25499916759736.06
a 9 37 0 1 22023289082781.77
a 9 38 0 1 20137521199040.547
a 9 39 0 1 25922889177778.805
a 9 40 0 1 11930347114947.898
a 9 41 0 1 11313463237208.088
a 9 42 0 1 13674532727879.648
a 9 43 0 1 24681251947805.863
a 9 44 0 1 26623186592026.7
a 9 45 0 1 24991430945269.402
a 9 46 0 1 21167001950071.047
a 9 47 0 1 15324060268936.002
a 9 48 0 1 9687036744817.25
a 9 49 0 1 13971589646338.959
a 9 50 0 1 11883231734366.203
a 9 51 0 1 20229328186655.266
a 9 52 0 1 23714832947429.71
a 9 53 0 1 18236621233979.234
a 9 54 0 1 22059109475808.277
a 9 55 0 1 16047258437968.867
a 9 56 0 1 25893643431515.355
a 9 57 0 1 13328609602948.822
a 9 58 0 1 8571501678939.779
a 9 59 0 1 15711562103543.21
a 9 60 0 1 23305719378872.28
a 9 61 0 1 13117348474927.215
a 9 62 0 1 23598872989631.688
a 9 63 0 1 9673465872816.814
a 9 64 0 1 26450999317251.535
a 9 65 0 1 26044709235196.305
a 9 66 0 1 21791497918611.363
a 9 67 0 1 9042790301105.45
a 9 68 0 1 9973084211653.428
a 9 69 0 1 6822966315050.122
a 9 70 0 1 11145298577826.53
a 9 71 0 1 22765440543521.723
a 9 72 0 1 18352900755228.363
a 9 73 0 1 10017082314095.566
a 9 74 0 1 7247319012580.977
a 9 75 0 1 19138948633561.26
a 9 76 0 1 23685292746869.773
a 9 77 0 1 14191755108956.135
a 9 78 0 1 18189019716455.906
a 9 79 0 1 7763375647226.222
a 9 80 0 1 12604776410202.482
a 9 81 0 1 24808830287844.586
a 10 15 0 1 11265593510899.203
a 10 16 0 1 9820760825139.887
a 10 17 0 1 5701106252872.371
a 10 18 0 1 15251534453851.467
a 10 19 0 1 5268391017146.183
a 10 20 0 1 12552294705646.25
a 10 21 0 1 13813157945851.383
a 10 22 0 1 9670815291453.725
a 10 23 0 1 11898041721740.717
a 10 24 0 1 11584523306569.967
a 10 25 0 1 8698252613430.312
a 10 26 0 1 13719049753002.123
a 10 27 0 1 7732804839009.269
a 10 28 0 1 4992587912890.35
a 10 29 0 1 9135861027377.31
a 10 30 0 1 14761904971602.678
a 10 31 0 1 12215235292100.656
a 10 32 0 1 14017328111645.242
a 10 33 0 1 4243055736345.882
a 10 34 0 1 12555680790558.176
a 10 35 0 1 11616379970077.598
a 10 36 0 1 14913185601629.275
a 10 37 0 1 12882080579143.201
a 10 38 0 1 11780100123605.244
a 10 39 0 1 15160247153883.215
a 10 40 0 1 6981782695578.098
a 10 41 0 1 6620969880841.774
a 10 42 0 1 8001834491611.332
a 10 43 0 1 14434968547586.713
a 10 44 0 1 15569274440884.564
a 10 45 0 1 14616161748250.684
a 10 46 0 1 12381719316098.404
a 10 47 0 1 8966370931108.275
a 10 48 0 1 5669577804550.607
a 10 49 0 1 8175545291741.751
a 10 50 0 1 6954225855793.933
a 10 51 0 1 11833753699732.43
a 10 52 0 1 13870393720056.525
a 10 53 0 1 10669075708314.67
a 10 54 0 1 12903010908747.834
a 10 55 0 1 9389202220227.725
a 10 56 0 1 15143164803016.066
a 10 57 0 1 7799541846310.988
a 10 58 0 1 5016950540261.724
a 10 59 0 1 9192934738032.816
a 10 60 0 1 13631376863376.744
a 10 61 0 1 7675995001256.382
a 10 62 0 1 13802647260846.953
a 10 63 0 1 5661638784912.88
a 10 64 0 1 15468706437395.58
a 10 65 0 1 15231401361818.754
a 10 66 0 1 12746640200363.467
a 10 67 0 1 5292679453074.494
a 10 68 0 1 5836914431657.608
a 10 69 0 1 3993855862686.699
a 10 70 0 1 6522607380694.565
a 10 71 0 1 13315714838541.906
a 10 72 0 1 10737043733414.3
a 10 73 0 1 5862652740203.46
a 10 74 0 1 4242166794953.017
a 10 75 0 1 11196486766635.676
a 10 76 0 1 13853135730733.629
a 10 77 0 1 8304288878083.22
a 10 78 0 1 10641251320449.559
a 10 79 0 1 4544124928415.701
a 10 80 0 1 7376229241547.363
a 10 81 0 1 14509494966338.02
a 11 15 0 1 6738098135220.123
a 11 16 0 1 5874317598755.127
a 11 17 0 1 3410783792626.121
a 11 18 0 1 9120458705571.87
a 11 19 0 1 3151967625567.6284
a 11 20 0 1 7507243858458.13
a 11 21 0 1 8260855620671.144
a 11 22 0 1 5784667358793.63
a 11 23 0 1 7116165379358.824
a 11 24 0 1 6928751942753.26
a 11 25 0 1 5203156151033.832
a 11 26 0 1 8204610655999.784
a 11 27 0 1 4625847274397.145
a 11 28 0 1 2986998527115.732
a 11 29 0 1 5464815892697.928
a 11 30 0 1 8827859019434.4
a 11 31 0 1 7305770193481.214
a 11 32 0 1 8382878844700.866
a 11 33 0 1 2538651459520.1797
a 11 34 0 1 7509267822642.6045
a 11 35 0 1 6947795304706.763
a 11 36 0 1 8918264847368.713
a 11 37 0 1 7704363754673.888
a 11 38 0 1 7045663491856.367
a 11 39 0 1 9065906961140.133
a 11 40 0 1 4176722829764.493
a 11 41 0 1 3960939320928.329
a 11 42 0 1 4786724141059.007
a 11 43 0 1 8632476352731.4
a 11 44 0 1 9310331142409.443
a 11 45 0 1 8740761166407.448
a 11 46 0 1 7405285027066.46
a 11 47 0 1 5363473727027.747
a 11 48 0 1 3391926308522.5503
a 11 49 0 1 4890599220637.334
a 11 50 0 1 4160242761333.7607
a 11 51 0 1 7077736057509.974
a 11 52 0 1 8295063073099.819
a 11 53 0 1 6381489211163.09
a 11 54 0 1 7716874046094.66
a 11 55 0 1 5616291661340.696
a 11 56 0 1 9055698786314.055
a 11 57 0 1 4665755667556.646
a 11 58 0 1 3001570978859.363
a 11 59 0 1 5498941265841.527
a 11 60 0 1 8152211391368.444
a 11 61 0 1 4591875084215.128
a 11 62 0 1 8254573799719.422
a 11 63 0 1 3387177891838.9653
a 11 64 0 1 9250235150285.307
a 11 65 0 1 9108427550406.305
a 11 66 0 1 7623408943547.075
a 11 67 0 1 3166495329154.185
a 11 68 0 1 3492011410230.8784
a 11 69 0 1 2389580881484.9536
a 11 70 0 1 3902112539948.0015
a 11 71 0 1 7963546833141.825
a 11 72 0 1 6422122696670.094
a 11 73 0 1 3507405518862.2783
a 11 74 0 1 2538119703692.175
a 11 75 0 1 6696785906510.194
a 11 76 0 1 8284748706538.642
a 11 77 0 1 4967583858632.586
a 11 78 0 1 6364854817654.278
a 11 79 0 1 2718745515696.416
a 11 80 0 1 4412612691228.474
a 11 81 0 1 8677015105932.307
a 12 15 0 1 21395858440126.074
a 12 16 0 1 18649008582934.543
a 12 17 0 1 10821426479163.77
a 12 18 0 1 28978021161982.547
a 12 19 0 1 9999630130109.975
a 12 20 0 1 23842769479297.605
a 12 21 0 1 26241179043215.26
a 12 22 0 1 18363986146387.527
a 12 23 0 1 22598499276982.316
a 12 24 0 1 22002304166439.34
a 12 25 0 1 16515515484270.508
a 12 26 0 1 26062145077033.613
a 12 27 0 1 14680936153110.736
a 12 28 0 1 9475873758525.896
a 12 29 0 1 17347196017498.838
a 12 30 0 1 28046296594954.785
a 12 31 0 1 23201722656784.33
a 12 32 0 1 26629609915137.73
a 12 33 0 1 8052646126620.23
a 12 34 0 1 23849209636788.8
a 12 35 0 1 22062881889517.31
a 12 36 0 1 28334161045820.56
a 12 37 0 1 24470026328942.62
a 12 38 0 1 22374213785993.62
a 12 39 0 1 28804301757358.133
a 12 40 0 1 13254070102757.877
a 12 41 0 1 12568641230057.33
a 12 42 0 1 15192119285244.826
a 12 43 0 1 27424216316968.78
a 12 44 0 1 29582704932284.145
a 12 45 0 1 27768977563992.895
a 12 46 0 1 23518349815291.703
a 12 47 0 1 17025068911300.72
a 12 48 0 1 10761546360123.027
a 12 49 0 1 15522202249631.334
a 12 50 0 1 13201719119443.379
a 12 51 0 1 22476244270122.438
a 12 52 0 1 26350067637108.266
a 12 53 0 1 20261686246681.05
a 12 54 0 1 24509837527199.926
a 12 55 0 1 17828708772929.105
a 12 56 0 1 28771794471123.09
a 12 57 0 1 14807740454972.193
a 12 58 0 1 9522137738312.213
a 12 59 0 1 17455670916878.816
a 12 60 0 1 25895356955379.086
a 12 61 0 1 14572995448492.324
a 12 62 0 1 26221183058690.484
a 12 63 0 1 10746468310810.266
a 12 64 0 1 29391311921892.1
a 12 65 0 1 28939707676596.26
a 12 66 0 1 24212411837965.746
a 12 67 0 1 10045755855383.75
a 12 68 0 1 11079363397528.162
a 12 69 0 1 7579509005465.676
a 12 70 0 1 12381792846531.89
a 12 71 0 1 25294869501933.99
a 12 72 0 1 20390908234669.902
a 12 73 0 1 11128248310713.988
a 12 74 0 1 8050958316870.119
a 12 75 0 1 21264457101943.113
a 12 76 0 1 26317234919764.074
a 12 77 0 1 15766846777921.1
a 12 78 0 1 20208786563728.164
a 12 79 0 1 8624296179758.549
a 12 80 0 1 14003450926838.951
a 12 81 0 1 27566018195474.95
a 13 15 0 1 12169282870694.266
a 13 16 0 1 10608408787172.209
a 13 17 0 1 6158114017356.143
a 13 18 0 1 16475570048883.209
a 13 19 0 1 5690689059729.871
a 13 20 0 1 13559360284707.248
a 13 21 0 1 14921555973616.074
a 13 22 0 1 10446422801705.72
a 13 23 0 1 12852539136167.373
a 13 24 0 1 12513833057604.6
a 13 25 0 1 9395775374923.19
a 13 26 0 1 14819883441263.27
a 13 27 0 1 8352832771565.04
a 13 28 0 1 5392764697031.857
a 13 29 0 1 9868515992015.201
a 13 30 0 1 15946572401428.125
a 13 31 0 1 13195217626270.146
a 13 32 0 1 15142137779078.594
a 13 33 0 1 4583122678937.602
a 13 34 0 1 13563018458297.498
a 13 35 0 1 12548248954536.787
a 13 36 0 1 16110016086183.365
a 13 37 0 1 13915647160878.414
a 13 38 0 1 12725122032308.855
a 13 39 0 1 16376942521853.975
a 13 40 0 1 7541540242787.521
a 13 41 0 1 7151775790942.974
a 13 42 0 1 8643455100367.056
a 13 43 0 1 15593351653455.652
a 13 44 0 1 16818860165200.326
a 13 45 0 1 15789111767128.73
a 13 46 0 1 13375078615126.896
a 13 47 0 1 9685418389884.31
a 13 48 0 1 6124056427039.817
a 13 49 0 1 8831108927095.62
a 13 50 0 1 7511772149246.2
a 13 51 0 1 12783086137633.633
a 13 52 0 1 14983392399103.355
a 13 53 0 1 11524850825969.059
a 13 54 0 1 13938259487688.064
a 13 55 0 1 10142197742445.684
a 13 56 0 1 16358486632236.445
a 13 57 0 1 8424926044693.161
a 13 58 0 1 5419081309386.213
a 13 59 0 1 9930171992454.365
a 13 60 0 1 14725163635875.2
a 13 61 0 1 8291463485774.998
a 13 62 0 1 14910200439569.098
a 13 63 0 1 6115480560032.176
a 13 64 0 1 16710205062171.557
a 13 65 0 1 16453818081334.277
a 13 66 0 1 13769322772526.37
a 13 67 0 1 5716925663799.024
a 13 68 0 1 6304816652882.102
a 13 69 0 1 4313940334898.102
a 13 70 0 1 7045521129896.23
a 13 71 0 1 14384130802395.059
a 13 72 0 1 11598277904115.904
a 13 73 0 1 6332619715739.09
a 13 74 0 1 4582162454228.911
a 13 75 0 1 12094624884747.156
a 13 76 0 1 14964747193714.217
a 13 77 0 1 8970186601891.205
a 13 78 0 1 11494791666689.494
a 13 79 0 1 4908335213599.301
a 13 80 0 1 7967640171089.841
a 13 81 0 1 15673869497112.807
a 14 15 0 1 26858713027151.324
a 14 16 0 1 23408637243067.863
a 14 17 0 1 13580162876182.17
a 14 18 0 1 36384901042657.914
a 14 19 0 1 12548560856248.604
a 14 20 0 1 29932532808774.69
a 14 21 0 1 32945855621282.562
a 14 22 0 1 23050677689577.19
a 14 23 0 1 28369419979851.832
a 14 24 0 1 27620491305937.04
a 14 25 0 1 20729330078901.402
a 14 26 0 1 32720905517445.01
a 14 27 0 1 18425677323782.883
a 14 28 0 1 11891114805318.342
a 14 29 0 1 21773740381251.598
a 14 30 0 1 35214057482217.98
a 14 31 0 1 29127204237427.83
a 14 32 0 1 33433914010218.098
a 14 33 0 1 10104708165226.889
a 14 34 0 1 29940623546818.992
a 14 35 0 1 27696586658494.55
a 14 36 0 1 35575792954994.29
a 14 37 0 1 30720566926984.953
a 14 38 0 1 28087673828460.707
a 14 39 0 1 36166593176755.52
a 14 40 0 1 16634155766403.656
a 14 41 0 1 15773609469117.467
a 14 42 0 1 19067537034153.5
a 14 43 0 1 34432361605024.25
a 14 44 0 1 37144806134383.58
a 14 45 0 1 34865579386057.23
a 14 46 0 1 29524969966170.234
a 14 47 0 1 21369212556807.18
a 14 48 0 1 13504993601870.53
a 14 49 0 1 19482011199395.543
a 14 50 0 1 16568428620128.219
a 14 51 0 1 28215843477069.785
a 14 52 0 1 33082671608036.94
a 14 53 0 1 25434111675417.13
a 14 54 0 1 30770583439558.566
a 14 55 0 1 22378439315483.54
a 14 56 0 1 36125742512702.766
a 14 57 0 1 18584895511192.4
a 14 58 0 1 11949186927534.27
a 14 59 0 1 21909965090994.117
a 14 60 0 1 32511344041541.594
a 14 61 0 1 18290145607917.56
a 14 62 0 1 32920731227214.21
a 14 63 0 1 13486065724878.596
a 14 64 0 1 36904279917671.805
a 14 65 0 1 36336753464007.37
a 14 66 0 1 30396917655088.023
a 14 67 0 1 12606461218801.352
a 14 68 0 1 13903961700058.781
a 14 69 0 1 9510869067933.326
a 14 70 0 1 15539029973259.992
a 14 71 0 1 31756876725621.555
a 14 72 0 1 25596418921201.19
a 14 73 0 1 13965329495991.064
a 14 74 0 1 10102589749121.818
a 14 75 0 1 26693658673508.508
a 14 76 0 1 33041417969352.53
a 14 77 0 1 19789208368057.656
a 14 78 0 1 25367668217270.98
a 14 79 0 1 10822213840124.709
a 14 80 0 1 17575032549567.459
a 14 81 0 1 34610544992485.08
a 15 1 0 1 0
a 16 1 0 1 0
a 17 1 0 1 0
a 18 1 0 1 0
a 19 1 0 1 0
a 20 1 0 1 0
a 21 1 0 1 0
a 22 1 0 1 0
a 23 1 0 1 0
a 24 1 0 1 0
a 25 1 0 1 0
a 26 1 0 1 0
a 27 1 0 1 0
a 28 1 0 1 0
a 29 1 0 1 0
a 30 1 0 1 0
a 31 1 0 1 0
a 32 1 0 1 0
a 33 1 0 1 0
a 34 1 0 1 0
a 35 1 0 1 0
a 36 1 0 1 0
a 37 1 0 1 0
a 38 1 0 1 0
a 39 1 0 1 0
a 40 1 0 1 0
a 41 1 0 1 0
a 42 1 0 1 0
a 43 1 0 1 0
a 44 1 0 1 0
a 45 1 0 1 0
a 46 1 0 1 0
a 47 1 0 1 0
a 48 1 0 1 0
a 49 1 0 1 0
a 50 1 0 1 0
a 51 1 0 1 0
a 52 1 0 1 0
a 53 1 0 1 0
a 54 1 0 1 0
a 55 1 0 1 0
a 56 1 0 1 0
a 57 1 0 1 0
a 58 1 0 1 0
a 59 1 0 1 0
a 60 1 0 1 0
a 61 1 0 1 0
a 62 1 0 1 0
a 63 1 0 1 0
a 64 1 0 1 0
a 65 1 0 1 0
a 66 1 0 1 0
a 67 1 0 1 0
a 68 1 0 1 0
a 69 1 0 1 0
a 70 1 0 1 0
a 71 1 0 1 0
a 72 1 0 1 0
a 73 1 0 1 0
a 74 1 0 1 0
a 75 1 0 1 0
a 76 1 0 1 0
a 77 1 0 1 0
a 78 1 0 1 0
a 79 1 0 1 0
a 80 1 0 1 0
a 81 1 0 1 0
