p min 81 937
n 0 13
n 1 -13
a 0 2 0 1 0
a 0 3 0 1 0
a 0 4 0 1 0
a 0 5 0 1 0
a 0 6 0 1 0
a 0 7 0 1 0
a 0 8 0 1 0
a 0 9 0 1 0
a 0 10 0 1 0
a 0 11 0 1 0
a 0 12 0 1 0
a 0 13 0 1 0
a 0 14 0 1 0
a 2 15 0 1 12117527995953.367
a 2 16 0 1 34089319055493.875
a 2 17 0 1 26916216674176.168
a 2 18 0 1 15384724106062.68
a 2 19 0 1 19975036370633.09
a 2 20 0 1 24035353543426.33
a 2 21 0 1 12340894991002.979
a 2 22 0 1 11936704695386.285
a 2 23 0 1 23814715562572.14
a 2 24 0 1 34287521201662.375
a 2 25 0 1 11285781359315.049
a 2 26 0 1 17854779557200.766
a 2 27 0 1 8909746826018.012
a 2 28 0 1 19005212219987.062
a 2 29 0 1 23929329987563.957
a 2 30 0 1 29230771330414.812
a 2 31 0 1 14143087848129.129
a 2 32 0 1 20445793828269.645
a 2 33 0 1 23019688992771.184
a 2 34 0 1 8022822494172.506
a 2 35 0 1 17680021432080.008
a 2 36 0 1 25238707065542.438
a 2 37 0 1 18161964312472.402
a 2 38 0 1 25795870906523.043
a 2 39 0 1 24980464531154.11
a 2 40 0 1 28170987427871.723
a 2 41 0 1 11397230812489.355
a 2 42 0 1 10215649835962.238
a 2 43 0 1 12572279261555.727
a 2 44 0 1 17469831988379.145
a 2 45 0 1 32200376465490.766
a 2 46 0 1 25479804584632.195
a 2 47 0 1 15232692269125.99
a 2 48 0 1 22025425253501.363
a 2 49 0 1 12403777688773.408
a 2 50 0 1 18365757875152.17
a 2 51 0 1 16960458266283.496
a 2 52 0 1 14079681965272.299
a 2 53 0 1 8144125112953.363
a 2 54 0 1 12620239901691.844
a 2 55 0 1 18459818305646.156
a 2 56 0 1 30956971062588.742
a 2 57 0 1 30768043082989.586
a 2 58 0 1 20440677226549.824
a 2 59 0 1 33586934480231.586
a 2 60 0 1 11809384276898.818
a 2 61 0 1 11362966392541.693
a 2 62 0 1 35767721801926.87
a 2 63 0 1 30032556143266.684
a 2 64 0 1 18853039201575.805
a 2 65 0 1 26799896725810.207
a 2 66 0 1 28422723529702.74
a 2 67 0 1 21510358233546.227
a 2 68 0 1 28936102056973.375
a 2 69 0 1 18727400785068.9
a 2 70 0 1 9442324623446.01
a 2 71 0 1 34881344400163.605
a 2 72 0 1 13097790600250.115
a 2 73 0 1 23089687638995.207
a 2 74 0 1 35728215606952.71
a 2 75 0 1 21217553950166.676
a 2 76 0 1 15610756060740.75
a 2 77 0 1 22969014043323.246
a 2 78 0 1 18570959429454.23
a 2 79 0 1 8076474657715.687
a 2 80 0 1 34445999977507.14
a 3 15 0 1 6529014035698.422
a 3 16 0 1 18346146437317.965
a 3 17 0 1 14491260303065.033
a 3 18 0 1 8287965448376.819
a 3 19 0 1 10758207220254.357
a 3 20 0 1 12942231035651.682
a 3 21 0 1 6649286965904.224
a 3 22 0 1 6431646851699.148
a 3 23 0 1 12823575239546.53
a 3 24 0 1 18452620137094.29
a 3 25 0 1 6081131331380.061
a 3 26 0 1 9617356938133.295
a 3 27 0 1 4801455400930.695
a 3 28 0 1 10236404174540.316
a 3 29 0 1 12885213505628.371
a 3 30 0 1 15735443484472.98
a 3 31 0 1 7619581101876.473
a 3 32 0 1 11011473602975.723
a 3 33 0 1 12395998768948.002
a 3 34 0 1 4323696160810.6646
a 3 35 0 1 9523313052122.584
a 3 36 0 1 13589327468119.01
a 3 37 0 1 9782660312490.318
a 3 38 0 1 13888911045928.146
a 3 39 0 1 13450466015990.217
a 3 40 0 1 15165797304180.959
a 3 41 0 1 6141147435668.49
a 3 42 0 1 5504823819265.104
a 3 43 0 1 6773873822348.813
a 3 44 0 1 9410199932580.701
a 3 45 0 1 17331298332981.938
a 3 46 0 1 13718966305271.068
a 3 47 0 1 8206130036401.837
a 3 48 0 1 11861218835293.607
a 3 49 0 1 6683145913056.391
a 3 50 0 1 9892323463592.918
a 3 51 0 1 9136070774718.674
a 3 52 0 1 7585446757707.133
a 3 53 0 1 4389040859920.3013
a 3 54 0 1 6799697430305.833
a 3 55 0 1 9942937426503.373
a 3 56 0 1 16663158286684.195
a 3 57 0 1 16561630676138.416
a 3 58 0 1 11008720951703.797
a 3 59 0 1 18076256619233.18
a 3 60 0 1 6363088023524.329
a 3 61 0 1 6122695944798.875
a 3 62 0 1 19247709105799.855
a 3 63 0 1 16166369433366.176
a 3 64 0 1 10154524296871.213
a 3 65 0 1 14428724707465.47
a 3 66 0 1 15301114210146.871
a 3 67 0 1 11584159926913.656
a 3 68 0 1 15577061773564.312
a 3 69 0 1 10086920918362.896
a 3 70 0 1 5088317279835.791
a 3 71 0 1 18771607019725.39
a 3 72 0 1 7056819470434.311
a 3 73 0 1 12433646477730.02
a 3 74 0 1 19226490003234.074
a 3 75 0 1 11426651256013.275
a 3 76 0 1 8409631059737.589
a 3 77 0 1 12368743842001.88
a 3 78 0 1 10002741866096.135
a 3 79 0 1 4352598233287.823
a 3 80 0 1 18537752923211.445
a 4 15 0 1 8270499317809.994
a 4 16 0 1 23248066244220.957
a 4 17 0 1 18361011458500.07
a 4 18 0 1 10499183624179.092
a 4 19 0 1 13629517511248.256
a 4 20 0 1 16397547409342.092
a 4 21 0 1 8422883793215.391
a 4 22 0 1 8147136995359.4795
a 4 23 0 1 16247153592773.7
a 4 24 0 1 23383065396679.984
a 4 25 0 1 7703046783277.431
a 4 26 0 1 12183752810123.266
a 4 27 0 1 6081825886044.807
a 4 28 0 1 12968239860232.02
a 4 29 0 1 16325278708531.025
a 4 30 0 1 19938205143401.594
a 4 31 0 1 9652276972157.55
a 4 32 0 1 13950488028554.375
a 4 33 0 1 15705218198260.934
a 4 34 0 1 5476585587869.307
a 4 35 0 1 12064578395367.246
a 4 36 0 1 17217748364148.54
a 4 37 0 1 12393230437197.758
a 4 38 0 1 17597484503834.816
a 4 39 0 1 17041737382320.857
a 4 40 0 1 19216075921194.94
a 4 41 0 1 7779084290807.581
a 4 42 0 1 6972907258610.194
a 4 43 0 1 8580735153658.603
a 4 44 0 1 11921239955364.53
a 4 45 0 1 21961373883819.25
a 4 46 0 1 17382070768723.81
a 4 47 0 1 10395488489427.965
a 4 48 0 1 15027426956600.701
a 4 49 0 1 8465782908884.177
a 4 50 0 1 12532200201725.695
a 4 51 0 1 11573864001817.316
a 4 52 0 1 9609026440016.139
a 4 53 0 1 5559365240876.914
a 4 54 0 1 8613453777523.843
a 4 55 0 1 12596340663886.947
a 4 56 0 1 21114305168896.297
a 4 57 0 1 20985591402435.574
a 4 58 0 1 13946999501158.852
a 4 59 0 1 22905874004916.68
a 4 60 0 1 8060274740678.075
a 4 61 0 1 7755707112550.86
a 4 62 0 1 24391195312819.094
a 4 63 0 1 20484498311664.117
a 4 64 0 1 12864475944362.295
a 4 65 0 1 18281741157499.87
a 4 66 0 1 19387612196727.47
a 4 67 0 1 14676285493973.521
a 4 68 0 1 19737425229004.543
a 4 69 0 1 12778804602217.865
a 4 70 0 1 6445239992988.472
a 4 71 0 1 23787517613838.13
a 4 72 0 1 8939231356945.736
a 4 73 0 1 15752934530540.756
a 4 74 0 1 24364289993252.984
a 4 75 0 1 14476663379222.53
a 4 76 0 1 10653349291792.158
a 4 77 0 1 15670674195622.566
a 4 78 0 1 12672128000152.656
a 4 79 0 1 5513199129367.298
a 4 80 0 1 23491006812447.746
a 5 15 0 1 3948922774565.669
a 5 16 0 1 11090274204517.363
a 5 17 0 1 8761527248169.77
a 5 18 0 1 5012382576364.452
a 5 19 0 1 6505600082034.534
a 5 20 0 1 7825524077281.483
a 5 21 0 1 4021645060557.0083
a 5 22 0 1 3890049723637.6704
a 5 23 0 1 7753820693423.1455
a 5 24 0 1 11154583635513.324
a 5 25 0 1 3678106254470.8774
a 5 26 0 1 5816017989830.727
a 5 27 0 1 2904277240226.0156
a 5 28 0 1 6190207345899.031
a 5 29 0 1 7791068631395.922
a 5 30 0 1 9513231050683.865
a 5 31 0 1 4608298306780.015
a 5 32 0 1 6658676148755.69
a 5 33 0 1 7495430933025.713
a 5 34 0 1 2615349769132.6577
a 5 35 0 1 5759170366904.277
a 5 36 0 1 8216549098815.347
a 5 37 0 1 5915939349060.5
a 5 38 0 1 8397572539169.62
a 5 39 0 1 8132640360780.311
a 5 40 0 1 9169075910640.686
a 5 41 0 1 3714396201123.217
a 5 42 0 1 3329620213575.68
a 5 43 0 1 4096974895875.513
a 5 44 0 1 5690795133837.512
a 5 45 0 1 10477281129806.326
a 5 46 0 1 8294884000175.346
a 5 47 0 1 4962908767146.319
a 5 48 0 1 7172242623366.227
a 5 49 0 1 4042117520646.964
a 5 50 0 1 5982226888292.713
a 5 51 0 1 5525085129166.31
a 5 52 0 1 4587661089971.286
a 5 53 0 1 2654868069120.8706
a 5 54 0 1 4112588700350.2
a 5 55 0 1 6012821035285.424
a 5 56 0 1 10073677238011.328
a 5 57 0 1 10012345221491.893
a 5 58 0 1 6657012445038.667
a 5 59 0 1 10927259690233.023
a 5 60 0 1 3848595326989.701
a 5 61 0 1 3703239156517.392
a 5 62 0 1 11634792527762.332
a 5 63 0 1 9773565663151.84
a 5 64 0 1 6140715437325.219
a 5 65 0 1 8723742583539.377
a 5 66 0 1 9250830045274.555
a 5 67 0 1 7004798959210.266
a 5 68 0 1 9417545588093.29
a 5 69 0 1 6099852613634.67
a 5 70 0 1 3077752468913.912
a 5 71 0 1 11347245927129.889
a 5 72 0 1 4268051157862.502
a 5 73 0 1 7518182314164.574
a 5 74 0 1 11621977305061.852
a 5 75 0 1 6909604940013.594
a 5 76 0 1 5085935153806.524
a 5 77 0 1 7478960101619.053
a 5 78 0 1 6048970281669.866
a 5 79 0 1 2632828809971.8306
a 5 80 0 1 11206002842500.717
a 6 15 0 1 10401673846298.326
a 6 16 0 1 29251739486287.113
a 6 17 0 1 23099272779724.2
a 6 18 0 1 13205527934696.506
a 6 19 0 1 17144353040465.42
a 6 20 0 1 20627910782583.27
a 6 21 0 1 10593373261816.912
a 6 22 0 1 10246485521780.236
a 6 23 0 1 20438625846105.992
a 6 24 0 1 29421719609444.387
a 6 25 0 1 9687834767814.445
a 6 26 0 1 15325090380371.95
a 6 27 0 1 7648517733651.893
a 6 28 0 1 16312221914533.895
a 6 29 0 1 20536953530671.008
a 6 30 0 1 25084655533106.75
a 6 31 0 1 12140011313292.535
a 6 32 0 1 17548264108527.996
a 6 33 0 1 19756562614782.996
a 6 34 0 1 6887242528393.595
a 6 35 0 1 15175135500295.156
a 6 36 0 1 21660241604799.54
a 6 37 0 1 15588674636289.062
a 6 38 0 1 22138206579969.19
a 6 39 0 1 21438704375517.58
a 6 40 0 1 24175610914809.543
a 6 41 0 1 9783486384158.135
a 6 42 0 1 8769375496374.54
a 6 43 0 1 10791951839510.041
a 6 44 0 1 14994776898623.115
a 6 45 0 1 27631708195114.883
a 6 46 0 1 21867069035631.008
a 6 47 0 1 13075063343578.824
a 6 48 0 1 18903546360368.945
a 6 49 0 1 10647340590712.146
a 6 50 0 1 15763541146169.02
a 6 51 0 1 14557690188946.111
a 6 52 0 1 12085598065103.531
a 6 53 0 1 6991361702738.279
a 6 54 0 1 10833112425981.457
a 6 55 0 1 15844249971909.602
a 6 56 0 1 26565260186994.164
a 6 57 0 1 26403216017551.555
a 6 58 0 1 17543874084960.807
a 6 59 0 1 28820884551806.848
a 6 60 0 1 10137214527757.32
a 6 61 0 1 9754078944916.27
a 6 62 0 1 30691119370332.08
a 6 63 0 1 25772376819654.785
a 6 64 0 1 16181651617515.143
a 6 65 0 1 22999491679318.48
a 6 66 0 1 24391543970645.062
a 6 67 0 1 18461640085207.832
a 6 68 0 1 24831901966683.812
a 6 69 0 1 16073848539041.795
a 6 70 0 1 8105635517156.789
a 6 71 0 1 29930981651999.844
a 6 72 0 1 11242950537962.291
a 6 73 0 1 19816616040528.63
a 6 74 0 1 30657240198958.703
a 6 75 0 1 18210422758958.812
a 6 76 0 1 13399493784567.479
a 6 77 0 1 19713087340833.47
a 6 78 0 1 15939614616381.488
a 6 79 0 1 6933294503110.472
a 6 80 0 1 29557631782154.656
a 7 15 0 1 7743525707457.852
a 7 16 0 1 21764368403081.293
a 7 17 0 1 17189824276999.852
a 7 18 0 1 9830043559016.262
a 7 19 0 1 12760579923582.227
a 7 20 0 1 15351824460667.957
a 7 21 0 1 7886191842490.39
a 7 22 0 1 7628030599849.272
a 7 23 0 1 15211038534033.992
a 7 24 0 1 21890730142412.94
a 7 25 0 1 7212259726711.238
a 7 26 0 1 11407109738957.922
a 7 27 0 1 5694400001228.644
a 7 28 0 1 12141520388304.127
a 7 29 0 1 15284172675533.473
a 7 30 0 1 18666197721553.117
a 7 31 0 1 9037168627999.57
a 7 32 0 1 13061056469783.303
a 7 33 0 1 14703722030418.309
a 7 34 0 1 5127737625816.564
a 7 35 0 1 11295541880009.25
a 7 36 0 1 16119621499823.217
a 7 37 0 1 11603216545566.1
a 7 38 0 1 16475092568731.416
a 7 39 0 1 15954856914343.537
a 7 40 0 1 17990234009316.79
a 7 41 0 1 7283448565064.008
a 7 42 0 1 6528674823690.872
a 7 43 0 1 8033975874594.182
a 7 44 0 1 11161352056315.541
a 7 45 0 1 20559987603542.938
a 7 46 0 1 16273443976176.928
a 7 47 0 1 9732964590768.078
a 7 48 0 1 14069222474356.879
a 7 49 0 1 7926355003711.406
a 7 50 0 1 11733315627419.389
a 7 51 0 1 10836146298249.965
a 7 52 0 1 8996677167917.11
a 7 53 0 1 5205241213717.579
a 7 54 0 1 8064607751189.918
a 7 55 0 1 11793361802281.436
a 7 56 0 1 19767094633632.016
a 7 57 0 1 19646612113144.86
a 7 58 0 1 13057790692521.873
a 7 59 0 1 21444068921615.13
a 7 60 0 1 7546707706952.759
a 7 61 0 1 7261562083316.194
a 7 62 0 1 22834350710467.035
a 7 63 0 1 19177561753012.21
a 7 64 0 1 12044380552047.521
a 7 65 0 1 17115620331669.549
a 7 66 0 1 18150804671620.805
a 7 67 0 1 13740506530367.691
a 7 68 0 1 18478254329551.586
a 7 69 0 1 11964178184347.488
a 7 70 0 1 6034647730635.783
a 7 71 0 1 22269303500961.445
a 7 72 0 1 8369606897317.668
a 7 73 0 1 14748390400648.943
a 7 74 0 1 22809167220725.195
a 7 75 0 1 13553632450833.336
a 7 76 0 1 9974372563824.71
a 7 77 0 1 14671384565260.812
a 7 78 0 1 11864311321705.002
a 7 79 0 1 5162017568895.762
a 7 80 0 1 21991765151782.844
a 8 15 0 1 4837683206839.305
a 8 16 0 1 13588812493410.582
a 8 17 0 1 10734771275080.05
a 8 18 0 1 6140658809447.774
a 8 19 0 1 7970304827602.89
a 8 20 0 1 9587731583393.959
a 8 21 0 1 4926781948652.916
a 8 22 0 1 4765552679083.71
a 8 23 0 1 9499863851087.85
a 8 24 0 1 13667633068738.355
a 8 25 0 1 4505884007058.7295
a 8 26 0 1 7125339224614.962
a 8 27 0 1 3557829232703.9126
a 8 28 0 1 7583840904843.164
a 8 29 0 1 9545508683170.918
a 8 30 0 1 11655998791620.137
a 8 31 0 1 5645556929790.893
a 8 32 0 1 8157877620077.444
a 8 33 0 1 9183227082075.637
a 8 34 0 1 3203860180014.8784
a 8 35 0 1 7055683477406.694
a 8 36 0 1 10066912519098.373
a 8 37 0 1 7247773987658.857
a 8 38 0 1 10288750674617.574
a 8 39 0 1 9964085881657.082
a 8 40 0 1 11234225562930.727
a 8 41 0 1 4550345482475.191
a 8 42 0 1 4078932456526.0283
a 8 43 0 1 5019075792548.016
a 8 44 0 1 6971903149673.455
a 8 45 0 1 12837513407214.955
a 8 46 0 1 10162909057863.889
a 8 47 0 1 6080040757637.583
a 8 48 0 1 8787190654400.642
a 8 49 0 1 4951864697611.615
a 8 50 0 1 7328997203726.033
a 8 51 0 1 6768859538975.437
a 8 52 0 1 5620271579506.799
a 8 53 0 1 3252274284562.0435
a 8 54 0 1 5038205814862.909
a 8 55 0 1 7366484811284.573
a 8 56 0 1 12342859811776.756
a 8 57 0 1 12267692706678.049
a 8 58 0 1 8155838981481.414
a 8 59 0 1 13389015640511.482
a 8 60 0 1 4714763401419.216
a 8 61 0 1 4536676159883.158
a 8 62 0 1 14256207342044.367
a 8 63 0 1 11975052267160.115
a 8 64 0 1 7523196971474.452
a 8 65 0 1 10688466388538.54
a 8 66 0 1 11334417210180.785
a 8 67 0 1 8582007037553.88
a 8 68 0 1 11538732413254.936
a 8 69 0 1 7473126634324.924
a 8 70 0 1 3770358688778.3506
a 8 71 0 1 13903770347705.389
a 8 72 0 1 5228679153860.251
a 8 73 0 1 9211106978510.498
a 8 74 0 1 14240500006957.244
a 8 75 0 1 8465358132701.129
a 8 76 0 1 6230779789538.637
a 8 77 0 1 9163043489547.668
a 8 78 0 1 7410779267625.614
a 8 79 0 1 3225273844760.5728
a 8 80 0 1 13730654986360.488
a 9 15 0 1 8455587923791.722
a 9 16 0 1 23769262065630.977
a 9 17 0 1 18772408017318.938
a 9 18 0 1 10734210461736.852
a 9 19 0 1 13934730144591.365
a 9 20 0 1 16764865658611.498
a 9 21 0 1 8611386050701.203
a 9 22 0 1 8329462181326.498
a 9 23 0 1 16611096452595.932
a 9 24 0 1 23907296087297.887
a 9 25 0 1 7875424638572.113
a 9 26 0 1 12456543257528.42
a 9 27 0 1 6217898279054.334
a 9 28 0 1 13258621555465.834
a 9 29 0 1 16690974967888.248
a 9 30 0 1 20385023289034.07
a 9 31 0 1 9868324046903.082
a 9 32 0 1 14262900125379.59
a 9 33 0 1 16056999029194.467
a 9 34 0 1 5599107840436.096
a 9 35 0 1 12334696773584.352
a 9 36 0 1 17603477037715.875
a 9 37 0 1 12670717869006.25
a 9 38 0 1 17991738028488.652
a 9 39 0 1 17423514972237.32
a 9 40 0 1 19646674411744.305
a 9 41 0 1 7953165262817.1455
a 9 42 0 1 7128932725783.325
a 9 43 0 1 8772773658588.865
a 9 44 0 1 12188144569998.918
a 9 45 0 1 22453648860163.01
a 9 46 0 1 17771488289261.06
a 9 47 0 1 10628191244116.182
a 9 48 0 1 15363999086867.436
a 9 49 0 1 8655246196006.401
a 9 50 0 1 12812803792519.498
a 9 51 0 1 11832980616904.244
a 9 52 0 1 9824104342032.154
a 9 53 0 1 5683740653169.886
a 9 54 0 1 8806225274207.34
a 9 55 0 1 12878382529090.438
a 9 56 0 1 21587545455083.305
a 9 57 0 1 21455939662027.312
a 9 58 0 1 14259333346360.602
a 9 59 0 1 23419377553181.22
a 9 60 0 1 8240654187065.683
a 9 61 0 1 7929264470476.824
a 9 62 0 1 24938092473045.543
a 9 63 0 1 20943588512766.812
a 9 64 0 1 13152530662976.133
a 9 65 0 1 18691357762212.32
a 9 66 0 1 19822063292619.418
a 9 67 0 1 15004979448360.635
a 9 68 0 1 20179733405063.85
a 9 69 0 1 13064938125361.928
a 9 70 0 1 6589449441129.703
a 9 71 0 1 24320841232134.023
a 9 72 0 1 9139301521106.252
a 9 73 0 1 16105786141602.787
a 9 74 0 1 24910582153028.703
a 9 75 0 1 14800878921510.654
a 9 76 0 1 10891831495540.879
a 9 77 0 1 16021679848086.945
a 9 78 0 1 12955869335209.701
a 9 79 0 1 5636541032287.438
a 9 80 0 1 24017664166059.91
a 10 15 0 1 9823626233842.23
a 10 16 0 1 27622808252373.17
a 10 17 0 1 21813812672308.34
a 10 18 0 1 12471439128127.1
a 10 19 0 1 16190898431962.996
a 10 20 0 1 19480289058267.473
a 10 21 0 1 10004660147443.275
a 10 22 0 1 9677071732982.957
a 10 23 0 1 19301558295577.02
a 10 24 0 1 27783292444763.832
a 10 25 0 1 9149498818058.207
a 10 26 0 1 14472979691637.25
a 10 27 0 1 7223597307105.355
a 10 28 0 1 15405127011060.994
a 10 29 0 1 19394403466695.113
a 10 30 0 1 23688408514345.543
a 10 31 0 1 11465232265606.287
a 10 32 0 1 16572303774955.828
a 10 33 0 1 18657522031239.477
a 10 34 0 1 6504647123874.628
a 10 35 0 1 14331376416004.129
a 10 36 0 1 20455051401218.34
a 10 37 0 1 14721883195490.512
a 10 38 0 1 20906358028032.266
a 10 39 0 1 20245869402686.766
a 10 40 0 1 22830095690133.844
a 10 41 0 1 9239829586131.385
a 10 42 0 1 8282125391402.008
a 10 43 0 1 10192190021276.953
a 10 44 0 1 14161062366447.89
a 10 45 0 1 26093262318183.293
a 10 46 0 1 20650343436209.367
a 10 47 0 1 12348237314457.125
a 10 48 0 1 17852055925741.734
a 10 49 0 1 10055624837951.305
a 10 50 0 1 14887009767606.863
a 10 51 0 1 13748316306423.186
a 10 52 0 1 11413847448540.115
a 10 53 0 1 6602977942776.48
a 10 54 0 1 10231060416179.113
a 10 55 0 1 14963223045387.037
a 10 56 0 1 25086362390276.844
a 10 57 0 1 24933365197925.07
a 10 58 0 1 16568158371956.395
a 10 59 0 1 27216021434549.426
a 10 60 0 1 9573879800450.963
a 10 61 0 1 9212058017302.799
a 10 62 0 1 28981766157653.19
a 10 63 0 1 24337742916042.273
a 10 64 0 1 15281830287595.28
a 10 65 0 1 21719598223677.797
a 10 66 0 1 23033978901827.59
a 10 67 0 1 17434779604857.8
a 10 68 0 1 23449761578584.973
a 10 69 0 1 15180032352085.504
a 10 70 0 1 7655297103383.894
a 10 71 0 1 28264102489118.848
a 10 72 0 1 10618093852752.572
a 10 73 0 1 18714227533919.61
a 10 74 0 1 28949780194807.17
a 10 75 0 1 17197562996382.32
a 10 76 0 1 12654606795305.248
a 10 77 0 1 18616470436412.035
a 10 78 0 1 15053275699061.576
a 10 79 0 1 6548138921590.71
a 10 80 0 1 27911611638531.8
a 11 15 0 1 6555531017803.845
a 11 16 0 1 18420759504359.805
a 11 17 0 1 14550169424188.045
a 11 18 0 1 8321633094623.855
a 11 19 0 1 10801922049692.984
a 11 20 0 1 12994833698135.553
a 11 21 0 1 6676292800868.338
a 11 22 0 1 6457768091981.615
a 11 23 0 1 12875694919792.291
a 11 24 0 1 18527667152886.184
a 11 25 0 1 6105828000632.274
a 11 26 0 1 9656430888532.965
a 11 27 0 1 4820952169870.447
a 11 28 0 1 10277996202987.908
a 11 29 0 1 12937584079572.21
a 11 30 0 1 15799419600682.842
a 11 31 0 1 7650531223081.405
a 11 32 0 1 11056218863922.943
a 11 33 0 1 12446378131331.168
a 11 34 0 1 4341251972896.052
a 11 35 0 1 9562004494838.846
a 11 36 0 1 13644564336100.78
a 11 37 0 1 9822406626711.807
a 11 38 0 1 13945367594676.498
a 11 39 0 1 13505137572415.607
a 11 40 0 1 15227453328374.893
a 11 41 0 1 6166088015183.112
a 11 42 0 1 5527178500831.45
a 11 43 0 1 6801386058583.803
a 11 44 0 1 9448431317730.232
a 11 45 0 1 17401775777913.176
a 11 46 0 1 13774730955486.96
a 11 47 0 1 8239464932695.492
a 11 48 0 1 11909421783384.875
a 11 49 0 1 6710289371158.168
a 11 50 0 1 9932515841781.656
a 11 51 0 1 9173187262247.906
a 11 52 0 1 7616258106359.197
a 11 53 0 1 4406862130388.2705
a 11 54 0 1 6827314632150.314
a 11 55 0 1 9983335685000.79
a 11 56 0 1 16730913514165.719
a 11 57 0 1 16628972284281.389
a 11 58 0 1 11053455012978.256
a 11 59 0 1 18149769759679.34
a 11 60 0 1 6388930616790.515
a 11 61 0 1 6147561535612.901
a 11 62 0 1 19325996957838.918
a 11 63 0 1 16232100855823.037
a 11 64 0 1 10195783244555.275
a 11 65 0 1 14487379187874.67
a 11 66 0 1 15363321334167.41
a 11 67 0 1 11631235423612.176
a 11 68 0 1 15640392791771.682
a 11 69 0 1 10127904865687.557
a 11 70 0 1 5108979564161.696
a 11 71 0 1 18847954176000.59
a 11 72 0 1 7085481834303.102
a 11 73 0 1 12484179066568.92
a 11 74 0 1 19304691357043.71
a 11 75 0 1 11473085826019.3
a 11 76 0 1 8443793420656.404
a 11 77 0 1 12419012277462.35
a 11 78 0 1 10043383391727.107
a 11 79 0 1 4370271457576.0464
a 11 80 0 1 18613146917501.715
a 12 15 0 1 2486672011817.03
a 12 16 0 1 6981518394756.871
a 12 17 0 1 5516080012172.604
a 12 18 0 1 3156199059569.618
a 12 19 0 1 4096188042025.8
a 12 20 0 1 4926988059043.542
a 12 21 0 1 2532458034538.5005
a 12 22 0 1 2449605273095.134
a 12 23 0 1 4881858187671.764
a 12 24 0 1 7021983024252.993
a 12 25 0 1 2316163166780.6494
a 12 26 0 1 3662107041001.593
a 12 27 0 1 1828930818483.9648
a 12 28 0 1 3897656480827.2764
a 12 29 0 1 4905301950440.646
a 12 30 0 1 5989145472058.818
a 12 31 0 1 2901805109021.579
a 12 32 0 1 4192543536927.0645
a 12 33 0 1 4719226241182.035
a 12 34 0 1 1647002786819.4438
a 12 35 0 1 3626321223688.736
a 12 36 0 1 5173093048285.535
a 12 37 0 1 3725007535548.521
a 12 38 0 1 5287023569245.501
a 12 39 0 1 5120282902320.477
a 12 40 0 1 5772564050716.882
a 12 41 0 1 2339011916077.076
a 12 42 0 1 2096747004449.7668
a 12 43 0 1 2579885473443.024
a 12 44 0 1 3583278497487.4844
a 12 45 0 1 6595801176878.046
a 12 46 0 1 5222394813902.039
a 12 47 0 1 3125052963624.8438
a 12 48 0 1 4515804681366.36
a 12 49 0 1 2545347464304.1084
a 12 50 0 1 3766735244933.4897
a 12 51 0 1 3478961755047.0054
a 12 52 0 1 2888812576015.2827
a 12 53 0 1 1671886412306.5867
a 12 54 0 1 2589715839893.3486
a 12 55 0 1 3785994044002.431
a 12 56 0 1 6341828118972.747
a 12 57 0 1 6303233374936.368
a 12 58 0 1 4191496306207.706
a 12 59 0 1 6878945788666.526
a 12 60 0 1 2423505286103.988
a 12 61 0 1 2331987264200.4077
a 12 62 0 1 7324131914835.686
a 12 63 0 1 6152973290533.162
a 12 64 0 1 3866502120912.0913
a 12 65 0 1 5492300403879.978
a 12 66 0 1 5824013594552.532
a 12 67 0 1 4410409890407.885
a 12 68 0 1 5928929972344.1875
a 12 69 0 1 3840779531911.347
a 12 70 0 1 1938160254389.9336
a 12 71 0 1 7143208210173.545
a 12 72 0 1 2687593444280.937
a 12 73 0 1 4733546230466.763
a 12 74 0 1 7316068698755.856
a 12 75 0 1 4350490835111.2705
a 12 76 0 1 3202503632631.676
a 12 77 0 1 4708859287083.635
a 12 78 0 1 3808749674048.9434
a 12 79 0 1 1658008885638.9468
a 12 80 0 1 7054336737365.534
a 13 15 0 1 7331347813954.774
a 13 16 0 1 20604106444811.31
a 13 17 0 1 16273889096290.896
a 13 18 0 1 9306683958756.46
a 13 19 0 1 12080979027451.357
a 13 20 0 1 14533988416978.27
a 13 21 0 1 7466413484920.016
a 13 22 0 1 7222005474941.607
a 13 23 0 1 14400715004527.912
a 13 24 0 1 20723715735147.594
a 13 25 0 1 6828382672812.854
a 13 26 0 1 10799681393503.064
a 13 27 0 1 5391362137322.859
a 13 28 0 1 11494932913875.584
a 13 29 0 1 14469946644993.594
a 13 30 0 1 17671435936352.836
a 13 31 0 1 8556063934793.897
a 13 32 0 1 12365430050153.213
a 13 33 0 1 13920467635798.295
a 13 34 0 1 4854872589835.046
a 13 35 0 1 10694061837953.762
a 13 36 0 1 15260810782819.145
a 13 37 0 1 10985332304358.395
a 13 38 0 1 15597309267374.477
a 13 39 0 1 15104839691485.525
a 13 40 0 1 17031566460566.686
a 13 41 0 1 6895779431605.713
a 13 42 0 1 6181207903088.535
a 13 43 0 1 7606324150403.665
a 13 44 0 1 10567026228854.238
a 13 45 0 1 19464075350215.426
a 13 46 0 1 15406423460890.027
a 13 47 0 1 9214779039674.818
a 13 48 0 1 13319819170202.285
a 13 49 0 1 7504436931998.05
a 13 50 0 1 11108494600972.363
a 13 51 0 1 10259157666908.074
a 13 52 0 1 8517730201498.659
a 13 53 0 1 4928249597535.634
a 13 54 0 1 7635324046323.554
a 13 55 0 1 11165339092579.125
a 13 56 0 1 18713537193888.785
a 13 57 0 1 18599489976724.17
a 13 58 0 1 12362338454491.777
a 13 59 0 1 20300922117426.344
a 13 60 0 1 7145014801981.096
a 13 61 0 1 6875058802932.097
a 13 62 0 1 21616905747159.043
a 13 63 0 1 18155491278917.15
a 13 64 0 1 11402972980158.414
a 13 65 0 1 16203646382239.322
a 13 66 0 1 17183563659802.533
a 13 67 0 1 13008638660197.033
a 13 68 0 1 17493528636382.496
a 13 69 0 1 11327047255640.16
a 13 70 0 1 5713491051150.055
a 13 71 0 1 21082057985954.984
a 13 72 0 1 7924073096877.538
a 13 73 0 1 13962752734119.361
a 13 74 0 1 21593068290506.066
a 13 75 0 1 12831732864859.658
a 13 76 0 1 9443320411515.824
a 13 77 0 1 13889855515110.377
a 13 78 0 1 11232505504553.814
a 13 79 0 1 4887327349438.567
a 13 80 0 1 20819351557566.293
a 14 15 0 1 11948388731009.94
a 14 16 0 1 33612303103285.254
a 14 17 0 1 26539881725326.32
a 14 18 0 1 15169900856686.965
a 14 19 0 1 19695971219210.508
a 14 20 0 1 23699407998590.992
a 14 21 0 1 12168633547769.018
a 14 22 0 1 11770092825682.314
a 14 23 0 1 23481862250553.082
a 14 24 0 1 33807720973985.363
a 14 25 0 1 11128266686764.82
a 14 26 0 1 17605395942826.254
a 14 27 0 1 8785427811753.491
a 14 28 0 1 18739725438208.223
a 14 29 0 1 23594870378118.96
a 14 30 0 1 28821967421040.75
a 14 31 0 1 13945629927566.158
a 14 32 0 1 20160136590898.027
a 14 33 0 1 22697976663004.508
a 14 34 0 1 7910890140367.403
a 14 35 0 1 17433083624501.895
a 14 36 0 1 24885893840963.582
a 14 37 0 1 17908281294754.273
a 14 38 0 1 25435246228876.78
a 14 39 0 1 24631271539221.387
a 14 40 0 1 27777052462212.254
a 14 41 0 1 11238158636156.533
a 14 42 0 1 10073088223313.887
a 14 43 0 1 12396783409222.01
a 14 44 0 1 17225835733908.713
a 14 45 0 1 31749889442355.766
a 14 46 0 1 25123611287180.21
a 14 47 0 1 15019995576047.059
a 14 48 0 1 21717643055671.34
a 14 49 0 1 12230637255454.643
a 14 50 0 1 18109222367084.727
a 14 51 0 1 16723589998089.342
a 14 52 0 1 13883110698014.895
a 14 53 0 1 8030498811075.375
a 14 54 0 1 12444073609446.002
a 14 55 0 1 18201966192978.277
a 14 56 0 1 30523940624554.78
a 14 57 0 1 30337664636940.844
a 14 58 0 1 20155091641492.188
a 14 59 0 1 33116975292254.234
a 14 60 0 1 11644551922126.918
a 14 61 0 1 11204373064957.906
a 14 62 0 1 35267124264163.82
a 14 63 0 1 29612500682801.46
a 14 64 0 1 18589682701181.68
a 14 65 0 1 26425193082462.406
a 14 66 0 1 28025256988788.58
a 14 67 0 1 21209791145795.656
a 14 68 0 1 28531432765391.875
a 14 69 0 1 18465803050730.453
a 14 70 0 1 9310566503918.56
a 14 71 0 1 34393201598764.688
a 14 72 0 1 12914948247209.996
a 14 73 0 1 22766994474722.67
a 14 74 0 1 35228173235131.305
a 14 75 0 1 20921088117827.82
a 14 76 0 1 15392771037383.861
a 14 77 0 1 22648011770977.895
a 14 78 0 1 18311551590081.61
a 14 79 0 1 7963793076218.78
a 14 80 0 1 33963973404447.613
a 15 1 0 1 0
a 16 1 0 1 0
a 17 1 0 1 0
a 18 1 0 1 0
a 19 1 0 1 0
a 20 1 0 1 0
a 21 1 0 1 0
a 22 1 0 1 0
a 23 1 0 1 0
a 24 1 0 1 0
a 25 1 0 1 0
a 26 1 0 1 0
a 27 1 0 1 0
a 28 1 0 1 0
a 29 1 0 1 0
a 30 1 0 1 0
a 31 1 0 1 0
a 32 1 0 1 0
a 33 1 0 1 0
a 34 1 0 1 0
a 35 1 0 1 0
a 36 1 0 1 0
a 37 1 0 1 0
a 38 1 0 1 0
a 39 1 0 1 0
a 40 1 0 1 0
a 41 1 0 1 0
a 42 1 0 1 0
a 43 1 0 1 0
a 44 1 0 1 0
a 45 1 0 1 0
a 46 1 0 1 0
a 47 1 0 1 0
a 48 1 0 1 0
a 49 1 0 1 0
a 50 1 0 1 0
a 51 1 0 1 0
a 52 1 0 1 0
a 53 1 0 1 0
a 54 1 0 1 0
a 55 1 0 1 0
a 56 1 0 1 0
a 57 1 0 1 0
a 58 1 0 1 0
a 59 1 0 1 0
a 60 1 0 1 0
a 61 1 0 1 0
a 62 1 0 1 0
a 63 1 0 1 0
a 64 1 0 1 0
a 65 1 0 1 0
a 66 1 0 1 0
a 67 1 0 1 0
a 68 1 0 1 0
a 69 1 0 1 0
a 70 1 0 1 0
a 71 1 0 1 0
a 72 1 0 1 0
a 73 1 0 1 0
a 74 1 0 1 0
a 75 1 0 1 0
a 76 1 0 1 0
a 77 1 0 1 0
a 78 1 0 1 0
a 79 1 0 1 0
a 80 1 0 1 0
