p min 81 937
n 0 13
n 1 -13
a 0 2 0 1 0
a 0 3 0 1 0
a 0 4 0 1 0
a 0 5 0 1 0
a 0 6 0 1 0
a 0 7 0 1 0
a 0 8 0 1 0
a 0 9 0 1 0
a 0 10 0 1 0
a 0 11 0 1 0
a 0 12 0 1 0
a 0 13 0 1 0
a 0 14 0 1 0
a 2 15 0 1 22826991821184.06
a 2 16 0 1 5551168511576.031
a 2 17 0 1 9356541463541.984
a 2 18 0 1 7823574824497.053
a 2 19 0 1 10987424393570.629
a 2 20 0 1 13665754775419.85
a 2 21 0 1 22449977399723.58
a 2 22 0 1 11123125929914.459
a 2 23 0 1 12313453658920.389
a 2 24 0 1 7378691660398.723
a 2 25 0 1 11152558276093.533
a 2 26 0 1 11968415811316.629
a 2 27 0 1 23486129164977.61
a 2 28 0 1 17176379790345.322
a 2 29 0 1 17557943906399.36
a 2 30 0 1 17730723448239.07
a 2 31 0 1 18035553031452.918
a 2 32 0 1 16247791448625.588
a 2 33 0 1 21564540885077.48
a 2 34 0 1 14295402854504.8
a 2 35 0 1 10136662818981.656
a 2 36 0 1 9754774360417.654
a 2 37 0 1 21666678069782.227
a 2 38 0 1 5948288262500.406
a 2 39 0 1 22307163675062.973
a 2 40 0 1 13366370027444.764
a 2 41 0 1 23154118308930.492
a 2 42 0 1 17483582179953.943
a 2 43 0 1 10207627613402.91
a 2 44 0 1 20622703612079.7
a 2 45 0 1 13039148329921.852
a 2 46 0 1 16677378571471.957
a 2 47 0 1 22388640805914.4
a 2 48 0 1 9900243022815.854
a 2 49 0 1 15317914139138.512
a 2 50 0 1 20333802614068.086
a 2 51 0 1 23292862087070.176
a 2 52 0 1 7196927372940.929
a 2 53 0 1 16217580672574.346
a 2 54 0 1 9973048558975.562
a 2 55 0 1 8321348943416.624
a 2 56 0 1 20610527461273.625
a 2 57 0 1 19675517120662.83
a 2 58 0 1 11547319691829.006
a 2 59 0 1 24100967723187.23
a 2 60 0 1 21339426714399.062
a 2 61 0 1 18436830011835.383
a 2 62 0 1 9060821602856.926
a 2 63 0 1 14265269440699.754
a 2 64 0 1 18225027185006.703
a 2 65 0 1 8028581336801.96
a 2 66 0 1 10906060340558.773
a 2 67 0 1 13509221968940.129
a 2 68 0 1 9201355880050.533
a 2 69 0 1 17400939735792.36
a 2 70 0 1 6157144868196.844
a 2 71 0 1 7789072037665.709
a 2 72 0 1 17354741651578.877
a 2 73 0 1 11632585922034.398
a 2 74 0 1 15395735253026.623
a 2 75 0 1 24511250324611.598
a 2 76 0 1 11841296819041.635
a 2 77 0 1 11047129931719.34
a 2 78 0 1 8494311189378.188
a 2 79 0 1 13218570999122.348
a 2 80 0 1 18699522183514.79
a 3 15 0 1 18084632335411.277
a 3 16 0 1 4399717398964.424
a 3 17 0 1 7415086771469.37
a 3 18 0 1 6200433267834.708
a 3 19 0 1 8707226971051.956
a 3 20 0 1 10829035725915.076
a 3 21 0 1 17786103983085.188
a 3 22 0 1 8814738061750.523
a 3 23 0 1 9757758878293.162
a 3 24 0 1 5847911282479.096
a 3 25 0 1 8838056081776.59
a 3 26 0 1 9484412903107.822
a 3 27 0 1 18606538891848.375
a 3 28 0 1 13609787445163.068
a 3 29 0 1 13911994661461.13
a 3 30 0 1 14048838062323.502
a 3 31 0 1 14290263866166.783
a 3 32 0 1 12874301876592.705
a 3 33 0 1 17084974566519.281
a 3 34 0 1 11327811785500.81
a 3 35 0 1 8033185503643.522
a 3 36 0 1 7730613957866.775
a 3 37 0 1 17165853012084.742
a 3 38 0 1 4714419870734.91
a 3 39 0 1 17673019510316.754
a 3 40 0 1 10591872666929.46
a 3 41 0 1 18343653947586.68
a 3 42 0 1 13853098963206.652
a 3 43 0 1 8089410546713.376
a 3 44 0 1 16339151775554.75
a 3 45 0 1 10332654177035.314
a 3 46 0 1 13214559114119.773
a 3 47 0 1 17737535802090.1
a 3 48 0 1 7845869933486.994
a 3 49 0 1 12137762616647.482
a 3 50 0 1 16110369895044.4
a 3 51 0 1 18453511257036.39
a 3 52 0 1 5703880506848.153
a 3 53 0 1 12850372974145.482
a 3 54 0 1 7903554036479.936
a 3 55 0 1 6594856750252.373
a 3 56 0 1 16329509495916.904
a 3 57 0 1 15589059094449.879
a 3 58 0 1 9150805909816.393
a 3 59 0 1 19093354694969.668
a 3 60 0 1 16906714053206.357
a 3 61 0 1 14608070879464.45
a 3 62 0 1 7180778645454.339
a 3 63 0 1 11303941928231.691
a 3 64 0 1 14440326100522.57
a 3 65 0 1 6362876322428.576
a 3 66 0 1 8642765036932.876
a 3 67 0 1 10705035847582.12
a 3 68 0 1 7292128776715.014
a 3 69 0 1 13787644555606.064
a 3 70 0 1 4879928481720.6455
a 3 71 0 1 6173093794035.887
a 3 72 0 1 13751054670179.21
a 3 73 0 1 9218357325923.697
a 3 74 0 1 12199404592521.137
a 3 75 0 1 19418199555385.68
a 3 76 0 1 9383705523883.693
a 3 77 0 1 8754529450943.093
a 3 78 0 1 6731905413448.888
a 3 79 0 1 10474789732793.4
a 3 80 0 1 14816116920144.256
a 4 15 0 1 13070683512686.732
a 4 16 0 1 3181288327598.928
a 4 17 0 1 5361085398404.58
a 4 18 0 1 4483068241667.854
a 4 19 0 1 6295039410197.432
a 4 20 0 1 7828507580774.561
a 4 21 0 1 12855044419799.451
a 4 22 0 1 6372744545576.154
a 4 23 0 1 7054303095442.78
a 4 24 0 1 4228233568778.405
a 4 25 0 1 6389597898331.521
a 4 26 0 1 6856749339802.55
a 4 27 0 1 13447667821954.137
a 4 28 0 1 9837890745960.492
a 4 29 0 1 10056245479409.275
a 4 30 0 1 10155117986825.006
a 4 31 0 1 10329551580084.111
a 4 32 0 1 9306460422589.045
a 4 33 0 1 12348574124791.67
a 4 34 0 1 8188951574692.418
a 4 35 0 1 5807854416863.683
a 4 36 0 1 5589154354355.579
a 4 37 0 1 12406998919590.83
a 4 38 0 1 3408804940962.387
a 4 39 0 1 12773357860395.674
a 4 40 0 1 7657116016802.655
a 4 41 0 1 13257781955860.746
a 4 42 0 1 10013691715486.357
a 4 43 0 1 5848493663366.292
a 4 44 0 1 11809794050936.004
a 4 45 0 1 7469782598623.087
a 4 46 0 1 9552318810921.922
a 4 47 0 1 12819961270690.387
a 4 48 0 1 5672462385480.791
a 4 49 0 1 8774243724793.138
a 4 50 0 1 11644517581288.613
a 4 51 0 1 13337133979855.816
a 4 52 0 1 4124113489555.1157
a 4 53 0 1 9289170004706.54
a 4 54 0 1 5714156731477.051
a 4 55 0 1 4768186299595.919
a 4 56 0 1 11802828329814.08
a 4 57 0 1 11267903516215.393
a 4 58 0 1 6615638815620.88
a 4 59 0 1 13799293987008.8
a 4 60 0 1 12219801618088.545
a 4 61 0 1 10559167586290.021
a 4 62 0 1 5191720127831.096
a 4 63 0 1 8171702117635.575
a 4 64 0 1 10437972332779.486
a 4 65 0 1 4600494797425.146
a 4 66 0 1 6248448395451.93
a 4 67 0 1 7738896423021.346
a 4 68 0 1 5272207814813.927
a 4 69 0 1 9966398915575.533
a 4 70 0 1 3528458853029.234
a 4 71 0 1 4463305010231.563
a 4 72 0 1 9939961524504.39
a 4 73 0 1 6664461220421.411
a 4 74 0 1 8818786626668.498
a 4 75 0 1 14033922747197.11
a 4 76 0 1 6783964809013.204
a 4 77 0 1 6329228000820.248
a 4 78 0 1 4867253388238.209
a 4 79 0 1 7572502273633.984
a 4 80 0 1 10709478612818.54
a 5 15 0 1 14637623692885.56
a 5 16 0 1 3562181533433.177
a 5 17 0 1 6003144467919.337
a 5 18 0 1 5019912657219.356
a 5 19 0 1 7049042313803.616
a 5 20 0 1 8766370636123.304
a 5 21 0 1 14396090473973.312
a 5 22 0 1 7136062410420.48
a 5 23 0 1 7899331299924.338
a 5 24 0 1 4734545065987.632
a 5 25 0 1 7154936096076.288
a 5 26 0 1 7678091843594.954
a 5 27 0 1 15059880058887.322
a 5 28 0 1 11016785408344.082
a 5 29 0 1 11261339978984.465
a 5 30 0 1 11372076436031.953
a 5 31 0 1 11567441472730.045
a 5 32 0 1 10421596256835.76
a 5 33 0 1 13828808457285.334
a 5 34 0 1 9170041788627.32
a 5 35 0 1 6503459908182.213
a 5 36 0 1 6258547307079.721
a 5 37 0 1 13894247892674.107
a 5 38 0 1 3816950508631.5537
a 5 39 0 1 14304595298992.303
a 5 40 0 1 8574425914333.28
a 5 41 0 1 14847190243392.158
a 5 42 0 1 11213680179840.42
a 5 43 0 1 6548970179521.63
a 5 44 0 1 13225345956162.121
a 5 45 0 1 8364628641230.417
a 5 46 0 1 10696950638955.99
a 5 47 0 1 14356794646629.432
a 5 48 0 1 6351840140393.021
a 5 49 0 1 9825535141646.6
a 5 50 0 1 13040229271166.684
a 5 51 0 1 14936071748355.857
a 5 52 0 1 4617950456814.342
a 5 53 0 1 10402231552379.002
a 5 54 0 1 6398531801784.813
a 5 55 0 1 5339194403773.896
a 5 56 0 1 13217544034771.633
a 5 57 0 1 12618408637557.654
a 5 58 0 1 7408075016394.969
a 5 59 0 1 15453736988147.58
a 5 60 0 1 13684575544589.658
a 5 61 0 1 11824612061551.258
a 5 62 0 1 5813481944257.667
a 5 63 0 1 9150723555217.283
a 5 64 0 1 11688872824945.527
a 5 65 0 1 5151409305853.389
a 5 66 0 1 6996866255812.388
a 5 67 0 1 8666013256994.903
a 5 68 0 1 5903615411794.27
a 5 69 0 1 11160712772508.273
a 5 70 0 1 3950937429651.003
a 5 71 0 1 4997781430044.508
a 5 72 0 1 11131103220145.61
a 5 73 0 1 7462750505559.364
a 5 74 0 1 9875421049130.72
a 5 75 0 1 15716547101037.0
a 5 76 0 1 7596581118169.131
a 5 77 0 1 7087329264311.535
a 5 78 0 1 5450132591828.961
a 5 79 0 1 8479665684523.249
a 5 80 0 1 11992961728223.729
a 6 15 0 1 12752492791701.664
a 6 16 0 1 3103929538793.5806
a 6 17 0 1 5230688965664.538
a 6 18 0 1 4374038371677.2837
a 6 19 0 1 6141910564018.999
a 6 20 0 1 7638043817680.724
a 6 21 0 1 12542110767482.486
a 6 22 0 1 6217724143732.852
a 6 23 0 1 6882690278098.16
a 6 24 0 1 4125404315883.4526
a 6 25 0 1 6234167235398.237
a 6 26 0 1 6689946193186.053
a 6 27 0 1 13120285983075.4
a 6 28 0 1 9598485625180.719
a 6 29 0 1 9811520690560.322
a 6 30 0 1 9907984330285.607
a 6 31 0 1 10078168002536.527
a 6 32 0 1 9080001184861.281
a 6 33 0 1 12047986717931.574
a 6 34 0 1 7989710316322.629
a 6 35 0 1 5666584234316.437
a 6 36 0 1 5453207170018.563
a 6 37 0 1 12104987360982.387
a 6 38 0 1 3325911554818.3706
a 6 39 0 1 12462415579424.209
a 6 40 0 1 7470825714218.304
a 6 41 0 1 12935029752793.812
a 6 42 0 1 9770003663353.488
a 6 43 0 1 5706234322720.708
a 6 44 0 1 11522338964333.037
a 6 45 0 1 7288053763958.479
a 6 46 0 1 9319870543762.926
a 6 47 0 1 12507882886902.148
a 6 48 0 1 5534487575949.755
a 6 49 0 1 8560747977661.551
a 6 50 0 1 11361090653849.945
a 6 51 0 1 13012447107198.174
a 6 52 0 1 4023817576040.28
a 6 53 0 1 9063131943419.736
a 6 54 0 1 5575167113502.928
a 6 55 0 1 4652218538798.277
a 6 56 0 1 11515543016514.701
a 6 57 0 1 10993654961624.844
a 6 58 0 1 6454705489537.872
a 6 59 0 1 13463338576340.307
a 6 60 0 1 11922353079500.283
a 6 61 0 1 10302189362894.867
a 6 62 0 1 5065445529972.933
a 6 63 0 1 7972880932473.489
a 6 64 0 1 10183947095068.156
a 6 65 0 1 4488607594293.177
a 6 66 0 1 6096453686251.82
a 6 67 0 1 7550614751360.754
a 6 68 0 1 5143974411336.209
a 6 69 0 1 9723863045593.99
a 6 70 0 1 3442654637477.0903
a 6 71 0 1 4354756030322.1074
a 6 72 0 1 9698069736453.53
a 6 73 0 1 6502339341638.594
a 6 74 0 1 8604205983362.726
a 6 75 0 1 13692246092813.346
a 6 76 0 1 6618933630719.761
a 6 77 0 1 6175266914844.162
a 6 78 0 1 4748874884640.85
a 6 79 0 1 7388272293932.241
a 6 80 0 1 10448837871021.617
a 7 15 0 1 26600317382910.78
a 7 16 0 1 6466656951871.333
a 7 17 0 1 10900393020721.59
a 7 18 0 1 9114217736949.027
a 7 19 0 1 12800772333392.988
a 7 20 0 1 15921941226903.006
a 7 21 0 1 26160794168737.75
a 7 22 0 1 12958903279268.58
a 7 23 0 1 14346009165850.123
a 7 24 0 1 8595870235136.443
a 7 25 0 1 12993200454459.674
a 7 26 0 1 13943925170145.354
a 7 27 0 1 27368754551010.4
a 7 28 0 1 20013499605087.35
a 7 29 0 1 20458237405231.953
a 7 30 0 1 20659625329554.242
a 7 31 0 1 21014931029088.777
a 7 32 0 1 18931196509224.785
a 7 33 0 1 25128577618195.734
a 7 34 0 1 16655742324173.354
a 7 35 0 1 11809411358420.947
a 7 36 0 1 11364421307694.018
a 7 37 0 1 25247644445360.613
a 7 38 0 1 6929321221502.506
a 7 39 0 1 25994303655662.367
a 7 40 0 1 15573040027561.883
a 7 41 0 1 26981686396352.7
a 7 42 0 1 20371563467872.39
a 7 43 0 1 11892102779996.07
a 7 44 0 1 24030648962395.098
a 7 45 0 1 15191702363093.932
a 7 46 0 1 19431890983324.004
a 7 47 0 1 26089288598254.332
a 7 48 0 1 11533925818435.914
a 7 49 0 1 17847429456596.617
a 7 50 0 1 23693876097879.75
a 7 51 0 1 27143437432625.027
a 7 52 0 1 8384093414800.482
a 7 53 0 1 18895985407017.72
a 7 54 0 1 11618761396250.953
a 7 55 0 1 9694200564422.283
a 7 56 0 1 24016455107537.707
a 7 57 0 1 22926524350389.098
a 7 58 0 1 13453215114794.271
a 7 59 0 1 28085564631825.598
a 7 60 0 1 24866151521896.31
a 7 61 0 1 21482660952396.61
a 7 62 0 1 10555819354884.068
a 7 63 0 1 16620624001236.037
a 7 64 0 1 21235781907079.887
a 7 65 0 1 9353080285772.037
a 7 66 0 1 12705960425835.787
a 7 67 0 1 15739518331796.846
a 7 68 0 1 10719569831527.574
a 7 69 0 1 20275238047073.598
a 7 70 0 1 7172652361376.476
a 7 71 0 1 9074017130725.26
a 7 72 0 1 20221391152560.996
a 7 73 0 1 13552576584001.37
a 7 74 0 1 17938128078027.473
a 7 75 0 1 28563902331661.723
a 7 76 0 1 13795790542750.607
a 7 77 0 1 12870346192484.145
a 7 78 0 1 9895730551723.152
a 7 79 0 1 15400797388271.598
a 7 80 0 1 21788859789628.215
a 8 15 0 1 11699339149424.627
a 8 16 0 1 2847855364321.305
a 8 17 0 1 4799060179714.015
a 8 18 0 1 4013131801034.9004
a 8 19 0 1 5635040314210.442
a 8 20 0 1 7007603314943.97
a 8 21 0 1 11506354368603.771
a 8 22 0 1 5704593156201.797
a 8 23 0 1 6314641631633.92
a 8 24 0 1 3785021747205.3735
a 8 25 0 1 5719678352780.329
a 8 26 0 1 6137816525630.409
a 8 27 0 1 12036716346814.395
a 8 28 0 1 8806067071773.914
a 8 29 0 1 9001496449306.719
a 8 30 0 1 9089987860417.967
a 8 31 0 1 9246106322665.889
a 8 32 0 1 8330428019272.61
a 8 33 0 1 11053088167181.283
a 8 34 0 1 7330218925449.056
a 8 35 0 1 5198964475850.881
a 8 36 0 1 5003205929358.471
a 8 37 0 1 11105375791087.602
a 8 38 0 1 3051517430286.3
a 8 39 0 1 11433249259311.508
a 8 40 0 1 6854198208213.281
a 8 41 0 1 11866780848785.326
a 8 42 0 1 8963410542985.445
a 8 43 0 1 5235340573862.988
a 8 44 0 1 10570900195017.879
a 8 45 0 1 6686523517019.188
a 8 46 0 1 8550476159852.975
a 8 47 0 1 11474956840992.682
a 8 48 0 1 5077775115866.033
a 8 49 0 1 7854079024942.255
a 8 50 0 1 10422982690051.191
a 8 51 0 1 11937795843340.805
a 8 52 0 1 3691820380455.7627
a 8 53 0 1 8314952702642.688
a 8 54 0 1 5115095752631.274
a 8 55 0 1 4268347744752.199
a 8 56 0 1 10564666094553.545
a 8 57 0 1 10085922139459.256
a 8 58 0 1 5922003772392.82
a 8 59 0 1 12351396829888.344
a 8 60 0 1 10937842171603.732
a 8 61 0 1 9451612166092.104
a 8 62 0 1 4647459687113.747
a 8 63 0 1 7314779852703.743
a 8 64 0 1 9343142810843.447
a 8 65 0 1 4118243312186.1807
a 8 66 0 1 5593337248689.892
a 8 67 0 1 6927396358906.485
a 8 68 0 1 4719505071918.838
a 8 69 0 1 8921083121456.055
a 8 70 0 1 3158625480321.1445
a 8 71 0 1 3995441198180.586
a 8 72 0 1 8897421430978.332
a 8 73 0 1 5965703739904.397
a 8 74 0 1 7893946416648.388
a 8 75 0 1 12561371443032.523
a 8 76 0 1 6072668817553.653
a 8 77 0 1 5665642086922.1
a 8 78 0 1 4357024636761.4624
a 8 79 0 1 6778463906306.763
a 8 80 0 1 9586139601345.84
a 9 15 0 1 29178640484334.227
a 9 16 0 1 7091866170065.129
a 9 17 0 1 11954855011031.324
a 9 18 0 1 9995693103358.975
a 9 19 0 1 14039367025437.746
a 9 20 0 1 17463145951137.361
a 9 21 0 1 28696374123996.145
a 9 22 0 1 14212823673965.102
a 9 23 0 1 15734391042733.371
a 9 24 0 1 9427159545236.855
a 9 25 0 1 14250444936540.71
a 9 26 0 1 15293325498266.873
a 9 27 0 1 30021818721105.434
a 9 28 0 1 21951759110593.676
a 9 29 0 1 22439680081992.195
a 9 30 0 1 22660623976110.605
a 9 31 0 1 23050434406493.055
a 9 32 0 1 20764386766231.043
a 9 33 0 1 27563794316933.543
a 9 34 0 1 18268126696713.89
a 9 35 0 1 12951939476651.03
a 9 36 0 1 12463836052394.143
a 9 37 0 1 27694436773369.64
a 9 38 0 1 7599300887344.455
a 9 39 0 1 28513693832234.316
a 9 40 0 1 17080405515201.037
a 9 41 0 1 29597101058469.93
a 9 42 0 1 22344589894075.395
a 9 43 0 1 13042643085726.193
a 9 44 0 1 26359141884528.895
a 9 45 0 1 16662086076416.262
a 9 46 0 1 21313684748673.92
a 9 47 0 1 28617915164816.29
a 9 48 0 1 12649762631537.443
a 9 49 0 1 19575437125404.215
a 9 50 0 1 25989639062091.117
a 9 51 0 1 29774584914706.473
a 9 52 0 1 9194880526007.639
a 9 53 0 1 20725757876626.367
a 9 54 0 1 12742817580054.729
a 9 55 0 1 10631837266584.473
a 9 56 0 1 26343568514718.11
a 9 57 0 1 25147721069868.72
a 9 58 0 1 14755047070376.729
a 9 59 0 1 30808361509893.27
a 9 60 0 1 27275856490063.645
a 9 61 0 1 23563591613947.414
a 9 62 0 1 11576904169238.752
a 9 63 0 1 18229601550769.664
a 9 64 0 1 23292734292203.137
a 9 65 0 1 10257684374818.896
a 9 66 0 1 13935366450348.918
a 9 67 0 1 17263029848582.807
a 9 68 0 1 11756515996329.182
a 9 69 0 1 22238911256351.773
a 9 70 0 1 7866180453099.018
a 9 71 0 1 9951600066483.957
a 9 72 0 1 22179835917178.52
a 9 73 0 1 14864039949695.012
a 9 74 0 1 19674937194718.316
a 9 75 0 1 31333239877252.906
a 9 76 0 1 15130830398885.768
a 9 77 0 1 14115683754155.617
a 9 78 0 1 10852883883963.365
a 9 79 0 1 16891458502806.494
a 9 80 0 1 23899532275932.01
a 10 15 0 1 9320711915862.975
a 10 16 0 1 2269319486514.431
a 10 17 0 1 3823966570400.8457
a 10 18 0 1 3197785280946.748
a 10 19 0 1 4490000859891.42
a 10 20 0 1 5583479912545.741
a 10 21 0 1 9167004861522.74
a 10 22 0 1 4545413176501.804
a 10 23 0 1 5031427271078.854
a 10 24 0 1 3016036357106.666
a 10 25 0 1 4557431434979.951
a 10 26 0 1 4890555478512.788
a 10 27 0 1 9589420207401.07
a 10 28 0 1 7016154729760.402
a 10 29 0 1 7171828522829.824
a 10 30 0 1 7242317935385.972
a 10 31 0 1 7366676169797.822
a 10 32 0 1 6637267481210.317
a 10 33 0 1 8805985368992.645
a 10 34 0 1 5840487723649.794
a 10 35 0 1 4142577840165.5215
a 10 36 0 1 3986614071645.2393
a 10 37 0 1 8847632040945.703
a 10 38 0 1 2431596445189.401
a 10 39 0 1 9108778295575.498
a 10 40 0 1 5461270233873.942
a 10 41 0 1 9454073484110.582
a 10 42 0 1 7141490424609.046
a 10 43 0 1 4171559065295.2305
a 10 44 0 1 8421921717529.4
a 10 45 0 1 5327691733108.39
a 10 46 0 1 6812555723712.027
a 10 47 0 1 9141997465417.766
a 10 48 0 1 4046024628876.375
a 10 49 0 1 6257806243724.863
a 10 50 0 1 8304103399797.819
a 10 51 0 1 9510634174544.389
a 10 52 0 1 2941776695260.758
a 10 53 0 1 6624939924117.712
a 10 54 0 1 4075758546115.245
a 10 55 0 1 3401128788809.7783
a 10 56 0 1 8416956187644.586
a 10 57 0 1 8035627006559.29
a 10 58 0 1 4718621698740.368
a 10 59 0 1 9840047587080.518
a 10 60 0 1 8714192499996.066
a 10 61 0 1 7530373192061.004
a 10 62 0 1 3703182049354.2793
a 10 63 0 1 5828188462160.095
a 10 64 0 1 7443971414824.318
a 10 65 0 1 3281533255922.63
a 10 66 0 1 4456776200457.398
a 10 67 0 1 5519583411734.3125
a 10 68 0 1 3760582809399.391
a 10 69 0 1 7107773598247.194
a 10 70 0 1 2516939005952.337
a 10 71 0 1 3183690188922.2925
a 10 72 0 1 7088925335975.898
a 10 73 0 1 4753436744412.589
a 10 74 0 1 6289565068862.9375
a 10 75 0 1 10007279884220.494
a 10 76 0 1 4838653762690.106
a 10 77 0 1 4514381124102.145
a 10 78 0 1 3471781605087.192
a 10 79 0 1 5400936425246.877
a 10 80 0 1 7637531046094.134
a 11 15 0 1 12826409286369.898
a 11 16 0 1 3121900560063.668
a 11 17 0 1 5260980883591.626
a 11 18 0 1 4399366749463.802
a 11 19 0 1 6177483294220.231
a 11 20 0 1 7682289522324.512
a 11 21 0 1 12614806065819.74
a 11 22 0 1 6253736287402.637
a 11 23 0 1 6922556878217.185
a 11 24 0 1 4149292261383.1963
a 11 25 0 1 6270274683803.661
a 11 26 0 1 6728695496848.146
a 11 27 0 1 13196337535474.555
a 11 28 0 1 9654100416532.186
a 11 29 0 1 9868371235891.453
a 11 30 0 1 9965394452973.83
a 11 31 0 1 10136565376694.168
a 11 32 0 1 9132608654683.422
a 11 33 0 1 12117814027653.346
a 11 34 0 1 8035995042029.083
a 11 35 0 1 5699402161713.839
a 11 36 0 1 5484788547235.601
a 11 37 0 1 12175145496375.584
a 11 38 0 1 3345168294741.5405
a 11 39 0 1 12534648289751.615
a 11 40 0 1 7514101918640.2295
a 11 41 0 1 13010005860850.225
a 11 42 0 1 9826613375793.77
a 11 43 0 1 5739282034705.614
a 11 44 0 1 11589115676206.93
a 11 45 0 1 7330270332721.671
a 11 46 0 1 9373869262691.324
a 11 47 0 1 12580379509625.152
a 11 48 0 1 5566539977377.392
a 11 49 0 1 8610344028834.958
a 11 50 0 1 11426931635246.324
a 11 51 0 1 13087872630725.732
a 11 52 0 1 4047117014525.8486
a 11 53 0 1 9115641574070.22
a 11 54 0 1 5607455258310.33
a 11 55 0 1 4679158619123.672
a 11 56 0 1 11582280290523.49
a 11 57 0 1 11057363829345.885
a 11 58 0 1 6492091220463.618
a 11 59 0 1 13541381730000.934
a 11 60 0 1 11991451240363.135
a 11 61 0 1 10361886365332.043
a 11 62 0 1 5094779930214.534
a 11 63 0 1 8019068074819.054
a 11 64 0 1 10242958123287.19
a 11 65 0 1 4514599743371.3955
a 11 66 0 1 6131762953312.06
a 11 67 0 1 7594353553459.103
a 11 68 0 1 5173763849549.379
a 11 69 0 1 9780205107234.592
a 11 70 0 1 3462587579235.1274
a 11 71 0 1 4379972695154.6963
a 11 72 0 1 9754262178460.62
a 11 73 0 1 6540001176189.322
a 11 74 0 1 8654054056163.578
a 11 75 0 1 13771618263375.373
a 11 76 0 1 6657271302237.289
a 11 77 0 1 6211032976606.839
a 11 78 0 1 4776374990655.784
a 11 79 0 1 7431069882446.606
a 11 80 0 1 10509385670581.816
a 12 15 0 1 8494622538281.188
a 12 16 0 1 2068339782084.8296
a 12 17 0 1 3485246054549.047
a 12 18 0 1 2914549461701.905
a 12 19 0 1 4092256348782.3823
a 12 20 0 1 5088813335807.065
a 12 21 0 1 8354551559449.027
a 12 22 0 1 4142757651115.691
a 12 23 0 1 4585695442418.744
a 12 24 0 1 2748903588535.5054
a 12 25 0 1 4153710762707.11
a 12 26 0 1 4457309822340.592
a 12 27 0 1 8739491397343.587
a 12 28 0 1 6394467327176.105
a 12 29 0 1 6536336794897.137
a 12 30 0 1 6600575432320.118
a 12 31 0 1 6713905751720.5205
a 12 32 0 1 6049175903639.678
a 12 33 0 1 8025558074040.885
a 12 34 0 1 5323037667204.998
a 12 35 0 1 3775623005402.262
a 12 36 0 1 3633480486624.987
a 12 37 0 1 8063510397214.614
a 12 38 0 1 2216241198764.237
a 12 39 0 1 8301490431086.214
a 12 40 0 1 4977436989154.786
a 12 41 0 1 8616152618420.6455
a 12 42 0 1 6508688953509.309
a 12 43 0 1 3802035912728.8765
a 12 44 0 1 7675562011773.615
a 12 45 0 1 4855699296976.588
a 12 46 0 1 6208921719347.316
a 12 47 0 1 8331762645437.13
a 12 48 0 1 3687626232433.133
a 12 49 0 1 5703358709548.032
a 12 50 0 1 7568193979269.138
a 12 51 0 1 8667695292949.4795
a 12 52 0 1 2681223195223.505
a 12 53 0 1 6037941382676.42
a 12 54 0 1 3714725181434.0415
a 12 55 0 1 3099875899332.6387
a 12 56 0 1 7671036921195.418
a 12 57 0 1 7323530022259.972
a 12 58 0 1 4300614894382.5527
a 12 59 0 1 8967882246794.912
a 12 60 0 1 7941907755459.261
a 12 61 0 1 6863085911329.681
a 12 62 0 1 3375164580710.545
a 12 63 0 1 5311828750667.34
a 12 64 0 1 6784346417059.05
a 12 65 0 1 2990877115135.405
a 12 66 0 1 4061976255994.2554
a 12 67 0 1 5030581003751.279
a 12 68 0 1 3427478936029.8525
a 12 69 0 1 6477961975497.615
a 12 70 0 1 2294023367383.5806
a 12 71 0 1 2901703224246.595
a 12 72 0 1 6460785078569.765
a 12 73 0 1 4332344253869.7056
a 12 74 0 1 5732301815436.252
a 12 75 0 1 9120276464140.945
a 12 76 0 1 4410008322475.911
a 12 77 0 1 4114475876118.8867
a 12 78 0 1 3164268405830.539
a 12 79 0 1 4922451395737.816
a 12 80 0 1 6960740598871.334
a 13 15 0 1 11212998039467.889
a 13 16 0 1 2729585721390.6157
a 13 17 0 1 4599715305247.921
a 13 18 0 1 3846447525856.1045
a 13 19 0 1 5400948636019.3
a 13 20 0 1 6716448317613.606
a 13 21 0 1 11028045818735.404
a 13 22 0 1 5467610284383.082
a 13 23 0 1 6052298178062.7295
a 13 24 0 1 3627815915185.537
a 13 25 0 1 5482068409079.462
a 13 26 0 1 5882824294309.006
a 13 27 0 1 11536331843436.97
a 13 28 0 1 8440116071273.8545
a 13 29 0 1 8627415981381.557
a 13 30 0 1 8712226213181.751
a 13 31 0 1 8861850083948.607
a 13 32 0 1 7984261177796.824
a 13 33 0 1 10593644464468.738
a 13 34 0 1 7025648907247.235
a 13 35 0 1 4982998719032.853
a 13 36 0 1 4795376501896.119
a 13 37 0 1 10643755984378.234
a 13 38 0 1 2924786981427.4087
a 13 39 0 1 10957983456857.47
a 13 40 0 1 6569421775808.607
a 13 41 0 1 11373470075237.87
a 13 42 0 1 8590914399352.419
a 13 43 0 1 5017862875418.441
a 13 44 0 1 10131522986391.006
a 13 45 0 1 6408718730056.966
a 13 46 0 1 8195156696011.966
a 13 47 0 1 10997955110668.447
a 13 48 0 1 4866846404317.804
a 13 49 0 1 7527723791267.914
a 13 50 0 1 9989760714556.29
a 13 51 0 1 11441529034071.137
a 13 52 0 1 3538487120123.343
a 13 53 0 1 7969429520539.329
a 13 54 0 1 4902615881828.635
a 13 55 0 1 4091058155193.904
a 13 56 0 1 10125548307160.506
a 13 57 0 1 9666725381954.502
a 13 58 0 1 5675983223978.745
a 13 59 0 1 11837912745942.318
a 13 60 0 1 10483194682928.428
a 13 61 0 1 9058806459634.504
a 13 62 0 1 4454415271633.785
a 13 63 0 1 7010851844672.41
a 13 64 0 1 8954849702019.64
a 13 65 0 1 3947191276353.701
a 13 66 0 1 5360979074892.869
a 13 67 0 1 6639576383595.556
a 13 68 0 1 4523466503850.269
a 13 69 0 1 8550347728022.083
a 13 70 0 1 3027445250903.7373
a 13 71 0 1 3829492021100.5596
a 13 72 0 1 8527670317270.436
a 13 73 0 1 5717866548127.447
a 13 74 0 1 7565933156824.343
a 13 75 0 1 12039145988897.86
a 13 76 0 1 5820384926157.331
a 13 77 0 1 5430278350429.969
a 13 78 0 1 4176050003111.231
a 13 79 0 1 6496836416974.811
a 13 80 0 1 9187737065611.75
a 14 15 0 1 18187355234839.92
a 14 16 0 1 4424668742614.577
a 14 17 0 1 7457153336576.264
a 14 18 0 1 6235604028287.232
a 14 19 0 1 8756631376070.182
a 14 20 0 1 10890494278433.47
a 14 21 0 1 17887127711025.812
a 14 22 0 1 8864753102538.701
a 14 23 0 1 9813130690051.48
a 14 24 0 1 5881081075842.706
a 14 25 0 1 8888203565019.709
a 14 26 0 1 9538231869695.135
a 14 27 0 1 18712232674874.574
a 14 28 0 1 13687052617324.693
a 14 29 0 1 13990978282576.324
a 14 30 0 1 14128599859275.338
a 14 31 0 1 14371398619024.646
a 14 32 0 1 12947385340001.951
a 14 33 0 1 17182008049573.445
a 14 34 0 1 11392104780405.176
a 14 35 0 1 8078761870230.381
a 14 36 0 1 7774472144492.796
a 14 37 0 1 17263346754856.69
a 14 38 0 1 4741156905547.546
a 14 39 0 1 17773399611771.414
a 14 40 0 1 10651983585101.467
a 14 41 0 1 18447851248182.805
a 14 42 0 1 13931747674706.639
a 14 43 0 1 8135306205568.8125
a 14 44 0 1 16431941367302.885
a 14 45 0 1 10391292219688.002
a 14 46 0 1 13289577070355.906
a 14 47 0 1 17838283099497.07
a 14 48 0 1 7890382597427.292
a 14 49 0 1 12206659094068.416
a 14 50 0 1 16201857815822.814
a 14 51 0 1 18558333913416.74
a 14 52 0 1 5736232807162.071
a 14 53 0 1 12923320398308.693
a 14 54 0 1 7948394264285.82
a 14 55 0 1 6632266510534.092
a 14 56 0 1 16422244225828.922
a 14 57 0 1 15677581237505.129
a 14 58 0 1 9202729828913.998
a 14 59 0 1 19201819935824.355
a 14 60 0 1 17002733129128.367
a 14 61 0 1 14691013074870.031
a 14 62 0 1 7221514850532.924
a 14 63 0 1 11368099268158.572
a 14 64 0 1 14522314275702.701
a 14 65 0 1 6398969188736.1
a 14 66 0 1 8691803321779.309
a 14 67 0 1 10765789784949.758
a 14 68 0 1 7333497199111.045
a 14 69 0 1 13865921066836.02
a 14 70 0 1 4907604701074.909
a 14 71 0 1 6208109365734.86
a 14 72 0 1 13829123118960.719
a 14 73 0 1 9270664957595.86
a 14 74 0 1 12268651457131.672
a 14 75 0 1 19528514322154.13
a 14 76 0 1 9436952408901.178
a 14 77 0 1 8804202520196.23
a 14 78 0 1 6770093197428.868
a 14 79 0 1 10534235376564.53
a 14 80 0 1 14900242393908.018
a 15 1 0 1 0
a 16 1 0 1 0
a 17 1 0 1 0
a 18 1 0 1 0
a 19 1 0 1 0
a 20 1 0 1 0
a 21 1 0 1 0
a 22 1 0 1 0
a 23 1 0 1 0
a 24 1 0 1 0
a 25 1 0 1 0
a 26 1 0 1 0
a 27 1 0 1 0
a 28 1 0 1 0
a 29 1 0 1 0
a 30 1 0 1 0
a 31 1 0 1 0
a 32 1 0 1 0
a 33 1 0 1 0
a 34 1 0 1 0
a 35 1 0 1 0
a 36 1 0 1 0
a 37 1 0 1 0
a 38 1 0 1 0
a 39 1 0 1 0
a 40 1 0 1 0
a 41 1 0 1 0
a 42 1 0 1 0
a 43 1 0 1 0
a 44 1 0 1 0
a 45 1 0 1 0
a 46 1 0 1 0
a 47 1 0 1 0
a 48 1 0 1 0
a 49 1 0 1 0
a 50 1 0 1 0
a 51 1 0 1 0
a 52 1 0 1 0
a 53 1 0 1 0
a 54 1 0 1 0
a 55 1 0 1 0
a 56 1 0 1 0
a 57 1 0 1 0
a 58 1 0 1 0
a 59 1 0 1 0
a 60 1 0 1 0
a 61 1 0 1 0
a 62 1 0 1 0
a 63 1 0 1 0
a 64 1 0 1 0
a 65 1 0 1 0
a 66 1 0 1 0
a 67 1 0 1 0
a 68 1 0 1 0
a 69 1 0 1 0
a 70 1 0 1 0
a 71 1 0 1 0
a 72 1 0 1 0
a 73 1 0 1 0
a 74 1 0 1 0
a 75 1 0 1 0
a 76 1 0 1 0
a 77 1 0 1 0
a 78 1 0 1 0
a 79 1 0 1 0
a 80 1 0 1 0
