p min 81 1087
n 0 16
n 1 -16
a 0 2 0 1 0
a 0 3 0 1 0
a 0 4 0 1 0
a 0 5 0 1 0
a 0 6 0 1 0
a 0 7 0 1 0
a 0 8 0 1 0
a 0 9 0 1 0
a 0 10 0 1 0
a 0 11 0 1 0
a 0 12 0 1 0
a 0 13 0 1 0
a 0 14 0 1 0
a 0 15 0 1 0
a 0 16 0 1 0
a 0 17 0 1 0
a 2 18 0 1 4393628510904.9087
a 2 19 0 1 6004789266703.828
a 2 20 0 1 5669451856866.028
a 2 21 0 1 6863664183887.499
a 2 22 0 1 4214187261359.2314
a 2 23 0 1 7742844280180.879
a 2 24 0 1 3389380591052.0425
a 2 25 0 1 5021207188113.835
a 2 26 0 1 6579563306406.021
a 2 27 0 1 7087164397028.716
a 2 28 0 1 1703421211729.8604
a 2 29 0 1 5072858056425.014
a 2 30 0 1 5894820220523.375
a 2 31 0 1 3570113149227.183
a 2 32 0 1 3980343574125.2847
a 2 33 0 1 4366412015970.6284
a 2 34 0 1 3565684908118.279
a 2 35 0 1 5633344590739.421
a 2 36 0 1 7701181068395.36
a 2 37 0 1 3151997317174.0977
a 2 38 0 1 3162463797957.7964
a 2 39 0 1 6640164265906.737
a 2 40 0 1 5244984700475.919
a 2 41 0 1 5723953864557.611
a 2 42 0 1 5960448998631.23
a 2 43 0 1 5707891069529.969
a 2 44 0 1 2313028563595.7056
a 2 45 0 1 6781091600180.537
a 2 46 0 1 7870085666497.295
a 2 47 0 1 1683472810986.1543
a 2 48 0 1 6233581945436.907
a 2 49 0 1 2959145627628.7017
a 2 50 0 1 5710909287407.305
a 2 51 0 1 4042597272952.4927
a 2 52 0 1 4798738578317.724
a 2 53 0 1 7554146801963.441
a 2 54 0 1 6283924988232.191
a 2 55 0 1 1876598571394.7224
a 2 56 0 1 5835641834638.887
a 2 57 0 1 6833645323132.902
a 2 58 0 1 3815979435691.9556
a 2 59 0 1 6626915220710.1455
a 2 60 0 1 4797059206008.688
a 2 61 0 1 5360034274052.273
a 2 62 0 1 5467297328948.337
a 2 63 0 1 6640565513824.056
a 2 64 0 1 5671584364832.947
a 2 65 0 1 4502683814524.378
a 2 66 0 1 7459088959963.608
a 2 67 0 1 4427065238857.09
a 2 68 0 1 7638263561377.516
a 2 69 0 1 7584210068056.834
a 2 70 0 1 6969545087151.817
a 2 71 0 1 2627944141002.1235
a 2 72 0 1 6503824046558.927
a 2 73 0 1 4408915910690.034
a 2 74 0 1 5133983934181.742
a 2 75 0 1 2900934916227.45
a 2 76 0 1 3748778252126.6567
a 2 77 0 1 6008703662854.048
a 2 78 0 1 5396614191327.536
a 2 79 0 1 7462847328050.423
a 2 80 0 1 1727493185403.6973
a 3 18 0 1 15440590972475.291
a 3 19 0 1 21112575412566.01
a 3 20 0 1 19931605187906.1
a 3 21 0 1 24138356348929.027
a 3 22 0 1 14809208050826.52
a 3 23 0 1 27237236213443.41
a 3 24 0 1 11907883720032.025
a 3 25 0 1 17649309505032.2
a 3 26 0 1 23137313556238.54
a 3 27 0 1 24925986011566.848
a 3 28 0 1 5981696583001.253
a 3 29 0 1 17831126883771.64
a 3 30 0 1 20725267993153.645
a 3 31 0 1 12543506476157.656
a 3 32 0 1 13986503015189.459
a 3 33 0 1 15344822643537.531
a 3 34 0 1 12527931890984.459
a 3 35 0 1 19804458597921.5
a 3 36 0 1 27090348533569.7
a 3 37 0 1 11073125810276.31
a 3 38 0 1 11109928753942.69
a 3 39 0 1 23350830019963.344
a 3 40 0 1 18437073083037.742
a 3 41 0 1 20123531285968.44
a 3 42 0 1 20956407448518.547
a 3 43 0 1 20066966324329.906
a 3 44 0 1 8123813108990.26
a 3 45 0 1 23847390934124.535
a 3 46 0 1 27685860052127.4
a 3 47 0 1 5911612103592.77
a 3 48 0 1 21918455086990.668
a 3 49 0 1 10395047666843.633
a 3 50 0 1 20077594906193.707
a 3 51 0 1 14205512064905.53
a 3 52 0 1 16866255043892.742
a 3 53 0 1 26571993456724.996
a 3 54 0 1 22095793470389.586
a 3 55 0 1 6590152546321.935
a 3 56 0 1 20516853870167.715
a 3 57 0 1 24032575673866.402
a 3 58 0 1 13408306541809.88
a 3 59 0 1 23304148775699.926
a 3 60 0 1 16860344302277.186
a 3 61 0 1 18842121714147.85
a 3 62 0 1 19219781147287.047
a 3 63 0 1 23352243769106.2
a 3 64 0 1 19939114594044.56
a 3 65 0 1 15824345638542.521
a 3 66 0 1 26236899820418.883
a 3 67 0 1 15558248881448.514
a 3 68 0 1 26868533526742.844
a 3 69 0 1 26677974987536.36
a 3 70 0 1 24511474962821.9
a 3 71 0 1 9230700057010.979
a 3 72 0 1 22870470612331.0
a 3 73 0 1 15494384334917.996
a 3 74 0 1 18046304496425.14
a 3 75 0 1 10190390187181.691
a 3 76 0 1 13171923594977.238
a 3 77 0 1 21126362244918.715
a 3 78 0 1 18970912260351.555
a 3 79 0 1 26250148299189.777
a 3 80 0 1 6066269439452.414
a 4 18 0 1 7266945788041.051
a 4 19 0 1 9932968827882.84
a 4 20 0 1 9378025293506.424
a 4 21 0 1 11354432675592.363
a 4 22 0 1 6970060486199.95
a 4 23 0 1 12809692969470.658
a 4 24 0 1 5605522227234.916
a 4 25 0 1 8305337000048.057
a 4 26 0 1 10884216788009.94
a 4 27 0 1 11724362454341.564
a 4 28 0 1 2816843183738.648
a 4 29 0 1 8390802863279.153
a 4 30 0 1 9750980041854.951
a 4 31 0 1 5904506865793.493
a 4 32 0 1 6583178473541.098
a 4 33 0 1 7221915617897.984
a 4 34 0 1 5897181159433.449
a 4 35 0 1 9318273735361.775
a 4 36 0 1 12740725702070.266
a 4 37 0 1 5212833063785.263
a 4 38 0 1 5230146850340.212
a 4 39 0 1 10984515857410.717
a 4 40 0 1 8675622864101.498
a 4 41 0 1 9468217725040.203
a 4 42 0 1 9859589347298.473
a 4 43 0 1 9441636195284.664
a 4 44 0 1 3825088985459.458
a 4 45 0 1 11217764562350.623
a 4 46 0 1 13020324895698.076
a 4 47 0 1 2783851557229.4873
a 4 48 0 1 10311609607990.895
a 4 49 0 1 4893820214297.599
a 4 50 0 1 9446630890744.535
a 4 51 0 1 6686172594107.885
a 4 52 0 1 7937229365575.729
a 4 53 0 1 12497335748052.37
a 4 54 0 1 10394926654362.81
a 4 55 0 1 3103256410889.38
a 4 56 0 1 9653046435722.826
a 4 57 0 1 11304747451527.754
a 4 58 0 1 6311254858096.885
a 4 59 0 1 10962587629534.344
a 4 60 0 1 7934450639509.65
a 4 61 0 1 8866000880025.326
a 4 62 0 1 9043497146692.475
a 4 63 0 1 10985179955440.244
a 4 64 0 1 9381554251935.223
a 4 65 0 1 7447381561162.411
a 4 66 0 1 12339986704315.797
a 4 67 0 1 7322267696096.607
a 4 68 0 1 12636575923264.584
a 4 69 0 1 12547099878248.396
a 4 70 0 1 11529681509007.207
a 4 71 0 1 4345972485807.073
a 4 72 0 1 10758864000996.994
a 4 73 0 1 7292239141202.684
a 4 74 0 1 8491947732417.577
a 4 75 0 1 4797530605284.392
a 4 76 0 1 6200079329329.266
a 4 77 0 1 9939446853701.844
a 4 78 0 1 8926532105447.285
a 4 79 0 1 12346207880168.324
a 4 80 0 1 2856654705807.4634
a 5 18 0 1 3635408482532.9253
a 5 19 0 1 4968367912035.41
a 5 20 0 1 4690940707020.721
a 5 21 0 1 5678904831022.614
a 5 22 0 1 3486946314155.0967
a 5 23 0 1 6406214842941.262
a 5 24 0 1 2804522227235.4526
a 5 25 0 1 4154632445325.1553
a 5 26 0 1 5443874268338.696
a 5 27 0 1 5863799897484.567
a 5 28 0 1 1409532665705.9058
a 5 29 0 1 4197364946293.425
a 5 30 0 1 4877390086346.921
a 5 31 0 1 2954057668901.66
a 5 32 0 1 3293472259922.802
a 5 33 0 1 3612890763567.0186
a 5 34 0 1 2950393820636.6553
a 5 35 0 1 4661068668874.489
a 5 36 0 1 6371749132828.827
a 5 37 0 1 2608113190527.176
a 5 38 0 1 2616773112705.466
a 5 39 0 1 5494008365207.108
a 5 40 0 1 4339770476026.033
a 5 41 0 1 4736030886770.466
a 5 42 0 1 4931685081220.215
a 5 43 0 1 4722741949496.093
a 5 44 0 1 1913942255723.1558
a 5 45 0 1 5610594577250.5625
a 5 46 0 1 6511474370824.242
a 5 47 0 1 1393026482731.3962
a 5 48 0 1 5157647722743.957
a 5 49 0 1 2448547869043.878
a 5 50 0 1 4725238956920.348
a 5 51 0 1 3344978959641.2275
a 5 52 0 1 3970575677310.479
a 5 53 0 1 6250115221158.001
a 5 54 0 1 5199296208949.1045
a 5 55 0 1 1552826669832.2583
a 5 56 0 1 4828431409621.699
a 5 57 0 1 5654070996824.688
a 5 58 0 1 3157482067974.4976
a 5 59 0 1 5483047675880.786
a 5 60 0 1 3969186262340.0986
a 5 61 0 1 4434953891861.751
a 5 62 0 1 4523694932076.808
a 5 63 0 1 5494340310075.296
a 5 64 0 1 4692704958866.149
a 5 65 0 1 3725635752173.2983
a 5 66 0 1 6171478362494.483
a 5 67 0 1 3663072512646.3237
a 5 68 0 1 6319700791487.489
a 5 69 0 1 6274985078016.713
a 5 70 0 1 5766497152127.904
a 5 71 0 1 2174509191204.9492
a 5 72 0 1 5381216354743.6455
a 5 73 0 1 3648056587370.4634
a 5 74 0 1 4247936327953.6987
a 5 75 0 1 2400384136387.142
a 5 76 0 1 3101881472870.746
a 5 77 0 1 4971606300078.016
a 5 78 0 1 4465217289399.834
a 5 79 0 1 6174587488375.541
a 5 80 0 1 1429450856625.2397
a 6 18 0 1 12586151065187.846
a 6 19 0 1 17207499691854.97
a 6 20 0 1 16245375687682.227
a 6 21 0 1 19672350275579.54
a 6 22 0 1 12071651635656.121
a 6 23 0 1 22196418379750.84
a 6 24 0 1 9707251148594.451
a 6 25 0 1 14385876066978.94
a 6 26 0 1 18856919702896.785
a 6 27 0 1 20313914039586.37
a 6 28 0 1 4876865932603.949
a 6 29 0 1 14534018349555.023
a 6 30 0 1 16891969759204.488
a 6 31 0 1 10225269518114.236
a 6 32 0 1 11401227437888.22
a 6 33 0 1 12508112546196.059
a 6 34 0 1 10212576746218.68
a 6 35 0 1 16141787809143.406
a 6 36 0 1 22076784463747.816
a 6 37 0 1 9026920763346.303
a 6 38 0 1 9056915790734.037
a 6 39 0 1 19030849109836.24
a 6 40 0 1 15027726628518.287
a 6 41 0 1 16401739157708.018
a 6 42 0 1 17080274078046.354
a 6 43 0 1 16355655439897.414
a 6 44 0 1 6623027716856.551
a 6 45 0 1 19435338930936.445
a 6 46 0 1 22561799219900.72
a 6 47 0 1 4819733372778.134
a 6 48 0 1 17864013543291.59
a 6 49 0 1 8474267086675.172
a 6 50 0 1 16364314599793.14
a 6 51 0 1 11579700704752.102
a 6 52 0 1 13747841008559.297
a 6 53 0 1 21654599778277.9
a 6 54 0 1 18008480100840.863
a 6 55 0 1 5372869400691.307
a 6 56 0 1 16722177685186.31
a 6 57 0 1 19586184980184.13
a 6 58 0 1 10930039756072.307
a 6 59 0 1 18992822945136.004
a 6 60 0 1 13743024838039.502
a 6 61 0 1 15357741985099.068
a 6 62 0 1 15665436721896.938
a 6 63 0 1 19032000737291.734
a 6 64 0 1 16251493674933.54
a 6 65 0 1 12898857155377.564
a 6 66 0 1 21381671072338.504
a 6 67 0 1 12682026260017.588
a 6 68 0 1 21896123928323.96
a 6 69 0 1 21740919321313.887
a 6 70 0 1 19976276742848.633
a 6 71 0 1 7525252228824.961
a 6 72 0 1 18639548592268.902
a 6 73 0 1 12629985399575.424
a 6 74 0 1 14709340604591.998
a 6 75 0 1 8307462071929.304
a 6 76 0 1 10737401663309.877
a 6 77 0 1 17218731392662.19
a 6 78 0 1 15462673518873.324
a 6 79 0 1 21392461832384.836
a 6 80 0 1 4945809126903.133
a 7 18 0 1 19468213958411.184
a 7 19 0 1 26624256661849.375
a 7 20 0 1 25134087398586.03
a 7 21 0 1 30442725277431.984
a 7 22 0 1 18671782720206.977
a 7 23 0 1 34354165931850.445
a 7 24 0 1 15012419012332.508
a 7 25 0 1 22254546590734.113
a 7 26 0 1 29179354262323.4
a 7 27 0 1 31436810845241.453
a 7 28 0 1 7539858814879.651
a 7 29 0 1 22483928540512.617
a 7 30 0 1 26135533569996.57
a 7 31 0 1 15814058565110.904
a 7 32 0 1 17634061715034.715
a 7 33 0 1 19347409109709.49
a 7 34 0 1 15794415724812.398
a 7 35 0 1 24973657892307.57
a 7 36 0 1 34168746142538.137
a 7 37 0 1 13959679211052.098
a 7 38 0 1 14006091462720.992
a 7 39 0 1 29448817370673.117
a 7 40 0 1 23248412220083.707
a 7 41 0 1 25376255947876.254
a 7 42 0 1 26427195055916.527
a 7 43 0 1 25304883108420.977
a 7 44 0 1 10240629953109.238
a 7 45 0 1 30075503067312.98
a 7 46 0 1 34920484590311.91
a 7 47 0 1 7451502478450.279
a 7 48 0 1 27641190898116.457
a 7 49 0 1 13104572144586.875
a 7 50 0 1 25318294078654.04
a 7 51 0 1 17910304296691.68
a 7 52 0 1 21266668858430.277
a 7 53 0 1 33514427425442.4
a 7 54 0 1 27864979666957.375
a 7 55 0 1 8306962106087.905
a 7 56 0 1 25872551348837.54
a 7 57 0 1 30309220646431.113
a 7 58 0 1 16904782920202.705
a 7 59 0 1 29389904178360.14
a 7 60 0 1 21259212223434.812
a 7 61 0 1 23759451812358.805
a 7 62 0 1 24235946384035.344
a 7 63 0 1 29450601568958.562
a 7 64 0 1 25143562565859.25
a 7 65 0 1 19952299814474.566
a 7 66 0 1 33091450208572.957
a 7 67 0 1 19616631889011.566
a 7 68 0 1 33888746935635.633
a 7 69 0 1 33648206062580.598
a 7 70 0 1 30913640997056.926
a 7 71 0 1 11636324345580.98
a 7 72 0 1 28842596684283.68
a 7 73 0 1 19536070715822.86
a 7 74 0 1 22755401217493.14
a 7 75 0 1 12846490659835.102
a 7 76 0 1 16606640585614.688
a 7 77 0 1 26641653759015.14
a 7 78 0 1 23921946193822.586
a 7 79 0 1 33108173146924.887
a 7 80 0 1 7646481315459.795
a 8 18 0 1 6397120875356.92
a 8 19 0 1 8743710045706.907
a 8 20 0 1 8255272194807.393
a 8 21 0 1 9994788343078.299
a 8 22 0 1 6135796687642.989
a 8 23 0 1 11275561179131.795
a 8 24 0 1 4934676190534.075
a 8 25 0 1 7311116082488.723
a 8 26 0 1 9580940906599.062
a 8 27 0 1 10320367974536.154
a 8 28 0 1 2479830159543.107
a 8 29 0 1 7386342237720.01
a 8 30 0 1 8583532030077.632
a 8 31 0 1 5197858150642.556
a 8 32 0 1 5795252442566.562
a 8 33 0 1 6357484585880.875
a 8 34 0 1 5191409705612.676
a 8 35 0 1 8202680951991.059
a 8 36 0 1 11214864331557.475
a 8 37 0 1 4589007296900.655
a 8 38 0 1 4604248024096.062
a 8 39 0 1 9669216793833.809
a 8 40 0 1 7637036530712.401
a 8 41 0 1 8334656271166.018
a 8 42 0 1 8679124956534.054
a 8 43 0 1 8311260202337.634
a 8 44 0 1 3367400546373.224
a 8 45 0 1 9874504257754.629
a 8 46 0 1 11460933821117.697
a 8 47 0 1 2450786834215.8745
a 8 48 0 1 9076969368700.219
a 8 49 0 1 4308190022393.9697
a 8 50 0 1 8315656347880.782
a 8 51 0 1 5885911070232.356
a 8 52 0 1 6987109581513.172
a 8 53 0 1 11000660301104.596
a 8 54 0 1 9150300100440.594
a 8 55 0 1 2731965528609.765
a 8 56 0 1 8497335118591.83
a 8 57 0 1 9951059528696.498
a 8 58 0 1 5555895583039.99
a 8 59 0 1 9649917196249.666
a 8 60 0 1 6984663748199.758
a 8 61 0 1 7804603306613.665
a 8 62 0 1 7960831041504.604
a 8 63 0 1 9669801283415.55
a 8 64 0 1 8258378258537.582
a 8 65 0 1 6555942889020.248
a 8 66 0 1 10862178883663.746
a 8 67 0 1 6445816052844.667
a 8 68 0 1 11123203771467.992
a 8 69 0 1 11044457120071.87
a 8 70 0 1 10149027355976.373
a 8 71 0 1 3825930626069.3003
a 8 72 0 1 9470614230417.328
a 8 73 0 1 6419384475344.995
a 8 74 0 1 7475368660126.198
a 8 75 0 1 4223428733300.9746
a 8 76 0 1 5458034402640.886
a 8 77 0 1 8749411686149.019
a 8 78 0 1 7857881449723.412
a 8 79 0 1 10867654093598.57
a 8 80 0 1 2514877168429.1343
a 9 18 0 1 2937884938677.5703
a 9 19 0 1 4014972037987.566
a 9 20 0 1 3790804455476.1367
a 9 21 0 1 4589089724899.17
a 9 22 0 1 2817917355416.1284
a 9 23 0 1 5176741483372.788
a 9 24 0 1 2266461907725.3594
a 9 25 0 1 3357447212529.8643
a 9 26 0 1 4399185750698.053
a 9 27 0 1 4738482985054.763
a 9 28 0 1 1139142524580.0796
a 9 29 0 1 3391977056889.9585
a 9 30 0 1 3941460158711.384
a 9 31 0 1 2387300410403.9165
a 9 32 0 1 2661575909411.266
a 9 33 0 1 2919689132726.7495
a 9 34 0 1 2384339690813.485
a 9 35 0 1 3766666995501.8774
a 9 36 0 1 5148894314223.763
a 9 37 0 1 2107743980745.5544
a 9 38 0 1 2114742083380.1885
a 9 39 0 1 4439694112853.117
a 9 40 0 1 3507046864356.562
a 9 41 0 1 3827238548136.5728
a 9 42 0 1 3985331622052.8564
a 9 43 0 1 3816500732620.8237
a 9 44 0 1 1546774173276.7415
a 9 45 0 1 4533895452657.363
a 9 46 0 1 5261787484546.147
a 9 47 0 1 1125803127128.0393
a 9 48 0 1 4167912914483.3438
a 9 49 0 1 1978798405499.8728
a 9 50 0 1 3818518381655.4355
a 9 51 0 1 2703197289629.778
a 9 52 0 1 3208720054937.641
a 9 53 0 1 5050617743365.964
a 9 54 0 1 4201565333345.4644
a 9 55 0 1 1254944520090.3699
a 9 56 0 1 3901900459000.4
a 9 57 0 1 4569024156225.093
a 9 58 0 1 2551684905615.598
a 9 59 0 1 4430837880947.647
a 9 60 0 1 3207597332919.869
a 9 61 0 1 3583958764090.4893
a 9 62 0 1 3655664682437.132
a 9 63 0 1 4439962324085.564
a 9 64 0 1 3792230020358.0923
a 9 65 0 1 3010794357353.7373
a 9 66 0 1 4987081226916.4375
a 9 67 0 1 2960239279558.1025
a 9 68 0 1 5106840872331.359
a 9 69 0 1 5070711888534.411
a 9 70 0 1 4659863547110.287
a 9 71 0 1 1757344187750.58
a 9 72 0 1 4348558015432.8955
a 9 73 0 1 2948105435825.0
a 9 74 0 1 3432840996458.621
a 9 75 0 1 1939876861285.976
a 9 76 0 1 2506754966291.8706
a 9 77 0 1 4017588714010.3394
a 9 78 0 1 3608412697829.474
a 9 79 0 1 4989593323162.553
a 9 80 0 1 1155239307940.0525
a 10 18 0 1 11933986111711.564
a 10 19 0 1 16315424441104.568
a 10 20 0 1 15403267595236.578
a 10 21 0 1 18652217043451.234
a 10 22 0 1 11446181168728.436
a 10 23 0 1 21045079174862.445
a 10 24 0 1 9204417603468.291
a 10 25 0 1 13640309896825.076
a 10 26 0 1 17879158691443.9
a 10 27 0 1 19260437926218.984
a 10 28 0 1 4624378524461.741
a 10 29 0 1 13780762331475.025
a 10 30 0 1 16016282465460.727
a 10 31 0 1 9695572768001.596
a 10 32 0 1 10810537019441.69
a 10 33 0 1 11859996766198.158
a 10 34 0 1 9683538249484.033
a 10 35 0 1 15305058846459.164
a 10 36 0 1 20931665694796.637
a 10 37 0 1 8559362924939.89
a 10 38 0 1 8587802795158.779
a 10 39 0 1 18044050837024.188
a 10 40 0 1 14248841144527.791
a 10 41 0 1 15551511164820.215
a 10 42 0 1 16194806792267.016
a 10 43 0 1 15507820587203.105
a 10 44 0 1 6280071812725.201
a 10 45 0 1 18427522297379.33
a 10 46 0 1 21391460817267.957
a 10 47 0 1 4570205415119.362
a 10 48 0 1 16937836734417.873
a 10 49 0 1 8035360952929.246
a 10 50 0 1 15516030076370.746
a 10 51 0 1 10979752005403.266
a 10 52 0 1 13035391457582.756
a 10 53 0 1 20531431452664.293
a 10 54 0 1 17074798552469.438
a 10 55 0 1 5094687601327.479
a 10 56 0 1 15855308565331.602
a 10 57 0 1 18570529511889.477
a 10 58 0 1 10363790413010.375
a 10 59 0 1 18008000516964.605
a 10 60 0 1 13030825248395.406
a 10 61 0 1 14561723148873.87
a 10 62 0 1 14853442237350.209
a 10 63 0 1 18045142625506.098
a 10 64 0 1 15409067882754.283
a 10 65 0 1 12230466173643.953
a 10 66 0 1 20272691919862.016
a 10 67 0 1 12024886549574.652
a 10 68 0 1 20760398402469.09
a 10 69 0 1 20613263190132.152
a 10 70 0 1 18940348649436.684
a 10 71 0 1 7135538632355.222
a 10 72 0 1 17673081563099.375
a 10 73 0 1 11975545990000.555
a 10 74 0 1 13946983544878.926
a 10 75 0 1 7877203076320.489
a 10 76 0 1 10181143967249.84
a 10 77 0 1 16326072770334.082
a 10 78 0 1 14661206711070.514
a 10 79 0 1 20282921699773.9
a 10 80 0 1 4689750431591.06
a 11 18 0 1 14525136269678.83
a 11 19 0 1 19860065706327.35
a 11 20 0 1 18749308214150.777
a 11 21 0 1 22705871616784.035
a 11 22 0 1 13931247376671.975
a 11 23 0 1 25620306214472.062
a 11 24 0 1 11202149323340.896
a 11 25 0 1 16602651965178.95
a 11 26 0 1 21764384425378.363
a 11 27 0 1 23446633309101.402
a 11 28 0 1 5627412010140.561
a 11 29 0 1 16773666187480.932
a 11 30 0 1 19495787021063.375
a 11 31 0 1 11800049967111.092
a 11 32 0 1 13157390145093.502
a 11 33 0 1 14435055374819.21
a 11 34 0 1 11785399744222.537
a 11 35 0 1 18629719854545.41
a 11 36 0 1 25482164081061.945
a 11 37 0 1 10416923651928.738
a 11 38 0 1 10451542998856.129
a 11 39 0 1 21965199117357.7
a 11 40 0 1 17343605432531.127
a 11 41 0 1 18929824869096.42
a 11 42 0 1 19713183494006.64
a 11 43 0 1 18876622577664.42
a 11 44 0 1 7642543352688.912
a 11 45 0 1 22432218101853.273
a 11 46 0 1 26042217713374.938
a 11 47 0 1 5561481160212.544
a 11 48 0 1 20618022759581.027
a 11 49 0 1 9779074208923.53
a 11 50 0 1 18886619315419.05
a 11 51 0 1 13363396464437.477
a 11 52 0 1 15866119877587.625
a 11 53 0 1 24994669127391.59
a 11 54 0 1 20784814376168.71
a 11 55 0 1 6199804548470.164
a 11 56 0 1 19299764098443.19
a 11 57 0 1 22606384820932.234
a 11 58 0 1 12613518663421.773
a 11 59 0 1 21921294919933.383
a 11 60 0 1 15860560271493.299
a 11 61 0 1 17724582348515.92
a 11 62 0 1 18079795882220.234
a 11 63 0 1 21966528762742.86
a 11 64 0 1 18756371217053.414
a 11 65 0 1 14886099552300.51
a 11 66 0 1 24679523352707.72
a 11 67 0 1 14635806617369.268
a 11 68 0 1 25273555192058.49
a 11 69 0 1 25094341359401.875
a 11 70 0 1 23056788772203.93
a 11 71 0 1 8683790683286.522
a 11 72 0 1 21513414739284.066
a 11 73 0 1 14575734931312.645
a 11 74 0 1 16976057908247.824
a 11 75 0 1 9586557391026.209
a 11 76 0 1 12391167498744.582
a 11 77 0 1 19873032758137.65
a 11 78 0 1 17845718533436.062
a 11 79 0 1 24691983187400.305
a 11 80 0 1 5706972484436.307
a 12 18 0 1 3828577929334.878
a 12 19 0 1 5232407575510.561
a 12 20 0 1 4940228351712.166
a 12 21 0 1 5980731378831.978
a 12 22 0 1 3672223805637.8535
a 12 23 0 1 6746727024663.835
a 12 24 0 1 2953527058002.3477
a 12 25 0 1 4375405045924.297
a 12 26 0 1 5733200994530.797
a 12 27 0 1 6175460370730.127
a 12 28 0 1 1484408753646.1477
a 12 29 0 1 4420409460851.8955
a 12 30 0 1 5136591951256.171
a 12 31 0 1 3111010193766.5034
a 12 32 0 1 3468465479625.184
a 12 33 0 1 3804863194674.568
a 12 34 0 1 3107151611329.066
a 12 35 0 1 4908767945733.523
a 12 36 0 1 6710427928736.4375
a 12 37 0 1 2746679469406.076
a 12 38 0 1 2755799630028.1636
a 12 39 0 1 5786001354081.861
a 12 40 0 1 4570386285652.907
a 12 41 0 1 4987716106134.198
a 12 42 0 1 5193774101082.508
a 12 43 0 1 4973720555081.111
a 12 44 0 1 2015619412544.553
a 12 45 0 1 5908788051819.572
a 12 46 0 1 6857585874141.261
a 12 47 0 1 1467025594072.2798
a 12 48 0 1 5431752791802.118
a 12 49 0 1 2578634095138.5664
a 12 50 0 1 4976350335918.687
a 12 51 0 1 3522710013014.9663
a 12 52 0 1 4181562994277.6655
a 12 53 0 1 6582323885831.959
a 12 54 0 1 5475616097655.779
a 12 55 0 1 1635316142614.984
a 12 56 0 1 5085029912715.992
a 12 57 0 1 5954576752965.393
a 12 58 0 1 3325246906425.62
a 12 59 0 1 5774457743799.11
a 12 60 0 1 4180099713434.7656
a 12 61 0 1 4670630477492.89
a 12 62 0 1 4764089866365.416
a 12 63 0 1 5786350952755.964
a 12 64 0 1 4942086413415.158
a 12 65 0 1 3923601641036.9976
a 12 66 0 1 6499504160455.746
a 12 67 0 1 3857712555995.0986
a 12 68 0 1 6655610931551.465
a 12 69 0 1 6608516641439.802
a 12 70 0 1 6072982375846.261
a 12 71 0 1 2290032476795.1885
a 12 72 0 1 5667210814425.543
a 12 73 0 1 3841898395551.8984
a 12 74 0 1 4473669548420.353
a 12 75 0 1 2527910779331.1064
a 12 76 0 1 3266691002874.4355
a 12 77 0 1 5235818168680.584
a 12 78 0 1 4702502964222.234
a 12 79 0 1 6502778666036.517
a 12 80 0 1 1505385206460.6218
a 13 18 0 1 14874305913795.559
a 13 19 0 1 20337782265430.83
a 13 20 0 1 19200247367395.965
a 13 21 0 1 23252224992450.71
a 13 22 0 1 14266117069047.771
a 13 23 0 1 26236999390342.867
a 13 24 0 1 11471332176217.268
a 13 25 0 1 17001860822591.166
a 13 26 0 1 22288025361907.367
a 13 27 0 1 24010860366367.867
a 13 28 0 1 5762547437076.177
a 13 29 0 1 17176995199564.133
a 13 30 0 1 19964721017993.71
a 13 31 0 1 12083620113914.678
a 13 32 0 1 13473629523221.781
a 13 33 0 1 14782055877567.305
a 13 34 0 1 12068617338207.84
a 13 35 0 1 19077776469021.188
a 13 36 0 1 26095522108770.535
a 13 37 0 1 10667214686296.848
a 13 38 0 1 10702666869651.53
a 13 39 0 1 22493684084913.23
a 13 40 0 1 17760666887246.062
a 13 41 0 1 19385115320997.508
a 13 42 0 1 20187358711605.125
a 13 43 0 1 19330630585381.53
a 13 44 0 1 7826113315452.799
a 13 45 0 1 22971969339673.9
a 13 46 0 1 26669097718202.58
a 13 47 0 1 5695032299994.827
a 13 48 0 1 21114015671628.375
a 13 49 0 1 10014021737909.191
a 13 50 0 1 19340868293826.86
a 13 51 0 1 13684595033178.654
a 13 52 0 1 16247585757900.568
a 13 53 0 1 25596258493886.793
a 13 54 0 1 21284829514571.957
a 13 55 0 1 6348695332627.284
a 13 56 0 1 19763972400878.797
a 13 57 0 1 23150337938635.215
a 13 58 0 1 12916666579560.248
a 13 59 0 1 22448720815431.465
a 13 60 0 1 16241892233223.537
a 13 61 0 1 18150824308489.133
a 13 62 0 1 18514598263171.438
a 13 63 0 1 22495045804630.61
a 13 64 0 1 19207480618337.902
a 13 65 0 1 15243961628141.139
a 13 66 0 1 25273505475590.47
a 13 67 0 1 14987641258451.918
a 13 68 0 1 25881877007490.438
a 13 69 0 1 25698336812532.207
a 13 70 0 1 23611608964210.63
a 13 71 0 1 8892396486475.03
a 13 72 0 1 22031002133727.945
a 13 73 0 1 14926123007714.11
a 13 74 0 1 17384263251057.406
a 13 75 0 1 9816874370133.727
a 13 76 0 1 12688963711467.41
a 13 77 0 1 20351061959755.58
a 13 78 0 1 18274879718104.344
a 13 79 0 1 25286266065118.05
a 13 80 0 1 5844019744747.567
a 14 18 0 1 16532604893826.793
a 14 19 0 1 22606777630935.695
a 14 20 0 1 21342020956660.16
a 14 21 0 1 25847340425591.363
a 14 22 0 1 15856486741203.123
a 14 23 0 1 29166357183199.75
a 14 24 0 1 12749685041853.943
a 14 25 0 1 18897872067550.277
a 14 26 0 1 24775221928772.11
a 14 27 0 1 26690905440184.543
a 14 28 0 1 6404250396276.579
a 14 29 0 1 19092580021984.625
a 14 30 0 1 22191989172192.918
a 14 31 0 1 13430311250832.168
a 14 32 0 1 14975501220972.414
a 14 33 0 1 16430050665115.672
a 14 34 0 1 13413633867369.402
a 14 35 0 1 21205855135688.832
a 14 36 0 1 29009031160913.438
a 14 37 0 1 11855835196178.902
a 14 38 0 1 11895243138537.154
a 14 39 0 1 25003896944661.67
a 14 40 0 1 19741491058228.25
a 14 41 0 1 21547562000366.33
a 14 42 0 1 22439528597805.5
a 14 43 0 1 21486984339365.188
a 14 44 0 1 8697840052118.586
a 14 45 0 1 25535714173300.383
a 14 46 0 1 29646864112023.984
a 14 47 0 1 6329211461465.915
a 14 48 0 1 23469846164478.74
a 14 49 0 1 11129765320601.293
a 14 50 0 1 21498366904983.37
a 14 51 0 1 15210023733026.152
a 14 52 0 1 18059306839642.39
a 14 53 0 1 28453843015710.87
a 14 54 0 1 23659770805724.44
a 14 55 0 1 7055723303144.241
a 14 56 0 1 21968788304232.07
a 14 57 0 1 25734048317450.62
a 14 58 0 1 14356352340847.443
a 14 59 0 1 24953901508037.785
a 14 60 0 1 18052977126037.38
a 14 61 0 1 20175263390867.086
a 14 62 0 1 20579706826958.324
a 14 63 0 1 25005411065259.203
a 14 64 0 1 21350063056542.438
a 14 65 0 1 16943553045350.549
a 14 66 0 1 28094940935118.92
a 14 67 0 1 16658599961809.791
a 14 68 0 1 28771453935430.242
a 14 69 0 1 28567354956944.555
a 14 70 0 1 26246955571113.195
a 14 71 0 1 9883028433042.777
a 14 72 0 1 24489435653558.504
a 14 73 0 1 16590209987151.33
a 14 74 0 1 19323014146927.535
a 14 75 0 1 10910624557176.621
a 14 76 0 1 14103228581982.846
a 14 77 0 1 22621542743591.613
a 14 78 0 1 20313187617370.133
a 14 79 0 1 28109130682588.547
a 14 80 0 1 6494802043428.945
a 15 18 0 1 14992419501886.17
a 15 19 0 1 20499382609032.9
a 15 20 0 1 19352788911250.19
a 15 21 0 1 23437045521034.492
a 15 22 0 1 14379393164004.592
a 15 23 0 1 26445616741520.332
a 15 24 0 1 11562387516533.438
a 15 25 0 1 17136902212589.625
a 15 26 0 1 22465162102164.49
a 15 27 0 1 24201727733164.336
a 15 28 0 1 5808258179881.313
a 15 29 0 1 17313430411317.117
a 15 30 0 1 20123350211477.56
a 15 31 0 1 12179542395674.033
a 15 32 0 1 13580603250057.082
a 15 33 0 1 14899435671146.762
a 15 34 0 1 12164420357954.27
a 15 35 0 1 19229342854105.6
a 15 36 0 1 26303011126510.82
a 15 37 0 1 10751879324967.297
a 15 38 0 1 10787613238443.062
a 15 39 0 1 22672459592647.133
a 15 40 0 1 17901747708561.55
a 15 41 0 1 19539128904644.004
a 15 42 0 1 20347761014645.25
a 15 43 0 1 19484210319294.125
a 15 44 0 1 7888207927977.055
a 15 45 0 1 23154556310015.41
a 15 46 0 1 26881161442109.56
a 15 47 0 1 5740207132755.39
a 15 48 0 1 21281798950635.19
a 15 49 0 1 10093496021408.723
a 15 50 0 1 19494529547898.016
a 15 51 0 1 13793246379541.434
a 15 52 0 1 16376624833386.324
a 15 53 0 1 25799765996442.203
a 15 54 0 1 21453973527378.48
a 15 55 0 1 6399059052335.801
a 15 56 0 1 19921002890219.8
a 15 57 0 1 23334346439426.086
a 15 58 0 1 13019211674202.49
a 15 59 0 1 22627138031930.29
a 15 60 0 1 16370886005193.932
a 15 61 0 1 18295010855038.92
a 15 62 0 1 18661680771037.844
a 15 63 0 1 22673832163329.44
a 15 64 0 1 19360079756888.664
a 15 65 0 1 15365015766556.725
a 15 66 0 1 25474439340840.69
a 15 67 0 1 15106656383726.398
a 15 68 0 1 26087662197064.508
a 15 69 0 1 25902658329229.44
a 15 70 0 1 23799293893959.844
a 15 71 0 1 8962960026884.014
a 15 72 0 1 22206090924419.87
a 15 73 0 1 15044648777049.297
a 15 74 0 1 17522348096335.21
a 15 75 0 1 9894782249871.787
a 15 76 0 1 12789698415589.549
a 15 77 0 1 20512768070801.734
a 15 78 0 1 18420053827586.7
a 15 79 0 1 25487301679836.62
a 15 80 0 1 5890377195607.746
a 16 18 0 1 11403513122560.758
a 16 19 0 1 15589844014681.105
a 16 20 0 1 14718321429838.535
a 16 21 0 1 17822501256081.633
a 16 22 0 1 10937418722226.822
a 16 23 0 1 20108673888406.625
a 16 24 0 1 8795398492442.108
a 16 25 0 1 13033875893943.123
a 16 26 0 1 17083898917838.406
a 16 27 0 1 18403608983141.207
a 16 28 0 1 4418987348906.136
a 16 29 0 1 13168074488038.605
a 16 30 0 1 15304028949698.574
a 16 31 0 1 9264704778177.205
a 16 32 0 1 10330061440912.717
a 16 33 0 1 11332816941640.725
a 16 34 0 1 9253205639544.342
a 16 35 0 1 14624487144121.6
a 16 36 0 1 20000318393627.27
a 16 37 0 1 8179035276439.863
a 16 38 0 1 8206210252149.509
a 16 39 0 1 17241442140853.816
a 16 40 0 1 13615310043856.89
a 16 41 0 1 14859961681409.555
a 16 42 0 1 15474600042318.682
a 16 43 0 1 14818217266429.006
a 16 44 0 1 6001092411761.2
a 16 45 0 1 17607821992336.145
a 16 46 0 1 20439606909898.613
a 16 47 0 1 4367221541188.0117
a 16 48 0 1 16184524747046.08
a 16 49 0 1 7678337452195.96
a 16 50 0 1 14826061071744.594
a 16 51 0 1 10491746559138.67
a 16 52 0 1 12455890083578.0
a 16 53 0 1 19617932687095.727
a 16 54 0 1 16315383725677.873
a 16 55 0 1 4868395998475.695
a 16 56 0 1 15150226146854.045
a 16 57 0 1 17744454899547.863
a 16 58 0 1 9903193185727.578
a 16 59 0 1 17206998536288.914
a 16 60 0 1 12451527160923.617
a 16 61 0 1 13914258410990.457
a 16 62 0 1 14192985450605.469
a 16 63 0 1 17242485269556.771
a 16 64 0 1 14723863355101.727
a 16 65 0 1 11686796724564.242
a 16 66 0 1 19370730865334.074
a 16 67 0 1 11490367632848.904
a 16 68 0 1 19836688996888.875
a 16 69 0 1 19696115247725.152
a 16 70 0 1 18097789037953.223
a 16 71 0 1 6818527019297.712
a 16 72 0 1 16887005871951.178
a 16 73 0 1 11443223203985.53
a 16 74 0 1 13326894220386.945
a 16 75 0 1 7527212865804.404
a 16 76 0 1 9728673178483.213
a 16 77 0 1 15600017939849.371
a 16 78 0 1 14009311450741.506
a 16 79 0 1 19380504491457.438
a 16 80 0 1 4481454272921.326
a 17 18 0 1 13939777783755.074
a 17 19 0 1 19059239027228.207
a 17 20 0 1 17993363968424.8
a 17 21 0 1 21790004040731.855
a 17 22 0 1 13369859286126.08
a 17 23 0 1 24586548449995.266
a 17 24 0 1 10750871976409.78
a 17 25 0 1 15933416556352.549
a 17 26 0 1 20886584209260.55
a 17 27 0 1 22500808784840.76
a 17 28 0 1 5400851977649.749
a 17 29 0 1 16097524592363.252
a 17 30 0 1 18709680982876.19
a 17 31 0 1 11324654841252.326
a 17 32 0 1 12627231567614.506
a 17 33 0 1 13853332913887.008
a 17 34 0 1 11310595608873.242
a 17 35 0 1 17878607164840.723
a 17 36 0 1 24453995941915.277
a 17 37 0 1 9997315455340.295
a 17 38 0 1 10030538675750.215
a 17 39 0 1 21079279980739.312
a 17 40 0 1 16644445700239.984
a 17 41 0 1 18166587227494.8
a 17 42 0 1 18918292523807.18
a 17 43 0 1 18115534493014.92
a 17 44 0 1 7334785446640.984
a 17 45 0 1 21527416035269.773
a 17 46 0 1 24991387148177.633
a 17 47 0 1 5337577140181.52
a 17 48 0 1 19786562948534.86
a 17 49 0 1 9385187247398.168
a 17 50 0 1 18125127329848.176
a 17 51 0 1 12824924889210.793
a 17 52 0 1 15226625374245.342
a 17 53 0 1 23986225063367.113
a 17 54 0 1 19946612927740.375
a 17 55 0 1 5950184158890.694
a 17 56 0 1 18521578931163.168
a 17 57 0 1 21694540190697.152
a 17 58 0 1 12105305178969.55
a 17 59 0 1 21037150856962.0
a 17 60 0 1 15221290244675.307
a 17 61 0 1 17010034484394.238
a 17 62 0 1 17350899334366.959
a 17 63 0 1 21080555867476.824
a 17 64 0 1 18000141611014.918
a 17 65 0 1 14286170419359.682
a 17 66 0 1 23683828975112.77
a 17 67 0 1 14045980934758.318
a 17 68 0 1 24253827641134.633
a 17 69 0 1 24081864723654.15
a 17 70 0 1 22126730459214.973
a 17 71 0 1 8334062498191.815
a 17 72 0 1 20645760699295.6
a 17 73 0 1 13988334049406.44
a 17 74 0 1 16291742650304.713
a 17 75 0 1 9200432944778.1
a 17 76 0 1 11891925074728.65
a 17 77 0 1 19071682053680.008
a 17 78 0 1 17126277556604.418
a 17 79 0 1 23695784745700.44
a 17 80 0 1 5477207320989.571
a 18 1 0 1 0
a 19 1 0 1 0
a 20 1 0 1 0
a 21 1 0 1 0
a 22 1 0 1 0
a 23 1 0 1 0
a 24 1 0 1 0
a 25 1 0 1 0
a 26 1 0 1 0
a 27 1 0 1 0
a 28 1 0 1 0
a 29 1 0 1 0
a 30 1 0 1 0
a 31 1 0 1 0
a 32 1 0 1 0
a 33 1 0 1 0
a 34 1 0 1 0
a 35 1 0 1 0
a 36 1 0 1 0
a 37 1 0 1 0
a 38 1 0 1 0
a 39 1 0 1 0
a 40 1 0 1 0
a 41 1 0 1 0
a 42 1 0 1 0
a 43 1 0 1 0
a 44 1 0 1 0
a 45 1 0 1 0
a 46 1 0 1 0
a 47 1 0 1 0
a 48 1 0 1 0
a 49 1 0 1 0
a 50 1 0 1 0
a 51 1 0 1 0
a 52 1 0 1 0
a 53 1 0 1 0
a 54 1 0 1 0
a 55 1 0 1 0
a 56 1 0 1 0
a 57 1 0 1 0
a 58 1 0 1 0
a 59 1 0 1 0
a 60 1 0 1 0
a 61 1 0 1 0
a 62 1 0 1 0
a 63 1 0 1 0
a 64 1 0 1 0
a 65 1 0 1 0
a 66 1 0 1 0
a 67 1 0 1 0
a 68 1 0 1 0
a 69 1 0 1 0
a 70 1 0 1 0
a 71 1 0 1 0
a 72 1 0 1 0
a 73 1 0 1 0
a 74 1 0 1 0
a 75 1 0 1 0
a 76 1 0 1 0
a 77 1 0 1 0
a 78 1 0 1 0
a 79 1 0 1 0
a 80 1 0 1 0
