p min 81 1087
n 0 16
n 1 -16
a 0 2 0 1 0
a 0 3 0 1 0
a 0 4 0 1 0
a 0 5 0 1 0
a 0 6 0 1 0
a 0 7 0 1 0
a 0 8 0 1 0
a 0 9 0 1 0
a 0 10 0 1 0
a 0 11 0 1 0
a 0 12 0 1 0
a 0 13 0 1 0
a 0 14 0 1 0
a 0 15 0 1 0
a 0 16 0 1 0
a 0 17 0 1 0
a 2 18 0 1 11760507033241.629
a 2 19 0 1 19200517599602.2
a 2 20 0 1 10407657010028.709
a 2 21 0 1 19074268971943.652
a 2 22 0 1 13944307627365.613
a 2 23 0 1 14548357624531.512
a 2 24 0 1 17457147938865.146
a 2 25 0 1 8286239145797.208
a 2 26 0 1 15555201821491.125
a 2 27 0 1 15714130313383.76
a 2 28 0 1 4400748062324.527
a 2 29 0 1 8400063661614.248
a 2 30 0 1 10115157940734.705
a 2 31 0 1 11131147819826.865
a 2 32 0 1 8057653698518.924
a 2 33 0 1 15043215918350.436
a 2 34 0 1 5612909108493.493
a 2 35 0 1 11910185183220.43
a 2 36 0 1 7110277169263.862
a 2 37 0 1 15261675873670.154
a 2 38 0 1 14579550761981.8
a 2 39 0 1 12713342806023.32
a 2 40 0 1 19277009145537.34
a 2 41 0 1 11869146291442.041
a 2 42 0 1 13688089234251.258
a 2 43 0 1 12692362921308.342
a 2 44 0 1 13636663991597.611
a 2 45 0 1 6065362142242.572
a 2 46 0 1 13952412906554.34
a 2 47 0 1 15273616273193.24
a 2 48 0 1 5187141946501.998
a 2 49 0 1 9620147879325.824
a 2 50 0 1 15607181338459.143
a 2 51 0 1 14073170089010.094
a 2 52 0 1 15199230691821.576
a 2 53 0 1 11944103662829.734
a 2 54 0 1 12283818199819.56
a 2 55 0 1 9145480256966.371
a 2 56 0 1 17647278727429.31
a 2 57 0 1 16346057400400.041
a 2 58 0 1 12333006035189.27
a 2 59 0 1 9521130930251.379
a 2 60 0 1 6073604631265.615
a 2 61 0 1 7501452271574.888
a 2 62 0 1 14034040472757.797
a 2 63 0 1 15976318399761.516
a 2 64 0 1 12032732005910.887
a 2 65 0 1 12227724187183.117
a 2 66 0 1 10115702296886.355
a 2 67 0 1 15050293856077.674
a 2 68 0 1 6540429033183.483
a 2 69 0 1 16768045942581.195
a 2 70 0 1 15552346492030.936
a 2 71 0 1 10750893055405.701
a 2 72 0 1 13955558272554.324
a 2 73 0 1 18685969941352.77
a 2 74 0 1 13853426068240.072
a 2 75 0 1 19370609457999.977
a 2 76 0 1 14118410660368.13
a 2 77 0 1 9073388788223.467
a 2 78 0 1 13626224331681.764
a 2 79 0 1 7478987981363.165
a 2 80 0 1 13749262033216.932
a 3 18 0 1 7481816762203.067
a 3 19 0 1 12211206025428.674
a 3 20 0 1 6621533861070.526
a 3 21 0 1 12130978219909.484
a 3 22 0 1 8870298668705.865
a 3 23 0 1 9254314705707.121
a 3 24 0 1 11103263573858.969
a 3 25 0 1 5272319052316.077
a 3 26 0 1 9894358077967.953
a 3 27 0 1 9995382799019.918
a 3 28 0 1 2800537446974.747
a 3 29 0 1 5344717161760.506
a 3 30 0 1 6435519670089.903
a 3 31 0 1 7081616783920.535
a 3 32 0 1 5126925140056.423
a 3 33 0 1 9568899200090.445
a 3 34 0 1 3571748300539.5166
a 3 35 0 1 7576991719290.625
a 3 36 0 1 4524307744815.213
a 3 37 0 1 9707771397229.676
a 3 38 0 1 9274144762757.541
a 3 39 0 1 8087670390762.57
a 3 40 0 1 12259814052069.98
a 3 41 0 1 7550896681535.524
a 3 42 0 1 8707405659703.598
a 3 43 0 1 8074331006312.426
a 3 44 0 1 8674711205252.593
a 3 45 0 1 3859591541067.7764
a 3 46 0 1 8875451611338.86
a 3 47 0 1 9715361683008.82
a 3 48 0 1 3300872212688.915
a 3 49 0 1 6120708633181.703
a 3 50 0 1 9927399603102.379
a 3 51 0 1 8952222744888.514
a 3 52 0 1 9668076054232.562
a 3 53 0 1 7598559095656.71
a 3 54 0 1 7814566316323.214
a 3 55 0 1 5818822488295.062
a 3 56 0 1 11224102949770.379
a 3 57 0 1 10397061183497.406
a 3 58 0 1 7845841852743.812
a 3 59 0 1 6057735358729.104
a 3 60 0 1 3864835176960.692
a 3 61 0 1 4773136385939.379
a 3 62 0 1 8927346255963.96
a 3 63 0 1 10162042723187.508
a 3 64 0 1 7654913950990.184
a 3 65 0 1 7778899406695.55
a 3 66 0 1 6435865856518.409
a 3 67 0 1 9573398594392.334
a 3 68 0 1 4161809606904.129
a 3 69 0 1 10665282289190.004
a 3 70 0 1 9892543042688.824
a 3 71 0 1 6839808313013.792
a 3 72 0 1 8877451281248.828
a 3 73 0 1 11884218691546.37
a 3 74 0 1 8812520349954.59
a 3 75 0 1 12319293749440.914
a 3 76 0 1 8980984146050.229
a 3 77 0 1 5772971637672.134
a 3 78 0 1 8668074000380.594
a 3 79 0 1 4758846947711.307
a 3 80 0 1 8746297101781.624
a 4 18 0 1 13176742677173.732
a 4 19 0 1 21514923553039.137
a 4 20 0 1 11660759573558.652
a 4 21 0 1 21373419595972.28
a 4 22 0 1 15623996501568.668
a 4 23 0 1 16300945174747.797
a 4 24 0 1 19560936715801.062
a 4 25 0 1 9283645698315.387
a 4 26 0 1 17429323791607.756
a 4 27 0 1 17607439152356.355
a 4 28 0 1 4930196341658.465
a 4 29 0 1 9411186011483.064
a 4 30 0 1 11332997063694.066
a 4 31 0 1 12471485257378.314
a 4 32 0 1 9027517035365.818
a 4 33 0 1 16855533010512.64
a 4 34 0 1 6288296518918.49
a 4 35 0 1 13344473228241.242
a 4 36 0 1 7966004464989.404
a 4 37 0 1 17100363573774.102
a 4 38 0 1 16335903107848.096
a 4 39 0 1 14244510095256.129
a 4 40 0 1 21600658243083.047
a 4 41 0 1 13298484643281.355
a 4 42 0 1 15336860289288.852
a 4 43 0 1 14220999299505.451
a 4 44 0 1 15279229819816.469
a 4 45 0 1 6795234707324.449
a 4 46 0 1 15633079876435.004
a 4 47 0 1 17113745358537.186
a 4 48 0 1 5811263567711.86
a 4 49 0 1 10778315070336.445
a 4 50 0 1 17487578523302.125
a 4 51 0 1 15768409541728.346
a 4 52 0 1 17030380394607.938
a 4 53 0 1 13382482648994.844
a 4 54 0 1 13763172465141.928
a 4 55 0 1 10246434891603.28
a 4 56 0 1 19774032676478.24
a 4 57 0 1 18315664323649.09
a 4 58 0 1 13818293477324.488
a 4 59 0 1 10667362848977.39
a 4 60 0 1 6804469829712.285
a 4 61 0 1 8404303358935.356
a 4 62 0 1 15724557873710.477
a 4 63 0 1 17901281989365.74
a 4 64 0 1 13481800712600.75
a 4 65 0 1 13700312324825.762
a 4 66 0 1 11333607044490.996
a 4 67 0 1 16863465312738.936
a 4 68 0 1 7327516796690.889
a 4 69 0 1 18788610162442.664
a 4 70 0 1 17426123755621.092
a 4 71 0 1 12045379260444.492
a 4 72 0 1 15636604806578.4
a 4 73 0 1 20938203332046.67
a 4 74 0 1 15522148050033.127
a 4 75 0 1 21705569350165.707
a 4 76 0 1 15819109677116.1
a 4 77 0 1 10165654719210.521
a 4 78 0 1 15267530468409.475
a 4 79 0 1 8379132728580.893
a 4 80 0 1 15405414611172.826
a 5 18 0 1 21622854696528.43
a 5 19 0 1 35327477064875.09
a 5 20 0 1 19133004510566.707
a 5 21 0 1 35094760005298.64
a 5 22 0 1 25643402437714.7
a 5 23 0 1 26755806062570.027
a 5 24 0 1 32114387222314.977
a 5 25 0 1 15229956917076.857
a 5 26 0 1 28610275060862.69
a 5 27 0 1 28903032637435.76
a 5 28 0 1 8085462746239.532
a 5 29 0 1 15439333999300.705
a 5 30 0 1 18594760856346.65
a 5 31 0 1 20464470672128.45
a 5 32 0 1 14809494155768.648
a 5 33 0 1 27667221977838.055
a 5 34 0 1 10313763365610.832
a 5 35 0 1 21898369612333.57
a 5 36 0 1 13067076618837.64
a 5 37 0 1 28069603120396.1
a 5 38 0 1 26813254113525.004
a 5 39 0 1 23376890802419.574
a 5 40 0 1 35468478502996.66
a 5 41 0 1 21822827886905.08
a 5 42 0 1 25171596268256.684
a 5 43 0 1 23338266312918.94
a 5 44 0 1 25076903520402.066
a 5 45 0 1 11145635818222.334
a 5 46 0 1 25658328058790.836
a 5 47 0 1 28091596619820.08
a 5 48 0 1 9531021466919.486
a 5 49 0 1 17683934943526.05
a 5 50 0 1 28706024032357.457
a 5 51 0 1 25880701453560.145
a 5 52 0 1 27954583671841.188
a 5 53 0 1 21960804998695.957
a 5 54 0 1 22586156599123.055
a 5 55 0 1 16810621315611.566
a 5 56 0 1 32464751941520.13
a 5 57 0 1 30067176503043.44
a 5 58 0 1 22676705711021.188
a 5 59 0 1 17501752742995.355
a 5 60 0 1 11160790992426.271
a 5 61 0 1 13786488289149.398
a 5 62 0 1 25808644005407.812
a 5 63 0 1 29386021444441.168
a 5 64 0 1 22123949412778.773
a 5 65 0 1 22482895066677.83
a 5 66 0 1 18595762527808.324
a 5 67 0 1 27680258556163.4
a 5 68 0 1 12019163950852.963
a 5 69 0 1 30844648449409.008
a 5 70 0 1 28605015423571.566
a 5 71 0 1 19764650913074.066
a 5 72 0 1 25664120159363.234
a 5 73 0 1 34379035039946.906
a 5 74 0 1 25476048460762.363
a 5 75 0 1 35641020402540.35
a 5 76 0 1 25964012947104.617
a 5 77 0 1 16677991384750.018
a 5 78 0 1 25057680389715.94
a 5 79 0 1 13745172652962.305
a 5 80 0 1 25284239073810.27
a 6 18 0 1 7597745458083.865
a 6 19 0 1 12400519998261.06
a 6 20 0 1 6724122388093.181
a 6 21 0 1 12319046632224.281
a 6 22 0 1 9007763830786.393
a 6 23 0 1 9397737498483.496
a 6 24 0 1 11275378477611.463
a 6 25 0 1 5353991082537.488
a 6 26 0 1 10047711702388.29
a 6 27 0 1 10150304045990.29
a 6 28 0 1 2843907257898.379
a 6 29 0 1 5427511391925.948
a 6 30 0 1 6535224079365.348
a 6 31 0 1 7191339355683.5
a 6 32 0 1 5206343563286.892
a 6 33 0 1 9717202860181.922
a 6 34 0 1 3627066260300.9355
a 6 35 0 1 7694396431759.684
a 6 36 0 1 4594386409636.493
a 6 37 0 1 9858229812930.977
a 6 38 0 1 9417875213870.266
a 6 39 0 1 8212995501707.276
a 6 40 0 1 12449882690324.998
a 6 41 0 1 7667896697004.176
a 6 42 0 1 8842343858727.871
a 6 43 0 1 8199449217323.004
a 6 44 0 1 8809142226037.115
a 6 45 0 1 3919369525888.172
a 6 46 0 1 9012996712710.043
a 6 47 0 1 9865937872398.426
a 6 48 0 1 3351993321329.55
a 6 49 0 1 6215532237765.284
a 6 50 0 1 10081265935972.77
a 6 51 0 1 9090958833456.666
a 6 52 0 1 9817918545677.777
a 6 53 0 1 7716298289387.865
a 6 54 0 1 7935655587203.715
a 6 55 0 1 5908966012110.192
a 6 56 0 1 11398093478852.05
a 6 57 0 1 10558215727600.123
a 6 58 0 1 7967416193005.445
a 6 59 0 1 6151582673913.636
a 6 60 0 1 3924694412773.907
a 6 61 0 1 4847071400221.216
a 6 62 0 1 9065696421358.625
a 6 63 0 1 10319550149357.354
a 6 64 0 1 7773527141380.815
a 6 65 0 1 7899435504316.569
a 6 66 0 1 6535575633238.209
a 6 67 0 1 9721772066462.031
a 6 68 0 1 4226270672467.276
a 6 69 0 1 10830599449119.535
a 6 70 0 1 10045868503149.096
a 6 71 0 1 6945781307499.811
a 6 72 0 1 9015027404182.102
a 6 73 0 1 12068456235327.23
a 6 74 0 1 8949089184611.658
a 6 75 0 1 12510285853250.158
a 6 76 0 1 9120166429452.658
a 6 77 0 1 5862404373781.292
a 6 78 0 1 8802402060878.572
a 6 79 0 1 4832560498023.924
a 6 80 0 1 8881838615908.723
a 7 18 0 1 3992738749742.6143
a 7 19 0 1 6514965067718.069
a 7 20 0 1 3533804263482.4297
a 7 21 0 1 6472189537244.322
a 7 22 0 1 4733361703577.391
a 7 23 0 1 4938178208255.963
a 7 24 0 1 5924204252259.347
a 7 25 0 1 2813954214886.351
a 7 26 0 1 5279529145211.944
a 7 27 0 1 5333405978603.198
a 7 28 0 1 1494907602450.493
a 7 29 0 1 2852583613142.957
a 7 30 0 1 3434565833219.2104
a 7 31 0 1 3779249637603.3013
a 7 32 0 1 2736375600322.2114
a 7 33 0 1 5105956821865.084
a 7 34 0 1 1906495723249.1042
a 7 35 0 1 4043509058450.7114
a 7 36 0 1 2414820868468.4624
a 7 37 0 1 5180020284850.195
a 7 38 0 1 4948754419821.236
a 7 39 0 1 4315917587299.357
a 7 40 0 1 6540881515439.018
a 7 41 0 1 4029588923921.1265
a 7 42 0 1 4646479506439.098
a 7 43 0 1 4308802222551.479
a 7 44 0 1 4629041091483.62
a 7 45 0 1 2060106272122.1418
a 7 46 0 1 4736110102288.573
a 7 47 0 1 5184068312012.573
a 7 48 0 1 1761935536179.0884
a 7 49 0 1 3266609865431.705
a 7 50 0 1 5297150369291.148
a 7 51 0 1 4777056949717.469
a 7 52 0 1 5158850036512.268
a 7 53 0 1 4055013928253.107
a 7 54 0 1 4170239034658.393
a 7 55 0 1 3105544168855.91
a 7 56 0 1 5988639869050.205
a 7 57 0 1 5547616665187.347
a 7 58 0 1 4186922176696.543
a 7 59 0 1 3233012085778.287
a 7 60 0 1 2062904549098.9526
a 7 61 0 1 2547597564953.2876
a 7 62 0 1 4763788799182.332
a 7 63 0 1 5422285014634.544
a 7 64 0 1 4085075654289.02
a 7 65 0 1 4151213357492.993
a 7 66 0 1 3434750525259.4204
a 7 67 0 1 5108356460785.53
a 7 68 0 1 2221382987099.6426
a 7 69 0 1 5690650896787.334
a 7 70 0 1 5278561175266.775
a 7 71 0 1 3650250990056.102
a 7 72 0 1 4737176655611.54
a 7 73 0 1 6340620997454.569
a 7 74 0 1 4702544672429.077
a 7 75 0 1 6572594251359.386
a 7 76 0 1 4792397116962.521
a 7 77 0 1 3081080849709.2944
a 7 78 0 1 4625500962761.874
a 7 79 0 1 2539972717185.972
a 7 80 0 1 4667223161848.454
a 8 18 0 1 12021621350400.17
a 8 19 0 1 19627193462228.684
a 8 20 0 1 10638697680255.639
a 8 21 0 1 19498133022066.023
a 8 22 0 1 14253987704645.344
a 8 23 0 1 14871475638350.143
a 8 24 0 1 17845002819023.543
a 8 25 0 1 8470140302807.692
a 8 26 0 1 15900722738790.049
a 8 27 0 1 16063187972712.031
a 8 28 0 1 4498371673649.239
a 8 29 0 1 8586493488117.178
a 8 30 0 1 10339697660840.176
a 8 31 0 1 11378270387686.5
a 8 32 0 1 8236476918224.97
a 8 33 0 1 15377344170507.791
a 8 34 0 1 5737440355636.331
a 8 35 0 1 12174627410929.945
a 8 36 0 1 7268057698142.015
a 8 37 0 1 15600665109547.05
a 8 38 0 1 14903362762625.832
a 8 39 0 1 12995644263530.309
a 8 40 0 1 19705388670386.055
a 8 41 0 1 12132676057933.14
a 8 42 0 1 13992069952296.57
a 8 43 0 1 12974197821487.402
a 8 44 0 1 13939500840475.885
a 8 45 0 1 6199938941230.092
a 8 46 0 1 14262273284453.848
a 8 47 0 1 15612871203812.986
a 8 48 0 1 5302221109665.958
a 8 49 0 1 9833686752509.625
a 8 50 0 1 15953858976155.365
a 8 51 0 1 14385716731555.252
a 8 52 0 1 15536830425510.244
a 8 53 0 1 12209300042734.033
a 8 54 0 1 12556568212204.723
a 8 55 0 1 9348471566794.682
a 8 56 0 1 18039366625376.05
a 8 57 0 1 16709179064846.123
a 8 58 0 1 12606849800701.63
a 8 59 0 1 9732469455936.29
a 8 60 0 1 6208364443368.884
a 8 61 0 1 7667920832806.6455
a 8 62 0 1 14345716661782.762
a 8 63 0 1 16331210995124.232
a 8 64 0 1 12299898999596.213
a 8 65 0 1 12499226894397.006
a 8 66 0 1 10340254115185.363
a 8 67 0 1 15384579596521.076
a 8 68 0 1 6685554617744.022
a 8 69 0 1 17140560439401.965
a 8 70 0 1 15897803868983.379
a 8 71 0 1 10989562903291.744
a 8 72 0 1 14265488618701.146
a 8 73 0 1 19101186309733.695
a 8 74 0 1 14161084523552.525
a 8 75 0 1 19801073742759.805
a 8 76 0 1 14431963706997.715
a 8 77 0 1 9274778260532.926
a 8 78 0 1 13928828969343.531
a 8 79 0 1 7644957587145.208
a 8 80 0 1 14054603456672.363
a 9 18 0 1 6586347821039.662
a 9 19 0 1 10748994379424.893
a 9 20 0 1 5829097874330.312
a 9 21 0 1 10678385140833.04
a 9 22 0 1 7808498398336.718
a 9 23 0 1 8146503485281.881
a 9 24 0 1 9773870080861.994
a 9 25 0 1 4641437438152.035
a 9 26 0 1 8709851988163.89
a 9 27 0 1 8798770248969.41
a 9 28 0 1 2465511258614.446
a 9 29 0 1 4705167752325.38
a 9 30 0 1 5665359564382.742
a 9 31 0 1 6234080573491.487
a 9 32 0 1 4513450290497.904
a 9 33 0 1 8423393313890.337
a 9 34 0 1 3144429333891.471
a 9 35 0 1 6670122915907.198
a 9 36 0 1 3982973632233.226
a 9 37 0 1 8545624571333.48
a 9 38 0 1 8163957503271.476
a 9 39 0 1 7119629782161.089
a 9 40 0 1 10791774680154.268
a 9 41 0 1 6647153510425.979
a 9 42 0 1 7665121362667.732
a 9 43 0 1 7107888340604.211
a 9 44 0 1 7636343905383.145
a 9 45 0 1 3397821938955.783
a 9 46 0 1 7813033963931.293
a 9 47 0 1 8552305305991.524
a 9 48 0 1 2905971325154.762
a 9 49 0 1 5388246389398.766
a 9 50 0 1 8738933956164.748
a 9 51 0 1 7880607027183.071
a 9 52 0 1 8510685936024.753
a 9 53 0 1 6689106965364.017
a 9 54 0 1 6879240352741.23
a 9 55 0 1 5122508122564.075
a 9 56 0 1 9880224898090.998
a 9 57 0 1 9152310404836.984
a 9 58 0 1 6906769540815.594
a 9 59 0 1 5332813723881.12
a 9 60 0 1 3402437969509.9697
a 9 61 0 1 4202015483153.863
a 9 62 0 1 7858711045209.718
a 9 63 0 1 8945457670805.496
a 9 64 0 1 6738711617918.193
a 9 65 0 1 6847845784271.12
a 9 66 0 1 5665664294497.886
a 9 67 0 1 8427353556862.46
a 9 68 0 1 3663866749323.2935
a 9 69 0 1 9388384982611.61
a 9 70 0 1 8708254458294.95
a 9 71 0 1 6021232089790.928
a 9 72 0 1 7814794052058.414
a 9 73 0 1 10461208802310.537
a 9 74 0 1 7757642489245.488
a 9 75 0 1 10844123144397.49
a 9 76 0 1 7905922442768.783
a 9 77 0 1 5082147264035.778
a 9 78 0 1 7630501875396.657
a 9 79 0 1 4189436646301.6367
a 9 80 0 1 7699353336462.722
a 10 18 0 1 16250608215253.506
a 10 19 0 1 26539868798179.44
a 10 20 0 1 14380391288686.977
a 10 21 0 1 26365215267078.082
a 10 22 0 1 19270024244162.52
a 10 23 0 1 20105312181296.44
a 10 24 0 1 24128247040716.7
a 10 25 0 1 11448133565224.404
a 10 26 0 1 21497687871223.164
a 10 27 0 1 21717483091497.824
a 10 28 0 1 6078964260070.877
a 10 29 0 1 11605449735482.797
a 10 30 0 1 13976061852629.736
a 10 31 0 1 15380537085742.021
a 10 32 0 1 11132211768859.266
a 10 33 0 1 20789641602517.227
a 10 34 0 1 7753793239715.341
a 10 35 0 1 16457541079558.686
a 10 36 0 1 9822935877840.312
a 10 37 0 1 21091754909923.324
a 10 38 0 1 20148447651966.676
a 10 39 0 1 17567968234813.85
a 10 40 0 1 26645688864546.895
a 10 41 0 1 16400803766495.596
a 10 42 0 1 18915735658230.54
a 10 43 0 1 17538960932026.777
a 10 44 0 1 18844627845526.805
a 10 45 0 1 8378988129566.891
a 10 46 0 1 19281232031849.234
a 10 47 0 1 21108267731359.895
a 10 48 0 1 7165495318057.836
a 10 49 0 1 13291819669599.072
a 10 50 0 1 21569574260947.496
a 10 51 0 1 19448213145878.938
a 10 52 0 1 21005397434703.004
a 10 53 0 1 16504434396258.164
a 10 54 0 1 16974107674631.256
a 10 55 0 1 12635724418512.941
a 10 56 0 1 24391238952455.496
a 10 57 0 1 22591457263507.074
a 10 58 0 1 17042113618138.768
a 10 59 0 1 13154954164316.053
a 10 60 0 1 8390377745696.117
a 10 61 0 1 10363527276131.709
a 10 62 0 1 19394105139341.125
a 10 63 0 1 22080091190246.47
a 10 64 0 1 16626966403562.129
a 10 65 0 1 16896553772611.637
a 10 66 0 1 13976814321305.752
a 10 67 0 1 20799429754522.062
a 10 68 0 1 9035457376993.41
a 10 69 0 1 23175107239193.7
a 10 70 0 1 21493739030562.375
a 10 71 0 1 14854869107616.9
a 10 72 0 1 19285581371455.934
a 10 73 0 1 25828050960225.957
a 10 74 0 1 19144355929438.92
a 10 75 0 1 26775178542469.61
a 10 76 0 1 19510771547086.79
a 10 77 0 1 12536080520139.846
a 10 78 0 1 18830192534771.574
a 10 79 0 1 10332481846869.688
a 10 80 0 1 19000322240412.734
a 11 18 0 1 12108893972658.594
a 11 19 0 1 19769805590251.6
a 11 20 0 1 10715918386536.266
a 11 21 0 1 19639805268766.016
a 11 22 0 1 14357493304516.414
a 11 23 0 1 14979472875952.088
a 11 24 0 1 17974638649907.094
a 11 25 0 1 8531605127963.868
a 11 26 0 1 16016208200518.33
a 11 27 0 1 16179855603641.574
a 11 28 0 1 4530999737415.714
a 11 29 0 1 8648803488374.471
a 11 30 0 1 10414745480092.486
a 11 31 0 1 11460866349475.055
a 11 32 0 1 8296244510436.657
a 11 33 0 1 15489021600194.252
a 11 34 0 1 5779061744273.474
a 11 35 0 1 12263012370810.223
a 11 36 0 1 7320792079297.068
a 11 37 0 1 15713967335799.504
a 11 38 0 1 15011591966213.748
a 11 39 0 1 13089998601954.312
a 11 40 0 1 19848570267892.113
a 11 41 0 1 12220756032056.354
a 11 42 0 1 14093670543786.8
a 11 43 0 1 13068396214510.693
a 11 44 0 1 14040719094589.352
a 11 45 0 1 6244917868397.977
a 11 46 0 1 14365839149783.812
a 11 47 0 1 15726262239299.328
a 11 48 0 1 5340683324809.109
a 11 49 0 1 9905057642567.723
a 11 50 0 1 16069731075844.387
a 11 51 0 1 14490180480898.293
a 11 52 0 1 15649668206761.703
a 11 53 0 1 12297937074407.324
a 11 54 0 1 12647730012933.295
a 11 55 0 1 9416317045078.22
a 11 56 0 1 18170417376782.44
a 11 57 0 1 16830547654598.646
a 11 58 0 1 12698377184177.24
a 11 59 0 1 9803104902113.793
a 11 60 0 1 6253404539358.033
a 11 61 0 1 7723559055952.674
a 11 62 0 1 14449889461938.328
a 11 63 0 1 16449828977972.195
a 11 64 0 1 12389194699856.521
a 11 65 0 1 12589971788350.695
a 11 66 0 1 10415305978152.223
a 11 67 0 1 15496309667043.613
a 11 68 0 1 6734059291094.85
a 11 69 0 1 17265068638175.29
a 11 70 0 1 16013268092124.6
a 11 71 0 1 11069333602546.61
a 11 72 0 1 14369077870910.627
a 11 73 0 1 19239967972427.2
a 11 74 0 1 14263914396765.062
a 11 75 0 1 19944952196618.367
a 11 76 0 1 14536763847117.264
a 11 77 0 1 9342088342525.06
a 11 78 0 1 14029969607055.658
a 11 79 0 1 7700429041850.249
a 11 80 0 1 14156658863058.922
a 12 18 0 1 17005347645334.74
a 12 19 0 1 27774010551946.004
a 12 20 0 1 15048120239797.094
a 12 21 0 1 27591209555330.492
a 12 22 0 1 20165322589782.688
a 12 23 0 1 21039512654271.875
a 12 24 0 1 25249918639211.3
a 12 25 0 1 11979520275208.459
a 12 26 0 1 22496753303003.906
a 12 27 0 1 22726789852336.96
a 12 28 0 1 6360948328476.39
a 12 29 0 1 12144148786673.025
a 12 30 0 1 14624984826126.963
a 12 31 0 1 16094792212949.834
a 12 32 0 1 11648914697414.443
a 12 33 0 1 21755719400716.1
a 12 34 0 1 8113539965502.411
a 12 35 0 1 17221910319929.182
a 12 36 0 1 10278796669717.541
a 12 37 0 1 22071907375370.52
a 12 38 0 1 21084657299402.004
a 12 39 0 1 18384020422344.754
a 12 40 0 1 27884767217505.6
a 12 41 0 1 17162532636278.379
a 12 42 0 1 19794535975205.023
a 12 43 0 1 18353662847962.59
a 12 44 0 1 19720117080383.36
a 12 45 0 1 8767770828414.885
a 12 46 0 1 20177052309456.027
a 12 47 0 1 22089189515418.5
a 12 48 0 1 7497923673585.94
a 12 49 0 1 13908921671222.688
a 12 50 0 1 22571989169800.887
a 12 51 0 1 20351809682120.055
a 12 52 0 1 21981526627105.21
a 12 53 0 1 17270985926790.83
a 12 54 0 1 17762517910055.418
a 12 55 0 1 13222319360147.734
a 12 56 0 1 25525172458742.188
a 12 57 0 1 23641492102043.285
a 12 58 0 1 17833689071220.938
a 12 59 0 1 13765691807441.963
a 12 60 0 1 8779689453907.312
a 12 61 0 1 10844507059327.852
a 12 62 0 1 20295181848247.918
a 12 63 0 1 23106294812939.973
a 12 64 0 1 17399220364027.863
a 12 65 0 1 17681354460657.707
a 12 66 0 1 14625772291564.732
a 12 67 0 1 21765963541010.453
a 12 68 0 1 9454733234336.104
a 12 69 0 1 24252345532590.46
a 12 70 0 1 22492620471598.305
a 12 71 0 1 15544669081236.066
a 12 72 0 1 20181604192488.34
a 12 73 0 1 27028989057145.203
a 12 74 0 1 20033802162825.348
a 12 75 0 1 28020297874110.918
a 12 76 0 1 20417281489225.395
a 12 77 0 1 13118042650301.717
a 12 78 0 1 19705009607107.473
a 12 79 0 1 10812018991975.059
a 12 80 0 1 19883061342214.62
a 13 18 0 1 20912400885807.785
a 13 19 0 1 34164961390440.67
a 13 20 0 1 18504533135927.324
a 13 21 0 1 33939932274942.113
a 13 22 0 1 24800469446647.04
a 13 23 0 1 25876197830199.723
a 13 24 0 1 31057982638024.633
a 13 25 0 1 14729908401331.799
a 13 26 0 1 27669505963916.746
a 13 27 0 1 27952606011974.633
a 13 28 0 1 7820202173361.201
a 13 29 0 1 14932399134875.668
a 13 30 0 1 17984006070106.887
a 13 31 0 1 19792164225900.348
a 13 32 0 1 14323273562860.725
a 13 33 0 1 26757558170074.484
a 13 34 0 1 9975314719895.82
a 13 35 0 1 21178841223823.97
a 13 36 0 1 12638145793117.479
a 13 37 0 1 27146668131369.723
a 13 38 0 1 25931751608689.324
a 13 39 0 1 22608655156056.973
a 13 40 0 1 34301304569843.184
a 13 41 0 1 21105787655976.1
a 13 42 0 1 24344215683723.414
a 13 43 0 1 22571303285841.867
a 13 44 0 1 24252644148188.008
a 13 45 0 1 10779855182573.832
a 13 46 0 1 24814903039596.688
a 13 47 0 1 27167936215318.965
a 13 48 0 1 9218285955142.623
a 13 49 0 1 17103155660779.707
a 13 50 0 1 27762096424019.285
a 13 51 0 1 25029945626813.26
a 13 52 0 1 27035442331732.613
a 13 53 0 1 21239220111404.574
a 13 54 0 1 21843972283144.137
a 13 55 0 1 16258577289139.113
a 13 56 0 1 31396780380665.344
a 13 57 0 1 29078340704907.047
a 13 58 0 1 21931538419306.17
a 13 59 0 1 16926968391400.023
a 13 60 0 1 10794512371618.129
a 13 61 0 1 13333906282425.314
a 13 62 0 1 24960263679227.71
a 13 63 0 1 28419660539512.32
a 13 64 0 1 21396990734519.69
a 13 65 0 1 21744112440594.637
a 13 66 0 1 17984974772969.04
a 13 67 0 1 26770164799586.43
a 13 68 0 1 11624677236338.791
a 13 69 0 1 29830155590512.33
a 13 70 0 1 27664419826532.445
a 13 71 0 1 19115385838461.95
a 13 72 0 1 24820504201180.6
a 13 73 0 1 33247849205766.312
a 13 74 0 1 24638632237970.797
a 13 75 0 1 34468146010765.19
a 13 76 0 1 25110510562872.98
a 13 77 0 1 16130310885982.611
a 13 78 0 1 24234054632141.715
a 13 79 0 1 13293949030332.059
a 13 80 0 1 24453145530932.43
a 14 18 0 1 5864466685320.305
a 14 19 0 1 9570373227989.684
a 14 20 0 1 5190262936735.458
a 14 21 0 1 9507514729768.736
a 14 22 0 1 6952559077188.456
a 14 23 0 1 7253482321608.491
a 14 24 0 1 8702277907472.679
a 14 25 0 1 4132825055454.0957
a 14 26 0 1 7755021309373.513
a 14 27 0 1 7834182977228.685
a 14 28 0 1 2195398851959.4695
a 14 29 0 1 4189568382457.415
a 14 30 0 1 5044479808605.932
a 14 31 0 1 5550833537613.821
a 14 32 0 1 4018869330621.55
a 14 33 0 1 7499993222328.1875
a 14 34 0 1 2799913163668.615
a 14 35 0 1 5939053528754.399
a 14 36 0 1 3546545698160.3174
a 14 37 0 1 7608813346244.997
a 14 38 0 1 7269021425436.319
a 14 39 0 1 6339256865272.766
a 14 40 0 1 9608457502193.45
a 14 41 0 1 5918603368266.279
a 14 42 0 1 6824910864953.732
a 14 43 0 1 6328803325041.544
a 14 44 0 1 6799290311809.962
a 14 45 0 1 3025533396628.688
a 14 46 0 1 6956597072222.71
a 14 47 0 1 7614761065385.355
a 14 48 0 1 2587589345575.4517
a 14 49 0 1 4797752879841.4
a 14 50 0 1 7780912265975.926
a 14 51 0 1 7016757032355.364
a 14 52 0 1 7577708189421.899
a 14 53 0 1 5955955431277.364
a 14 54 0 1 6125234778196.796
a 14 55 0 1 4561151946864.382
a 14 56 0 1 8796960331897.395
a 14 57 0 1 8148929033946.471
a 14 58 0 1 6149744467073.152
a 14 59 0 1 4748398356249.05
a 14 60 0 1 3029643486968.0576
a 14 61 0 1 3741576050070.3257
a 14 62 0 1 6997263160400.558
a 14 63 0 1 7964774672333.866
a 14 64 0 1 6000119468983.535
a 14 65 0 1 6097283656786.121
a 14 66 0 1 5044751123248.869
a 14 67 0 1 7503518955302.039
a 14 68 0 1 3262417573399.0356
a 14 69 0 1 8359097490721.328
a 14 70 0 1 7753599067504.559
a 14 71 0 1 5361327369448.281
a 14 72 0 1 6958164071179.354
a 14 73 0 1 9314177024824.26
a 14 74 0 1 6907282242855.36
a 14 75 0 1 9655059579214.676
a 14 76 0 1 7039295193751.611
a 14 77 0 1 4525216385921.534
a 14 78 0 1 6794089153704.913
a 14 79 0 1 3730376142038.592
a 14 80 0 1 6855387546658.11
a 15 18 0 1 21513808048071.594
a 15 19 0 1 35149036156462.14
a 15 20 0 1 19036542012306.445
a 15 21 0 1 34917499294414.758
a 15 22 0 1 25514020058484.516
a 15 23 0 1 26620793892106.81
a 15 24 0 1 31952235564173.277
a 15 25 0 1 15153206682610.229
a 15 26 0 1 28465874371876.1
a 15 27 0 1 28757149456144.21
a 15 28 0 1 8044750006035.65
a 15 29 0 1 15361526757420.771
a 15 30 0 1 18501017794758.566
a 15 31 0 1 20361279597598.797
a 15 32 0 1 14734866408577.145
a 15 33 0 1 27527596130427.707
a 15 34 0 1 10261817198409.217
a 15 35 0 1 21787930020842.5
a 15 36 0 1 13001242380294.72
a 15 37 0 1 27927940073538.86
a 15 38 0 1 26677951163826.91
a 15 39 0 1 23258974629739.195
a 15 40 0 1 35289322491561.14
a 15 41 0 1 21712770226570.98
a 15 42 0 1 25044601231364.9
a 15 43 0 1 23220545488649.305
a 15 44 0 1 24950387598349.438
a 15 45 0 1 11089494501324.723
a 15 46 0 1 25528870151609.656
a 15 47 0 1 27949822217539.297
a 15 48 0 1 9483021953021.97
a 15 49 0 1 17594792999418.242
a 15 50 0 1 28561138492007.426
a 15 51 0 1 25750118242207.254
a 15 52 0 1 27813502971533.78
a 15 53 0 1 21850049735354.203
a 15 54 0 1 22472239323637.402
a 15 55 0 1 16725890090859.4
a 15 56 0 1 32300824638251.6
a 15 57 0 1 29915397240823.242
a 15 58 0 1 22562330547731.082
a 15 59 0 1 17413530993132.572
a 15 60 0 1 11104573240261.727
a 15 61 0 1 13717023800509.955
a 15 62 0 1 25678425441738.023
a 15 63 0 1 29237692243385.516
a 15 64 0 1 22012369273789.68
a 15 65 0 1 22369499951439.797
a 15 66 0 1 18502014405659.633
a 15 67 0 1 27540566709324.207
a 15 68 0 1 11958616553169.432
a 15 69 0 1 30688930621462.055
a 15 70 0 1 28460641367903.7
a 15 71 0 1 19664996639895.566
a 15 72 0 1 25534632942410.89
a 15 73 0 1 34205403650759.81
a 15 74 0 1 25347512923294.336
a 15 75 0 1 35460989296022.164
a 15 76 0 1 25833008129317.418
a 15 77 0 1 16593929937703.697
a 15 78 0 1 24931261729250.273
a 15 79 0 1 13675916664892.354
a 15 80 0 1 25156674087026.18
a 16 18 0 1 4902543032469.14
a 16 19 0 1 8000025311537.388
a 16 20 0 1 4338981320295.1206
a 16 21 0 1 7947490345064.642
a 16 22 0 1 5812040782566.686
a 16 23 0 1 6063565222685.338
a 16 24 0 1 7274490114431.928
a 16 25 0 1 3455048236569.253
a 16 26 0 1 6482766471475.1875
a 16 27 0 1 6548931428933.986
a 16 28 0 1 1835424026763.6401
a 16 29 0 1 3502481994179.3267
a 16 30 0 1 4217120440308.8755
a 16 31 0 1 4640381289866.424
a 16 32 0 1 3359788301285.1753
a 16 33 0 1 6269607381031.24
a 16 34 0 1 2340790712622.789
a 16 35 0 1 4964888717425.096
a 16 36 0 1 2964950595988.0244
a 16 37 0 1 6360562314689.434
a 16 38 0 1 6076553388558.575
a 16 39 0 1 5299407865095.615
a 16 40 0 1 8031854774638.682
a 16 41 0 1 4947794845366.282
a 16 42 0 1 5705346116200.008
a 16 43 0 1 5290670097828.049
a 16 44 0 1 5683931133256.329
a 16 45 0 1 2529403554119.1685
a 16 46 0 1 5815415929411.397
a 16 47 0 1 6365533575582.677
a 16 48 0 1 2163291871704.3936
a 16 49 0 1 4010878579608.3623
a 16 50 0 1 6504406689696.131
a 16 51 0 1 5865700402658.256
a 16 52 0 1 6334563784107.715
a 16 53 0 1 4979016663047.085
a 16 54 0 1 5120513218934.842
a 16 55 0 1 3813099348739.536
a 16 56 0 1 7353624783561.969
a 16 57 0 1 6812000726983.678
a 16 58 0 1 5141000206425.644
a 16 59 0 1 3969622338284.641
a 16 60 0 1 2532839471388.393
a 16 61 0 1 3127986562471.7417
a 16 62 0 1 5849406536650.009
a 16 63 0 1 6658082232947.365
a 16 64 0 1 5015932412763.294
a 16 65 0 1 5097149607701.959
a 16 66 0 1 4217347234263.0854
a 16 67 0 1 6272554294114.101
a 16 68 0 1 2727431039795.354
a 16 69 0 1 6987660814272.636
a 16 70 0 1 6481577730526.596
a 16 71 0 1 4481974119173.097
a 16 72 0 1 5816725700962.947
a 16 73 0 1 7785904571673.989
a 16 74 0 1 5774196232073.517
a 16 75 0 1 8070803047823.948
a 16 76 0 1 5884538809465.597
a 16 77 0 1 3783059973555.0894
a 16 78 0 1 5679583733872.457
a 16 79 0 1 3118624012115.619
a 16 80 0 1 5730820075457.876
a 17 18 0 1 19252083673910.97
a 17 19 0 1 31448655764175.594
a 17 20 0 1 17035761083354.602
a 17 21 0 1 31241582143516.273
a 17 22 0 1 22830651118984.652
a 17 23 0 1 23820703469428.625
a 17 24 0 1 28589512990739.945
a 17 25 0 1 13561209954536.205
a 17 26 0 1 25471140740530.49
a 17 27 0 1 25731681560376.957
a 17 28 0 1 7200187165652.088
a 17 29 0 1 13747609254090.92
a 17 30 0 1 16556628941528.645
a 17 31 0 1 18220973665091.023
a 17 32 0 1 13186887287359.916
a 17 33 0 1 24631853597069.656
a 17 34 0 1 9184253549670.568
a 17 35 0 1 19497322755459.457
a 17 36 0 1 11635634096476.73
a 17 37 0 1 24989962423440.14
a 17 38 0 1 23871832155117.355
a 17 39 0 1 20813342727141.28
a 17 40 0 1 31574119449271.0
a 17 41 0 1 19430082343304.055
a 17 42 0 1 22410729638518.98
a 17 43 0 1 20778964002133.754
a 17 44 0 1 22326449680701.71
a 17 45 0 1 9924919513824.72
a 17 46 0 1 22843935282442.23
a 17 47 0 1 25009535964778.203
a 17 48 0 1 8487317263049.447
a 17 49 0 1 15745817774140.965
a 17 50 0 1 25556353147638.938
a 17 51 0 1 23041852383100.1
a 17 52 0 1 24887598456937.13
a 17 53 0 1 19552896992870.652
a 17 54 0 1 20109522616677.355
a 17 55 0 1 14968382259908.096
a 17 56 0 1 28901293604045.777
a 17 57 0 1 26767697098463.15
a 17 58 0 1 20190119674885.004
a 17 59 0 1 15583638150540.295
a 17 60 0 1 9938412930587.043
a 17 61 0 1 12276125853355.176
a 17 62 0 1 22977719827625.676
a 17 63 0 1 26161515228225.57
a 17 64 0 1 19698112727933.4
a 17 65 0 1 20017610106692.66
a 17 66 0 1 16557520612519.645
a 17 67 0 1 24643455872362.51
a 17 68 0 1 10702657285683.422
a 17 69 0 1 27459581685941.105
a 17 70 0 1 25466459886829.69
a 17 71 0 1 17598029889394.266
a 17 72 0 1 22849090390573.457
a 17 73 0 1 30604716314186.668
a 17 74 0 1 22681701691386.875
a 17 75 0 1 31727647361651.555
a 17 76 0 1 23116001115911.547
a 17 77 0 1 14850311813968.861
a 17 78 0 1 22309340377015.91
a 17 79 0 1 12239342883509.941
a 17 80 0 1 22510985531351.19
a 18 1 0 1 0
a 19 1 0 1 0
a 20 1 0 1 0
a 21 1 0 1 0
a 22 1 0 1 0
a 23 1 0 1 0
a 24 1 0 1 0
a 25 1 0 1 0
a 26 1 0 1 0
a 27 1 0 1 0
a 28 1 0 1 0
a 29 1 0 1 0
a 30 1 0 1 0
a 31 1 0 1 0
a 32 1 0 1 0
a 33 1 0 1 0
a 34 1 0 1 0
a 35 1 0 1 0
a 36 1 0 1 0
a 37 1 0 1 0
a 38 1 0 1 0
a 39 1 0 1 0
a 40 1 0 1 0
a 41 1 0 1 0
a 42 1 0 1 0
a 43 1 0 1 0
a 44 1 0 1 0
a 45 1 0 1 0
a 46 1 0 1 0
a 47 1 0 1 0
a 48 1 0 1 0
a 49 1 0 1 0
a 50 1 0 1 0
a 51 1 0 1 0
a 52 1 0 1 0
a 53 1 0 1 0
a 54 1 0 1 0
a 55 1 0 1 0
a 56 1 0 1 0
a 57 1 0 1 0
a 58 1 0 1 0
a 59 1 0 1 0
a 60 1 0 1 0
a 61 1 0 1 0
a 62 1 0 1 0
a 63 1 0 1 0
a 64 1 0 1 0
a 65 1 0 1 0
a 66 1 0 1 0
a 67 1 0 1 0
a 68 1 0 1 0
a 69 1 0 1 0
a 70 1 0 1 0
a 71 1 0 1 0
a 72 1 0 1 0
a 73 1 0 1 0
a 74 1 0 1 0
a 75 1 0 1 0
a 76 1 0 1 0
a 77 1 0 1 0
a 78 1 0 1 0
a 79 1 0 1 0
a 80 1 0 1 0
