p min 81 1219
n 0 19
n 1 -19
a 0 2 0 1 0
a 0 3 0 1 0
a 0 4 0 1 0
a 0 5 0 1 0
a 0 6 0 1 0
a 0 7 0 1 0
a 0 8 0 1 0
a 0 9 0 1 0
a 0 10 0 1 0
a 0 11 0 1 0
a 0 12 0 1 0
a 0 13 0 1 0
a 0 14 0 1 0
a 0 15 0 1 0
a 0 16 0 1 0
a 0 17 0 1 0
a 0 18 0 1 0
a 0 19 0 1 0
a 0 20 0 1 0
a 2 21 0 1 4961087233990.028
a 2 22 0 1 4159608571700.329
a 2 23 0 1 5802284755838.134
a 2 24 0 1 3612152864491.549
a 2 25 0 1 4574165466154.687
a 2 26 0 1 11306573872005.832
a 2 27 0 1 7772709683765.166
a 2 28 0 1 9975248937911.564
a 2 29 0 1 2782805971076.1743
a 2 30 0 1 10300379095656.229
a 2 31 0 1 9220546383039.783
a 2 32 0 1 6546039651041.356
a 2 33 0 1 12883745726681.355
a 2 34 0 1 8416008223233.37
a 2 35 0 1 6509880156986.229
a 2 36 0 1 7243216499471.461
a 2 37 0 1 9187235717108.398
a 2 38 0 1 12265449748628.287
a 2 39 0 1 4096277959570.3716
a 2 40 0 1 12475327943861.084
a 2 41 0 1 11584300904548.516
a 2 42 0 1 8676013682900.651
a 2 43 0 1 5192382329943.597
a 2 44 0 1 9238036370757.428
a 2 45 0 1 5639909595468.483
a 2 46 0 1 8916163870623.234
a 2 47 0 1 8208443452531.886
a 2 48 0 1 8093085274034.781
a 2 49 0 1 11571573774149.184
a 2 50 0 1 8561046819782.619
a 2 51 0 1 11706981937902.957
a 2 52 0 1 3492685022374.158
a 2 53 0 1 9810516276674.324
a 2 54 0 1 6272172742122.564
a 2 55 0 1 8186558515921.873
a 2 56 0 1 3614119644494.4146
a 2 57 0 1 4007948802190.8164
a 2 58 0 1 7449506962409.635
a 2 59 0 1 3700665278369.1226
a 2 60 0 1 8975345792456.145
a 2 61 0 1 8152074085731.983
a 2 62 0 1 8070303283643.064
a 2 63 0 1 3537951020243.024
a 2 64 0 1 12904111690322.281
a 2 65 0 1 6537754228296.678
a 2 66 0 1 12100869546674.783
a 2 67 0 1 6102101262545.01
a 2 68 0 1 3684209787338.924
a 2 69 0 1 4070025297031.822
a 2 70 0 1 8341058644353.114
a 2 71 0 1 9656722757692.746
a 2 72 0 1 3524205651769.2217
a 2 73 0 1 10203599761827.16
a 2 74 0 1 9281152299239.912
a 2 75 0 1 8942893097606.717
a 2 76 0 1 6732855470188.524
a 2 77 0 1 6378684709605.831
a 2 78 0 1 6263645806180.598
a 2 79 0 1 11560033440898.678
a 2 80 0 1 3133754801896.2173
a 3 21 0 1 6373442205663.834
a 3 22 0 1 5343652916952.856
a 3 23 0 1 7454322974328.722
a 3 24 0 1 4640279125440.581
a 3 25 0 1 5876294461063.885
a 3 26 0 1 14528427931806.389
a 3 27 0 1 9986416623588.91
a 3 28 0 1 12817176439509.367
a 3 29 0 1 3574778245486.4067
a 3 30 0 1 13235076728957.17
a 3 31 0 1 11847167284304.48
a 3 32 0 1 8410046386732.963
a 3 33 0 1 16555878629463.129
a 3 34 0 1 10813158038862.771
a 3 35 0 1 8363580437185.207
a 3 36 0 1 9305959472542.275
a 3 37 0 1 11804354636518.244
a 3 38 0 1 15761035557495.057
a 3 39 0 1 5262284142603.564
a 3 40 0 1 16030838363298.271
a 3 41 0 1 14885430128953.334
a 3 42 0 1 11147316510656.479
a 3 43 0 1 6670634497463.946
a 3 44 0 1 11869646388588.098
a 3 45 0 1 7245677451802.761
a 3 46 0 1 11455962097415.72
a 3 47 0 1 10546400325904.336
a 3 48 0 1 10398146084542.936
a 3 49 0 1 14869069989130.092
a 3 50 0 1 10999560635493.674
a 3 51 0 1 15043131647538.46
a 3 52 0 1 4486789609350.986
a 3 53 0 1 12605443638318.72
a 3 54 0 1 8058122582352.911
a 3 55 0 1 10518274494918.78
a 3 56 0 1 4642806008888.494
a 3 57 0 1 5148797168600.734
a 3 58 0 1 9571062661161.031
a 3 59 0 1 4753998599855.069
a 3 60 0 1 11532024576102.639
a 3 61 0 1 10473956273784.094
a 3 62 0 1 10368867610935.803
a 3 63 0 1 4544946173347.293
a 3 64 0 1 16582060402525.117
a 3 65 0 1 8399399379704.059
a 3 66 0 1 15549466872818.635
a 3 67 0 1 7839580917383.574
a 3 68 0 1 4732856772056.734
a 3 69 0 1 5228554155994.397
a 3 70 0 1 10716834056548.549
a 3 71 0 1 12407773111776.766
a 3 72 0 1 4527286467053.328
a 3 73 0 1 13110682193279.475
a 3 74 0 1 11925061486490.605
a 3 75 0 1 11490315309141.139
a 3 76 0 1 8650111635736.957
a 3 77 0 1 8194991586028.492
a 3 78 0 1 8047165420928.791
a 3 79 0 1 14854235434199.197
a 3 80 0 1 4025651609288.4556
a 4 21 0 1 2813487174922.8506
a 4 22 0 1 2359054032504.9307
a 4 23 0 1 3290401591753.3765
a 4 24 0 1 2048629365355.7708
a 4 25 0 1 2594109605276.8354
a 4 26 0 1 6410054499948.554
a 4 27 0 1 4407371504236.509
a 4 28 0 1 5655659672790.144
a 4 29 0 1 1578331223408.6257
a 4 30 0 1 5839903816200.703
a 4 31 0 1 5227963216254.033
a 4 32 0 1 3712037881921.644
a 4 33 0 1 7303628714981.438
a 4 34 0 1 4771989028571.07
a 4 35 0 1 3691539708255.822
a 4 36 0 1 4107240577762.538
a 4 37 0 1 5209085032088.89
a 4 38 0 1 6953339109250.982
a 4 39 0 1 2323144442918.5728
a 4 40 0 1 7072245994121.101
a 4 41 0 1 6567415796005.632
a 4 42 0 1 4919351831572.997
a 4 43 0 1 2944623224625.553
a 4 44 0 1 5237875307868.835
a 4 45 0 1 3198346596293.966
a 4 46 0 1 5055457904139.25
a 4 47 0 1 4654345192212.893
a 4 48 0 1 4588961277559.328
a 4 49 0 1 6560204646140.999
a 4 50 0 1 4854192751210.962
a 4 51 0 1 6636925992882.235
a 4 52 0 1 1980885075683.5293
a 4 53 0 1 5562306998289.106
a 4 54 0 1 3556785764936.421
a 4 55 0 1 4641941076829.3955
a 4 56 0 1 2049744622025.8564
a 4 57 0 1 2273059852499.59
a 4 58 0 1 4224173425169.1606
a 4 59 0 1 2098819846219.6138
a 4 60 0 1 5088998992566.246
a 4 61 0 1 4622395667068.552
a 4 62 0 1 4576048573859.518
a 4 63 0 1 2006553273579.516
a 4 64 0 1 7315166486945.3955
a 4 65 0 1 3707341029748.4863
a 4 66 0 1 6860094144993.678
a 4 67 0 1 3460371992878.1255
a 4 68 0 1 2089488883419.9146
a 4 69 0 1 2308258647322.5117
a 4 70 0 1 4729509287706.618
a 4 71 0 1 5475152062865.034
a 4 72 0 1 1998758940074.2964
a 4 73 0 1 5785061710951.717
a 4 74 0 1 5262310301655.273
a 4 75 0 1 5070606598018.82
a 4 76 0 1 3817939267634.272
a 4 77 0 1 3617166723319.822
a 4 78 0 1 3551951871339.5166
a 4 79 0 1 6553665923686.461
a 4 80 0 1 1777348691186.2876
a 5 21 0 1 5894162308158.548
a 5 22 0 1 4941856761567.961
a 5 23 0 1 6893696815274.574
a 5 24 0 1 4291396685807.308
a 5 25 0 1 5434423237863.029
a 5 26 0 1 13434947571970.873
a 5 27 0 1 9235153713658.918
a 5 28 0 1 11852669031092.273
a 5 29 0 1 3306036684628.5415
a 5 30 0 1 12239077506788.395
a 5 31 0 1 10955746292603.719
a 5 32 0 1 7777477616018.84
a 5 33 0 1 15309533310362.207
a 5 34 0 1 9999629002578.07
a 5 35 0 1 7734509755276.935
a 5 36 0 1 8605937050042.569
a 5 37 0 1 10916159063506.432
a 5 38 0 1 14574627378483.932
a 5 39 0 1 4866609638867.378
a 5 40 0 1 14824086162494.451
a 5 41 0 1 13765037438889.352
a 5 42 0 1 10308617179499.373
a 5 43 0 1 6168990001062.716
a 5 44 0 1 10976531854656.133
a 5 45 0 1 6700755253703.039
a 5 46 0 1 10594012623816.803
a 5 47 0 1 9752963375688.79
a 5 48 0 1 9615875092163.79
a 5 49 0 1 13749910640078.965
a 5 50 0 1 10171991151585.129
a 5 51 0 1 13910850100985.867
a 5 52 0 1 4149452893791.114
a 5 53 0 1 11656890760678.469
a 5 54 0 1 7452046774764.113
a 5 55 0 1 9726955904733.17
a 5 56 0 1 4293733489929.797
a 5 57 0 1 4761660501576.414
a 5 58 0 1 8851078047181.412
a 5 59 0 1 4396561758197.0864
a 5 60 0 1 10664345113262.26
a 5 61 0 1 9685975584061.064
a 5 62 0 1 9588801722573.928
a 5 63 0 1 4203234873497.823
a 5 64 0 1 15333740608454.08
a 5 65 0 1 7767632149009.842
a 5 66 0 1 14379010853289.482
a 5 67 0 1 7249956013585.235
a 5 68 0 1 4377010313031.637
a 5 69 0 1 4835417243606.913
a 5 70 0 1 9910560236380.814
a 5 71 0 1 11474114492541.928
a 5 72 0 1 4186903550476.4917
a 5 73 0 1 12124057293280.615
a 5 74 0 1 11027772027012.514
a 5 75 0 1 10625777928036.006
a 5 76 0 1 7999469519145.618
a 5 77 0 1 7578612461634.368
a 5 78 0 1 7441914440917.661
a 5 79 0 1 13736194413256.924
a 5 80 0 1 3723000153337.873
a 6 21 0 1 11630174502404.04
a 6 22 0 1 9750074461793.41
a 6 23 0 1 13603949022993.908
a 6 24 0 1 8466127075293.995
a 6 25 0 1 10722479274800.723
a 6 26 0 1 26531863579644.805
a 6 27 0 1 18229343851964.008
a 6 28 0 1 23402956057815.07
a 6 29 0 1 6521475182448.549
a 6 30 0 1 24166964202114.83
a 6 31 0 1 21629813368882.95
a 6 32 0 1 15349514367079.252
a 6 33 0 1 30240242605392.258
a 6 34 0 1 19740041719753.45
a 6 35 0 1 15264640053262.314
a 6 36 0 1 16986128485328.082
a 6 37 0 1 21551560906244.832
a 6 38 0 1 28786236255236.605
a 6 39 0 1 9601534095298.193
a 6 40 0 1 29279761759678.51
a 6 41 0 1 27184746728626.12
a 6 42 0 1 20350714304167.875
a 6 43 0 1 12172830891368.697
a 6 44 0 1 21670900671460.63
a 6 45 0 1 13222914044104.252
a 6 46 0 1 20914796790784.547
a 6 47 0 1 19252571520196.53
a 6 48 0 1 18981664010245.14
a 6 49 0 1 27154826445555.83
a 6 50 0 1 20080686541551.566
a 6 51 0 1 27473164340179.31
a 6 52 0 1 8185968189579.111
a 6 53 0 1 23015887951673.066
a 6 54 0 1 14706711981778.928
a 6 55 0 1 19201176120300.555
a 6 56 0 1 8470739373014.906
a 6 57 0 1 9394365133167.57
a 6 58 0 1 17470460707078.404
a 6 59 0 1 8673700406234.483
a 6 60 0 1 21053814119263.03
a 6 61 0 1 19120192309300.508
a 6 62 0 1 18928163859515.49
a 6 63 0 1 8292118309813.348
a 6 64 0 1 30288140674872.9
a 6 65 0 1 15330066567027.057
a 6 66 0 1 28399250865958.44
a 6 67 0 1 14307558879558.914
a 6 68 0 1 8635109670176.838
a 6 69 0 1 9539959986488.215
a 6 70 0 1 19564017444094.46
a 6 71 0 1 22654541151812.37
a 6 72 0 1 8259884851881.257
a 6 73 0 1 23939538903407.72
a 6 74 0 1 21772189128909.906
a 6 75 0 1 20977582974202.402
a 6 76 0 1 15788027495474.549
a 6 77 0 1 14956703373403.994
a 6 78 0 1 14686698995424.889
a 6 79 0 1 27127696313031.707
a 6 80 0 1 7344318753483.295
a 7 21 0 1 2981070097640.8804
a 7 22 0 1 2499561249274.187
a 7 23 0 1 3486402911964.2793
a 7 24 0 1 2170642810344.089
a 7 25 0 1 2748621357932.209
a 7 26 0 1 6792031419851.241
a 7 27 0 1 4669943820172.663
a 7 28 0 1 5992650974178.288
a 7 29 0 1 1672328988195.1206
a 7 30 0 1 6187881089340.891
a 7 31 0 1 5539454057498.618
a 7 32 0 1 3933166438301.018
a 7 33 0 1 7738901428706.286
a 7 34 0 1 5056296342762.919
a 7 35 0 1 3911446624877.009
a 7 36 0 1 4351923418440.1855
a 7 37 0 1 5519450364460.66
a 7 38 0 1 7367717979293.879
a 7 39 0 1 2461512248537.328
a 7 40 0 1 7493717143509.068
a 7 41 0 1 6958777433838.287
a 7 42 0 1 5212444050784.765
a 7 43 0 1 3120019958500.8037
a 7 44 0 1 5549957105647.093
a 7 45 0 1 3388862281803.7827
a 7 46 0 1 5356664248788.885
a 7 47 0 1 4931639498398.363
a 7 48 0 1 4862357991715.773
a 7 49 0 1 6951136217313.399
a 7 50 0 1 5143400529703.52
a 7 51 0 1 7032433196762.214
a 7 52 0 1 2098862792297.6472
a 7 53 0 1 5893732124843.439
a 7 54 0 1 3768661836483.4966
a 7 55 0 1 4918495958127.395
a 7 56 0 1 2171824506721.456
a 7 57 0 1 2408443764168.3936
a 7 58 0 1 4475825959223.454
a 7 59 0 1 2223823330114.881
a 7 60 0 1 5392204970488.696
a 7 61 0 1 4897785426500.118
a 7 62 0 1 4848675557868.394
a 7 63 0 1 2126060113067.0862
a 7 64 0 1 7751127428471.786
a 7 65 0 1 3928189664974.2017
a 7 66 0 1 7268911501766.252
a 7 67 0 1 3666502316192.625
a 7 68 0 1 2213936483402.3037
a 7 69 0 1 2445739596808.8047
a 7 70 0 1 5011284267832.809
a 7 71 0 1 5801380670644.481
a 7 72 0 1 2117801449356.1875
a 7 73 0 1 6129768848503.946
a 7 74 0 1 5575848914024.614
a 7 75 0 1 5372716066740.901
a 7 76 0 1 4045379378413.4224
a 7 77 0 1 3832641247800.9116
a 7 78 0 1 3763539865309.594
a 7 79 0 1 6944207531834.069
a 7 80 0 1 1883201542613.2546
a 8 21 0 1 4825453205841.561
a 8 22 0 1 4045896839321.436
a 8 23 0 1 5643637796447.48
a 8 24 0 1 3513413050582.5327
a 8 25 0 1 4449115134861.661
a 8 26 0 1 10997237128646.338
a 8 27 0 1 7560140154010.594
a 8 28 0 1 9702376634555.115
a 8 29 0 1 2706743790590.195
a 8 30 0 1 10018602614901.4
a 8 31 0 1 8968340242977.0
a 8 32 0 1 6367041920444.253
a 8 33 0 1 12531196826606.553
a 8 34 0 1 8185829058073.441
a 8 35 0 1 6331871908146.073
a 8 36 0 1 7045139397285.89
a 8 37 0 1 8935941648848.035
a 8 38 0 1 11929843055173.488
a 8 39 0 1 3984298298212.938
a 8 40 0 1 12133970546437.871
a 8 41 0 1 11267355961835.148
a 8 42 0 1 8438716415938.211
a 8 43 0 1 5050421114091.806
a 8 44 0 1 8985351338576.756
a 8 45 0 1 5485705127114.489
a 8 46 0 1 8672291706248.478
a 8 47 0 1 7983946436569.443
a 8 48 0 1 7871746109365.044
a 8 49 0 1 11254977495438.08
a 8 50 0 1 8326897021829.613
a 8 51 0 1 11386676056213.842
a 8 52 0 1 3397212192790.2163
a 8 53 0 1 9542155177052.37
a 8 54 0 1 6100669007332.839
a 8 55 0 1 7962660591412.005
a 8 56 0 1 3515326046014.0312
a 8 57 0 1 3898384872664.336
a 8 58 0 1 7245783817024.953
a 8 59 0 1 3599504935234.7627
a 8 60 0 1 8729853274954.919
a 8 61 0 1 7929120152851.704
a 8 62 0 1 7849587750742.787
a 8 63 0 1 3441240350634.2314
a 8 64 0 1 12551004693394.281
a 8 65 0 1 6358983223777.585
a 8 66 0 1 11769772194152.441
a 8 67 0 1 5935251071342.744
a 8 68 0 1 3583499452476.0063
a 8 69 0 1 3958763629995.918
a 8 70 0 1 8112931277348.867
a 8 71 0 1 9392573143192.006
a 8 72 0 1 3427870863132.563
a 8 73 0 1 9924473796169.625
a 8 74 0 1 9027286704856.041
a 8 75 0 1 8698289111287.735
a 8 76 0 1 6548745514848.727
a 8 77 0 1 6204266474184.213
a 8 78 0 1 6092375392027.232
a 8 79 0 1 11243753312624.684
a 8 80 0 1 3048096802530.454
a 9 21 0 1 7947220522162.7705
a 9 22 0 1 6662952797112.127
a 9 23 0 1 9295286260745.242
a 9 24 0 1 5785806634073.121
a 9 25 0 1 7327209724526.433
a 9 26 0 1 18120102060152.164
a 9 27 0 1 12453617774002.033
a 9 28 0 1 15985021043905.52
a 9 29 0 1 4457134731211.999
a 9 30 0 1 16506404414498.219
a 9 31 0 1 14774860039077.441
a 9 32 0 1 10487325856663.59
a 9 33 0 1 20649965814029.293
a 9 34 0 1 13484927674608.756
a 9 35 0 1 10429369041146.88
a 9 36 0 1 11604825084393.748
a 9 37 0 1 14721449510960.799
a 9 38 0 1 19658121526540.316
a 9 39 0 1 6561479623355.809
a 9 40 0 1 19994789696647.18
a 9 41 0 1 18565550070510.17
a 9 42 0 1 13901783939408.27
a 9 43 0 1 8317868074466.374
a 9 44 0 1 14802903692704.463
a 9 45 0 1 9035058795562.914
a 9 46 0 1 14286820423141.57
a 9 47 0 1 13152158257070.705
a 9 48 0 1 12967219296148.982
a 9 49 0 1 18545136575579.855
a 9 50 0 1 13717460348823.295
a 9 51 0 1 18762324374921.695
a 9 52 0 1 5594401351925.011
a 9 53 0 1 15720862384924.246
a 9 54 0 1 10048376349981.168
a 9 55 0 1 13117072719477.846
a 9 56 0 1 5788957735188.772
a 9 57 0 1 6419953347526.685
a 9 58 0 1 11935507165173.553
a 9 59 0 1 5927618752948.631
a 9 60 0 1 14381709680112.352
a 9 61 0 1 13061788116318.717
a 9 62 0 1 12930696205468.285
a 9 63 0 1 5666923851467.113
a 9 64 0 1 20682637483908.23
a 9 65 0 1 10474045868684.164
a 9 66 0 1 19394123294780.434
a 9 67 0 1 9775796896926.717
a 9 68 0 1 5901254092835.059
a 9 69 0 1 6519415851186.865
a 9 70 0 1 13364766833614.604
a 9 71 0 1 15474250752051.51
a 9 72 0 1 5644901788459.415
a 9 73 0 1 16351205227910.412
a 9 74 0 1 14872036574587.686
a 9 75 0 1 14329676597658.264
a 9 76 0 1 10786760840576.23
a 9 77 0 1 10219090047270.223
a 9 78 0 1 10034709781099.8
a 9 79 0 1 18526626657835.207
a 9 80 0 1 5019360733477.585
a 10 21 0 1 6309440518829.214
a 10 22 0 1 5289998605403.868
a 10 23 0 1 7379457929457.168
a 10 24 0 1 4593690953673.761
a 10 25 0 1 5817288443368.758
a 10 26 0 1 14382398699085.768
a 10 27 0 1 9886092369786.664
a 10 28 0 1 12688372603736.45
a 10 29 0 1 3538892008511.822
a 10 30 0 1 13102066943707.123
a 10 31 0 1 11728124543012.707
a 10 32 0 1 8325573644047.22
a 10 33 0 1 16389432451921.729
a 10 34 0 1 10704518041606.283
a 10 35 0 1 8279574855877.261
a 10 36 0 1 9212478392521.658
a 10 37 0 1 11685742664421.365
a 10 38 0 1 15602594776557.225
a 10 39 0 1 5209447325111.6455
a 10 40 0 1 15869680380314.07
a 10 41 0 1 14735806477601.232
a 10 42 0 1 11035314949854.893
a 10 43 0 1 6603646155667.761
a 10 44 0 1 11750377466991.486
a 10 45 0 1 7172909600634.593
a 10 46 0 1 11340855399818.33
a 10 47 0 1 10440443671034.967
a 10 48 0 1 10293680663307.854
a 10 49 0 1 14719611063583.37
a 10 50 0 1 10889045499120.63
a 10 51 0 1 14891920110918.807
a 10 52 0 1 4441743252866.958
a 10 53 0 1 12478770630363.555
a 10 54 0 1 7977187903298.57
a 10 55 0 1 10412600751074.457
a 10 56 0 1 4596192453911.129
a 10 57 0 1 5097100504283.815
a 10 58 0 1 9474915636181.307
a 10 59 0 1 4706268071478.127
a 10 60 0 1 11416152616447.18
a 10 61 0 1 10368728312673.986
a 10 62 0 1 10264696684892.73
a 10 63 0 1 4499315635563.679
a 10 64 0 1 16415350506146.629
a 10 65 0 1 8315033680796.844
a 10 66 0 1 15393156697318.62
a 10 67 0 1 7760843202664.263
a 10 68 0 1 4685338623852.139
a 10 69 0 1 5176056211762.354
a 10 70 0 1 10609163010638.967
a 10 71 0 1 12283089319482.688
a 10 72 0 1 4481833321418.501
a 10 73 0 1 12978924416336.592
a 10 74 0 1 11805234984180.492
a 10 75 0 1 11374862986671.902
a 10 76 0 1 8563225235819.129
a 10 77 0 1 8112680929080.503
a 10 78 0 1 7966340895068.913
a 10 79 0 1 14704925873226.572
a 10 80 0 1 3985237098877.7817
a 11 21 0 1 5639141960628.325
a 11 22 0 1 4728061866122.946
a 11 23 0 1 6595397163361.453
a 11 24 0 1 4105755335433.471
a 11 25 0 1 5199306144444.884
a 11 26 0 1 12853179932956.768
a 11 27 0 1 8835432926742.756
a 11 28 0 1 11339507586055.732
a 11 29 0 1 3163036505135.536
a 11 30 0 1 11709163939657.227
a 11 31 0 1 10481464004194.781
a 11 32 0 1 7440902793916.183
a 11 33 0 1 14646454344925.713
a 11 34 0 1 9566783335550.12
a 11 35 0 1 7399795976650.405
a 11 36 0 1 8233476172857.795
a 11 37 0 1 10443592596613.135
a 11 38 0 1 13943429417764.209
a 11 39 0 1 4656071834153.69
a 11 40 0 1 14182066991706.418
a 11 41 0 1 13168954381289.867
a 11 42 0 1 9862381404705.611
a 11 43 0 1 5902070712705.112
a 11 44 0 1 10501348655712.273
a 11 45 0 1 6410810609434.635
a 11 46 0 1 10135408330670.252
a 11 47 0 1 9330806393351.836
a 11 48 0 1 9199658262591.275
a 11 49 0 1 13154483627968.531
a 11 50 0 1 9731676224590.973
a 11 51 0 1 13308443072514.9
a 11 52 0 1 3969954690883.7173
a 11 53 0 1 11152216425536.416
a 11 54 0 1 7129566722370.976
a 11 55 0 1 9305925862179.975
a 11 56 0 1 4107991004027.455
a 11 57 0 1 4555665356642.025
a 11 58 0 1 8467997237065.387
a 11 59 0 1 4206368872858.473
a 11 60 0 1 10202692618795.852
a 11 61 0 1 9266721262531.629
a 11 62 0 1 9173757984087.002
a 11 63 0 1 4021409077256.303
a 11 64 0 1 14669611416756.49
a 11 65 0 1 7431483759797.263
a 11 66 0 1 13756298076845.63
a 11 67 0 1 6936228227054.249
a 11 68 0 1 4187663620477.4873
a 11 69 0 1 4626229593778.857
a 11 70 0 1 9481574225417.547
a 11 71 0 1 10977363292053.795
a 11 72 0 1 4005784549255.142
a 11 73 0 1 11599130392784.719
a 11 74 0 1 10550367902930.777
a 11 75 0 1 10165796936414.287
a 11 76 0 1 7653279402430.995
a 11 77 0 1 7250650829410.244
a 11 78 0 1 7119873214891.472
a 11 79 0 1 13141362268592.738
a 11 80 0 1 3561957129240.253
a 12 21 0 1 6837019556446.598
a 12 22 0 1 5732278288834.461
a 12 23 0 1 7996591447363.874
a 12 24 0 1 4977721236594.982
a 12 25 0 1 6303685128798.891
a 12 26 0 1 15586229980749.654
a 12 27 0 1 10713110831548.152
a 12 28 0 1 13750186435014.242
a 12 29 0 1 3834702688036.3447
a 12 30 0 1 14198556999673.52
a 12 31 0 1 12709463331910.217
a 12 32 0 1 9021911683335.484
a 12 33 0 1 17761599679401.176
a 12 34 0 1 11600093170510.205
a 12 35 0 1 8972061652529.398
a 12 36 0 1 9983081061944.367
a 12 37 0 1 12663530020165.047
a 12 38 0 1 16908757517485.268
a 12 39 0 1 5644987998511.143
a 12 40 0 1 17198246350433.17
a 12 41 0 1 15969273014456.057
a 12 42 0 1 11958603756889.432
a 12 43 0 1 7155846178348.124
a 12 44 0 1 12733580977603.959
a 12 45 0 1 7772754314782.635
a 12 46 0 1 12289743968593.592
a 12 47 0 1 11313896679887.148
a 12 48 0 1 11154839626201.264
a 12 49 0 1 15951719465578.578
a 12 50 0 1 11800079784695.406
a 12 51 0 1 16138478497478.459
a 12 52 0 1 4813063743175.681
a 12 53 0 1 13523016805618.62
a 12 54 0 1 8644358491595.333
a 12 55 0 1 11283721379158.201
a 12 56 0 1 4980431980945.227
a 12 57 0 1 5523242343434.128
a 12 58 0 1 10267496539387.422
a 12 59 0 1 5099715272415.286
a 12 60 0 1 12371350275900.473
a 12 61 0 1 11236173811997.73
a 12 62 0 1 11123427770663.371
a 12 63 0 1 4875451759309.932
a 12 64 0 1 17789692110152.66
a 12 65 0 1 9010489259109.533
a 12 66 0 1 16681752747176.785
a 12 67 0 1 8409902318215.85
a 12 68 0 1 5077035085831.517
a 12 69 0 1 5608803387056.167
a 12 70 0 1 11496749860158.918
a 12 71 0 1 13310935419567.1
a 12 72 0 1 4856507132269.201
a 12 73 0 1 14065092182753.914
a 12 74 0 1 12793035418232.328
a 12 75 0 1 12326601007968.373
a 12 76 0 1 9279461328329.447
a 12 77 0 1 8791194924278.338
a 12 78 0 1 8632603393958.369
a 12 79 0 1 15935802791293.63
a 12 80 0 1 4318375648329.633
a 13 21 0 1 13911627066487.23
a 13 22 0 1 11662218647444.592
a 13 23 0 1 16273316338744.996
a 13 24 0 1 10126175144731.64
a 13 25 0 1 12825609225277.227
a 13 26 0 1 31747235360582.03
a 13 27 0 1 21808587632685.04
a 13 28 0 1 28001293023791.594
a 13 29 0 1 7799871128800.426
a 13 30 0 1 28915917946959.637
a 13 31 0 1 25878714697076.24
a 13 32 0 1 18362121286514.953
a 13 33 0 1 36187613200261.586
a 13 34 0 1 23616711129988.953
a 13 35 0 1 18260553875731.332
a 13 36 0 1 20320701353596.793
a 13 37 0 1 25785044849779.977
a 13 38 0 1 34446510601624.33
a 13 39 0 1 11484508623190.125
a 13 40 0 1 35037470728495.305
a 13 41 0 1 32528937168826.055
a 13 42 0 1 24347647853747.234
a 13 43 0 1 14560913122714.65
a 13 44 0 1 25927897197495.613
a 13 45 0 1 15817378416024.818
a 13 46 0 1 25022837142222.34
a 13 47 0 1 23033254448163.188
a 13 48 0 1 22709008823152.938
a 13 49 0 1 32493112886328.348
a 13 50 0 1 24024439087562.145
a 13 51 0 1 32874269086127.08
a 13 52 0 1 9791020428180.54
a 13 53 0 1 27537930308055.97
a 13 54 0 1 17592902117341.2
a 13 55 0 1 22971739665920.68
a 13 56 0 1 10131692882569.834
a 13 57 0 1 11236658788927.14
a 13 58 0 1 20900342577224.992
a 13 59 0 1 10374498333177.264
a 13 60 0 1 25189239237589.49
a 13 61 0 1 22874811019385.145
a 13 62 0 1 22644975669347.96
a 13 63 0 1 9918007560711.04
a 13 64 0 1 36244970790727.055
a 13 65 0 1 18338848454791.96
a 13 66 0 1 33983133621022.457
a 13 67 0 1 17115260805348.527
a 13 68 0 1 10328331462031.674
a 13 69 0 1 11410843230753.684
a 13 70 0 1 23406024886977.09
a 13 71 0 1 27105366145980.348
a 13 72 0 1 9879446688401.338
a 13 73 0 1 28643654645566.71
a 13 74 0 1 26049142335945.613
a 13 75 0 1 25097991330067.062
a 13 76 0 1 18886887483906.55
a 13 77 0 1 17892055425852.336
a 13 78 0 1 17568953634779.082
a 13 79 0 1 32460629361029.21
a 13 80 0 1 8784178804826.073
a 14 21 0 1 4269497470772.2275
a 14 22 0 1 3579793279829.277
a 14 23 0 1 4993362222812.682
a 14 24 0 1 3108675718249.1045
a 14 25 0 1 3936538153029.101
a 14 26 0 1 9729413667706.105
a 14 27 0 1 6688869766487.497
a 14 28 0 1 8583979548789.173
a 14 29 0 1 2394958578187.317
a 14 30 0 1 8863716816451.129
a 14 31 0 1 7934633157045.809
a 14 32 0 1 5633359649208.04
a 14 33 0 1 11086304034514.498
a 14 34 0 1 7242390844012.838
a 14 35 0 1 5602244936181.179
a 14 36 0 1 6233263010950.801
a 14 37 0 1 7905972283264.152
a 14 38 0 1 10554372832345.373
a 14 39 0 1 3525294018472.21
a 14 40 0 1 10734936021999.213
a 14 41 0 1 9968355928754.82
a 14 42 0 1 7466107212896.458
a 14 43 0 1 4468532777839.101
a 14 44 0 1 7949681728041.137
a 14 45 0 1 4853637163169.083
a 14 46 0 1 7672737859275.457
a 14 47 0 1 7063794649364.526
a 14 48 0 1 6964535808231.572
a 14 49 0 1 9957406197539.582
a 14 50 0 1 7367186562348.743
a 14 51 0 1 10073903791753.512
a 14 52 0 1 3005865572481.7383
a 14 53 0 1 8442244842579.754
a 14 54 0 1 5397700300642.007
a 14 55 0 1 7044963993298.643
a 14 56 0 1 3110368261958.9336
a 14 57 0 1 3449282033232.884
a 14 58 0 1 6410768254304.163
a 14 59 0 1 3184846373297.5195
a 14 60 0 1 7723659076767.077
a 14 61 0 1 7015292212919.995
a 14 62 0 1 6944933219030.056
a 14 63 0 1 3044820066846.4414
a 14 64 0 1 11103825061079.154
a 14 65 0 1 5626230167939.521
a 14 66 0 1 10412779728174.863
a 14 67 0 1 5251354690572.63
a 14 68 0 1 3170685375691.391
a 14 69 0 1 3502702214498.732
a 14 70 0 1 7177901667886.558
a 14 71 0 1 8309921412230.131
a 14 72 0 1 3032991240948.8394
a 14 73 0 1 8780449588243.584
a 14 74 0 1 7986779094220.85
a 14 75 0 1 7695736191336.9795
a 14 76 0 1 5794111339332.654
a 14 77 0 1 5489352879048.478
a 14 78 0 1 5390362936330.65
a 14 79 0 1 9947477518210.002
a 14 80 0 1 2696979507260.542
a 15 21 0 1 3353811408819.587
a 15 22 0 1 2812077089016.967
a 15 23 0 1 3922357594124.568
a 15 24 0 1 2442022980886.5083
a 15 25 0 1 3092287841914.548
a 15 26 0 1 7641699799260.94
a 15 27 0 1 5253983046655.41
a 15 28 0 1 6742240952222.201
a 15 29 0 1 1881394998574.1213
a 15 30 0 1 6961910980602.612
a 15 31 0 1 6232315272256.351
a 15 32 0 1 4425014802540.531
a 15 33 0 1 8707139978823.606
a 15 34 0 1 5688685797330.664
a 15 35 0 1 4400577517533.568
a 15 36 0 1 4896167496313.91
a 15 37 0 1 6209807777523.375
a 15 38 0 1 8289472252949.248
a 15 39 0 1 2769269370337.7603
a 15 40 0 1 8431250121627.256
a 15 41 0 1 7829324186318.757
a 15 42 0 1 5864376040799.666
a 15 43 0 1 3510142037385.8555
a 15 44 0 1 6244132960337.812
a 15 45 0 1 3812614713164.5103
a 15 46 0 1 6026646699053.362
a 15 47 0 1 5548428197634.847
a 15 48 0 1 5470476355302.135
a 15 49 0 1 7820726188556.745
a 15 50 0 1 5786691338240.017
a 15 51 0 1 7912202720766.146
a 15 52 0 1 2361266373265.1553
a 15 53 0 1 6630939402746.54
a 15 54 0 1 4239928609899.3564
a 15 55 0 1 5533639777799.92
a 15 56 0 1 2443352457996.1484
a 15 57 0 1 2709563787401.2944
a 15 58 0 1 5035574061408.51
a 15 59 0 1 2501854201497.0093
a 15 60 0 1 6066635766628.629
a 15 61 0 1 5510337388869.693
a 15 62 0 1 5455081631628.706
a 15 63 0 1 2391864888168.248
a 15 64 0 1 8720897148640.78
a 15 65 0 1 4419415359527.88
a 15 66 0 1 8178292734579.461
a 15 67 0 1 4124988092631.1265
a 15 68 0 1 2490730909019.16
a 15 69 0 1 2751524076067.6587
a 15 70 0 1 5638040420705.1045
a 15 71 0 1 6527027643927.721
a 15 72 0 1 2382573424655.276
a 15 73 0 1 6896523820375.578
a 15 74 0 1 6273265596067.506
a 15 75 0 1 6044707588698.039
a 15 76 0 1 4551267493379.016
a 15 77 0 1 4311912544517.4165
a 15 78 0 1 4234165829912.104
a 15 79 0 1 7812929941775.764
a 15 80 0 1 2118636191221.965
a 16 21 0 1 9091595453350.576
a 16 22 0 1 7622234856486.945
a 16 23 0 1 10634016222314.496
a 16 24 0 1 6618707501198.386
a 16 25 0 1 8382218849796.516
a 16 26 0 1 20732841025888.293
a 16 27 0 1 14247965086228.176
a 16 28 0 1 18289253806796.707
a 16 29 0 1 5098653173365.704
a 16 30 0 1 18885957881019.73
a 16 31 0 1 16904308966099.139
a 16 32 0 1 11997973566676.805
a 16 33 0 1 23628479458169.6
a 16 34 0 1 15428132728226.904
a 16 35 0 1 11931656882996.453
a 16 36 0 1 13276689260947.143
a 16 37 0 1 16843185627160.648
a 16 38 0 1 22493202523541.938
a 16 39 0 1 7506139705781.406
a 16 40 0 1 22878552768371.99
a 16 41 0 1 21242675449356.47
a 16 42 0 1 15905168888667.355
a 16 43 0 1 9515673591037.312
a 16 44 0 1 16936402340336.986
a 16 45 0 1 10336265539019.453
a 16 46 0 1 16345797444678.65
a 16 47 0 1 15047327446094.613
a 16 48 0 1 14835694033985.244
a 16 49 0 1 21219311160392.11
a 16 50 0 1 15694234412707.55
a 16 51 0 1 21467894518540.78
a 16 52 0 1 6399727996731.231
a 16 53 0 1 17986937895559.402
a 16 54 0 1 11495711819587.771
a 16 55 0 1 15007177493427.799
a 16 56 0 1 6622312567786.67
a 16 57 0 1 7344220575059.95
a 16 58 0 1 13655086424647.164
a 16 59 0 1 6780950250189.87
a 16 60 0 1 16454387803270.385
a 16 61 0 1 14943912940026.945
a 16 62 0 1 14793899282804.168
a 16 63 0 1 6482698066943.943
a 16 64 0 1 23665876483498.117
a 16 65 0 1 11982778021378.537
a 16 66 0 1 22191033280845.055
a 16 67 0 1 11183820331629.846
a 16 68 0 1 6750787220698.426
a 16 69 0 1 7458014786061.382
a 16 70 0 1 15290625967615.273
a 16 71 0 1 17704706044668.188
a 16 72 0 1 6457503490697.654
a 16 73 0 1 18708337043458.746
a 16 74 0 1 17015518673196.258
a 16 75 0 1 16394841598693.785
a 16 76 0 1 12340602001201.111
a 16 77 0 1 11691047676281.154
a 16 78 0 1 11480074159518.719
a 16 79 0 1 21198125626594.12
a 16 80 0 1 5741854255543.129
a 17 21 0 1 12068837102248.969
a 17 22 0 1 10117741516726.525
a 17 23 0 1 14117178790737.236
a 17 24 0 1 8785328575444.258
a 17 25 0 1 11126861888040.822
a 17 26 0 1 27534367210268.242
a 17 27 0 1 18917454112512.39
a 17 28 0 1 24286903396918.95
a 17 29 0 1 6767299621824.8545
a 17 30 0 1 25079852114664.633
a 17 31 0 1 22446614549628.68
a 17 32 0 1 15928719106818.926
a 17 33 0 1 31383373919255.203
a 17 34 0 1 20485311498899.22
a 17 35 0 1 15840636267099.455
a 17 36 0 1 17627215304415.758
a 17 37 0 1 22365399443319.13
a 17 38 0 1 29874214461161.086
a 17 39 0 1 9963593390939.78
a 17 40 0 1 30386458137905.875
a 17 41 0 1 28211999697090.2
a 17 42 0 1 21119095653364.906
a 17 43 0 1 12631990985215.125
a 17 44 0 1 22489257442517.76
a 17 45 0 1 13721745963403.564
a 17 46 0 1 21704529453783.43
a 17 47 0 1 19979394878502.043
a 17 48 0 1 19698236852455.797
a 17 49 0 1 28180945118671.52
a 17 50 0 1 20838847979578.68
a 17 51 0 1 28511351804124.355
a 17 52 0 1 8494596422627.527
a 17 53 0 1 23885175195344.97
a 17 54 0 1 15261618314494.514
a 17 55 0 1 19926054744065.63
a 17 56 0 1 8790114948368.71
a 17 57 0 1 9748603630139.84
a 17 58 0 1 18129865271753.414
a 17 59 0 1 9000736232822.674
a 17 60 0 1 21848809225338.67
a 17 61 0 1 19842006660315.277
a 17 62 0 1 19642712457734.84
a 17 63 0 1 8604752591922.809
a 17 64 0 1 31433089175808.3
a 17 65 0 1 15908536110743.318
a 17 66 0 1 29472553240518.484
a 17 67 0 1 14847378807190.904
a 17 68 0 1 8960688958363.361
a 17 69 0 1 9899694768457.48
a 17 70 0 1 20302626018713.277
a 17 71 0 1 23510143711125.867
a 17 72 0 1 8571302649694.734
a 17 73 0 1 24843811409671.207
a 17 74 0 1 22594380807925.707
a 17 75 0 1 21769692360378.316
a 17 76 0 1 16383810498494.045
a 17 77 0 1 15521059122664.928
a 17 78 0 1 15240848882317.79
a 17 79 0 1 28152786474041.973
a 17 80 0 1 7621187181156.238
a 18 21 0 1 3421743270285.4536
a 18 22 0 1 2869032430600.879
a 18 23 0 1 4001810734957.994
a 18 24 0 1 2491481158053.455
a 18 25 0 1 3154920587169.5864
a 18 26 0 1 7796561361558.369
a 18 27 0 1 5360426877091.76
a 18 28 0 1 6878860245781.739
a 18 29 0 1 1919496294106.6873
a 18 30 0 1 7102985130239.998
a 18 31 0 1 6358594280168.183
a 18 32 0 1 4514655300199.0205
a 18 33 0 1 8883615128699.965
a 18 34 0 1 5803942437350.366
a 18 35 0 1 4489722716760.893
a 18 36 0 1 4995357940919.723
a 18 37 0 1 6335630406439.8
a 18 38 0 1 8457473923936.44
a 18 39 0 1 2825357409452.345
a 18 40 0 1 8602128033152.61
a 18 41 0 1 7987991516471.256
a 18 42 0 1 5983194737132.921
a 18 43 0 1 3581241700664.5107
a 18 44 0 1 6370651593601.277
a 18 45 0 1 3889843854324.087
a 18 46 0 1 6148755505059.549
a 18 47 0 1 5660841270945.759
a 18 48 0 1 5581309082287.51
a 18 49 0 1 7979219113494.167
a 18 50 0 1 5903934987118.471
a 18 51 0 1 8072551210227.477
a 18 52 0 1 2409088536961.196
a 18 53 0 1 6765301615029.923
a 18 54 0 1 4325817824591.214
a 18 55 0 1 5645753037820.825
a 18 56 0 1 2492837568729.4336
a 18 57 0 1 2764442180740.798
a 18 58 0 1 5137590385608.55
a 18 59 0 1 2552524493711.7393
a 18 60 0 1 6189555388005.21
a 18 61 0 1 5621978229611.075
a 18 62 0 1 5565602259149.561
a 18 63 0 1 2440306930400.3438
a 18 64 0 1 8897651412723.404
a 18 65 0 1 4508942366612.309
a 18 66 0 1 8344038979249.499
a 18 67 0 1 4208547802331.5913
a 18 68 0 1 2541175854213.4727
a 18 69 0 1 2807252590578.4707
a 18 70 0 1 5752270271280.619
a 18 71 0 1 6659282685580.514
a 18 72 0 1 2430827235751.223
a 18 73 0 1 7036271909880.024
a 18 74 0 1 6400374949921.391
a 18 75 0 1 6167182595021.479
a 18 76 0 1 4643466944151.454
a 18 77 0 1 4399260693106.589
a 18 78 0 1 4319938248567.807
a 18 79 0 1 7971264724839.338
a 18 80 0 1 2161543200854.481
a 19 21 0 1 6766392704876.912
a 19 22 0 1 5673070940494.778
a 19 23 0 1 7913975225913.796
a 19 24 0 1 4926311950762.311
a 19 25 0 1 6238571614078.846
a 19 26 0 1 15425062570947.443
a 19 27 0 1 10602394805891.104
a 19 28 0 1 13608034155050.98
a 19 29 0 1 3795103514034.532
a 19 30 0 1 14051761868741.469
a 19 31 0 1 12578085850581.139
a 19 32 0 1 8928691544804.066
a 19 33 0 1 17577892582280.006
a 19 34 0 1 11480198390169.924
a 19 35 0 1 8879357123002.158
a 19 36 0 1 9879918207799.994
a 19 37 0 1 12532628036026.004
a 19 38 0 1 16733888316879.346
a 19 39 0 1 5586682830982.908
a 19 40 0 1 17020377405859.498
a 19 41 0 1 15804137586152.912
a 19 42 0 1 11834998476819.092
a 19 43 0 1 7081923141211.665
a 19 44 0 1 12601953830753.107
a 19 45 0 1 7692452699548.836
a 19 46 0 1 12162711196381.756
a 19 47 0 1 11196963747921.217
a 19 48 0 1 11039552692676.443
a 19 49 0 1 15786765885531.62
a 19 50 0 1 11678115227607.734
a 19 51 0 1 15971590125837.016
a 19 52 0 1 4763355952210.069
a 19 53 0 1 13383216672828.982
a 19 54 0 1 8555043316690.416
a 19 55 0 1 11167100720218.002
a 19 56 0 1 4928994682991.996
a 19 57 0 1 5466195437017.678
a 19 58 0 1 10161391161663.234
a 19 59 0 1 5047045315106.917
a 19 60 0 1 12243472791627.982
a 19 61 0 1 11120045200883.607
a 19 62 0 1 11008465894984.025
a 19 63 0 1 4825099286768.793
a 19 64 0 1 17605693865468.12
a 19 65 0 1 8917387265552.287
a 19 66 0 1 16509235679164.186
a 19 67 0 1 8323011911551.794
a 19 68 0 1 5024599505454.302
a 19 69 0 1 5550872197006.89
a 19 70 0 1 11377924602341.348
a 19 71 0 1 13173331098202.893
a 19 72 0 1 4806350423485.03
a 19 73 0 1 13919679121780.857
a 19 74 0 1 12660792794003.545
a 19 75 0 1 12199186728150.479
a 19 76 0 1 9183577208148.875
a 19 77 0 1 8700361086922.506
a 19 78 0 1 8543409794484.888
a 19 79 0 1 15771014101458.744
a 19 80 0 1 4273779352780.7227
a 20 21 0 1 8759205453119.729
a 20 22 0 1 7343610313033.175
a 20 23 0 1 10245168559614.832
a 20 24 0 1 6376793013504.292
a 20 25 0 1 8075787877053.862
a 20 26 0 1 19973865572407.145
a 20 27 0 1 13726759355413.066
a 20 28 0 1 17619913296420.98
a 20 29 0 1 4912328263527.011
a 20 30 0 1 18194733731566.582
a 20 31 0 1 16285749025470.486
a 20 32 0 1 11559184492139.098
a 20 33 0 1 22763224137696.73
a 20 34 0 1 14863681287196.393
a 20 35 0 1 11495296348855.797
a 20 36 0 1 12791066179340.95
a 20 37 0 1 16226866483501.27
a 20 38 0 1 21669623897482.062
a 20 39 0 1 7231762459572.048
a 20 40 0 1 22040828881169.273
a 20 41 0 1 20464992273948.785
a 20 42 0 1 15323233864043.547
a 20 43 0 1 9167762864514.59
a 20 44 0 1 16316665836377.4
a 20 45 0 1 9958318033204.88
a 20 46 0 1 15747711547348.713
a 20 47 0 1 14496831357123.973
a 20 48 0 1 14292953154450.58
a 20 49 0 1 20442485353931.652
a 20 50 0 1 15120030456901.33
a 20 51 0 1 20681946543794.676
a 20 52 0 1 6165822916849.101
a 20 53 0 1 17328683471168.066
a 20 54 0 1 11075314858440.521
a 20 55 0 1 14458152709062.133
a 20 56 0 1 6380266217699.451
a 20 57 0 1 7075766896431.356
a 20 58 0 1 13155601690340.064
a 20 59 0 1 6533101310808.457
a 20 60 0 1 15852321374335.672
a 20 61 0 1 14397206473740.553
a 20 62 0 1 14252689909732.04
a 20 63 0 1 6245758314457.374
a 20 64 0 1 22799248117333.695
a 20 65 0 1 11544545416237.201
a 20 66 0 1 21378545699909.742
a 20 67 0 1 10774843363486.479
a 20 68 0 1 6504041588951.87
a 20 69 0 1 7185398139795.014
a 20 70 0 1 14731213865918.877
a 20 71 0 1 17056800542086.139
a 20 72 0 1 6221485248582.53
a 20 73 0 1 18023627297269.066
a 20 74 0 1 16392881678826.707
a 20 75 0 1 15794957931116.848
a 20 76 0 1 11889265183169.96
a 20 77 0 1 11263498036385.322
a 20 78 0 1 11060249794429.957
a 20 79 0 1 20422077234294.582
a 20 80 0 1 5532009265886.176
a 21 1 0 1 0
a 22 1 0 1 0
a 23 1 0 1 0
a 24 1 0 1 0
a 25 1 0 1 0
a 26 1 0 1 0
a 27 1 0 1 0
a 28 1 0 1 0
a 29 1 0 1 0
a 30 1 0 1 0
a 31 1 0 1 0
a 32 1 0 1 0
a 33 1 0 1 0
a 34 1 0 1 0
a 35 1 0 1 0
a 36 1 0 1 0
a 37 1 0 1 0
a 38 1 0 1 0
a 39 1 0 1 0
a 40 1 0 1 0
a 41 1 0 1 0
a 42 1 0 1 0
a 43 1 0 1 0
a 44 1 0 1 0
a 45 1 0 1 0
a 46 1 0 1 0
a 47 1 0 1 0
a 48 1 0 1 0
a 49 1 0 1 0
a 50 1 0 1 0
a 51 1 0 1 0
a 52 1 0 1 0
a 53 1 0 1 0
a 54 1 0 1 0
a 55 1 0 1 0
a 56 1 0 1 0
a 57 1 0 1 0
a 58 1 0 1 0
a 59 1 0 1 0
a 60 1 0 1 0
a 61 1 0 1 0
a 62 1 0 1 0
a 63 1 0 1 0
a 64 1 0 1 0
a 65 1 0 1 0
a 66 1 0 1 0
a 67 1 0 1 0
a 68 1 0 1 0
a 69 1 0 1 0
a 70 1 0 1 0
a 71 1 0 1 0
a 72 1 0 1 0
a 73 1 0 1 0
a 74 1 0 1 0
a 75 1 0 1 0
a 76 1 0 1 0
a 77 1 0 1 0
a 78 1 0 1 0
a 79 1 0 1 0
a 80 1 0 1 0
