p min 81 1333
n 0 22
n 1 -22
a 0 2 0 1 0
a 0 3 0 1 0
a 0 4 0 1 0
a 0 5 0 1 0
a 0 6 0 1 0
a 0 7 0 1 0
a 0 8 0 1 0
a 0 9 0 1 0
a 0 10 0 1 0
a 0 11 0 1 0
a 0 12 0 1 0
a 0 13 0 1 0
a 0 14 0 1 0
a 0 15 0 1 0
a 0 16 0 1 0
a 0 17 0 1 0
a 0 18 0 1 0
a 0 19 0 1 0
a 0 20 0 1 0
a 0 21 0 1 0
a 0 22 0 1 0
a 0 23 0 1 0
a 2 24 0 1 4061268065582.5166
a 2 25 0 1 12251606233755.816
a 2 26 0 1 6889627887761.918
a 2 27 0 1 6331900946709.038
a 2 28 0 1 6166842180949.468
a 2 29 0 1 9382481567238.602
a 2 30 0 1 8181150829822.657
a 2 31 0 1 12759484560749.023
a 2 32 0 1 9590299569533.494
a 2 33 0 1 6491491807791.902
a 2 34 0 1 4107896865130.98
a 2 35 0 1 8368878222396.736
a 2 36 0 1 4502295498857.462
a 2 37 0 1 8691304870250.036
a 2 38 0 1 5220716073876.607
a 2 39 0 1 12603357268301.582
a 2 40 0 1 5168047935520.988
a 2 41 0 1 12203886049797.238
a 2 42 0 1 9379537882802.756
a 2 43 0 1 7477983050844.38
a 2 44 0 1 6265097461445.237
a 2 45 0 1 10789576565094.984
a 2 46 0 1 6204949242955.718
a 2 47 0 1 9340336247887.793
a 2 48 0 1 13304650921242.426
a 2 49 0 1 7335279701131.897
a 2 50 0 1 9480164853822.062
a 2 51 0 1 3005123399654.211
a 2 52 0 1 5144419369295.493
a 2 53 0 1 4389297989591.659
a 2 54 0 1 13285963024167.695
a 2 55 0 1 11100896466118.533
a 2 56 0 1 8659830731204.679
a 2 57 0 1 12252301495376.172
a 2 58 0 1 12285636458280.703
a 2 59 0 1 9049398481213.555
a 2 60 0 1 9829971184400.055
a 2 61 0 1 5495624491532.205
a 2 62 0 1 4015722840695.445
a 2 63 0 1 2776084112839.069
a 2 64 0 1 12874558576838.928
a 2 65 0 1 11487193368378.87
a 2 66 0 1 2966655940499.705
a 2 67 0 1 4148715258710.1724
a 2 68 0 1 4992972172721.544
a 2 69 0 1 5655006785612.431
a 2 70 0 1 11739309265803.096
a 2 71 0 1 6779691736818.468
a 2 72 0 1 10451590704609.207
a 2 73 0 1 5638642671159.362
a 2 74 0 1 4385046104104.693
a 2 75 0 1 9432426725197.04
a 2 76 0 1 6171522215154.339
a 2 77 0 1 3914764925378.53
a 2 78 0 1 4631017787759.475
a 2 79 0 1 4709805889453.617
a 2 80 0 1 4593882948264.764
a 3 24 0 1 5081628315383.842
a 3 25 0 1 15333357704539.164
a 3 26 0 1 8621295971362.15
a 3 27 0 1 7923259674500.74
a 3 28 0 1 7716680810793.962
a 3 29 0 1 11741561498450.582
a 3 30 0 1 10237818539581.047
a 3 31 0 1 15969222067611.543
a 3 32 0 1 12001704364726.773
a 3 33 0 1 8122997074470.832
a 3 34 0 1 5139979152100.368
a 3 35 0 1 10472795839130.977
a 3 36 0 1 5633532155141.94
a 3 37 0 1 10876381389586.9
a 3 38 0 1 6532597273539.031
a 3 39 0 1 15773748488133.55
a 3 40 0 1 6466684630817.427
a 3 41 0 1 15273612931702.898
a 3 42 0 1 11737876669323.342
a 3 43 0 1 9357690187199.518
a 3 44 0 1 7839651710496.736
a 3 45 0 1 13502999145632.074
a 3 46 0 1 7764373428571.04
a 3 47 0 1 11688805122127.672
a 3 48 0 1 16651791954808.055
a 3 49 0 1 9179078211711.967
a 3 50 0 1 11863839302833.873
a 3 51 0 1 3760021092988.823
a 3 52 0 1 6437114233000.368
a 3 53 0 1 5492125188902.413
a 3 54 0 1 16628393609647.64
a 3 55 0 1 13892736809733.0
a 3 56 0 1 10836984475835.377
a 3 57 0 1 15334228160234.877
a 3 58 0 1 15375963006677.236
a 3 59 0 1 11324620573150.375
a 3 60 0 1 12301724906568.914
a 3 61 0 1 6876640422460.073
a 3 62 0 1 5024633605748.731
a 3 63 0 1 3473423310618.178
a 3 64 0 1 16113297497852.941
a 3 65 0 1 14376347069948.41
a 3 66 0 1 3711886340965.8687
a 3 67 0 1 5191059031275.685
a 3 68 0 1 6247583852301.41
a 3 69 0 1 7076107126018.159
a 3 70 0 1 14691980179334.951
a 3 71 0 1 8483701006255.608
a 3 72 0 1 13079886652275.828
a 3 73 0 1 7055627376355.018
a 3 74 0 1 5486804326603.383
a 3 75 0 1 11804081669682.617
a 3 76 0 1 7722538068076.809
a 3 77 0 1 4898296702469.631
a 3 78 0 1 5794618499763.125
a 3 79 0 1 5893216525372.856
a 3 80 0 1 5748146894401.717
a 4 24 0 1 10617964732449.975
a 4 25 0 1 32080083532094.035
a 4 26 0 1 18022042126378.797
a 4 27 0 1 16561407480711.982
a 4 28 0 1 16129192251008.705
a 4 29 0 1 24554307877404.56
a 4 30 0 1 21405586201312.49
a 4 31 0 1 33413100456233.043
a 4 32 0 1 25099147996290.906
a 4 33 0 1 16979329991951.021
a 4 34 0 1 10739966339903.559
a 4 35 0 1 21897531916375.074
a 4 36 0 1 11771972686351.096
a 4 37 0 1 22742541825592.215
a 4 38 0 1 13652223121286.516
a 4 39 0 1 33003289669556.88
a 4 40 0 1 13514362973846.273
a 4 41 0 1 31954846444107.414
a 4 42 0 1 24546590671724.188
a 4 43 0 1 19563218452623.254
a 4 44 0 1 16386475769285.416
a 4 45 0 1 28244139999028.715
a 4 46 0 1 16228975275884.807
a 4 47 0 1 24443819907419.414
a 4 48 0 1 34844268365594.105
a 4 49 0 1 19189380823228.355
a 4 50 0 1 24810400605145.99
a 4 51 0 1 7855189069889.574
a 4 52 0 1 13452515499385.436
a 4 53 0 1 11476281361293.178
a 4 54 0 1 34795204161724.426
a 4 55 0 1 29060777811808.71
a 4 56 0 1 22660050494456.883
a 4 57 0 1 32081908196669.184
a 4 58 0 1 32169393987937.293
a 4 59 0 1 23681146258053.734
a 4 60 0 1 25727551796910.645
a 4 61 0 1 14371846566100.736
a 4 62 0 1 10498800280681.375
a 4 63 0 1 7256186934477.148
a 4 64 0 1 33715167858856.684
a 4 65 0 1 30074223431795.19
a 4 66 0 1 7754582282612.129
a 4 67 0 1 10846767088003.424
a 4 68 0 1 13056117293407.916
a 4 69 0 1 14789092841552.928
a 4 70 0 1 30735725617002.586
a 4 71 0 1 17734105608267.87
a 4 72 0 1 27357661017430.082
a 4 73 0 1 14746252149987.998
a 4 74 0 1 11465155291144.045
a 4 75 0 1 24685246118602.777
a 4 76 0 1 16141446805316.01
a 4 77 0 1 10234661357712.229
a 4 78 0 1 12108827693846.373
a 4 79 0 1 12315017251830.635
a 4 80 0 1 12011647399617.4
a 5 24 0 1 10142259149918.365
a 5 25 0 1 30639434485504.02
a 5 26 0 1 17213961381969.5
a 5 27 0 1 15818938693570.762
a 5 28 0 1 15406134605044.559
a 5 29 0 1 23452538620764.773
a 5 30 0 1 20445435099206.254
a 5 31 0 1 31912368216721.285
a 5 32 0 1 23972863841231.695
a 5 33 0 1 16218090206737.707
a 5 34 0 1 10258788388626.781
a 5 35 0 1 20915261331583.09
a 5 36 0 1 11244498328641.156
a 5 37 0 1 21722271255574.633
a 5 38 0 1 13040372615854.24
a 5 39 0 1 31521030743698.066
a 5 40 0 1 12908700121273.613
a 5 41 0 1 30519841315230.934
a 5 42 0 1 23445168627071.316
a 5 43 0 1 18685884950444.71
a 5 44 0 1 15651863531330.139
a 5 45 0 1 26976290561049.043
a 5 46 0 1 15501436456077.496
a 5 47 0 1 23347021661742.645
a 5 48 0 1 33279009358641.3
a 5 49 0 1 18328847871048.867
a 5 50 0 1 23697108907931.56
a 5 51 0 1 7503368183200.675
a 5 52 0 1 12849628520083.398
a 5 53 0 1 10962072962888.64
a 5 54 0 1 33232157638387.047
a 5 55 0 1 27756153104957.42
a 5 56 0 1 21643489859847.76
a 5 57 0 1 30641176918843.266
a 5 58 0 1 30724719993454.72
a 5 59 0 1 22618658490873.074
a 5 60 0 1 24572989176000.145
a 5 61 0 1 13727693759917.312
a 5 62 0 1 10028439664837.186
a 5 63 0 1 6931215773211.864
a 5 64 0 1 32200818060231.03
a 5 65 0 1 28723951518447.92
a 5 66 0 1 7407271250742.797
a 5 67 0 1 10360798480329.805
a 5 68 0 1 12471020785736.432
a 5 69 0 1 14126208433757.781
a 5 70 0 1 29355653103363.02
a 5 71 0 1 16938960689208.123
a 5 72 0 1 26129724498663.98
a 5 73 0 1 14085291085437.123
a 5 74 0 1 10951446038305.727
a 5 75 0 1 23577585607824.004
a 5 76 0 1 15417838822660.959
a 5 77 0 1 9776147850773.242
a 5 78 0 1 11566239549277.918
a 5 79 0 1 11763177378600.559
a 5 80 0 1 11473419590894.215
a 6 24 0 1 10717145717381.125
a 6 25 0 1 32380488198774.812
a 6 26 0 1 18190528588623.348
a 6 27 0 1 16716212304503.922
a 6 28 0 1 16279949442556.615
a 6 29 0 1 24784038373362.656
a 6 30 0 1 21605783875301.1
a 6 31 0 1 33726036308563.434
a 6 32 0 1 25333990907875.527
a 6 33 0 1 17138048985446.314
a 6 34 0 1 10840288348356.812
a 6 35 0 1 22102342274980.586
a 6 36 0 1 11881947858117.684
a 6 37 0 1 22955276574472.902
a 6 38 0 1 13779791700515.54
a 6 39 0 1 33312372633051.996
a 6 40 0 1 13640641341501.684
a 6 41 0 1 32254074004006.105
a 6 42 0 1 24776248759229.594
a 6 43 0 1 19746146016954.87
a 6 44 0 1 16539642334272.547
a 6 45 0 1 28508506071459.58
a 6 46 0 1 16380666884729.754
a 6 47 0 1 24672513737043.758
a 6 48 0 1 35170662406191.598
a 6 49 0 1 19368804985875.355
a 6 50 0 1 25042534023513.34
a 6 51 0 1 7928539776476.584
a 6 52 0 1 13578215059627.262
a 6 53 0 1 11583490463940.248
a 6 54 0 1 35121136746086.523
a 6 55 0 1 29332813484421.008
a 6 56 0 1 22872011582079.945
a 6 57 0 1 32382330013675.383
a 6 58 0 1 32470638106941.56
a 6 59 0 1 23902684938794.01
a 6 60 0 1 25968292033876.203
a 6 61 0 1 14506150659814.455
a 6 62 0 1 10596866807902.363
a 6 63 0 1 7323939521527.647
a 6 64 0 1 34030943871687.668
a 6 65 0 1 30355779084792.66
a 6 66 0 1 7826992689645.624
a 6 67 0 1 10948087980065.14
a 6 68 0 1 13178107308431.432
a 6 69 0 1 14927302783050.182
a 6 70 0 1 31023496417217.004
a 6 71 0 1 17899894626478.766
a 6 72 0 1 27613703211463.52
a 6 73 0 1 14884061041768.232
a 6 74 0 1 11572260317751.84
a 6 75 0 1 24916205192430.176
a 6 76 0 1 16292318753368.074
a 6 77 0 1 10330257697365.451
a 6 78 0 1 12221954235464.066
a 6 79 0 1 12430072874352.234
a 6 80 0 1 12123864767934.549
a 7 24 0 1 3022029682790.5557
a 7 25 0 1 9114340632519.082
a 7 26 0 1 5126212909973.747
a 7 27 0 1 4711314807995.609
a 7 28 0 1 4588523486745.308
a 7 29 0 1 6980502436128.167
a 7 30 0 1 6086936088777.925
a 7 31 0 1 9492024529466.977
a 7 32 0 1 7135073903539.766
a 7 33 0 1 4830037282612.954
a 7 34 0 1 3056722433743.2544
a 7 35 0 1 6226574483182.329
a 7 36 0 1 3350159019390.359
a 7 37 0 1 6466403425556.311
a 7 38 0 1 3884653686413.6895
a 7 39 0 1 9375921618709.684
a 7 40 0 1 3845470111157.826
a 7 41 0 1 9078852918996.0
a 7 42 0 1 6978312960497.578
a 7 43 0 1 5563880832542.002
a 7 44 0 1 4661618177706.03
a 7 45 0 1 8027038547444.17
a 7 46 0 1 4616872384086.751
a 7 47 0 1 6949155238972.531
a 7 48 0 1 9897425085517.158
a 7 49 0 1 5457727505772.037
a 7 50 0 1 7053157826110.016
a 7 51 0 1 2236211583748.1147
a 7 52 0 1 3827891100128.316
a 7 53 0 1 3266088423098.5083
a 7 54 0 1 9883528472144.81
a 7 55 0 1 8258573022086.673
a 7 56 0 1 6442992380732.76
a 7 57 0 1 9114857671807.994
a 7 58 0 1 9139647574892.537
a 7 59 0 1 6732756994114.22
a 7 60 0 1 7313335188777.644
a 7 61 0 1 4089175642109.4907
a 7 62 0 1 2988143040809.434
a 7 63 0 1 2065789823473.758
a 7 64 0 1 9577597788758.19
a 7 65 0 1 8545863391187.16
a 7 66 0 1 2207589178474.351
a 7 67 0 1 3087092049238.317
a 7 68 0 1 3715217920872.344
a 7 69 0 1 4207748807175.7554
a 7 70 0 1 8733359341454.366
a 7 71 0 1 5044431495433.264
a 7 72 0 1 7775667280844.105
a 7 73 0 1 4195574702925.7065
a 7 74 0 1 3262924992454.4272
a 7 75 0 1 7017650961388.265
a 7 76 0 1 4592005097055.867
a 7 77 0 1 2913027822676.493
a 7 78 0 1 3445928231990.202
a 7 79 0 1 3504546116876.486
a 7 80 0 1 3418300035128.1064
a 8 24 0 1 9432350929389.078
a 8 25 0 1 28490110262683.55
a 8 26 0 1 16008155768764.041
a 8 27 0 1 14711017375472.01
a 8 28 0 1 14327172828731.867
a 8 29 0 1 21808634050543.016
a 8 30 0 1 19012774948310.58
a 8 31 0 1 29673443632706.0
a 8 32 0 1 22292393417523.516
a 8 33 0 1 15082164685102.775
a 8 34 0 1 9540714732670.053
a 8 35 0 1 19449605570280.066
a 8 36 0 1 10457345866067.357
a 8 37 0 1 20199931931545.91
a 8 38 0 1 12127327335162.545
a 8 39 0 1 29309654559513.21
a 8 40 0 1 12004886875967.14
a 8 41 0 1 28378933865462.402
a 8 42 0 1 21801781953881.848
a 8 43 0 1 17376767450311.227
a 8 44 0 1 14555663384499.107
a 8 45 0 1 25084674706219.35
a 8 46 0 1 14415789173958.496
a 8 47 0 1 21710531798807.76
a 8 48 0 1 30943861275892.016
a 8 49 0 1 17044793205377.494
a 8 50 0 1 22036017668731.26
a 8 51 0 1 6978317759526.409
a 8 52 0 1 11949956914062.473
a 8 53 0 1 10194714433007.666
a 8 54 0 1 30900308792805.56
a 8 55 0 1 25809689531609.56
a 8 56 0 1 20126684492914.3
a 8 57 0 1 28491730064802.05
a 8 58 0 1 28569393383510.41
a 8 59 0 1 21033346350845.234
a 8 60 0 1 22850339887735.76
a 8 61 0 1 12766453679482.203
a 8 62 0 1 9326506805222.994
a 8 63 0 1 6446231604063.515
a 8 64 0 1 29941586425871.43
a 8 65 0 1 26709409967140.21
a 8 66 0 1 6888950573087.892
a 8 67 0 1 9635576607196.576
a 8 68 0 1 11597892953073.447
a 8 69 0 1 13137021348012.215
a 8 70 0 1 27296668072112.14
a 8 71 0 1 15752453311624.441
a 8 72 0 1 24297637255877.23
a 8 73 0 1 13098973558088.623
a 8 74 0 1 10184832278746.35
a 8 75 0 1 21924893732722.21
a 8 76 0 1 14338055992888.234
a 8 77 0 1 9091892451262.3
a 8 78 0 1 10756536222717.45
a 8 79 0 1 10939669899703.936
a 8 80 0 1 10670222180960.752
a 9 24 0 1 11010052117334.826
a 9 25 0 1 33267740015144.06
a 9 26 0 1 18688127195024.477
a 9 27 0 1 17173401468895.268
a 9 28 0 1 16725183807740.018
a 9 29 0 1 25462530638232.77
a 9 30 0 1 22197045156196.043
a 9 31 0 1 34650304530691.156
a 9 32 0 1 26027583933484.24
a 9 33 0 1 17606798805454.21
a 9 34 0 1 11136564631690.568
a 9 35 0 1 22707227870345.082
a 9 36 0 1 12206733803002.182
a 9 37 0 1 23583568279334.08
a 9 38 0 1 14156538675819.656
a 9 39 0 1 34225259596942.715
a 9 40 0 1 14013577729208.102
a 9 41 0 1 33137848735958.18
a 9 42 0 1 25454527148663.91
a 9 43 0 1 20286397727324.062
a 9 44 0 1 16991992848471.834
a 9 45 0 1 29289304295086.88
a 9 46 0 1 16828661074585.346
a 9 47 0 1 25347943964788.32
a 9 48 0 1 36134685817129.06
a 9 49 0 1 19898709030299.094
a 9 50 0 1 25728123894343.344
a 9 51 0 1 8145160319524.215
a 9 52 0 1 13949441964545.293
a 9 53 0 1 11900107072092.418
a 9 54 0 1 36083797017501.555
a 9 55 0 1 30136266474910.348
a 9 56 0 1 23498018132071.066
a 9 57 0 1 33269632490835.855
a 9 58 0 1 33360369604267.555
a 9 59 0 1 24556980835153.086
a 9 60 0 1 26679304329042.617
a 9 61 0 1 14902790776871.236
a 9 62 0 1 10886481786966.396
a 9 63 0 1 7524027093789.334
a 9 64 0 1 34963601824211.66
a 9 65 0 1 31187352788046.176
a 9 66 0 1 8040836232682.672
a 9 67 0 1 11247314355560.781
a 9 68 0 1 13538378252573.273
a 9 69 0 1 15335478761276.617
a 9 70 0 1 31873428942078.152
a 9 71 0 1 18389526149579.53
a 9 72 0 1 28369914214488.78
a 9 73 0 1 15291052523955.578
a 9 74 0 1 11888569547071.72
a 9 75 0 1 25598326353896.05
a 9 76 0 1 16737892054605.145
a 9 77 0 1 10612577277390.492
a 9 78 0 1 12556047493252.055
a 9 79 0 1 12769863527862.32
a 9 80 0 1 12455272854057.3
a 10 24 0 1 6197116088591.471
a 10 25 0 1 18704093594490.16
a 10 26 0 1 10514730958664.229
a 10 27 0 1 9663219202249.775
a 10 28 0 1 9411226140950.693
a 10 29 0 1 14321409339563.15
a 10 30 0 1 12486789778363.383
a 10 31 0 1 19480053956440.84
a 10 32 0 1 14638807014882.205
a 10 33 0 1 9906869281446.355
a 10 34 0 1 6268284988157.081
a 10 35 0 1 12773461175656.371
a 10 36 0 1 6870266320269.428
a 10 37 0 1 13265841951260.709
a 10 38 0 1 7966885082853.254
a 10 39 0 1 19241510246960.227
a 10 40 0 1 7886487609148.233
a 10 41 0 1 18631186917714.64
a 10 42 0 1 14316913546935.158
a 10 43 0 1 11413066913130.277
a 10 44 0 1 9561230586405.389
a 10 45 0 1 16470603334700.275
a 10 46 0 1 9469403246824.773
a 10 47 0 1 14257042329676.42
a 10 48 0 1 20313038036761.984
a 10 49 0 1 11195172988905.863
a 10 50 0 1 14470598728575.389
a 10 51 0 1 4585244608334.367
a 10 52 0 1 7850418966780.8125
a 10 53 0 1 6697792216029.898
a 10 54 0 1 20284483048695.28
a 10 55 0 1 16946162331623.656
a 10 56 0 1 13217776647932.566
a 10 57 0 1 18705155815110.5
a 10 58 0 1 18756085072706.95
a 10 59 0 1 13812712668207.047
a 10 60 0 1 15004864234047.236
a 10 61 0 1 8386538821246.047
a 10 62 0 1 6127601422456.336
a 10 63 0 1 4235715640574.22
a 10 64 0 1 19655876099276.72
a 10 65 0 1 17536278001477.434
a 10 66 0 1 4526540066121.522
a 10 67 0 1 6330585874595.353
a 10 68 0 1 7619239607356.464
a 10 69 0 1 8629845799667.569
a 10 70 0 1 17921430744999.016
a 10 71 0 1 10346880958419.77
a 10 72 0 1 15954330915414.18
a 10 73 0 1 8604864745244.459
a 10 74 0 1 6691302383334.739
a 10 75 0 1 14397689185043.508
a 10 76 0 1 9418371018547.455
a 10 77 0 1 5973512964247.901
a 10 78 0 1 7066744869480.565
a 10 79 0 1 7187006610640.59
a 10 80 0 1 7010062845352.8955
a 11 24 0 1 4446772935407.73
a 11 25 0 1 13415758582796.746
a 11 26 0 1 7543840422942.422
a 11 27 0 1 6933111595169.096
a 11 28 0 1 6752368399947.91
a 11 29 0 1 10273686016272.586
a 11 30 0 1 8958127945250.809
a 11 31 0 1 13971973379162.922
a 11 32 0 1 10501267696658.143
a 11 33 0 1 7107867928023.626
a 11 34 0 1 4497830139858.361
a 11 35 0 1 9163702928524.803
a 11 36 0 1 4929687467952.534
a 11 37 0 1 9516785246256.797
a 11 38 0 1 5716350856253.799
a 11 39 0 1 13800986274054.326
a 11 40 0 1 5658679348392.564
a 11 41 0 1 13363497028386.068
a 11 42 0 1 10270462392251.201
a 11 43 0 1 8188116212113.78
a 11 44 0 1 6859960143311.004
a 11 45 0 1 11814617244016.223
a 11 46 0 1 6794096462980.314
a 11 47 0 1 10227532765628.877
a 11 48 0 1 14569031924741.076
a 11 49 0 1 8031848761121.999
a 11 50 0 1 10380658941878.83
a 11 51 0 1 3290338617408.2725
a 11 52 0 1 5632806136460.662
a 11 53 0 1 4805957443516.411
a 11 54 0 1 14548565084098.697
a 11 55 0 1 12155554839626.424
a 11 56 0 1 9482318500315.148
a 11 57 0 1 13416520010546.895
a 11 58 0 1 13453027383461.139
a 11 59 0 1 9908928590656.885
a 11 60 0 1 10763733582680.463
a 11 61 0 1 6017376111147.975
a 11 62 0 1 4396902264539.362
a 11 63 0 1 3039553683513.1577
a 11 64 0 1 14098000232315.158
a 11 65 0 1 12578605672553.883
a 11 66 0 1 3248218859567.032
a 11 67 0 1 4542525158372.513
a 11 68 0 1 5466972210139.262
a 11 69 0 1 6191900863847.127
a 11 70 0 1 12854710879906.977
a 11 71 0 1 7423456233834.673
a 11 72 0 1 11444479431511.68
a 11 73 0 1 6173982013373.622
a 11 74 0 1 4801301719474.469
a 11 75 0 1 10328380908930.826
a 11 76 0 1 6757493137479.209
a 11 77 0 1 4286356517673.397
a 11 78 0 1 5070636185788.851
a 11 79 0 1 5156908013373.565
a 11 80 0 1 5029974127177.797
a 12 24 0 1 2950890550435.472
a 12 25 0 1 8899640356760.885
a 12 26 0 1 5005512366422.087
a 12 27 0 1 4600388527617.122
a 12 28 0 1 4480489777191.717
a 12 29 0 1 6816106975999.791
a 12 30 0 1 5943599111310.97
a 12 31 0 1 9268417916041.123
a 12 32 0 1 6967035262212.11
a 12 33 0 1 4716314204492.386
a 12 34 0 1 2984766347006.951
a 12 35 0 1 6079946957120.181
a 12 36 0 1 3271292752837.441
a 12 37 0 1 6314124141193.644
a 12 38 0 1 3793199357483.604
a 12 39 0 1 9155052961926.236
a 12 40 0 1 3754938659078.37
a 12 41 0 1 8864989456461.844
a 12 42 0 1 6813969104432.813
a 12 43 0 1 5432868620989.062
a 12 44 0 1 4551862600620.621
a 12 45 0 1 7837974220025.438
a 12 46 0 1 4508170872265.559
a 12 47 0 1 6785498602991.112
a 12 48 0 1 9664257693541.037
a 12 49 0 1 5329216411163.25
a 12 50 0 1 6887049926307.209
a 12 51 0 1 2183575403990.8481
a 12 52 0 1 3737773677618.735
a 12 53 0 1 3189201993550.4785
a 12 54 0 1 9650688825872.457
a 12 55 0 1 8064050197976.909
a 12 56 0 1 6291264809539.195
a 12 57 0 1 8900145204024.473
a 12 58 0 1 8924350548125.73
a 12 59 0 1 6574200520519.213
a 12 60 0 1 7141094850505.775
a 12 61 0 1 3992904148125.201
a 12 62 0 1 2917801874209.536
a 12 63 0 1 2017165980405.0403
a 12 64 0 1 9351973127861.225
a 12 65 0 1 8344567212933.966
a 12 66 0 1 2155626883068.4426
a 12 67 0 1 3014420805264.883
a 12 68 0 1 3627754193999.1167
a 12 69 0 1 4108684423539.079
a 12 70 0 1 8527642394554.505
a 12 71 0 1 4925657649060.955
a 12 72 0 1 7592528786910.175
a 12 73 0 1 4096797073348.7554
a 12 74 0 1 3186113060006.835
a 12 75 0 1 6852379938488.922
a 12 76 0 1 4483889372997.792
a 12 77 0 1 2844455454452.6943
a 12 78 0 1 3364806583973.9663
a 12 79 0 1 3422043983607.4
a 12 80 0 1 3337829040893.9434
a 13 24 0 1 3622079309125.4565
a 13 25 0 1 10925592904616.04
a 13 26 0 1 6144361616484.458
a 13 27 0 1 5647004460513.64
a 13 28 0 1 5499810750331.385
a 13 29 0 1 8367297937970.79
a 13 30 0 1 7296060280569.913
a 13 31 0 1 11378430611365.994
a 13 32 0 1 8552607904396.754
a 13 33 0 1 5789321506286.212
a 13 34 0 1 3663663506072.707
a 13 35 0 1 7463460636892.217
a 13 36 0 1 4015391633865.286
a 13 37 0 1 7750973246170.822
a 13 38 0 1 4656076462447.888
a 13 39 0 1 11239224012019.584
a 13 40 0 1 4609107599768.892
a 13 41 0 1 10883044035488.209
a 13 42 0 1 8364673066730.573
a 13 43 0 1 6669024223789.981
a 13 44 0 1 5587431491064.198
a 13 45 0 1 9621976668245.549
a 13 46 0 1 5533793366694.105
a 13 47 0 1 8329717112586.058
a 13 48 0 1 11864508925014.783
a 13 49 0 1 6541769972670.884
a 13 50 0 1 8454401611455.738
a 13 51 0 1 2680182210580.354
a 13 52 0 1 4588035885978.684
a 13 53 0 1 3914619826686.248
a 13 54 0 1 11847846631673.902
a 13 55 0 1 9899568506411.611
a 13 56 0 1 7722907392811.015
a 13 57 0 1 10926212822131.047
a 13 58 0 1 10955935329408.818
a 13 59 0 1 8070287904680.486
a 13 60 0 1 8766320338292.062
a 13 61 0 1 4901235745186.544
a 13 62 0 1 3581461412149.2847
a 13 63 0 1 2475915788149.7354
a 13 64 0 1 11481032840575.664
a 13 65 0 1 10244011420988.113
a 13 66 0 1 2645875469042.7285
a 13 67 0 1 3700065864386.678
a 13 68 0 1 4452976529841.651
a 13 69 0 1 5043369761342.742
a 13 70 0 1 10468809607170.518
a 13 71 0 1 6046325781695.445
a 13 72 0 1 9320605391306.457
a 13 73 0 1 5028776589767.619
a 13 74 0 1 3910827966026.3096
a 13 75 0 1 8411833799454.261
a 13 76 0 1 5503984251641.3545
a 13 77 0 1 3491425503972.8647
a 13 78 0 1 4130186541327.5254
a 13 79 0 1 4200449815397.2983
a 13 80 0 1 4097069622445.2544
a 14 24 0 1 3123076862926.6245
a 14 25 0 1 9419316595353.518
a 14 26 0 1 5297660292170.059
a 14 27 0 1 4868878046961.423
a 14 28 0 1 4741977901838.491
a 14 29 0 1 7214018488765.666
a 14 30 0 1 6290538358122.728
a 14 31 0 1 9809652493583.156
a 14 32 0 1 7373765166795.989
a 14 33 0 1 4991573308505.425
a 14 34 0 1 3158930052432.5864
a 14 35 0 1 6434850986268.986
a 14 36 0 1 3462182187781.267
a 14 37 0 1 6682708287569.44
a 14 38 0 1 4014557637436.1084
a 14 39 0 1 9689660140072.883
a 14 40 0 1 3974063152408.0195
a 14 41 0 1 9382640140325.768
a 14 42 0 1 7211755708621.859
a 14 43 0 1 5749975812649.327
a 14 44 0 1 4817518461384.762
a 14 45 0 1 8295597417063.411
a 14 46 0 1 4771275394862.931
a 14 47 0 1 7181621778646.507
a 14 48 0 1 10228634794394.703
a 14 49 0 1 5640269672205.234
a 14 50 0 1 7289106431710.269
a 14 51 0 1 2310976483709.3525
a 14 52 0 1 3955896029099.331
a 14 53 0 1 3375299332510.452
a 14 54 0 1 10214272594467.844
a 14 55 0 1 8534885904251.136
a 14 56 0 1 6658513529535.073
a 14 57 0 1 9419850954121.291
a 14 58 0 1 9445471257328.662
a 14 59 0 1 6957978673344.382
a 14 60 0 1 7557995058314.027
a 14 61 0 1 4225922194990.538
a 14 62 0 1 3088056755196.4624
a 14 63 0 1 2134855487337.2188
a 14 64 0 1 9898092522345.219
a 14 65 0 1 8831798126220.896
a 14 66 0 1 2281396873220.846
a 14 67 0 1 3190315509695.555
a 14 68 0 1 3839453385614.712
a 14 69 0 1 4348462563224.699
a 14 70 0 1 9025573995898.678
a 14 71 0 1 5213142037253.658
a 14 72 0 1 8035808294042.623
a 14 73 0 1 4335881134464.8623
a 14 74 0 1 3372030082540.107
a 14 75 0 1 7252410767220.936
a 14 76 0 1 4745576011591.318
a 14 77 0 1 3010429059645.399
a 14 78 0 1 3561155060196.3057
a 14 79 0 1 3621733859312.51
a 14 80 0 1 3532602640828.447
a 15 24 0 1 1653235830333.95
a 15 25 0 1 4984519935754.759
a 15 26 0 1 2804045563358.248
a 15 27 0 1 2577151491742.0723
a 15 28 0 1 2509999089234.444
a 15 29 0 1 3817975228744.07
a 15 30 0 1 3329395641228.778
a 15 31 0 1 5190968297870.669
a 15 32 0 1 3902486394237.828
a 15 33 0 1 2642077895946.27
a 15 34 0 1 1672211870468.0247
a 15 35 0 1 3405749404165.8105
a 15 36 0 1 1832711368978.274
a 15 37 0 1 3536884395542.7607
a 15 38 0 1 2125048540611.59
a 15 39 0 1 5127505363173.702
a 15 40 0 1 2103617981376.4941
a 15 41 0 1 4965121337096.211
a 15 42 0 1 3816778134259.8936
a 15 43 0 1 3043381052427.6826
a 15 44 0 1 2549973386961.213
a 15 45 0 1 4390136904490.209
a 15 46 0 1 2525502676332.967
a 15 47 0 1 3800836141480.2407
a 15 48 0 1 5412557993485.727
a 15 49 0 1 2985332889310.6865
a 15 50 0 1 3857699364359.4775
a 15 51 0 1 1223395200274.0903
a 15 52 0 1 2094003515362.8164
a 15 53 0 1 1786728209900.3125
a 15 54 0 1 5404962336918.179
a 15 55 0 1 4516712868571.018
a 15 56 0 1 3524083719931.5273
a 15 57 0 1 4984802563679.742
a 15 58 0 1 4998353389980.12
a 15 59 0 1 3682518821696.173
a 15 60 0 1 3999948154657.8687
a 15 61 0 1 2236905719035.224
a 15 62 0 1 1634700644723.4631
a 15 63 0 1 1130170253956.322
a 15 64 0 1 5237742947708.012
a 15 65 0 1 4673765380279.821
a 15 66 0 1 1207738147684.0857
a 15 67 0 1 1688823210618.6826
a 15 68 0 1 2032378898888.2676
a 15 69 0 1 2301754679151.872
a 15 70 0 1 4776260915815.522
a 15 71 0 1 2759322785472.7407
a 15 72 0 1 4252713039845.2134
a 15 73 0 1 2295096565415.284
a 15 74 0 1 1784997935549.85
a 15 75 0 1 3838286120888.049
a 15 76 0 1 2511903132205.0728
a 15 77 0 1 1593614176895.5408
a 15 78 0 1 1885092698766.2712
a 15 79 0 1 1917153712433.7834
a 15 80 0 1 1869981406646.1355
a 16 24 0 1 3899449066677.6387
a 16 25 0 1 11763005415653.521
a 16 26 0 1 6615028586006.043
a 16 27 0 1 6079546481467.57
a 16 28 0 1 5921070528278.509
a 16 29 0 1 9008421721092.125
a 16 30 0 1 7855028842122.356
a 16 31 0 1 12250600694270.838
a 16 32 0 1 9207945669556.363
a 16 33 0 1 6232772370519.478
a 16 34 0 1 3944219123492.308
a 16 35 0 1 8035266006854.583
a 16 36 0 1 4322895256498.9233
a 16 37 0 1 8344827269372.017
a 16 38 0 1 5012672837901.355
a 16 39 0 1 12100708872760.734
a 16 40 0 1 4962104700888.07
a 16 41 0 1 11717190907344.695
a 16 42 0 1 9005595516894.307
a 16 43 0 1 7179914338545.327
a 16 44 0 1 6015407257000.538
a 16 45 0 1 10359351859638.39
a 16 46 0 1 5957657839875.73
a 16 47 0 1 8967958382540.092
a 16 48 0 1 12773992306374.506
a 16 49 0 1 7042903687214.317
a 16 50 0 1 9102206497606.959
a 16 51 0 1 2885399885896.279
a 16 52 0 1 4939418252683.749
a 16 53 0 1 4214402475525.9233
a 16 54 0 1 12756050874905.242
a 16 55 0 1 10658242919749.396
a 16 56 0 1 8314609043732.507
a 16 57 0 1 11763672912288.656
a 16 58 0 1 11795676652203.385
a 16 59 0 1 8688631246145.315
a 16 60 0 1 9438051474045.25
a 16 61 0 1 5276619619760.667
a 16 62 0 1 3855719371979.5425
a 16 63 0 1 2665488278800.9634
a 16 64 0 1 12361078702955.473
a 16 65 0 1 11029116481060.445
a 16 66 0 1 2848465465237.5186
a 16 67 0 1 3983410376192.8745
a 16 68 0 1 4794009440774.305
a 16 69 0 1 5429646435361.009
a 16 70 0 1 11271165655654.0
a 16 71 0 1 6509477435272.506
a 16 72 0 1 10034858458193.102
a 16 73 0 1 5413934861531.837
a 16 74 0 1 4210320092365.2637
a 16 75 0 1 9056373593602.521
a 16 76 0 1 5925563918400.73
a 16 77 0 1 3758785790173.8384
a 16 78 0 1 4446485800158.943
a 16 79 0 1 4522132800619.451
a 16 80 0 1 4410831422726.822
a 17 24 0 1 7164100014078.648
a 17 25 0 1 21627503752549.08
a 17 26 0 1 12156369232309.016
a 17 27 0 1 11171742034454.867
a 17 28 0 1 10880361096451.215
a 17 29 0 1 16558508616919.543
a 17 30 0 1 14436832696706.887
a 17 31 0 1 22525059907039.707
a 17 32 0 1 16925582602201.648
a 17 33 0 1 11453478450137.38
a 17 34 0 1 7246383214711.626
a 17 35 0 1 14768349298055.71
a 17 36 0 1 7942383160766.653
a 17 37 0 1 15337763244735.824
a 17 38 0 1 9210312702417.523
a 17 39 0 1 22249132861040.305
a 17 40 0 1 9117354056561.066
a 17 41 0 1 21543173627522.6
a 17 42 0 1 16553309212281.293
a 17 43 0 1 13195173297704.865
a 17 44 0 1 11053811728689.81
a 17 45 0 1 19044157729421.336
a 17 46 0 1 10947631363613.145
a 17 47 0 1 16484067957309.105
a 17 48 0 1 23488603574262.277
a 17 49 0 1 12943205349750.389
a 17 50 0 1 16731047302169.877
a 17 51 0 1 5300562254356.635
a 17 52 0 1 9075650194813.768
a 17 53 0 1 7742970175777.54
a 17 54 0 1 23455572478018.45
a 17 55 0 1 19594191244499.95
a 17 56 0 1 15282177660444.102
a 17 57 0 1 21628732409801.656
a 17 58 0 1 21687641697805.305
a 17 59 0 1 15970203945467.203
a 17 60 0 1 17348937111732.201
a 17 61 0 1 9695536831443.203
a 17 62 0 1 7083729588407.467
a 17 63 0 1 4896474536999.458
a 17 64 0 1 22728437507357.44
a 17 65 0 1 20276734599370.09
a 17 66 0 1 5232694035613.763
a 17 67 0 1 7318413675650.634
a 17 68 0 1 8808353588468.31
a 17 69 0 1 9976863587060.088
a 17 70 0 1 20722220260228.51
a 17 71 0 1 11962277127564.023
a 17 72 0 1 18447045577794.98
a 17 73 0 1 9947978815064.426
a 17 74 0 1 7735466714600.554
a 17 75 0 1 16646726733818.924
a 17 76 0 1 10888622720610.297
a 17 77 0 1 6905578618546.333
a 17 78 0 1 8169551373116.094
a 17 79 0 1 8308598615055.422
a 17 80 0 1 8104015534644.342
a 18 24 0 1 6321340456003.274
a 18 25 0 1 19079578116691.555
a 18 26 0 1 10725611063929.105
a 18 27 0 1 9857002271045.57
a 18 28 0 1 9599950235268.375
a 18 29 0 1 14608763474734.324
a 18 30 0 1 12737278901214.562
a 18 31 0 1 19871151542367.496
a 18 32 0 1 14932540579889.44
a 18 33 0 1 10105544117013.514
a 18 34 0 1 6393937023067.1875
a 18 35 0 1 13029709652477.623
a 18 36 0 1 7007995219270.214
a 18 37 0 1 13531983478701.59
a 18 38 0 1 8126618581040.301
a 18 39 0 1 19627807802631.473
a 18 40 0 1 8044607670299.668
a 18 41 0 1 19005204634178.117
a 18 42 0 1 14604177323822.209
a 18 43 0 1 11641987919299.633
a 18 44 0 1 9752966111147.88
a 18 45 0 1 16801163779894.479
a 18 46 0 1 9659295269310.498
a 18 47 0 1 14543102799378.598
a 18 48 0 1 20720899225522.434
a 18 49 0 1 11419717773890.994
a 18 50 0 1 14760951387403.143
a 18 51 0 1 4677140785293.099
a 18 52 0 1 8007815203105.179
a 18 53 0 1 6832060789484.239
a 18 54 0 1 20691769520943.426
a 18 55 0 1 17286286122038.117
a 18 56 0 1 13482952383620.428
a 18 57 0 1 19080661708259.996
a 18 58 0 1 19132615624169.93
a 18 59 0 1 14089843414409.643
a 18 60 0 1 15305955835918.875
a 18 61 0 1 8554694532429.141
a 18 62 0 1 6250431329781.116
a 18 63 0 1 4320603171609.4404
a 18 64 0 1 20050511790145.062
a 18 65 0 1 17888270321934.047
a 18 66 0 1 4617259077692.636
a 18 67 0 1 6457487701837.236
a 18 68 0 1 7771996686310.986
a 18 69 0 1 8802884924386.812
a 18 70 0 1 18281170225469.164
a 18 71 0 1 10554390625203.582
a 18 72 0 1 16274510490266.873
a 18 73 0 1 8777402462449.116
a 18 74 0 1 6825440754854.904
a 18 75 0 1 14686576438381.852
a 18 76 0 1 9607238548219.088
a 18 77 0 1 6093251947391.791
a 18 78 0 1 7208415862896.512
a 18 79 0 1 7331090594050.756
a 18 80 0 1 7150596566735.585
a 19 24 0 1 2222600259225.052
a 19 25 0 1 6702044076999.097
a 19 26 0 1 3769913964713.6416
a 19 27 0 1 3464833842601.2505
a 19 28 0 1 3374542262811.693
a 19 29 0 1 5133303556514.217
a 19 30 0 1 4476316949623.423
a 19 31 0 1 6979685869231.071
a 19 32 0 1 5246947204443.313
a 19 33 0 1 3552132853561.748
a 19 34 0 1 2248113224558.5703
a 19 35 0 1 4578987180499.03
a 19 36 0 1 2463903624471.523
a 19 37 0 1 4755321262490.009
a 19 38 0 1 2856955869487.8745
a 19 39 0 1 6894337345390.338
a 19 40 0 1 2828141812472.844
a 19 41 0 1 6675956132532.173
a 19 42 0 1 5131693808020.815
a 19 43 0 1 4091728679083.562
a 19 44 0 1 3428290728487.872
a 19 45 0 1 5902714298301.951
a 19 46 0 1 3395387987627.369
a 19 47 0 1 5110256417951.524
a 19 48 0 1 7277695527243.023
a 19 49 0 1 4013675535057.4624
a 19 50 0 1 5186721204130.822
a 19 51 0 1 1644697081187.078
a 19 52 0 1 2815214878195.0146
a 19 53 0 1 2402079323170.7524
a 19 54 0 1 7267480258691.541
a 19 55 0 1 6072931234475.678
a 19 56 0 1 4738108419765.767
a 19 57 0 1 6702424165657.919
a 19 58 0 1 6720647836378.528
a 19 59 0 1 4951154537981.378
a 19 60 0 1 5378006691249.206
a 19 61 0 1 3007352138751.5254
a 19 62 0 1 2197680052421.179
a 19 63 0 1 1519362546762.8552
a 19 64 0 1 7042591324338.841
a 19 65 0 1 6284134827009.2705
a 19 66 0 1 1623647185097.2405
a 19 67 0 1 2270446922241.5405
a 19 68 0 1 2732358990526.108
a 19 69 0 1 3094544665576.817
a 19 70 0 1 6421971835333.087
a 19 71 0 1 3709779607518.986
a 19 72 0 1 5717911249454.12
a 19 73 0 1 3085592492717.9346
a 19 74 0 1 2399752975819.2227
a 19 75 0 1 5160615900170.142
a 19 76 0 1 3377102388680.3555
a 19 77 0 1 2142440203438.1702
a 19 78 0 1 2534330533246.4546
a 19 79 0 1 2577436839565.182
a 19 80 0 1 2514013310123.5664
a 20 24 0 1 8226983173433.421
a 20 25 0 1 24842359135348.086
a 20 26 0 1 13961108904970.242
a 20 27 0 1 12830087504947.074
a 20 28 0 1 12495391409275.01
a 20 29 0 1 19018224102886.734
a 20 30 0 1 16580777729587.738
a 20 31 0 1 25873731868845.215
a 20 32 0 1 19439947941934.734
a 20 33 0 1 13153708548719.047
a 20 34 0 1 8321485808020.707
a 20 35 0 1 16961622487985.863
a 20 36 0 1 9120855586446.336
a 20 37 0 1 17615772727264.25
a 20 38 0 1 10577146788811.615
a 20 39 0 1 25556663497333.336
a 20 40 0 1 10470376203900.86
a 20 41 0 1 24745457871462.81
a 20 42 0 1 19012250650717.426
a 20 43 0 1 15154403515542.549
a 20 44 0 1 12694625898084.848
a 20 45 0 1 21874039558718.742
a 20 46 0 1 12572661424160.217
a 20 47 0 1 18932701389647.383
a 20 48 0 1 26980965562832.57
a 20 49 0 1 14864959090780.146
a 20 50 0 1 19216449629679.14
a 20 51 0 1 6086772670204.603
a 20 52 0 1 10422476028357.248
a 20 53 0 1 8891823862987.291
a 20 54 0 1 26943008043866.25
a 20 55 0 1 22506017731369.07
a 20 56 0 1 17551914713979.781
a 20 57 0 1 24843770951298.08
a 20 58 0 1 24911462049044.926
a 20 59 0 1 18342343893394.473
a 20 60 0 1 19926337921154.39
a 20 61 0 1 11134471780149.559
a 20 62 0 1 8134677626381.503
a 20 63 0 1 5622709489392.29
a 20 64 0 1 26107435436693.508
a 20 65 0 1 23290263801023.234
a 20 66 0 1 6008830874248.751
a 20 67 0 1 8404213342153.398
a 20 68 0 1 10115466409682.932
a 20 69 0 1 11457605932937.037
a 20 70 0 1 23802139182116.36
a 20 71 0 1 13738156202500.982
a 20 72 0 1 21187982415293.574
a 20 73 0 1 11424428510406.568
a 20 74 0 1 8883205945931.193
a 20 75 0 1 19119575619483.035
a 20 76 0 1 12504881117045.812
a 20 77 0 1 7930071890970.707
a 20 78 0 1 9381766914425.36
a 20 79 0 1 9541468958036.518
a 20 80 0 1 9306496304456.148
a 21 24 0 1 5519385395422.707
a 21 25 0 1 16655945701708.229
a 21 26 0 1 9364306776616.799
a 21 27 0 1 8606051857797.232
a 21 28 0 1 8381653738456.616
a 21 29 0 1 12753881857500.629
a 21 30 0 1 11120324875986.953
a 21 31 0 1 17346766545065.41
a 21 32 0 1 13036487101614.055
a 21 33 0 1 8823019252095.793
a 21 34 0 1 5582766098937.468
a 21 35 0 1 11375583905335.32
a 21 36 0 1 6118866515988.342
a 21 37 0 1 11814007147944.742
a 21 38 0 1 7095450275967.547
a 21 39 0 1 17134397645942.672
a 21 40 0 1 7023853961621.514
a 21 41 0 1 16591037757359.291
a 21 42 0 1 12749878867456.695
a 21 43 0 1 10164240096276.215
a 21 44 0 1 8515231855889.099
a 21 45 0 1 14667441716756.05
a 21 46 0 1 8433460184948.338
a 21 47 0 1 12696570340764.53
a 21 48 0 1 18088339306619.07
a 21 49 0 1 9970215674172.56
a 21 50 0 1 12886717717626.662
a 21 51 0 1 4083874728770.389
a 21 52 0 1 6991733727881.556
a 21 53 0 1 5965268831320.803
a 21 54 0 1 18062918189172.234
a 21 55 0 1 15090847168643.893
a 21 56 0 1 11771209319401.08
a 21 57 0 1 16656891383167.71
a 21 58 0 1 16702233021336.238
a 21 59 0 1 12300942668342.549
a 21 60 0 1 13362415126638.053
a 21 61 0 1 7469161914217.882
a 21 62 0 1 5457477788582.932
a 21 63 0 1 3772581326216.6973
a 21 64 0 1 17503295340298.896
a 21 65 0 1 15616239036786.023
a 21 66 0 1 4031592167258.7437
a 21 67 0 1 5638249145551.675
a 21 68 0 1 6785860715111.9375
a 21 69 0 1 7685830756624.34
a 21 70 0 1 15959144059725.45
a 21 71 0 1 9214840852964.36
a 21 72 0 1 14207782041139.842
a 21 73 0 1 7663584780434.769
a 21 74 0 1 5959489265002.515
a 21 75 0 1 12821800281693.062
a 21 76 0 1 8388016223346.952
a 21 77 0 1 5320250997569.319
a 21 78 0 1 6293840666911.804
a 21 79 0 1 6400939442559.299
a 21 80 0 1 6243362527627.35
a 22 24 0 1 6757233778136.957
a 22 25 0 1 20397295012068.508
a 22 26 0 1 11465605695498.24
a 22 27 0 1 10536996041018.842
a 22 28 0 1 10262190090022.482
a 22 29 0 1 15617151439219.215
a 22 30 0 1 13616282720403.879
a 22 31 0 1 21243671697224.574
a 22 32 0 1 15963318760925.488
a 22 33 0 1 10802705093806.242
a 22 34 0 1 6834840242494.424
a 22 35 0 1 13928926595426.715
a 22 36 0 1 7491278245581.526
a 22 37 0 1 14465921517575.707
a 22 38 0 1 8687120921648.087
a 22 39 0 1 20983479324499.434
a 22 40 0 1 8599448020909.089
a 22 41 0 1 20317772955004.99
a 22 42 0 1 15612248154204.227
a 22 43 0 1 12445296994123.373
a 22 44 0 1 10425774238948.975
a 22 45 0 1 17961198076509.016
a 22 46 0 1 10325633831401.652
a 22 47 0 1 15546950336993.68
a 22 48 0 1 22152262124952.363
a 22 49 0 1 12207668415395.842
a 22 50 0 1 15779863407778.66
a 22 51 0 1 4999591673624.3955
a 22 52 0 1 8560115458338.014
a 22 53 0 1 7303200880066.435
a 22 54 0 1 22121115062797.207
a 22 55 0 1 18479886950030.25
a 22 56 0 1 14413500820561.105
a 22 57 0 1 20398453616983.426
a 22 58 0 1 20454004148665.66
a 22 59 0 1 15062350128431.531
a 22 60 0 1 16362559085675.867
a 22 61 0 1 9144752866306.572
a 22 62 0 1 6681431291530.952
a 22 63 0 1 4618460613659.326
a 22 64 0 1 21435451135420.23
a 22 65 0 1 19123529148266.047
a 22 66 0 1 4935579262078.5
a 22 67 0 1 6902776634271.873
a 22 68 0 1 8308016939886.964
a 22 69 0 1 9410080694079.262
a 22 70 0 1 19543621506546.49
a 22 71 0 1 11282556852805.086
a 22 72 0 1 17398109188908.668
a 22 73 0 1 9382838631285.082
a 22 74 0 1 7296123943118.34
a 22 75 0 1 15700345253862.885
a 22 76 0 1 10269981772308.703
a 22 77 0 1 6513405438266.99
a 22 78 0 1 7705532496016.808
a 22 79 0 1 7836674925157.652
a 22 80 0 1 7643722276403.15
a 23 24 0 1 6095027423541.778
a 23 25 0 1 18395533410972.434
a 23 26 0 1 10341431004700.145
a 23 27 0 1 9503968915064.133
a 23 28 0 1 9256133137753.748
a 23 29 0 1 14085267292846.744
a 23 30 0 1 12280941091116.627
a 23 31 0 1 19158664549977.715
a 23 32 0 1 14397422799610.902
a 23 33 0 1 9743599123967.525
a 23 34 0 1 6165023084466.68
a 23 35 0 1 12562879780961.938
a 23 36 0 1 6757079834356.054
a 23 37 0 1 13047131040497.648
a 23 38 0 1 7835615683100.186
a 23 39 0 1 18924065006723.78
a 23 40 0 1 7756544092129.573
a 23 41 0 1 18323832009828.707
a 23 42 0 1 14080845750428.363
a 23 43 0 1 11224941771271.963
a 23 44 0 1 9403662896506.424
a 23 45 0 1 16198957643256.916
a 23 46 0 1 9313350481315.955
a 23 47 0 1 14021963328334.379
a 23 48 0 1 19977874105225.242
a 23 49 0 1 11010644015317.945
a 23 50 0 1 14231992703420.555
a 23 51 0 1 4509723019158.623
a 23 52 0 1 7721070271431.575
a 23 53 0 1 6587449367595.455
a 23 54 0 1 19949791355745.387
a 23 55 0 1 16666658300666.86
a 23 56 0 1 12999859365462.057
a 23 57 0 1 18396578071070.242
a 23 58 0 1 18446665366431.492
a 23 59 0 1 13584971515646.416
a 23 60 0 1 14757433716934.844
a 23 61 0 1 8248348269295.738
a 23 62 0 1 6026658707305.335
a 23 63 0 1 4165953754050.8975
a 23 64 0 1 19331579450801.633
a 23 65 0 1 17247021471031.426
a 23 66 0 1 4451985869846.69
a 23 67 0 1 6226296908347.005
a 23 68 0 1 7493703263188.559
a 23 69 0 1 8487642198650.089
a 23 70 0 1 17625808315575.875
a 23 71 0 1 10176350689208.309
a 23 72 0 1 15691215371419.658
a 23 73 0 1 8463073186150.199
a 23 74 0 1 6581066532745.737
a 23 75 0 1 14160287327933.383
a 23 76 0 1 9263160145192.654
a 23 77 0 1 5875110334408.256
a 23 78 0 1 6950318841547.613
a 23 79 0 1 7068597633737.964
a 23 80 0 1 6894571406495.058
a 24 1 0 1 0
a 25 1 0 1 0
a 26 1 0 1 0
a 27 1 0 1 0
a 28 1 0 1 0
a 29 1 0 1 0
a 30 1 0 1 0
a 31 1 0 1 0
a 32 1 0 1 0
a 33 1 0 1 0
a 34 1 0 1 0
a 35 1 0 1 0
a 36 1 0 1 0
a 37 1 0 1 0
a 38 1 0 1 0
a 39 1 0 1 0
a 40 1 0 1 0
a 41 1 0 1 0
a 42 1 0 1 0
a 43 1 0 1 0
a 44 1 0 1 0
a 45 1 0 1 0
a 46 1 0 1 0
a 47 1 0 1 0
a 48 1 0 1 0
a 49 1 0 1 0
a 50 1 0 1 0
a 51 1 0 1 0
a 52 1 0 1 0
a 53 1 0 1 0
a 54 1 0 1 0
a 55 1 0 1 0
a 56 1 0 1 0
a 57 1 0 1 0
a 58 1 0 1 0
a 59 1 0 1 0
a 60 1 0 1 0
a 61 1 0 1 0
a 62 1 0 1 0
a 63 1 0 1 0
a 64 1 0 1 0
a 65 1 0 1 0
a 66 1 0 1 0
a 67 1 0 1 0
a 68 1 0 1 0
a 69 1 0 1 0
a 70 1 0 1 0
a 71 1 0 1 0
a 72 1 0 1 0
a 73 1 0 1 0
a 74 1 0 1 0
a 75 1 0 1 0
a 76 1 0 1 0
a 77 1 0 1 0
a 78 1 0 1 0
a 79 1 0 1 0
a 80 1 0 1 0
