p min 82 1356
n 0 22
n 1 -22
a 0 2 0 1 0
a 0 3 0 1 0
a 0 4 0 1 0
a 0 5 0 1 0
a 0 6 0 1 0
a 0 7 0 1 0
a 0 8 0 1 0
a 0 9 0 1 0
a 0 10 0 1 0
a 0 11 0 1 0
a 0 12 0 1 0
a 0 13 0 1 0
a 0 14 0 1 0
a 0 15 0 1 0
a 0 16 0 1 0
a 0 17 0 1 0
a 0 18 0 1 0
a 0 19 0 1 0
a 0 20 0 1 0
a 0 21 0 1 0
a 0 22 0 1 0
a 0 23 0 1 0
a 2 24 0 1 18114089099065.5
a 2 25 0 1 9576058074257.059
a 2 26 0 1 15919155096160.979
a 2 27 0 1 19428150148318.625
a 2 28 0 1 4522750273457.452
a 2 29 0 1 10725638286328.975
a 2 30 0 1 11886938399676.55
a 2 31 0 1 9217653158259.004
a 2 32 0 1 4979845551645.91
a 2 33 0 1 17396819940471.557
a 2 34 0 1 10231577342690.783
a 2 35 0 1 7170110656136.9
a 2 36 0 1 15399075534976.352
a 2 37 0 1 13769947409285.35
a 2 38 0 1 12737064511814.47
a 2 39 0 1 10592940304517.936
a 2 40 0 1 9536899253599.36
a 2 41 0 1 18981185220061.453
a 2 42 0 1 5642819433907.3545
a 2 43 0 1 18573188219600.29
a 2 44 0 1 12688613835933.504
a 2 45 0 1 6457774142021.827
a 2 46 0 1 11829883223315.816
a 2 47 0 1 13975243407175.83
a 2 48 0 1 11464312618360.432
a 2 49 0 1 19718893052316.37
a 2 50 0 1 18653891857460.97
a 2 51 0 1 9108036524423.193
a 2 52 0 1 14180735879253.508
a 2 53 0 1 5404891636799.753
a 2 54 0 1 7808373009367.748
a 2 55 0 1 18268095890276.277
a 2 56 0 1 18992470162079.207
a 2 57 0 1 10047572503752.654
a 2 58 0 1 8777003083808.591
a 2 59 0 1 17459541698211.443
a 2 60 0 1 12892922681500.27
a 2 61 0 1 4571753622328.645
a 2 62 0 1 6211108212687.303
a 2 63 0 1 11309618238832.234
a 2 64 0 1 10619379477817.844
a 2 65 0 1 17763036874259.96
a 2 66 0 1 5588283279152.074
a 2 67 0 1 9328824790438.908
a 2 68 0 1 14396785162677.799
a 2 69 0 1 10970689668982.734
a 2 70 0 1 17773784381766.258
a 2 71 0 1 5906130649809.315
a 2 72 0 1 18432768696652.24
a 2 73 0 1 4168616853137.148
a 2 74 0 1 19210744915057.887
a 2 75 0 1 5548952265851.376
a 2 76 0 1 6098958979971.728
a 2 77 0 1 18654188569274.105
a 2 78 0 1 16671082408336.67
a 2 79 0 1 8095669850311.39
a 2 80 0 1 11986483813359.926
a 2 81 0 1 7464351059131.908
a 3 24 0 1 19946591032981.92
a 3 25 0 1 10543766110192.71
a 3 26 0 1 17529159312923.7
a 3 27 0 1 21393916090060.21
a 3 28 0 1 4979503794639.546
a 3 29 0 1 11809675123793.291
a 3 30 0 1 13088524437893.479
a 3 31 0 1 10149100267212.5
a 3 32 0 1 5482790369180.73
a 3 33 0 1 19156599572333.344
a 3 34 0 1 11265614803597.943
a 3 35 0 1 7894464770270.691
a 3 36 0 1 16956378083273.719
a 3 37 0 1 15162209098991.021
a 3 38 0 1 14024724021692.334
a 3 39 0 1 11663547381109.684
a 3 40 0 1 10500645310936.975
a 3 41 0 1 20901617737545.05
a 3 42 0 1 6212769912955.768
a 3 43 0 1 20452244121511.547
a 3 44 0 1 13971367318684.1
a 3 45 0 1 7110106163391.613
a 3 46 0 1 13025693209938.46
a 3 47 0 1 15388299109803.62
a 3 48 0 1 12623115594008.697
a 3 49 0 1 21714150355937.242
a 3 50 0 1 20541131899966.25
a 3 51 0 1 10028394039619.48
a 3 52 0 1 15614606579377.61
a 3 53 0 1 5950793855621.383
a 3 54 0 1 8597270862029.083
a 3 55 0 1 20116213950514.34
a 3 56 0 1 20914047191736.414
a 3 57 0 1 11062990123348.625
a 3 58 0 1 9663872786280.494
a 3 59 0 1 19225680019822.34
a 3 60 0 1 14196364514369.299
a 3 61 0 1 5033458870699.18
a 3 62 0 1 6838503653619.344
a 3 63 0 1 12452762408982.156
a 3 64 0 1 11692662307173.904
a 3 65 0 1 19559944762162.574
a 3 66 0 1 6152721455111.696
a 3 67 0 1 10271519122591.86
a 3 68 0 1 15852541363583.885
a 3 69 0 1 12079528233198.08
a 3 70 0 1 19571781938789.547
a 3 71 0 1 6502696678104.279
a 3 72 0 1 20297585080670.785
a 3 73 0 1 4589587463211.068
a 3 74 0 1 21154459886021.87
a 3 75 0 1 6109415062774.8955
a 3 76 0 1 6715017260699.908
a 3 77 0 1 20541458701576.79
a 3 78 0 1 18357294611047.68
a 3 79 0 1 8913623761144.871
a 3 80 0 1 13198147655173.838
a 3 81 0 1 8218458686511.502
a 4 24 0 1 8415229246425.452
a 4 25 0 1 4451073224494.266
a 4 26 0 1 7396533379870.334
a 4 27 0 1 9024969110461.45
a 4 28 0 1 2102886237413.8796
a 4 29 0 1 4985059568178.428
a 4 30 0 1 5524413019617.556
a 4 31 0 1 4284576688251.4688
a 4 32 0 1 2315350879110.62
a 4 33 0 1 8082366156802.729
a 4 34 0 1 4755574811804.209
a 4 35 0 1 3333252410965.446
a 4 36 0 1 7155117626712.447
a 4 37 0 1 6398792313597.271
a 4 38 0 1 5919196057673.991
a 4 39 0 1 4923424488600.193
a 4 40 0 1 4432882403442.047
a 4 41 0 1 8817583196047.094
a 4 42 0 1 2623489671972.5933
a 4 43 0 1 8628267905541.793
a 4 44 0 1 5896697561074.787
a 4 45 0 1 3002232029330.5596
a 4 46 0 1 5497916155687.045
a 4 47 0 1 6494109676129.057
a 4 48 0 1 5328137923017.269
a 4 49 0 1 9159863895836.344
a 4 50 0 1 8665716075999.563
a 4 51 0 1 4233652954784.479
a 4 52 0 1 6589515842891.039
a 4 53 0 1 2512907843690.8643
a 4 54 0 1 3629826091665.244
a 4 55 0 1 8486695334006.396
a 4 56 0 1 8822819403172.887
a 4 57 0 1 4670103431295.568
a 4 58 0 1 4079863187482.425
a 4 59 0 1 8111474617686.013
a 4 60 0 1 5991569254878.169
a 4 61 0 1 2125664291030.5623
a 4 62 0 1 2887600427184.0015
a 4 63 0 1 5256292483182.806
a 4 64 0 1 4935704940826.687
a 4 65 0 1 8252320125952.617
a 4 66 0 1 2598143160877.9243
a 4 67 0 1 4336222112089.7744
a 4 68 0 1 6689820724351.843
a 4 69 0 1 5098877498939.6875
a 4 70 0 1 8257307713654.985
a 4 71 0 1 2745865185375.4863
a 4 72 0 1 8563109430398.813
a 4 73 0 1 1938271561394.6294
a 4 74 0 1 8924097338350.012
a 4 75 0 1 2579863365836.2495
a 4 76 0 1 2835480823422.4004
a 4 77 0 1 8665853755778.199
a 4 78 0 1 7745543162535.411
a 4 79 0 1 3763313239410.945
a 4 80 0 1 5570642231048.606
a 4 81 0 1 3469976454249.8457
a 5 24 0 1 7359911905027.273
a 5 25 0 1 3893106276387.5815
a 5 26 0 1 6469061423187.861
a 5 27 0 1 7893117435971.552
a 5 28 0 1 1839340005827.4832
a 5 29 0 1 4360120835310.8076
a 5 30 0 1 4831822056168.645
a 5 31 0 1 3747490018962.775
a 5 32 0 1 2025171104026.5012
a 5 33 0 1 7068825708394.009
a 5 34 0 1 4159418603264.4004
a 5 35 0 1 2915457595826.168
a 5 36 0 1 6257939279099.182
a 5 37 0 1 5596510515083.189
a 5 38 0 1 5177081975006.041
a 5 39 0 1 4306216304756.941
a 5 40 0 1 3877196794611.8516
a 5 41 0 1 7711763583006.856
a 5 42 0 1 2294681077915.43
a 5 43 0 1 7546211094634.79
a 5 44 0 1 5157405883087.807
a 5 45 0 1 2625940345634.985
a 5 46 0 1 4808648920882.453
a 5 47 0 1 5679869152135.206
a 5 48 0 1 4660167005568.754
a 5 49 0 1 8011079005977.351
a 5 50 0 1 7578958853114.294
a 5 51 0 1 3702952475259.5957
a 5 52 0 1 5763305221984.199
a 5 53 0 1 2197962257157.0146
a 5 54 0 1 3174844701287.209
a 5 55 0 1 7422408080572.756
a 5 56 0 1 7716342530010.063
a 5 57 0 1 4084666906766.97
a 5 58 0 1 3568448615066.6074
a 5 59 0 1 7094280943960.353
a 5 60 0 1 5240375969924.3
a 5 61 0 1 1859262766962.0603
a 5 62 0 1 2525680538171.5137
a 5 63 0 1 4597333357411.69
a 5 64 0 1 4316956495060.6753
a 5 65 0 1 7217449489398.881
a 5 66 0 1 2272512140344.73
a 5 67 0 1 3792658681163.51
a 5 68 0 1 5851025143248.237
a 5 69 0 1 4459662956843.494
a 5 70 0 1 7221811095498.248
a 5 71 0 1 2401714717468.7524
a 5 72 0 1 7489231083469.584
a 5 73 0 1 1695359848696.5845
a 5 74 0 1 7804907701860.996
a 5 75 0 1 2256523987627.1846
a 5 76 0 1 2480095255250.561
a 5 77 0 1 7579079251565.258
a 5 78 0 1 6774273755606.075
a 5 79 0 1 3291593530195.9697
a 5 80 0 1 4872252299096.886
a 5 81 0 1 3035038455418.1865
a 6 24 0 1 29678256385262.76
a 6 25 0 1 15679637098910.006
a 6 26 0 1 26077847654230.28
a 6 27 0 1 31834303565400.844
a 6 28 0 1 7402710714421.937
a 6 29 0 1 17563418696492.41
a 6 30 0 1 19466728784014.773
a 6 31 0 1 15092395140447.4
a 6 32 0 1 8151144703678.964
a 6 33 0 1 28501572496737.605
a 6 34 0 1 16753777260033.998
a 6 35 0 1 11738115542907.398
a 6 36 0 1 25224917993162.266
a 6 37 0 1 22553573392208.66
a 6 38 0 1 20860247185797.33
a 6 39 0 1 17345954351022.424
a 6 40 0 1 15615474356803.826
a 6 41 0 1 31100898433558.387
a 6 42 0 1 9236767329471.277
a 6 43 0 1 30431476289260.895
a 6 44 0 1 20780822626464.234
a 6 45 0 1 10571404006467.188
a 6 46 0 1 19373210740455.35
a 6 47 0 1 22890169907341.0
a 6 48 0 1 18774029615512.953
a 6 49 0 1 32311396803444.22
a 6 50 0 1 30563887796918.96
a 6 51 0 1 14912795839875.219
a 6 52 0 1 23227098746544.562
a 6 53 0 1 8847147368686.559
a 6 54 0 1 12783607256401.674
a 6 55 0 1 29930921583237.91
a 6 56 0 1 31119414804372.42
a 6 57 0 1 16452254713161.82
a 6 58 0 1 14370437925463.111
a 6 59 0 1 28604462909375.703
a 6 60 0 1 21115747287129.547
a 6 61 0 1 7482944913686.605
a 6 62 0 1 10167426793448.2
a 6 63 0 1 18520490617955.734
a 6 64 0 1 17389282309046.49
a 6 65 0 1 29102337781693.543
a 6 66 0 1 9147460149869.145
a 6 67 0 1 15274545154688.275
a 6 68 0 1 23581347704148.96
a 6 69 0 1 17965018015029.188
a 6 70 0 1 29119969158863.465
a 6 71 0 1 9667969911136.174
a 6 72 0 1 30201091910498.477
a 6 73 0 1 6822897871992.016
a 6 74 0 1 31477566818829.766
a 6 75 0 1 9083053011473.227
a 6 76 0 1 9983759186650.895
a 6 77 0 1 30564374618755.48
a 6 78 0 1 27311122859686.16
a 6 79 0 1 13254239572971.78
a 6 80 0 1 19629893639378.676
a 6 81 0 1 12220077431716.16
a 7 24 0 1 25227008194294.406
a 7 25 0 1 13331172340437.914
a 7 26 0 1 22167980225484.39
a 7 27 0 1 27058675575603.457
a 7 28 0 1 6294845762638.768
a 7 29 0 1 14932319564190.352
a 7 30 0 1 16549959465328.984
a 7 31 0 1 12832016300948.717
a 7 32 0 1 6931182218717.524
a 7 33 0 1 24227300061338.88
a 7 34 0 1 14244165965628.979
a 7 35 0 1 9980682470662.668
a 7 36 0 1 21443246728686.848
a 7 37 0 1 19173269438989.273
a 7 38 0 1 17734255470745.33
a 7 39 0 1 14747487940924.326
a 7 40 0 1 13276634461358.826
a 7 41 0 1 26435627450295.16
a 7 42 0 1 7854175314684.779
a 7 43 0 1 25866920838636.164
a 7 44 0 1 17666757222023.25
a 7 45 0 1 8988832040076.656
a 7 46 0 1 16470480147388.871
a 7 47 0 1 19459304157720.426
a 7 48 0 1 15961240695492.97
a 7 49 0 1 27463971094942.473
a 7 50 0 1 25979411889240.227
a 7 51 0 1 12679354759244.945
a 7 52 0 1 19745617945391.12
a 7 53 0 1 7522925570503.07
a 7 54 0 1 10869446991700.143
a 7 55 0 1 25441666696746.74
a 7 56 0 1 26451357818811.555
a 7 57 0 1 13987882382338.203
a 7 58 0 1 12218338333878.572
a 7 59 0 1 24314717162739.29
a 7 60 0 1 17951388680888.24
a 7 61 0 1 6363063581465.603
a 7 62 0 1 8645391678807.033
a 7 63 0 1 15745756666739.053
a 7 64 0 1 14784314211868.395
a 7 65 0 1 24737714061706.816
a 7 66 0 1 7778247923532.947
a 7 67 0 1 12986845012421.973
a 7 68 0 1 20046646342289.938
a 7 69 0 1 15273651196669.732
a 7 70 0 1 24752693631295.742
a 7 71 0 1 8220772863539.221
a 7 72 0 1 25671195073424.664
a 7 73 0 1 5801863743264.409
a 7 74 0 1 26755619732131.54
a 7 75 0 1 7723489963675.585
a 7 76 0 1 8489245473783.043
a 7 77 0 1 25979825470921.18
a 7 78 0 1 23215855125676.215
a 7 79 0 1 11269517460472.254
a 7 80 0 1 16688629751743.65
a 7 81 0 1 10390398576289.514
a 8 24 0 1 10856676073002.25
a 8 25 0 1 5741669068657.185
a 8 26 0 1 9542108860979.045
a 8 27 0 1 11643552422586.064
a 8 28 0 1 2712408854925.8447
a 8 29 0 1 6430600276883.227
a 8 30 0 1 7126480900400.441
a 8 31 0 1 5526865867790.879
a 8 32 0 1 2986477655484.9893
a 8 33 0 1 10427125946080.314
a 8 34 0 1 6134523756200.908
a 8 35 0 1 4299573845315.3184
a 8 36 0 1 9230589129677.44
a 8 37 0 1 8254669385679.691
a 8 38 0 1 7635850852647.458
a 8 39 0 1 6351079516842.133
a 8 40 0 1 5718200316491.209
a 8 41 0 1 11375914898789.77
a 8 42 0 1 3383968251631.277
a 8 43 0 1 11131601279796.873
a 8 44 0 1 7606821741451.467
a 8 45 0 1 3872546714695.931
a 8 46 0 1 7092293726648.059
a 8 47 0 1 8377658844213.038
a 8 48 0 1 6873241393163.829
a 8 49 0 1 11817640039757.111
a 8 50 0 1 11179928340716.818
a 8 51 0 1 5461167795295.728
a 8 52 0 1 8500763672976.122
a 8 53 0 1 3241319783587.885
a 8 54 0 1 4682171621927.315
a 8 55 0 1 10948902225569.97
a 8 56 0 1 11382672329918.4
a 8 57 0 1 6024251496324.86
a 8 58 0 1 5262760854025.3125
a 8 59 0 1 10464689185884.523
a 8 60 0 1 7729232036628.964
a 8 61 0 1 2741791222997.392
a 8 62 0 1 3724670395133.211
a 8 63 0 1 6780545268692.032
a 8 64 0 1 6366923566872.786
a 8 65 0 1 10646445400755.803
a 8 66 0 1 3351271638427.8213
a 8 67 0 1 5593495240639.068
a 8 68 0 1 8630190275600.9375
a 8 69 0 1 6577447518371.258
a 8 70 0 1 10652881740077.463
a 8 71 0 1 3541831578307.8516
a 8 72 0 1 11047514213510.232
a 8 73 0 1 2500066798515.2515
a 8 74 0 1 11513374017904.193
a 8 75 0 1 3327691015629.692
a 8 76 0 1 3657435774607.374
a 8 77 0 1 11180106017417.98
a 8 78 0 1 9992475411310.549
a 8 79 0 1 4854380495327.258
a 8 80 0 1 7186127578909.557
a 8 81 0 1 4475955092667.68
a 9 24 0 1 24038927267650.656
a 9 25 0 1 12704152272787.074
a 9 26 0 1 21124316637961.906
a 9 27 0 1 25784074853360.12
a 9 28 0 1 5999001738385.056
a 9 29 0 1 14229867484845.572
a 9 30 0 1 15771271468691.996
a 9 31 0 1 12228506669306.48
a 9 32 0 1 6605409019451.788
a 9 33 0 1 23086426222948.645
a 9 34 0 1 13574136894465.852
a 9 35 0 1 9511422374324.078
a 9 36 0 1 20433783759664.812
a 9 37 0 1 18270892907485.688
a 9 38 0 1 16899736971680.336
a 9 39 0 1 14053744859327.494
a 9 40 0 1 12652183273495.625
a 9 41 0 1 25190460643684.742
a 9 42 0 1 7484983027834.923
a 9 43 0 1 24648617244767.66
a 9 44 0 1 16835421139204.703
a 9 45 0 1 8566251615204.416
a 9 46 0 1 15695538473521.986
a 9 47 0 1 18543436842267.805
a 9 48 0 1 15210300890246.91
a 9 49 0 1 26170221322509.56
a 9 50 0 1 24755794976093.695
a 9 51 0 1 12083035029107.969
a 9 52 0 1 18816245835857.61
a 9 53 0 1 7169316818864.817
a 9 54 0 1 10358350147390.908
a 9 55 0 1 24243448058460.676
a 9 56 0 1 25205447930764.25
a 9 57 0 1 13329927103758.514
a 9 58 0 1 11643729635237.332
a 9 59 0 1 23169715825801.88
a 9 60 0 1 17106632437210.617
a 9 61 0 1 6064011229666.627
a 9 62 0 1 8238972294246.572
a 9 63 0 1 15004972414335.568
a 9 64 0 1 14088835958023.338
a 9 65 0 1 23572739323533.156
a 9 66 0 1 7412627715874.655
a 9 67 0 1 12376043166077.102
a 9 68 0 1 19103074467926.0
a 9 69 0 1 14555115137966.998
a 9 70 0 1 23587011542007.867
a 9 71 0 1 7834332795152.032
a 9 72 0 1 24462135933376.043
a 9 73 0 1 5529203550416.344
a 9 74 0 1 25495336416302.504
a 9 75 0 1 7360445861445.608
a 9 76 0 1 8090173352644.602
a 9 77 0 1 24756189022720.582
a 9 78 0 1 22122732062114.76
a 9 79 0 1 10739585464915.04
a 9 80 0 1 15903405261113.75
a 9 81 0 1 9901852956991.771
a 10 24 0 1 22879803930911.69
a 10 25 0 1 12092336759607.889
a 10 26 0 1 20106057253198.754
a 10 27 0 1 24540564971845.746
a 10 28 0 1 5710309863802.687
a 10 29 0 1 13544460863747.955
a 10 30 0 1 15011492018881.21
a 10 31 0 1 11639628340635.45
a 10 32 0 1 6287513684047.527
a 10 33 0 1 21973347426565.234
a 10 34 0 1 12920361694824.033
a 10 35 0 1 9053524894237.826
a 10 36 0 1 19448884842693.31
a 10 37 0 1 17390453167075.324
a 10 38 0 1 16085493067070.982
a 10 39 0 1 13376834565617.283
a 10 40 0 1 12042873991547.035
a 10 41 0 1 23975658576100.742
a 10 42 0 1 7124722125472.933
a 10 43 0 1 23460016040028.883
a 10 44 0 1 16024281747052.996
a 10 45 0 1 8153899131533.183
a 10 46 0 1 14939413731858.396
a 10 47 0 1 17649837020957.617
a 10 48 0 1 14477591210165.963
a 10 49 0 1 24908034982757.66
a 10 50 0 1 23562011433962.08
a 10 51 0 1 11501171340614.334
a 10 52 0 1 17909472347834.47
a 10 53 0 1 6824261236581.813
a 10 54 0 1 9859633695948.137
a 10 55 0 1 23074436795933.164
a 10 56 0 1 23989921108000.258
a 10 57 0 1 12687931042091.44
a 10 58 0 1 11083047888504.35
a 10 59 0 1 22052611137494.46
a 10 60 0 1 16282401432794.758
a 10 61 0 1 5772188803132.846
a 10 62 0 1 7842388238695.276
a 10 63 0 1 14282170077155.252
a 10 64 0 1 13410232861615.555
a 10 65 0 1 22436153025943.117
a 10 66 0 1 7055852188191.781
a 10 67 0 1 11780050401458.133
a 10 68 0 1 18182449469877.293
a 10 69 0 1 13854017390561.074
a 10 70 0 1 22449735313189.73
a 10 71 0 1 7457242843612.439
a 10 72 0 1 23282551321623.938
a 10 73 0 1 5263133625541.849
a 10 74 0 1 24265790698830.453
a 10 75 0 1 7006183913308.347
a 10 76 0 1 7700758106303.239
a 10 77 0 1 23562386427128.41
a 10 78 0 1 21056229109367.13
a 10 79 0 1 10222492324876.469
a 10 80 0 1 15137249179219.51
a 10 81 0 1 9425139022822.057
a 11 24 0 1 28496430145244.07
a 11 25 0 1 15056220108561.252
a 11 26 0 1 25039807946978.91
a 11 27 0 1 30566318259284.45
a 11 28 0 1 7108650788094.335
a 11 29 0 1 16864957668410.13
a 11 30 0 1 18692414015313.375
a 11 31 0 1 14492365665626.293
a 11 32 0 1 7827327726814.879
a 11 33 0 1 27366751093420.34
a 11 34 0 1 16087573674671.816
a 11 35 0 1 11271615515352.43
a 11 36 0 1 24220924265592.95
a 11 37 0 1 21656168902659.613
a 11 38 0 1 20030375462657.477
a 11 39 0 1 16656158026294.076
a 11 40 0 1 14994612861471.783
a 11 41 0 1 29862225768710.125
a 11 42 0 1 8869778237801.45
a 11 43 0 1 29219554853770.36
a 11 44 0 1 19954117870918.53
a 11 45 0 1 10151326018907.342
a 11 46 0 1 18602623747217.117
a 11 47 0 1 21979338356493.145
a 11 48 0 1 18027325090171.85
a 11 49 0 1 31024340545232.496
a 11 50 0 1 29346675290018.92
a 11 51 0 1 14319918485771.697
a 11 52 0 1 22302825877110.62
a 11 53 0 1 8495653543549.103
a 11 54 0 1 12275498204497.184
a 11 55 0 1 28739000565072.645
a 11 56 0 1 29880002138089.258
a 11 57 0 1 15798062805084.48
a 11 58 0 1 13799156979028.06
a 11 59 0 1 27465531844065.68
a 11 60 0 1 20275687399203.99
a 11 61 0 1 7185695184663.619
a 11 62 0 1 9763419779464.926
a 11 63 0 1 17783890827198.344
a 11 64 0 1 16697759647635.914
a 11 65 0 1 27943519214139.188
a 11 66 0 1 8784022941146.354
a 11 67 0 1 14667261692885.895
a 11 68 0 1 22642941473769.46
a 11 69 0 1 17250554468968.25
a 11 70 0 1 27960446269695.926
a 11 71 0 1 9283830247277.992
a 11 72 0 1 28998376104804.86
a 11 73 0 1 6551887388853.643
a 11 74 0 1 30223840114365.684
a 11 75 0 1 8722177329496.286
a 11 76 0 1 9587058340964.441
a 11 77 0 1 29347142658509.26
a 11 78 0 1 26223843750972.85
a 11 79 0 1 12727396911226.96
a 11 80 0 1 18849074679833.86
a 11 81 0 1 11734397228539.76
a 12 24 0 1 32802339307613.527
a 12 25 0 1 17327214470920.273
a 12 26 0 1 28821674435090.082
a 12 27 0 1 35186263707727.83
a 12 28 0 1 8179750105811.722
a 12 29 0 1 19409381876692.195
a 12 30 0 1 21513230990224.3
a 12 31 0 1 16678148019297.172
a 12 32 0 1 9006826366627.637
a 12 33 0 1 31501341943068.082
a 12 34 0 1 18514463396295.633
a 12 35 0 1 12970908867765.195
a 12 36 0 1 27878713902250.31
a 12 37 0 1 24925522343389.688
a 12 38 0 1 23053636699853.086
a 12 39 0 1 19169010954037.746
a 12 40 0 1 17256296262861.965
a 12 41 0 1 34375329386615.484
a 12 42 0 1 10206548238216.484
a 12 43 0 1 33635154412083.27
a 12 44 0 1 22965838795132.47
a 12 45 0 1 11681498809216.389
a 12 46 0 1 21409857307722.566
a 12 47 0 1 25297621771707.176
a 12 48 0 1 20747535509017.793
a 12 49 0 1 35713798851071.484
a 12 50 0 1 33781559852541.98
a 12 51 0 1 16479642453396.621
a 12 52 0 1 25670091622874.836
a 12 53 0 1 9775975482896.365
a 12 54 0 1 14126381838104.201
a 12 55 0 1 33081702758727.273
a 12 56 0 1 34395802968411.715
a 12 57 0 1 18181186896741.266
a 12 58 0 1 15880196228269.373
a 12 59 0 1 31615100964299.715
a 12 60 0 1 23336074083642.188
a 12 61 0 1 8268414257989.857
a 12 62 0 1 11235045371068.072
a 12 63 0 1 20467281908273.68
a 12 64 0 1 19216902755476.535
a 12 65 0 1 32165571805501.33
a 12 66 0 1 10107853658863.234
a 12 67 0 1 16879473692998.771
a 12 68 0 1 26061711896281.527
a 12 69 0 1 19853286937435.18
a 12 70 0 1 32185065900132.586
a 12 71 0 1 10683079080245.764
a 12 72 0 1 33380422945337.95
a 12 73 0 1 7539023281852.582
a 12 74 0 1 34791814057720.406
a 12 75 0 1 10036676586257.615
a 12 76 0 1 11032067458946.236
a 12 77 0 1 33782098125098.09
a 12 78 0 1 30185162405660.26
a 12 79 0 1 14646532213226.43
a 12 80 0 1 21693591954193.668
a 12 81 0 1 13503567450606.203
a 13 24 0 1 20861911699941.29
a 13 25 0 1 11027056691366.25
a 13 26 0 1 18333313183141.145
a 13 27 0 1 22375823700222.184
a 13 28 0 1 5207594495473.974
a 13 29 0 1 12351073247489.281
a 13 30 0 1 13688642078063.65
a 13 31 0 1 10614278585346.836
a 13 32 0 1 5733949791804.029
a 13 33 0 1 20035584970206.355
a 13 34 0 1 11782037391310.533
a 13 35 0 1 8256204882853.983
a 13 36 0 1 17734201807808.98
a 13 37 0 1 15857580282277.943
a 13 38 0 1 14667839574911.682
a 13 39 0 1 12198237069288.428
a 13 40 0 1 10981956880413.398
a 13 41 0 1 21860873620333.332
a 13 42 0 1 6497393760507.863
a 13 43 0 1 21390825682880.656
a 13 44 0 1 14612032036822.291
a 13 45 0 1 7435874624283.492
a 13 46 0 1 13622925475307.535
a 13 47 0 1 16094058487417.016
a 13 48 0 1 13201861475308.31
a 13 49 0 1 22710794089177.41
a 13 50 0 1 21483802741746.887
a 13 51 0 1 10488033172355.164
a 13 52 0 1 16330764709409.352
a 13 53 0 1 6223407267806.696
a 13 54 0 1 8991248299705.39
a 13 55 0 1 21039337241843.49
a 13 56 0 1 21873874947934.31
a 13 57 0 1 11570111894937.22
a 13 58 0 1 10106785086655.91
a 13 59 0 1 20107842463103.453
a 13 60 0 1 14847364249228.258
a 13 61 0 1 5264022531002.332
a 13 62 0 1 7151817672582.316
a 13 63 0 1 13023686203250.404
a 13 64 0 1 12228688585164.754
a 13 65 0 1 20457480960067.703
a 13 66 0 1 6434592281396.961
a 13 67 0 1 10742315382745.883
a 13 68 0 1 16579633128463.38
a 13 69 0 1 12633315399732.021
a 13 70 0 1 20469862583688.973
a 13 71 0 1 6800613259799.503
a 13 72 0 1 21229051764740.293
a 13 73 0 1 4799807820380.29
a 13 74 0 1 22125349255350.26
a 13 75 0 1 6389300460296.908
a 13 76 0 1 7022669031003.111
a 13 77 0 1 21484144578020.008
a 13 78 0 1 19199523405449.4
a 13 79 0 1 9322113911440.154
a 13 80 0 1 13803299585574.838
a 13 81 0 1 8595059542217.783
a 14 24 0 1 29801648283725.1
a 14 25 0 1 15744722084830.004
a 14 26 0 1 26186225133091.867
a 14 27 0 1 31966692594327.977
a 14 28 0 1 7433409404023.84
a 14 29 0 1 17636339006107.746
a 14 30 0 1 19547569110098.707
a 14 31 0 1 15155038273999.611
a 14 32 0 1 8184950039201.666
a 14 33 0 1 28620056014610.508
a 14 34 0 1 16823329562170.049
a 14 35 0 1 11786817362727.746
a 14 36 0 1 25329740416788.03
a 14 37 0 1 22647266047904.37
a 14 38 0 1 20946888403738.41
a 14 39 0 1 17417969974128.502
a 14 40 0 1 15680292526947.436
a 14 41 0 1 31230226478007.426
a 14 42 0 1 9275079889852.871
a 14 43 0 1 30558010845624.914
a 14 44 0 1 20867133168271.168
a 14 45 0 1 10615259184372.83
a 14 46 0 1 19453661839672.777
a 14 47 0 1 22985264564860.094
a 14 48 0 1 18851987092027.01
a 14 49 0 1 32445777336547.188
a 14 50 0 1 30690974870118.246
a 14 51 0 1 14974692235064.63
a 14 52 0 1 23323596899372.277
a 14 53 0 1 8883842197424.191
a 14 54 0 1 12836653269167.754
a 14 55 0 1 30055367615196.742
a 14 56 0 1 31248820123491.133
a 14 57 0 1 16520552880195.486
a 14 58 0 1 14430079491934.627
a 14 59 0 1 28723375567664.043
a 14 60 0 1 21203452295137.21
a 14 61 0 1 7513976618622.273
a 14 62 0 1 10209604112405.865
a 14 63 0 1 18597393040747.906
a 14 64 0 1 17461478179769.354
a 14 65 0 1 29223327145322.258
a 14 66 0 1 9185401887189.479
a 14 67 0 1 15337945663642.012
a 14 68 0 1 23679321618094.055
a 14 69 0 1 18039609161710.715
a 14 70 0 1 29241032069801.445
a 14 71 0 1 9708073027263.336
a 14 72 0 1 30326665176476.59
a 14 73 0 1 6851190208259.02
a 14 74 0 1 31608466884633.715
a 14 75 0 1 9120727320935.465
a 14 76 0 1 10025173721489.322
a 14 77 0 1 30691463723359.754
a 14 78 0 1 27424641933747.895
a 14 79 0 1 13309241484521.117
a 14 80 0 1 19711413086064.62
a 14 81 0 1 12270781753331.697
a 15 24 0 1 25098307426342.07
a 15 25 0 1 13263253300218.16
a 15 26 0 1 22054925373108.527
a 15 27 0 1 26920601185908.668
a 15 28 0 1 6262800920563.478
a 15 29 0 1 14856229111983.404
a 15 30 0 1 16465610386925.156
a 15 31 0 1 12766644077430.982
a 15 32 0 1 6895895439393.975
a 15 33 0 1 24103713675722.19
a 15 34 0 1 14171587854158.016
a 15 35 0 1 9929852870747.771
a 15 36 0 1 21333897042056.83
a 15 37 0 1 19075520924000.195
a 15 38 0 1 17643858199868.566
a 15 39 0 1 14672340924991.26
a 15 40 0 1 13208993700964.74
a 15 41 0 1 26300741972530.207
a 15 42 0 1 7814185331307.098
a 15 43 0 1 25734945742405.21
a 15 44 0 1 17576704708388.318
a 15 45 0 1 8943058936497.484
a 15 46 0 1 16386536910624.504
a 15 47 0 1 19360094137427.094
a 15 48 0 1 15879897589722.27
a 15 49 0 1 27323822059797.57
a 15 50 0 1 25846861145106.23
a 15 51 0 1 12614761394253.736
a 15 52 0 1 19644944897971.92
a 15 53 0 1 7484623617886.757
a 15 54 0 1 10814085455751.783
a 15 55 0 1 25311867609866.098
a 15 56 0 1 26316391834793.426
a 15 57 0 1 13916612202555.234
a 15 58 0 1 12156096846977.084
a 15 59 0 1 24190683608846.094
a 15 60 0 1 17859882334019.48
a 15 61 0 1 6330671213338.467
a 15 62 0 1 8601369181249.368
a 15 63 0 1 15665513711774.836
a 15 64 0 1 14708979226743.232
a 15 65 0 1 24611516607957.74
a 15 66 0 1 7738644873344.97
a 15 67 0 1 12920682845950.531
a 15 68 0 1 19944434974471.45
a 15 69 0 1 15195818380000.629
a 15 70 0 1 24626419543616.715
a 15 71 0 1 8178914569569.897
a 15 72 0 1 25540221524857.582
a 15 73 0 1 5772330167094.404
a 15 74 0 1 26619096512846.008
a 15 75 0 1 7684165961070.323
a 15 76 0 1 8446018849034.136
a 15 77 0 1 25847272610347.023
a 15 78 0 1 23097441974582.06
a 15 79 0 1 11212115607423.701
a 15 80 0 1 16603572569847.994
a 15 81 0 1 10337479890622.727
a 16 24 0 1 14945205640836.709
a 16 25 0 1 7902178661977.271
a 16 26 0 1 13134834795786.014
a 16 27 0 1 16028960052579.383
a 16 28 0 1 3732560403155.3237
a 16 29 0 1 8850609297502.885
a 16 30 0 1 9808664520640.062
a 16 31 0 1 7606477218577.563
a 16 32 0 1 4109756734751.276
a 16 33 0 1 14353623175865.328
a 16 34 0 1 8443002814714.155
a 16 35 0 1 5917073463009.517
a 16 36 0 1 12705852223812.246
a 16 37 0 1 11362023486211.559
a 16 38 0 1 10509977420593.807
a 16 39 0 1 8741132593132.518
a 16 40 0 1 7869870942928.521
a 16 41 0 1 15660338109242.451
a 16 42 0 1 4656832347356.109
a 16 43 0 1 15323848079809.8
a 16 44 0 1 10470008603574.184
a 16 45 0 1 5329300140758.286
a 16 46 0 1 9761595900874.72
a 16 47 0 1 11531372094766.402
a 16 48 0 1 9460009761989.047
a 16 49 0 1 16268738639226.307
a 16 50 0 1 15390407757426.35
a 16 51 0 1 7516037325159.564
a 16 52 0 1 11700881371055.521
a 16 53 0 1 4460499753684.168
a 16 54 0 1 6443711330488.0
a 16 55 0 1 15072223671124.73
a 16 56 0 1 15669645134395.445
a 16 57 0 1 8291194438211.02
a 16 58 0 1 7242913678271.442
a 16 59 0 1 14405354916407.639
a 16 60 0 1 10638550260910.375
a 16 61 0 1 3772998438966.452
a 16 62 0 1 5125763681539.581
a 16 63 0 1 9332389627627.652
a 16 64 0 1 8762945131018.653
a 16 65 0 1 14655670250019.326
a 16 66 0 1 4611830521928.625
a 16 67 0 1 7698199665274.414
a 16 68 0 1 11879097371255.2
a 16 69 0 1 9052776755034.0
a 16 70 0 1 14664534472860.998
a 16 71 0 1 4874108567436.951
a 16 72 0 1 15208037688534.059
a 16 73 0 1 3440323720650.46
a 16 74 0 1 15849661939314.117
a 16 75 0 1 4579375524937.801
a 16 76 0 1 5033223043002.582
a 16 77 0 1 15390652467712.488
a 16 78 0 1 13755038821847.918
a 16 79 0 1 6680758957002.634
a 16 80 0 1 9890785911523.684
a 16 81 0 1 6159856404751.816
a 17 24 0 1 22250268504575.223
a 17 25 0 1 11760019241814.33
a 17 26 0 1 19553013089052.125
a 17 27 0 1 23865208205499.508
a 17 28 0 1 5553493188476.602
a 17 29 0 1 13172176009452.191
a 17 30 0 1 14598816337208.543
a 17 31 0 1 11319768223182.008
a 17 32 0 1 6114834660692.927
a 17 33 0 1 21368814462774.742
a 17 34 0 1 12565255739951.182
a 17 35 0 1 8804803651119.705
a 17 36 0 1 18913956479165.93
a 17 37 0 1 16912250865052.781
a 17 38 0 1 15643239190254.635
a 17 39 0 1 13009164014032.71
a 17 40 0 1 11711917626533.479
a 17 41 0 1 23315889810137.1
a 17 42 0 1 6929031828663.216
a 17 43 0 1 22814474168695.02
a 17 44 0 1 15583713832904.111
a 17 45 0 1 7929915255936.767
a 17 46 0 1 14528722845356.473
a 17 47 0 1 17164488083366.646
a 17 48 0 1 14079616612573.133
a 17 49 0 1 24222537207824.758
a 17 50 0 1 22913655577311.746
a 17 51 0 1 11185120960397.143
a 17 52 0 1 17416969430312.434
a 17 53 0 1 6636829818740.684
a 17 54 0 1 9588742324762.64
a 17 55 0 1 22439532219730.18
a 17 56 0 1 23329758806666.13
a 17 57 0 1 12339222339628.959
a 17 58 0 1 10778501738648.285
a 17 59 0 1 21445892073840.535
a 17 60 0 1 15834723890106.95
a 17 61 0 1 5613671708295.395
a 17 62 0 1 7626968940581.77
a 17 63 0 1 13889576006961.383
a 17 64 0 1 13041642958273.97
a 17 65 0 1 21818855296406.215
a 17 66 0 1 6862054993766.493
a 17 67 0 1 11456326356157.674
a 17 68 0 1 17682424504686.97
a 17 69 0 1 13473210819500.252
a 17 70 0 1 21832062946954.465
a 17 71 0 1 7252411779717.708
a 17 72 0 1 22641905431068.82
a 17 73 0 1 5118604553580.419
a 17 74 0 1 23598016287060.71
a 17 75 0 1 6813751986305.15
a 17 76 0 1 7489232542660.351
a 17 77 0 1 22914020224546.64
a 17 78 0 1 20476987525131.6
a 17 79 0 1 9941620073686.754
a 17 80 0 1 14721110488873.137
a 17 81 0 1 9166197903660.191
a 18 24 0 1 32406436960490.336
a 18 25 0 1 17118454673107.047
a 18 26 0 1 28473973699458.086
a 18 27 0 1 34761473672556.75
a 18 28 0 1 8081302293186.437
a 18 29 0 1 19175480517203.92
a 18 30 0 1 21253914171050.57
a 18 31 0 1 16477223074481.826
a 18 32 0 1 8898414032515.08
a 18 33 0 1 31121198089775.004
a 18 34 0 1 18291369374592.777
a 18 35 0 1 12814711679841.38
a 18 36 0 1 27542425021558.113
a 18 37 0 1 24624957612491.965
a 18 38 0 1 22775703360360.38
a 18 39 0 1 18938012611095.492
a 18 40 0 1 17048392571957.58
a 18 41 0 1 33960367770831.6
a 18 42 0 1 10083678457792.928
a 18 43 0 1 33229162039091.69
a 18 44 0 1 22688966709519.832
a 18 45 0 1 11540849485512.123
a 18 46 0 1 21151789574082.58
a 18 47 0 1 24992557151981.418
a 18 48 0 1 20497470049389.5
a 18 49 0 1 35282614184626.77
a 18 50 0 1 33373793497304.504
a 18 51 0 1 16281113429676.36
a 18 52 0 1 25360522253237.637
a 18 53 0 1 9658294844420.299
a 18 54 0 1 13956247940742.111
a 18 55 0 1 32682415978489.58
a 18 56 0 1 33980593237764.816
a 18 57 0 1 17962117072395.234
a 18 58 0 1 15688901739791.271
a 18 59 0 1 31233579376640.28
a 18 60 0 1 23054726649102.92
a 18 61 0 1 8168898319377.792
a 18 62 0 1 11099778374732.38
a 18 63 0 1 20220602152831.95
a 18 64 0 1 18985326024572.34
a 18 65 0 1 31777382967331.664
a 18 66 0 1 9986173362698.63
a 18 67 0 1 16676118678464.723
a 18 68 0 1 25747405754778.13
a 18 69 0 1 19614024014156.582
a 18 70 0 1 31796640936035.105
a 18 71 0 1 10554465691348.705
a 18 72 0 1 32977516991007.566
a 18 73 0 1 7448293585059.195
a 18 74 0 1 34371804927889.1
a 18 75 0 1 9915854111991.604
a 18 76 0 1 10899247331156.205
a 18 77 0 1 33374325247549.008
a 18 78 0 1 29820956197395.887
a 18 79 0 1 14470123338829.854
a 18 80 0 1 21432095725949.48
a 18 81 0 1 13340946069113.549
a 19 24 0 1 8012505421661.827
a 19 25 0 1 4238152789962.208
a 19 26 0 1 7042600359539.502
a 19 27 0 1 8593036362596.517
a 19 28 0 1 2002318986799.073
a 19 29 0 1 4746581533825.495
a 19 30 0 1 5260117468020.891
a 19 31 0 1 4079624482045.7627
a 19 32 0 1 2204620259569.435
a 19 33 0 1 7695586127817.56
a 19 34 0 1 4528080720036.102
a 19 35 0 1 3173823315528.8486
a 19 36 0 1 6812745703554.15
a 19 37 0 1 6092635898629.58
a 19 38 0 1 5636001282217.21
a 19 39 0 1 4687896578875.877
a 19 40 0 1 4220832563429.937
a 19 41 0 1 8395585482356.182
a 19 42 0 1 2498018213962.838
a 19 43 0 1 8215339139957.391
a 19 44 0 1 5614579887305.006
a 19 45 0 1 2858640813477.4795
a 19 46 0 1 5234889014811.836
a 19 47 0 1 6183389462293.461
a 19 48 0 1 5073237928728.748
a 19 49 0 1 8721468632957.625
a 19 50 0 1 8250993425408.163
a 19 51 0 1 4031137809876.9775
a 19 52 0 1 6274227482734.042
a 19 53 0 1 2392726547801.5596
a 19 54 0 1 3456206264595.8413
a 19 55 0 1 8080548206261.283
a 19 56 0 1 8400570849186.75
a 19 57 0 1 4446700157317.338
a 19 58 0 1 3884707806948.4517
a 19 59 0 1 7723300370124.71
a 19 60 0 1 5704909621087.675
a 19 61 0 1 2024007461713.5906
a 19 62 0 1 2749493564924.59
a 19 63 0 1 5004831580861.51
a 19 64 0 1 4699589238098.455
a 19 65 0 1 7857399623985.415
a 19 66 0 1 2473884274660.1206
a 19 67 0 1 4128798278800.8916
a 19 68 0 1 6369729559293.057
a 19 69 0 1 4854951535565.742
a 19 70 0 1 7862148311108.544
a 19 71 0 1 2614539213578.969
a 19 72 0 1 8153301925359.22
a 19 73 0 1 1845578423450.32
a 19 74 0 1 8496997012237.114
a 19 75 0 1 2456478977010.6855
a 19 76 0 1 2699867489176.564
a 19 77 0 1 8251124509865.55
a 19 78 0 1 7374895420369.2295
a 19 79 0 1 3583305894776.2974
a 19 80 0 1 5304133659261.006
a 19 81 0 1 3304005375035.213
a 20 24 0 1 19486125900260.27
a 20 25 0 1 10300621705340.299
a 20 26 0 1 17124610443057.676
a 20 27 0 1 20899959135967.44
a 20 28 0 1 4864745864142.236
a 20 29 0 1 11537299443263.08
a 20 30 0 1 12786610222445.082
a 20 31 0 1 9915067442616.486
a 20 32 0 1 5356426513052.131
a 20 33 0 1 18714410635458.402
a 20 34 0 1 11005803113215.451
a 20 35 0 1 7712468807877.657
a 20 36 0 1 16565073441176.934
a 20 37 0 1 14812379380954.268
a 20 38 0 1 13701180319543.58
a 20 39 0 1 11394546380961.195
a 20 40 0 1 10258496467684.658
a 20 41 0 1 20419054035686.39
a 20 42 0 1 6069570194357.326
a 20 43 0 1 19980079164114.95
a 20 44 0 1 13649056465505.496
a 20 45 0 1 6946206967377.279
a 20 46 0 1 12725230452639.152
a 20 47 0 1 15033243901600.174
a 20 48 0 1 12331952256695.342
a 20 49 0 1 21212781548510.895
a 20 50 0 1 20066910115495.094
a 20 51 0 1 9797147776744.678
a 20 52 0 1 15254320588868.219
a 20 53 0 1 5813636532425.336
a 20 54 0 1 8399057005059.889
a 20 55 0 1 19651824223162.1
a 20 56 0 1 20431195850758.57
a 20 57 0 1 10807857253687.096
a 20 58 0 1 9441041213840.47
a 20 59 0 1 18781893058803.953
a 20 60 0 1 13868854822053.0
a 20 61 0 1 4917456784316.896
a 20 62 0 1 6680870141944.154
a 20 63 0 1 12165533924656.338
a 20 64 0 1 11422988934517.848
a 20 65 0 1 19108424971095.895
a 20 66 0 1 6010906766770.854
a 20 67 0 1 10034660122152.967
a 20 68 0 1 15486755554416.79
a 20 69 0 1 11800920261762.715
a 20 70 0 1 19119988297607.066
a 20 71 0 1 6352809474704.739
a 20 72 0 1 19828998772614.676
a 20 73 0 1 4483820206355.364
a 20 74 0 1 20666044820289.984
a 20 75 0 1 5968599233832.073
a 20 76 0 1 6560232369156.591
a 20 77 0 1 20067229354973.555
a 20 78 0 1 17933594029893.594
a 20 79 0 1 8708108934306.838
a 20 80 0 1 12893700995212.047
a 20 81 0 1 8028986586154.306
a 21 24 0 1 16368676336578.68
a 21 25 0 1 8654160932883.589
a 21 26 0 1 14385589220477.186
a 21 27 0 1 17555862789687.492
a 21 28 0 1 4087569290926.492
a 21 29 0 1 9692946304069.068
a 21 30 0 1 10742295119315.646
a 21 31 0 1 8330293133952.6455
a 21 32 0 1 4500659870730.505
a 21 33 0 1 15720645976936.125
a 21 34 0 1 9246505470868.506
a 21 35 0 1 6480009413503.313
a 21 36 0 1 13915691634647.281
a 21 37 0 1 12443721372630.135
a 21 38 0 1 11510450483880.25
a 21 39 0 1 9573038910522.105
a 21 40 0 1 8618775714738.341
a 21 41 0 1 17152056898353.533
a 21 42 0 1 5099801621722.493
a 21 43 0 1 16783452679448.5
a 21 44 0 1 11466671902277.018
a 21 45 0 1 5836279187612.319
a 21 46 0 1 10690740790463.23
a 21 47 0 1 12629215918765.965
a 21 48 0 1 10360414310048.045
a 21 49 0 1 17818529337360.547
a 21 50 0 1 16856364513577.75
a 21 51 0 1 8231239017578.543
a 21 52 0 1 12814887141544.215
a 21 53 0 1 4884782886996.654
a 21 54 0 1 7056791042977.801
a 21 55 0 1 16507815331609.246
a 21 56 0 1 17162252213138.291
a 21 57 0 1 9080234704574.512
a 21 58 0 1 7932102070091.006
a 21 59 0 1 15777313545034.836
a 21 60 0 1 11651278944973.604
a 21 61 0 1 4131855273133.4546
a 21 62 0 1 5613367684852.139
a 21 63 0 1 10220632981043.506
a 21 64 0 1 9596929673989.625
a 21 65 0 1 16051512868890.348
a 21 66 0 1 5050516623098.214
a 21 67 0 1 8430752164972.52
a 21 68 0 1 13010095980293.445
a 21 69 0 1 9914376570015.541
a 21 70 0 1 16061222904608.385
a 21 71 0 1 5337758390868.79
a 21 72 0 1 16656590119081.525
a 21 73 0 1 3767525522836.8657
a 21 74 0 1 17359450757312.988
a 21 75 0 1 5014972662175.629
a 21 76 0 1 5512018246291.269
a 21 77 0 1 16856632578110.87
a 21 78 0 1 15064954190966.668
a 21 79 0 1 7316411304593.112
a 21 80 0 1 10832242927723.379
a 21 81 0 1 6745908076827.028
a 22 24 0 1 24777187797717.027
a 22 25 0 1 13093785232969.04
a 22 26 0 1 21772841891077.12
a 22 27 0 1 26576094853771.316
a 22 28 0 1 6182843138067.283
a 22 29 0 1 14666372785529.469
a 22 30 0 1 16255148331786.838
a 22 31 0 1 12603530527995.703
a 22 32 0 1 6807848541274.905
a 22 33 0 1 23795354242022.066
a 22 34 0 1 13990495053421.576
a 22 35 0 1 9803024616637.715
a 22 36 0 1 21061057922791.92
a 22 37 0 1 18831626825555.867
a 22 38 0 1 17418305657194.621
a 22 39 0 1 14484838532886.406
a 22 40 0 1 13040219964205.658
a 22 41 0 1 25964191791632.848
a 22 42 0 1 7714403277063.111
a 22 43 0 1 25405656813302.07
a 22 44 0 1 17352012347155.719
a 22 45 0 1 8828847244217.373
a 22 46 0 1 16177087449599.725
a 22 47 0 1 19112553556080.227
a 22 48 0 1 15676935586543.465
a 22 49 0 1 26974139617947.758
a 22 50 0 1 25516136002828.9
a 22 51 0 1 12453591163704.412
a 22 52 0 1 19393754041040.645
a 22 53 0 1 7389053432881.042
a 22 54 0 1 10675949523998.56
a 22 55 0 1 24988007722953.82
a 22 56 0 1 25979640795186.62
a 22 57 0 1 13738782785435.438
a 22 58 0 1 12000794761562.299
a 22 59 0 1 23881208504725.18
a 22 60 0 1 17631562609363.508
a 22 61 0 1 6249846300643.095
a 22 62 0 1 8491525471885.555
a 22 63 0 1 15465296644378.523
a 22 64 0 1 14521007839239.22
a 22 65 0 1 24296642649198.383
a 22 66 0 1 7639828270195.861
a 22 67 0 1 12755598322270.822
a 22 68 0 1 19689405988699.312
a 22 69 0 1 15001614746541.822
a 22 70 0 1 24311354386049.246
a 22 71 0 1 8074470829745.0205
a 22 72 0 1 25213431409443.047
a 22 73 0 1 5698638381050.444
a 22 74 0 1 26278460258815.617
a 22 75 0 1 7586045619894.6
a 22 76 0 1 8338160944786.882
a 22 77 0 1 25516542187658.14
a 22 78 0 1 22801989623268.926
a 22 79 0 1 11068888874108.508
a 22 80 0 1 16391343763746.445
a 22 81 0 1 10205439133226.543
a 23 24 0 1 19374396322360.004
a 23 25 0 1 10241622088602.287
a 23 26 0 1 17026447883428.096
a 23 27 0 1 20780103508196.28
a 23 28 0 1 4836899044953.311
a 23 29 0 1 11471207058508.43
a 23 30 0 1 12713350575595.04
a 23 31 0 1 9858278700294.436
a 23 32 0 1 5325763485270.553
a 23 33 0 1 18607115405189.223
a 23 34 0 1 10942759286997.146
a 23 35 0 1 7668306632026.87
a 23 36 0 1 16470124373451.734
a 23 37 0 1 14727493593503.373
a 23 38 0 1 13622672509039.145
a 23 39 0 1 11329272836164.861
a 23 40 0 1 10199738418167.05
a 23 41 0 1 20301962719897.902
a 23 42 0 1 6034821916581.519
a 23 43 0 1 19865510873618.4
a 23 44 0 1 13570847791748.531
a 23 45 0 1 6906435953995.472
a 23 46 0 1 12652322987751.516
a 23 47 0 1 14947090219245.418
a 23 48 0 1 12261301207544.686
a 23 49 0 1 21091127608947.18
a 23 50 0 1 19951842780816.664
a 23 51 0 1 9741035179320.54
a 23 52 0 1 15166897729442.725
a 23 53 0 1 5780354449666.98
a 23 54 0 1 8350959592444.847
a 23 55 0 1 19539142425128.703
a 23 56 0 1 20314034745808.938
a 23 57 0 1 10745948711233.78
a 23 58 0 1 9386970401128.342
a 23 59 0 1 18674210099516.098
a 23 60 0 1 13789384709968.451
a 23 61 0 1 4889308066959.989
a 23 62 0 1 6642619495970.678
a 23 63 0 1 12095837631935.115
a 23 64 0 1 11357552243697.623
a 23 65 0 1 18998865795720.816
a 23 66 0 1 5976494568144.784
a 23 67 0 1 9977185623320.371
a 23 68 0 1 15397998242014.547
a 23 69 0 1 11733315662153.074
a 23 70 0 1 19010362678072.49
a 23 71 0 1 6316438473095.035
a 23 72 0 1 19715298763946.918
a 23 73 0 1 4458155004365.426
a 23 74 0 1 20547533803808.24
a 23 75 0 1 5934429409645.457
a 23 76 0 1 6522672941351.514
a 23 77 0 1 19952160185509.695
a 23 78 0 1 17830784647133.28
a 23 79 0 1 8658239963228.61
a 23 80 0 1 12819826876103.549
a 23 81 0 1 7983010339455.282
a 24 1 0 1 0
a 25 1 0 1 0
a 26 1 0 1 0
a 27 1 0 1 0
a 28 1 0 1 0
a 29 1 0 1 0
a 30 1 0 1 0
a 31 1 0 1 0
a 32 1 0 1 0
a 33 1 0 1 0
a 34 1 0 1 0
a 35 1 0 1 0
a 36 1 0 1 0
a 37 1 0 1 0
a 38 1 0 1 0
a 39 1 0 1 0
a 40 1 0 1 0
a 41 1 0 1 0
a 42 1 0 1 0
a 43 1 0 1 0
a 44 1 0 1 0
a 45 1 0 1 0
a 46 1 0 1 0
a 47 1 0 1 0
a 48 1 0 1 0
a 49 1 0 1 0
a 50 1 0 1 0
a 51 1 0 1 0
a 52 1 0 1 0
a 53 1 0 1 0
a 54 1 0 1 0
a 55 1 0 1 0
a 56 1 0 1 0
a 57 1 0 1 0
a 58 1 0 1 0
a 59 1 0 1 0
a 60 1 0 1 0
a 61 1 0 1 0
a 62 1 0 1 0
a 63 1 0 1 0
a 64 1 0 1 0
a 65 1 0 1 0
a 66 1 0 1 0
a 67 1 0 1 0
a 68 1 0 1 0
a 69 1 0 1 0
a 70 1 0 1 0
a 71 1 0 1 0
a 72 1 0 1 0
a 73 1 0 1 0
a 74 1 0 1 0
a 75 1 0 1 0
a 76 1 0 1 0
a 77 1 0 1 0
a 78 1 0 1 0
a 79 1 0 1 0
a 80 1 0 1 0
a 81 1 0 1 0
