p min 81 1429
n 0 25
n 1 -25
a 0 2 0 1 0
a 0 3 0 1 0
a 0 4 0 1 0
a 0 5 0 1 0
a 0 6 0 1 0
a 0 7 0 1 0
a 0 8 0 1 0
a 0 9 0 1 0
a 0 10 0 1 0
a 0 11 0 1 0
a 0 12 0 1 0
a 0 13 0 1 0
a 0 14 0 1 0
a 0 15 0 1 0
a 0 16 0 1 0
a 0 17 0 1 0
a 0 18 0 1 0
a 0 19 0 1 0
a 0 20 0 1 0
a 0 21 0 1 0
a 0 22 0 1 0
a 0 23 0 1 0
a 0 24 0 1 0
a 0 25 0 1 0
a 0 26 0 1 0
a 2 27 0 1 11886402243330.104
a 2 28 0 1 6988824585723.022
a 2 29 0 1 20017718838554.805
a 2 30 0 1 11139652919998.062
a 2 31 0 1 4510769874818.819
a 2 32 0 1 17139308362365.271
a 2 33 0 1 7086281713982.305
a 2 34 0 1 15874554072940.893
a 2 35 0 1 21049599000286.55
a 2 36 0 1 16209886395126.875
a 2 37 0 1 16397946220735.672
a 2 38 0 1 16201284809726.662
a 2 39 0 1 10533962608982.3
a 2 40 0 1 5798800023956.406
a 2 41 0 1 18811198164937.434
a 2 42 0 1 11939462446084.389
a 2 43 0 1 17760507675148.926
a 2 44 0 1 12631776803026.377
a 2 45 0 1 13763747907180.025
a 2 46 0 1 14911815085381.887
a 2 47 0 1 12264318662486.47
a 2 48 0 1 12884889227512.688
a 2 49 0 1 19115483434374.63
a 2 50 0 1 9168896588296.97
a 2 51 0 1 16753514722914.758
a 2 52 0 1 19325628178984.4
a 2 53 0 1 12756187725191.393
a 2 54 0 1 19701658851531.31
a 2 55 0 1 8239776134537.699
a 2 56 0 1 17565229286172.328
a 2 57 0 1 6729488619434.56
a 2 58 0 1 4636537496485.536
a 2 59 0 1 5539876535402.043
a 2 60 0 1 19198037383469.523
a 2 61 0 1 11996337532767.645
a 2 62 0 1 6379600767007.438
a 2 63 0 1 6772847321079.087
a 2 64 0 1 14615586076001.908
a 2 65 0 1 20647976117430.074
a 2 66 0 1 19257657053321.67
a 2 67 0 1 6572488692699.445
a 2 68 0 1 20060175568364.73
a 2 69 0 1 6010013634596.026
a 2 70 0 1 9095881884452.752
a 2 71 0 1 5513969876479.717
a 2 72 0 1 8582914901062.588
a 2 73 0 1 13901893387325.273
a 2 74 0 1 11689482152835.227
a 2 75 0 1 8184152429257.848
a 2 76 0 1 17801693882573.16
a 2 77 0 1 20975315638487.832
a 2 78 0 1 10781399475545.16
a 2 79 0 1 11441224077142.62
a 2 80 0 1 21104036638829.82
a 3 27 0 1 5537374665105.977
a 3 28 0 1 3256779879075.065
a 3 29 0 1 9320750210020.445
a 3 30 0 1 5189733879667.862
a 3 31 0 1 2102331009954.079
a 3 32 0 1 7981903530440.086
a 3 33 0 1 3302174943218.0225
a 3 34 0 1 7393473173765.688
a 3 35 0 1 9800597224436.947
a 3 36 0 1 7549496371500.164
a 3 37 0 1 7636993901552.395
a 3 38 0 1 7545494312119.774
a 3 39 0 1 4907738072415.448
a 3 40 0 1 2702428238573.6177
a 3 41 0 1 8759614157043.431
a 3 42 0 1 5562075032674.19
a 3 43 0 1 8270884635283.08
a 3 44 0 1 5884343585545.716
a 3 45 0 1 6411210800507.032
a 3 46 0 1 6945494827852.385
a 3 47 0 1 5713297246991.054
a 3 48 0 1 6002159182295.973
a 3 49 0 1 8901140884293.268
a 3 50 0 1 4272116923273.197
a 3 51 0 1 7802421708253.746
a 3 52 0 1 8998878628334.139
a 3 53 0 1 5942253279862.928
a 3 54 0 1 9173763148970.418
a 3 55 0 1 3839425789130.366
a 3 56 0 1 8180043767395.2
a 3 57 0 1 3135979775804.1294
a 3 58 0 1 2160930721418.4414
a 3 59 0 1 2581802618406.731
a 3 60 0 1 8939536801164.416
a 3 61 0 1 5588551110226.524
a 3 62 0 1 2972994005022.682
a 3 63 0 1 3156176763070.0347
a 3 64 0 1 6807643896440.407
a 3 65 0 1 9613840983360.576
a 3 66 0 1 8967265721102.307
a 3 67 0 1 3062846483671.9746
a 3 68 0 1 9340494728152.13
a 3 69 0 1 2800824240966.84
a 3 70 0 1 4238115786880.4004
a 3 71 0 1 2569733178312.7744
a 3 72 0 1 3999231176361.731
a 3 73 0 1 6475504522139.804
a 3 74 0 1 5445703823596.027
a 3 75 0 1 3813520276078.4966
a 3 76 0 1 8290043623501.218
a 3 77 0 1 9766055861604.803
a 3 78 0 1 5022941660292.818
a 3 79 0 1 5330130800661.961
a 3 80 0 1 9825910232231.627
a 4 27 0 1 19469775315431.21
a 4 28 0 1 11443486739549.428
a 4 29 0 1 32808399682765.535
a 4 30 0 1 18245607719381.24
a 4 31 0 1 7384581796038.901
a 4 32 0 1 28084821596743.223
a 4 33 0 1 11603145871061.115
a 4 34 0 1 26009947351548.3
a 4 35 0 1 34502242097975.117
a 4 36 0 1 26560034209681.02
a 4 37 0 1 26868543781131.434
a 4 38 0 1 26545923631116.234
a 4 39 0 1 17252781036096.688
a 4 40 0 1 9494113508870.951
a 4 41 0 1 30828210305469.953
a 4 42 0 1 19556763549640.668
a 4 43 0 1 29104062855727.395
a 4 44 0 1 20691823449147.58
a 4 45 0 1 22547956601223.89
a 4 46 0 1 24430799284056.12
a 4 47 0 1 20089355839156.43
a 4 48 0 1 21106834001481.766
a 4 49 0 1 31327582043883.383
a 4 50 0 1 15015536261381.232
a 4 51 0 1 27451872429632.508
a 4 52 0 1 31672470022282.516
a 4 53 0 1 20895809311492.285
a 4 54 0 1 32289635447936.73
a 4 55 0 1 13493031742271.83
a 4 56 0 1 28783647103715.47
a 4 57 0 1 11018640754488.404
a 4 58 0 1 7590546032150.152
a 4 59 0 1 9070017389429.719
a 4 60 0 1 31463067689724.457
a 4 61 0 1 19650006755377.133
a 4 62 0 1 10445477695065.494
a 4 63 0 1 11089670154137.352
a 4 64 0 1 23944949985856.57
a 4 65 0 1 33842943115219.54
a 4 66 0 1 31560915149955.465
a 4 67 0 1 10761450249240.748
a 4 68 0 1 32878087770238.703
a 4 69 0 1 9840076581628.2
a 4 70 0 1 14895883083859.912
a 4 71 0 1 9027585226361.201
a 4 72 0 1 14055292331607.69
a 4 73 0 1 22774499835850.207
a 4 74 0 1 19146945494910.168
a 4 75 0 1 13401890479560.889
a 4 76 0 1 29171642990542.918
a 4 77 0 1 34380296533726.254
a 4 78 0 1 17658360327761.914
a 4 79 0 1 18739965772596.6
a 4 80 0 1 34591609239030.242
a 5 27 0 1 13831611715468.734
a 5 28 0 1 8131795070688.49
a 5 29 0 1 23297191832894.15
a 5 30 0 1 12962474407651.887
a 5 31 0 1 5248227960906.236
a 5 32 0 1 19946131924204.11
a 5 33 0 1 8245205725529.877
a 5 34 0 1 18473813936581.766
a 5 35 0 1 24498600718896.03
a 5 36 0 1 18864172082936.008
a 5 37 0 1 19083093451306.79
a 5 38 0 1 18854158972249.598
a 5 39 0 1 12257532873536.318
a 5 40 0 1 6746999593043.663
a 5 41 0 1 21892510018123.086
a 5 42 0 1 13893369116965.244
a 5 43 0 1 20669304420780.664
a 5 44 0 1 14699173371913.936
a 5 45 0 1 16016751915071.664
a 5 46 0 1 17353123306112.246
a 5 47 0 1 14271475830224.545
a 5 48 0 1 14993783336370.852
a 5 49 0 1 22246765607791.2
a 5 50 0 1 10668839863560.697
a 5 51 0 1 19497016745852.19
a 5 52 0 1 22491423111744.207
a 5 53 0 1 14843980994027.96
a 5 54 0 1 22929215385058.473
a 5 55 0 1 9587556402963.275
a 5 56 0 1 20441968211705.19
a 5 57 0 1 7830008382314.507
a 5 58 0 1 5394569890164.846
a 5 59 0 1 6445706410698.8545
a 5 60 0 1 22342877430327.543
a 5 61 0 1 13959566844606.438
a 5 62 0 1 7422852037798.928
a 5 63 0 1 7880464267436.838
a 5 64 0 1 17008301723508.898
a 5 65 0 1 24030989197371.52
a 5 66 0 1 22412288652870.38
a 5 67 0 1 7647310560245.782
a 5 68 0 1 23346622900382.98
a 5 69 0 1 6992777930590.149
a 5 70 0 1 10583866095345.885
a 5 71 0 1 6415560602490.386
a 5 72 0 1 9986886944145.316
a 5 73 0 1 16177552737898.727
a 5 74 0 1 13602415159627.709
a 5 75 0 1 9522824348439.172
a 5 76 0 1 20717252164293.215
a 5 77 0 1 24412111695471.93
a 5 78 0 1 12545513946109.64
a 5 79 0 1 13313468420963.627
a 5 80 0 1 24561983279217.23
a 6 27 0 1 15328767122222.062
a 6 28 0 1 9011353166290.748
a 6 29 0 1 25821966727941.695
a 6 30 0 1 14365397344192.521
a 6 31 0 1 5815682370780.516
a 6 32 0 1 22106819027835.395
a 6 33 0 1 9137043549280.11
a 6 34 0 1 20474634282450.742
a 6 35 0 1 27153982812173.633
a 6 36 0 1 20907372318498.5
a 6 37 0 1 21150063102257.3
a 6 38 0 1 20896272064812.91
a 6 39 0 1 13584040910594.748
a 6 40 0 1 7476645303900.703
a 6 41 0 1 24264630358649.848
a 6 42 0 1 15397221099505.97
a 6 43 0 1 22908536813706.83
a 6 44 0 1 16290411264424.791
a 6 45 0 1 17750914101738.344
a 6 46 0 1 19232297447401.48
a 6 47 0 1 15816329576658.361
a 6 48 0 1 16616974864288.074
a 6 49 0 1 24657379704097.145
a 6 50 0 1 11823185693012.428
a 6 51 0 1 21608931801210.137
a 6 52 0 1 24928623961939.273
a 6 53 0 1 16450924538286.336
a 6 54 0 1 25413994949098.113
a 6 55 0 1 10624766490339.084
a 6 56 0 1 22656507577111.332
a 6 57 0 1 8676891751028.183
a 6 58 0 1 5977858128209.099
a 6 59 0 1 7142742350591.166
a 6 60 0 1 24763935730799.42
a 6 61 0 1 15470597000579.58
a 6 62 0 1 8225656195881.067
a 6 63 0 1 8732810366819.062
a 6 64 0 1 18850053947647.754
a 6 65 0 1 26635531687285.61
a 6 66 0 1 24840889837005.23
a 6 67 0 1 8474414287728.765
a 6 68 0 1 25876770740501.61
a 6 69 0 1 7749026748398.637
a 6 70 0 1 11729005522221.115
a 6 71 0 1 7109333918507.519
a 6 72 0 1 11067352857294.775
a 6 73 0 1 17929161080302.496
a 6 74 0 1 15074718887345.855
a 6 75 0 1 10553023019495.447
a 6 76 0 1 22961692775283.36
a 6 77 0 1 27058090082126.5
a 6 78 0 1 13903237158836.93
a 6 79 0 1 14754443855845.12
a 6 80 0 1 27224256910647.906
a 7 27 0 1 5583662333417.578
a 7 28 0 1 3283996537233.7305
a 7 29 0 1 9398697867824.719
a 7 30 0 1 5233113820211.403
a 7 31 0 1 2119897673275.0908
a 7 32 0 1 8048644290816.683
a 7 33 0 1 3329771109873.7485
a 7 34 0 1 7455289544049.143
a 7 35 0 1 9882562318941.094
a 7 36 0 1 7612618385708.219
a 7 37 0 1 7700848139237.981
a 7 38 0 1 7608582835432.183
a 7 39 0 1 4948759523566.537
a 7 40 0 1 2725010769321.738
a 7 41 0 1 8832864367361.406
a 7 42 0 1 5608569308070.059
a 7 43 0 1 8340044034729.636
a 7 44 0 1 5933533596060.396
a 7 45 0 1 6464808422187.031
a 7 46 0 1 7003562658157.583
a 7 47 0 1 5761056451698.528
a 7 48 0 1 6052334755521.624
a 7 49 0 1 8975575801921.354
a 7 50 0 1 4307822883867.8105
a 7 51 0 1 7867660369939.731
a 7 52 0 1 9074131722418.334
a 7 53 0 1 5991927718924.277
a 7 54 0 1 9250480272405.936
a 7 55 0 1 3871513744865.0947
a 7 56 0 1 8248442853026.769
a 7 57 0 1 3162186549251.3013
a 7 58 0 1 2178987155218.01
a 7 59 0 1 2603376852884.073
a 7 60 0 1 9014293134218.88
a 7 61 0 1 5635266847011.127
a 7 62 0 1 2997838267919.24
a 7 63 0 1 3182552380665.3457
a 7 64 0 1 6864558312547.102
a 7 65 0 1 9694242440114.912
a 7 66 0 1 9042254177044.646
a 7 67 0 1 3088441879075.6943
a 7 68 0 1 9418607684712.473
a 7 69 0 1 2824229273972.8726
a 7 70 0 1 4273537429260.5693
a 7 71 0 1 2591206527223.1543
a 7 72 0 1 4032655323908.2314
a 7 73 0 1 6529640042489.776
a 7 74 0 1 5491224718318.713
a 7 75 0 1 3845391630928.4683
a 7 76 0 1 8359363380612.598
a 7 77 0 1 9847731749530.51
a 7 78 0 1 5064926605126.596
a 7 79 0 1 5374685017127.312
a 7 80 0 1 9908087267974.182
a 8 27 0 1 8163643752843.925
a 8 28 0 1 4800809266969.752
a 8 29 0 1 13744242285027.664
a 8 30 0 1 7650978415873.386
a 8 31 0 1 3098844424560.4976
a 8 32 0 1 11769137066771.186
a 8 33 0 1 4867738056432.394
a 8 34 0 1 10901159158961.08
a 8 35 0 1 14452196884458.914
a 8 36 0 1 11131299369126.195
a 8 37 0 1 11260363306038.857
a 8 38 0 1 11125396128723.666
a 8 39 0 1 7235133937298.569
a 8 40 0 1 3983520652004.2573
a 8 41 0 1 12916402978936.717
a 8 42 0 1 8200070088536.229
a 8 43 0 1 12195425836965.87
a 8 44 0 1 8675337717015.677
a 8 45 0 1 9452374609183.453
a 8 46 0 1 10240395716235.473
a 8 47 0 1 8423083940188.29
a 8 48 0 1 8849091208370.303
a 8 49 0 1 13125191376991.781
a 8 50 0 1 6297863644435.322
a 8 51 0 1 11504382301261.928
a 8 52 0 1 13269381626883.363
a 8 53 0 1 8760742187215.598
a 8 54 0 1 13527388594000.512
a 8 55 0 1 5659865872549.6045
a 8 56 0 1 12061421014717.424
a 8 57 0 1 4622707716717.373
a 8 58 0 1 3185230824296.9136
a 8 59 0 1 3805687115870.48
a 8 60 0 1 13181835807716.12
a 8 61 0 1 8239115223539.6455
a 8 62 0 1 4382413480215.689
a 8 63 0 1 4652484967583.596
a 8 64 0 1 10037073526813.375
a 8 65 0 1 14176656854586.193
a 8 66 0 1 13222743661875.14
a 8 67 0 1 4514884839049.376
a 8 68 0 1 13773372132722.586
a 8 69 0 1 4128583684924.3076
a 8 70 0 1 6247728293801.944
a 8 71 0 1 3787893751100.129
a 8 72 0 1 5895493444046.078
a 8 73 0 1 9547199655785.113
a 8 74 0 1 8028455011268.845
a 8 75 0 1 5621669468074.944
a 8 76 0 1 12223688581695.156
a 8 77 0 1 14401234156874.406
a 8 78 0 1 7405017098870.765
a 8 79 0 1 7858019196490.076
a 8 80 0 1 14489544112275.924
a 9 27 0 1 3253049318284.701
a 9 28 0 1 1913472313385.8022
a 9 29 0 1 5474690295504.799
a 9 30 0 1 3048870635248.895
a 9 31 0 1 1235260859944.0403
a 9 32 0 1 4688595694069.662
a 9 33 0 1 1940139322053.1008
a 9 34 0 1 4343071216154.798
a 9 35 0 1 5756404807652.138
a 9 36 0 1 4434689436047.638
a 9 37 0 1 4486068175170.455
a 9 38 0 1 4432339407893.696
a 9 39 0 1 2883242040009.2637
a 9 40 0 1 1587813094931.012
a 9 41 0 1 5145235308115.817
a 9 42 0 1 3267556244728.378
a 9 43 0 1 4858277425315.274
a 9 44 0 1 3456826671912.4614
a 9 45 0 1 3766246746238.1978
a 9 46 0 1 4080006765996.6924
a 9 47 0 1 3356370761245.1934
a 9 48 0 1 3526019094996.8076
a 9 49 0 1 5228330336323.252
a 9 50 0 1 2509897384460.272
a 9 51 0 1 4583206573850.578
a 9 52 0 1 5285714749780.6875
a 9 53 0 1 3490836799481.784
a 9 54 0 1 5388392744735.109
a 9 55 0 1 2255734789268.3545
a 9 56 0 1 4804938676469.948
a 9 57 0 1 1842508588788.3503
a 9 58 0 1 1269688598569.2915
a 9 59 0 1 1516948139087.0703
a 9 60 0 1 5250873657794.508
a 9 61 0 1 3283106036634.4575
a 9 62 0 1 1746761706658.434
a 9 63 0 1 1854373316150.1038
a 9 64 0 1 3999054886553.1694
a 9 65 0 1 5646763174531.258
a 9 66 0 1 5267154034520.826
a 9 67 0 1 1799546219835.4414
a 9 68 0 1 5486282404626.745
a 9 69 0 1 1645618027442.4734
a 9 70 0 1 2489925509101.3105
a 9 71 0 1 1509857558095.2678
a 9 72 0 1 2349605625159.349
a 9 73 0 1 3804004285050.407
a 9 74 0 1 3199209248736.9365
a 9 75 0 1 2240517570008.3696
a 9 76 0 1 4869526889808.952
a 9 77 0 1 5736126266999.8955
a 9 78 0 1 2950906732659.486
a 9 79 0 1 3131330294433.1987
a 9 80 0 1 5771265524050.159
a 10 27 0 1 9800407218885.525
a 10 28 0 1 5762896417747.91
a 10 29 0 1 16502011207338.229
a 10 30 0 1 9184846706100.15
a 10 31 0 1 3719709976253.9673
a 10 32 0 1 14129957973852.197
a 10 33 0 1 5843246831376.707
a 10 34 0 1 13087606219968.287
a 10 35 0 1 17352300221522.83
a 10 36 0 1 13363976748142.232
a 10 37 0 1 13518968197542.113
a 10 38 0 1 13356887634389.389
a 10 39 0 1 8685550322373.478
a 10 40 0 1 4781732133843.398
a 10 41 0 1 15507769982782.479
a 10 42 0 1 9844145105508.31
a 10 43 0 1 14641902052148.617
a 10 44 0 1 10414815942146.09
a 10 45 0 1 11347858930469.174
a 10 46 0 1 12294125675029.53
a 10 47 0 1 10111924250866.947
a 10 48 0 1 10623451101937.965
a 10 49 0 1 15758522824813.738
a 10 50 0 1 7560223274499.013
a 10 51 0 1 13812010429261.998
a 10 52 0 1 15931695331605.662
a 10 53 0 1 10517365472307.717
a 10 54 0 1 16241564613049.227
a 10 55 0 1 6794243564688.919
a 10 56 0 1 14480970205310.154
a 10 57 0 1 5549080324693.197
a 10 58 0 1 3823411847695.292
a 10 59 0 1 4568245853809.929
a 10 60 0 1 15826552654842.31
a 10 61 0 1 9891027522691.643
a 10 62 0 1 5260602888709.774
a 10 63 0 1 5584828658333.163
a 10 64 0 1 12049970251485.709
a 10 65 0 1 17021359500788.887
a 10 66 0 1 15875683003792.73
a 10 67 0 1 5419636677332.599
a 10 68 0 1 16536997067070.037
a 10 69 0 1 4955879253433.794
a 10 70 0 1 7500029987916.895
a 10 71 0 1 4546885304024.712
a 10 72 0 1 7077135244893.601
a 10 73 0 1 11461724345176.521
a 10 74 0 1 9638083825928.555
a 10 75 0 1 6748385702456.938
a 10 76 0 1 14675844060385.734
a 10 77 0 1 17291090496449.922
a 10 78 0 1 8889524573757.027
a 10 79 0 1 9433440125351.775
a 10 80 0 1 17397156890867.408
a 11 27 0 1 15538969045303.873
a 11 28 0 1 9134833875418.88
a 11 29 0 1 26176495156992.777
a 11 30 0 1 14562366509271.947
a 11 31 0 1 5895343739386.562
a 11 32 0 1 22410207810881.805
a 11 33 0 1 9262248405001.83
a 11 34 0 1 20755569780402.703
a 11 35 0 1 27526857474996.707
a 11 36 0 1 21194259979865.695
a 11 37 0 1 21440289155358.977
a 11 38 0 1 21183007038479.836
a 11 39 0 1 13770279621355.15
a 11 40 0 1 7579077874149.692
a 11 41 0 1 24597716386204.68
a 11 42 0 1 15608363413314.21
a 11 43 0 1 23222957627460.547
a 11 44 0 1 16513825210346.664
a 11 45 0 1 17994399560289.97
a 11 46 0 1 19496148368204.32
a 11 47 0 1 16033229746605.785
a 11 48 0 1 16844876140063.59
a 11 49 0 1 24995872620407.79
a 11 50 0 1 11985249557967.436
a 11 51 0 1 21905470450472.805
a 11 52 0 1 25270851324165.125
a 11 53 0 1 16676544063909.52
a 11 54 0 1 25762905408649.684
a 11 55 0 1 10770382895743.262
a 11 56 0 1 22967460122220.645
a 11 57 0 1 8795784761970.905
a 11 58 0 1 6059742478958.1045
a 11 59 0 1 7240596522992.091
a 11 60 0 1 25103895664598.457
a 11 61 0 1 15682747337031.662
a 11 62 0 1 8338360323363.505
a 11 63 0 1 8852470370248.098
a 11 64 0 1 19108649264462.812
a 11 65 0 1 27001264898261.023
a 11 66 0 1 25181909264492.06
a 11 67 0 1 8590530155358.382
a 11 68 0 1 26232053888180.71
a 11 69 0 1 7855194412485.707
a 11 70 0 1 11889776664073.781
a 11 71 0 1 7206730022073.1
a 11 72 0 1 11219042913073.033
a 11 73 0 1 18175096633924.992
a 11 74 0 1 15281430938522.58
a 11 75 0 1 10697654942242.062
a 11 76 0 1 23276845114174.04
a 11 77 0 1 27429643796733.008
a 11 78 0 1 14093859190533.646
a 11 79 0 1 14956756569560.896
a 11 80 0 1 27598099636902.99
a 12 27 0 1 19747704115634.73
a 12 28 0 1 11606688069964.717
a 12 29 0 1 33277466614264.293
a 12 30 0 1 18506024411404.78
a 12 31 0 1 7489847115814.867
a 12 32 0 1 28486133089071.82
a 12 33 0 1 11768627267338.848
a 12 34 0 1 26381520277334.848
a 12 35 0 1 34995623875577.32
a 12 36 0 1 26939489965898.55
a 12 37 0 1 27252420970897.18
a 12 38 0 1 26925177167886.49
a 12 39 0 1 17498998702037.184
a 12 40 0 1 9629483014978.904
a 12 41 0 1 31268864117933.484
a 12 42 0 1 19835936934840.555
a 12 43 0 1 29519988114653.06
a 12 44 0 1 20987239032514.137
a 12 45 0 1 22869941897028.793
a 12 46 0 1 24779748397849.973
a 12 47 0 1 20376149845009.367
a 12 48 0 1 21408189274793.074
a 12 49 0 1 31775399946421.227
a 12 50 0 1 15229769777602.799
a 12 51 0 1 27844110518780.96
a 12 52 0 1 32125236246822.348
a 12 53 0 1 21194144297537.383
a 12 54 0 1 32751257522998.973
a 12 55 0 1 13685508748997.4
a 12 56 0 1 29194977902684.254
a 12 57 0 1 11175775343187.81
a 12 58 0 1 7698749922392.063
a 12 59 0 1 9199333617759.816
a 12 60 0 1 31912829441423.855
a 12 61 0 1 19930514246717.305
a 12 62 0 1 10594428548597.652
a 12 63 0 1 11247818990900.93
a 12 64 0 1 24286940212745.625
a 12 65 0 1 34326859614376.316
a 12 66 0 1 32012080783852.367
a 12 67 0 1 10914912485704.396
a 12 68 0 1 33348154873735.258
a 12 69 0 1 9980384588249.82
a 12 70 0 1 15108406482354.762
a 12 71 0 1 9156295838025.42
a 12 72 0 1 14255803111650.72
a 12 73 0 1 23099728785078.254
a 12 74 0 1 19420255625396.855
a 12 75 0 1 13593065327835.557
a 12 76 0 1 29588537328829.57
a 12 77 0 1 34871927480240.94
a 12 78 0 1 17910378035262.508
a 12 79 0 1 19007453811659.312
a 12 80 0 1 35086274135300.33
a 13 27 0 1 14452832712388.535
a 13 28 0 1 8496768997151.479
a 13 29 0 1 24344734798257.35
a 13 30 0 1 13544598823806.807
a 13 31 0 1 5483698953552.148
a 13 32 0 1 20842634852392.31
a 13 33 0 1 8615274837173.987
a 13 34 0 1 19303994582277.5
a 13 35 0 1 25600323635105.09
a 13 36 0 1 19711934578053.23
a 13 37 0 1 19940716954153.98
a 13 38 0 1 19701470453183.02
a 13 39 0 1 12807952765491.91
a 13 40 0 1 7049770211981.131
a 13 41 0 1 22876725891196.695
a 13 42 0 1 14517368470809.592
a 13 43 0 1 21598392104370.03
a 13 44 0 1 15359428226633.82
a 13 45 0 1 16736303645923.873
a 13 46 0 1 18132836881220.574
a 13 47 0 1 14912486440597.473
a 13 48 0 1 15667295313932.303
a 13 49 0 1 23246950322284.0
a 13 50 0 1 11147828499149.117
a 13 51 0 1 20373286265920.17
a 13 52 0 1 23502637090246.61
a 13 53 0 1 15510751914283.52
a 13 54 0 1 23960166845486.707
a 13 55 0 1 10017943685246.34
a 13 56 0 1 21360811953869.527
a 13 57 0 1 8181424656164.99
a 13 58 0 1 5636611033103.7705
a 13 59 0 1 6734946055836.525
a 13 60 0 1 23347394829090.22
a 13 61 0 1 14586544363688.938
a 13 62 0 1 7755978527105.817
a 13 63 0 1 8234147184272.016
a 13 64 0 1 17772489990791.254
a 13 65 0 1 25111622369323.293
a 13 66 0 1 23419935145366.63
a 13 67 0 1 7990519682035.991
a 13 68 0 1 24396394750216.29
a 13 69 0 1 7306587097078.597
a 13 70 0 1 11059034885996.34
a 13 71 0 1 6703446463669.005
a 13 72 0 1 10435221798159.91
a 13 73 0 1 16904342505965.316
a 13 74 0 1 14213325367355.191
a 13 75 0 1 9950302465976.146
a 13 76 0 1 21648500481012.0
a 13 77 0 1 25509933691905.633
a 13 78 0 1 13108885046695.164
a 13 79 0 1 13911380688180.326
a 13 80 0 1 25666564994518.367
a 14 27 0 1 13563495432735.559
a 14 28 0 1 7974267257295.589
a 14 29 0 1 22845108606037.06
a 14 30 0 1 12711230420378.303
a 14 31 0 1 5146593242260.624
a 14 32 0 1 19559222710186.074
a 14 33 0 1 8085478893611.296
a 14 34 0 1 18115523916647.59
a 14 35 0 1 24023139549002.246
a 14 36 0 1 18498295134687.395
a 14 37 0 1 18712961295396.055
a 14 38 0 1 18488476645314.188
a 14 39 0 1 12019971267978.287
a 14 40 0 1 6616318250953.965
a 14 41 0 1 21467752135857.89
a 14 42 0 1 13624053830778.72
a 14 43 0 1 20268334559226.617
a 14 44 0 1 14414212078998.29
a 14 45 0 1 15706201547664.795
a 14 46 0 1 17016611105554.326
a 14 47 0 1 13994819338650.566
a 14 48 0 1 14703100998769.803
a 14 49 0 1 21815117191246.004
a 14 50 0 1 10462105603759.486
a 14 51 0 1 19118838525607.664
a 14 52 0 1 22055015603315.18
a 14 53 0 1 14556207722678.49
a 14 54 0 1 22484291259957.203
a 14 55 0 1 9401797279806.92
a 14 56 0 1 20045418696956.22
a 14 57 0 1 7678331901077.151
a 14 58 0 1 5290099456043.324
a 14 59 0 1 6320865006203.068
a 14 60 0 1 21909359472415.66
a 14 61 0 1 13688966328653.479
a 14 62 0 1 7279069265691.064
a 14 63 0 1 7727809526463.767
a 14 64 0 1 16678489159425.078
a 14 65 0 1 23564627927781.406
a 14 66 0 1 21977420501265.082
a 14 67 0 1 7499176207310.768
a 14 68 0 1 22893577930675.438
a 14 69 0 1 6857332395712.002
a 14 70 0 1 10378780373552.76
a 14 71 0 1 6291303489514.728
a 14 72 0 1 9793382055782.389
a 14 73 0 1 15863878889889.238
a 14 74 0 1 13338748520647.822
a 14 75 0 1 9338320759172.879
a 14 76 0 1 20315349973295.977
a 14 77 0 1 23938333707699.145
a 14 78 0 1 12302363108971.951
a 14 79 0 1 13055411093344.34
a 14 80 0 1 24085288586350.082
a 15 27 0 1 7996133252945.931
a 15 28 0 1 4702338411563.807
a 15 29 0 1 13462045406687.67
a 15 30 0 1 7493996417892.471
a 15 31 0 1 3035295286155.528
a 15 32 0 1 11527546901739.377
a 15 33 0 1 4767893650622.049
a 15 34 0 1 10677408262318.064
a 15 35 0 1 14155440575141.639
a 15 36 0 1 10902818815592.744
a 15 37 0 1 11029230226621.922
a 15 38 0 1 10897036896915.834
a 15 39 0 1 7086691157172.717
a 15 40 0 1 3901820982666.9165
a 15 41 0 1 12651228070834.72
a 15 42 0 1 8031811462200.256
a 15 43 0 1 11945073018352.79
a 15 44 0 1 8497317450151.826
a 15 45 0 1 9258392333579.482
a 15 46 0 1 10030222935409.424
a 15 47 0 1 8250244906947.289
a 15 48 0 1 8667501913956.669
a 15 49 0 1 12855723677054.982
a 15 50 0 1 6168664438574.151
a 15 51 0 1 11268233925182.494
a 15 52 0 1 12996949186708.719
a 15 53 0 1 8580967665700.65
a 15 54 0 1 13249650952332.213
a 15 55 0 1 5543763397563.702
a 15 56 0 1 11813822846518.71
a 15 57 0 1 4527891860886.954
a 15 58 0 1 3119909491921.835
a 15 59 0 1 3727636273397.5205
a 15 60 0 1 12911203435652.184
a 15 61 0 1 8070054678872.328
a 15 62 0 1 4292528709454.262
a 15 63 0 1 4557058033305.455
a 15 64 0 1 9831078433598.988
a 15 65 0 1 13885567436423.27
a 15 66 0 1 12951270169844.607
a 15 67 0 1 4422281652704.463
a 15 68 0 1 13490576230738.936
a 15 69 0 1 4043907472598.54
a 15 70 0 1 6119558327777.72
a 15 71 0 1 3710207988669.707
a 15 72 0 1 5774554258015.277
a 15 73 0 1 9351269278291.54
a 15 74 0 1 7863720972755.275
a 15 75 0 1 5506351023863.117
a 15 76 0 1 11972754773498.527
a 15 77 0 1 14105525998504.79
a 15 78 0 1 7253085925449.301
a 15 79 0 1 7696785391387.323
a 15 80 0 1 14192019674485.99
a 16 27 0 1 18091721960516.902
a 16 28 0 1 10634222496184.041
a 16 29 0 1 30482931690902.336
a 16 30 0 1 16954369076796.357
a 16 31 0 1 6862583324147.07
a 16 32 0 1 26095168666304.234
a 16 33 0 1 10782576779170.076
a 16 34 0 1 24167696996805.957
a 16 35 0 1 32056270481091.633
a 16 36 0 1 24678711126828.855
a 16 37 0 1 24965305218213.152
a 16 38 0 1 24665602881617.45
a 16 39 0 1 16031934328233.828
a 16 40 0 1 8822845742777.05
a 16 41 0 1 28643561943934.42
a 16 42 0 1 18172540355130.76
a 16 43 0 1 27041977337912.812
a 16 44 0 1 19227083009323.77
a 16 45 0 1 20951506326463.42
a 16 46 0 1 22700690444567.95
a 16 47 0 1 18667354814047.74
a 16 48 0 1 19612649259125.246
a 16 49 0 1 29107426872457.523
a 16 50 0 1 13953256590812.533
a 16 51 0 1 25507192213107.25
a 16 52 0 1 29427790079755.562
a 16 53 0 1 19416596743573.61
a 16 54 0 1 30001064737778.527
a 16 55 0 1 12538617763054.432
a 16 56 0 1 26744333698316.266
a 16 57 0 1 10239456339051.914
a 16 58 0 1 7053976612921.169
a 16 59 0 1 8428763840763.955
a 16 60 0 1 29233278433464.477
a 16 61 0 1 18259169945604.645
a 16 62 0 1 9706869879638.283
a 16 63 0 1 10305456925140.621
a 16 64 0 1 22249335596498.723
a 16 65 0 1 31443880647811.742
a 16 66 0 1 29324168003434.566
a 16 67 0 1 10000474036244.168
a 16 68 0 1 30547662877656.53
a 16 69 0 1 9144322228929.016
a 16 70 0 1 13842081818096.559
a 16 71 0 1 8389334545552.609
a 16 72 0 1 13061047667690.65
a 16 73 0 1 21161970639544.03
a 16 74 0 1 17791788580156.387
a 16 75 0 1 12453932519551.309
a 16 76 0 1 27104754318461.36
a 16 77 0 1 31943001847290.07
a 16 78 0 1 16408759640826.352
a 16 79 0 1 17413671307560.822
a 16 80 0 1 32139278637342.918
a 17 27 0 1 19229068169589.863
a 17 28 0 1 11302138686830.855
a 17 29 0 1 32402169288239.094
a 17 30 0 1 18020066521597.242
a 17 31 0 1 7293410767399.927
a 17 32 0 1 27737265016085.656
a 17 33 0 1 11459823132160.125
a 17 34 0 1 25688143857064.754
a 17 35 0 1 34074956323181.598
a 17 36 0 1 26231404287829.41
a 17 37 0 1 26536084966159.723
a 17 38 0 1 26217468828355.047
a 17 39 0 1 17039536653570.691
a 17 40 0 1 9376869792486.46
a 17 41 0 1 30446584459125.71
a 17 42 0 1 19314978564674.855
a 17 43 0 1 28743851125599.465
a 17 44 0 1 20435972401250.68
a 17 45 0 1 22269095871629.62
a 17 46 0 1 24128587841298.504
a 17 47 0 1 19840971234660.438
a 17 48 0 1 20845839089832.277
a 17 49 0 1 30939752373036.06
a 17 50 0 1 14829991460521.695
a 17 51 0 1 27112173224894.598
a 17 52 0 1 31280355307406.84
a 17 53 0 1 20637430013889.664
a 17 54 0 1 31889851952237.25
a 17 55 0 1 13326329185921.607
a 17 56 0 1 28427414050266.36
a 17 57 0 1 10882546906359.309
a 17 58 0 1 7496829946273.077
a 17 59 0 1 8958016279642.693
a 17 60 0 1 31073554724093.12
a 17 61 0 1 19407066404566.66
a 17 62 0 1 10316471531317.969
a 17 63 0 1 10952697898310.379
a 17 64 0 1 23648764925333.344
a 17 65 0 1 33423853748511.715
a 17 66 0 1 31170186479972.88
a 17 67 0 1 10628536910723.43
a 17 68 0 1 32470991274930.95
a 17 69 0 1 9718555752053.23
a 17 70 0 1 14711819325610.879
a 17 71 0 1 8916108628182.021
a 17 72 0 1 13881632098177.326
a 17 73 0 1 22492830082447.785
a 17 74 0 1 18910238227911.785
a 17 75 0 1 13236315664289.31
a 17 76 0 1 28810592065193.324
a 17 77 0 1 33954526879390.8
a 17 78 0 1 17440092912823.33
a 17 79 0 1 18508300587835.19
a 17 80 0 1 34163212356939.54
a 18 27 0 1 14026355182323.521
a 18 28 0 1 8246211240822.723
a 18 29 0 1 23625569778798.184
a 18 30 0 1 13144962246621.238
a 18 31 0 1 5322046836626.502
a 18 32 0 1 20227166033757.605
a 18 33 0 1 8361219145442.077
a 18 34 0 1 18734058821674.652
a 18 35 0 1 24843961215693.816
a 18 36 0 1 19129928153839.617
a 18 37 0 1 19351940535373.613
a 18 38 0 1 19119773668969.984
a 18 39 0 1 12430082221270.303
a 18 40 0 1 6841916030761.828
a 18 41 0 1 22201038083400.64
a 18 42 0 1 14088983514096.877
a 18 43 0 1 20960552390182.773
a 18 44 0 1 14906152729288.0
a 18 45 0 1 16242318839402.26
a 18 46 0 1 17597548757615.465
a 18 47 0 1 14472422729831.87
a 18 48 0 1 15204918368904.158
a 18 49 0 1 22560299126042.375
a 18 50 0 1 10818997306026.617
a 18 51 0 1 19771708562667.203
a 18 52 0 1 22808413758981.195
a 18 53 0 1 15053002926282.637
a 18 54 0 1 23252392742021.625
a 18 55 0 1 9722478396980.613
a 18 56 0 1 20730005170437.38
a 18 57 0 1 7940174463631.33
a 18 58 0 1 5470448432871.237
a 18 59 0 1 6536381081244.565
a 18 60 0 1 22657769031610.293
a 18 61 0 1 14156114805410.97
a 18 62 0 1 7527284574628.717
a 18 63 0 1 7991340902628.724
a 18 64 0 1 17247860578747.014
a 18 65 0 1 24369739191338.695
a 18 66 0 1 22728161070278.176
a 18 67 0 1 7754903837391.44
a 18 68 0 1 23675699486628.92
a 18 69 0 1 7091154788701.7
a 18 70 0 1 10732826105215.818
a 18 71 0 1 6505810880588.075
a 18 72 0 1 10127435118253.805
a 18 73 0 1 16405388530382.902
a 18 74 0 1 13793926504758.848
a 18 75 0 1 9656834379992.264
a 18 76 0 1 21009177393448.316
a 18 77 0 1 24756249464962.613
a 18 78 0 1 12722123145474.08
a 18 79 0 1 13500905295894.863
a 18 80 0 1 24908239854387.223
a 19 27 0 1 14772358287119.488
a 19 28 0 1 8684485275477.539
a 19 29 0 1 24883579510944.33
a 19 30 0 1 13844012996286.594
a 19 31 0 1 5604805523622.035
a 19 32 0 1 21303774067416.93
a 19 33 0 1 8805611880551.45
a 19 34 0 1 19731014296602.105
a 19 35 0 1 26167043279309.973
a 19 36 0 1 20147999198601.336
a 19 37 0 1 20381854551658.02
a 19 38 0 1 20137303050746.945
a 19 39 0 1 13091058233836.908
a 19 40 0 1 7205491904082.009
a 19 41 0 1 23382990245909.36
a 19 42 0 1 14838323251383.328
a 19 43 0 1 22076294837111.55
a 19 44 0 1 15699033212251.926
a 19 45 0 1 17106412066775.012
a 19 46 0 1 18533894337879.152
a 19 47 0 1 15242191958304.986
a 19 48 0 1 16013719959679.09
a 19 49 0 1 23761430217216.273
a 19 50 0 1 11394190622250.309
a 19 51 0 1 20824016319735.766
a 19 52 0 1 24022791272140.75
a 19 53 0 1 15853708856479.055
a 19 54 0 1 24490475534246.53
a 19 55 0 1 10239306403006.887
a 19 56 0 1 21833444579150.83
a 19 57 0 1 8362167428071.298
a 19 58 0 1 5761096881169.008
a 19 59 0 1 6883708114939.024
a 19 60 0 1 23864103781659.152
a 19 61 0 1 14909031134406.541
a 19 62 0 1 7927313828159.845
a 19 63 0 1 8416055823067.859
a 19 64 0 1 18165560706796.457
a 19 65 0 1 25667491531762.34
a 19 66 0 1 23938253940453.203
a 19 67 0 1 8167041043934.653
a 19 68 0 1 24936386186706.125
a 19 69 0 1 7467986471364.691
a 19 70 0 1 11303432154397.354
a 19 71 0 1 6851512208137.287
a 19 72 0 1 10665816279896.146
a 19 73 0 1 17278174353326.312
a 19 74 0 1 14527547013565.527
a 19 75 0 1 10170168790517.27
a 19 76 0 1 22127514777449.418
a 19 77 0 1 26074646342320.14
a 19 78 0 1 13398652552855.516
a 19 79 0 1 14218916147145.84
a 19 80 0 1 26234755471016.797
a 20 27 0 1 3529400416252.977
a 20 28 0 1 2075997267771.2307
a 20 29 0 1 5939902014667.246
a 20 30 0 1 3307869861486.7188
a 20 31 0 1 1340171553364.337
a 20 32 0 1 5086969908981.309
a 20 33 0 1 2104929846072.3608
a 20 34 0 1 4712071448119.047
a 20 35 0 1 6245572430605.345
a 20 36 0 1 4811478136976.161
a 20 37 0 1 4867224663025.807
a 20 38 0 1 4808928330596.341
a 20 39 0 1 3128166176033.7456
a 20 40 0 1 1722671985354.929
a 20 41 0 1 5582433598410.066
a 20 42 0 1 3545140229497.599
a 20 43 0 1 5271077677693.833
a 20 44 0 1 3750496417653.8584
a 20 45 0 1 4086215198498.5693
a 20 46 0 1 4426644868093.021
a 20 47 0 1 3641502840968.6772
a 20 48 0 1 3825569573034.1772
a 20 49 0 1 5672593946961.651
a 20 50 0 1 2723096890252.6855
a 20 51 0 1 4972621102024.825
a 20 52 0 1 5734857670139.62
a 20 53 0 1 3787397086812.37
a 20 54 0 1 5846266393981.396
a 20 55 0 1 2447338747262.9663
a 20 56 0 1 5213204097865.698
a 20 57 0 1 1999004696780.5122
a 20 58 0 1 1377523703259.3906
a 20 59 0 1 1645787063896.6016
a 20 60 0 1 5697054084554.449
a 20 61 0 1 3562011542212.006
a 20 62 0 1 1895123641483.464
a 20 63 0 1 2011877405207.9185
a 20 64 0 1 4338811866364.409
a 20 65 0 1 6126607100052.927
a 20 66 0 1 5714718757733.084
a 20 67 0 1 1952392437146.3796
a 20 68 0 1 5952479838292.323
a 20 69 0 1 1785387515703.3503
a 20 70 0 1 2701428005916.943
a 20 71 0 1 1638094145153.7715
a 20 72 0 1 2549185389086.7183
a 20 73 0 1 4127182023256.499
a 20 74 0 1 3470984729353.759
a 20 75 0 1 2430828603180.1934
a 20 76 0 1 5283283573165.636
a 20 77 0 1 6223569425598.815
a 20 78 0 1 3201580932540.084
a 20 79 0 1 3397337145820.5186
a 20 80 0 1 6261696891206.167
a 21 27 0 1 8943534889505.129
a 21 28 0 1 5259246767788.634
a 21 29 0 1 15058185483556.467
a 21 30 0 1 8381846209504.913
a 21 31 0 1 3394694862962.5728
a 21 32 0 1 12893980692201.057
a 21 33 0 1 5332570626636.403
a 21 34 0 1 11942931061503.545
a 21 35 0 1 15833943676960.52
a 21 36 0 1 12195095571294.674
a 21 37 0 1 12336511420205.584
a 21 38 0 1 12188627377843.248
a 21 39 0 1 7926241486648.047
a 21 40 0 1 4363874646713.767
a 21 41 0 1 14151076113851.734
a 21 42 0 1 8983444714928.383
a 21 43 0 1 13361075022650.201
a 21 44 0 1 9504165632513.633
a 21 45 0 1 10355527936458.906
a 21 46 0 1 11218940003622.674
a 21 47 0 1 9227786319459.293
a 21 48 0 1 9694537790465.639
a 21 49 0 1 14379855562061.463
a 21 50 0 1 6899371023805.665
a 21 51 0 1 12603885064954.332
a 21 52 0 1 14537852340013.064
a 21 53 0 1 9597738529072.346
a 21 54 0 1 14820565285369.426
a 21 55 0 1 6200394735964.541
a 21 56 0 1 13214242408887.207
a 21 57 0 1 5064128077668.15
a 21 58 0 1 3489331990810.1313
a 21 59 0 1 4169053080913.7876
a 21 60 0 1 14441923759550.535
a 21 61 0 1 9026223813808.123
a 21 62 0 1 4800875563477.755
a 21 63 0 1 5096750414174.46
a 21 64 0 1 10996164292540.254
a 21 65 0 1 15532012656061.56
a 21 66 0 1 14486748634102.799
a 21 67 0 1 4946003376022.086
a 21 68 0 1 15090104972323.281
a 21 69 0 1 4522795782694.121
a 21 70 0 1 6844443484068.624
a 21 71 0 1 4149559998774.2197
a 21 72 0 1 6458541963560.799
a 21 73 0 1 10459424220032.35
a 21 74 0 1 8795418182770.543
a 21 75 0 1 6158547909006.601
a 21 76 0 1 13392043311945.0
a 21 77 0 1 15778099644135.42
a 21 78 0 1 8112367226376.383
a 21 79 0 1 8608684388527.714
a 21 80 0 1 15874868131870.977
a 22 27 0 1 4773283566748.291
a 22 28 0 1 2807485145250.769
a 22 29 0 1 8034115703485.195
a 22 30 0 1 4473637738256.48
a 22 31 0 1 1812333509302.718
a 22 32 0 1 6880229571530.852
a 22 33 0 1 2846615601737.005
a 22 34 0 1 6373074831441.485
a 22 35 0 1 8447660291244.28
a 22 36 0 1 6507548601339.436
a 22 37 0 1 6582960958805.428
a 22 38 0 1 6504099302009.99
a 22 39 0 1 4230571572073.9067
a 22 40 0 1 2329630562396.8296
a 22 41 0 1 7550506108445.421
a 22 42 0 1 4794573699006.044
a 22 43 0 1 7129292337457.805
a 22 44 0 1 5072346985321.815
a 22 45 0 1 5526464090430.445
a 22 46 0 1 5986966121665.988
a 22 47 0 1 4924917182010.423
a 22 48 0 1 5173895201116.453
a 22 49 0 1 7672480342156.7705
a 22 50 0 1 3682690202786.9565
a 22 51 0 1 6725539277427.214
a 22 52 0 1 7756714898388.328
a 22 53 0 1 5122260849847.827
a 22 54 0 1 7907437183332.741
a 22 55 0 1 3309720492723.0127
a 22 56 0 1 7050999998816.429
a 22 57 0 1 2703355417592.633
a 22 58 0 1 1862848188183.085
a 22 59 0 1 2225649408023.223
a 22 60 0 1 7705571612097.721
a 22 61 0 1 4817394360792.244
a 22 62 0 1 2562860997607.9976
a 22 63 0 1 2720765254903.8486
a 22 64 0 1 5868152474682.069
a 22 65 0 1 8286709675078.435
a 22 66 0 1 7729469575333.402
a 22 67 0 1 2640314302145.598
a 22 68 0 1 8051132165250.244
a 22 69 0 1 2414449146552.059
a 22 70 0 1 3653382198441.544
a 22 71 0 1 2215245341644.3926
a 22 72 0 1 3447469622973.557
a 22 73 0 1 5581879579429.127
a 22 74 0 1 4694269036103.826
a 22 75 0 1 3287390379302.69
a 22 76 0 1 7145804722294.685
a 22 77 0 1 8417891860819.189
a 22 78 0 1 4329871518907.765
a 22 79 0 1 4594651992193.506
a 22 80 0 1 8469475521799.324
a 23 27 0 1 12379784180836.691
a 23 28 0 1 7278747020276.453
a 23 29 0 1 20849427336298.28
a 23 30 0 1 11601997293656.12
a 23 31 0 1 4697837779296.134
a 23 32 0 1 17851176953082.457
a 23 33 0 1 7380250468842.071
a 23 34 0 1 16533791968102.457
a 23 35 0 1 21924289006024.113
a 23 36 0 1 16883077044974.86
a 23 37 0 1 17078962293713.592
a 23 38 0 1 16874117544438.625
a 23 39 0 1 10971136416601.145
a 23 40 0 1 6039321482581.98
a 23 41 0 1 19592664240039.312
a 23 42 0 1 12435049966284.873
a 23 43 0 1 18498232313314.617
a 23 44 0 1 13156144708059.984
a 23 45 0 1 14335183580527.537
a 23 46 0 1 15531000861461.383
a 23 47 0 1 12773410272060.324
a 23 48 0 1 13419780529645.336
a 23 49 0 1 19909619308953.137
a 23 50 0 1 9549355990766.777
a 23 51 0 1 17449327445701.07
a 23 52 0 1 20128514579144.844
a 23 53 0 1 13285728056408.186
a 23 54 0 1 20520204445750.035
a 23 55 0 1 8581643982723.127
a 23 56 0 1 18294825478148.227
a 23 57 0 1 7008644150508.707
a 23 58 0 1 4828824059483.341
a 23 59 0 1 5769651282357.271
a 23 60 0 1 19995610790551.27
a 23 61 0 1 12494289242213.195
a 23 62 0 1 6644230994862.02
a 23 63 0 1 7053802937473.56
a 23 64 0 1 15222449915834.541
a 23 65 0 1 21505935825840.723
a 23 66 0 1 20057713055718.86
a 23 67 0 1 6845126351631.701
a 23 68 0 1 20893652331277.477
a 23 69 0 1 6259302083614.342
a 23 70 0 1 9473308267719.928
a 23 71 0 1 5742669395047.299
a 23 72 0 1 8939034214506.373
a 23 73 0 1 14479074074677.252
a 23 74 0 1 12174678849766.066
a 23 75 0 1 8523710187542.501
a 23 76 0 1 18541132941704.637
a 23 77 0 1 21846911120556.56
a 23 78 0 1 11228855531899.918
a 23 79 0 1 11916102153994.105
a 23 80 0 1 21980994462789.137
a 24 27 0 1 9878233342148.004
a 24 28 0 1 5808638775864.499
a 24 29 0 1 16633157515376.373
a 24 30 0 1 9257779383070.984
a 24 31 0 1 3749227765416.7314
a 24 32 0 1 14242221956479.453
a 24 33 0 1 5889627394640.643
a 24 34 0 1 13191576026253.992
a 24 35 0 1 17490217641750.037
a 24 36 0 1 13470145487882.662
a 24 37 0 1 13626370183630.111
a 24 38 0 1 13462999968056.244
a 24 39 0 1 8754514317286.276
a 24 40 0 1 4819682286056.002
a 24 41 0 1 15631000537576.379
a 24 42 0 1 9922318953112.479
a 24 43 0 1 14758240398715.578
a 24 44 0 1 10497527052647.824
a 24 45 0 1 11437989729979.295
a 24 46 0 1 12391782961946.832
a 24 47 0 1 10192227069495.629
a 24 48 0 1 10707821169093.838
a 24 49 0 1 15883749601775.139
a 24 50 0 1 7620244237740.479
a 24 51 0 1 13921744234642.57
a 24 52 0 1 16058300788067.51
a 24 53 0 1 10600891992499.656
a 24 54 0 1 16370637172300.072
a 24 55 0 1 6848178583820.666
a 24 56 0 1 14596027705687.336
a 24 57 0 1 5593124447955.749
a 24 58 0 1 3853752929084.738
a 24 59 0 1 4604500776719.026
a 24 60 0 1 15952321031561.172
a 24 61 0 1 9969574098160.848
a 24 62 0 1 5302355912761.31
a 24 63 0 1 5629156706957.191
a 24 64 0 1 12145685398452.596
a 24 65 0 1 17156641379731.135
a 24 66 0 1 16001842522851.752
a 24 67 0 1 5462652735053.343
a 24 68 0 1 16668421951879.06
a 24 69 0 1 4995212316906.885
a 24 70 0 1 7559572657833.305
a 24 71 0 1 4582970613958.109
a 24 72 0 1 7133317799329.624
a 24 73 0 1 11552760728480.637
a 24 74 0 1 9714619478852.318
a 24 75 0 1 6801956401110.82
a 24 76 0 1 14792452555315.97
a 24 77 0 1 17428520440228.688
a 24 78 0 1 8960109812556.568
a 24 79 0 1 9508348930935.951
a 24 80 0 1 17535431555616.686
a 25 27 0 1 8649286843064.401
a 25 28 0 1 5086285153057.48
a 25 29 0 1 14562423954615.367
a 25 30 0 1 8106095332827.755
a 25 31 0 1 3283076217039.144
a 25 32 0 1 12469573734389.611
a 25 33 0 1 5157196167435.739
a 25 34 0 1 11549869661009.896
a 25 35 0 1 15312596762549.85
a 25 36 0 1 11793723750588.055
a 25 37 0 1 11930478845973.775
a 25 38 0 1 11787468730973.105
a 25 39 0 1 7665492591921.042
a 25 40 0 1 4220373574700.185
a 25 41 0 1 13685226476479.275
a 25 42 0 1 8687882295792.884
a 25 43 0 1 12921270714908.406
a 25 44 0 1 9191452948477.773
a 25 45 0 1 10014770825462.99
a 25 46 0 1 10849736108189.83
a 25 47 0 1 8924176606362.213
a 25 48 0 1 9375554585456.244
a 25 49 0 1 13906462502163.043
a 25 50 0 1 6672428955253.956
a 25 51 0 1 12189040045836.803
a 25 52 0 1 14059249512429.2
a 25 53 0 1 9281943753132.979
a 25 54 0 1 14332639856051.205
a 25 55 0 1 5996460077287.328
a 25 56 0 1 12779278480487.857
a 25 57 0 1 4897586978559.552
a 25 58 0 1 3374600436949.0073
a 25 59 0 1 4031961469585.886
a 25 60 0 1 13966484091864.217
a 25 61 0 1 8729252513614.854
a 25 62 0 1 4642996528573.421
a 25 63 0 1 4929135873913.034
a 25 64 0 1 10634300698325.809
a 25 65 0 1 15020624294631.314
a 25 66 0 1 14009830914325.654
a 25 67 0 1 4783349116462.347
a 25 68 0 1 14593290789602.695
a 25 69 0 1 4374066137097.6924
a 25 70 0 1 6619309532708.057
a 25 71 0 1 4013109677652.3545
a 25 72 0 1 6246110582367.114
a 25 73 0 1 10115244334005.756
a 25 74 0 1 8506048044898.407
a 25 75 0 1 5955990561269.672
a 25 76 0 1 12951218105430.424
a 25 77 0 1 15258594676916.133
a 25 78 0 1 7845489836769.096
a 25 79 0 1 8325463701565.786
a 25 80 0 1 15352171359774.086
a 26 27 0 1 12628471740517.156
a 26 28 0 1 7424876331239.867
a 26 29 0 1 21268671859467.16
a 26 30 0 1 11835039217781.08
a 26 31 0 1 4792123746389.71
a 26 32 0 1 18210005575215.79
a 26 33 0 1 7528419346347.589
a 26 34 0 1 16866088227132.709
a 26 35 0 1 22365202769574.62
a 26 36 0 1 17222407166471.914
a 26 37 0 1 17422237382270.059
a 26 38 0 1 17213267233339.64
a 26 39 0 1 11191490306577.975
a 26 40 0 1 6160550232663.1045
a 26 41 0 1 19986579322513.2
a 26 42 0 1 12684849338150.602
a 26 43 0 1 18870095750134.17
a 26 44 0 1 13420452062016.1
a 26 45 0 1 14623217764843.547
a 26 46 0 1 15843106235690.188
a 26 47 0 1 13030016938880.178
a 26 48 0 1 13689392687432.457
a 26 49 0 1 20309921759502.688
a 26 50 0 1 9741121564349.008
a 26 51 0 1 17800061878473.88
a 26 52 0 1 20533228546638.35
a 26 53 0 1 13552642808008.484
a 26 54 0 1 20932812920982.824
a 26 55 0 1 8753956837837.821
a 26 56 0 1 18662591107084.426
a 26 57 0 1 7149346367692.552
a 26 58 0 1 4925740422475.15
a 26 59 0 1 5885463209063.843
a 26 60 0 1 20397646247739.63
a 26 61 0 1 12745280379181.781
a 26 62 0 1 6777611716347.702
a 26 63 0 1 7195412492285.814
a 26 64 0 1 15528343670188.291
a 26 65 0 1 21938414927616.816
a 26 66 0 1 20461000096296.098
a 26 67 0 1 6982543223353.189
a 26 68 0 1 21313788323623.535
a 26 69 0 1 6384949803925.932
a 26 70 0 1 9663544987826.113
a 26 71 0 1 5857939359661.07
a 26 72 0 1 9118530728794.041
a 26 73 0 1 14770004343176.469
a 26 74 0 1 12419240318931.857
a 26 75 0 1 8694858611447.197
a 26 76 0 1 18913860674056.48
a 26 77 0 1 22286264761077.695
a 26 78 0 1 11454392507014.336
a 26 79 0 1 12155462135971.05
a 26 80 0 1 22423051561823.367
a 27 1 0 1 0
a 28 1 0 1 0
a 29 1 0 1 0
a 30 1 0 1 0
a 31 1 0 1 0
a 32 1 0 1 0
a 33 1 0 1 0
a 34 1 0 1 0
a 35 1 0 1 0
a 36 1 0 1 0
a 37 1 0 1 0
a 38 1 0 1 0
a 39 1 0 1 0
a 40 1 0 1 0
a 41 1 0 1 0
a 42 1 0 1 0
a 43 1 0 1 0
a 44 1 0 1 0
a 45 1 0 1 0
a 46 1 0 1 0
a 47 1 0 1 0
a 48 1 0 1 0
a 49 1 0 1 0
a 50 1 0 1 0
a 51 1 0 1 0
a 52 1 0 1 0
a 53 1 0 1 0
a 54 1 0 1 0
a 55 1 0 1 0
a 56 1 0 1 0
a 57 1 0 1 0
a 58 1 0 1 0
a 59 1 0 1 0
a 60 1 0 1 0
a 61 1 0 1 0
a 62 1 0 1 0
a 63 1 0 1 0
a 64 1 0 1 0
a 65 1 0 1 0
a 66 1 0 1 0
a 67 1 0 1 0
a 68 1 0 1 0
a 69 1 0 1 0
a 70 1 0 1 0
a 71 1 0 1 0
a 72 1 0 1 0
a 73 1 0 1 0
a 74 1 0 1 0
a 75 1 0 1 0
a 76 1 0 1 0
a 77 1 0 1 0
a 78 1 0 1 0
a 79 1 0 1 0
a 80 1 0 1 0
