p min 82 1536
n 0 28
n 1 -28
a 0 2 0 1 0
a 0 3 0 1 0
a 0 4 0 1 0
a 0 5 0 1 0
a 0 6 0 1 0
a 0 7 0 1 0
a 0 8 0 1 0
a 0 9 0 1 0
a 0 10 0 1 0
a 0 11 0 1 0
a 0 12 0 1 0
a 0 13 0 1 0
a 0 14 0 1 0
a 0 15 0 1 0
a 0 16 0 1 0
a 0 17 0 1 0
a 0 18 0 1 0
a 0 19 0 1 0
a 0 20 0 1 0
a 0 21 0 1 0
a 0 22 0 1 0
a 0 23 0 1 0
a 0 24 0 1 0
a 0 25 0 1 0
a 0 26 0 1 0
a 0 27 0 1 0
a 0 28 0 1 0
a 0 29 0 1 0
a 2 30 0 1 3834531000197.798
a 2 31 0 1 13497526416715.635
a 2 32 0 1 9954684683602.8
a 2 33 0 1 12282088319050.498
a 2 34 0 1 11676457011533.318
a 2 35 0 1 2976640524581.1797
a 2 36 0 1 11833247304311.354
a 2 37 0 1 3901414095620.0205
a 2 38 0 1 8621198656488.677
a 2 39 0 1 8242176612998.552
a 2 40 0 1 11096189758165.941
a 2 41 0 1 12459634861718.004
a 2 42 0 1 2889983601230.3164
a 2 43 0 1 13466097805421.47
a 2 44 0 1 11084682835602.49
a 2 45 0 1 6762300727150.984
a 2 46 0 1 3560415927699.7417
a 2 47 0 1 4792412355826.727
a 2 48 0 1 7379555774786.351
a 2 49 0 1 6837184505628.097
a 2 50 0 1 5833626232120.112
a 2 51 0 1 5346969680545.12
a 2 52 0 1 9297245289123.912
a 2 53 0 1 5448755529783.249
a 2 54 0 1 9586280757757.412
a 2 55 0 1 6990958488437.791
a 2 56 0 1 6583346401330.014
a 2 57 0 1 5210993772687.2
a 2 58 0 1 7010256342152.788
a 2 59 0 1 12504634100615.57
a 2 60 0 1 13115604844647.96
a 2 61 0 1 9398116545167.309
a 2 62 0 1 6911300394605.319
a 2 63 0 1 7499913177630.345
a 2 64 0 1 3005685010431.428
a 2 65 0 1 6891750213462.364
a 2 66 0 1 11438036421003.408
a 2 67 0 1 6748272884286.939
a 2 68 0 1 7085770227986.975
a 2 69 0 1 12313441340941.94
a 2 70 0 1 6050148620606.605
a 2 71 0 1 4005725495016.8066
a 2 72 0 1 6836364802689.892
a 2 73 0 1 10274896927735.6
a 2 74 0 1 7839091071917.9795
a 2 75 0 1 6463672796546.476
a 2 76 0 1 3638853188680.965
a 2 77 0 1 9948397578041.11
a 2 78 0 1 2765808743511.653
a 2 79 0 1 11161537388209.72
a 2 80 0 1 8520014753386.946
a 2 81 0 1 6224255150847.39
a 3 30 0 1 6269599179172.824
a 3 31 0 1 22084574659339.94
a 3 32 0 1 16283568559593.621
a 3 33 0 1 20094091125774.098
a 3 34 0 1 19102400956206.625
a 3 35 0 1 4866611390681.236
a 3 36 0 1 19359128553474.5
a 3 37 0 1 6378986702754.863
a 3 38 0 1 14100915591148.027
a 3 39 0 1 13480609322632.305
a 3 40 0 1 18152325804264.66
a 3 41 0 1 20384831184361.633
a 3 42 0 1 4724903085379.473
a 3 43 0 1 22033100568081.133
a 3 44 0 1 18133486267004.71
a 3 45 0 1 11058979036474.256
a 3 46 0 1 5821294256767.84
a 3 47 0 1 7836319445840.671
a 3 48 0 1 12068975256224.758
a 3 49 0 1 11181504285451.059
a 3 50 0 1 9539588409694.297
a 3 51 0 1 8743459324236.465
a 3 52 0 1 15207416924385.846
a 3 53 0 1 8909967699636.268
a 3 54 0 1 15680521506563.953
a 3 55 0 1 11433114333453.438
a 3 56 0 1 10766178431070.38
a 3 57 0 1 8521024343295.374
a 3 58 0 1 11464690516674.67
a 3 59 0 1 20458520566716.617
a 3 60 0 1 21459075818841.64
a 3 61 0 1 15372524671521.975
a 3 62 0 1 11302774432922.936
a 3 63 0 1 12265923164672.947
a 3 64 0 1 4914107649942.609
a 3 65 0 1 11270785842366.836
a 3 66 0 1 18712023661845.586
a 3 67 0 1 11036026752530.848
a 3 68 0 1 11588251244747.316
a 3 69 0 1 20145432489396.95
a 3 70 0 1 9893819017804.314
a 3 71 0 1 6549590478085.813
a 3 72 0 1 11180163075732.705
a 3 73 0 1 16807756246464.3
a 3 74 0 1 12820958620991.658
a 3 75 0 1 10570375745746.379
a 3 76 0 1 5949573619456.505
a 3 77 0 1 16273276809444.506
a 3 78 0 1 4521845595746.515
a 3 79 0 1 18259315839695.637
a 3 80 0 1 13935314965672.818
a 3 81 0 1 10178665433182.58
a 4 30 0 1 8782026799505.745
a 4 31 0 1 30957195864856.855
a 4 32 0 1 22819468925857.027
a 4 33 0 1 28164426129964.254
a 4 34 0 1 26773216866175.254
a 4 35 0 1 6816375875598.14
a 4 36 0 1 27133359224862.23
a 4 37 0 1 8935294493530.758
a 4 38 0 1 19758747746766.598
a 4 39 0 1 18889008881873.33
a 4 40 0 1 25440507944898.47
a 4 41 0 1 28572319983246.242
a 4 42 0 1 6617850129917.346
a 4 43 0 1 30884968077849.258
a 4 44 0 1 25414082149608.46
a 4 45 0 1 15494089969154.633
a 4 46 0 1 8153903135786.848
a 4 47 0 1 10977375589473.014
a 4 48 0 1 16909925955163.084
a 4 49 0 1 15665841636632.592
a 4 50 0 1 13364422318529.654
a 4 51 0 1 12248640226643.023
a 4 52 0 1 21310310597851.082
a 4 53 0 1 12481996424462.863
a 4 54 0 1 21973757784382.652
a 4 55 0 1 16018546026497.887
a 4 56 0 1 15083660065211.762
a 4 57 0 1 11936910271968.498
a 4 58 0 1 16062809776771.299
a 4 59 0 1 28675704272423.082
a 4 60 0 1 30079527270394.305
a 4 61 0 1 21541842296594.67
a 4 62 0 1 15835835863124.682
a 4 63 0 1 17186027490610.598
a 4 64 0 1 6882916172028.298
a 4 65 0 1 15790994669479.805
a 4 66 0 1 26225604602522.387
a 4 67 0 1 15461916465763.082
a 4 68 0 1 16236019452691.639
a 4 69 0 1 28236454711664.355
a 4 70 0 1 13860906112165.34
a 4 71 0 1 9174338074648.176
a 4 72 0 1 15663961564575.959
a 4 73 0 1 23554626353597.56
a 4 74 0 1 17964159513257.31
a 4 75 0 1 14809202089997.312
a 4 76 0 1 8333633735372.676
a 4 77 0 1 22805035413997.305
a 4 78 0 1 6333381990017.4375
a 4 79 0 1 25590581337276.348
a 4 80 0 1 19526552234176.586
a 4 81 0 1 14260153959577.83
a 5 30 0 1 6171576857811.952
a 5 31 0 1 21738672693216.258
a 5 32 0 1 16028693191605.04
a 5 33 0 1 19779436358289.773
a 5 34 0 1 18803308773711.25
a 5 35 0 1 4790536242386.284
a 5 36 0 1 19056007882630.254
a 5 37 0 1 6279252920730.692
a 5 38 0 1 13880258389438.318
a 5 39 0 1 13269673777082.879
a 5 40 0 1 17868139862233.99
a 5 41 0 1 20065613172619.582
a 5 42 0 1 4651044315811.691
a 5 43 0 1 21688006835019.555
a 5 44 0 1 17849595876160.13
a 5 45 0 1 10885983044623.34
a 5 46 0 1 5730285603187.94
a 5 47 0 1 7713780407060.355
a 5 48 0 1 11880158238304.87
a 5 49 0 1 11006589197105.896
a 5 50 0 1 9390386001246.213
a 5 51 0 1 8606720987421.433
a 5 52 0 1 14969414853991.857
a 5 53 0 1 8770622719909.798
a 5 54 0 1 15435101997397.25
a 5 55 0 1 11254258143672.518
a 5 56 0 1 10597768319869.07
a 5 57 0 1 8387768011568.257
a 5 58 0 1 11285339716539.965
a 5 59 0 1 20138145932320.855
a 5 60 0 1 21122994637244.242
a 5 61 0 1 15131934095528.42
a 5 62 0 1 11125959854090.596
a 5 63 0 1 12074020645893.047
a 5 64 0 1 4837289623835.512
a 5 65 0 1 11094472315437.164
a 5 66 0 1 18419056707333.56
a 5 67 0 1 10863390253288.854
a 5 68 0 1 11406964951350.56
a 5 69 0 1 19829971927114.16
a 5 70 0 1 9739070107695.389
a 5 71 0 1 6447187370474.797
a 5 72 0 1 11005268994863.143
a 5 73 0 1 16544660495088.35
a 5 74 0 1 12620359851811.852
a 5 75 0 1 10405032151522.791
a 5 76 0 1 5856558125982.065
a 5 77 0 1 16018562828322.365
a 5 78 0 1 4451162608398.833
a 5 79 0 1 17973451433781.527
a 5 80 0 1 13717253248454.1
a 5 81 0 1 10019456108000.99
a 6 30 0 1 6774240118617.509
a 6 31 0 1 23865668252323.34
a 6 32 0 1 17595869944141.73
a 6 33 0 1 21714253039571.234
a 6 34 0 1 20642413927567.027
a 6 35 0 1 5258257266383.831
a 6 36 0 1 20919888492264.934
a 6 37 0 1 6892439248367.62
a 6 38 0 1 15237007080628.201
a 6 39 0 1 14566639721537.096
a 6 40 0 1 19615571732373.754
a 6 41 0 1 22028494618859.727
a 6 42 0 1 5105138126021.163
a 6 43 0 1 23810031448469.94
a 6 44 0 1 19595210124769.906
a 6 45 0 1 11949648550710.504
a 6 46 0 1 6289824932119.683
a 6 47 0 1 8467188904904.129
a 6 48 0 1 13041110179219.662
a 6 49 0 1 12082055487575.8
a 6 50 0 1 10307743769073.258
a 6 51 0 1 9447438305412.85
a 6 52 0 1 16432826495787.332
a 6 53 0 1 9627367955889.387
a 6 54 0 1 16944128139654.725
a 6 55 0 1 12353958885083.107
a 6 56 0 1 11633234733190.967
a 6 57 0 1 9207074997402.41
a 6 58 0 1 12388081902599.053
a 6 59 0 1 22108140838014.965
a 6 60 0 1 23189588899266.04
a 6 61 0 1 16611264042204.4
a 6 62 0 1 12213106395391.293
a 6 63 0 1 13253946118709.674
a 6 64 0 1 5309578176118.207
a 6 65 0 1 12178537811160.527
a 6 66 0 1 20220491552061.02
a 6 67 0 1 11924845193594.768
a 6 68 0 1 12521608837526.473
a 6 69 0 1 21769744378886.72
a 6 70 0 1 10690533177010.0
a 6 71 0 1 7076786324516.756
a 6 72 0 1 12080606107372.154
a 6 73 0 1 18162390595498.242
a 6 74 0 1 13853761160264.268
a 6 75 0 1 11421642294688.238
a 6 76 0 1 6428436586552.569
a 6 77 0 1 17584747096027.738
a 6 78 0 1 4885730457449.885
a 6 79 0 1 19731205765133.11
a 6 80 0 1 15058041094601.85
a 6 81 0 1 10998346321937.873
a 7 30 0 1 5321791043656.632
a 7 31 0 1 18740768727953.543
a 7 32 0 1 13819485524202.998
a 7 33 0 1 17052254480956.822
a 7 34 0 1 16210966341718.402
a 7 35 0 1 4131001145221.876
a 7 36 0 1 16428760831254.643
a 7 37 0 1 5414631572056.2295
a 7 38 0 1 11967573968174.506
a 7 39 0 1 11441238113562.871
a 7 40 0 1 15404954465483.008
a 7 41 0 1 17298894705007.145
a 7 42 0 1 4010722580780.894
a 7 43 0 1 18697105069685.547
a 7 44 0 1 15388971363949.773
a 7 45 0 1 9386352448867.465
a 7 46 0 1 4941297283951.289
a 7 47 0 1 6651480579200.398
a 7 48 0 1 10243410541945.582
a 7 49 0 1 9490325987430.814
a 7 50 0 1 8096977871688.371
a 7 51 0 1 7421345148550.954
a 7 52 0 1 12906422748349.1
a 7 53 0 1 7562653566221.114
a 7 54 0 1 13307833399084.564
a 7 55 0 1 9703838031904.238
a 7 56 0 1 9137883372527.562
a 7 57 0 1 7232572973421.851
a 7 58 0 1 9730632916317.652
a 7 59 0 1 17361406387079.707
a 7 60 0 1 18210174776408.535
a 7 61 0 1 13046510937829.842
a 7 62 0 1 9593234023726.715
a 7 63 0 1 10410532204149.078
a 7 64 0 1 4171314682593.449
a 7 65 0 1 9566089025693.158
a 7 66 0 1 15879786581455.04
a 7 67 0 1 9366875351276.611
a 7 68 0 1 9835483665677.617
a 7 69 0 1 17095808501090.367
a 7 70 0 1 8397588661003.677
a 7 71 0 1 5559427494801.231
a 7 72 0 1 9489187854458.125
a 7 73 0 1 14264221083801.291
a 7 74 0 1 10881505633415.818
a 7 75 0 1 8971724813364.86
a 7 76 0 1 5050173556733.311
a 7 77 0 1 13810753632810.844
a 7 78 0 1 3838371285635.9097
a 7 79 0 1 15495722557055.154
a 7 80 0 1 11827061353813.412
a 7 81 0 1 8639315237184.066
a 8 30 0 1 4712437860180.702
a 8 31 0 1 16591983793773.145
a 8 32 0 1 12235761657482.852
a 8 33 0 1 15097408398133.492
a 8 34 0 1 14352723765424.453
a 8 35 0 1 3658052646147.3047
a 8 36 0 1 14545510919697.215
a 8 37 0 1 4794642137643.169
a 8 38 0 1 10596339597937.932
a 8 39 0 1 10130381213125.498
a 8 40 0 1 13639249153793.85
a 8 41 0 1 15315724257309.484
a 8 42 0 1 3551550119753.467
a 8 43 0 1 16553336083240.86
a 8 44 0 1 13625100899418.162
a 8 45 0 1 8311155270221.012
a 8 46 0 1 4375533165599.2427
a 8 47 0 1 5889772652161.364
a 8 48 0 1 9069935674890.81
a 8 49 0 1 8403207219375.814
a 8 50 0 1 7169599182374.013
a 8 51 0 1 6571407885677.119
a 8 52 0 1 11427474303366.055
a 8 53 0 1 6696520330233.634
a 8 54 0 1 11782824838454.15
a 8 55 0 1 8592237214513.015
a 8 56 0 1 8091174595254.831
a 8 57 0 1 6404270983635.086
a 8 58 0 1 8615959627058.601
a 8 59 0 1 15371056820558.139
a 8 60 0 1 16122339830839.066
a 8 61 0 1 11551488414233.375
a 8 62 0 1 8494315587765.718
a 8 63 0 1 9217891722291.178
a 8 64 0 1 3693748819491.4634
a 8 65 0 1 8470283120562.105
a 8 66 0 1 14059568199375.537
a 8 67 0 1 8293911385444.64
a 8 68 0 1 8708787361294.466
a 8 69 0 1 15135960742520.352
a 8 70 0 1 7435750354475.6875
a 8 71 0 1 4922849151383.756
a 8 72 0 1 8402199585917.108
a 8 73 0 1 12629456033795.68
a 8 74 0 1 9634850116652.45
a 8 75 0 1 7944066260548.274
a 8 76 0 1 4471937003765.594
a 8 77 0 1 12228031857022.6
a 8 78 0 1 3398938394845.425
a 8 79 0 1 13719597028344.889
a 8 80 0 1 10471946215576.445
a 8 81 0 1 7649765796939.967
a 9 30 0 1 4792797844522.725
a 9 31 0 1 16875316617903.623
a 9 32 0 1 12444598889344.797
a 9 33 0 1 15355173979162.473
a 9 34 0 1 14597753594718.887
a 9 35 0 1 3720424769816.556
a 9 36 0 1 14793837621994.818
a 9 37 0 1 4876404717423.939
a 9 38 0 1 10777160811601.14
a 9 39 0 1 10303241645412.014
a 9 40 0 1 13872079074921.072
a 9 41 0 1 15577223942697.252
a 9 42 0 1 3612105552350.012
a 9 43 0 1 16836007660115.166
a 9 44 0 1 13857688916075.31
a 9 45 0 1 8452943002026.568
a 9 46 0 1 4450145057343.031
a 9 47 0 1 5990223272094.489
a 9 48 0 1 9224681900766.633
a 9 49 0 1 8546566896772.995
a 9 50 0 1 7291895693283.485
a 9 51 0 1 6683492805735.245
a 9 52 0 1 11622497400560.586
a 9 53 0 1 6810740898754.026
a 9 54 0 1 11983920775670.414
a 9 55 0 1 8738825010928.833
a 9 56 0 1 8229205915368.004
a 9 57 0 1 6513503002415.387
a 9 58 0 1 8762952547956.522
a 9 59 0 1 15633502952014.03
a 9 60 0 1 16397637635421.66
a 9 61 0 1 11748630820055.918
a 9 62 0 1 8639231130856.533
a 9 63 0 1 9375165018091.168
a 9 64 0 1 3756729848897.6416
a 9 65 0 1 8614788255853.545
a 9 66 0 1 14299585030372.664
a 9 67 0 1 8435404651982.572
a 9 68 0 1 8857365588954.445
a 9 69 0 1 15394385714247.586
a 9 70 0 1 7562590732827.4
a 9 71 0 1 5006799293768.692
a 9 72 0 1 8545542056053.727
a 9 73 0 1 12845022695010.55
a 9 74 0 1 9799245478355.613
a 9 75 0 1 8079585652212.507
a 9 76 0 1 4548193641314.97
a 9 77 0 1 12436736969392.791
a 9 78 0 1 3456890697205.5425
a 9 79 0 1 13953800739098.453
a 9 80 0 1 10650642114702.719
a 9 81 0 1 7780260160624.017
a 10 30 0 1 5885404757106.952
a 10 31 0 1 20728939191096.38
a 10 32 0 1 15284647789267.11
a 10 33 0 1 18860904604802.89
a 10 34 0 1 17930200770221.17
a 10 35 0 1 4568435803430.39
a 10 36 0 1 18171141549788.188
a 10 37 0 1 5988084506479.209
a 10 38 0 1 13236094488820.979
a 10 39 0 1 12653887576760.229
a 10 40 0 1 17038540482058.166
a 10 41 0 1 19133762437460.5
a 10 42 0 1 4435414351029.266
a 10 43 0 1 20680632304567.605
a 10 44 0 1 17020859162429.578
a 10 45 0 1 10380945508859.836
a 10 46 0 1 5464588773722.823
a 10 47 0 1 7356036724558.389
a 10 48 0 1 11328937370775.648
a 10 49 0 1 10495949570450.895
a 10 50 0 1 8954805818831.389
a 10 51 0 1 8207526059642.723
a 10 52 0 1 14274621568205.578
a 10 53 0 1 8363818417705.654
a 10 54 0 1 14718657572253.66
a 10 55 0 1 10732113962587.871
a 10 56 0 1 10106117602172.473
a 10 57 0 1 7998737864372.496
a 10 58 0 1 10761751710565.178
a 10 59 0 1 19202919310335.785
a 10 60 0 1 20141924954686.016
a 10 61 0 1 14429585072609.562
a 10 62 0 1 10609775378568.236
a 10 63 0 1 11513792935592.72
a 10 64 0 1 4613020437623.41
a 10 65 0 1 10579750471786.947
a 10 66 0 1 17563827067061.963
a 10 67 0 1 10359402124029.12
a 10 68 0 1 10877727022641.445
a 10 69 0 1 18909088253865.664
a 10 70 0 1 9287298648368.84
a 10 71 0 1 6148226337022.915
a 10 72 0 1 10494690691695.072
a 10 73 0 1 15776620571550.814
a 10 74 0 1 12034747172511.984
a 10 75 0 1 9922333050702.098
a 10 76 0 1 5585002638071.788
a 10 77 0 1 15274988500753.387
a 10 78 0 1 4244804013431.0093
a 10 79 0 1 17138952891482.332
a 10 80 0 1 13080665592353.7
a 10 81 0 1 9554663920675.186
a 11 30 0 1 8043869994017.473
a 11 31 0 1 28349051758701.656
a 11 32 0 1 20898578636884.29
a 11 33 0 1 25792272135653.44
a 11 34 0 1 24518568754183.676
a 11 35 0 1 6243556953243.188
a 11 36 0 1 24848295669543.566
a 11 37 0 1 8184242917095.063
a 11 38 0 1 18096038952983.3
a 11 39 0 1 17299634913899.291
a 11 40 0 1 23298392278640.402
a 11 41 0 1 26165707465559.18
a 11 42 0 1 6061726102994.33
a 11 43 0 1 28282928997595.54
a 11 44 0 1 23274197528191.125
a 11 45 0 1 14190840828446.713
a 11 46 0 1 7468587494990.346
a 11 47 0 1 10054479160357.375
a 11 48 0 1 15487374611741.969
a 11 49 0 1 14348122130006.674
a 11 50 0 1 12240557717867.81
a 11 51 0 1 11218727177246.494
a 11 52 0 1 19516743400643.02
a 11 53 0 1 11432436046803.262
a 11 54 0 1 20124222558731.656
a 11 55 0 1 14671108940604.773
a 11 56 0 1 13814988209589.379
a 11 57 0 1 10933241688417.783
a 11 58 0 1 14711643033412.457
a 11 59 0 1 26260357467855.277
a 11 60 0 1 27545561467095.496
a 11 61 0 1 19728744105877.336
a 11 62 0 1 14503793541888.814
a 11 63 0 1 15740206928348.47
a 11 64 0 1 6304501429659.221
a 11 65 0 1 14462730479955.79
a 11 66 0 1 24017200082155.83
a 11 67 0 1 14161377938374.15
a 11 68 0 1 14870257751409.7
a 11 69 0 1 25858216019872.266
a 11 70 0 1 12695229268153.135
a 11 71 0 1 8403174368544.678
a 11 72 0 1 14346400460009.646
a 11 73 0 1 21571698396242.902
a 11 74 0 1 16452752438253.117
a 11 75 0 1 13563650690097.303
a 11 76 0 1 7633198897934.496
a 11 77 0 1 20885363028342.227
a 11 78 0 1 5801178910785.849
a 11 79 0 1 23435795221811.58
a 11 80 0 1 17883423066693.477
a 11 81 0 1 13060850590465.26
a 12 30 0 1 6927902473567.935
a 12 31 0 1 24408112377697.758
a 12 32 0 1 17995512083219.273
a 12 33 0 1 22207672403629.73
a 12 34 0 1 21111418331725.227
a 12 35 0 1 5377510782207.14
a 12 36 0 1 21395212778421.246
a 12 37 0 1 7048784930143.744
a 12 38 0 1 15582977923739.873
a 12 39 0 1 14897363110488.107
a 12 40 0 1 20061191921443.016
a 12 41 0 1 22529073124399.45
a 12 42 0 1 5220916921455.936
a 12 43 0 1 24351207453126.438
a 12 44 0 1 20040366677358.24
a 12 45 0 1 12220871710996.025
a 12 46 0 1 6432490995953.802
a 12 47 0 1 8659291283119.282
a 12 48 0 1 13337144486013.346
a 12 49 0 1 12356288187416.35
a 12 50 0 1 10541655098879.463
a 12 51 0 1 9661805191504.68
a 12 52 0 1 16806002137158.697
a 12 53 0 1 9845822161382.947
a 12 54 0 1 17328938191854.125
a 12 55 0 1 12634372099377.537
a 12 56 0 1 11897266355030.75
a 12 57 0 1 9415982010746.648
a 12 58 0 1 12669270779882.945
a 12 59 0 1 22610533950646.258
a 12 60 0 1 23716624382483.348
a 12 61 0 1 16988499780740.393
a 12 62 0 1 12490317905369.041
a 12 63 0 1 13554819363106.258
a 12 64 0 1 5429996341271.649
a 12 65 0 1 12454963562224.086
a 12 66 0 1 20679886859115.805
a 12 67 0 1 12195504597144.588
a 12 68 0 1 12805833025101.164
a 12 69 0 1 22264427923980.04
a 12 70 0 1 10933142000280.367
a 12 71 0 1 7237317156193.85
a 12 72 0 1 12354805863060.348
a 12 73 0 1 18574927241125.793
a 12 74 0 1 14168272821702.885
a 12 75 0 1 11680865085587.688
a 12 76 0 1 6574249025824.553
a 12 77 0 1 17984136086552.55
a 12 78 0 1 4996530470616.31
a 12 79 0 1 20179458998487.035
a 12 80 0 1 15399941134556.973
a 12 81 0 1 11247949645229.395
a 13 30 0 1 10530349053946.434
a 13 31 0 1 37139061908323.78
a 13 32 0 1 27371180251201.246
a 13 33 0 1 33786429452723.79
a 13 34 0 1 32116487600619.13
a 13 35 0 1 8173008832192.071
a 13 36 0 1 32548775186765.086
a 13 37 0 1 10714166872741.887
a 13 38 0 1 23698281535314.2
a 13 39 0 1 22654679872148.684
a 13 40 0 1 30516867285347.152
a 13 41 0 1 34276066278235.31
a 13 42 0 1 7934935282581.887
a 13 43 0 1 37052349270775.19
a 13 44 0 1 30485149996077.85
a 13 45 0 1 18581508519343.035
a 13 46 0 1 9777037977449.918
a 13 47 0 1 13163409751017.727
a 13 48 0 1 20280129375329.18
a 13 49 0 1 18787558246737.625
a 13 50 0 1 16026690669060.299
a 13 51 0 1 14688262383581.521
a 13 52 0 1 25560109134007.348
a 13 53 0 1 14968177437455.988
a 13 54 0 1 26356265912861.21
a 13 55 0 1 19210701269322.176
a 13 56 0 1 18089124141461.94
a 13 57 0 1 14314341247655.102
a 13 58 0 1 19263805422763.492
a 13 59 0 1 34400170507585.645
a 13 60 0 1 36085401721262.56
a 13 61 0 1 25837951442633.887
a 13 62 0 1 18991501182250.484
a 13 63 0 1 20611389549176.56
a 13 64 0 1 8252804935282.807
a 13 65 0 1 18937704820057.336
a 13 66 0 1 31459189112253.03
a 13 67 0 1 18542910288421.49
a 13 68 0 1 19471609758078.184
a 13 69 0 1 33872892076550.76
a 13 70 0 1 16622266250489.164
a 13 71 0 1 11000860461754.934
a 13 72 0 1 18785302723670.965
a 13 73 0 1 28253454293005.02
a 13 74 0 1 21544996815923.387
a 13 75 0 1 17759867694867.434
a 13 76 0 1 9992587344997.365
a 13 77 0 1 27353858664759.58
a 13 78 0 1 7593802753826.177
a 13 79 0 1 30696992065457.895
a 13 80 0 1 23419665517924.164
a 13 81 0 1 17101208698113.107
a 14 30 0 1 6998540454508.237
a 14 31 0 1 24657488104577.793
a 14 32 0 1 18179233599338.543
a 14 33 0 1 22434508298796.348
a 14 34 0 1 21327029240159.074
a 14 35 0 1 5432330837966.78
a 14 36 0 1 21613729297847.03
a 14 37 0 1 7120656458294.784
a 14 38 0 1 15742024501375.422
a 14 39 0 1 15049399877216.973
a 14 40 0 1 20266051823256.5
a 14 41 0 1 22759200513588.074
a 14 42 0 1 5274139640060.081
a 14 43 0 1 24600000138778.96
a 14 44 0 1 20245013420897.93
a 14 45 0 1 12345554395656.633
a 14 46 0 1 6498073903868.353
a 14 47 0 1 8747600562234.78
a 14 48 0 1 13473233550050.938
a 14 49 0 1 12482354436682.51
a 14 50 0 1 10649184668493.816
a 14 51 0 1 9760349812271.348
a 14 52 0 1 16977555842218.27
a 14 53 0 1 9946245794972.453
a 14 54 0 1 17505840733070.836
a 14 55 0 1 12763279698323.09
a 14 56 0 1 12018642905706.639
a 14 57 0 1 9512016635735.281
a 14 58 0 1 12798534972505.137
a 14 59 0 1 22841495626658.707
a 14 60 0 1 23958915726819.71
a 14 61 0 1 17161920083704.27
a 14 62 0 1 12617753593496.047
a 14 63 0 1 13693133033456.734
a 14 64 0 1 5485351789490.151
a 14 65 0 1 12582038015784.51
a 14 66 0 1 20891079928194.16
a 14 67 0 1 12319928108140.0
a 14 68 0 1 12936492634494.18
a 14 69 0 1 22491845039704.0
a 14 70 0 1 11044669990412.387
a 14 71 0 1 7311112634086.506
a 14 72 0 1 12480856967023.719
a 14 73 0 1 18764576967279.074
a 14 74 0 1 14312856505293.688
a 14 75 0 1 11800030898262.412
a 14 76 0 1 6641278342939.126
a 14 77 0 1 18167741218654.383
a 14 78 0 1 5047464434524.597
a 14 79 0 1 20385529450995.723
a 14 80 0 1 15557116211964.02
a 14 81 0 1 11362693162487.53
a 15 30 0 1 6885690470073.454
a 15 31 0 1 24259094768991.934
a 15 32 0 1 17885725649953.688
a 15 33 0 1 22072123193523.984
a 15 34 0 1 20982576515729.41
a 15 35 0 1 5344751194703.784
a 15 36 0 1 21264634736955.516
a 15 37 0 1 7005835790478.476
a 15 38 0 1 15487936057684.816
a 15 39 0 1 14806509997748.004
a 15 40 0 1 19938774302791.36
a 15 41 0 1 22391557115650.85
a 15 42 0 1 5189111867715.54
a 15 43 0 1 24202538232111.24
a 15 44 0 1 19918076430367.4
a 15 45 0 1 12146364292550.762
a 15 46 0 1 6393299777927.612
a 15 47 0 1 8606519397046.537
a 15 48 0 1 13255821056095.799
a 15 49 0 1 12280954002711.615
a 15 50 0 1 10477397772878.928
a 15 51 0 1 9602916977691.957
a 15 52 0 1 16703486591127.506
a 15 53 0 1 9785811109365.668
a 15 54 0 1 17223226439609.875
a 15 55 0 1 12557340032108.023
a 15 56 0 1 11824734559822.285
a 15 57 0 1 9358593691662.553
a 15 58 0 1 12592025625914.143
a 15 59 0 1 22472519422703.797
a 15 60 0 1 23571839947207.523
a 15 61 0 1 16884868845218.268
a 15 62 0 1 12414165395833.8
a 15 63 0 1 13472166597767.914
a 15 64 0 1 5396916815064.645
a 15 65 0 1 12379026912753.363
a 15 66 0 1 20553684892560.027
a 15 67 0 1 12121152051197.986
a 15 68 0 1 12727754023869.787
a 15 69 0 1 22128531411293.58
a 15 70 0 1 10866495354380.898
a 15 71 0 1 7193218314182.607
a 15 72 0 1 12279480728616.953
a 15 73 0 1 18461598412025.477
a 15 74 0 1 14081873354027.336
a 15 75 0 1 11609654346881.744
a 15 76 0 1 6534193469189.687
a 15 77 0 1 17874419198514.273
a 15 78 0 1 4966093127621.285
a 15 79 0 1 20056318021504.504
a 15 80 0 1 15306017593302.98
a 15 81 0 1 11179381512404.24
a 16 30 0 1 8079518351164.458
a 16 31 0 1 28474983003533.055
a 16 32 0 1 20991333603775.605
a 16 33 0 1 25906811830193.45
a 16 34 0 1 24627436066921.53
a 16 35 0 1 6271221025830.252
a 16 36 0 1 24958631246254.78
a 16 37 0 1 8220513959788.202
a 16 38 0 1 18176329255161.562
a 16 39 0 1 17376384578048.217
a 16 40 0 1 23401827156214.67
a 16 41 0 1 26281910554667.26
a 16 42 0 1 6088583951067.8545
a 16 43 0 1 28408565552291.477
a 16 44 0 1 23377524702082.617
a 16 45 0 1 14253775714489.559
a 16 46 0 1 7501684145976.812
a 16 47 0 1 10099048383789.3
a 16 48 0 1 15556069793387.049
a 16 49 0 1 14411755700070.467
a 16 50 0 1 12294831055579.008
a 16 51 0 1 11268463946342.488
a 16 52 0 1 19603351463424.945
a 16 53 0 1 11483121519537.059
a 16 54 0 1 20213532667066.277
a 16 55 0 1 14736177380894.111
a 16 56 0 1 13876253564501.271
a 16 57 0 1 10981711193839.588
a 16 58 0 1 14776891554145.7
a 16 59 0 1 26376982179690.203
a 16 60 0 1 27667912092048.78
a 16 61 0 1 19816295097083.19
a 16 62 0 1 14568118669456.055
a 16 63 0 1 15810025605470.523
a 16 64 0 1 6332435733124.297
a 16 65 0 1 14526873185813.416
a 16 66 0 1 24123835029934.316
a 16 67 0 1 14224181945503.361
a 16 68 0 1 14936210964526.494
a 16 69 0 1 25973049438090.57
a 16 70 0 1 12751521532499.314
a 16 71 0 1 8440416617875.758
a 16 72 0 1 14410026381834.816
a 16 73 0 1 21667448355490.46
a 16 74 0 1 16525737763705.168
a 16 75 0 1 13623799688866.69
a 16 76 0 1 7667025659751.564
a 16 77 0 1 20978059198110.773
a 16 78 0 1 5826881571015.576
a 16 79 0 1 23539841764283.848
a 16 80 0 1 17962768061367.27
a 16 81 0 1 13118766516221.447
a 17 30 0 1 2336919291376.698
a 17 31 0 1 8222367246643.373
a 17 32 0 1 6065120337075.858
a 17 33 0 1 7482360917950.528
a 17 34 0 1 7113598613150.202
a 17 35 0 1 1814155891066.654
a 17 36 0 1 7209068443647.494
a 17 37 0 1 2377673421631.013
a 17 38 0 1 5252978444098.967
a 17 39 0 1 5022122326646.673
a 17 40 0 1 6760261338007.179
a 17 41 0 1 7590463261001.094
a 17 42 0 1 1761348459835.3218
a 17 43 0 1 8203233297171.554
a 17 44 0 1 6753254337403.935
a 17 45 0 1 4120678760679.1235
a 17 46 0 1 2169889152691.027
a 17 47 0 1 2920565380873.8564
a 17 48 0 1 4496684745809.649
a 17 49 0 1 4166295943033.0527
a 17 50 0 1 3554929708317.9414
a 17 51 0 1 3258439370120.0015
a 17 52 0 1 5664727820010.198
a 17 53 0 1 3320452392020.6655
a 17 54 0 1 5840758582548.854
a 17 55 0 1 4259969950750.629
a 17 56 0 1 4011663356828.2354
a 17 57 0 1 3175595171172.9575
a 17 58 0 1 4271725471334.3145
a 17 59 0 1 7617861566468.614
a 17 60 0 1 7989847160157.018
a 17 61 0 1 5726161783790.247
a 17 62 0 1 4211445045072.8145
a 17 63 0 1 4569999013458.444
a 17 64 0 1 1831855073652.1765
a 17 65 0 1 4199535709998.9873
a 17 66 0 1 6968421395787.0625
a 17 67 0 1 4112133342178.452
a 17 68 0 1 4317725470360.004
a 17 69 0 1 7501450883826.506
a 17 70 0 1 3686839502044.394
a 17 71 0 1 2441233392922.843
a 17 72 0 1 4165796603728.4307
a 17 73 0 1 6260126820129.688
a 17 74 0 1 4776600885193.041
a 17 75 0 1 3938759605581.844
a 17 76 0 1 2217684780138.1177
a 17 77 0 1 6061291487971.471
a 17 78 0 1 1685677443849.027
a 17 79 0 1 6800053845190.785
a 17 80 0 1 5191349756978.212
a 17 81 0 1 3792906837748.846
a 18 30 0 1 10406046926648.676
a 18 31 0 1 36699335442842.5
a 18 32 0 1 27047465863786.766
a 18 33 0 1 33386550905271.01
a 18 34 0 1 31736445911279.535
a 18 35 0 1 8076559051256.561
a 18 36 0 1 32163599174835.113
a 18 37 0 1 10587692280982.36
a 18 38 0 1 23418123111886.957
a 18 39 0 1 22386890614198.074
a 18 40 0 1 30155820054291.387
a 18 41 0 1 33870370017616.89
a 18 42 0 1 7841297547677.374
a 18 43 0 1 36613653816607.15
a 18 44 0 1 30124479317460.04
a 18 45 0 1 18361967951224.574
a 18 46 0 1 9661637963573.74
a 18 47 0 1 13007979928619.908
a 18 48 0 1 20040473254861.992
a 18 49 0 1 18565577993333.02
a 18 50 0 1 15837390345660.258
a 18 51 0 1 14514797426070.707
a 18 52 0 1 25257876323571.535
a 18 53 0 1 14791401115731.865
a 18 54 0 1 26044590773903.363
a 18 55 0 1 18983710527830.24
a 18 56 0 1 17875413076207.125
a 18 57 0 1 14145299406911.992
a 18 58 0 1 19036185834450.94
a 18 59 0 1 33992999575980.04
a 18 60 0 1 35658201873774.84
a 18 61 0 1 25532423648431.133
a 18 62 0 1 18767106075919.484
a 18 63 0 1 20367809645314.18
a 18 64 0 1 8155412595081.546
a 18 65 0 1 18713946718002.117
a 18 66 0 1 31086953254718.79
a 18 67 0 1 18323826721223.605
a 18 68 0 1 19241529326945.88
a 18 69 0 1 33471986254089.465
a 18 70 0 1 16425917934568.719
a 18 71 0 1 10870997379269.89
a 18 72 0 1 18563349176896.887
a 18 73 0 1 27919271820972.383
a 18 74 0 1 21290356723838.953
a 18 75 0 1 17550054442127.5
a 18 76 0 1 9874640272431.031
a 18 77 0 1 27030349775032.773
a 18 78 0 1 7504194098021.498
a 18 79 0 1 30333806314333.207
a 18 80 0 1 23142809645339.29
a 18 81 0 1 16899191923706.838
a 19 30 0 1 4493481123630.177
a 19 31 0 1 15820054431376.184
a 19 32 0 1 11666774491730.625
a 19 33 0 1 14395128305813.129
a 19 34 0 1 13685138472870.465
a 19 35 0 1 3488106097450.84
a 19 36 0 1 13868944232565.203
a 19 37 0 1 4571863885258.534
a 19 38 0 1 10103677514153.59
a 19 39 0 1 9659407317146.24
a 19 40 0 1 13004899268567.7
a 19 41 0 1 14603271770706.213
a 19 42 0 1 3386553416320.955
a 19 43 0 1 15783208045171.527
a 19 44 0 1 12991410022144.096
a 19 45 0 1 7924836612363.073
a 19 46 0 1 4172237747788.09
a 19 47 0 1 5616077346928.727
a 19 48 0 1 8648312299226.366
a 19 49 0 1 8012605859671.076
a 19 50 0 1 6836384042913.144
a 19 51 0 1 6266014415891.585
a 19 52 0 1 10896121270084.46
a 19 53 0 1 6385308226244.769
a 19 54 0 1 11234927386722.346
a 19 55 0 1 8192840993903.976
a 19 56 0 1 7715090151687.975
a 19 57 0 1 6106650340122.64
a 19 58 0 1 8215459665262.521
a 19 59 0 1 14656026044135.178
a 19 60 0 1 15372298985620.75
a 19 61 0 1 11014361675721.191
a 19 62 0 1 8099475340928.469
a 19 63 0 1 8789383526707.955
a 19 64 0 1 3522143218200.752
a 19 65 0 1 8076561011036.191
a 19 66 0 1 13405639446254.379
a 19 67 0 1 7908394986873.352
a 19 68 0 1 8303968314993.644
a 19 69 0 1 14431884345016.338
a 19 70 0 1 7090155441775.205
a 19 71 0 1 4694110668398.785
a 19 72 0 1 8011645106661.951
a 19 73 0 1 12042135906115.75
a 19 74 0 1 9186938445971.459
a 19 75 0 1 7574825497931.001
a 19 76 0 1 4264160284861.144
a 19 77 0 1 11659404625020.902
a 19 78 0 1 3241034320685.3994
a 19 79 0 1 13081504601034.406
a 19 80 0 1 9985074280182.66
a 19 81 0 1 7294215631052.866
a 20 30 0 1 5627961155706.676
a 20 31 0 1 19820715430082.402
a 20 32 0 1 14615363296745.666
a 20 33 0 1 18034697492926.25
a 20 34 0 1 17144843917509.297
a 20 35 0 1 4368628981116.252
a 20 36 0 1 17375210177416.797
a 20 37 0 1 5726146452108.293
a 20 38 0 1 12656642852367.621
a 20 39 0 1 12099959398832.66
a 20 40 0 1 16292312347295.223
a 20 41 0 1 18295577519603.496
a 20 42 0 1 4241428246232.748
a 20 43 0 1 19774529897539.527
a 20 44 0 1 16275406859143.25
a 20 45 0 1 9926629875950.766
a 20 46 0 1 5225563883517.407
a 20 47 0 1 7034211570253.84
a 20 48 0 1 10833081695935.723
a 20 49 0 1 10036595038292.627
a 20 50 0 1 8562965850325.148
a 20 51 0 1 7848414743539.878
a 20 52 0 1 13649633659495.51
a 20 53 0 1 7997862402004.3545
a 20 54 0 1 14074196849685.398
a 20 55 0 1 10262411495180.291
a 20 56 0 1 9663843028381.56
a 20 57 0 1 7648769893850.735
a 20 58 0 1 10290750577986.246
a 20 59 0 1 18361698456940.91
a 20 60 0 1 19259477873604.902
a 20 61 0 1 13797801590058.68
a 20 62 0 1 10145433446664.258
a 20 63 0 1 11009836067173.621
a 20 64 0 1 4411262654536.692
a 20 65 0 1 10116724125481.56
a 20 66 0 1 16794548716903.275
a 20 67 0 1 9906030399642.629
a 20 68 0 1 10401644008904.318
a 20 69 0 1 18080766047395.285
a 20 70 0 1 8880894742180.596
a 20 71 0 1 5879278421838.8
a 20 72 0 1 10035391317958.805
a 20 73 0 1 15085756127350.057
a 20 74 0 1 11507957996872.77
a 20 75 0 1 9488110239026.242
a 20 76 0 1 5340707523037.612
a 20 77 0 1 14606127680997.514
a 20 78 0 1 4059158288188.003
a 20 79 0 1 16388318743915.303
a 20 80 0 1 12508028147364.613
a 20 81 0 1 9136548037673.033
a 21 30 0 1 6520663853050.483
a 21 31 0 1 22970623781081.758
a 21 32 0 1 16936423092588.627
a 21 33 0 1 20900088302142.43
a 21 34 0 1 19868529237321.855
a 21 35 0 1 5061460993904.606
a 21 36 0 1 20135577139376.31
a 21 37 0 1 6634435121871.88
a 21 38 0 1 14666113531771.525
a 21 39 0 1 14020903769292.248
a 21 40 0 1 18880267118704.426
a 21 41 0 1 21202518771349.56
a 21 42 0 1 4914075754632.415
a 21 43 0 1 22917079058235.004
a 21 44 0 1 18860670439963.188
a 21 45 0 1 11502087472236.582
a 21 46 0 1 6054394145716.55
a 21 47 0 1 8150181968654.29
a 21 48 0 1 12552610485711.059
a 21 49 0 1 11629528608722.219
a 21 50 0 1 9921748713569.828
a 21 51 0 1 9093692928586.117
a 21 52 0 1 15817046865017.572
a 21 53 0 1 9266878188641.684
a 21 54 0 1 16309152743322.617
a 21 55 0 1 11891234062519.111
a 21 56 0 1 11197539873736.062
a 21 57 0 1 8862338855506.494
a 21 58 0 1 11924077226911.79
a 21 59 0 1 21279171270448.6
a 21 60 0 1 22319964931096.426
a 21 61 0 1 15988785588901.076
a 21 62 0 1 11755664429289.574
a 21 63 0 1 12757462206830.736
a 21 64 0 1 5110860029689.721
a 21 65 0 1 11722392359725.383
a 21 66 0 1 19462460211723.418
a 21 67 0 1 11478214326011.404
a 21 68 0 1 12052595869724.586
a 21 69 0 1 20953493999168.984
a 21 70 0 1 10290186781724.045
a 21 71 0 1 6811876135472.629
a 21 72 0 1 11628133586978.152
a 21 73 0 1 17481669281822.049
a 21 74 0 1 13334774067947.611
a 21 75 0 1 10993882156087.674
a 21 76 0 1 6187813810767.752
a 21 77 0 1 16925717912329.662
a 21 78 0 1 4702883975544.211
a 21 79 0 1 18991557037586.957
a 21 80 0 1 14493864160427.549
a 21 81 0 1 10586458674422.232
a 22 30 0 1 6551316434539.809
a 22 31 0 1 23078810729804.793
a 22 32 0 1 17016134488183.908
a 22 33 0 1 20998499858845.312
a 22 34 0 1 19962072354653.258
a 22 35 0 1 5085250083282.276
a 22 36 0 1 20230380476887.016
a 22 37 0 1 6665622934146.346
a 22 38 0 1 14735121563681.734
a 22 39 0 1 14086870988529.537
a 22 40 0 1 18969147226031.48
a 22 41 0 1 21302357867844.83
a 22 42 0 1 4937171733077.948
a 22 43 0 1 23025013153147.27
a 22 44 0 1 18949458093219.04
a 22 45 0 1 11556188091834.045
a 22 46 0 1 6082853333734.918
a 22 47 0 1 8188501874272.637
a 22 48 0 1 12611659468876.664
a 22 49 0 1 11684229460523.762
a 22 50 0 1 9968407600572.684
a 22 51 0 1 9136453630320.656
a 22 52 0 1 15891480264111.904
a 22 53 0 1 9310454121793.44
a 22 54 0 1 16385906313763.273
a 22 55 0 1 11947167570564.02
a 22 56 0 1 11250206182972.066
a 22 57 0 1 8904010559923.834
a 22 58 0 1 11980165434488.04
a 22 59 0 1 21379372199834.004
a 22 60 0 1 22425079491023.207
a 22 61 0 1 16064028668426.85
a 22 62 0 1 11810959382842.547
a 22 63 0 1 12817476259763.297
a 22 64 0 1 5134881433992.972
a 22 65 0 1 11777530599610.232
a 22 66 0 1 19554087206388.39
a 22 67 0 1 11532202507970.293
a 22 68 0 1 12109289443599.602
a 22 69 0 1 21052157635505.04
a 22 70 0 1 10338580381126.172
a 22 71 0 1 6843898737524.823
a 22 72 0 1 11682827868301.992
a 22 73 0 1 17563952075289.475
a 22 74 0 1 13397508120645.445
a 22 75 0 1 11045589366631.248
a 22 76 0 1 6216900598114.337
a 22 77 0 1 17005378825211.125
a 22 78 0 1 4724986820210.712
a 22 79 0 1 19080962201328.49
a 22 80 0 1 14562060352906.441
a 22 81 0 1 10636247314369.312
a 23 30 0 1 9614870201464.244
a 23 31 0 1 33901247094992.46
a 23 32 0 1 24987388526779.777
a 23 33 0 1 30841938785616.203
a 23 34 0 1 29318024231812.28
a 23 35 0 1 7462646598000.616
a 23 36 0 1 29712515543696.785
a 23 37 0 1 9782689412652.322
a 23 38 0 1 21635164581827.273
a 23 39 0 1 20682632922269.473
a 23 40 0 1 27858233938777.53
a 23 41 0 1 31288749828474.02
a 23 42 0 1 7245282626137.455
a 23 43 0 1 33822123609687.766
a 23 44 0 1 27829288725550.867
a 23 45 0 1 16964716213746.97
a 23 46 0 1 8927117194031.404
a 23 47 0 1 12018703114470.959
a 23 48 0 1 18515223396651.973
a 23 49 0 1 17152801958755.336
a 23 50 0 1 14632569800909.912
a 23 51 0 1 13410747804409.117
a 23 52 0 1 23334469996790.504
a 23 53 0 1 13666278866279.027
a 23 54 0 1 24061109446665.625
a 23 55 0 1 17539051768517.707
a 23 56 0 1 16515256110469.828
a 23 57 0 1 13069397490704.193
a 23 58 0 1 17587525617812.28
a 23 59 0 1 31401998658103.938
a 23 60 0 1 32939794636505.22
a 23 61 0 1 23588053511478.324
a 23 62 0 1 17338963821683.95
a 23 63 0 1 18817592704053.227
a 23 64 0 1 7535501153740.843
a 23 65 0 1 17289857850517.932
a 23 66 0 1 28718188855806.9
a 23 67 0 1 16929482996320.873
a 23 68 0 1 17777210397569.45
a 23 69 0 1 30920839329749.133
a 23 70 0 1 15176247214657.549
a 23 71 0 1 10044429354055.367
a 23 72 0 1 17150743082609.3
a 23 73 0 1 25792595790675.34
a 23 74 0 1 19669764559834.703
a 23 75 0 1 16214700561866.77
a 23 76 0 1 9123909102634.307
a 23 77 0 1 24971579840655.234
a 23 78 0 1 6933822778493.315
a 23 79 0 1 28022615548114.57
a 23 80 0 1 21380863973593.203
a 23 81 0 1 15613450136102.574
a 24 30 0 1 2788501687922.1094
a 24 31 0 1 9812529424321.566
a 24 32 0 1 7237734682630.225
a 24 33 0 1 8929262621471.137
a 24 34 0 1 8489121178463.435
a 24 35 0 1 2164695180035.2793
a 24 36 0 1 8603069845393.999
a 24 37 0 1 2837133651195.1416
a 24 38 0 1 6268462075606.9
a 24 39 0 1 5992947027674.239
a 24 40 0 1 8067397282933.861
a 24 41 0 1 9058291066864.951
a 24 42 0 1 2101681592357.1533
a 24 43 0 1 9789690898122.518
a 24 44 0 1 8059034180391.815
a 24 45 0 1 4917147055459.5625
a 24 46 0 1 2589185300649.446
a 24 47 0 1 3484975835760.4043
a 24 48 0 1 5365874530710.662
a 24 49 0 1 4971586434855.533
a 24 50 0 1 4241993385446.8643
a 24 51 0 1 3888174502957.118
a 24 52 0 1 6759871070827.726
a 24 53 0 1 3962177803419.2925
a 24 54 0 1 6969960600409.465
a 24 55 0 1 5083377001450.42
a 24 56 0 1 4787048917187.945
a 24 57 0 1 3789312615733.2695
a 24 58 0 1 5097406073373.85
a 24 59 0 1 9090993146550.254
a 24 60 0 1 9534991802706.723
a 24 61 0 1 6833191207707.145
a 24 62 0 1 5025467317802.48
a 24 63 0 1 5453369029926.03
a 24 64 0 1 2185815138295.4507
a 24 65 0 1 5011254721426.33
a 24 66 0 1 8315844850322.932
a 24 67 0 1 4906948996419.561
a 24 68 0 1 5152302674518.191
a 24 69 0 1 8952047916070.125
a 24 70 0 1 4399410389990.212
a 24 71 0 1 2912980034030.458
a 24 72 0 1 4970990524549.856
a 24 73 0 1 7470475641429.905
a 24 74 0 1 5699932769306.279
a 24 75 0 1 4700046497726.043
a 24 76 0 1 2646219477757.803
a 24 77 0 1 7233164957304.027
a 24 78 0 1 2011385805233.2256
a 24 79 0 1 8114891094312.925
a 24 80 0 1 6194911091255.004
a 24 81 0 1 4525988487453.385
a 25 30 0 1 5947976474979.715
a 25 31 0 1 20949703715166.52
a 25 32 0 1 15447327104801.5
a 25 33 0 1 19061730752108.27
a 25 34 0 1 18121096329718.445
a 25 35 0 1 4616998490253.013
a 25 36 0 1 18364607735351.133
a 25 37 0 1 6051748642977.204
a 25 38 0 1 13376936813318.248
a 25 39 0 1 12788525641948.271
a 25 40 0 1 17219924064650.229
a 25 41 0 1 19337500379103.43
a 25 42 0 1 4482562283709.678
a 25 43 0 1 20900881118240.938
a 25 44 0 1 17202054145718.428
a 25 45 0 1 10491370123850.531
a 25 46 0 1 5522683667087.388
a 25 47 0 1 7434257112217.459
a 25 48 0 1 11449459302091.838
a 25 49 0 1 10607599005915.174
a 25 50 0 1 9050044431925.062
a 25 51 0 1 8294809405508.759
a 25 52 0 1 14426532992683.012
a 25 53 0 1 8452765480488.472
a 25 54 0 1 14875302553480.004
a 25 55 0 1 10846278707496.559
a 25 56 0 1 10213615367674.398
a 25 57 0 1 8083798774657.939
a 25 58 0 1 10876232127166.633
a 25 59 0 1 19407395286884.633
a 25 60 0 1 20356423076771.52
a 25 61 0 1 14583148398876.867
a 25 62 0 1 10722637118106.281
a 25 63 0 1 11636284072801.041
a 25 64 0 1 4662057315625.334
a 25 65 0 1 10692292427330.05
a 25 66 0 1 17750814017805.23
a 25 67 0 1 10469597300517.617
a 25 68 0 1 10993442713365.592
a 25 69 0 1 19110428578123.508
a 25 70 0 1 9386077303348.566
a 25 71 0 1 6213594288242.684
a 25 72 0 1 10606326719625.672
a 25 73 0 1 15944545726369.25
a 25 74 0 1 12162788320655.68
a 25 75 0 1 10027873660455.99
a 25 76 0 1 5644378502021.051
a 25 77 0 1 15437564826611.934
a 25 78 0 1 4289924779776.932
a 25 79 0 1 17321407546318.764
a 25 80 0 1 13219851514214.213
a 25 81 0 1 9656289404945.184
a 26 30 0 1 5912649662995.8545
a 26 31 0 1 20825063239472.28
a 26 32 0 1 15355480970014.525
a 26 33 0 1 18948347310546.31
a 26 34 0 1 18013319603280.72
a 26 35 0 1 4589580932282.975
a 26 36 0 1 18255379658499.53
a 26 37 0 1 6015805070068.901
a 26 38 0 1 13297419580801.012
a 26 39 0 1 12712511254627.2
a 26 40 0 1 17117517704379.508
a 26 41 0 1 19222472965183.414
a 26 42 0 1 4455943470577.059
a 26 43 0 1 20776531808435.258
a 26 44 0 1 17099754266659.174
a 26 45 0 1 10429026318973.084
a 26 46 0 1 5489884393161.529
a 26 47 0 1 7390095321718.931
a 26 48 0 1 11381414694706.826
a 26 49 0 1 10544563684966.0
a 26 50 0 1 8996274418853.57
a 26 51 0 1 8245530813306.227
a 26 52 0 1 14340766282937.588
a 26 53 0 1 8402547579735.779
a 26 54 0 1 14786863333901.938
a 26 55 0 1 10781823278645.85
a 26 56 0 1 10152924019694.578
a 26 57 0 1 8035774934580.345
a 26 58 0 1 10811598474546.857
a 26 59 0 1 19291951185154.67
a 26 60 0 1 20235320559567.973
a 26 61 0 1 14496449045175.99
a 26 62 0 1 10658917347581.299
a 26 63 0 1 11567127678846.994
a 26 64 0 1 4634372037788.098
a 26 65 0 1 10628753202291.455
a 26 66 0 1 17645244053043.59
a 26 67 0 1 10407383033319.014
a 26 68 0 1 10928111642409.676
a 26 69 0 1 18996754837008.918
a 26 70 0 1 9330308636213.957
a 26 71 0 1 6176688770467.358
a 26 72 0 1 10543298968377.979
a 26 73 0 1 15849737849849.49
a 26 74 0 1 12090498465660.494
a 26 75 0 1 9968287294039.47
a 26 76 0 1 5610856014268.064
a 26 77 0 1 15345776838619.693
a 26 78 0 1 4264450468234.0103
a 26 79 0 1 17218396469723.56
a 26 80 0 1 13141269465584.771
a 26 81 0 1 9598913460571.318
a 27 30 0 1 2627771509783.461
a 27 31 0 1 9246500652384.334
a 27 32 0 1 6820347753397.793
a 27 33 0 1 8414233836344.948
a 27 34 0 1 7999502592457.029
a 27 35 0 1 2039929864458.3733
a 27 36 0 1 8106873019815.691
a 27 37 0 1 2673599447359.5015
a 27 38 0 1 5907009345764.619
a 27 39 0 1 5647391407209.758
a 27 40 0 1 7602123339873.304
a 27 41 0 1 8535812765256.955
a 27 42 0 1 1980548983598.287
a 27 43 0 1 9224980949959.043
a 27 44 0 1 7594242987416.295
a 27 45 0 1 4633655569076.943
a 27 46 0 1 2439947013851.786
a 27 47 0 1 3284085471924.8755
a 27 48 0 1 5056497202804.697
a 27 49 0 1 4684954626236.061
a 27 50 0 1 3997444890265.4385
a 27 51 0 1 3664032069631.999
a 27 52 0 1 6370061876989.995
a 27 53 0 1 3733767451791.4146
a 27 54 0 1 6568027392509.155
a 27 55 0 1 4790296465143.398
a 27 56 0 1 4511061959731.797
a 27 57 0 1 3570871638185.212
a 27 58 0 1 4803516247855.841
a 27 59 0 1 8566626742245.164
a 27 60 0 1 8984989156852.096
a 27 61 0 1 6439150859738.157
a 27 62 0 1 4735727367151.597
a 27 63 0 1 5138944093786.232
a 27 64 0 1 2059832254896.1255
a 27 65 0 1 4722334634071.863
a 27 66 0 1 7836229169248.209
a 27 67 0 1 4624045778444.763
a 27 68 0 1 4855246028024.641
a 27 69 0 1 8435703626670.016
a 27 70 0 1 4145782562250.996
a 27 71 0 1 2745072614221.451
a 27 72 0 1 4684393091070.564
a 27 73 0 1 7039656085744.007
a 27 74 0 1 5371282913002.159
a 27 75 0 1 4429078034803.82
a 27 76 0 1 2493692848955.0825
a 27 77 0 1 6816041762626.018
a 27 78 0 1 1895458624031.6416
a 27 79 0 1 7646875611222.806
a 27 80 0 1 5837702317127.103
a 27 81 0 1 4265059796291.1333
a 28 30 0 1 5245800973325.85
a 28 31 0 1 18472760524752.72
a 28 32 0 1 13621966074142.154
a 28 33 0 1 16808440156690.31
a 28 34 0 1 15979202955668.625
a 28 35 0 1 4072022384360.8086
a 28 36 0 1 16193877893037.82
a 28 37 0 1 5337315013283.957
a 28 38 0 1 11796559522610.469
a 28 39 0 1 11277754680744.22
a 28 40 0 1 15184734548657.379
a 28 41 0 1 17051546974134.656
a 28 42 0 1 3953461832031.8384
a 28 43 0 1 18429722618063.617
a 28 44 0 1 15168980331136.553
a 28 45 0 1 9252262487351.004
a 28 46 0 1 4870743346660.948
a 28 47 0 1 6556489481736.728
a 28 48 0 1 10097062726601.773
a 28 49 0 1 9354749098098.234
a 28 50 0 1 7981324368445.152
a 28 51 0 1 7315350201723.359
a 28 52 0 1 12721972665071.67
a 28 53 0 1 7454638657188.05
a 28 54 0 1 13117637951352.63
a 28 55 0 1 9565207592203.031
a 28 56 0 1 9007346630513.432
a 28 57 0 1 7129276368153.429
a 28 58 0 1 9591619258140.352
a 28 59 0 1 17113163072608.25
a 28 60 0 1 17949770188451.414
a 28 61 0 1 12860055840896.451
a 28 62 0 1 9456185409795.775
a 28 63 0 1 10261793896224.117
a 28 64 0 1 4111760088389.895
a 28 65 0 1 9429428625415.658
a 28 66 0 1 15652766511826.87
a 28 67 0 1 9233063928250.986
a 28 68 0 1 9694970417351.033
a 28 69 0 1 16851370229466.254
a 28 70 0 1 8277637278378.264
a 28 71 0 1 5480042062647.38
a 28 72 0 1 9353627241779.252
a 28 73 0 1 14060334812128.236
a 28 74 0 1 10726030077883.742
a 28 75 0 1 8843564101648.389
a 28 76 0 1 4978064146731.771
a 28 77 0 1 13613359181825.592
a 28 78 0 1 3783572253825.072
a 28 79 0 1 15274202791356.934
a 28 80 0 1 11658057503981.31
a 28 81 0 1 8515907639254.387
a 29 30 0 1 10033259363461.537
a 29 31 0 1 35380767850980.76
a 29 32 0 1 26076721256200.36
a 29 33 0 1 32187449631801.418
a 29 34 0 1 30596818297441.55
a 29 35 0 1 7787298194284.076
a 29 36 0 1 31008578043587.934
a 29 37 0 1 10208389780413.812
a 29 38 0 1 22577975925202.484
a 29 39 0 1 21583831866135.57
a 29 40 0 1 29073141486147.246
a 29 41 0 1 32653826636890.516
a 29 42 0 1 7560469885365.74
a 29 43 0 1 35298177199916.38
a 29 44 0 1 29042929736142.215
a 29 45 0 1 17703584970593.13
a 29 46 0 1 9315546812802.088
a 29 47 0 1 12541845714794.37
a 29 48 0 1 19321772145922.617
a 29 49 0 1 17899879357381.152
a 29 50 0 1 15269687313266.918
a 29 51 0 1 13994580140955.154
a 29 52 0 1 24351541036454.03
a 29 53 0 1 14261253936237.72
a 29 54 0 1 25109943909159.02
a 29 55 0 1 18302987462980.785
a 29 56 0 1 17234510545301.574
a 29 57 0 1 13638345911554.646
a 29 58 0 1 18353577117012.68
a 29 59 0 1 32772034993581.25
a 29 60 0 1 34377189320872.93
a 29 61 0 1 24616208758791.83
a 29 62 0 1 18094166263296.707
a 29 63 0 1 19637342881272.72
a 29 64 0 1 7863325051798.971
a 29 65 0 1 18042917024488.707
a 29 66 0 1 29970728908091.22
a 29 67 0 1 17666814108195.305
a 29 68 0 1 18551541566041.184
a 29 69 0 1 32269805096843.566
a 29 70 0 1 15837080204805.158
a 29 71 0 1 10481533263275.088
a 29 72 0 1 17897730623524.23
a 29 73 0 1 26917140676850.395
a 29 74 0 1 20526725676944.902
a 29 75 0 1 16920840012662.133
a 29 76 0 1 9520910763783.578
a 29 77 0 1 26060221315733.203
a 29 78 0 1 7235449493739.863
a 29 79 0 1 29244716001232.91
a 29 80 0 1 22312564981436.59
a 29 81 0 1 16293356381729.307
a 30 1 0 1 0
a 31 1 0 1 0
a 32 1 0 1 0
a 33 1 0 1 0
a 34 1 0 1 0
a 35 1 0 1 0
a 36 1 0 1 0
a 37 1 0 1 0
a 38 1 0 1 0
a 39 1 0 1 0
a 40 1 0 1 0
a 41 1 0 1 0
a 42 1 0 1 0
a 43 1 0 1 0
a 44 1 0 1 0
a 45 1 0 1 0
a 46 1 0 1 0
a 47 1 0 1 0
a 48 1 0 1 0
a 49 1 0 1 0
a 50 1 0 1 0
a 51 1 0 1 0
a 52 1 0 1 0
a 53 1 0 1 0
a 54 1 0 1 0
a 55 1 0 1 0
a 56 1 0 1 0
a 57 1 0 1 0
a 58 1 0 1 0
a 59 1 0 1 0
a 60 1 0 1 0
a 61 1 0 1 0
a 62 1 0 1 0
a 63 1 0 1 0
a 64 1 0 1 0
a 65 1 0 1 0
a 66 1 0 1 0
a 67 1 0 1 0
a 68 1 0 1 0
a 69 1 0 1 0
a 70 1 0 1 0
a 71 1 0 1 0
a 72 1 0 1 0
a 73 1 0 1 0
a 74 1 0 1 0
a 75 1 0 1 0
a 76 1 0 1 0
a 77 1 0 1 0
a 78 1 0 1 0
a 79 1 0 1 0
a 80 1 0 1 0
a 81 1 0 1 0
