p min 81 1507
n 0 28
n 1 -28
a 0 2 0 1 0
a 0 3 0 1 0
a 0 4 0 1 0
a 0 5 0 1 0
a 0 6 0 1 0
a 0 7 0 1 0
a 0 8 0 1 0
a 0 9 0 1 0
a 0 10 0 1 0
a 0 11 0 1 0
a 0 12 0 1 0
a 0 13 0 1 0
a 0 14 0 1 0
a 0 15 0 1 0
a 0 16 0 1 0
a 0 17 0 1 0
a 0 18 0 1 0
a 0 19 0 1 0
a 0 20 0 1 0
a 0 21 0 1 0
a 0 22 0 1 0
a 0 23 0 1 0
a 0 24 0 1 0
a 0 25 0 1 0
a 0 26 0 1 0
a 0 27 0 1 0
a 0 28 0 1 0
a 0 29 0 1 0
a 2 30 0 1 12651082780070.127
a 2 31 0 1 4444564526499.764
a 2 32 0 1 6342294794345.073
a 2 33 0 1 14999890297736.768
a 2 34 0 1 5120904429406.977
a 2 35 0 1 7750560104665.173
a 2 36 0 1 9026917778460.945
a 2 37 0 1 6885035793753.996
a 2 38 0 1 13198525275482.318
a 2 39 0 1 8279400520087.645
a 2 40 0 1 8836913799866.594
a 2 41 0 1 7574470148895.542
a 2 42 0 1 14498740091601.404
a 2 43 0 1 12062258794828.615
a 2 44 0 1 14073978519788.238
a 2 45 0 1 14436541748141.72
a 2 46 0 1 3383485524645.913
a 2 47 0 1 14773721577580.375
a 2 48 0 1 6511541673585.899
a 2 49 0 1 15019238407033.143
a 2 50 0 1 16214772418336.156
a 2 51 0 1 4540413328509.117
a 2 52 0 1 9702749074814.684
a 2 53 0 1 7513037379297.793
a 2 54 0 1 6037506493477.723
a 2 55 0 1 14333354719856.754
a 2 56 0 1 15554093616449.08
a 2 57 0 1 12661213020622.576
a 2 58 0 1 15752253357225.592
a 2 59 0 1 5588394012052.537
a 2 60 0 1 11294481461365.494
a 2 61 0 1 5603829498328.741
a 2 62 0 1 6547436533039.0625
a 2 63 0 1 14392197126517.322
a 2 64 0 1 13994412003664.727
a 2 65 0 1 13578740847264.139
a 2 66 0 1 11244983811651.46
a 2 67 0 1 10809014160101.799
a 2 68 0 1 14267271337847.988
a 2 69 0 1 7890498880677.801
a 2 70 0 1 6680615582636.088
a 2 71 0 1 10219157810582.629
a 2 72 0 1 4199238961899.623
a 2 73 0 1 7664313612593.073
a 2 74 0 1 15982185349704.902
a 2 75 0 1 10377808583229.182
a 2 76 0 1 9435159238348.287
a 2 77 0 1 5181175680906.239
a 2 78 0 1 9213718783907.72
a 2 79 0 1 3903499219235.6187
a 2 80 0 1 5444267213791.86
a 3 30 0 1 25790688643354.258
a 3 31 0 1 9051869134533.037
a 3 32 0 1 12919744368277.29
a 3 33 0 1 30587609166980.57
a 3 34 0 1 10430155889111.371
a 3 35 0 1 15791147188761.932
a 3 36 0 1 18394431129178.066
a 3 37 0 1 14026259374639.418
a 3 38 0 1 26908477379522.098
a 3 39 0 1 16869683883893.121
a 3 40 0 1 18006844923096.402
a 3 41 0 1 15432053114813.979
a 3 42 0 1 29563893613792.19
a 3 43 0 1 24588569446834.535
a 3 44 0 1 28696315997554.875
a 3 45 0 1 29436847660448.297
a 3 46 0 1 6889986304158.776
a 3 47 0 1 30125591837942.668
a 3 48 0 1 13264781590788.678
a 3 49 0 1 30627134638369.992
a 3 50 0 1 33069799150322.637
a 3 51 0 1 9247182128806.736
a 3 52 0 1 19773191972378.824
a 3 53 0 1 15306778981514.537
a 3 54 0 1 12298419185860.594
a 3 55 0 1 29226082655880.777
a 3 56 0 1 31719841466211.992
a 3 57 0 1 25811371617629.004
a 3 58 0 1 32124716578274.895
a 3 59 0 1 11382964938979.967
a 3 60 0 1 23021361267208.586
a 3 61 0 1 11414426431367.533
a 3 62 0 1 13337960880650.26
a 3 63 0 1 29346270767740.168
a 3 64 0 1 28533810830407.3
a 3 65 0 1 27684902271057.566
a 3 66 0 1 22920335202813.816
a 3 67 0 1 22030560922073.6
a 3 68 0 1 29091106568573.15
a 3 69 0 1 16076530220409.416
a 3 70 0 1 13609480131085.346
a 3 71 0 1 20826865896446.293
a 3 72 0 1 8551984768085.634
a 3 73 0 1 15615265850196.586
a 3 74 0 1 32594532129786.215
a 3 75 0 1 21150601125234.61
a 3 76 0 1 19227256283065.01
a 3 77 0 1 10552991137429.543
a 3 78 0 1 18775500830395.562
a 3 79 0 1 7949413570761.325
a 3 80 0 1 11089203044970.621
a 4 30 0 1 5903351801827.566
a 4 31 0 1 2075004231135.2192
a 4 32 0 1 2960640024621.607
a 4 33 0 1 6998362099933.24
a 4 34 0 1 2390663288448.173
a 4 35 0 1 3617718123972.608
a 4 36 0 1 4213151670138.285
a 4 37 0 1 3213889307527.766
a 4 38 0 1 6158596869163.769
a 4 39 0 1 3864438763348.974
a 4 40 0 1 4124518839172.3047
a 4 41 0 1 3535563080261.659
a 4 42 0 1 6764753206696.576
a 4 43 0 1 5628793445100.764
a 4 44 0 1 6566741260533.859
a 4 45 0 1 6735758727397.313
a 4 46 0 1 1579728224597.8394
a 4 47 0 1 6892936359726.728
a 4 48 0 1 3039614404507.3022
a 4 49 0 1 7007380844709.046
a 4 50 0 1 7564614155412.709
a 4 51 0 1 2119740052087.9849
a 4 52 0 1 4528395886612.905
a 4 53 0 1 3506901107616.2085
a 4 54 0 1 2818414845405.243
a 4 55 0 1 6687656408263.823
a 4 56 0 1 7256684703759.654
a 4 57 0 1 5908075182508.196
a 4 58 0 1 7349045704260.447
a 4 59 0 1 2608833112729.575
a 4 60 0 1 5270762420020.68
a 4 61 0 1 2616036390834.4775
a 4 62 0 1 3056363537896.5884
a 4 63 0 1 6715086832271.813
a 4 64 0 1 6529648429890.085
a 4 65 0 1 6335862276658.72
a 4 66 0 1 5247679446102.91
a 4 67 0 1 5044361181178.262
a 4 68 0 1 6656850239567.707
a 4 69 0 1 3683005511151.429
a 4 70 0 1 3118506433587.637
a 4 71 0 1 4769259169899.911
a 4 72 0 1 1960500239585.3264
a 4 73 0 1 3577479910507.0845
a 4 74 0 1 7456212730042.375
a 4 75 0 1 4843253970292.641
a 4 76 0 1 4403580665129.413
a 4 77 0 1 2418791609624.91
a 4 78 0 1 4300288365174.8325
a 4 79 0 1 1822461197780.5112
a 4 80 0 1 2541572803391.1
a 5 30 0 1 4559831924275.136
a 5 31 0 1 1602923206227.284
a 5 32 0 1 2287016302672.112
a 5 33 0 1 5405478152218.646
a 5 34 0 1 1846751886369.2568
a 5 35 0 1 2794543692287.0986
a 5 36 0 1 3254441709151.695
a 5 37 0 1 2482628221058.734
a 5 38 0 1 4756954984236.733
a 5 39 0 1 2985106300668.519
a 5 40 0 1 3185984830845.0093
a 5 41 0 1 2731088059285.307
a 5 42 0 1 5225072526699.948
a 5 43 0 1 4347790470593.9155
a 5 44 0 1 5072155089423.376
a 5 45 0 1 5202681242198.097
a 5 46 0 1 1220342514367.802
a 5 47 0 1 5324062875512.456
a 5 48 0 1 2348017069659.582
a 5 49 0 1 5412442878258.903
a 5 50 0 1 5842759936965.224
a 5 51 0 1 1637479330458.6104
a 5 52 0 1 3497922666527.4956
a 5 53 0 1 2708949809255.957
a 5 54 0 1 2177159215937.5054
a 5 55 0 1 5165533656995.748
a 5 56 0 1 5604966490041.603
a 5 57 0 1 4563479765065.212
a 5 58 0 1 5676291154514.8955
a 5 59 0 1 2015273318226.2236
a 5 60 0 1 4071278479265.465
a 5 61 0 1 2020837330465.3901
a 5 62 0 1 2360954270584.365
a 5 63 0 1 5186717138033.191
a 5 64 0 1 5043509466380.847
a 5 65 0 1 4893853627171.962
a 5 66 0 1 4053451021861.9033
a 5 67 0 1 3896423195611.881
a 5 68 0 1 5141743179432.959
a 5 69 0 1 2844970742003.479
a 5 70 0 1 2408953975825.4575
a 5 71 0 1 3683952306374.6084
a 5 72 0 1 1514474384245.664
a 5 73 0 1 2763464182297.4443
a 5 74 0 1 5759049159765.512
a 5 75 0 1 3741101375686.689
a 5 76 0 1 3401521285118.7046
a 5 77 0 1 1868479220007.5967
a 5 78 0 1 3321742714714.9155
a 5 79 0 1 1407845163322.575
a 5 80 0 1 1963319484285.353
a 6 30 0 1 24273428139216.293
a 6 31 0 1 8520315284976.744
a 6 32 0 1 12160738691237.652
a 6 33 0 1 28787210451650.926
a 6 34 0 1 9817573243558.28
a 6 35 0 1 14863164263787.463
a 6 36 0 1 17313158400237.38
a 6 37 0 1 13202149594435.994
a 6 38 0 1 25325265695161.652
a 6 39 0 1 15878203711059.062
a 6 40 0 1 16948400006693.281
a 6 41 0 1 14525208027774.701
a 6 42 0 1 27823944406012.38
a 6 43 0 1 23142217920220.04
a 6 44 0 1 27007585993538.03
a 6 45 0 1 27704399469858.062
a 6 46 0 1 6485479729355.099
a 6 47 0 1 28352476501654.9
a 6 48 0 1 12485476608839.691
a 6 49 0 1 28824401709704.78
a 6 50 0 1 31122773609934.21
a 6 51 0 1 8704147396856.116
a 6 52 0 1 18610698297610.92
a 6 53 0 1 14407307687439.646
a 6 54 0 1 11575963619673.996
a 6 55 0 1 27506077947554.598
a 6 56 0 1 29852569807778.867
a 6 57 0 1 24292890932613.875
a 6 58 0 1 30233527832294.504
a 6 59 0 1 10714352970079.137
a 6 60 0 1 21667426360683.574
a 6 61 0 1 10743964192316.771
a 6 62 0 1 12554350403702.555
a 6 63 0 1 27619170270592.547
a 6 64 0 1 26854673577899.61
a 6 65 0 1 26055870973938.594
a 6 66 0 1 21572356620527.203
a 6 67 0 1 20735036281041.35
a 6 68 0 1 27379070496430.16
a 6 69 0 1 15131747236709.105
a 6 70 0 1 12809894253979.887
a 6 71 0 1 19602285348328.203
a 6 72 0 1 8049812892410.104
a 6 73 0 1 14697636270775.137
a 6 74 0 1 30675587455862.63
a 6 75 0 1 19906941896833.21
a 6 76 0 1 18096925847061.36
a 6 77 0 1 9933185893712.719
a 6 78 0 1 17671782224716.707
a 6 79 0 1 7482655117474.269
a 6 80 0 1 10437866788955.19
a 7 30 0 1 26200305994558.863
a 7 31 0 1 9195352933208.379
a 7 32 0 1 13124631680610.158
a 7 33 0 1 31073685937927.99
a 7 34 0 1 10595513973521.34
a 7 35 0 1 16041654702466.012
a 7 36 0 1 18686325523835.93
a 7 37 0 1 14248723119452.252
a 7 38 0 1 27335903802892.035
a 7 39 0 1 17137334863554.9
a 7 40 0 1 18292575894242.26
a 7 41 0 1 15676853746203.61
a 7 42 0 1 30033645902256.824
a 7 43 0 1 24979039334370.004
a 7 44 0 1 29152236687116.97
a 7 45 0 1 29904574307810.66
a 7 46 0 1 6999173852833.871
a 7 47 0 1 30604300654687.27
a 7 48 0 1 13475149157169.533
a 7 49 0 1 31113841773004.695
a 7 50 0 1 33595473919846.445
a 7 51 0 1 9393765239834.709
a 7 52 0 1 20087016050493.484
a 7 53 0 1 15549588813592.58
a 7 54 0 1 12493439055497.617
a 7 55 0 1 29690448964906.715
a 7 56 0 1 32223977714504.324
a 7 57 0 1 26221318456244.61
a 7 58 0 1 32635311878834.438
a 7 59 0 1 11563448831118.055
a 7 60 0 1 23386876604849.26
a 7 61 0 1 11595409831008.043
a 7 62 0 1 13549490816449.334
a 7 63 0 1 29812553279324.996
a 7 64 0 1 28987141048002.547
a 7 65 0 1 28124701757705.07
a 7 66 0 1 23284242223116.59
a 7 67 0 1 22380304532307.5
a 7 68 0 1 29553320969222.312
a 7 69 0 1 16331573509727.78
a 7 70 0 1 13825323013870.844
a 7 71 0 1 21157453803094.78
a 7 72 0 1 8687536827075.965
a 7 73 0 1 15862978119752.535
a 7 74 0 1 33112623257065.0
a 7 75 0 1 21486340451229.805
a 7 76 0 1 19532396213301.766
a 7 77 0 1 10720299037488.842
a 7 78 0 1 19073455567451.465
a 7 79 0 1 8075405775540.117
a 7 80 0 1 11265023118656.047
a 8 30 0 1 25751700367237.77
a 8 31 0 1 9038211574215.938
a 8 32 0 1 12900242241989.242
a 8 33 0 1 30541343761946.555
a 8 34 0 1 10414416259941.482
a 8 35 0 1 15767302856913.377
a 8 36 0 1 18366647569361.895
a 8 37 0 1 14005084288777.135
a 8 38 0 1 26867794088287.23
a 8 39 0 1 16844207821760.766
a 8 40 0 1 17979647998992.867
a 8 41 0 1 15408751970646.307
a 8 42 0 1 29519181901725.83
a 8 43 0 1 24551403578495.77
a 8 44 0 1 28652920721687.56
a 8 45 0 1 29392328740504.656
a 8 46 0 1 6879593200586.712
a 8 47 0 1 30080027681828.19
a 8 48 0 1 13244757842296.096
a 8 49 0 1 30580809238199.34
a 8 50 0 1 33019765007244.984
a 8 51 0 1 9233229564708.596
a 8 52 0 1 19743321148898.273
a 8 53 0 1 15283667324120.32
a 8 54 0 1 12279856265517.197
a 8 55 0 1 29181883559224.785
a 8 56 0 1 31671857246424.65
a 8 57 0 1 25772351981799.457
a 8 58 0 1 32076117618658.6
a 8 59 0 1 11365785590744.43
a 8 60 0 1 22986570523822.12
a 8 61 0 1 11397199538625.387
a 8 62 0 1 13317826495462.418
a 8 63 0 1 29301889294711.55
a 8 64 0 1 28490662105798.168
a 8 65 0 1 27643041352525.49
a 8 66 0 1 22885697536420.176
a 8 67 0 1 21997271308373.89
a 8 68 0 1 29047112281916.035
a 8 69 0 1 16052254168731.527
a 8 70 0 1 13588935231083.135
a 8 71 0 1 20795399502308.754
a 8 72 0 1 8539082180543.382
a 8 73 0 1 15591687572832.645
a 8 74 0 1 32545219756664.176
a 8 75 0 1 21118644423599.008
a 8 76 0 1 19198212013970.133
a 8 77 0 1 10537065918737.428
a 8 78 0 1 18747140447031.33
a 8 79 0 1 7937420928056.483
a 8 80 0 1 11072467612167.848
a 9 30 0 1 25893097571088.195
a 9 31 0 1 9087742516332.332
a 9 32 0 1 12970969397724.908
a 9 33 0 1 30709133004120.387
a 9 34 0 1 10471498135041.637
a 9 35 0 1 15853777734661.244
a 9 36 0 1 18467408740437.766
a 9 37 0 1 14081878702429.752
a 9 38 0 1 27015338610532.75
a 9 39 0 1 16936600448212.115
a 9 40 0 1 18078281631768.62
a 9 41 0 1 15493256886743.451
a 9 42 0 1 29681336339872.7
a 9 43 0 1 24686191455493.465
a 9 44 0 1 28810300823007.375
a 9 45 0 1 29553783976638.19
a 9 46 0 1 6917285122957.691
a 9 47 0 1 30245273692272.086
a 9 48 0 1 13317376744490.234
a 9 49 0 1 30748816065831.832
a 9 50 0 1 33201222416111.656
a 9 51 0 1 9283830381422.037
a 9 52 0 1 19851652157399.0
a 9 53 0 1 15367485034661.162
a 9 54 0 1 12347177241998.129
a 9 55 0 1 29342178887732.812
a 9 56 0 1 31845880148705.633
a 9 57 0 1 25913862917991.746
a 9 58 0 1 32252370011839.84
a 9 59 0 1 11428088827156.297
a 9 60 0 1 23112744545356.336
a 9 61 0 1 11459675202535.74
a 9 62 0 1 13390846639422.21
a 9 63 0 1 29462846050150.75
a 9 64 0 1 28647148036779.95
a 9 65 0 1 27794856784305.715
a 9 66 0 1 23011316394708.902
a 9 67 0 1 22118001195702.477
a 9 68 0 1 29206664823232.312
a 9 69 0 1 16140294751644.37
a 9 70 0 1 13663444173278.898
a 9 71 0 1 20909517141476.848
a 9 72 0 1 8585875103726.604
a 9 73 0 1 15677197559084.54
a 9 74 0 1 32724059503851.13
a 9 75 0 1 21234540254278.355
a 9 76 0 1 19303545373052.027
a 9 77 0 1 10594820862359.098
a 9 78 0 1 18849993571584.85
a 9 79 0 1 7980913805169.499
a 9 80 0 1 11133160920906.314
a 10 30 0 1 12690988296659.096
a 10 31 0 1 4458570803142.84
a 10 32 0 1 6362285821733.797
a 10 33 0 1 15047217539708.666
a 10 34 0 1 5137043335139.359
a 10 35 0 1 7774993984442.395
a 10 36 0 1 9055379611761.223
a 10 37 0 1 6906738911251.143
a 10 38 0 1 13240160232476.18
a 10 39 0 1 8305503180300.871
a 10 40 0 1 8864775939808.389
a 10 41 0 1 7598348413894.177
a 10 42 0 1 14544483469034.838
a 10 43 0 1 12100304385724.082
a 10 44 0 1 14118379599356.645
a 10 45 0 1 14482088563067.236
a 10 46 0 1 3394146687511.558
a 10 47 0 1 14820333999947.75
a 10 48 0 1 6532066571475.099
a 10 49 0 1 15066626801581.512
a 10 50 0 1 16265940006152.037
a 10 51 0 1 4554721814496.89
a 10 52 0 1 9733344190133.67
a 10 53 0 1 7536721811444.536
a 10 54 0 1 6056536152626.306
a 10 55 0 1 14378575443885.504
a 10 56 0 1 15603172608633.152
a 10 57 0 1 12701150537942.473
a 10 58 0 1 15801958755857.01
a 10 59 0 1 5606007196608.505
a 10 60 0 1 11330102244326.418
a 10 61 0 1 5621491363070.737
a 10 62 0 1 6568074659961.713
a 10 63 0 1 14437603802939.938
a 10 64 0 1 14038561658077.936
a 10 65 0 1 13621577082257.184
a 10 66 0 1 11280448285015.744
a 10 67 0 1 10843101953562.613
a 10 68 0 1 14312283229735.686
a 10 69 0 1 7915374323912.222
a 10 70 0 1 6701673826249.666
a 10 71 0 1 10251383210229.875
a 10 72 0 1 4212471762447.696
a 10 73 0 1 7688475356899.51
a 10 74 0 1 16032617626577.248
a 10 75 0 1 10410534876870.607
a 10 76 0 1 9464909658394.334
a 10 77 0 1 5197504649592.481
a 10 78 0 1 9242770226954.44
a 10 79 0 1 3915799653325.8843
a 10 80 0 1 5461425861968.244
a 11 30 0 1 29427750148155.06
a 11 31 0 1 10325578424480.861
a 11 32 0 1 14738635490812.686
a 11 33 0 1 34903866202244.414
a 11 34 0 1 11898072886125.932
a 11 35 0 1 18015124570815.047
a 11 36 0 1 20985933854882.54
a 11 37 0 1 16001217106734.672
a 11 38 0 1 30703729966833.695
a 11 39 0 1 19245895971530.945
a 11 40 0 1 20543613233420.3
a 11 41 0 1 17605354190155.6
a 11 42 0 1 33735130967819.85
a 11 43 0 1 28055557160413.02
a 11 44 0 1 32744682738922.133
a 11 45 0 1 33590090389856.62
a 11 46 0 1 7859216772350.814
a 11 47 0 1 34376394604933.715
a 11 48 0 1 15132333059196.34
a 11 49 0 1 34948991639692.51
a 11 50 0 1 37737845629830.04
a 11 51 0 1 10548407750147.08
a 11 52 0 1 22559446688772.37
a 11 53 0 1 17462402164363.635
a 11 54 0 1 14029696397492.703
a 11 55 0 1 33349474227893.62
a 11 56 0 1 36196536137784.016
a 11 57 0 1 29451359784917.87
a 11 58 0 1 36658793759933.37
a 11 59 0 1 12985178756468.617
a 11 60 0 1 26266703694899.953
a 11 61 0 1 13021075266237.225
a 11 62 0 1 15215833337526.406
a 11 63 0 1 33486684670092.367
a 11 64 0 1 32559165905820.457
a 11 65 0 1 31590062992249.926
a 11 66 0 1 26151392966374.33
a 11 67 0 1 25135824692427.94
a 11 68 0 1 33195382019565.94
a 11 69 0 1 18340785021799.668
a 11 70 0 1 15525648586159.184
a 11 71 0 1 23762001174894.703
a 11 72 0 1 9755275149169.28
a 11 73 0 1 17814421794526.754
a 11 74 0 1 37195203415791.15
a 11 75 0 1 24131487376195.33
a 11 76 0 1 21936388344446.285
a 11 77 0 1 12038219666989.725
a 11 78 0 1 21420823154316.254
a 11 79 0 1 9067831799056.846
a 11 80 0 1 12650008036931.855
a 12 30 0 1 17271963490060.955
a 12 31 0 1 6065873753338.841
a 12 32 0 1 8656557273493.352
a 12 33 0 1 20480711491795.54
a 12 34 0 1 6989130712050.574
a 12 35 0 1 10579315743673.121
a 12 36 0 1 12322172504381.059
a 12 37 0 1 9397555334142.207
a 12 38 0 1 18019777703719.61
a 12 39 0 1 11301420621587.533
a 12 40 0 1 12062711646308.965
a 12 41 0 1 10338880933474.195
a 12 42 0 1 19796027898816.32
a 12 43 0 1 16467660082674.113
a 12 44 0 1 19215730968070.746
a 12 45 0 1 19711053028471.758
a 12 46 0 1 4617523535252.715
a 12 47 0 1 20171710706330.14
a 12 48 0 1 8887624466788.572
a 12 49 0 1 20507145929141.3
a 12 50 0 1 22140633090370.574
a 12 51 0 1 6196711685580.454
a 12 52 0 1 13245090854636.467
a 12 53 0 1 10255000915202.094
a 12 54 0 1 8240448133426.98
a 12 55 0 1 19570080733621.492
a 12 56 0 1 21237911231960.64
a 12 57 0 1 17285801229035.06
a 12 58 0 1 21508662524895.69
a 12 59 0 1 7627321303971.677
a 12 60 0 1 15418975499741.756
a 12 61 0 1 7648393393023.984
a 12 62 0 1 8936630959657.262
a 12 63 0 1 19650470039637.727
a 12 64 0 1 19107031814159.56
a 12 65 0 1 18539177872350.32
a 12 66 0 1 15351370436343.97
a 12 67 0 1 14755924925152.28
a 12 68 0 1 19479799428991.88
a 12 69 0 1 10770391948133.947
a 12 70 0 1 9118458793807.066
a 12 71 0 1 13950336411297.887
a 12 72 0 1 5730998108543.453
a 12 73 0 1 10461553562187.137
a 12 74 0 1 21822830821887.78
a 12 75 0 1 14167007673269.99
a 12 76 0 1 12879662654559.176
a 12 77 0 1 7071408240022.153
a 12 78 0 1 12577263572259.17
a 12 79 0 1 5327315005279.236
a 12 80 0 1 7430564797552.696
a 13 30 0 1 14959752960576.787
a 13 31 0 1 5254738021164.426
a 13 32 0 1 7498693125841.741
a 13 33 0 1 17738065636762.926
a 13 34 0 1 6054449902873.506
a 13 35 0 1 9164000191247.22
a 13 36 0 1 10673408518873.826
a 13 37 0 1 8140485532298.31
a 13 38 0 1 15607276751466.912
a 13 39 0 1 9789391960442.055
a 13 40 0 1 10448706506883.215
a 13 41 0 1 8955764258261.398
a 13 42 0 1 17145251571099.775
a 13 43 0 1 14263299132731.982
a 13 44 0 1 16642807948502.738
a 13 45 0 1 17071677590654.395
a 13 46 0 1 4000152088066.3506
a 13 47 0 1 17470527534902.049
a 13 48 0 1 7698826356283.015
a 13 49 0 1 17760952900730.465
a 13 50 0 1 19175210088850.96
a 13 51 0 1 5368069337362.559
a 13 52 0 1 11472672922977.215
a 13 53 0 1 8883117035557.621
a 13 54 0 1 7138286718156.936
a 13 55 0 1 16949618809964.008
a 13 56 0 1 18393651168777.69
a 13 57 0 1 14971735036574.18
a 13 58 0 1 18628064629135.414
a 13 59 0 1 6607228104396.391
a 13 60 0 1 13355207389928.74
a 13 61 0 1 6625479819965.546
a 13 62 0 1 7741271955125.643
a 13 63 0 1 17019222769134.828
a 13 64 0 1 16548690997368.87
a 13 65 0 1 16057010628146.39
a 13 66 0 1 13296664851424.809
a 13 67 0 1 12781034117396.74
a 13 68 0 1 16871449795721.205
a 13 69 0 1 9329486490640.572
a 13 70 0 1 7898756471877.179
a 13 71 0 1 12083413311762.361
a 13 72 0 1 4964667938234.138
a 13 73 0 1 9062008839283.93
a 13 74 0 1 18900065590663.11
a 13 75 0 1 12271047260435.906
a 13 76 0 1 11156208047370.611
a 13 77 0 1 6125716408659.405
a 13 78 0 1 10894324389247.064
a 13 79 0 1 4614992692519.776
a 13 80 0 1 6436805711229.36
a 14 30 0 1 27073251776952.04
a 14 31 0 1 9501105510299.678
a 14 32 0 1 13561239931604.965
a 14 33 0 1 32109604856988.93
a 14 34 0 1 10947881694328.998
a 14 35 0 1 16575486909445.559
a 14 36 0 1 19308362569483.22
a 14 37 0 1 14722789184548.504
a 14 38 0 1 28246808792806.7
a 14 39 0 1 17707703368963.047
a 14 40 0 1 18901477118414.324
a 14 41 0 1 16198523497919.902
a 14 42 0 1 31034768457396.73
a 14 43 0 1 25811173733869.625
a 14 44 0 1 30123876891629.89
a 14 45 0 1 30901379146986.117
a 14 46 0 1 7231840969141.434
a 14 47 0 1 31624514399393.676
a 14 48 0 1 13923436538295.82
a 14 49 0 1 32151104348649.176
a 14 50 0 1 34715799444227.004
a 14 51 0 1 9706122554317.344
a 14 52 0 1 20755791296721.363
a 14 53 0 1 16067015803841.992
a 14 54 0 1 12909018626296.45
a 14 55 0 1 30680091154048.215
a 14 56 0 1 33298391693773.688
a 14 57 0 1 27094966521276.777
a 14 58 0 1 33723493909035.574
a 14 59 0 1 11948050797832.549
a 14 60 0 1 24165823098318.51
a 14 61 0 1 11981076292171.215
a 14 62 0 1 14000255363070.5
a 14 63 0 1 30806279902771.05
a 14 64 0 1 29953259638481.797
a 14 65 0 1 29061979642457.547
a 14 66 0 1 24059760796121.586
a 14 67 0 1 23125635799602.176
a 14 68 0 1 30538376317861.4
a 14 69 0 1 16875072355801.082
a 14 70 0 1 14285279048462.162
a 14 71 0 1 21861957887422.508
a 14 72 0 1 8976386671100.29
a 14 73 0 1 16390853121779.555
a 14 74 0 1 34216783396594.86
a 14 75 0 1 22201823870118.703
a 14 76 0 1 20182663058153.23
a 14 77 0 1 11076821943906.754
a 14 78 0 1 19708408799450.766
a 14 79 0 1 8343883462705.403
a 14 80 0 1 11639686096291.254
a 15 30 0 1 16629304456667.605
a 15 31 0 1 5840453683838.822
a 15 32 0 1 8334769772398.626
a 15 33 0 1 19718389383088.793
a 15 34 0 1 6729373967696.793
a 15 35 0 1 10185970286395.74
a 15 36 0 1 11863938007274.047
a 15 37 0 1 9048194239202.924
a 15 38 0 1 17349238219159.652
a 15 39 0 1 10881193212913.92
a 15 40 0 1 11614138834958.844
a 15 41 0 1 9954485238933.727
a 15 42 0 1 19059246676037.973
a 15 43 0 1 15854982405722.758
a 15 44 0 1 18500593640372.844
a 15 45 0 1 18977441369500.637
a 15 46 0 1 4445954626102.909
a 15 47 0 1 19420915794293.23
a 15 48 0 1 8557239112135.65
a 15 49 0 1 19743837653728.055
a 15 50 0 1 21316374508625.59
a 15 51 0 1 5966426074705.179
a 15 52 0 1 12752484638170.14
a 15 53 0 1 9873727394505.832
a 15 54 0 1 7934142660573.635
a 15 55 0 1 18841727211465.973
a 15 56 0 1 20447338638954.176
a 15 57 0 1 16642626330855.025
a 15 58 0 1 20707987278346.055
a 15 59 0 1 7343825625665.564
a 15 60 0 1 14845380747561.955
a 15 61 0 1 7364113833706.227
a 15 62 0 1 8604422050028.799
a 15 63 0 1 18919118090510.484
a 15 64 0 1 18395948434193.875
a 15 65 0 1 17849271083941.12
a 15 66 0 1 14780294913253.084
a 15 67 0 1 14207036400187.34
a 15 68 0 1 18754813230075.18
a 15 69 0 1 10369933675165.87
a 15 70 0 1 8779483810618.721
a 15 71 0 1 13431460398213.846
a 15 72 0 1 5518030598995.75
a 15 73 0 1 10072591654504.266
a 15 74 0 1 21010432125404.332
a 15 75 0 1 13640060015369.443
a 15 76 0 1 12400666712160.578
a 15 77 0 1 6808591186613.322
a 15 78 0 1 12109529567882.59
a 15 79 0 1 5129357475106.902
a 15 80 0 1 7154388278005.932
a 16 30 0 1 7764214247058.499
a 16 31 0 1 2728710712922.999
a 16 32 0 1 3893481082946.92
a 16 33 0 1 9204761115814.686
a 16 34 0 1 3143850565560.02
a 16 35 0 1 4757705356775.858
a 16 36 0 1 5540887021676.545
a 16 37 0 1 4226563208172.118
a 16 38 0 1 8099993066540.658
a 16 39 0 1 5082216188134.447
a 16 40 0 1 5424304935070.55
a 16 41 0 1 4649648392683.345
a 16 42 0 1 8897426023159.672
a 16 43 0 1 7403035448479.03
a 16 44 0 1 8636926242399.839
a 16 45 0 1 8859281345382.105
a 16 46 0 1 2077366313354.4468
a 16 47 0 1 9066062712289.129
a 16 48 0 1 3997350233586.104
a 16 49 0 1 9216626251419.809
a 16 50 0 1 9949742112364.217
a 16 51 0 1 2787544569045.1787
a 16 52 0 1 5955545642497.957
a 16 53 0 1 4611949997660.285
a 16 54 0 1 3706424343825.8076
a 16 55 0 1 8795998873394.609
a 16 56 0 1 9544615559696.412
a 16 57 0 1 7770427870587.422
a 16 58 0 1 9666129109018.746
a 16 59 0 1 3430782750656.3096
a 16 60 0 1 6932060002717.713
a 16 61 0 1 3440256422078.3975
a 16 62 0 1 4019379204314.4883
a 16 63 0 1 8832085776613.18
a 16 64 0 1 8588128218329.631
a 16 65 0 1 8333192105675.569
a 16 66 0 1 6901695697129.654
a 16 67 0 1 6634244579651.689
a 16 68 0 1 8755470995453.74
a 16 69 0 1 4843577073106.707
a 16 70 0 1 4101111668791.9956
a 16 71 0 1 6272373194852.853
a 16 72 0 1 2578122832783.46
a 16 73 0 1 4704780720543.084
a 16 74 0 1 9807123035288.816
a 16 75 0 1 6369705836008.158
a 16 76 0 1 5791367958257.053
a 16 77 0 1 3180844063763.4814
a 16 78 0 1 5655501915976.251
a 16 79 0 1 2396584914810.5654
a 16 80 0 1 3342322977293.8374
a 17 30 0 1 23706841879238.074
a 17 31 0 1 8321787708992.555
a 17 32 0 1 11877271384710.838
a 17 33 0 1 28114922793158.137
a 17 34 0 1 9588785530618.625
a 17 35 0 1 14516597960013.158
a 17 36 0 1 16909353976100.072
a 17 37 0 1 12894370901917.957
a 17 38 0 1 24734057638850.98
a 17 39 0 1 15507927319442.92
a 17 40 0 1 16553119268375.852
a 17 41 0 1 14186534770048.8
a 17 42 0 1 27174223014682.42
a 17 43 0 1 22602104942098.758
a 17 44 0 1 26376985463400.355
a 17 45 0 1 27057478296152.664
a 17 46 0 1 6334399414300.731
a 17 47 0 1 27690373885471.78
a 17 48 0 1 12194429016136.203
a 17 49 0 1 28151242680030.42
a 17 50 0 1 30395750819397.023
a 17 51 0 1 8501332247670.544
a 17 52 0 1 18176567251794.77
a 17 53 0 1 14071387878291.09
a 17 54 0 1 11306145193827.658
a 17 55 0 1 26863802086257.406
a 17 56 0 1 29155318466655.355
a 17 57 0 1 23725849133362.836
a 17 58 0 1 29527348365911.12
a 17 59 0 1 10464641606070.205
a 17 60 0 1 21161817256375.223
a 17 61 0 1 10493561867746.662
a 17 62 0 1 12261695033914.562
a 17 63 0 1 26974245457576.785
a 17 64 0 1 26227654193508.63
a 17 65 0 1 25447557215613.836
a 17 66 0 1 21068971352757.414
a 17 67 0 1 20251235250765.746
a 17 68 0 1 26739769439388.62
a 17 69 0 1 14778907687672.9
a 17 70 0 1 12511273298373.098
a 17 71 0 1 19144972567357.97
a 17 72 0 1 7862258181877.025
a 17 73 0 1 14354935986510.652
a 17 74 0 1 29959046929573.17
a 17 75 0 1 19442505690031.906
a 17 76 0 1 17674803954770.793
a 17 77 0 1 9701700945094.15
a 17 78 0 1 17259596785915.217
a 17 79 0 1 7308325886688.698
a 17 80 0 1 10194606846305.459
a 18 30 0 1 14644714809403.11
a 18 31 0 1 5144199262498.168
a 18 32 0 1 7340910580276.242
a 18 33 0 1 17364401809850.014
a 18 34 0 1 5927076908996.862
a 18 35 0 1 8971141149260.441
a 18 36 0 1 10448745310549.564
a 18 37 0 1 7969186421102.065
a 18 38 0 1 15278578365233.445
a 18 39 0 1 9583356840234.05
a 18 40 0 1 10228778594380.922
a 18 41 0 1 8767292026757.622
a 18 42 0 1 16784099901697.383
a 18 43 0 1 13962951224952.414
a 18 44 0 1 16292259734997.855
a 18 45 0 1 16712078684843.232
a 18 46 0 1 3916016720212.2583
a 18 47 0 1 17102510675188.332
a 18 48 0 1 7536829084482.17
a 18 49 0 1 17386805973061.268
a 18 50 0 1 18771206408184.973
a 18 51 0 1 5255145096511.451
a 18 52 0 1 11231164337233.512
a 18 53 0 1 8696175181184.682
a 18 54 0 1 6988093708707.769
a 18 55 0 1 16592595872599.898
a 18 56 0 1 18006148359161.27
a 18 57 0 1 14656444128276.908
a 18 58 0 1 18235613008019.496
a 18 59 0 1 6468217148072.437
a 18 60 0 1 13074010323277.666
a 18 61 0 1 6486084574878.524
a 18 62 0 1 7578380771455.61
a 18 63 0 1 16660730895725.242
a 18 64 0 1 16200128873052.703
a 18 65 0 1 15718823431909.396
a 18 66 0 1 13016702259957.324
a 18 67 0 1 12511943827895.791
a 18 68 0 1 16516076525584.865
a 18 69 0 1 9133141078166.3
a 18 70 0 1 7732548561510.593
a 18 71 0 1 11829030654149.008
a 18 72 0 1 4860234513726.705
a 18 73 0 1 8871298427857.52
a 18 74 0 1 18501871303103.543
a 18 75 0 1 12012709026367.318
a 18 76 0 1 10921369670280.61
a 18 77 0 1 5996843080821.749
a 18 78 0 1 10665005439179.408
a 18 79 0 1 4517918628461.606
a 18 80 0 1 6301382911742.211
a 19 30 0 1 5888875177888.369
a 19 31 0 1 2069917993616.9517
a 19 32 0 1 2953382183884.639
a 19 33 0 1 6981198054050.883
a 19 34 0 1 2384803096942.434
a 19 35 0 1 3608848824256.2397
a 19 36 0 1 4202821882285.934
a 19 37 0 1 3206010411386.4033
a 19 38 0 1 6143493872082.804
a 19 39 0 1 3854964327864.7637
a 19 40 0 1 4114406463880.9204
a 19 41 0 1 3526895275959.853
a 19 42 0 1 6748162550650.258
a 19 43 0 1 5614990548251.237
a 19 44 0 1 6550636598012.317
a 19 45 0 1 6719239235758.178
a 19 46 0 1 1575856224823.3418
a 19 47 0 1 6876031083692.347
a 19 48 0 1 3032162894973.318
a 19 49 0 1 6990194661823.935
a 19 50 0 1 7546060123917.452
a 19 51 0 1 2114544131704.0486
a 19 52 0 1 4517292782247.968
a 19 53 0 1 3498303599455.896
a 19 54 0 1 2811505774477.04
a 19 55 0 1 6671254978503.614
a 19 56 0 1 7238886572753.318
a 19 57 0 1 5893586967692.981
a 19 58 0 1 7331020852501.123
a 19 59 0 1 2602437965062.134
a 19 60 0 1 5257838016472.61
a 19 61 0 1 2609623580147.414
a 19 62 0 1 3048870954027.444
a 19 63 0 1 6698618077695.806
a 19 64 0 1 6513634804242.88
a 19 65 0 1 6320324247446.492
a 19 66 0 1 5234811678289.721
a 19 67 0 1 5031992256369.2
a 19 68 0 1 6640524419492.388
a 19 69 0 1 3673976083323.5884
a 19 70 0 1 3110861453698.7456
a 19 71 0 1 4757565173010.345
a 19 72 0 1 1955694736740.3726
a 19 73 0 1 3568709300464.5225
a 19 74 0 1 7437924806798.662
a 19 75 0 1 4831378440730.8125
a 19 76 0 1 4392783748088.406
a 19 77 0 1 2412862448496.2803
a 19 78 0 1 4289744830403.8745
a 19 79 0 1 1817994121754.8965
a 19 80 0 1 2535342582016.791
a 20 30 0 1 11267488507061.295
a 20 31 0 1 3958890687070.7393
a 20 32 0 1 5649114113316.714
a 20 33 0 1 13359021792343.236
a 20 34 0 1 4561285634436.385
a 20 35 0 1 6903340796904.542
a 20 36 0 1 8040049706452.844
a 20 37 0 1 6132494381399.865
a 20 38 0 1 11754978521162.59
a 20 39 0 1 7374324193348.982
a 20 40 0 1 7870836746673.562
a 20 41 0 1 6746514315053.031
a 20 42 0 1 12912774960379.021
a 20 43 0 1 10743141333850.963
a 20 44 0 1 12534543609795.75
a 20 45 0 1 12857390345949.898
a 20 46 0 1 3013799906348.285
a 20 47 0 1 13157631623138.398
a 20 48 0 1 5799850812226.295
a 20 49 0 1 13376250111694.764
a 20 50 0 1 14440784417025.977
a 20 51 0 1 4044260862141.336
a 20 52 0 1 8641922190154.082
a 20 53 0 1 6691801859109.186
a 20 54 0 1 5377658256870.645
a 20 55 0 1 12765507099897.762
a 20 56 0 1 13852502948410.102
a 20 57 0 1 11276509408080.05
a 20 58 0 1 14028949329319.883
a 20 59 0 1 4977658092374.951
a 20 60 0 1 10059424689813.0
a 20 61 0 1 4991405719117.093
a 20 62 0 1 5831819842734.379
a 20 63 0 1 12817903553629.873
a 20 64 0 1 12463692703632.13
a 20 65 0 1 12093551299169.578
a 20 66 0 1 10015345874118.406
a 20 67 0 1 9627102318863.377
a 20 68 0 1 12706662798316.645
a 20 69 0 1 7027970384480.775
a 20 70 0 1 5950432816851.923
a 20 71 0 1 9101811427461.379
a 20 72 0 1 3740384290602.8687
a 20 73 0 1 6826529382194.994
a 20 74 0 1 14233685410742.22
a 20 75 0 1 9243097112885.15
a 20 76 0 1 8403616962245.104
a 20 77 0 1 4614966868643.81
a 20 78 0 1 8206409385894.899
a 20 79 0 1 3476973236738.6006
a 20 80 0 1 4849291199959.882
a 21 30 0 1 21150608847446.188
a 21 31 0 1 7425893624290.156
a 21 32 0 1 10598139287921.414
a 21 33 0 1 25082006520837.445
a 21 34 0 1 8556356551652.709
a 21 35 0 1 12952797397771.912
a 21 36 0 1 15087345763595.178
a 21 37 0 1 11505556312897.08
a 21 38 0 1 22066781598373.426
a 21 39 0 1 13837165587473.893
a 21 40 0 1 14769561180498.52
a 21 41 0 1 12658342104876.6
a 21 42 0 1 24243068821697.965
a 21 43 0 1 20165268891450.09
a 21 44 0 1 23532058648284.28
a 21 45 0 1 24138951825379.816
a 21 46 0 1 5652599741614.083
a 21 47 0 1 24703386473979.746
a 21 48 0 1 10881097573124.05
a 21 49 0 1 25114397037181.97
a 21 50 0 1 27116019789686.82
a 21 51 0 1 7586092149987.043
a 21 52 0 1 16217759811150.545
a 21 53 0 1 12555616929051.02
a 21 54 0 1 10088592445512.82
a 21 55 0 1 23966223984355.773
a 21 56 0 1 26009832417117.6
a 21 57 0 1 21167561611883.574
a 21 58 0 1 26341603213526.45
a 21 59 0 1 9337807380317.16
a 21 60 0 1 18880602928661.71
a 21 61 0 1 9363610145560.559
a 21 62 0 1 10941109959143.926
a 21 63 0 1 24064721703130.086
a 21 64 0 1 23398877134991.46
a 21 65 0 1 22703137399194.023
a 21 66 0 1 18797787357845.83
a 21 67 0 1 18068384698583.43
a 21 68 0 1 23855606495095.06
a 21 69 0 1 13186806889709.094
a 21 70 0 1 11163774072845.553
a 21 71 0 1 17081599051005.064
a 21 72 0 1 7015875380921.391
a 21 73 0 1 12808576152749.945
a 21 74 0 1 26726581792773.945
a 21 75 0 1 17347001086054.89
a 21 76 0 1 15770167527887.752
a 21 77 0 1 8657102190197.22
a 21 78 0 1 15399782440134.24
a 21 79 0 1 6521619433632.687
a 21 80 0 1 9096880467464.283
a 22 30 0 1 22907848184486.445
a 22 31 0 1 8041797717763.887
a 22 32 0 1 11477497511429.094
a 22 33 0 1 27166897955602.777
a 22 34 0 1 9266121379139.936
a 22 35 0 1 14027844143876.672
a 22 36 0 1 16339887710593.371
a 22 37 0 1 12460313615063.508
a 22 38 0 1 23900348254016.22
a 22 39 0 1 14985739193166.154
a 22 40 0 1 15995672235096.896
a 22 41 0 1 13708911273861.307
a 22 42 0 1 26258014208502.1
a 22 43 0 1 21840437982780.16
a 22 44 0 1 25487735345229.473
a 22 45 0 1 26145217526135.656
a 22 46 0 1 6121323055367.332
a 22 47 0 1 26756708822628.96
a 22 48 0 1 11783965530480.422
a 22 49 0 1 27201989309975.41
a 22 50 0 1 29370556934901.027
a 22 51 0 1 8215295690797.191
a 22 52 0 1 17564337939044.545
a 22 53 0 1 13597647148525.42
a 22 54 0 1 10925618892455.543
a 22 55 0 1 25958090771220.766
a 22 56 0 1 28172097961582.406
a 22 57 0 1 22926213143225.555
a 22 58 0 1 28531540440219.07
a 22 59 0 1 10112470431589.344
a 22 60 0 1 20448800810665.96
a 22 61 0 1 10140416290337.432
a 22 62 0 1 11848964289531.543
a 22 63 0 1 26064799366897.863
a 22 64 0 1 25343453199328.87
a 22 65 0 1 24589729794600.535
a 22 66 0 1 20359090551842.55
a 22 67 0 1 19568968702462.215
a 22 68 0 1 25838252328321.504
a 22 69 0 1 14281307736344.06
a 22 70 0 1 12090130008354.545
a 22 71 0 1 18500055574192.496
a 22 72 0 1 7597742779449.019
a 22 73 0 1 13871633802826.617
a 22 74 0 1 28948631421962.047
a 22 75 0 1 18787544310302.7
a 22 76 0 1 17079508456635.998
a 22 77 0 1 9375233069422.465
a 22 78 0 1 16678312523921.545
a 22 79 0 1 7062461969228.809
a 22 80 0 1 9851533580853.314
a 23 30 0 1 27236996714026.016
a 23 31 0 1 9558453349091.016
a 23 32 0 1 13643132904707.55
a 23 33 0 1 32303924208288.496
a 23 34 0 1 11013973225702.078
a 23 35 0 1 16675617146585.803
a 23 36 0 1 19425038684638.047
a 23 37 0 1 14811708434836.416
a 23 38 0 1 28417674907766.645
a 23 39 0 1 17814687208190.355
a 23 40 0 1 19015689129174.613
a 23 41 0 1 16296372275872.793
a 23 42 0 1 31222559756829.633
a 23 43 0 1 25967262505119.992
a 23 44 0 1 30306137135491.2
a 23 45 0 1 31088360415719.977
a 23 46 0 1 7275480251186.975
a 23 47 0 1 31815887337653.617
a 23 48 0 1 14007520256328.477
a 23 49 0 1 32345675780977.348
a 23 50 0 1 34925954348899.906
a 23 51 0 1 9764709249687.701
a 23 52 0 1 20881234944872.72
a 23 53 0 1 16164068717373.545
a 23 54 0 1 12986967104558.883
a 23 55 0 1 30865728666647.22
a 23 56 0 1 33499933071733.246
a 23 57 0 1 27258843206467.97
a 23 58 0 1 33927618318192.38
a 23 59 0 1 12020188634179.076
a 23 60 0 1 24311934011288.92
a 23 61 0 1 12053413800860.223
a 23 62 0 1 14084803743128.584
a 23 63 0 1 30992683679436.33
a 23 64 0 1 30134484001307.86
a 23 65 0 1 29237793377235.72
a 23 66 0 1 24205228648620.887
a 23 67 0 1 23265440692892.082
a 23 68 0 1 30723153313035.227
a 23 69 0 1 16977015887044.385
a 23 70 0 1 14371551553223.602
a 23 71 0 1 21994103918105.203
a 23 72 0 1 9030564059123.908
a 23 73 0 1 16489865892816.553
a 23 74 0 1 34423905479344.805
a 23 75 0 1 22336029530332.867
a 23 76 0 1 20304634735965.457
a 23 77 0 1 11143692876884.355
a 23 78 0 1 19827507827018.78
a 23 79 0 1 8394239658561.634
a 23 80 0 1 11709959631471.217
a 24 30 0 1 8238816864947.341
a 24 31 0 1 2895405835762.3896
a 24 32 0 1 4131365104463.3027
a 24 33 0 1 9767519014205.582
a 24 34 0 1 3335916047427.5005
a 24 35 0 1 5048422475461.357
a 24 36 0 1 5879492452258.534
a 24 37 0 1 4484808400903.942
a 24 38 0 1 8595141132446.954
a 24 39 0 1 5392774686927.634
a 24 40 0 1 5755781273838.706
a 24 41 0 1 4933758995373.448
a 24 42 0 1 9441373730039.105
a 24 43 0 1 7855540340221.368
a 24 44 0 1 9164931380563.834
a 24 45 0 1 9400894537179.695
a 24 46 0 1 2204261141551.495
a 24 47 0 1 9620331514095.139
a 24 48 0 1 4241583555104.588
a 24 49 0 1 9780110373995.455
a 24 50 0 1 10558101822387.016
a 24 51 0 1 2957835037097.943
a 24 52 0 1 6319509439281.6875
a 24 53 0 1 4893755791796.983
a 24 54 0 1 3932874391579.0566
a 24 55 0 1 9333739125027.455
a 24 56 0 1 10128175614522.053
a 24 57 0 1 8245410668915.64
a 24 58 0 1 10257127308013.768
a 24 59 0 1 3640384965971.923
a 24 60 0 1 7355752493441.956
a 24 61 0 1 3650437670610.4395
a 24 62 0 1 4264959130617.0737
a 24 63 0 1 9372034569538.11
a 24 64 0 1 9113147033619.14
a 24 65 0 1 8842610016863.018
a 24 66 0 1 7323530734406.769
a 24 67 0 1 7039719620688.508
a 24 68 0 1 9290730938549.398
a 24 69 0 1 5139544443946.5625
a 24 70 0 1 4351687866786.412
a 24 71 0 1 6655714249719.104
a 24 72 0 1 2735615744542.2856
a 24 73 0 1 4992262047682.979
a 24 74 0 1 10406752097196.791
a 24 75 0 1 6759000082525.423
a 24 76 0 1 6145291193884.927
a 24 77 0 1 3375170446785.5317
a 24 78 0 1 6001116340890.326
a 24 79 0 1 2542984752817.144
a 24 80 0 1 3546518573342.7056
a 25 30 0 1 28480839436762.836
a 25 31 0 1 9994034334462.543
a 25 32 0 1 14265159630701.414
a 25 33 0 1 33780061608146.57
a 25 34 0 1 11515970582040.844
a 25 35 0 1 17436180664827.557
a 25 36 0 1 20311294947752.715
a 25 37 0 1 15487108687721.402
a 25 38 0 1 29715620819637.285
a 25 39 0 1 18627314436446.72
a 25 40 0 1 19883226267120.59
a 25 41 0 1 17039604738973.678
a 25 42 0 1 32649097913866.598
a 25 43 0 1 27152938315658.848
a 25 44 0 1 31690651592457.91
a 25 45 0 1 32508744115290.316
a 25 46 0 1 7606934478681.645
a 25 47 0 1 33269638215943.01
a 25 48 0 1 14646188401500.994
a 25 49 0 1 33823728470774.695
a 25 50 0 1 36522410775099.03
a 25 51 0 1 10209700418020.229
a 25 52 0 1 21834096491602.375
a 25 53 0 1 16901255432105.545
a 25 54 0 1 13579030692189.615
a 25 55 0 1 32275902787319.887
a 25 56 0 1 35030943186579.17
a 25 57 0 1 28503686879343.887
a 25 58 0 1 35478254407436.836
a 25 59 0 1 12568113898915.816
a 25 60 0 1 25421805419215.06
a 25 61 0 1 12602855791891.627
a 25 62 0 1 14727001580753.43
a 25 63 0 1 32408679711371.74
a 25 64 0 1 31511128121333.594
a 25 65 0 1 30573329307622.68
a 25 66 0 1 25310214609097.73
a 25 67 0 1 24327404389898.04
a 25 68 0 1 32126789416023.406
a 25 69 0 1 17751354110353.574
a 25 70 0 1 15026846314666.1
a 25 71 0 1 22997882972046.07
a 25 72 0 1 9442062844706.908
a 25 73 0 1 17241940594299.682
a 25 74 0 1 35997318138341.68
a 25 75 0 1 23355455574065.152
a 25 76 0 1 21231120244956.676
a 25 77 0 1 11651610559612.617
a 25 78 0 1 20732170380149.242
a 25 79 0 1 8776713525224.411
a 25 80 0 1 12243723551715.941
a 26 30 0 1 23337614592294.23
a 26 31 0 1 8192404182079.134
a 26 32 0 1 11692534290521.574
a 26 33 0 1 27676821877590.65
a 26 34 0 1 9439681857053.957
a 26 35 0 1 14290741636391.912
a 26 36 0 1 16646198588299.852
a 26 37 0 1 12693790880341.875
a 26 38 0 1 24348786868808.156
a 26 39 0 1 15266620283591.111
a 26 40 0 1 16295518265614.693
a 26 41 0 1 13965821991943.441
a 26 42 0 1 26750825746910.137
a 26 43 0 1 22250127727849.574
a 26 44 0 1 25966046996858.598
a 26 45 0 1 26635905592983.848
a 26 46 0 1 6235937121201.369
a 26 47 0 1 27258909287789.746
a 26 48 0 1 12004752084062.607
a 26 49 0 1 27712574002070.3
a 26 50 0 1 29921986306098.277
a 26 51 0 1 8369154549997.327
a 26 52 0 1 17893649933188.523
a 26 53 0 1 13852469403254.68
a 26 54 0 1 11130302688639.055
a 26 55 0 1 26445256178049.027
a 26 56 0 1 28700951950881.7
a 26 57 0 1 23356325017136.684
a 26 58 0 1 29067164584216.633
a 26 59 0 1 10301902387752.08
a 26 60 0 1 20832323134165.832
a 26 61 0 1 10330372365446.283
a 26 62 0 1 12070970365107.975
a 26 63 0 1 26553973543440.207
a 26 64 0 1 25819049145696.426
a 26 65 0 1 25051140513729.43
a 26 66 0 1 20740926316264.92
a 26 67 0 1 19935951654263.812
a 26 68 0 1 26323161858419.43
a 26 69 0 1 14548963381362.027
a 26 70 0 1 12316661054318.309
a 26 71 0 1 18846949339833.51
a 26 72 0 1 7740025587984.869
a 26 73 0 1 14131598973173.693
a 26 74 0 1 29492112254732.625
a 26 75 0 1 19139840652867.453
a 26 76 0 1 17399712210569.951
a 26 77 0 1 9550839528332.979
a 26 78 0 1 16990980001035.572
a 26 79 0 1 7194712277093.736
a 26 80 0 1 10036071884800.854
a 27 30 0 1 6129189345127.018
a 27 31 0 1 2154348888856.819
a 27 32 0 1 3073861885973.711
a 27 33 0 1 7266125211058.314
a 27 34 0 1 2482081665048.7056
a 27 35 0 1 3756079070679.1196
a 27 36 0 1 4374296660321.6523
a 27 37 0 1 3336799740192.747
a 27 38 0 1 6394206211136.093
a 27 39 0 1 4012239990162.887
a 27 40 0 1 4282272121538.962
a 27 41 0 1 3670780649347.855
a 27 42 0 1 7023571019274.825
a 27 43 0 1 5844120465681.861
a 27 44 0 1 6817977235952.827
a 27 45 0 1 6993466324828.542
a 27 46 0 1 1640130787933.6562
a 27 47 0 1 7156662470556.222
a 27 48 0 1 3155857529979.8755
a 27 49 0 1 7275489309571.445
a 27 50 0 1 7854062134595.506
a 27 51 0 1 2200795765526.429
a 27 52 0 1 4701604892828.668
a 27 53 0 1 3641022040319.9844
a 27 54 0 1 2926195847705.44
a 27 55 0 1 6943522157436.781
a 27 56 0 1 7534340026898.176
a 27 57 0 1 6134093550233.516
a 27 58 0 1 7630238050045.539
a 27 59 0 1 2708596851689.408
a 27 60 0 1 5472384490138.109
a 27 61 0 1 2716075674707.0205
a 27 62 0 1 3173247429841.3633
a 27 63 0 1 6972002895748.678
a 27 64 0 1 6779464168280.102
a 27 65 0 1 6578258395944.437
a 27 66 0 1 5448417970996.313
a 27 67 0 1 5237317519032.864
a 27 68 0 1 6911536424970.852
a 27 69 0 1 3823864497167.8857
a 27 70 0 1 3237767729701.3496
a 27 71 0 1 4951686336277.206
a 27 72 0 1 2035465431904.053
a 27 73 0 1 3714301273911.4077
a 27 74 0 1 7741509202418.08
a 27 75 0 1 5028513123279.915
a 27 76 0 1 4572013034598.128
a 27 77 0 1 2511285917331.5005
a 27 78 0 1 4464767880680.994
a 27 79 0 1 1892146932583.6975
a 27 80 0 1 2638763676092.95
a 28 30 0 1 4952092936289.493
a 28 31 0 1 1740764214832.1033
a 28 32 0 1 2483701708253.751
a 28 33 0 1 5870535334695.149
a 28 34 0 1 2005565423295.203
a 28 35 0 1 3034892150940.081
a 28 36 0 1 3534360407851.714
a 28 37 0 1 2696141645483.404
a 28 38 0 1 5166183659298.953
a 28 39 0 1 3241850468677.706
a 28 40 0 1 3460013119948.7944
a 28 41 0 1 2965977067730.2856
a 28 42 0 1 5674598473218.774
a 28 43 0 1 4721800630208.0205
a 28 44 0 1 5508516824414.351
a 28 45 0 1 5650279557559.887
a 28 46 0 1 1325279042686.0015
a 28 47 0 1 5782110877864.899
a 28 48 0 1 2549950134931.117
a 28 49 0 1 5878099672512.637
a 28 50 0 1 6345465896386.865
a 28 51 0 1 1778292550252.232
a 28 52 0 1 3798792634742.979
a 28 53 0 1 2941934158107.124
a 28 54 0 1 2364394243781.013
a 28 55 0 1 5609934017835.561
a 28 56 0 1 6087198567239.728
a 28 57 0 1 4956054762850.8
a 28 58 0 1 6164664117437.353
a 28 59 0 1 2188582700035.8616
a 28 60 0 1 4421490126005.548
a 28 61 0 1 2194625326851.9353
a 28 62 0 1 2564000283427.073
a 28 63 0 1 5632941134875.644
a 28 64 0 1 5477405240087.32
a 28 65 0 1 5314866550426.373
a 28 66 0 1 4402128372176.459
a 28 67 0 1 4231586450238.16
a 28 68 0 1 5584095485597.676
a 28 69 0 1 3089657789276.944
a 28 70 0 1 2616129287012.496
a 28 71 0 1 4000830780904.8228
a 28 72 0 1 1644707926993.4006
a 28 73 0 1 3001138682531.442
a 28 74 0 1 6254547529422.568
a 28 75 0 1 4062897878634.87
a 28 76 0 1 3694095867572.511
a 28 77 0 1 2029161660336.4392
a 28 78 0 1 3607452463606.692
a 28 79 0 1 1528907771351.8008
a 28 80 0 1 2132159845828.049
a 29 30 0 1 16279562937525.865
a 29 31 0 1 5717768711449.553
a 29 32 0 1 8159639783255.079
a 29 33 0 1 19303534838300.145
a 29 34 0 1 6588002107864.782
a 29 35 0 1 9971898238602.592
a 29 36 0 1 11614554002114.65
a 29 37 0 1 8858058498602.717
a 29 38 0 1 16984325686334.346
a 29 39 0 1 10652492180962.72
a 29 40 0 1 11370012569575.525
a 29 41 0 1 9745283625188.22
a 29 42 0 1 18658289622428.41
a 29 43 0 1 15521555265602.715
a 29 44 0 1 18111413717946.37
a 29 45 0 1 18578208970626.656
a 29 46 0 1 4352577277531.161
a 29 47 0 1 19012333495321.76
a 29 48 0 1 8377430092413.179
a 29 49 0 1 19328446511324.69
a 29 50 0 1 20867819167223.973
a 29 51 0 1 5841093137688.968
a 29 52 0 1 12484396222009.05
a 29 53 0 1 9666224862052.184
a 29 54 0 1 7767438168935.619
a 29 55 0 1 18445355926834.234
a 29 56 0 1 20017112383761.027
a 29 57 0 1 16292604104998.654
a 29 58 0 1 20272263984443.17
a 29 59 0 1 7189534570585.847
a 29 60 0 1 14533220873250.088
a 29 61 0 1 7209396177006.679
a 29 62 0 1 8423620636840.719
a 29 63 0 1 18521115268726.73
a 29 64 0 1 18008974403644.914
a 29 65 0 1 17473820014203.488
a 29 66 0 1 14469505906428.145
a 29 67 0 1 13908320756648.316
a 29 68 0 1 18360274212571.465
a 29 69 0 1 10151990865455.506
a 29 70 0 1 8595000250731.318
a 29 71 0 1 13149076631549.887
a 29 72 0 1 5402122681254.608
a 29 73 0 1 9860905119321.193
a 29 74 0 1 20568329912560.68
a 29 75 0 1 13353283893142.074
a 29 76 0 1 12139984711074.312
a 29 77 0 1 6665553840216.683
a 29 78 0 1 11854976095577.094
a 29 79 0 1 5021618475847.96
a 29 80 0 1 7004080441601.796
a 30 1 0 1 0
a 31 1 0 1 0
a 32 1 0 1 0
a 33 1 0 1 0
a 34 1 0 1 0
a 35 1 0 1 0
a 36 1 0 1 0
a 37 1 0 1 0
a 38 1 0 1 0
a 39 1 0 1 0
a 40 1 0 1 0
a 41 1 0 1 0
a 42 1 0 1 0
a 43 1 0 1 0
a 44 1 0 1 0
a 45 1 0 1 0
a 46 1 0 1 0
a 47 1 0 1 0
a 48 1 0 1 0
a 49 1 0 1 0
a 50 1 0 1 0
a 51 1 0 1 0
a 52 1 0 1 0
a 53 1 0 1 0
a 54 1 0 1 0
a 55 1 0 1 0
a 56 1 0 1 0
a 57 1 0 1 0
a 58 1 0 1 0
a 59 1 0 1 0
a 60 1 0 1 0
a 61 1 0 1 0
a 62 1 0 1 0
a 63 1 0 1 0
a 64 1 0 1 0
a 65 1 0 1 0
a 66 1 0 1 0
a 67 1 0 1 0
a 68 1 0 1 0
a 69 1 0 1 0
a 70 1 0 1 0
a 71 1 0 1 0
a 72 1 0 1 0
a 73 1 0 1 0
a 74 1 0 1 0
a 75 1 0 1 0
a 76 1 0 1 0
a 77 1 0 1 0
a 78 1 0 1 0
a 79 1 0 1 0
a 80 1 0 1 0
