p min 80 1535
n 0 31
n 1 -31
a 0 2 0 1 0
a 0 3 0 1 0
a 0 4 0 1 0
a 0 5 0 1 0
a 0 6 0 1 0
a 0 7 0 1 0
a 0 8 0 1 0
a 0 9 0 1 0
a 0 10 0 1 0
a 0 11 0 1 0
a 0 12 0 1 0
a 0 13 0 1 0
a 0 14 0 1 0
a 0 15 0 1 0
a 0 16 0 1 0
a 0 17 0 1 0
a 0 18 0 1 0
a 0 19 0 1 0
a 0 20 0 1 0
a 0 21 0 1 0
a 0 22 0 1 0
a 0 23 0 1 0
a 0 24 0 1 0
a 0 25 0 1 0
a 0 26 0 1 0
a 0 27 0 1 0
a 0 28 0 1 0
a 0 29 0 1 0
a 0 30 0 1 0
a 0 31 0 1 0
a 0 32 0 1 0
a 2 33 0 1 4154761677727.996
a 2 34 0 1 18399341337907.8
a 2 35 0 1 17024529818004.498
a 2 36 0 1 5900180016680.367
a 2 37 0 1 12704374674088.855
a 2 38 0 1 7335085987563.412
a 2 39 0 1 14718205874271.057
a 2 40 0 1 6010719939194.083
a 2 41 0 1 18434360987684.633
a 2 42 0 1 9593864282970.537
a 2 43 0 1 19282847417937.9
a 2 44 0 1 5002184012258.195
a 2 45 0 1 19631961371143.23
a 2 46 0 1 14614181454098.463
a 2 47 0 1 7086137426025.328
a 2 48 0 1 11023566762748.453
a 2 49 0 1 11821933637730.031
a 2 50 0 1 4668333243315.519
a 2 51 0 1 11064770394038.307
a 2 52 0 1 8894981398751.887
a 2 53 0 1 16848392520671.738
a 2 54 0 1 12597419539013.602
a 2 55 0 1 11680146493196.18
a 2 56 0 1 11093146118195.21
a 2 57 0 1 18500637027123.13
a 2 58 0 1 9034762479042.734
a 2 59 0 1 9768629283166.21
a 2 60 0 1 9156510769263.957
a 2 61 0 1 15122942284881.484
a 2 62 0 1 12383092927564.617
a 2 63 0 1 16636886138994.018
a 2 64 0 1 7331314928359.633
a 2 65 0 1 11680459779940.88
a 2 66 0 1 12516710970017.309
a 2 67 0 1 14260948142288.195
a 2 68 0 1 17635291407741.293
a 2 69 0 1 7138516205423.322
a 2 70 0 1 11366076927635.373
a 2 71 0 1 16189933248868.467
a 2 72 0 1 11912764022050.174
a 2 73 0 1 17668447917061.875
a 2 74 0 1 11569105526111.92
a 2 75 0 1 14467152193705.717
a 2 76 0 1 7212170659378.966
a 2 77 0 1 14798602607724.797
a 2 78 0 1 17170919353601.965
a 2 79 0 1 19793006531964.465
a 3 33 0 1 3379164214327.445
a 3 34 0 1 14960026923760.096
a 3 35 0 1 13842613058262.746
a 3 36 0 1 4798573460567.44
a 3 37 0 1 10330863532616.871
a 3 38 0 1 5965388001333.53
a 3 39 0 1 11967939495950.424
a 3 40 0 1 4888463157684.453
a 3 41 0 1 14988489191102.56
a 3 42 0 1 7802000281980.595
a 3 43 0 1 15678084540577.98
a 3 44 0 1 4068318382976.703
a 3 45 0 1 15961814643633.6
a 3 46 0 1 11883379840490.807
a 3 47 0 1 5762957042716.42
a 3 48 0 1 8964398870520.291
a 3 49 0 1 9613468191704.246
a 3 50 0 1 3796821988484.0605
a 3 51 0 1 8997897816666.54
a 3 52 0 1 7233757791809.546
a 3 53 0 1 13699448097168.943
a 3 54 0 1 10243914001548.998
a 3 55 0 1 9498197396283.238
a 3 56 0 1 9020967517121.746
a 3 57 0 1 15042355013451.629
a 3 58 0 1 7347411318959.225
a 3 59 0 1 7944094234963.821
a 3 60 0 1 7446402145921.256
a 3 61 0 1 12296939131487.855
a 3 62 0 1 10069675267903.674
a 3 63 0 1 13527533594486.652
a 3 64 0 1 5962321604410.106
a 3 65 0 1 9498452094424.746
a 3 66 0 1 10178301438094.574
a 3 67 0 1 11596239750525.79
a 3 68 0 1 14339033621126.516
a 3 69 0 1 5805548698185.043
a 3 70 0 1 9242861102675.252
a 3 71 0 1 13164240659522.492
a 3 72 0 1 9687311545019.814
a 3 73 0 1 14365982507329.11
a 3 74 0 1 9407922284821.225
a 3 75 0 1 11763861646388.596
a 3 76 0 1 5865440445512.806
a 3 77 0 1 12033292353099.395
a 3 78 0 1 13961598115970.598
a 3 79 0 1 16092697001726.986
a 4 33 0 1 3483376997342.814
a 4 34 0 1 15422026106997.838
a 4 35 0 1 14270047272022.732
a 4 36 0 1 4946585490852.837
a 4 37 0 1 10649728443344.465
a 4 38 0 1 6149415921586.016
a 4 39 0 1 12337405011508.682
a 4 40 0 1 5039249445194.897
a 4 41 0 1 15451368917565.78
a 4 42 0 1 8042738850491.243
a 4 43 0 1 16162300243561.002
a 4 44 0 1 4193794813456.0
a 4 45 0 1 16454809927580.586
a 4 46 0 1 12250231208459.338
a 4 47 0 1 5940735841648.213
a 4 48 0 1 9241042591984.568
a 4 49 0 1 9910165227434.2
a 4 50 0 1 3913921063006.1143
a 4 51 0 1 9275576428849.365
a 4 52 0 1 7456947609542.188
a 4 53 0 1 14122454450923.678
a 4 54 0 1 10560091927214.535
a 4 55 0 1 9791332858755.393
a 4 56 0 1 9299358831701.596
a 4 57 0 1 15506901214614.902
a 4 58 0 1 7574110852791.935
a 4 59 0 1 8189221390462.046
a 4 60 0 1 7676158676544.77
a 4 61 0 1 12676576114945.375
a 4 62 0 1 10380468893554.732
a 4 63 0 1 13945223110386.918
a 4 64 0 1 6146254861573.67
a 4 65 0 1 9791595426312.053
a 4 66 0 1 10492451787723.61
a 4 67 0 1 11954214622297.543
a 4 68 0 1 14781822483182.104
a 4 69 0 1 5984642292910.856
a 4 70 0 1 9528107672632.541
a 4 71 0 1 13570695248161.738
a 4 72 0 1 9986290203034.523
a 4 73 0 1 14809604969774.86
a 4 74 0 1 9698268544893.883
a 4 75 0 1 12127018218892.852
a 4 76 0 1 6046382908861.116
a 4 77 0 1 12404778277242.572
a 4 78 0 1 14392712459053.252
a 4 79 0 1 16589742433321.057
a 5 33 0 1 3293173707731.022
a 5 34 0 1 14578839931452.912
a 5 35 0 1 13489942422550.793
a 5 36 0 1 4676443411228.728
a 5 37 0 1 10067766072278.79
a 5 38 0 1 5813541095041.898
a 5 39 0 1 11663094396736.162
a 5 40 0 1 4764044041463.974
a 5 41 0 1 14606575749503.125
a 5 42 0 1 7603362101377.639
a 5 43 0 1 15278568973106.615
a 5 44 0 1 3964782777247.8906
a 5 45 0 1 15555055990230.055
a 5 46 0 1 11580691501842.717
a 5 47 0 1 5616266279532.889
a 5 48 0 1 8736136356246.099
a 5 49 0 1 9368660445360.28
a 5 50 0 1 3700198703088.752
a 5 51 0 1 8768781449740.648
a 5 52 0 1 7049598755422.327
a 5 53 0 1 13350430508785.602
a 5 54 0 1 9983033442340.494
a 5 55 0 1 9256328159309.604
a 5 56 0 1 8791263124238.065
a 5 57 0 1 14659066728819.244
a 5 58 0 1 7160356473284.84
a 5 59 0 1 7741835130467.825
a 5 60 0 1 7256825025730.284
a 5 61 0 1 11983702248262.857
a 5 62 0 1 9813237041180.027
a 5 63 0 1 13182902481749.24
a 5 64 0 1 5810552804426.513
a 5 65 0 1 9256576364712.559
a 5 66 0 1 9919093735249.48
a 5 67 0 1 11300874840466.992
a 5 68 0 1 13973695235372.615
a 5 69 0 1 5657773097315.831
a 5 70 0 1 9007500686011.316
a 5 71 0 1 12828878572389.986
a 5 72 0 1 9440621327153.775
a 5 73 0 1 13999956394626.188
a 5 74 0 1 9168354308479.312
a 5 75 0 1 11464221643555.787
a 5 76 0 1 5716139344616.283
a 5 77 0 1 11726780349789.81
a 5 78 0 1 13605891326525.738
a 5 79 0 1 15682597017060.783
a 6 33 0 1 3020856514455.4414
a 6 34 0 1 13371856988566.402
a 6 35 0 1 12373237833164.918
a 6 36 0 1 4289685186439.967
a 6 37 0 1 9234652298085.967
a 6 38 0 1 5332683164754.623
a 6 39 0 1 10697803567653.207
a 6 40 0 1 4370037292586.9326
a 6 41 0 1 13397293013304.432
a 6 42 0 1 6974343026324.452
a 6 43 0 1 14013561913190.945
a 6 44 0 1 3636906022336.3276
a 6 45 0 1 14267119242232.982
a 6 46 0 1 10622229055257.312
a 6 47 0 1 5151735305779.8545
a 6 48 0 1 8013317435497.475
a 6 49 0 1 8593455338855.465
a 6 50 0 1 3394210882852.3315
a 6 51 0 1 8043259005701.78
a 6 52 0 1 6466426119983.079
a 6 53 0 1 12245291077985.283
a 6 54 0 1 9156938739148.363
a 6 55 0 1 8490427019797.464
a 6 56 0 1 8063878835802.416
a 6 57 0 1 13445431518661.916
a 6 58 0 1 6568014560896.796
a 6 59 0 1 7101350942218.565
a 6 60 0 1 6656496615898.897
a 6 61 0 1 10991842859831.21
a 6 62 0 1 9001207533005.457
a 6 63 0 1 12091650218988.15
a 6 64 0 1 5329942197610.667
a 6 65 0 1 8490654667730.887
a 6 66 0 1 9098295578366.836
a 6 67 0 1 10365598740910.248
a 6 68 0 1 12816886213102.93
a 6 69 0 1 5189806972143.131
a 6 70 0 1 8262207996601.066
a 6 71 0 1 11766971362370.852
a 6 72 0 1 8659455915542.877
a 6 73 0 1 12840970133101.502
a 6 74 0 1 8409739484604.427
a 6 75 0 1 10515410363262.16
a 6 76 0 1 5243342711528.069
a 6 77 0 1 10756212051319.102
a 6 78 0 1 12479574628780.604
a 6 79 0 1 14384082554612.383
a 7 33 0 1 2893544896755.6914
a 7 34 0 1 12807666798070.527
a 7 35 0 1 11851239252056.986
a 7 36 0 1 4108874483095.3237
a 7 37 0 1 8845198321382.582
a 7 38 0 1 5107884122880.357
a 7 39 0 1 10246571131805.34
a 7 40 0 1 4185838106693.015
a 7 41 0 1 12832028030681.979
a 7 42 0 1 6680286638599.17
a 7 43 0 1 13422254817562.48
a 7 44 0 1 3483621069054.064
a 7 45 0 1 13665096366597.875
a 7 46 0 1 10174188081167.785
a 7 47 0 1 4934568447775.221
a 7 48 0 1 7675416470222.982
a 7 49 0 1 8231068262309.15
a 7 50 0 1 3251158649104.5938
a 7 51 0 1 7704094361333.476
a 7 52 0 1 6193800100146.524
a 7 53 0 1 11728697569410.049
a 7 54 0 1 8770765495161.327
a 7 55 0 1 8132388729283.792
a 7 56 0 1 7723843930010.96
a 7 57 0 1 12878132440427.95
a 7 58 0 1 6291102446054.209
a 7 59 0 1 6801935376840.675
a 7 60 0 1 6375851296377.867
a 7 61 0 1 10528192832734.986
a 7 62 0 1 8621608422519.9795
a 7 63 0 1 11581547021178.836
a 7 64 0 1 5105258769021.491
a 7 65 0 1 8132606768393.875
a 7 66 0 1 8714597959559.948
a 7 67 0 1 9928394698569.791
a 7 68 0 1 12276144657144.264
a 7 69 0 1 4971034317963.1455
a 7 70 0 1 7913802392114.261
a 7 71 0 1 11270582976839.195
a 7 72 0 1 8294282927914.572
a 7 73 0 1 12299211042517.303
a 7 74 0 1 8055106915165.559
a 7 75 0 1 10071880181283.459
a 7 76 0 1 5022311990859.898
a 7 77 0 1 10302513027331.111
a 7 78 0 1 11953083765389.709
a 7 79 0 1 13777116401117.213
a 8 33 0 1 1667509829842.3772
a 8 34 0 1 7377310823098.771
a 8 35 0 1 6826720205692.34
a 8 36 0 1 2367747043301.151
a 8 37 0 1 5095885169884.73
a 8 38 0 1 2943284862669.5444
a 8 39 0 1 5902838670199.449
a 8 40 0 1 2412088426536.335
a 8 41 0 1 7391334283094.022
a 8 42 0 1 3849045437837.3564
a 8 43 0 1 7731086106744.618
a 8 44 0 1 2007504762504.8767
a 8 45 0 1 7870867124538.342
a 8 46 0 1 5861160991851.766
a 8 47 0 1 2843440274358.797
a 8 48 0 1 4422204280793.442
a 8 49 0 1 4742215415753.373
a 8 50 0 1 1873564994354.8062
a 8 51 0 1 4438720884777.276
a 8 52 0 1 3568826494801.895
a 8 53 0 1 6756172407971.196
a 8 54 0 1 5053021373778.984
a 8 55 0 1 4685385139573.521
a 8 56 0 1 4450095327626.538
a 8 57 0 1 7417874037061.246
a 8 58 0 1 3624874250206.2036
a 8 59 0 1 3919113705346.1416
a 8 60 0 1 3673690551384.5986
a 8 61 0 1 6064991765919.372
a 8 62 0 1 4967125022986.557
a 8 63 0 1 6671456059628.548
a 8 64 0 1 2941772447872.2217
a 8 65 0 1 4685510710520.596
a 8 66 0 1 5020675844671.363
a 8 67 0 1 5719632600395.809
a 8 68 0 1 7071333616333.74
a 8 69 0 1 2864447861304.133
a 8 70 0 1 4559497694034.703
a 8 71 0 1 6492426296332.145
a 8 72 0 1 4778620923537.023
a 8 73 0 1 7084612392395.026
a 8 74 0 1 4640877586303.604
a 8 75 0 1 5802252282080.455
a 8 76 0 1 2893988238463.9307
a 8 77 0 1 5935049439090.698
a 8 78 0 1 6885351907302.943
a 8 79 0 1 7935345394452.728
a 9 33 0 1 4060380201410.27
a 9 34 0 1 17980702756877.46
a 9 35 0 1 16637232152199.525
a 9 36 0 1 5766122486023.265
a 9 37 0 1 12415498424815.715
a 9 38 0 1 7168399154842.204
a 9 39 0 1 14383462593819.207
a 9 40 0 1 5874149140645.394
a 9 41 0 1 18014923953956.117
a 9 42 0 1 9375792204959.494
a 9 43 0 1 18844062857061.867
a 9 44 0 1 4888541263846.244
a 9 45 0 1 19185215101554.816
a 9 46 0 1 14281807943556.635
a 9 47 0 1 6925112359230.458
a 9 48 0 1 10772956694581.85
a 9 49 0 1 11553149322449.152
a 9 50 0 1 4562279110175.687
a 9 51 0 1 10813222434771.428
a 9 52 0 1 8692811090054.143
a 9 53 0 1 16465109471307.441
a 9 54 0 1 12310978719327.744
a 9 55 0 1 11414590098614.336
a 9 56 0 1 10840952255966.713
a 9 57 0 1 18079688873608.914
a 9 58 0 1 8829411914076.47
a 9 59 0 1 9546580364463.488
a 9 60 0 1 8948390143031.984
a 9 61 0 1 14778978216969.492
a 9 62 0 1 12101532270980.021
a 9 63 0 1 16258423647112.307
a 9 64 0 1 7164713862124.297
a 9 65 0 1 11414896253198.867
a 9 66 0 1 12232107891799.209
a 9 67 0 1 13936621190529.523
a 9 68 0 1 17234071701334.748
a 9 69 0 1 6976299929376.785
a 9 70 0 1 11107670262048.436
a 9 71 0 1 15821656749854.414
a 9 72 0 1 11641911811600.656
a 9 73 0 1 17266472367920.768
a 9 74 0 1 11306077014024.36
a 9 75 0 1 14138128047433.266
a 9 76 0 1 7048279294447.561
a 9 77 0 1 14462027779327.393
a 9 78 0 1 16780284977338.076
a 9 79 0 1 19342587340565.99
a 10 33 0 1 1221154087544.677
a 10 34 0 1 5401615943431.852
a 10 35 0 1 4998562166543.929
a 10 36 0 1 1733915764754.314
a 10 37 0 1 3731434335296.7456
a 10 38 0 1 2155347425923.803
a 10 39 0 1 4322214135516.3174
a 10 40 0 1 1766384819201.5852
a 10 41 0 1 5411881483531.705
a 10 42 0 1 2818551023537.3345
a 10 43 0 1 5660586004663.088
a 10 44 0 1 1470124442727.605
a 10 45 0 1 5762906740974.073
a 10 46 0 1 4291702155182.1157
a 10 47 0 1 2082238323003.0217
a 10 48 0 1 3238202401936.7275
a 10 49 0 1 3472499433097.469
a 10 50 0 1 1372044099015.7266
a 10 51 0 1 3250295192069.415
a 10 52 0 1 2613376905718.3516
a 10 53 0 1 4946917441251.146
a 10 54 0 1 3700052442046.238
a 10 55 0 1 3430891328030.259
a 10 56 0 1 3258623092409.3735
a 10 57 0 1 5431309254408.677
a 10 58 0 1 2654414917381.9365
a 10 59 0 1 2869853906739.8706
a 10 60 0 1 2690157962676.509
a 10 61 0 1 4440924705738.293
a 10 62 0 1 3637164852519.7603
a 10 63 0 1 4884900289266.641
a 10 64 0 1 2154239995307.9856
a 10 65 0 1 3430983264558.0684
a 10 66 0 1 3676371238136.4956
a 10 67 0 1 4188089476413.8486
a 10 68 0 1 5177630400864.09
a 10 69 0 1 2097620724742.437
a 10 70 0 1 3338722717802.934
a 10 71 0 1 4753839324165.633
a 10 72 0 1 3499153532629.1875
a 10 73 0 1 5187350996556.527
a 10 74 0 1 3398305163322.4404
a 10 75 0 1 4248575305470.244
a 10 76 0 1 2119251064393.4614
a 10 77 0 1 4345795394023.5776
a 10 78 0 1 5041483507171.073
a 10 79 0 1 5810105012809.037
a 11 33 0 1 7455220306975.812
a 11 34 0 1 33058556923671.547
a 11 35 0 1 30584535261722.348
a 11 36 0 1 10588854975188.545
a 11 37 0 1 22814335573605.16
a 11 38 0 1 13165762206825.426
a 11 39 0 1 26435629731177.168
a 11 40 0 1 10787346422858.89
a 11 41 0 1 33121584194039.324
a 11 42 0 1 17223612258008.46
a 11 43 0 1 34648787783285.473
a 11 44 0 1 8976513851061.04
a 11 45 0 1 35277232595475.13
a 11 46 0 1 26248539000493.066
a 11 47 0 1 12718633907232.398
a 11 48 0 1 19792913336268.74
a 11 49 0 1 21227942258400.53
a 11 50 0 1 8377156389117.641
a 11 51 0 1 19866969881451.53
a 11 52 0 1 15967903522600.367
a 11 53 0 1 30267615246659.574
a 11 54 0 1 22622045109256.754
a 11 55 0 1 20973070813368.07
a 11 56 0 1 19917970763035.637
a 11 57 0 1 33240866849477.043
a 11 58 0 1 16219040481473.78
a 11 59 0 1 17537644166248.674
a 11 60 0 1 16437784167848.697
a 11 61 0 1 27163593152714.13
a 11 62 0 1 22236727028028.5
a 11 63 0 1 29887069980154.426
a 11 64 0 1 13158988979580.684
a 11 65 0 1 20973633958979.19
a 11 66 0 1 22476944823266.973
a 11 67 0 1 25613266048163.824
a 11 68 0 1 31683544915565.24
a 11 69 0 1 12812708010329.361
a 11 70 0 1 20408534346368.645
a 11 71 0 1 29082954749560.12
a 11 72 0 1 21391219161065.156
a 11 73 0 1 31743210559411.918
a 11 74 0 1 20773472219069.25
a 11 75 0 1 25984109005601.57
a 11 76 0 1 12944995490289.363
a 11 77 0 1 26580227880434.316
a 11 78 0 1 30847938592618.234
a 11 79 0 1 35567145821262.664
a 12 33 0 1 2015743355035.0269
a 12 34 0 1 8919172723339.14
a 12 35 0 1 8253398990233.501
a 12 36 0 1 2862262428810.238
a 12 37 0 1 6160589629647.472
a 12 38 0 1 3558053345143.74
a 12 39 0 1 7136281846229.361
a 12 40 0 1 2915867833031.0513
a 12 41 0 1 8936130110521.877
a 12 42 0 1 4653102912382.93
a 12 43 0 1 9346966831142.906
a 12 44 0 1 2426760787857.199
a 12 45 0 1 9515995617220.979
a 12 46 0 1 7085888192118.012
a 12 47 0 1 3437345808265.693
a 12 48 0 1 5346067141385.649
a 12 49 0 1 5732977400070.919
a 12 50 0 1 2264841161469.603
a 12 51 0 1 5366036436649.77
a 12 52 0 1 4314317742068.79
a 12 53 0 1 8168093925935.876
a 12 54 0 1 6108763822287.587
a 12 55 0 1 5664266178066.091
a 12 56 0 1 5379788643845.992
a 12 57 0 1 8968222427516.803
a 12 58 0 1 4382079206488.756
a 12 59 0 1 4737816278902.596
a 12 60 0 1 4441098026742.998
a 12 61 0 1 7332346681071.18
a 12 62 0 1 6004908486642.934
a 12 63 0 1 8065656900911.984
a 12 64 0 1 3556224900559.301
a 12 65 0 1 5664418000687.288
a 12 66 0 1 6069655523958.173
a 12 67 0 1 6914762984827.692
a 12 68 0 1 8549183150475.586
a 12 69 0 1 3462742971093.683
a 12 70 0 1 5512061354166.646
a 12 71 0 1 7849179677564.879
a 12 72 0 1 5776993947398.857
a 12 73 0 1 8565239817244.087
a 12 74 0 1 5610454000470.805
a 12 75 0 1 7014660185359.71
a 12 76 0 1 3498455910562.3276
a 12 77 0 1 7175228862910.919
a 12 78 0 1 8324295556779.428
a 12 79 0 1 9593965698510.584
a 13 33 0 1 7706775705054.754
a 13 34 0 1 34177431944306.773
a 13 35 0 1 31619371236808.324
a 13 36 0 1 10946279368880.377
a 13 37 0 1 23585550397989.285
a 13 38 0 1 13610305902553.56
a 13 39 0 1 27329644266282.46
a 13 40 0 1 11151479456046.064
a 13 41 0 1 34242600809299.438
a 13 42 0 1 17805450904508.64
a 13 43 0 1 35821706856004.34
a 13 44 0 1 9279455875174.84
a 13 45 0 1 36471515028954.17
a 13 46 0 1 27136206611112.953
a 13 47 0 1 13148057392233.736
a 13 48 0 1 20461751357846.43
a 13 49 0 1 21945395111036.348
a 13 50 0 1 8659850948563.92
a 13 51 0 1 20538316328597.617
a 13 52 0 1 16507241837449.127
a 13 53 0 1 31291689469526.984
a 13 54 0 1 23386742237187.02
a 13 55 0 1 21681888109842.082
a 13 56 0 1 20591044725546.363
a 13 57 0 1 34365936641022.24
a 13 58 0 1 16766877684291.252
a 13 59 0 1 18130113426135.105
a 13 60 0 1 16993024431009.615
a 13 61 0 1 28082306036816.81
a 13 62 0 1 22988364675138.434
a 13 63 0 1 30898222981042.594
a 13 64 0 1 13603303618032.525
a 13 65 0 1 21682470335380.336
a 13 66 0 1 23236723966091.055
a 13 67 0 1 26479384569904.008
a 13 68 0 1 32755706596555.96
a 13 69 0 1 13245312596800.928
a 13 70 0 1 21098225879638.645
a 13 71 0 1 30066808274656.723
a 13 72 0 1 22114204438262.887
a 13 73 0 1 32817398946405.277
a 13 74 0 1 21475527080342.195
a 13 75 0 1 26862806492465.895
a 13 76 0 1 13382073478272.574
a 13 77 0 1 27479148002079.152
a 13 78 0 1 31891719655029.35
a 13 79 0 1 36771284646020.88
a 14 33 0 1 5074442730559.153
a 14 34 0 1 22480316816686.734
a 14 35 0 1 20799841110765.62
a 14 36 0 1 7206540411533.727
a 14 37 0 1 15519947870992.648
a 14 38 0 1 8959477144390.432
a 14 39 0 1 17981013780352.547
a 14 40 0 1 7341575700780.239
a 14 41 0 1 22523123989686.97
a 14 42 0 1 11719148397897.57
a 14 43 0 1 23560316745401.742
a 14 44 0 1 6109578990665.21
a 14 45 0 1 23987087940410.414
a 14 46 0 1 17853881249832.83
a 14 47 0 1 8655342731539.868
a 14 48 0 1 13466057552106.172
a 14 49 0 1 14441612823489.355
a 14 50 0 1 5701771043488.885
a 14 51 0 1 13516404884046.582
a 14 52 0 1 10865251482865.959
a 14 53 0 1 20584551454621.977
a 14 54 0 1 15389247062825.844
a 14 55 0 1 14268354737218.533
a 14 56 0 1 13551077666473.996
a 14 57 0 1 22604138427631.336
a 14 58 0 1 11036033929921.344
a 14 59 0 1 11932681490999.326
a 14 60 0 1 11184785175355.633
a 14 61 0 1 18475665262508.438
a 14 62 0 1 15127338821842.574
a 14 63 0 1 20326033326062.242
a 14 64 0 1 8954870104099.23
a 14 65 0 1 14268737559412.27
a 14 66 0 1 15290620432253.568
a 14 67 0 1 17422185311705.652
a 14 68 0 1 21546379764211.445
a 14 69 0 1 8719332293490.854
a 14 70 0 1 13884579055639.547
a 14 71 0 1 19779744949408.01
a 14 72 0 1 14552604494575.545
a 14 73 0 1 21586907892025.062
a 14 74 0 1 14132668097762.346
a 14 75 0 1 17674191885652.65
a 14 76 0 1 8809313989479.541
a 14 77 0 1 18079270404723.074
a 14 78 0 1 20978772054955.5
a 14 79 0 1 24183958713061.83
a 15 33 0 1 6150643442390.599
a 15 34 0 1 27259605174224.113
a 15 35 0 1 25220823843310.28
a 15 36 0 1 8735376784083.866
a 15 37 0 1 18816262483683.11
a 15 38 0 1 10860656702479.643
a 15 39 0 1 21801352775258.11
a 15 40 0 1 8899088587984.904
a 15 41 0 1 27311541752123.043
a 15 42 0 1 14206882086373.562
a 15 43 0 1 28569968020502.56
a 15 44 0 1 7405501272620.837
a 15 45 0 1 29087788251235.5
a 15 46 0 1 21647141627717.95
a 15 47 0 1 10491907705209.152
a 15 48 0 1 16325321591127.191
a 15 49 0 1 17508435557963.045
a 15 50 0 1 6911123033933.048
a 15 51 0 1 16386379414784.701
a 15 52 0 1 13171445424579.652
a 15 53 0 1 24959642972681.367
a 15 54 0 1 18657742174441.48
a 15 55 0 1 17298311030668.246
a 15 56 0 1 16428428297254.734
a 15 57 0 1 27409834284999.574
a 15 58 0 1 13378533009870.682
a 15 59 0 1 14465819396393.014
a 15 60 0 1 13558907384791.654
a 15 61 0 1 22401371791135.51
a 15 62 0 1 18340090152920.934
a 15 63 0 1 24646022680705.707
a 15 64 0 1 10855070836946.996
a 15 65 0 1 17298775309095.459
a 15 66 0 1 18538123662982.92
a 15 67 0 1 21123503708252.61
a 15 68 0 1 26126516303305.93
a 15 69 0 1 10569491652338.58
a 15 70 0 1 16832880613825.793
a 15 71 0 1 23983308085875.457
a 15 72 0 1 17643045349216.06
a 15 73 0 1 26175685530817.664
a 15 74 0 1 17133753775006.117
a 15 75 0 1 21429180933818.26
a 15 76 0 1 10678590093118.049
a 15 77 0 1 21920538246385.547
a 15 78 0 1 25437897867032.633
a 15 79 0 1 29326663863628.266
a 16 33 0 1 6424607321787.078
a 16 34 0 1 28476899526515.992
a 16 35 0 1 26346798737358.97
a 16 36 0 1 9124591663054.47
a 16 37 0 1 19655660568829.74
a 16 38 0 1 11344689648231.742
a 16 39 0 1 22774265985253.938
a 16 40 0 1 9295605646265.896
a 16 41 0 1 28531162991037.76
a 16 42 0 1 14840303109896.264
a 16 43 0 1 29845978743753.133
a 16 44 0 1 7735409216610.717
a 16 45 0 1 30387007211593.43
a 16 46 0 1 22613155035695.64
a 16 47 0 1 10959485663857.678
a 16 48 0 1 17053379893508.645
a 16 49 0 1 18289368230785.555
a 16 50 0 1 7218988594356.244
a 16 51 0 1 17117166075050.354
a 16 52 0 1 13758627816291.549
a 16 53 0 1 26073922498755.984
a 16 54 0 1 19490052749565.945
a 16 55 0 1 18069851960490.848
a 16 56 0 1 17161093927583.008
a 16 57 0 1 28633859351088.07
a 16 58 0 1 13974962217948.229
a 16 59 0 1 15110805367715.553
a 16 60 0 1 14163390993839.229
a 16 61 0 1 23401133825502.16
a 16 62 0 1 19158199185294.586
a 16 63 0 1 25746259634971.938
a 16 64 0 1 11338854509179.629
a 16 65 0 1 18070336989821.023
a 16 66 0 1 19365086222821.406
a 16 67 0 1 22066090123622.246
a 16 68 0 1 27293052718621.4
a 16 69 0 1 11040531581471.947
a 16 70 0 1 17583620318003.771
a 16 71 0 1 25053875006990.234
a 16 72 0 1 18429994801709.105
a 16 73 0 1 27344424247500.668
a 16 74 0 1 17897939971763.426
a 16 75 0 1 22385442658213.457
a 16 76 0 1 11154498349734.018
a 16 77 0 1 22898784295221.88
a 16 78 0 1 26573593636237.234
a 16 79 0 1 30636589988676.195
a 17 33 0 1 5045885472998.116
a 17 34 0 1 22353552676804.754
a 17 35 0 1 20682575576839.164
a 17 36 0 1 7165974522443.6455
a 17 37 0 1 15432502275729.102
a 17 38 0 1 8909033783028.398
a 17 39 0 1 17879672988894.098
a 17 40 0 1 7300249053889.361
a 17 41 0 1 22396117841731.36
a 17 42 0 1 11653146767034.125
a 17 43 0 1 23427446158381.08
a 17 44 0 1 6075192258684.98
a 17 45 0 1 23851803922396.44
a 17 46 0 1 17753258441375.47
a 17 47 0 1 8606613395247.298
a 17 48 0 1 13390202244403.004
a 17 49 0 1 14360253049353.672
a 17 50 0 1 5669681088097.736
a 17 51 0 1 13440265526988.121
a 17 52 0 1 10804064938907.354
a 17 53 0 1 20468502545151.105
a 17 54 0 1 15302539186359.02
a 17 55 0 1 14187972643122.623
a 17 56 0 1 13474742690760.037
a 17 57 0 1 22476674262370.734
a 17 58 0 1 10973884426614.719
a 17 59 0 1 11865475609327.514
a 17 60 0 1 11121796905274.922
a 17 61 0 1 18371530720028.664
a 17 62 0 1 15042109176084.96
a 17 63 0 1 20211445250446.03
a 17 64 0 1 8904452707747.791
a 17 65 0 1 14188353305127.455
a 17 66 0 1 15204469222650.959
a 17 67 0 1 17324000357005.012
a 17 68 0 1 21424894997401.4
a 17 69 0 1 8670242338034.445
a 17 70 0 1 13806362435637.332
a 17 71 0 1 19668243554935.582
a 17 72 0 1 14470618383886.396
a 17 73 0 1 21465194050651.066
a 17 74 0 1 14053051644277.898
a 17 75 0 1 17574583840112.535
a 17 76 0 1 8759716924814.004
a 17 77 0 1 17977374693087.63
a 17 78 0 1 20860495317838.76
a 17 79 0 1 24047561292942.805
a 18 33 0 1 3398288347198.295
a 18 34 0 1 15044805742265.87
a 18 35 0 1 13921049312453.709
a 18 36 0 1 4825735100412.106
a 18 37 0 1 10389377389571.875
a 18 38 0 1 5999158791174.955
a 18 39 0 1 12035738581925.838
a 18 40 0 1 4916133893360.002
a 18 41 0 1 15073429586011.432
a 18 42 0 1 7846177753816.814
a 18 43 0 1 15766939999547.092
a 18 44 0 1 4091344570962.4727
a 18 45 0 1 16052281115089.357
a 18 46 0 1 11950699231614.7
a 18 47 0 1 5795581081370.447
a 18 48 0 1 9015165056597.053
a 18 49 0 1 9667914207871.777
a 18 50 0 1 3818310864250.1797
a 18 51 0 1 9048853907950.326
a 18 52 0 1 7274714993695.324
a 18 53 0 1 13777071849854.088
a 18 54 0 1 10301934793318.375
a 18 55 0 1 9551989856436.443
a 18 56 0 1 9072054391175.85
a 18 57 0 1 15127601200188.656
a 18 58 0 1 7389012569435.98
a 18 59 0 1 7989077029404.043
a 18 60 0 1 7488564368625.866
a 18 61 0 1 12366604674784.236
a 18 62 0 1 10126708033002.27
a 18 63 0 1 13604181719504.125
a 18 64 0 1 5996075023017.044
a 18 65 0 1 9552245998633.342
a 18 66 0 1 10235950166909.918
a 18 67 0 1 11661930307022.307
a 18 68 0 1 14420287410576.293
a 18 69 0 1 5838414009852.093
a 18 70 0 1 9295205933279.305
a 18 71 0 1 13238827197703.516
a 18 72 0 1 9742176243336.318
a 18 73 0 1 14447389259899.605
a 18 74 0 1 9461202920296.31
a 18 75 0 1 11830503043884.666
a 18 76 0 1 5898645035701.883
a 18 77 0 1 12101462182935.883
a 18 78 0 1 14040709664398.0
a 18 79 0 1 16183906655642.314
a 19 33 0 1 4730652630242.226
a 19 34 0 1 20954441364894.883
a 19 35 0 1 19388284504869.15
a 19 36 0 1 6718190358240.273
a 19 37 0 1 14467301961103.922
a 19 38 0 1 8352225348522.749
a 19 39 0 1 16761122877090.617
a 19 40 0 1 6844067790735.067
a 19 41 0 1 20994335927194.586
a 19 42 0 1 10924617355627.688
a 19 43 0 1 21960949651491.816
a 19 44 0 1 5695613103609.594
a 19 45 0 1 22358675301195.89
a 19 46 0 1 16642631969918.166
a 19 47 0 1 8068723588228.466
a 19 48 0 1 12552918872632.96
a 19 49 0 1 13462218772775.576
a 19 50 0 1 5315453854912.119
a 19 51 0 1 12599847177393.547
a 19 52 0 1 10128680198679.324
a 19 53 0 1 19187637523426.523
a 19 54 0 1 14345480629518.523
a 19 55 0 1 13300728617536.84
a 19 56 0 1 12632165351095.61
a 19 57 0 1 21069838049392.9
a 19 58 0 1 10287871335926.697
a 19 59 0 1 11123654853324.375
a 19 60 0 1 10426526222363.145
a 19 61 0 1 17222149000030.44
a 19 62 0 1 14101365010852.562
a 19 63 0 1 18946701309795.387
a 19 64 0 1 8347930862527.362
a 19 65 0 1 13301085438394.809
a 19 66 0 1 14253554273549.463
a 19 67 0 1 16240278089169.459
a 19 68 0 1 20084042962648.516
a 19 69 0 1 8128372173568.914
a 19 70 0 1 12943017957795.357
a 19 71 0 1 18437563002391.36
a 19 72 0 1 13565671504698.086
a 19 73 0 1 20121814099839.03
a 19 74 0 1 13174257698474.816
a 19 75 0 1 16475156290748.725
a 19 76 0 1 8212249516279.214
a 19 77 0 1 16852700508512.408
a 19 78 0 1 19555045154934.04
a 19 79 0 1 22542146384163.445
a 20 33 0 1 2239850524065.8145
a 20 34 0 1 9911668687517.648
a 20 35 0 1 9171731603603.992
a 20 36 0 1 3180518721850.3228
a 20 37 0 1 6845877629078.796
a 20 38 0 1 3953710176808.131
a 20 39 0 1 7930202442592.2295
a 20 40 0 1 3240086759655.4336
a 20 41 0 1 9930515194771.822
a 20 42 0 1 5170602162572.335
a 20 43 0 1 10387123258065.305
a 20 44 0 1 2696578415682.829
a 20 45 0 1 10574984948215.408
a 20 46 0 1 7874197345076.316
a 20 47 0 1 3819574014239.4277
a 20 48 0 1 5940687790384.531
a 20 49 0 1 6370664028537.005
a 20 50 0 1 2516650657066.4663
a 20 51 0 1 5962879711867.124
a 20 52 0 1 4794117878212.947
a 20 53 0 1 9076924960738.287
a 20 54 0 1 6788282346654.107
a 20 55 0 1 6294304426884.873
a 20 56 0 1 5978162576393.558
a 20 57 0 1 9966182745376.951
a 20 58 0 1 4869419396982.841
a 20 59 0 1 5264742718320.348
a 20 60 0 1 4935005553619.182
a 20 61 0 1 8148100213317.248
a 20 62 0 1 6672865612066.62
a 20 63 0 1 8963078413094.518
a 20 64 0 1 3951678315999.4893
a 20 65 0 1 6294473149028.375
a 20 66 0 1 6744820392521.783
a 20 67 0 1 7684017512427.323
a 20 68 0 1 9500462852098.363
a 20 69 0 1 3847796558508.489
a 20 70 0 1 6125157867120.608
a 20 71 0 1 8722490757097.3
a 20 72 0 1 6419580213951.792
a 20 73 0 1 9518308125549.844
a 20 74 0 1 6234502405127.126
a 20 75 0 1 7795038067682.44
a 20 76 0 1 3887482519136.0527
a 20 77 0 1 7973486344184.996
a 20 78 0 1 9250525037309.39
a 20 79 0 1 10661642599861.137
a 21 33 0 1 6196495754410.989
a 21 34 0 1 27463320764573.926
a 21 35 0 1 25409258668277.598
a 21 36 0 1 8800517506094.713
a 21 37 0 1 18956741793923.188
a 21 38 0 1 10941665858816.096
a 21 39 0 1 21964174718557.156
a 21 40 0 1 8965451388538.887
a 21 41 0 1 27515646704061.855
a 21 42 0 1 14312891746172.277
a 21 43 0 1 28783508660201.402
a 21 44 0 1 7460716437833.414
a 21 45 0 1 29305212310165.023
a 21 46 0 1 21808808961202.57
a 21 47 0 1 10570163030661.613
a 21 48 0 1 16447168687933.566
a 21 49 0 1 17639130993183.41
a 21 50 0 1 6962649176330.478
a 21 51 0 1 16508683094804.354
a 21 52 0 1 13269716999376.135
a 21 53 0 1 25146120756482.86
a 21 54 0 1 18797035433510.805
a 21 55 0 1 17427434797548.762
a 21 56 0 1 16551046417624.68
a 21 57 0 1 27614676135771.977
a 21 58 0 1 13478352054866.393
a 21 59 0 1 14573764451979.592
a 21 60 0 1 13660074345037.656
a 21 61 0 1 22568686590280.38
a 21 62 0 1 18477006866387.39
a 21 63 0 1 24830150648840.125
a 21 64 0 1 10936038276078.445
a 21 65 0 1 17427902548555.299
a 21 66 0 1 18676521963550.47
a 21 67 0 1 21281250767769.746
a 21 68 0 1 26321738445214.0
a 21 69 0 1 10648326357952.941
a 21 70 0 1 16958523373786.326
a 21 71 0 1 24162471194164.26
a 21 72 0 1 17774747665495.234
a 21 73 0 1 26371276190859.09
a 21 74 0 1 17261646756541.068
a 21 75 0 1 21589216422285.305
a 21 76 0 1 10758239539970.908
a 21 77 0 1 22084252583527.05
a 21 78 0 1 25627959328615.508
a 21 79 0 1 29545879539640.625
a 22 33 0 1 5723985323529.2
a 22 34 0 1 25364376070119.777
a 22 35 0 1 23467724650367.945
a 22 36 0 1 8129252889372.013
a 22 37 0 1 17509242010622.928
a 22 38 0 1 10106893779617.727
a 22 39 0 1 20286496436436.38
a 22 40 0 1 8281594345091.849
a 22 41 0 1 25412691173686.617
a 22 42 0 1 13220527149861.553
a 22 43 0 1 26583356594969.1
a 22 44 0 1 6891727030727.667
a 22 45 0 1 27065057913482.902
a 22 46 0 1 20143025442002.516
a 22 47 0 1 9763765872735.55
a 22 48 0 1 15191630304804.625
a 22 49 0 1 16292430213520.646
a 22 50 0 1 6431672859243.42
a 22 51 0 1 15248440597520.883
a 22 52 0 1 12257080235000.707
a 22 53 0 1 23224747041589.445
a 22 54 0 1 17361754906397.266
a 22 55 0 1 16096926429276.834
a 22 56 0 1 15287564287258.78
a 22 57 0 1 25504129777662.22
a 22 58 0 1 12449771130921.713
a 22 59 0 1 13461459093673.137
a 22 60 0 1 12617605393263.555
a 22 61 0 1 20844723293740.535
a 22 62 0 1 17066210721646.973
a 22 63 0 1 22932983483715.184
a 22 64 0 1 10101696041332.684
a 22 65 0 1 16097358403321.934
a 22 66 0 1 17250461739794.658
a 22 67 0 1 19655854037480.195
a 22 68 0 1 24310286079496.477
a 22 69 0 1 9835959369088.004
a 22 70 0 1 15663878934144.248
a 22 71 0 1 22316449772104.3
a 22 72 0 1 16417673331242.273
a 22 73 0 1 24356027629707.527
a 22 74 0 1 15943818825977.873
a 22 75 0 1 19940244181916.664
a 22 76 0 1 9937477613731.207
a 22 77 0 1 20397380901350.402
a 22 78 0 1 23669668708035.844
a 22 79 0 1 27287270162793.31
a 23 33 0 1 2159033669057.4712
a 23 34 0 1 9553737525573.094
a 23 35 0 1 8840548327507.555
a 23 36 0 1 3065749296770.659
a 23 37 0 1 6598742736857.033
a 23 38 0 1 3811027795294.221
a 23 39 0 1 7643889169712.917
a 23 40 0 1 3123167041318.5425
a 23 41 0 1 9571902695611.914
a 23 42 0 1 4983979104926.031
a 23 43 0 1 10012002634824.984
a 23 44 0 1 2599277264746.86
a 23 45 0 1 10193071922185.682
a 23 46 0 1 7589907856393.335
a 23 47 0 1 3681734420845.7886
a 23 48 0 1 5726251627255.122
a 23 49 0 1 6140696388477.999
a 23 50 0 1 2425843686979.968
a 23 51 0 1 5747641974862.366
a 23 52 0 1 4621090535760.949
a 23 53 0 1 8749168519744.431
a 23 54 0 1 6543228199928.968
a 23 55 0 1 6067095134440.73
a 23 56 0 1 5762372818874.951
a 23 57 0 1 9606280788375.717
a 23 58 0 1 4693672834026.373
a 23 59 0 1 5074719850686.701
a 23 60 0 1 4756890565521.123
a 23 61 0 1 7853912809545.632
a 23 62 0 1 6431981047118.804
a 23 63 0 1 8639436919121.39
a 23 64 0 1 3809069292896.3022
a 23 65 0 1 6067257761864.23
a 23 66 0 1 6501336378755.183
a 23 67 0 1 7406600120078.791
a 23 68 0 1 9157396856674.906
a 23 69 0 1 3708938043795.428
a 23 70 0 1 5904058510934.412
a 23 71 0 1 8407544884924.612
a 23 72 0 1 6187845543732.493
a 23 73 0 1 9174597048369.709
a 23 74 0 1 6009453316089.194
a 23 75 0 1 7513609013116.918
a 23 76 0 1 3747191207446.9634
a 23 77 0 1 7685608959375.94
a 23 78 0 1 8916493676967.357
a 23 79 0 1 10276596249494.98
a 24 33 0 1 5111977528220.666
a 24 34 0 1 22646936137223.77
a 24 35 0 1 20953975033426.86
a 24 36 0 1 7259859162738.702
a 24 37 0 1 15634885526335.658
a 24 38 0 1 9025778763149.238
a 24 39 0 1 18114215642059.254
a 24 40 0 1 7395894383293.249
a 24 41 0 1 22690061417423.723
a 24 42 0 1 11805899815526.037
a 24 43 0 1 23734962690004.37
a 24 44 0 1 6154775943809.949
a 24 45 0 1 24164906228411.766
a 24 46 0 1 17986139372742.69
a 24 47 0 1 8719391445074.462
a 24 48 0 1 13565760736247.287
a 24 49 0 1 14548551160248.16
a 24 50 0 1 5743949152285.196
a 24 51 0 1 13616481426370.266
a 24 52 0 1 10945673929229.447
a 24 53 0 1 20737086195562.75
a 24 54 0 1 15503215045225.215
a 24 55 0 1 14374007995230.162
a 24 56 0 1 13651411332544.148
a 24 57 0 1 22771677895731.684
a 24 58 0 1 11117722092959.932
a 24 59 0 1 12021015783689.658
a 24 60 0 1 11267575816505.42
a 24 61 0 1 18612539319364.39
a 24 62 0 1 15239363788171.129
a 24 63 0 1 20476647887673.816
a 24 64 0 1 9021137594573.572
a 24 65 0 1 14374393656811.664
a 24 66 0 1 15403856720389.95
a 24 67 0 1 17551239047834.037
a 24 68 0 1 21706059629868.395
a 24 69 0 1 8783855002723.301
a 24 70 0 1 13987385981217.65
a 24 71 0 1 19926302256918.574
a 24 72 0 1 14660366098766.87
a 24 73 0 1 21746888863599.6
a 24 74 0 1 14237314985609.39
a 24 75 0 1 17805116173789.996
a 24 76 0 1 8874503240208.664
a 24 77 0 1 18213201670715.207
a 24 78 0 1 21134235145884.83
a 24 79 0 1 24363240518001.824
a 25 33 0 1 6425585321114.916
a 25 34 0 1 28481245511209.816
a 25 35 0 1 26350818650877.375
a 25 36 0 1 9125981105195.096
a 25 37 0 1 19658657257295.973
a 25 38 0 1 11346417596408.695
a 25 39 0 1 22777739382234.5
a 25 40 0 1 9297021157349.027
a 25 41 0 1 28535517284354.805
a 25 42 0 1 14842564397282.293
a 25 43 0 1 29850534388562.297
a 25 44 0 1 7736586933300.146
a 25 45 0 1 30391645727458.402
a 25 46 0 1 22616603796945.973
a 25 47 0 1 10961154866237.186
a 25 48 0 1 17055979060566.904
a 25 49 0 1 18292156176298.81
a 25 50 0 1 7220087620590.829
a 25 51 0 1 17119774983164.135
a 25 52 0 1 13760724022435.992
a 25 53 0 1 26077900652531.48
a 25 54 0 1 19493024132874.945
a 25 55 0 1 18072606374301.68
a 25 56 0 1 17163709544186.842
a 25 57 0 1 28638229369177.207
a 25 58 0 1 13977091436952.139
a 25 59 0 1 15113107944573.139
a 25 60 0 1 14165548968612.305
a 25 61 0 1 23404703086530.145
a 25 62 0 1 19161119863712.5
a 25 63 0 1 25750187648177.137
a 25 64 0 1 11340581567425.814
a 25 65 0 1 18073091477719.49
a 25 66 0 1 19368038511668.16
a 25 67 0 1 22069455239135.348
a 25 68 0 1 27297217462887.17
a 25 69 0 1 11042213143381.17
a 25 70 0 1 17586300464655.914
a 25 71 0 1 25057697080562.836
a 25 72 0 1 18432804229202.11
a 25 73 0 1 27348596855437.703
a 25 74 0 1 17900668126738.137
a 25 75 0 1 22388856601163.176
a 25 76 0 1 11156197292003.973
a 25 77 0 1 22902276733119.035
a 25 78 0 1 26577648259413.816
a 25 79 0 1 30641266737411.57
a 26 33 0 1 4857621394964.384
a 26 34 0 1 21517930228518.336
a 26 35 0 1 19909561014965.473
a 26 36 0 1 6898546197839.379
a 26 37 0 1 14856045766610.898
a 26 38 0 1 8576491653421.354
a 26 39 0 1 17211625053263.434
a 26 40 0 1 7027805657769.298
a 26 41 0 1 21558900266213.996
a 26 42 0 1 11218044430122.516
a 26 43 0 1 22551575010805.094
a 26 44 0 1 5848498452691.219
a 26 45 0 1 22960025532389.824
a 26 46 0 1 17089943100305.35
a 26 47 0 1 8285370299924.473
a 26 48 0 1 12890145852497.053
a 26 49 0 1 13823912474211.55
a 26 50 0 1 5458128308652.942
a 26 51 0 1 12938336738181.62
a 26 52 0 1 10400703386142.584
a 26 53 0 1 19703507159925.812
a 26 54 0 1 14730945478756.0
a 26 55 0 1 13658076685593.674
a 26 56 0 1 12971524423195.86
a 26 57 0 1 21636437798198.64
a 26 58 0 1 10564175078195.389
a 26 59 0 1 11422434960067.283
a 26 60 0 1 10706558443180.11
a 26 61 0 1 17685067793680.19
a 26 62 0 1 14480259501696.746
a 26 63 0 1 19456078729809.895
a 26 64 0 1 8572081741982.542
a 26 65 0 1 13658443108171.209
a 26 66 0 1 14636544885474.91
a 26 67 0 1 16676754205921.855
a 26 68 0 1 20624070199672.766
a 26 69 0 1 8346622000274.897
a 26 70 0 1 13290740770587.117
a 26 71 0 1 18933222505356.65
a 26 72 0 1 13930149163624.326
a 26 73 0 1 20662859359276.258
a 26 74 0 1 13528202602196.465
a 26 75 0 1 16917957332517.7
a 26 76 0 1 8432753668179.727
a 26 77 0 1 17305668997753.168
a 26 78 0 1 20080815592212.18
a 26 79 0 1 23148444345229.11
a 27 33 0 1 1825089302068.4292
a 27 34 0 1 8074967674390.92
a 27 35 0 1 7472264047993.062
a 27 36 0 1 2591518591165.1455
a 27 37 0 1 5577653804758.146
a 27 38 0 1 3221469639509.3745
a 27 39 0 1 6460954031902.327
a 27 40 0 1 2640051873275.126
a 27 41 0 1 8090318539314.459
a 27 42 0 1 4212879770155.0645
a 27 43 0 1 8462231352732.831
a 27 44 0 1 2197221842182.3103
a 27 45 0 1 8615244875137.405
a 27 46 0 1 6415332803888.995
a 27 47 0 1 3112184851203.472
a 27 48 0 1 4840247143764.417
a 27 49 0 1 5190527873754.838
a 27 50 0 1 2050621251632.4307
a 27 51 0 1 4858325980241.295
a 27 52 0 1 3906160976581.7373
a 27 53 0 1 7395039474246.038
a 27 54 0 1 5530735053721.84
a 27 55 0 1 5128321889324.016
a 27 56 0 1 4870776285093.349
a 27 57 0 1 8119370453642.591
a 27 58 0 1 3967508927497.1724
a 27 59 0 1 4289574572475.489
a 27 60 0 1 4020941637622.389
a 27 61 0 1 6638450477777.017
a 27 62 0 1 5436712960201.371
a 27 63 0 1 7302305568528.846
a 27 64 0 1 3219814225723.998
a 27 65 0 1 5128459338234.317
a 27 66 0 1 5495329636512.928
a 27 67 0 1 6260413278929.131
a 27 68 0 1 7740029050591.579
a 27 69 0 1 3135178663496.0024
a 27 70 0 1 4990526731153.408
a 27 71 0 1 7106332987017.108
a 27 72 0 1 5230377103816.029
a 27 73 0 1 7754564645712.529
a 27 74 0 1 5079604316641.504
a 27 75 0 1 6350850211715.088
a 27 76 0 1 3167512042046.812
a 27 77 0 1 6496212618107.561
a 27 78 0 1 7536444854258.615
a 27 79 0 1 8685827199675.011
a 28 33 0 1 7299473982671.06
a 28 34 0 1 32365936117027.715
a 28 35 0 1 29943927382075.293
a 28 36 0 1 10367565997078.771
a 28 37 0 1 22336897041253.027
a 28 38 0 1 12890540301394.578
a 28 39 0 1 25882181840241.215
a 28 40 0 1 10561904266508.93
a 28 41 0 1 32427637946170.957
a 28 42 0 1 16863398752684.447
a 28 43 0 1 33922719226572.6
a 28 44 0 1 8788954151880.966
a 28 45 0 1 34537942485584.117
a 28 46 0 1 25699019581253.254
a 28 47 0 1 12452772341736.658
a 28 48 0 1 19378845651277.98
a 28 49 0 1 20783781878325.2
a 28 50 0 1 8202131788941.734
a 28 51 0 1 19451349461774.023
a 28 52 0 1 15633999122870.855
a 28 53 0 1 29633668081914.17
a 28 54 0 1 22148640933866.195
a 28 55 0 1 20534255823089.855
a 28 56 0 1 19501280998927.445
a 28 57 0 1 32544412077965.938
a 28 58 0 1 15879874956726.658
a 28 59 0 1 17170850026152.621
a 28 60 0 1 16094035889372.564
a 28 61 0 1 26594858140632.727
a 28 62 0 1 21771406506122.984
a 28 63 0 1 29261120114913.457
a 28 64 0 1 12883908874292.896
a 28 65 0 1 20534807158251.42
a 28 66 0 1 22006584813848.312
a 28 67 0 1 25077084652103.336
a 28 68 0 1 31019835439430.56
a 28 69 0 1 12544877143086.098
a 28 70 0 1 19981558221661.93
a 28 71 0 1 28473901407052.297
a 28 72 0 1 20943634231701.6
a 28 73 0 1 31078246725193.656
a 28 74 0 1 20338843172951.277
a 28 75 0 1 25440141720779.824
a 28 76 0 1 12674395310302.797
a 28 77 0 1 26023743650010.547
a 28 78 0 1 30201794397287.15
a 28 79 0 1 34821755732785.242
a 29 33 0 1 7527782891024.726
a 29 34 0 1 33381279850925.36
a 29 35 0 1 30883020425966.316
a 29 36 0 1 10691955178463.861
a 29 37 0 1 23036787402116.96
a 29 38 0 1 13293991334743.512
a 29 39 0 1 26693499732033.105
a 29 40 0 1 10892381696812.768
a 29 41 0 1 33444924775816.16
a 29 42 0 1 17391442380933.912
a 29 43 0 1 34987097419072.184
a 29 44 0 1 9063898831543.688
a 29 45 0 1 35621703546106.25
a 29 46 0 1 26504578424392.883
a 29 47 0 1 12842501746825.219
a 29 48 0 1 19985836869358.85
a 29 49 0 1 21434887712242.586
a 29 50 0 1 8458701033199.778
a 29 51 0 1 20060616919623.73
a 29 52 0 1 16123475056685.338
a 29 53 0 1 30562996581916.32
a 29 54 0 1 22842617068991.83
a 29 55 0 1 21177525531668.164
a 29 56 0 1 20112116068221.383
a 29 57 0 1 33565376401963.53
a 29 58 0 1 16377063400273.828
a 29 59 0 1 17708540518221.195
a 29 60 0 1 16597942392515.56
a 29 61 0 1 27428586621581.52
a 29 62 0 1 22453532296606.375
a 29 63 0 1 30178724660092.27
a 29 64 0 1 13287152038074.74
a 29 65 0 1 21178094180467.074
a 29 66 0 1 22696098310178.125
a 29 67 0 1 25863090279843.137
a 29 68 0 1 31992795255332.816
a 29 69 0 1 12937493410829.166
a 29 70 0 1 20607472647935.598
a 29 71 0 1 29366735865212.504
a 29 72 0 1 21599760318789.035
a 29 73 0 1 32053045423302.402
a 29 74 0 1 20975976459759.152
a 29 75 0 1 26237561267406.516
a 29 76 0 1 13071071203536.12
a 29 77 0 1 26839512746933.535
a 29 78 0 1 31149003631957.168
a 29 79 0 1 35914459403970.914
a 30 33 0 1 5776876993376.195
a 30 34 0 1 25599287775033.04
a 30 35 0 1 23685022613268.367
a 30 36 0 1 8204391093107.363
a 30 37 0 1 17671255469482.86
a 30 38 0 1 10200332677573.441
a 30 39 0 1 20474268530147.113
a 30 40 0 1 8358141987292.092
a 30 41 0 1 25648051670668.805
a 30 42 0 1 13342796040385.098
a 30 43 0 1 26829592775580.668
a 30 44 0 1 6955417694562.961
a 30 45 0 1 27315770041708.453
a 30 46 0 1 20329466455626.047
a 30 47 0 1 9854028930424.53
a 30 48 0 1 15332160970689.68
a 30 49 0 1 16443163154831.43
a 30 50 0 1 6491108703088.632
a 30 51 0 1 15389497720522.236
a 30 52 0 1 12370426075168.082
a 30 53 0 1 23439789091286.438
a 30 54 0 1 17522400908432.564
a 30 55 0 1 16245847239919.5
a 30 56 0 1 15428983970872.324
a 30 57 0 1 25740339648517.875
a 30 58 0 1 12564901435347.47
a 30 59 0 1 13585959709378.258
a 30 60 0 1 12734290035727.29
a 30 61 0 1 21037674868118.938
a 30 62 0 1 17224116666437.555
a 30 63 0 1 23145316837869.297
a 30 64 0 1 10195086829430.72
a 30 65 0 1 16246283217854.32
a 30 66 0 1 17410075895520.67
a 30 67 0 1 19837775554727.45
a 30 68 0 1 24535407747777.805
a 30 69 0 1 9926890596839.094
a 30 70 0 1 15808786107206.863
a 30 71 0 1 22523059910227.297
a 30 72 0 1 16569567198180.156
a 30 73 0 1 24581574080492.176
a 30 74 0 1 16091320534961.174
a 30 75 0 1 20124803928604.133
a 30 76 0 1 10029348438875.604
a 30 77 0 1 20586181777683.6
a 30 78 0 1 23888841707163.297
a 30 79 0 1 27540047246428.816
a 31 33 0 1 4280712229409.067
a 31 34 0 1 18958056437355.12
a 31 35 0 1 17541412973916.268
a 31 36 0 1 6079079528086.016
a 31 37 0 1 13089895503504.652
a 31 38 0 1 7557531189324.567
a 31 39 0 1 15164944221422.822
a 31 40 0 1 6192973524779.064
a 31 41 0 1 18994141822340.29
a 31 42 0 1 9884887614422.775
a 31 43 0 1 19868452515609.105
a 31 44 0 1 5153839204723.32
a 31 45 0 1 20228193499729.785
a 31 46 0 1 15057756894824.795
a 31 47 0 1 7301026619005.09
a 31 48 0 1 11358015883652.162
a 31 49 0 1 12180638767767.139
a 31 50 0 1 4809861210503.266
a 31 51 0 1 11400471252609.77
a 31 52 0 1 9164782217931.08
a 31 53 0 1 17359917262156.09
a 31 54 0 1 12979689906942.346
a 31 55 0 1 12034543505926.576
a 31 56 0 1 11429709018651.035
a 31 57 0 1 19062434831048.0
a 31 58 0 1 9308807655914.928
a 31 59 0 1 10064960137302.613
a 31 60 0 1 9434252865081.615
a 31 61 0 1 15581987556280.832
a 31 62 0 1 12758849967785.652
a 31 63 0 1 17141976770571.068
a 31 64 0 1 7553645668783.538
a 31 65 0 1 12034866311541.873
a 31 66 0 1 12896528587503.818
a 31 67 0 1 14693783957571.227
a 31 68 0 1 18170756767949.14
a 31 69 0 1 7354995145643.598
a 31 70 0 1 11710931641108.768
a 31 71 0 1 16681428454296.293
a 31 72 0 1 12274229054968.613
a 31 73 0 1 18204922129343.79
a 31 74 0 1 11920128726879.059
a 31 75 0 1 14906257280816.41
a 31 76 0 1 7430885117814.241
a 31 77 0 1 15247785504990.475
a 31 78 0 1 17692256113748.383
a 31 79 0 1 20394141172953.945
a 32 33 0 1 5641036125554.724
a 32 34 0 1 24995987457884.938
a 32 35 0 1 23126956139463.24
a 32 36 0 1 8011415567207.625
a 32 37 0 1 17255166975430.809
a 32 38 0 1 9960356739949.688
a 32 39 0 1 19992028073704.98
a 32 40 0 1 8161546686680.705
a 32 41 0 1 25043598814559.293
a 32 42 0 1 13028778649789.885
a 32 43 0 1 26197210229162.44
a 32 44 0 1 6791842254360.693
a 32 45 0 1 26671892908973.023
a 32 46 0 1 19850644393524.38
a 32 47 0 1 9622209262212.297
a 32 48 0 1 14971243918835.854
a 32 49 0 1 16056044882494.842
a 32 50 0 1 6338460713508.149
a 32 51 0 1 15027228632722.904
a 32 52 0 1 12079324862482.07
a 32 53 0 1 22887516047996.266
a 32 54 0 1 17109824261804.94
a 32 55 0 1 15863382827753.688
a 32 56 0 1 15065783762787.234
a 32 57 0 1 25133705523349.965
a 32 58 0 1 12269217355648.629
a 32 59 0 1 13266210813718.676
a 32 60 0 1 12434614102343.115
a 32 61 0 1 20542132817920.164
a 32 62 0 1 16818576929447.824
a 32 63 0 1 22600000025635.574
a 32 64 0 1 9955234448631.928
a 32 65 0 1 15863808523014.05
a 32 66 0 1 17000149196084.525
a 32 67 0 1 19370560185033.38
a 32 68 0 1 23957249184011.42
a 32 69 0 1 9693354917413.922
a 32 70 0 1 15436629410728.834
a 32 71 0 1 21992440974908.57
a 32 72 0 1 16179467472722.793
a 32 73 0 1 24002324632657.074
a 32 74 0 1 15712500619665.162
a 32 75 0 1 19650813218149.656
a 32 76 0 1 9793399662417.99
a 32 77 0 1 20101299268954.023
a 32 78 0 1 23325959939941.586
a 32 79 0 1 26890867151681.574
a 33 1 0 1 0
a 34 1 0 1 0
a 35 1 0 1 0
a 36 1 0 1 0
a 37 1 0 1 0
a 38 1 0 1 0
a 39 1 0 1 0
a 40 1 0 1 0
a 41 1 0 1 0
a 42 1 0 1 0
a 43 1 0 1 0
a 44 1 0 1 0
a 45 1 0 1 0
a 46 1 0 1 0
a 47 1 0 1 0
a 48 1 0 1 0
a 49 1 0 1 0
a 50 1 0 1 0
a 51 1 0 1 0
a 52 1 0 1 0
a 53 1 0 1 0
a 54 1 0 1 0
a 55 1 0 1 0
a 56 1 0 1 0
a 57 1 0 1 0
a 58 1 0 1 0
a 59 1 0 1 0
a 60 1 0 1 0
a 61 1 0 1 0
a 62 1 0 1 0
a 63 1 0 1 0
a 64 1 0 1 0
a 65 1 0 1 0
a 66 1 0 1 0
a 67 1 0 1 0
a 68 1 0 1 0
a 69 1 0 1 0
a 70 1 0 1 0
a 71 1 0 1 0
a 72 1 0 1 0
a 73 1 0 1 0
a 74 1 0 1 0
a 75 1 0 1 0
a 76 1 0 1 0
a 77 1 0 1 0
a 78 1 0 1 0
a 79 1 0 1 0
