p min 81 1567
n 0 31
n 1 -31
a 0 2 0 1 0
a 0 3 0 1 0
a 0 4 0 1 0
a 0 5 0 1 0
a 0 6 0 1 0
a 0 7 0 1 0
a 0 8 0 1 0
a 0 9 0 1 0
a 0 10 0 1 0
a 0 11 0 1 0
a 0 12 0 1 0
a 0 13 0 1 0
a 0 14 0 1 0
a 0 15 0 1 0
a 0 16 0 1 0
a 0 17 0 1 0
a 0 18 0 1 0
a 0 19 0 1 0
a 0 20 0 1 0
a 0 21 0 1 0
a 0 22 0 1 0
a 0 23 0 1 0
a 0 24 0 1 0
a 0 25 0 1 0
a 0 26 0 1 0
a 0 27 0 1 0
a 0 28 0 1 0
a 0 29 0 1 0
a 0 30 0 1 0
a 0 31 0 1 0
a 0 32 0 1 0
a 2 33 0 1 10701725087687.656
a 2 34 0 1 2733985254570.3154
a 2 35 0 1 10492990873811.285
a 2 36 0 1 11869407728573.14
a 2 37 0 1 12502912257687.516
a 2 38 0 1 4024685216878.0723
a 2 39 0 1 4602828299925.0625
a 2 40 0 1 8959123220288.285
a 2 41 0 1 7262814892820.834
a 2 42 0 1 9794047940623.1
a 2 43 0 1 11016135470174.271
a 2 44 0 1 4585164620956.837
a 2 45 0 1 7153514290819.162
a 2 46 0 1 11519299060932.318
a 2 47 0 1 11636066077400.504
a 2 48 0 1 5611569197247.316
a 2 49 0 1 8015199325265.303
a 2 50 0 1 11209984982016.8
a 2 51 0 1 10216026250175.396
a 2 52 0 1 10828344825411.871
a 2 53 0 1 9691732043994.56
a 2 54 0 1 8230706767319.648
a 2 55 0 1 12765794408132.795
a 2 56 0 1 6802388226998.571
a 2 57 0 1 7115077231482.558
a 2 58 0 1 7678874935666.056
a 2 59 0 1 3492794177661.5444
a 2 60 0 1 8612173030945.473
a 2 61 0 1 9753039440756.164
a 2 62 0 1 8530830016761.279
a 2 63 0 1 10560557376837.605
a 2 64 0 1 9113681789536.629
a 2 65 0 1 9813698639285.477
a 2 66 0 1 6500010099013.173
a 2 67 0 1 5891727888969.069
a 2 68 0 1 5930771224096.765
a 2 69 0 1 9676506276556.602
a 2 70 0 1 9309259864488.045
a 2 71 0 1 10100829149976.168
a 2 72 0 1 5775561528264.603
a 2 73 0 1 6651621367676.687
a 2 74 0 1 10366155248252.006
a 2 75 0 1 7179080775421.077
a 2 76 0 1 8478717914232.7295
a 2 77 0 1 12168153551975.719
a 2 78 0 1 12700151519697.94
a 2 79 0 1 11116001020192.07
a 2 80 0 1 11383355890147.7
a 3 33 0 1 22522970118688.926
a 3 34 0 1 5748149255691.496
a 3 35 0 1 22083078799208.65
a 3 36 0 1 24984203554251.688
a 3 37 0 1 26319806881136.906
a 3 38 0 1 8463207252430.166
a 3 39 0 1 9679651713115.088
a 3 40 0 1 18851288456806.066
a 3 41 0 1 15278713309988.168
a 3 42 0 1 20610280691552.81
a 3 43 0 1 23185610044024.5
a 3 44 0 1 9642483724885.256
a 3 45 0 1 15048569506381.098
a 3 46 0 1 24246169960406.242
a 3 47 0 1 24492309012708.418
a 3 48 0 1 11802525621321.094
a 3 49 0 1 16863110904917.488
a 3 50 0 1 23594186728825.98
a 3 51 0 1 21499433274160.95
a 3 52 0 1 22789822898092.133
a 3 53 0 1 20394704765908.184
a 3 54 0 1 17316989985613.41
a 3 55 0 1 26874098795343.703
a 3 56 0 1 14309280326771.947
a 3 57 0 1 14967637795801.277
a 3 58 0 1 16154829662457.879
a 3 59 0 1 7344237476822.18
a 3 60 0 1 18120455143096.867
a 3 61 0 1 20523876577606.09
a 3 62 0 1 17949119478047.418
a 3 63 0 1 22225467450660.31
a 3 64 0 1 19176879194503.457
a 3 65 0 1 20651684652637.54
a 3 66 0 1 13672681935570.002
a 3 67 0 1 12392210317967.732
a 3 68 0 1 12474392997770.7
a 3 69 0 1 20362625100389.58
a 3 70 0 1 19588899380359.883
a 3 71 0 1 21256691403079.44
a 3 72 0 1 12147695490808.969
a 3 73 0 1 13991863877268.709
a 3 74 0 1 21815793898020.973
a 3 75 0 1 15102401829267.06
a 3 76 0 1 17839355780894.43
a 3 77 0 1 25614015740896.484
a 3 78 0 1 26735686057398.84
a 3 79 0 1 23396094176361.895
a 3 80 0 1 23959617767222.277
a 4 33 0 1 20497440135487.48
a 4 34 0 1 5232116423014.159
a 4 35 0 1 20097200604877.766
a 4 36 0 1 22736750638600.19
a 4 37 0 1 23951878230029.582
a 4 38 0 1 7703217272849.848
a 4 39 0 1 8810315047864.66
a 4 40 0 1 17156611717209.854
a 4 41 0 1 13905715164495.13
a 4 42 0 1 18757133873366.336
a 4 43 0 1 21100342821301.438
a 4 44 0 1 8776488518014.657
a 4 45 0 1 13696285507575.58
a 4 46 0 1 22065275601048.35
a 4 47 0 1 22289218081259.633
a 4 48 0 1 10742296179469.62
a 4 49 0 1 15347481572069.08
a 4 50 0 1 21472082030392.64
a 4 51 0 1 19566159227616.33
a 4 52 0 1 20740237033414.285
a 4 53 0 1 18560982625631.742
a 4 54 0 1 15760492667669.65
a 4 55 0 1 24456161324313.973
a 4 56 0 1 13023529465161.652
a 4 57 0 1 13622637837075.057
a 4 58 0 1 14702967320609.568
a 4 59 0 1 6684807533042.09
a 4 60 0 1 16491603030642.844
a 4 61 0 1 18678515391276.74
a 4 62 0 1 16335697751958.094
a 4 63 0 1 20226754748018.945
a 4 64 0 1 17452873932938.67
a 4 65 0 1 18794806989938.637
a 4 66 0 1 12444214183514.8
a 4 67 0 1 11278940257549.398
a 4 68 0 1 11353730296754.504
a 4 69 0 1 18531793454505.57
a 4 70 0 1 17827777347809.688
a 4 71 0 1 19345293860963.266
a 4 72 0 1 11056419704254.668
a 4 73 0 1 12734676093320.95
a 4 74 0 1 19854006971064.992
a 4 75 0 1 13745272729190.018
a 4 76 0 1 16235819015881.627
a 4 77 0 1 23309755930963.95
a 4 78 0 1 24330236878239.887
a 4 79 0 1 21291849994083.645
a 4 80 0 1 21804562954506.168
a 5 33 0 1 16740305022840.875
a 5 34 0 1 4274457346441.1147
a 5 35 0 1 16413567204452.457
a 5 36 0 1 18568276862481.016
a 5 37 0 1 19560125347391.65
a 5 38 0 1 6292933103306.542
a 5 39 0 1 7197178424083.357
a 5 40 0 1 14012831195367.87
a 5 41 0 1 11358408623141.662
a 5 42 0 1 15319555852835.229
a 5 43 0 1 17232477621990.508
a 5 44 0 1 7169550522116.389
a 5 45 0 1 11187392587750.434
a 5 46 0 1 18020163164407.945
a 5 47 0 1 18202965347673.113
a 5 48 0 1 8775063346042.661
a 5 49 0 1 12535684948960.344
a 5 50 0 1 17535936349864.424
a 5 51 0 1 15980040018576.13
a 5 52 0 1 16938510957280.324
a 5 53 0 1 15159415573911.79
a 5 54 0 1 12872916510400.309
a 5 55 0 1 19971731694155.355
a 5 56 0 1 10638023333696.477
a 5 57 0 1 11127253025385.406
a 5 58 0 1 12009414819824.508
a 5 59 0 1 5461088301424.127
a 5 60 0 1 13469867858293.58
a 5 61 0 1 15255370921464.838
a 5 62 0 1 13342572801346.67
a 5 63 0 1 16519330071718.807
a 5 64 0 1 14254717139533.143
a 5 65 0 1 15350312494198.518
a 5 66 0 1 10164944836065.258
a 5 67 0 1 9213327713030.76
a 5 68 0 1 9274406158739.78
a 5 69 0 1 15135585063920.393
a 5 70 0 1 14560806055088.062
a 5 71 0 1 15799728903489.625
a 5 72 0 1 9031601710919.838
a 5 73 0 1 10402142310853.082
a 5 74 0 1 16215031996812.416
a 5 75 0 1 11227394700786.77
a 5 76 0 1 13261022399649.99
a 5 77 0 1 19035999063312.09
a 5 78 0 1 19868950365832.38
a 5 79 0 1 17388809650206.805
a 5 80 0 1 17807343651687.72
a 6 33 0 1 10332893992375.559
a 6 34 0 1 2639842879495.288
a 6 35 0 1 10131362122110.244
a 6 36 0 1 11460279749052.523
a 6 37 0 1 12071917574582.494
a 6 38 0 1 3886078836775.7427
a 6 39 0 1 4444301025257.968
a 6 40 0 1 8650410097653.389
a 6 41 0 1 7012600297219.19
a 6 42 0 1 9456533679786.246
a 6 43 0 1 10636455059581.203
a 6 44 0 1 4427246016047.604
a 6 45 0 1 6907068255970.302
a 6 46 0 1 11122254476425.47
a 6 47 0 1 11234991585841.564
a 6 48 0 1 5418277922506.01
a 6 49 0 1 7739040883105.01
a 6 50 0 1 10823615055394.5
a 6 51 0 1 9863953606489.473
a 6 52 0 1 10455144571648.592
a 6 53 0 1 9357747507678.5
a 6 54 0 1 7947116361737.727
a 6 55 0 1 12325724906179.68
a 6 56 0 1 6568048000868.543
a 6 57 0 1 6869956441068.358
a 6 58 0 1 7414314224041.713
a 6 59 0 1 3372512738647.906
a 6 60 0 1 8315426553220.0625
a 6 61 0 1 9416939913101.334
a 6 62 0 1 8236889004071.691
a 6 63 0 1 10196597289386.088
a 6 64 0 1 8799637496371.469
a 6 65 0 1 9475506453555.984
a 6 66 0 1 6276094236810.725
a 6 67 0 1 5688780187772.734
a 6 68 0 1 5726477741088.421
a 6 69 0 1 9343046996474.92
a 6 70 0 1 8988469257247.227
a 6 71 0 1 9752730977585.053
a 6 72 0 1 5576617887627.447
a 6 73 0 1 6422478855771.422
a 6 74 0 1 10008902778072.53
a 6 75 0 1 6931753245394.927
a 6 76 0 1 8186574185726.75
a 6 77 0 1 11748714133486.19
a 6 78 0 1 12262348091650.213
a 6 79 0 1 10732874404281.676
a 6 80 0 1 10991002895529.111
a 7 33 0 1 26738010517522.688
a 7 34 0 1 6821416434313.835
a 7 35 0 1 26215547392583.773
a 7 36 0 1 29661424321332.06
a 7 37 0 1 31247962898751.242
a 7 38 0 1 10044003707791.678
a 7 39 0 1 11487961890506.713
a 7 40 0 1 22377423572616.574
a 7 41 0 1 18135201735996.363
a 7 42 0 1 24466363294435.098
a 7 43 0 1 27525053044714.53
a 7 44 0 1 11443841188426.172
a 7 45 0 1 17861941992843.96
a 7 46 0 1 28784767134476.625
a 7 47 0 1 29077134955875.54
a 7 48 0 1 14008061842808.424
a 7 49 0 1 20016499518860.18
a 7 50 0 1 28010346278972.203
a 7 51 0 1 25522361355563.56
a 7 52 0 1 27054958955428.793
a 7 53 0 1 24210341626950.195
a 7 54 0 1 20555454680363.066
a 7 55 0 1 31906422968296.64
a 7 56 0 1 16984170162926.518
a 7 57 0 1 17765848899224.855
a 7 58 0 1 19175477592642.832
a 7 59 0 1 8715817853035.171
a 7 60 0 1 21509548982375.785
a 7 61 0 1 24363748000144.777
a 7 62 0 1 21306089491151.17
a 7 63 0 1 26384662667676.113
a 7 64 0 1 22764075860748.316
a 7 65 0 1 24515535621849.285
a 7 66 0 1 16228347446361.924
a 7 67 0 1 14708127553024.293
a 7 68 0 1 14805695133628.652
a 7 69 0 1 24172243469658.414
a 7 70 0 1 23253374438646.09
a 7 71 0 1 25234066039378.254
a 7 72 0 1 14417840692212.658
a 7 73 0 1 16607304280827.062
a 7 74 0 1 25898095411888.695
a 7 75 0 1 17925859207015.105
a 7 76 0 1 21175746923729.44
a 7 77 0 1 30409555189041.152
a 7 78 0 1 31741996826030.055
a 7 79 0 1 27775057735944.773
a 7 80 0 1 28444399871751.0
a 8 33 0 1 31456985623620.316
a 8 34 0 1 8022078509823.023
a 8 35 0 1 30841985443407.547
a 8 36 0 1 34898427332137.535
a 8 37 0 1 36766271884482.02
a 8 38 0 1 11812656865142.744
a 8 39 0 1 13511278075239.406
a 8 40 0 1 26324466539193.04
a 8 41 0 1 21332141007276.258
a 8 42 0 1 28783086616087.65
a 8 43 0 1 32383451433821.273
a 8 44 0 1 13459374570296.574
a 8 45 0 1 21010593413426.684
a 8 46 0 1 33866383703616.875
a 8 47 0 1 34210569269126.492
a 8 48 0 1 16476073002854.645
a 8 49 0 1 23545980814146.258
a 8 50 0 1 32954728387692.848
a 8 51 0 1 30026044660749.703
a 8 52 0 1 31830077376464.504
a 8 53 0 1 28481745455232.26
a 8 54 0 1 24180234028952.05
a 8 55 0 1 37541517720702.88
a 8 56 0 1 19977734317898.27
a 8 57 0 1 20897520516162.72
a 8 58 0 1 22556277189097.145
a 8 59 0 1 10250314043674.61
a 8 60 0 1 25303065419267.06
a 8 61 0 1 28662306570865.6
a 8 62 0 1 25063619282092.355
a 8 63 0 1 31041052459458.23
a 8 64 0 1 26779529028448.08
a 8 65 0 1 28840963508047.73
a 8 66 0 1 19088400207261.94
a 8 67 0 1 17299725681501.443
a 8 68 0 1 17414519336991.299
a 8 69 0 1 28436903648504.55
a 8 70 0 1 27355409241475.332
a 8 71 0 1 29686702569906.8
a 8 72 0 1 16958189825188.701
a 8 73 0 1 19534293998167.277
a 8 74 0 1 30468313747809.64
a 8 75 0 1 21085805146605.855
a 8 76 0 1 24910223576877.715
a 8 77 0 1 35779192710140.37
a 8 78 0 1 37347926683078.04
a 8 79 0 1 32677750267803.34
a 8 80 0 1 33465696699784.95
a 9 33 0 1 15034216123974.121
a 9 34 0 1 3839387196226.386
a 9 35 0 1 14740834344427.96
a 9 36 0 1 16675532242903.928
a 9 37 0 1 17566072730836.506
a 9 38 0 1 5652281260094.352
a 9 39 0 1 6464401386261.761
a 9 40 0 1 12585115789398.283
a 9 41 0 1 10201460203082.89
a 9 42 0 1 13758492116757.645
a 9 43 0 1 15476139510296.07
a 9 44 0 1 6439588490905.16
a 9 45 0 1 10047883731351.857
a 9 46 0 1 16183394294113.68
a 9 47 0 1 16347528630163.062
a 9 48 0 1 7881488940012.519
a 9 49 0 1 11258665638375.426
a 9 50 0 1 15748613546135.64
a 9 51 0 1 14351561641391.463
a 9 52 0 1 15212186495649.232
a 9 53 0 1 13614695732449.355
a 9 54 0 1 11561497430123.463
a 9 55 0 1 17935631259826.473
a 9 56 0 1 9554532888154.262
a 9 57 0 1 9993876825838.764
a 9 58 0 1 10786073626025.463
a 9 59 0 1 4905170221192.564
a 9 60 0 1 12097550052596.533
a 9 61 0 1 13700857955545.701
a 9 62 0 1 11983241787883.477
a 9 63 0 1 14835800329537.807
a 9 64 0 1 12802320530924.889
a 9 65 0 1 13786109677628.707
a 9 66 0 1 9129688440997.62
a 9 67 0 1 8275081830842.65
a 9 68 0 1 8329934342144.028
a 9 69 0 1 13593297314740.043
a 9 70 0 1 13077175425988.97
a 9 71 0 1 14189655528490.336
a 9 72 0 1 8111879315257.661
a 9 73 0 1 9342702369067.982
a 9 74 0 1 14562566115799.945
a 9 75 0 1 10083806636576.73
a 9 76 0 1 11910011074963.947
a 9 77 0 1 17095483606936.193
a 9 78 0 1 17843349936083.18
a 9 79 0 1 15616509479644.977
a 9 80 0 1 15992307123995.992
a 10 33 0 1 18736695089985.67
a 10 34 0 1 4783395615574.354
a 10 35 0 1 18370909188494.055
a 10 36 0 1 20783186547273.83
a 10 37 0 1 21893645798139.234
a 10 38 0 1 7042396118464.864
a 10 39 0 1 8054433319108.262
a 10 40 0 1 15683364652180.672
a 10 41 0 1 12712032934780.076
a 10 42 0 1 17146177662820.334
a 10 43 0 1 19287692912478.945
a 10 44 0 1 8023511620841.5625
a 10 45 0 1 12520606880822.637
a 10 46 0 1 20169539369910.465
a 10 47 0 1 20374196688445.293
a 10 48 0 1 9820472480191.45
a 10 49 0 1 14029836475533.912
a 10 50 0 1 19627425212201.57
a 10 51 0 1 17885576714332.805
a 10 52 0 1 18958590003887.773
a 10 53 0 1 16966905789345.164
a 10 54 0 1 14407330005544.676
a 10 55 0 1 22354483229422.367
a 10 56 0 1 11905678886734.697
a 10 57 0 1 12453290137570.045
a 10 58 0 1 13440742115124.865
a 10 59 0 1 6111412225751.057
a 10 60 0 1 15075559765452.043
a 10 61 0 1 17074324608989.402
a 10 62 0 1 14933064242426.09
a 10 63 0 1 18489311301590.945
a 10 64 0 1 15954139924459.393
a 10 65 0 1 17180608820511.23
a 10 66 0 1 11376153211158.201
a 10 67 0 1 10311011080249.545
a 10 68 0 1 10379375161291.613
a 10 69 0 1 16940228370080.693
a 10 70 0 1 16296788747063.273
a 10 71 0 1 17683720629046.695
a 10 72 0 1 10107608888736.55
a 10 73 0 1 11641651953375.674
a 10 74 0 1 18148648859308.344
a 10 75 0 1 12565382991123.867
a 10 76 0 1 14841776064725.83
a 10 77 0 1 21306837795154.414
a 10 78 0 1 22239408024364.625
a 10 79 0 1 19462711546157.344
a 10 80 0 1 19931277261357.793
a 11 33 0 1 17278157062468.611
a 11 34 0 1 4411588731082.355
a 11 35 0 1 16940900942119.855
a 11 36 0 1 19164989807499.793
a 11 37 0 1 20188786632622.703
a 11 38 0 1 6494868835261.252
a 11 39 0 1 7428155566068.641
a 11 40 0 1 14462905791363.535
a 11 41 0 1 11723111378329.49
a 11 42 0 1 15811677262806.213
a 11 43 0 1 17786175160780.21
a 11 44 0 1 7399640253581.503
a 11 45 0 1 11546596952242.89
a 11 46 0 1 18599224100301.0
a 11 47 0 1 18787913174798.81
a 11 48 0 1 9056731953812.752
a 11 49 0 1 12938244753077.678
a 11 50 0 1 18099404667612.3
a 11 51 0 1 16493418965472.79
a 11 52 0 1 17482744014986.842
a 11 53 0 1 15646383406989.98
a 11 54 0 1 13286322442340.828
a 11 55 0 1 20613653404932.594
a 11 56 0 1 10979566265314.523
a 11 57 0 1 11484523876879.1
a 11 58 0 1 12395050326013.205
a 11 59 0 1 5636313402646.34
a 11 60 0 1 13902475223793.57
a 11 61 0 1 15745426731492.008
a 11 62 0 1 13771085387592.729
a 11 63 0 1 17050068424644.023
a 11 64 0 1 14712573976657.533
a 11 65 0 1 15843423725799.543
a 11 66 0 1 10491280820834.488
a 11 67 0 1 9509079468340.832
a 11 68 0 1 9572120719762.889
a 11 69 0 1 15621786008858.623
a 11 70 0 1 15028511388682.723
a 11 71 0 1 16307304245844.889
a 11 72 0 1 9321513721294.754
a 11 73 0 1 10736102713780.16
a 11 74 0 1 16735974913461.812
a 11 75 0 1 11587885165856.307
a 11 76 0 1 13686911768516.867
a 11 77 0 1 19647776826688.56
a 11 78 0 1 20507560722975.883
a 11 79 0 1 17947540687277.31
a 11 80 0 1 18379551352019.47
a 12 33 0 1 11394554258563.73
a 12 34 0 1 2910810493269.8115
a 12 35 0 1 11172289212113.309
a 12 36 0 1 12637942670579.65
a 12 37 0 1 13312529030112.049
a 12 38 0 1 4285029906098.6973
a 12 39 0 1 4900592417871.209
a 12 40 0 1 9539012492490.285
a 12 41 0 1 7732810938302.543
a 12 42 0 1 10428043559479.334
a 12 43 0 1 11729347054717.895
a 12 44 0 1 4881785405691.692
a 12 45 0 1 7616430999841.516
a 12 46 0 1 12265132712030.338
a 12 47 0 1 12389470766938.936
a 12 48 0 1 5974635231886.592
a 12 49 0 1 8533932020998.883
a 12 50 0 1 11935764113174.734
a 12 51 0 1 10877371907176.895
a 12 52 0 1 11529382238134.125
a 12 53 0 1 10319096602067.28
a 12 54 0 1 8763400885757.874
a 12 55 0 1 13592460572147.19
a 12 56 0 1 7242563988534.897
a 12 57 0 1 7575504439601.261
a 12 58 0 1 8175820683852.601
a 12 59 0 1 3718717715057.6504
a 12 60 0 1 9169581848195.488
a 12 61 0 1 10384377291778.498
a 12 62 0 1 9082968532930.443
a 12 63 0 1 11244235520449.482
a 12 64 0 1 9703586218610.781
a 12 65 0 1 10448967832727.115
a 12 66 0 1 6920603679125.552
a 12 67 0 1 6272933160669.088
a 12 68 0 1 6314504505973.454
a 12 69 0 1 10302884071692.896
a 12 70 0 1 9911837995111.566
a 12 71 0 1 10754708158797.656
a 12 72 0 1 6149245307404.79
a 12 73 0 1 7082033199256.537
a 12 74 0 1 11037232025830.15
a 12 75 0 1 7643653393792.598
a 12 76 0 1 9027480086659.133
a 12 77 0 1 12956060923080.244
a 12 78 0 1 13522560268856.424
a 12 79 0 1 11835686959416.146
a 12 80 0 1 12120375416185.736
a 13 33 0 1 22821316627418.254
a 13 34 0 1 5824142156407.157
a 13 35 0 1 22375583342489.293
a 13 36 0 1 25315247475558.77
a 13 37 0 1 26668602113465.188
a 13 38 0 1 8575129790077.107
a 13 39 0 1 9807679415590.137
a 13 40 0 1 19100891669746.934
a 13 41 0 1 15480928976503.848
a 13 42 0 1 20883230140864.707
a 13 43 0 1 23492757857334.125
a 13 44 0 1 9770019272603.979
a 13 45 0 1 15247733840875.914
a 13 46 0 1 24567407156403.727
a 13 47 0 1 24816816628347.76
a 13 48 0 1 11958670148160.992
a 13 49 0 1 17086337550360.727
a 13 50 0 1 23906762010533.707
a 13 51 0 1 21784187653383.17
a 13 52 0 1 23091713630553.33
a 13 53 0 1 20664792467090.55
a 13 54 0 1 17546237033764.281
a 13 55 0 1 27230262665884.137
a 13 56 0 1 14498643999164.467
a 13 57 0 1 15165729146556.604
a 13 58 0 1 16368662704117.857
a 13 59 0 1 7441349405080.008
a 13 60 0 1 18360361182989.758
a 13 61 0 1 20795679003952.51
a 13 62 0 1 18186752363843.465
a 13 63 0 1 22519862917167.0
a 13 64 0 1 19430803090140.5
a 13 65 0 1 20925183751730.383
a 13 66 0 1 13853607658951.309
a 13 67 0 1 12556167512395.39
a 13 68 0 1 12639439106812.234
a 13 69 0 1 20632286959631.543
a 13 70 0 1 19848291372814.938
a 13 71 0 1 21538222750708.273
a 13 72 0 1 12308413004783.83
a 13 73 0 1 14177020119075.414
a 13 74 0 1 22104749063817.023
a 13 75 0 1 15302279878011.404
a 13 76 0 1 18075532451396.207
a 13 77 0 1 25953429715841.54
a 13 78 0 1 27090009809317.363
a 13 79 0 1 23706037963155.508
a 13 80 0 1 24277047815687.902
a 14 33 0 1 9378730079567.443
a 14 34 0 1 2396269470604.854
a 14 35 0 1 9195827848264.352
a 14 36 0 1 10401885641090.643
a 14 37 0 1 10956965439241.037
a 14 38 0 1 3527470839879.4683
a 14 39 0 1 4034156263617.5356
a 14 40 0 1 7851751206371.349
a 14 41 0 1 6365264876843.492
a 14 42 0 1 8583374945379.62
a 14 43 0 1 9654228431219.562
a 14 44 0 1 4018675913607.616
a 14 45 0 1 6269481565790.566
a 14 46 0 1 10095114396477.389
a 14 47 0 1 10197428007647.604
a 14 48 0 1 4918198262252.368
a 14 49 0 1 7024593248351.562
a 14 50 0 1 9824085526237.898
a 14 51 0 1 8953137408279.15
a 14 52 0 1 9489679413025.953
a 14 53 0 1 8493719008929.695
a 14 54 0 1 7213443796440.292
a 14 55 0 1 11187301135360.936
a 14 56 0 1 5961777519821.093
a 14 57 0 1 6235797976797.815
a 14 58 0 1 6729867721352.283
a 14 59 0 1 3061313410655.2188
a 14 60 0 1 7547722278057.856
a 14 61 0 1 8547440624633.103
a 14 62 0 1 7476441785804.653
a 14 63 0 1 9255032751913.922
a 14 64 0 1 7987188343932.466
a 14 65 0 1 8600594153611.074
a 14 66 0 1 5696790528960.249
a 14 67 0 1 5163719690981.332
a 14 68 0 1 5197935769766.861
a 14 69 0 1 8480377165008.028
a 14 70 0 1 8158569346397.424
a 14 71 0 1 8852195306845.947
a 14 72 0 1 5061915730879.74
a 14 73 0 1 5829654305724.961
a 14 74 0 1 9084688282751.41
a 14 75 0 1 6291886249954.052
a 14 76 0 1 7430776114106.7705
a 14 77 0 1 10663649456369.37
a 14 78 0 1 11129785408754.334
a 14 79 0 1 9741733913044.389
a 14 80 0 1 9975997823777.264
a 15 33 0 1 25434574591309.24
a 15 34 0 1 6489608113662.122
a 15 35 0 1 24937653909772.805
a 15 36 0 1 28215013111994.69
a 15 37 0 1 29723920584030.617
a 15 38 0 1 9555269307285.373
a 15 39 0 1 10928877018927.648
a 15 40 0 1 21287080671901.96
a 15 41 0 1 17251972393242.316
a 15 42 0 1 23273963546226.863
a 15 43 0 1 26183134264762.51
a 15 44 0 1 10886906232334.287
a 15 45 0 1 16992047128767.365
a 15 46 0 1 27381240172784.996
a 15 47 0 1 27659306882990.137
a 15 48 0 1 13326142939267.254
a 15 49 0 1 19041445289162.926
a 15 50 0 1 26644695527816.83
a 15 51 0 1 24278352194052.88
a 15 52 0 1 25736026468213.38
a 15 53 0 1 23030452536023.01
a 15 54 0 1 19554087436668.234
a 15 55 0 1 30350153545759.52
a 15 56 0 1 16157103248324.52
a 15 57 0 1 16900642978587.28
a 15 58 0 1 18241477757291.203
a 15 59 0 1 8291773785850.333
a 15 60 0 1 20461593073085.22
a 15 61 0 1 23176362696053.164
a 15 62 0 1 20268069376845.375
a 15 63 0 1 25098501711040.656
a 15 64 0 1 21654846269449.42
a 15 65 0 1 23320732957118.145
a 15 66 0 1 15438151784064.412
a 15 67 0 1 13992074200095.727
a 15 68 0 1 14084884075065.562
a 15 69 0 1 22994216008813.01
a 15 70 0 1 22120241930947.867
a 15 71 0 1 24004147815610.785
a 15 72 0 1 13715942048897.244
a 15 73 0 1 15798622753951.959
a 15 74 0 1 24635720255909.41
a 15 75 0 1 17052845393983.842
a 15 76 0 1 20144091760409.453
a 15 77 0 1 28926540460969.33
a 15 78 0 1 30193775371632.94
a 15 79 0 1 26420913458388.117
a 15 80 0 1 27057520750491.492
a 16 33 0 1 6300714636270.314
a 16 34 0 1 1610259927276.7163
a 16 35 0 1 6177881982827.144
a 16 36 0 1 6987809486083.321
a 16 37 0 1 7360548219562.992
a 16 38 0 1 2370310328025.0757
a 16 39 0 1 2710729498835.5156
a 16 40 0 1 5275180955090.922
a 16 41 0 1 4276728720190.6265
a 16 42 0 1 5766561262518.679
a 16 43 0 1 6485729366620.097
a 16 44 0 1 2700329140203.7583
a 16 45 0 1 4212388551935.4326
a 16 46 0 1 6781804416962.36
a 16 47 0 1 6850511265723.681
a 16 48 0 1 3304646390459.8584
a 16 49 0 1 4719604281959.152
a 16 50 0 1 6599797328273.596
a 16 51 0 1 6014894411786.992
a 16 52 0 1 6375224660052.496
a 16 53 0 1 5706347125036.819
a 16 54 0 1 4846452473117.278
a 16 55 0 1 7515215144327.863
a 16 56 0 1 4005692502560.07
a 16 57 0 1 4189762288927.5654
a 16 58 0 1 4521637775066.162
a 16 59 0 1 2057108585308.4905
a 16 60 0 1 5070978071301.476
a 16 61 0 1 5742427336526.545
a 16 62 0 1 5023101414749.252
a 16 63 0 1 6217642730271.593
a 16 64 0 1 5366146623262.68
a 16 65 0 1 5778125868538.0205
a 16 66 0 1 3827687207190.9956
a 16 67 0 1 3469585500305.868
a 16 68 0 1 3492571314424.81
a 16 69 0 1 5697386527619.801
a 16 70 0 1 5481252471325.742
a 16 71 0 1 5947102200076.077
a 16 72 0 1 3401194877713.109
a 16 73 0 1 3916939037398.8604
a 16 74 0 1 6103242546142.323
a 16 75 0 1 4227438409062.356
a 16 76 0 1 4992429217125.587
a 16 77 0 1 7163587087150.839
a 16 78 0 1 7476594459111.3955
a 16 79 0 1 6544494077197.2
a 16 80 0 1 6701813174518.803
a 17 33 0 1 31052166333735.527
a 17 34 0 1 7919117341276.95
a 17 35 0 1 30445108350325.633
a 17 36 0 1 34449144297939.93
a 17 37 0 1 36292841561830.96
a 17 38 0 1 11660979313801.152
a 17 39 0 1 13337756279869.145
a 17 40 0 1 25985895290027.457
a 17 41 0 1 21057934146841.04
a 17 42 0 1 28412790347172.938
a 17 43 0 1 31966665541117.87
a 17 44 0 1 13286520378168.262
a 17 45 0 1 20740529655938.223
a 17 46 0 1 33430438419470.645
a 17 47 0 1 33770176205765.04
a 17 48 0 1 16264403775029.758
a 17 49 0 1 23243240667484.4
a 17 50 0 1 32530562397420.92
a 17 51 0 1 29639703025648.11
a 17 52 0 1 31420439387380.543
a 17 53 0 1 28115338521756.766
a 17 54 0 1 23869316602780.582
a 17 55 0 1 37058062094634.58
a 17 56 0 1 19720976780176.117
a 17 57 0 1 20628913617702.996
a 17 58 0 1 22266294706908.473
a 17 59 0 1 10118720753537.758
a 17 60 0 1 24977668697537.145
a 17 61 0 1 28293569211951.145
a 17 62 0 1 24741310610348.29
a 17 63 0 1 30641604709101.734
a 17 64 0 1 26435087177463.312
a 17 65 0 1 28469920205984.05
a 17 66 0 1 18843097368812.613
a 17 67 0 1 17077454113218.064
a 17 68 0 1 17190769947705.547
a 17 69 0 1 28071075454309.844
a 17 70 0 1 27003537291061.566
a 17 71 0 1 29304741957379.703
a 17 72 0 1 16740314864753.594
a 17 73 0 1 19283248299050.6
a 17 74 0 1 30076261760175.207
a 17 75 0 1 20814772321906.32
a 17 76 0 1 24589893105590.867
a 17 77 0 1 35318524515476.25
a 17 78 0 1 36866974697905.29
a 17 79 0 1 32257162566310.883
a 17 80 0 1 33034928903176.832
a 18 33 0 1 26021909644927.42
a 18 34 0 1 6639131869129.138
a 18 35 0 1 25513480334940.67
a 18 36 0 1 28866767682771.426
a 18 37 0 1 30410652448988.305
a 18 38 0 1 9775506935844.336
a 18 39 0 1 11180815450660.268
a 18 40 0 1 21778401514520.77
a 18 41 0 1 17649970737961.266
a 18 42 0 1 23811268890167.742
a 18 43 0 1 26787808421955.01
a 18 44 0 1 11137875889407.242
a 18 45 0 1 17384037058474.857
a 18 46 0 1 28013672767233.15
a 18 47 0 1 28298183014325.125
a 18 48 0 1 13633431247565.848
a 18 49 0 1 19480818956648.72
a 18 50 0 1 27260062485760.402
a 18 51 0 1 24838911343342.82
a 18 52 0 1 26330343770829.36
a 18 53 0 1 23562120893404.246
a 18 54 0 1 20005317381334.92
a 18 55 0 1 31051405482173.273
a 18 56 0 1 16529795160099.287
a 18 57 0 1 17290520103517.008
a 18 58 0 1 18662352808348.86
a 18 59 0 1 8482860891196.062
a 18 60 0 1 20933815124003.43
a 18 61 0 1 23711408659047.12
a 18 62 0 1 20735814528118.45
a 18 63 0 1 25678053206161.016
a 18 64 0 1 22154677071356.383
a 18 65 0 1 23859120993603.47
a 18 66 0 1 15794229646277.34
a 18 67 0 1 14314743578053.803
a 18 68 0 1 14409697282002.09
a 18 69 0 1 23525045561880.125
a 18 70 0 1 22630842872491.24
a 18 71 0 1 24558357984648.8
a 18 72 0 1 14032233286784.842
a 18 73 0 1 16163030287881.113
a 18 74 0 1 25204554588789.52
a 18 75 0 1 17446240699355.873
a 18 76 0 1 20608968970443.68
a 18 77 0 1 29594787072651.863
a 18 78 0 1 30891401264580.125
a 18 79 0 1 27031096003567.85
a 18 80 0 1 27682452446409.89
a 19 33 0 1 16690293396458.201
a 19 34 0 1 4261705680755.479
a 19 35 0 1 16364533546812.74
a 19 36 0 1 18512792525459.46
a 19 37 0 1 19501670583355.152
a 19 38 0 1 6274155520389.638
a 19 39 0 1 7175700419454.72
a 19 40 0 1 13970981003311.516
a 19 41 0 1 11324496368491.207
a 19 42 0 1 15273796179352.414
a 19 43 0 1 17180992720594.41
a 19 44 0 1 7148155033251.312
a 19 45 0 1 11153991583413.438
a 19 46 0 1 17966320049798.69
a 19 47 0 1 18148574889581.945
a 19 48 0 1 8748871831934.319
a 19 49 0 1 12498252696630.744
a 19 50 0 1 17483542988724.09
a 19 51 0 1 15932303850897.582
a 19 52 0 1 16887906039036.037
a 19 53 0 1 15114135073943.076
a 19 54 0 1 12834475777170.752
a 19 55 0 1 19912044036581.156
a 19 56 0 1 10606264526117.926
a 19 57 0 1 11094031802750.945
a 19 58 0 1 11973556206598.143
a 19 59 0 1 5444794429633.9375
a 19 60 0 1 13429641768473.932
a 19 61 0 1 15209803304958.084
a 19 62 0 1 13302727444934.824
a 19 63 0 1 16469979860104.727
a 19 64 0 1 14212143357376.074
a 19 65 0 1 15304460788336.117
a 19 66 0 1 10134600007878.598
a 19 67 0 1 9185826698254.516
a 19 68 0 1 9246722635742.773
a 19 69 0 1 15090375868361.047
a 19 70 0 1 14517316565153.379
a 19 71 0 1 15752532345287.59
a 19 72 0 1 9004643695635.176
a 19 73 0 1 10371088544801.354
a 19 74 0 1 16166592545015.256
a 19 75 0 1 11193874112427.83
a 19 76 0 1 13221420950728.979
a 19 77 0 1 18979114057642.957
a 19 78 0 1 19809570582343.24
a 19 79 0 1 17336856747916.57
a 19 80 0 1 17754137729049.84
a 20 33 0 1 18760634273461.14
a 20 34 0 1 4789497356631.234
a 20 35 0 1 18394380030419.566
a 20 36 0 1 20809746727209.484
a 20 37 0 1 21921628690655.2
a 20 38 0 1 7051381800392.322
a 20 39 0 1 8064711500161.055
a 20 40 0 1 15703395651741.816
a 20 41 0 1 12728263347103.78
a 20 42 0 1 17168080681869.896
a 20 43 0 1 19312337651981.895
a 20 44 0 1 8033750306519.976
a 20 45 0 1 12536592532120.271
a 20 46 0 1 20195313505642.695
a 20 47 0 1 20400232965226.227
a 20 48 0 1 9833006838380.543
a 20 49 0 1 14047752149933.693
a 20 50 0 1 19652505025630.746
a 20 51 0 1 17908426211745.66
a 20 52 0 1 18982813314356.355
a 20 53 0 1 16988579353162.004
a 20 54 0 1 14425728528750.854
a 20 55 0 1 22383056650567.246
a 20 56 0 1 11920878352380.098
a 20 57 0 1 12469189718954.674
a 20 58 0 1 13457904367825.672
a 20 59 0 1 6119209190133.948
a 20 60 0 1 15094813118778.46
a 20 61 0 1 17096135660107.389
a 20 62 0 1 14952135297903.865
a 20 63 0 1 18512933737789.75
a 20 64 0 1 15974517398198.184
a 20 65 0 1 17202555910076.373
a 20 66 0 1 11390675767354.688
a 20 67 0 1 10324172281786.63
a 20 68 0 1 10392623728696.963
a 20 69 0 1 16961867789511.287
a 20 70 0 1 16317604692761.197
a 20 71 0 1 17706311721669.156
a 20 72 0 1 10120510160614.97
a 20 73 0 1 11656513894696.947
a 20 74 0 1 18171835144911.016
a 20 75 0 1 12581425893047.527
a 20 76 0 1 14860730336254.545
a 20 77 0 1 21334068828001.816
a 20 78 0 1 22267833979380.926
a 20 79 0 1 19487580416832.277
a 20 80 0 1 19956746227988.312
a 21 33 0 1 6710567663421.842
a 21 34 0 1 1714944938809.7776
a 21 35 0 1 6579738856540.828
a 21 36 0 1 7442395419211.91
a 21 37 0 1 7839404242621.001
a 21 38 0 1 2524421529231.5215
a 21 39 0 1 2886981196252.2354
a 21 40 0 1 5618281235312.677
a 21 41 0 1 4554855132464.994
a 21 42 0 1 6141643755966.581
a 21 43 0 1 6907626927359.117
a 21 44 0 1 2875904382124.429
a 21 45 0 1 4486328599875.688
a 21 46 0 1 7222977720038.544
a 21 47 0 1 7296157876341.615
a 21 48 0 1 3519530228513.245
a 21 49 0 1 5026548675642.019
a 21 50 0 1 7029121031683.21
a 21 51 0 1 6406141501267.85
a 21 52 0 1 6789928254083.927
a 21 53 0 1 6077510285181.249
a 21 54 0 1 5161651474891.931
a 21 55 0 1 8004142626595.283
a 21 56 0 1 4266184089997.0933
a 21 57 0 1 4462230149696.648
a 21 58 0 1 4815700070627.905
a 21 59 0 1 2190851115024.2422
a 21 60 0 1 5400788638748.903
a 21 61 0 1 6115938947747.325
a 21 62 0 1 5349796221365.455
a 21 63 0 1 6622087920607.3545
a 21 64 0 1 5715167247681.631
a 21 65 0 1 6153961107874.434
a 21 66 0 1 4076597614101.914
a 21 67 0 1 3695199027827.9976
a 21 68 0 1 3719680159408.7
a 21 69 0 1 6067966448156.526
a 21 70 0 1 5837764751372.588
a 21 71 0 1 6333936435372.413
a 21 72 0 1 3622359376553.5156
a 21 73 0 1 4171656183409.694
a 21 74 0 1 6500240663492.974
a 21 75 0 1 4502357686712.2
a 21 76 0 1 5317127929645.282
a 21 77 0 1 7629618128512.684
a 21 78 0 1 7963007039169.47
a 21 79 0 1 6970217358664.259
a 21 80 0 1 7137778570232.201
a 22 33 0 1 10022722428229.322
a 22 34 0 1 2560668460184.8286
a 22 35 0 1 9827246964249.934
a 22 36 0 1 11116223124829.572
a 22 37 0 1 11709473801645.805
a 22 38 0 1 3769510965745.5957
a 22 39 0 1 4310980258412.5566
a 22 40 0 1 8390791932607.094
a 22 41 0 1 6802174970846.334
a 22 42 0 1 9172696383035.38
a 22 43 0 1 10317160408086.71
a 22 44 0 1 4294437120757.5283
a 22 45 0 1 6699812046105.364
a 22 46 0 1 10788358541439.184
a 22 47 0 1 10897706975482.54
a 22 48 0 1 5255721976521.082
a 22 49 0 1 7506798592632.92
a 22 50 0 1 10498695273592.598
a 22 51 0 1 9567874149414.902
a 22 52 0 1 10141299018139.838
a 22 53 0 1 9076878371582.254
a 22 54 0 1 7708624352981.199
a 22 55 0 1 11955650401482.111
a 22 56 0 1 6370972029521.531
a 22 57 0 1 6663814677492.209
a 22 58 0 1 7191824785783.911
a 22 59 0 1 3271355737671.928
a 22 60 0 1 8065871332606.895
a 22 61 0 1 9134292271084.955
a 22 62 0 1 7989692951576.785
a 22 63 0 1 9890521723658.463
a 22 64 0 1 8535536280600.226
a 22 65 0 1 9191099087332.387
a 22 66 0 1 6087784554473.779
a 22 67 0 1 5518103637175.367
a 22 68 0 1 5554669453343.736
a 22 69 0 1 9062619551001.83
a 22 70 0 1 8718694992637.381
a 22 71 0 1 9459993650344.246
a 22 72 0 1 5409308561317.32
a 22 73 0 1 6229773857552.945
a 22 74 0 1 9708467617361.283
a 22 75 0 1 6723755754489.954
a 22 76 0 1 7940889504653.632
a 22 77 0 1 11395986864171.467
a 22 78 0 1 11894179054981.11
a 22 79 0 1 10410681879873.143
a 22 80 0 1 10661052040242.902
a 23 33 0 1 14560286432998.057
a 23 34 0 1 3718507670018.751
a 23 35 0 1 14276168254829.928
a 23 36 0 1 16149766413954.445
a 23 37 0 1 17012173861846.271
a 23 38 0 1 5474288471650.291
a 23 39 0 1 6260816144096.915
a 23 40 0 1 12188498456541.428
a 23 41 0 1 9880048756678.857
a 23 42 0 1 13324839311575.92
a 23 43 0 1 14988254836398.21
a 23 44 0 1 6236785249583.377
a 23 45 0 1 9731316352061.28
a 23 46 0 1 15673173185008.91
a 23 47 0 1 15832123346636.973
a 23 48 0 1 7633235720676.308
a 23 49 0 1 10903903604895.66
a 23 50 0 1 15252124047267.111
a 23 51 0 1 13899185997029.922
a 23 52 0 1 14732637051373.72
a 23 53 0 1 13185582117505.846
a 23 54 0 1 11197180820677.688
a 23 55 0 1 17370056037228.979
a 23 56 0 1 9253525523976.656
a 23 57 0 1 9679012878179.873
a 23 58 0 1 10446220944975.55
a 23 59 0 1 4750717153226.726
a 23 60 0 1 11716318988593.07
a 23 61 0 1 13269024493294.86
a 23 62 0 1 11605617744507.201
a 23 63 0 1 14368135732090.035
a 23 64 0 1 12398848259513.81
a 23 65 0 1 13351585058046.414
a 23 66 0 1 8842079066040.18
a 23 67 0 1 8014419676047.143
a 23 68 0 1 8067542747301.69
a 23 69 0 1 13164859166710.023
a 23 70 0 1 12665028312701.738
a 23 71 0 1 13742391405988.19
a 23 72 0 1 7856362633242.25
a 23 73 0 1 9048375498038.518
a 23 74 0 1 14103528593088.781
a 23 75 0 1 9766106201688.018
a 23 76 0 1 11534697793366.428
a 23 77 0 1 16556451802067.35
a 23 78 0 1 17280690469971.129
a 23 79 0 1 15124191938507.057
a 23 80 0 1 15488121254137.977
a 24 33 0 1 22261376531564.402
a 24 34 0 1 5681514621027.994
a 24 35 0 1 21826607189608.656
a 24 36 0 1 24693942557297.234
a 24 37 0 1 26013982617215.715
a 24 38 0 1 8365068354763.149
a 24 39 0 1 9567391446933.855
a 24 40 0 1 18632431236744.906
a 24 41 0 1 15101404647756.6
a 24 42 0 1 20370954219545.32
a 24 43 0 1 22916299885824.55
a 24 44 0 1 9530654989541.041
a 24 45 0 1 14873936226949.865
a 24 46 0 1 23964506953352.137
a 24 47 0 1 24207778680032.387
a 24 48 0 1 11665612130623.13
a 24 49 0 1 16667380085089.674
a 24 50 0 1 23320118035511.383
a 24 51 0 1 21249756686380.89
a 24 52 0 1 22525121898295.26
a 24 53 0 1 20157887374305.492
a 24 54 0 1 17115980584522.504
a 24 55 0 1 26561814193869.29
a 24 56 0 1 14143240211060.5
a 24 57 0 1 14793945300515.818
a 24 58 0 1 15967335013609.895
a 24 59 0 1 7259084939276.025
a 24 60 0 1 17910100162641.555
a 24 61 0 1 20285555774737.992
a 24 62 0 1 17740757547594.23
a 24 63 0 1 21967337961599.316
a 24 64 0 1 18954233719032.215
a 24 65 0 1 20411876267331.65
a 24 66 0 1 13514040193797.627
a 24 67 0 1 12248446624333.54
a 24 68 0 1 12329674537836.492
a 24 69 0 1 20126181072333.3
a 24 70 0 1 19361459638565.77
a 24 71 0 1 21009840642181.52
a 24 72 0 1 12006772369409.484
a 24 73 0 1 13829512823472.812
a 24 74 0 1 21562434232295.043
a 24 75 0 1 14927142770739.24
a 24 76 0 1 17632270628043.11
a 24 77 0 1 25316416376473.055
a 24 78 0 1 26425014749030.566
a 24 79 0 1 23124332645885.367
a 24 80 0 1 23681292664643.97
a 25 33 0 1 7564972179421.798
a 25 34 0 1 1933154022512.7014
a 25 35 0 1 7417471726262.65
a 25 36 0 1 8390067924385.048
a 25 37 0 1 8837681060508.723
a 25 38 0 1 2845661922393.3555
a 25 39 0 1 3254375709493.0312
a 25 40 0 1 6333511963569.649
a 25 41 0 1 5134627221459.262
a 25 42 0 1 6923553849378.028
a 25 43 0 1 7787143972077.582
a 25 44 0 1 3241888744216.303
a 25 45 0 1 5057373098757.494
a 25 46 0 1 8142684616379.332
a 25 47 0 1 8225191681067.847
a 25 48 0 1 3967459112941.9414
a 25 49 0 1 5666400217270.115
a 25 50 0 1 7924121491293.682
a 25 51 0 1 7221753559738.571
a 25 52 0 1 7654446045782.215
a 25 53 0 1 6851248922185.024
a 25 54 0 1 5818712371281.002
a 25 55 0 1 9023419180760.725
a 25 56 0 1 4809191870985.016
a 25 57 0 1 5030205488953.604
a 25 58 0 1 5428694985030.351
a 25 59 0 1 2469631578238.005
a 25 60 0 1 6088312236282.043
a 25 61 0 1 6894573890680.854
a 25 62 0 1 6030823945651.251
a 25 63 0 1 7465217312124.267
a 25 64 0 1 6442741122294.026
a 25 65 0 1 6937440611170.5625
a 25 66 0 1 4595461709280.3
a 25 67 0 1 4165495917971.845
a 25 68 0 1 4193094326599.2847
a 25 69 0 1 6840489085130.176
a 25 70 0 1 6580957826364.603
a 25 71 0 1 7140347986886.764
a 25 72 0 1 4083381429693.32
a 25 73 0 1 4702625762707.603
a 25 74 0 1 7327843275184.0625
a 25 75 0 1 5075443648095.103
a 25 76 0 1 5993994117984.514
a 25 77 0 1 8601154129848.482
a 25 78 0 1 8977039822414.219
a 25 79 0 1 7857710973207.963
a 25 80 0 1 8046626944689.974
a 26 33 0 1 19173980596451.83
a 26 34 0 1 4894849221403.101
a 26 35 0 1 18799639326828.406
a 26 36 0 1 21268351058554.492
a 26 37 0 1 22404799894330.188
a 26 38 0 1 7206528352795.511
a 26 39 0 1 8242174791477.721
a 26 40 0 1 16049258407277.852
a 26 41 0 1 13008501497247.35
a 26 42 0 1 17546267917324.04
a 26 43 0 1 19737867101681.18
a 26 44 0 1 8210531655182.65
a 26 45 0 1 12812604438239.264
a 26 46 0 1 20640344780723.406
a 26 47 0 1 20849790768540.027
a 26 48 0 1 10049426358677.0
a 26 49 0 1 14357089531284.994
a 26 50 0 1 20085547094126.41
a 26 51 0 1 18302956547464.453
a 26 52 0 1 19401065770884.68
a 26 53 0 1 17362804532283.004
a 26 54 0 1 14743403244284.945
a 26 55 0 1 22876424926412.586
a 26 56 0 1 12183315363577.1
a 26 57 0 1 12743715472617.938
a 26 58 0 1 13754232475740.268
a 26 59 0 1 6253831039525.16
a 26 60 0 1 15427248198918.578
a 26 61 0 1 17472734863658.19
a 26 62 0 1 15281422633888.414
a 26 63 0 1 18920810666775.402
a 26 64 0 1 16326362763275.666
a 26 65 0 1 17581504121711.732
a 26 66 0 1 11641424767786.229
a 26 67 0 1 10551415243503.756
a 26 68 0 1 10621375202510.771
a 26 69 0 1 17335503389977.033
a 26 70 0 1 16677021216188.645
a 26 71 0 1 18096380104895.957
a 26 72 0 1 10343265022366.943
a 26 73 0 1 11913122961316.309
a 26 74 0 1 18572180909942.816
a 26 75 0 1 12858426334901.68
a 26 76 0 1 15188001160444.129
a 26 77 0 1 21804257179905.477
a 26 78 0 1 22758655851751.566
a 26 79 0 1 19916980039396.43
a 26 80 0 1 20396507992956.168
a 27 33 0 1 19395528104733.688
a 27 34 0 1 4951313185453.519
a 27 35 0 1 19016851997972.56
a 27 36 0 1 21514158156459.402
a 27 37 0 1 22663775702524.477
a 27 38 0 1 7289680810651.338
a 27 39 0 1 8337288520136.386
a 27 40 0 1 16234633510438.402
a 27 41 0 1 13158701460355.285
a 27 42 0 1 17748969415001.22
a 27 43 0 1 19965945076863.19
a 27 44 0 1 8305279876496.97
a 27 45 0 1 12960539139893.47
a 27 46 0 1 20878876290684.555
a 27 47 0 1 21090748637084.004
a 27 48 0 1 10165419977311.732
a 27 49 0 1 14522886737464.873
a 27 50 0 1 20317652038777.4
a 27 51 0 1 18514418261564.707
a 27 52 0 1 19625243088592.574
a 27 53 0 1 17563382299103.242
a 27 54 0 1 14913669306971.904
a 27 55 0 1 23140866758645.918
a 27 56 0 1 12323973961611.365
a 27 57 0 1 12890853599237.002
a 27 58 0 1 13913056666865.482
a 27 59 0 1 6325982800910.526
a 27 60 0 1 15605425929697.557
a 27 61 0 1 17674585148356.363
a 27 62 0 1 15457913146310.447
a 27 63 0 1 19139426449411.754
a 27 64 0 1 16514944617807.965
a 27 65 0 1 17784613516150.05
a 27 66 0 1 11775818654529.596
a 27 67 0 1 10673210097561.285
a 27 68 0 1 10743978602810.305
a 27 69 0 1 17535765132674.613
a 27 70 0 1 16869661313270.69
a 27 71 0 1 18305450121520.145
a 27 72 0 1 10462654305714.672
a 27 73 0 1 12050657808972.934
a 27 74 0 1 18786759818343.137
a 27 75 0 1 13006890890156.375
a 27 76 0 1 15363410805919.1
a 27 77 0 1 22056273707258.64
a 27 78 0 1 23021732711648.062
a 27 79 0 1 20147132531914.758
a 27 80 0 1 20632214888053.004
a 28 33 0 1 26338428027380.973
a 28 34 0 1 6719704867337.133
a 28 35 0 1 25823796015739.797
a 28 36 0 1 29218006138335.703
a 28 37 0 1 30780742886874.117
a 28 38 0 1 9894186595256.578
a 28 39 0 1 11316578514404.955
a 28 40 0 1 22043172758623.21
a 28 41 0 1 17864447237542.27
a 28 42 0 1 24100823395353.56
a 28 43 0 1 27113671952409.145
a 28 44 0 1 11273116882489.209
a 28 45 0 1 17595275470923.52
a 28 46 0 1 28354497208212.44
a 28 47 0 1 28642480336797.348
a 28 48 0 1 13799022543089.447
a 28 49 0 1 19717593853531.53
a 28 50 0 1 27591689076652.25
a 28 51 0 1 25140998597227.21
a 28 52 0 1 26650625325366.03
a 28 53 0 1 23848637333496.734
a 28 54 0 1 20248482040395.074
a 28 55 0 1 31429321983721.703
a 28 56 0 1 16730633428204.559
a 28 57 0 1 17500619873559.635
a 28 58 0 1 18889158207885.445
a 28 59 0 1 8585831648756.849
a 28 60 0 1 21188293228690.113
a 28 61 0 1 23999745465660.383
a 28 62 0 1 20987879854006.203
a 28 63 0 1 25990376551540.016
a 28 64 0 1 22424034711667.414
a 28 65 0 1 24149259018781.227
a 28 66 0 1 15986114279104.004
a 28 67 0 1 14488623886827.48
a 28 68 0 1 14584732925377.203
a 28 69 0 1 23811109927241.355
a 28 70 0 1 22906005040727.176
a 28 71 0 1 24857023415261.562
a 28 72 0 1 14202676346194.707
a 28 73 0 1 16359403936632.729
a 28 74 0 1 25511101817036.406
a 28 75 0 1 17658236503751.848
a 28 76 0 1 20859488651048.7
a 28 77 0 1 29954914341732.605
a 28 78 0 1 31267363388571.71
a 28 79 0 1 27359928367396.88
a 28 80 0 1 28019234128299.832
a 29 33 0 1 6381227325070.782
a 29 34 0 1 1630825127849.8816
a 29 35 0 1 6256823943008.863
a 29 36 0 1 7077109264003.794
a 29 37 0 1 7454615451712.125
a 29 38 0 1 2400585084891.36
a 29 39 0 1 2745353629432.96
a 29 40 0 1 5342580961554.957
a 29 41 0 1 4331365325707.789
a 29 42 0 1 5840243766268.928
a 29 43 0 1 6568608025343.643
a 29 44 0 1 2734820385255.5864
a 29 45 0 1 4266202787012.1895
a 29 46 0 1 6868469498308.915
a 29 47 0 1 6938055057491.78
a 29 48 0 1 3346859541258.3677
a 29 49 0 1 4779901881551.245
a 29 50 0 1 6684134739917.562
a 29 51 0 1 6091752229818.723
a 29 52 0 1 6456690171384.425
a 29 53 0 1 5779259727818.536
a 29 54 0 1 4908371599441.982
a 29 55 0 1 7611260740314.005
a 29 56 0 1 4056864914436.011
a 29 57 0 1 4243287327043.063
a 29 58 0 1 4579404823590.535
a 29 59 0 1 2083382017530.7188
a 29 60 0 1 5135767472502.014
a 29 61 0 1 5815801261396.243
a 29 62 0 1 5087278761040.107
a 29 63 0 1 6297093128048.76
a 29 64 0 1 5434709608528.05
a 29 65 0 1 5851956239155.875
a 29 66 0 1 3876584600135.8345
a 29 67 0 1 3513906415699.4595
a 29 68 0 1 3537185973048.3945
a 29 69 0 1 5770184560680.466
a 29 70 0 1 5551287098372.574
a 29 71 0 1 6023093174070.394
a 29 72 0 1 3444641816303.7827
a 29 73 0 1 3966977112711.918
a 29 74 0 1 6181230072818.62
a 29 75 0 1 4281445004320.919
a 29 76 0 1 5056214453803.733
a 29 77 0 1 7255135068293.626
a 29 78 0 1 7572146046433.411
a 29 79 0 1 6628124240893.02
a 29 80 0 1 6787455244026.722
a 30 33 0 1 9956272256545.363
a 30 34 0 1 2543705836079.298
a 30 35 0 1 9762094242670.117
a 30 36 0 1 11042513874547.732
a 30 37 0 1 11631825565211.68
a 30 38 0 1 3744537159051.142
a 30 39 0 1 4282417334231.7407
a 30 40 0 1 8335171767669.172
a 30 41 0 1 6757093488032.947
a 30 42 0 1 9111887757381.242
a 30 43 0 1 10248755822356.328
a 30 44 0 1 4265983858990.304
a 30 45 0 1 6655409494552.112
a 30 46 0 1 10716825973062.543
a 30 47 0 1 10825448464684.79
a 30 48 0 1 5220895787816.07
a 30 49 0 1 7457043199232.535
a 30 50 0 1 10429085634069.336
a 30 51 0 1 9504442901076.143
a 30 52 0 1 10074061777164.955
a 30 53 0 1 9016705612621.451
a 30 54 0 1 7657530069819.907
a 30 55 0 1 11876367477806.787
a 30 56 0 1 6328750431256.018
a 30 57 0 1 6619650877930.901
a 30 58 0 1 7144158770269.951
a 30 59 0 1 3249683549543.021
a 30 60 0 1 8012406960979.17
a 30 61 0 1 9073738504152.367
a 30 62 0 1 7936733987457.385
a 30 63 0 1 9824949028132.97
a 30 64 0 1 8478955709772.595
a 30 65 0 1 9130168336208.506
a 30 66 0 1 6047440998401.984
a 30 67 0 1 5481537721513.929
a 30 68 0 1 5517861079003.259
a 30 69 0 1 9002541415116.16
a 30 70 0 1 8660899083834.697
a 30 71 0 1 9397278381406.24
a 30 72 0 1 5373464026297.927
a 30 73 0 1 6188488672278.434
a 30 74 0 1 9644103254250.932
a 30 75 0 1 6679194395571.684
a 30 76 0 1 7888254323682.038
a 30 77 0 1 11320420142790.229
a 30 78 0 1 11815304328301.79
a 30 79 0 1 10341656491800.338
a 30 80 0 1 10590364611437.584
a 31 33 0 1 12025455504551.695
a 31 34 0 1 3071812088068.012
a 31 35 0 1 11790867225830.545
a 31 36 0 1 13337794449444.795
a 31 37 0 1 14049797862289.527
a 31 38 0 1 4522081361640.479
a 31 39 0 1 5171717589531.809
a 31 40 0 1 10067055753878.854
a 31 41 0 1 8160775822675.85
a 31 42 0 1 11005362566719.54
a 31 43 0 1 12378811762366.871
a 31 44 0 1 5151869462521.431
a 31 45 0 1 8037948987583.319
a 31 46 0 1 12944308598777.516
a 31 47 0 1 13075542184588.928
a 31 48 0 1 6305224947068.8
a 31 49 0 1 9006280161622.486
a 31 50 0 1 12596674906873.975
a 31 51 0 1 11479599594477.56
a 31 52 0 1 12167759192209.135
a 31 53 0 1 10890376504866.398
a 31 54 0 1 9248463522445.473
a 31 55 0 1 14345258073463.701
a 31 56 0 1 7643372750647.048
a 31 57 0 1 7994755333343.262
a 31 58 0 1 8628327875141.036
a 31 59 0 1 3924426147418.496
a 31 60 0 1 9677152048826.408
a 31 61 0 1 10959275788623.479
a 31 62 0 1 9585739073778.324
a 31 63 0 1 11866802442401.951
a 31 64 0 1 10240750397757.521
a 31 65 0 1 11027446724270.285
a 31 66 0 1 7303579937191.597
a 31 67 0 1 6620040940008.732
a 31 68 0 1 6663914368029.6045
a 31 69 0 1 10873265301619.691
a 31 70 0 1 10460544316631.463
a 31 71 0 1 11350135666765.547
a 31 72 0 1 6489503802708.249
a 31 73 0 1 7473950424070.6875
a 31 74 0 1 11648322272846.584
a 31 75 0 1 8066679356714.716
a 31 76 0 1 9527175799291.93
a 31 77 0 1 13673556895087.309
a 31 78 0 1 14271480085015.863
a 31 79 0 1 12491048277099.553
a 31 80 0 1 12791523625736.67
a 32 33 0 1 23487604398953.293
a 32 34 0 1 5993840638624.103
a 32 35 0 1 23028823017693.484
a 32 36 0 1 26054566338065.04
a 32 37 0 1 27447570044677.04
a 32 38 0 1 8825065489384.041
a 32 39 0 1 10093581485465.404
a 32 40 0 1 19658312473998.99
a 32 41 0 1 15932514634229.043
a 32 42 0 1 21492793704036.387
a 32 43 0 1 24178703549993.06
a 32 44 0 1 10054822246418.576
a 32 45 0 1 15692504794477.336
a 32 46 0 1 25284822085387.71
a 32 47 0 1 25541536226098.363
a 32 48 0 1 12307364296345.562
a 32 49 0 1 17584848579136.324
a 32 50 0 1 24604830145933.273
a 32 51 0 1 22420117336532.992
a 32 52 0 1 23765917493794.62
a 32 53 0 1 21267964397008.54
a 32 54 0 1 18058194007859.918
a 32 55 0 1 28025689233560.727
a 32 56 0 1 14921526711027.049
a 32 57 0 1 15608103751472.994
a 32 58 0 1 16846194213052.557
a 32 59 0 1 7658210141091.202
a 32 60 0 1 18896124057941.69
a 32 61 0 1 21402680722238.59
a 32 62 0 1 18717438337407.863
a 32 63 0 1 23177325984707.832
a 32 64 0 1 19997873874670.062
a 32 65 0 1 21535974943652.46
a 32 66 0 1 14257645662986.223
a 32 67 0 1 12922309583924.633
a 32 68 0 1 13008013044465.006
a 32 69 0 1 21234507784820.984
a 32 70 0 1 20427574861318.56
a 32 71 0 1 22166953821935.266
a 32 72 0 1 12667319930084.99
a 32 73 0 1 14590506243583.154
a 32 74 0 1 22750061191723.414
a 32 75 0 1 15748644806695.184
a 32 76 0 1 18602966093232.25
a 32 77 0 1 26711443742456.316
a 32 78 0 1 27881326268057.25
a 32 79 0 1 24398228555419.656
a 32 80 0 1 24985959285957.62
a 33 1 0 1 0
a 34 1 0 1 0
a 35 1 0 1 0
a 36 1 0 1 0
a 37 1 0 1 0
a 38 1 0 1 0
a 39 1 0 1 0
a 40 1 0 1 0
a 41 1 0 1 0
a 42 1 0 1 0
a 43 1 0 1 0
a 44 1 0 1 0
a 45 1 0 1 0
a 46 1 0 1 0
a 47 1 0 1 0
a 48 1 0 1 0
a 49 1 0 1 0
a 50 1 0 1 0
a 51 1 0 1 0
a 52 1 0 1 0
a 53 1 0 1 0
a 54 1 0 1 0
a 55 1 0 1 0
a 56 1 0 1 0
a 57 1 0 1 0
a 58 1 0 1 0
a 59 1 0 1 0
a 60 1 0 1 0
a 61 1 0 1 0
a 62 1 0 1 0
a 63 1 0 1 0
a 64 1 0 1 0
a 65 1 0 1 0
a 66 1 0 1 0
a 67 1 0 1 0
a 68 1 0 1 0
a 69 1 0 1 0
a 70 1 0 1 0
a 71 1 0 1 0
a 72 1 0 1 0
a 73 1 0 1 0
a 74 1 0 1 0
a 75 1 0 1 0
a 76 1 0 1 0
a 77 1 0 1 0
a 78 1 0 1 0
a 79 1 0 1 0
a 80 1 0 1 0
