p min 81 1567
n 0 31
n 1 -31
a 0 2 0 1 0
a 0 3 0 1 0
a 0 4 0 1 0
a 0 5 0 1 0
a 0 6 0 1 0
a 0 7 0 1 0
a 0 8 0 1 0
a 0 9 0 1 0
a 0 10 0 1 0
a 0 11 0 1 0
a 0 12 0 1 0
a 0 13 0 1 0
a 0 14 0 1 0
a 0 15 0 1 0
a 0 16 0 1 0
a 0 17 0 1 0
a 0 18 0 1 0
a 0 19 0 1 0
a 0 20 0 1 0
a 0 21 0 1 0
a 0 22 0 1 0
a 0 23 0 1 0
a 0 24 0 1 0
a 0 25 0 1 0
a 0 26 0 1 0
a 0 27 0 1 0
a 0 28 0 1 0
a 0 29 0 1 0
a 0 30 0 1 0
a 0 31 0 1 0
a 0 32 0 1 0
a 2 33 0 1 9585593651451.44
a 2 34 0 1 3303741788344.2334
a 2 35 0 1 4024338870897.1196
a 2 36 0 1 9475104505665.342
a 2 37 0 1 9156306845732.209
a 2 38 0 1 5352913591625.068
a 2 39 0 1 7361174119174.73
a 2 40 0 1 10420349901912.494
a 2 41 0 1 5427776527417.191
a 2 42 0 1 6156507567612.687
a 2 43 0 1 7248328807250.457
a 2 44 0 1 8941196613756.025
a 2 45 0 1 4508685890686.6045
a 2 46 0 1 14466598838759.459
a 2 47 0 1 15011445612658.02
a 2 48 0 1 14135992345915.291
a 2 49 0 1 15332392286043.16
a 2 50 0 1 7994924619456.134
a 2 51 0 1 4845327041622.882
a 2 52 0 1 12004206056273.012
a 2 53 0 1 10112223170443.941
a 2 54 0 1 5087856542337.924
a 2 55 0 1 5119645575449.288
a 2 56 0 1 14760802761504.887
a 2 57 0 1 7942161034107.589
a 2 58 0 1 15069457991401.357
a 2 59 0 1 12113548096296.268
a 2 60 0 1 10733644394212.559
a 2 61 0 1 12818533145072.73
a 2 62 0 1 9751126588130.139
a 2 63 0 1 9781332230714.887
a 2 64 0 1 5439759372049.205
a 2 65 0 1 12324351873778.64
a 2 66 0 1 9713117564835.016
a 2 67 0 1 5811200040536.136
a 2 68 0 1 11132295872777.717
a 2 69 0 1 7261896877573.329
a 2 70 0 1 8598337695852.8955
a 2 71 0 1 3935359492134.7637
a 2 72 0 1 12225692243241.459
a 2 73 0 1 3265445066194.4336
a 2 74 0 1 11508597298795.037
a 2 75 0 1 8204725543841.817
a 2 76 0 1 11353302939872.621
a 2 77 0 1 10303397621859.975
a 2 78 0 1 10353547150800.217
a 2 79 0 1 14812134860616.791
a 2 80 0 1 5878649571712.19
a 3 33 0 1 22575754367419.426
a 3 34 0 1 7773268602283.333
a 3 35 0 1 9469801931693.236
a 3 36 0 1 22315147848313.8
a 3 37 0 1 21563262497001.16
a 3 38 0 1 12598723593847.82
a 3 39 0 1 17330834967616.506
a 3 40 0 1 24544953174947.23
a 3 41 0 1 12775071642642.17
a 3 42 0 1 14491894749057.951
a 3 43 0 1 17064856193513.678
a 3 44 0 1 21055966653430.75
a 3 45 0 1 10610335667518.97
a 3 46 0 1 34097395974815.98
a 3 47 0 1 35384603972704.91
a 3 48 0 1 33316440831226.176
a 3 49 0 1 36142947899648.95
a 3 50 0 1 18824772499801.49
a 3 51 0 1 11403155171638.936
a 3 52 0 1 28282701277754.836
a 3 53 0 1 23818019068015.37
a 3 54 0 1 11974385082006.152
a 3 55 0 1 12049261019872.31
a 3 56 0 1 34792429461205.586
a 3 57 0 1 18700381817082.973
a 3 58 0 1 35521671977659.836
a 3 59 0 1 28540806391603.348
a 3 60 0 1 25284150972899.125
a 3 61 0 1 30205156727027.727
a 3 62 0 1 22966207427733.754
a 3 63 0 1 23037457578693.375
a 3 64 0 1 12803298960870.248
a 3 65 0 1 29038439887700.754
a 3 66 0 1 22876551339798.758
a 3 67 0 1 13678333376929.146
a 3 68 0 1 26224847803386.918
a 3 69 0 1 17096835924672.303
a 3 70 0 1 20247470805146.98
a 3 71 0 1 9260293243115.393
a 3 72 0 1 28805535145897.758
a 3 73 0 1 7683115616836.607
a 3 74 0 1 27112913011977.062
a 3 75 0 1 19319400585562.18
a 3 76 0 1 26746408183559.7
a 3 77 0 1 24269030523853.016
a 3 78 0 1 24387345842825.523
a 3 79 0 1 34913704056283.047
a 3 80 0 1 13837240868031.902
a 4 33 0 1 9967216128795.736
a 4 34 0 1 3435171740185.5576
a 4 35 0 1 4184449537089.069
a 4 36 0 1 9852323188192.71
a 4 37 0 1 9520819779449.238
a 4 38 0 1 5565916257630.395
a 4 39 0 1 7654159758174.961
a 4 40 0 1 10835247243058.72
a 4 41 0 1 5643760068808.528
a 4 42 0 1 6401510347762.503
a 4 43 0 1 7536819137213.68
a 4 44 0 1 9297136831216.52
a 4 45 0 1 4688076988030.348
a 4 46 0 1 15042881119288.646
a 4 47 0 1 15609471094390.195
a 4 48 0 1 14699082495305.229
a 4 49 0 1 15943227114951.24
a 4 50 0 1 8313158617911.094
a 4 51 0 1 5038120150766.059
a 4 52 0 1 12482256995246.283
a 4 53 0 1 10514837259514.78
a 4 54 0 1 5290305656372.79
a 4 55 0 1 5323360371138.514
a 4 56 0 1 15348825486200.186
a 4 57 0 1 8258292806799.093
a 4 58 0 1 15669798740338.82
a 4 59 0 1 12595959748889.086
a 4 60 0 1 11161031925711.756
a 4 61 0 1 13329063329525.453
a 4 62 0 1 10139346973102.838
a 4 63 0 1 10170756597891.117
a 4 64 0 1 5656220048589.124
a 4 65 0 1 12815170998351.191
a 4 66 0 1 10099822941021.752
a 4 67 0 1 6042451489980.84
a 4 68 0 1 11575577897769.318
a 4 69 0 1 7550927699146.103
a 4 70 0 1 8940614984018.238
a 4 71 0 1 4091928393902.073
a 4 72 0 1 12712576479996.768
a 4 73 0 1 3395350896452.982
a 4 74 0 1 11966884098197.225
a 4 75 0 1 8531318769016.39
a 4 76 0 1 11805397313959.701
a 4 77 0 1 10713632637187.441
a 4 78 0 1 10765781371047.7
a 4 79 0 1 15402206118757.234
a 4 80 0 1 6112587003604.828
a 5 33 0 1 11841826676847.54
a 5 34 0 1 4080673597868.1196
a 5 35 0 1 4970828505692.553
a 5 36 0 1 11705295806882.533
a 5 37 0 1 11311363764594.863
a 5 38 0 1 6612110437250.961
a 5 39 0 1 9093280518966.895
a 5 40 0 1 12873357148470.158
a 5 41 0 1 6704597412330.958
a 5 42 0 1 7604904044843.837
a 5 43 0 1 8953854982783.678
a 5 44 0 1 11045560102592.396
a 5 45 0 1 5569162806472.274
a 5 46 0 1 17874077107048.152
a 5 47 0 1 18547531952789.63
a 5 48 0 1 17465442498866.225
a 5 49 0 1 18944245650345.574
a 5 50 0 1 9876324058188.951
a 5 51 0 1 5985039069347.261
a 5 52 0 1 14830698767172.143
a 5 53 0 1 12492591319908.475
a 5 54 0 1 6284657357699.9
a 5 55 0 1 6323929472922.684
a 5 56 0 1 18237723763941.277
a 5 57 0 1 9811129891662.604
a 5 58 0 1 18619239007945.01
a 5 59 0 1 14965830713332.742
a 5 60 0 1 13260515537687.547
a 5 61 0 1 15837115979555.688
a 5 62 0 1 12046376408606.152
a 5 63 0 1 12083701843840.088
a 5 64 0 1 6719401262190.535
a 5 65 0 1 15226357884377.473
a 5 66 0 1 11999408339408.557
a 5 67 0 1 7178291384158.8955
a 5 68 0 1 13753164629437.344
a 5 69 0 1 8970618908148.018
a 5 70 0 1 10621908584340.78
a 5 71 0 1 4860910233869.245
a 5 72 0 1 15104426517564.633
a 5 73 0 1 4033366558758.2188
a 5 74 0 1 14218203556707.785
a 5 75 0 1 10135553860754.055
a 5 76 0 1 14026287315066.61
a 5 77 0 1 12728833294066.238
a 5 78 0 1 12790805493962.654
a 5 79 0 1 18301172685153.42
a 5 80 0 1 7261621763504.718
a 6 33 0 1 21751729547723.016
a 6 34 0 1 7490006691775.562
a 6 35 0 1 9124652501330.334
a 6 36 0 1 21500658844163.85
a 6 37 0 1 20776282531802.9
a 6 38 0 1 12139373704969.686
a 6 39 0 1 16698620176223.76
a 6 40 0 1 23648855862354.15
a 6 41 0 1 12309282981886.543
a 6 42 0 1 13963408745665.045
a 6 43 0 1 16442362470010.146
a 6 44 0 1 20287544400745.473
a 6 45 0 1 10223567826130.955
a 6 46 0 1 32851233022976.344
a 6 47 0 1 34091212341658.24
a 6 48 0 1 32098925169423.605
a 6 49 0 1 34821725717423.668
a 6 50 0 1 18137946194550.58
a 6 51 0 1 10987450908603.602
a 6 52 0 1 27249716110041.97
a 6 53 0 1 22948531141985.676
a 6 54 0 1 11537828846118.26
a 6 55 0 1 11609971343564.854
a 6 56 0 1 33520766856013.906
a 6 57 0 1 18018103356269.527
a 6 58 0 1 34223250418690.977
a 6 59 0 1 27498364429203.24
a 6 60 0 1 24360990961489.574
a 6 61 0 1 29101721103614.242
a 6 62 0 1 22127894564680.895
a 6 63 0 1 22196537289846.51
a 6 64 0 1 12336479648579.45
a 6 65 0 1 27977763446306.836
a 6 66 0 1 22041519416097.43
a 6 67 0 1 13179561120191.434
a 6 68 0 1 25267241614081.51
a 6 69 0 1 16473173427196.143
a 6 70 0 1 19508620338132.71
a 6 71 0 1 8922787701495.707
a 6 72 0 1 27753393140689.492
a 6 73 0 1 7403141728350.294
a 6 74 0 1 26122781298441.78
a 6 75 0 1 18614488954313.402
a 6 76 0 1 25769700541988.477
a 6 77 0 1 23383033851330.55
a 6 78 0 1 23497018103041.152
a 6 79 0 1 33637591679714.33
a 6 80 0 1 13332665245720.986
a 7 33 0 1 19816964026809.934
a 7 34 0 1 6824784476262.86
a 7 35 0 1 8314110797907.978
a 7 36 0 1 19588275872442.062
a 7 37 0 1 18928469937352.86
a 7 38 0 1 11060693517098.03
a 7 39 0 1 15214104448596.754
a 7 40 0 1 21544926479235.617
a 7 41 0 1 11215485496973.082
a 7 42 0 1 12722410969446.85
a 7 43 0 1 14980667492683.877
a 7 44 0 1 18483292025651.027
a 7 45 0 1 9315304887525.527
a 7 46 0 1 29925786003857.27
a 7 47 0 1 31054948236551.996
a 7 48 0 1 29240697942615.43
a 7 49 0 1 31720162064435.824
a 7 50 0 1 16525230063808.086
a 7 51 0 1 10011246261131.041
a 7 52 0 1 24824518336867.926
a 7 53 0 1 20907056484116.87
a 7 54 0 1 10512665433169.965
a 7 55 0 1 10578390089347.873
a 7 56 0 1 30535487104289.402
a 7 57 0 1 16416063073893.492
a 7 58 0 1 31175184358883.125
a 7 59 0 1 25050973322065.473
a 7 60 0 1 22193544200463.996
a 7 61 0 1 26511193131560.11
a 7 62 0 1 20159592332026.137
a 7 63 0 1 20222114980726.26
a 7 64 0 1 11240262351186.158
a 7 65 0 1 25487579873280.54
a 7 66 0 1 20080918129458.83
a 7 67 0 1 12008324140448.97
a 7 68 0 1 23018950032055.52
a 7 69 0 1 15008734678585.613
a 7 70 0 1 17773782626210.777
a 7 71 0 1 8130194411176.969
a 7 72 0 1 25283238009631.848
a 7 73 0 1 6745640385829.177
a 7 74 0 1 23798154619538.87
a 7 75 0 1 16959318751853.229
a 7 76 0 1 23476578975324.08
a 7 77 0 1 21302811466711.605
a 7 78 0 1 21406630339531.645
a 7 79 0 1 30641871044530.2
a 7 80 0 1 12147803220966.36
a 8 33 0 1 4393936701871.25
a 8 34 0 1 1514994172973.6702
a 8 35 0 1 1845354896181.629
a 8 36 0 1 4343319546018.74
a 8 37 0 1 4197268430410.0425
a 8 38 0 1 2454367673550.336
a 8 39 0 1 3374753881036.1694
a 8 40 0 1 4776331689767.132
a 8 41 0 1 2488681509217.831
a 8 42 0 1 2822682625208.18
a 8 43 0 1 3323042965029.228
a 8 44 0 1 4098716465495.269
a 8 45 0 1 2067389115987.7856
a 8 46 0 1 6629320687943.885
a 8 47 0 1 6878763033028.367
a 8 48 0 1 6477953791085.462
a 8 49 0 1 7025691248662.912
a 8 50 0 1 3665154007270.774
a 8 51 0 1 2221704154628.0376
a 8 52 0 1 5501773714736.776
a 8 53 0 1 4635186000380.564
a 8 54 0 1 2332874751502.518
a 8 55 0 1 2347445949331.4673
a 8 56 0 1 6764015556479.347
a 8 57 0 1 3640977305914.908
a 8 58 0 1 6905321324176.067
a 8 59 0 1 5551849556765.929
a 8 60 0 1 4919839046045.007
a 8 61 0 1 5874698169954.524
a 8 62 0 1 4469769147782.139
a 8 63 0 1 4483606513517.641
a 8 64 0 1 2494173881783.441
a 8 65 0 1 5648390336199.752
a 8 66 0 1 4452356937683.158
a 8 67 0 1 2664420748992.9727
a 8 68 0 1 5102436825136.084
a 8 69 0 1 3329260517867.104
a 8 70 0 1 3941631440389.6216
a 8 71 0 1 1804563537116.7695
a 8 72 0 1 5603207981840.4795
a 8 73 0 1 1497436051029.4023
a 8 74 0 1 5274789082431.539
a 8 75 0 1 3761284912455.2964
a 8 76 0 1 5203662686544.442
a 8 77 0 1 4722759209307.642
a 8 78 0 1 4745731363896.998
a 8 79 0 1 6787516334953.897
a 8 80 0 1 2695334857399.6636
a 9 33 0 1 21647317995492.75
a 9 34 0 1 7454112274865.988
a 9 35 0 1 9080916165329.502
a 9 36 0 1 21397455440147.836
a 9 37 0 1 20676564425482.973
a 9 38 0 1 12081167079933.033
a 9 39 0 1 16618510732295.303
a 9 40 0 1 23535313121360.863
a 9 41 0 1 12250260515710.768
a 9 42 0 1 13896442122802.21
a 9 43 0 1 16363484706315.57
a 9 44 0 1 20190177504849.88
a 9 45 0 1 10174557990228.164
a 9 46 0 1 32693341317837.297
a 9 47 0 1 33927337658396.5
a 9 48 0 1 31944662568450.75
a 9 49 0 1 34654325465366.715
a 9 50 0 1 18050917411963.21
a 9 51 0 1 10934774550687.568
a 9 52 0 1 27118830900177.848
a 9 53 0 1 22838359644152.277
a 9 54 0 1 11482510360414.75
a 9 55 0 1 11554306508053.219
a 9 56 0 1 33359644819205.1
a 9 57 0 1 17931650786815.14
a 9 58 0 1 34058738543257.324
a 9 59 0 1 27366281150641.51
a 9 60 0 1 24244019569374.906
a 9 61 0 1 28961910690161.805
a 9 62 0 1 22021672782311.64
a 9 63 0 1 22089985159206.418
a 9 64 0 1 12277326591178.994
a 9 65 0 1 27843370074236.645
a 9 66 0 1 21935713313235.5
a 9 67 0 1 13116359404090.836
a 9 68 0 1 25145906171471.77
a 9 69 0 1 16394147577157.66
a 9 70 0 1 19415000128409.156
a 9 71 0 1 8880019934529.857
a 9 72 0 1 27620080979704.324
a 9 73 0 1 7367663948279.198
a 9 74 0 1 25997325172328.742
a 9 75 0 1 18525168762709.723
a 9 76 0 1 25645945117590.008
a 9 77 0 1 23270770795637.35
a 9 78 0 1 23384206328928.25
a 9 79 0 1 33475905941848.14
a 9 80 0 1 13268728206730.018
a 10 33 0 1 11060572910190.062
a 10 34 0 1 3811679519604.393
a 10 35 0 1 4643124898865.845
a 10 36 0 1 10933060882682.191
a 10 37 0 1 10565149390848.785
a 10 38 0 1 6176127785831.992
a 10 39 0 1 8493536941232.409
a 10 40 0 1 12023954842691.426
a 10 41 0 1 6262512050405.299
a 10 42 0 1 7103406021443.143
a 10 43 0 1 8363316015796.761
a 10 44 0 1 10316901718813.438
a 10 45 0 1 5201990172854.46
a 10 46 0 1 16694085555280.027
a 10 47 0 1 17322992258760.447
a 10 48 0 1 16312478438321.408
a 10 49 0 1 17693460853404.09
a 10 50 0 1 9224880295894.732
a 10 51 0 1 5590430232241.44
a 10 52 0 1 13851942214908.416
a 10 53 0 1 11668346245427.863
a 10 54 0 1 5870280571423.635
a 10 55 0 1 5906961531503.702
a 10 56 0 1 17033678270749.39
a 10 57 0 1 9163990884400.59
a 10 58 0 1 17389955607574.557
a 10 59 0 1 13978141727456.46
a 10 60 0 1 12385531531404.5
a 10 61 0 1 14791827438361.697
a 10 62 0 1 11251610170637.26
a 10 63 0 1 11286469838815.295
a 10 64 0 1 6276339063771.569
a 10 65 0 1 14221446911204.21
a 10 66 0 1 11207744845382.137
a 10 67 0 1 6704947640354.763
a 10 68 0 1 12845625487757.064
a 10 69 0 1 8378973233045.318
a 10 70 0 1 9921229764084.19
a 10 71 0 1 4540456816110.18
a 10 72 0 1 14107575861993.04
a 10 73 0 1 3767492267802.572
a 10 74 0 1 13279930644270.146
a 10 75 0 1 9466992620229.947
a 10 76 0 1 13100698250455.719
a 10 77 0 1 11888979934425.545
a 10 78 0 1 11946857558041.398
a 10 79 0 1 17092930077297.44
a 10 80 0 1 6782778838799.074
a 11 33 0 1 9756633084118.135
a 11 34 0 1 3362648333526.844
a 11 35 0 1 4096099903107.6934
a 11 36 0 1 9644170248203.012
a 11 37 0 1 9319678127172.994
a 11 38 0 1 5448380309605.887
a 11 39 0 1 7492488134025.99
a 11 40 0 1 10606302407450.682
a 11 41 0 1 5524579240343.387
a 11 42 0 1 6266316351729.832
a 11 43 0 1 7377628094482.376
a 11 44 0 1 9100725770978.975
a 11 45 0 1 4589088245213.163
a 11 46 0 1 14724879682344.98
a 11 47 0 1 15279471053948.832
a 11 48 0 1 14388360890987.07
a 11 49 0 1 15606158448763.588
a 11 50 0 1 8137554535081.807
a 11 51 0 1 4931736049335.823
a 11 52 0 1 12218462462390.336
a 11 53 0 1 10292670595928.885
a 11 54 0 1 5178593272517.932
a 11 55 0 1 5210949570787.421
a 11 56 0 1 15024345294798.252
a 11 57 0 1 8083848767996.268
a 11 58 0 1 15338521058789.715
a 11 59 0 1 12329758859402.5
a 11 60 0 1 10925194716122.084
a 11 61 0 1 13047345867555.486
a 11 62 0 1 9925123065027.43
a 11 63 0 1 9955868306991.514
a 11 64 0 1 5536775931556.021
a 11 65 0 1 12544330641330.24
a 11 66 0 1 9886435046694.38
a 11 67 0 1 5914845650831.301
a 11 68 0 1 11330969728670.938
a 11 69 0 1 7391438404801.992
a 11 70 0 1 8751743386005.606
a 11 71 0 1 4005533133892.332
a 11 72 0 1 12443907499644.252
a 11 73 0 1 3323668509886.486
a 11 74 0 1 11713995924537.293
a 11 75 0 1 8351101919839.57
a 11 76 0 1 11555926274858.174
a 11 77 0 1 10487260577799.666
a 11 78 0 1 10538306105584.96
a 11 79 0 1 15076595479951.035
a 11 80 0 1 5983499006473.413
a 12 33 0 1 17011242600784.285
a 12 34 0 1 5859759687719.659
a 12 35 0 1 7138322089289.976
a 12 36 0 1 16814995240610.152
a 12 37 0 1 16248778541780.791
a 12 38 0 1 9496055880879.16
a 12 39 0 1 13061044314693.791
a 12 40 0 1 18494035766050.26
a 12 41 0 1 9628926818428.793
a 12 42 0 1 10922412277510.426
a 12 43 0 1 12860691677382.37
a 12 44 0 1 15866739365637.568
a 12 45 0 1 7997796036416.824
a 12 46 0 1 25684601808385.562
a 12 47 0 1 26653243825774.81
a 12 48 0 1 25096887513938.105
a 12 49 0 1 27223874972470.316
a 12 50 0 1 14186319671904.68
a 12 51 0 1 8595209606075.899
a 12 52 0 1 21308077537274.496
a 12 53 0 1 17946678718124.062
a 12 54 0 1 9025632027219.785
a 12 55 0 1 9082050101504.361
a 12 56 0 1 26207633050367.1
a 12 57 0 1 14092628790970.908
a 12 58 0 1 26756385230166.81
a 12 59 0 1 21502375272270.426
a 12 60 0 1 19050603753081.71
a 12 61 0 1 22755205176524.04
a 12 62 0 1 17305264270599.875
a 12 63 0 1 17358916848761.98
a 12 64 0 1 9650194807978.307
a 12 65 0 1 21876978393914.363
a 12 66 0 1 17237751399263.764
a 12 67 0 1 10309476200080.018
a 12 68 0 1 19758853593479.17
a 12 69 0 1 12884781066053.074
a 12 70 0 1 15257846853863.855
a 12 71 0 1 6980436223545.006
a 12 72 0 1 21701656220880.74
a 12 73 0 1 5791814038313.489
a 12 74 0 1 20427442343314.566
a 12 75 0 1 14558866272295.982
a 12 76 0 1 20151519622488.19
a 12 77 0 1 18286277911445.516
a 12 78 0 1 18375364642552.69
a 12 79 0 1 26298893296166.836
a 12 80 0 1 10429199121911.932
a 13 33 0 1 21928609239485.574
a 13 34 0 1 7550812783989.901
a 13 35 0 1 9198743192233.803
a 13 36 0 1 21675491791867.867
a 13 37 0 1 20945210987087.53
a 13 38 0 1 12237977950642.191
a 13 39 0 1 16834329555491.197
a 13 40 0 1 23841204903054.547
a 13 41 0 1 12409269318904.428
a 13 42 0 1 14076853070425.727
a 13 43 0 1 16575985270701.719
a 13 44 0 1 20452489644203.992
a 13 45 0 1 10306592122963.932
a 13 46 0 1 33118715871522.133
a 13 47 0 1 34368831412213.848
a 13 48 0 1 32360259692653.426
a 13 49 0 1 35105317742031.47
a 13 50 0 1 18285377593790.938
a 13 51 0 1 11076686517511.318
a 13 52 0 1 27471445652271.29
a 13 53 0 1 23135168874847.168
a 13 54 0 1 11631540389516.922
a 13 55 0 1 11704269626368.848
a 13 56 0 1 33793722452468.336
a 13 57 0 1 18164558593557.137
a 13 58 0 1 34501949007582.695
a 13 59 0 1 27722123674461.992
a 13 60 0 1 24559148578553.97
a 13 61 0 1 29338571278096.516
a 13 62 0 1 22307841000415.53
a 13 63 0 1 22377043374997.2
a 13 64 0 1 12436687216234.727
a 13 65 0 1 28205436330997.06
a 13 66 0 1 22220761641274.9
a 13 67 0 1 13286627406763.703
a 13 68 0 1 25472792512330.383
a 13 69 0 1 16607047099566.19
a 13 70 0 1 19667218290732.688
a 13 71 0 1 8995237585066.844
a 13 72 0 1 27979234293488.586
a 13 73 0 1 7463242018966.069
a 13 74 0 1 26335313200239.0
a 13 75 0 1 18765802230179.305
a 13 76 0 1 25979351219443.07
a 13 77 0 1 23573214943568.164
a 13 78 0 1 23688128793348.5
a 13 79 0 1 33911502285663.38
a 13 80 0 1 13440977223982.496
a 14 33 0 1 18553707942910.125
a 14 34 0 1 6390339560188.313
a 14 35 0 1 7784774921960.203
a 14 36 0 1 18339628588870.93
a 14 37 0 1 17721967601057.418
a 14 38 0 1 10356281905394.035
a 14 39 0 1 14244744507015.537
a 14 40 0 1 20171263354598.35
a 14 41 0 1 10501203876323.35
a 14 42 0 1 11912025970497.594
a 14 43 0 1 14026204913259.402
a 14 44 0 1 17305221936426.625
a 14 45 0 1 8722161788872.327
a 14 46 0 1 28016049537392.652
a 14 47 0 1 29072911984404.0
a 14 48 0 1 27374818803259.867
a 14 49 0 1 29695524212569.836
a 14 50 0 1 15472183436808.473
a 14 51 0 1 9373741923366.12
a 14 52 0 1 23241194696611.76
a 14 53 0 1 19574154437545.938
a 14 54 0 1 9843195117173.67
a 14 55 0 1 9904729504043.666
a 14 56 0 1 28586713916509.57
a 14 57 0 1 15369985273534.059
a 14 58 0 1 29185448401554.605
a 14 59 0 1 23453167205701.234
a 14 60 0 1 20778427451063.094
a 14 61 0 1 24819984598719.5
a 14 62 0 1 18874447503077.965
a 14 63 0 1 18932975729675.914
a 14 64 0 1 10524400852132.537
a 14 65 0 1 23861849462017.2
a 14 66 0 1 18800799530173.133
a 14 67 0 1 11243483544701.328
a 14 68 0 1 21551072621954.855
a 14 69 0 1 14052480961266.338
a 14 70 0 1 16641021245457.908
a 14 71 0 1 7612578235657.444
a 14 72 0 1 23670577134933.965
a 14 73 0 1 6316237205022.728
a 14 74 0 1 22280461158723.52
a 14 75 0 1 15878559847121.43
a 14 76 0 1 21979445479016.277
a 14 77 0 1 19944620601195.914
a 14 78 0 1 20041805071035.11
a 14 79 0 1 28686285993222.145
a 14 80 0 1 11374067211119.094
a 15 33 0 1 14346595293488.2
a 15 34 0 1 4942878468669.807
a 15 35 0 1 6021244484830.851
a 15 36 0 1 14181138402407.268
a 15 37 0 1 13703752389053.05
a 15 38 0 1 8009675634658.407
a 15 39 0 1 11015942401864.04
a 15 40 0 1 15596705896329.043
a 15 41 0 1 8121729355421.965
a 15 42 0 1 9212533197357.027
a 15 43 0 1 10847000225227.336
a 15 44 0 1 13381643763133.281
a 15 45 0 1 6746114675399.427
a 15 46 0 1 21657965103939.746
a 15 47 0 1 22474357571926.445
a 15 48 0 1 21162612820055.74
a 15 49 0 1 22955284462197.637
a 15 50 0 1 11964779021938.66
a 15 51 0 1 7249952998123.1
a 15 52 0 1 17968978983424.223
a 15 53 0 1 15135248896649.707
a 15 54 0 1 7612949926889.323
a 15 55 0 1 7660529715650.39
a 15 56 0 1 22098790715471.297
a 15 57 0 1 11885779972735.36
a 15 58 0 1 22561285695012.977
a 15 59 0 1 18132765544299.617
a 15 60 0 1 16065918947445.092
a 15 61 0 1 19188832062464.215
a 15 62 0 1 14594483879224.828
a 15 63 0 1 14639717885957.12
a 15 64 0 1 8139665186840.816
a 15 65 0 1 18448540331504.27
a 15 66 0 1 14537564259227.652
a 15 67 0 1 8695646969541.344
a 15 68 0 1 16662993304413.512
a 15 69 0 1 10867313043456.273
a 15 70 0 1 12868259135465.305
a 15 71 0 1 5888082965188.378
a 15 72 0 1 18300751594007.137
a 15 73 0 1 4885570309427.594
a 15 74 0 1 17226618231124.492
a 15 75 0 1 12278903290907.879
a 15 76 0 1 16994015125557.602
a 15 77 0 1 15421553811680.457
a 15 78 0 1 15496659324082.229
a 15 79 0 1 22175706592087.652
a 15 80 0 1 8796609667562.484
a 16 33 0 1 17702667042697.81
a 16 34 0 1 6097612339861.595
a 16 35 0 1 7428117079702.785
a 16 36 0 1 17498427099479.123
a 16 37 0 1 16909152151272.54
a 16 38 0 1 9881676911452.984
a 16 39 0 1 13591661032043.424
a 16 40 0 1 19245862202987.82
a 16 41 0 1 10019949771635.78
a 16 42 0 1 11366031401958.393
a 16 43 0 1 13383156340060.975
a 16 44 0 1 16511556821821.74
a 16 45 0 1 8322516598874.103
a 16 46 0 1 26729642569888.137
a 16 47 0 1 27737822155748.09
a 16 48 0 1 26117943706777.426
a 16 49 0 1 28331749349293.094
a 16 50 0 1 14762729464330.082
a 16 51 0 1 8944210896248.166
a 16 52 0 1 22174593788431.55
a 16 53 0 1 18676205913232.566
a 16 54 0 1 9392129164802.959
a 16 55 0 1 9450840659564.674
a 16 56 0 1 27274021512002.664
a 16 57 0 1 14665225362192.756
a 16 58 0 1 27845174077569.785
a 16 59 0 1 22376813227002.707
a 16 60 0 1 19825107683493.81
a 16 61 0 1 23680731056888.03
a 16 62 0 1 18008664061690.395
a 16 63 0 1 18064501972397.15
a 16 64 0 1 10042082436019.098
a 16 65 0 1 22766690315597.363
a 16 66 0 1 17938401351707.953
a 16 67 0 1 10728169864973.746
a 16 68 0 1 20562219703919.316
a 16 69 0 1 13408225869889.938
a 16 70 0 1 15877873918621.115
a 16 71 0 1 7263816147960.813
a 16 72 0 1 22584219432728.22
a 16 73 0 1 6026906804356.736
a 16 74 0 1 21258058883652.832
a 16 75 0 1 15150439567752.174
a 16 76 0 1 20970889538450.285
a 16 77 0 1 19029639980975.566
a 16 78 0 1 19122356187861.62
a 16 79 0 1 27369006850331.33
a 16 80 0 1 10852761112587.055
a 17 33 0 1 16016370116556.824
a 17 34 0 1 5517476160710.969
a 17 35 0 1 6721296658560.157
a 17 36 0 1 15831620867708.31
a 17 37 0 1 15298576001830.26
a 17 38 0 1 8941148257328.986
a 17 39 0 1 12297519373603.729
a 17 40 0 1 17412270781174.242
a 17 41 0 1 9066246696227.889
a 17 42 0 1 10284055948786.594
a 17 43 0 1 12108895322665.223
a 17 44 0 1 14938916309269.172
a 17 45 0 1 7530516031895.441
a 17 46 0 1 24181069352058.08
a 17 47 0 1 25092844766366.22
a 17 48 0 1 23627852507013.418
a 17 49 0 1 25629969965830.574
a 17 50 0 1 13356911965883.293
a 17 51 0 1 8092992526341.251
a 17 52 0 1 20061331331353.016
a 17 53 0 1 16896992411390.508
a 17 54 0 1 8498240802212.941
a 17 55 0 1 8551358974633.787
a 17 56 0 1 24673396192227.0
a 17 57 0 1 13268707123935.443
a 17 58 0 1 25189930287905.47
a 17 59 0 1 20244234093300.46
a 17 60 0 1 17936216366329.473
a 17 61 0 1 21423577797729.836
a 17 62 0 1 16293164173553.96
a 17 63 0 1 16343672967538.992
a 17 64 0 1 9086270559822.852
a 17 65 0 1 20596866523070.535
a 17 66 0 1 16229607181259.283
a 17 67 0 1 9706982739801.703
a 17 68 0 1 18602947508319.113
a 17 69 0 1 12131574552318.938
a 17 70 0 1 14365688298315.912
a 17 71 0 1 6572641569318.6455
a 17 72 0 1 20431827319965.062
a 17 73 0 1 5453501882568.085
a 17 74 0 1 19232336705098.6
a 17 75 0 1 13707643119147.059
a 17 76 0 1 18972592102189.918
a 17 77 0 1 17216689334410.928
a 17 78 0 1 17300554879433.832
a 17 79 0 1 24759298674332.918
a 17 80 0 1 9819701052154.672
a 18 33 0 1 11025901138828.887
a 18 34 0 1 3799740920350.062
a 18 35 0 1 4628580733268.867
a 18 36 0 1 10898789327258.508
a 18 37 0 1 10532032516080.197
a 18 38 0 1 6156778223624.716
a 18 39 0 1 8466919948258.675
a 18 40 0 1 11986258971659.352
a 18 41 0 1 6242891655174.779
a 18 42 0 1 7081148964358.232
a 18 43 0 1 8337107500165.968
a 18 44 0 1 10284563907816.516
a 18 45 0 1 5185694367340.726
a 18 46 0 1 16641720449759.686
a 18 47 0 1 17268650507970.16
a 18 48 0 1 16261312579721.775
a 18 49 0 1 17637954591270.938
a 18 50 0 1 9195968996295.225
a 18 51 0 1 5572916814677.273
a 18 52 0 1 13808506369845.97
a 18 53 0 1 11631766723807.904
a 18 54 0 1 5851889862053.964
a 18 55 0 1 5888455828259.506
a 18 56 0 1 16980245865352.568
a 18 57 0 1 9135270616453.979
a 18 58 0 1 17335403375074.492
a 18 59 0 1 13934309520575.965
a 18 60 0 1 12346700482110.441
a 18 61 0 1 14745439367884.158
a 18 62 0 1 11216338777787.363
a 18 63 0 1 11251089026744.396
a 18 64 0 1 6256675317418.225
a 18 65 0 1 14176850509810.629
a 18 66 0 1 11172611137901.398
a 18 67 0 1 6683940031353.453
a 18 68 0 1 12805349826768.936
a 18 69 0 1 8352715604460.697
a 18 70 0 1 9890133579659.215
a 18 71 0 1 4526234416540.01
a 18 72 0 1 14063337122208.549
a 18 73 0 1 3755692127729.454
a 18 74 0 1 13238291203767.082
a 18 75 0 1 9437321702090.178
a 18 76 0 1 13059621641453.395
a 18 77 0 1 11851707796049.312
a 18 78 0 1 11909403723507.416
a 18 79 0 1 17039311441932.604
a 18 80 0 1 6761527183072.392
a 19 33 0 1 20555825056455.594
a 19 34 0 1 7078846878618.087
a 19 35 0 1 8623670578291.553
a 19 36 0 1 20318590469671.477
a 19 37 0 1 19634129175812.586
a 19 38 0 1 11472652123816.158
a 19 39 0 1 15781039279281.393
a 19 40 0 1 22348379249289.438
a 19 41 0 1 11633217099218.508
a 19 42 0 1 13196354790376.43
a 19 43 0 1 15538888011870.783
a 19 44 0 1 19172318232888.906
a 19 45 0 1 9662183671798.088
a 19 46 0 1 31042896265296.73
a 19 47 0 1 32214365931483.895
a 19 48 0 1 30332144896768.824
a 19 49 0 1 32904509323470.582
a 19 50 0 1 17141118860736.271
a 19 51 0 1 10384071166547.488
a 19 52 0 1 25750636550283.426
a 19 53 0 1 21686662383380.914
a 19 54 0 1 10904186946513.002
a 19 55 0 1 10972362469005.385
a 19 56 0 1 31675440219957.695
a 19 57 0 1 17027875278731.223
a 19 58 0 1 32339107731360.0
a 19 59 0 1 25985565100537.41
a 19 60 0 1 23021249372845.98
a 19 61 0 1 27500434890386.098
a 19 62 0 1 20911258788669.99
a 19 63 0 1 20976118278615.117
a 19 64 0 1 11658918030609.129
a 19 65 0 1 26438510029174.25
a 19 66 0 1 20829644115329.25
a 19 67 0 1 12455628153116.4
a 19 68 0 1 23877523307702.92
a 19 69 0 1 15568002933342.033
a 19 70 0 1 18436303330032.24
a 19 71 0 1 8432899771325.12
a 19 72 0 1 26226521218637.582
a 19 73 0 1 6996754161818.005
a 19 74 0 1 24685873773239.445
a 19 75 0 1 17591418651888.633
a 19 76 0 1 24352269045848.87
a 19 77 0 1 22097212300843.055
a 19 78 0 1 22204912578010.555
a 19 79 0 1 31785810245667.6
a 19 80 0 1 12600310299754.848
a 20 33 0 1 10330144473540.72
a 20 34 0 1 3560156449201.016
a 20 35 0 1 4336709456999.354
a 20 36 0 1 10211063107240.002
a 20 37 0 1 9867475375204.47
a 20 38 0 1 5768477117234.498
a 20 39 0 1 7932787675103.571
a 20 40 0 1 11229823400649.666
a 20 41 0 1 5849155812996.666
a 20 42 0 1 6634504288192.079
a 20 43 0 1 7811171760095.316
a 20 44 0 1 9635639032696.748
a 20 45 0 1 4858672695698.994
a 20 46 0 1 15590957640643.71
a 20 47 0 1 16178229388206.594
a 20 48 0 1 15234610978735.807
a 20 49 0 1 16524169541979.957
a 20 50 0 1 8615799318207.093
a 20 51 0 1 5221461333156.832
a 20 52 0 1 12936900011410.03
a 20 53 0 1 10897730727790.049
a 20 54 0 1 5482829863335.545
a 20 55 0 1 5517088265793.722
a 20 56 0 1 15908069298285.973
a 20 57 0 1 8558934147318.397
a 20 58 0 1 16240759289833.195
a 20 59 0 1 13054750404297.072
a 20 60 0 1 11567487659211.639
a 20 61 0 1 13814598776564.58
a 20 62 0 1 10508550568010.967
a 20 63 0 1 10541105298670.174
a 20 64 0 1 5862069560195.3545
a 20 65 0 1 13281958340490.342
a 20 66 0 1 10467585613971.332
a 20 67 0 1 6262367443489.95
a 20 68 0 1 11997151178764.896
a 20 69 0 1 7825794359768.578
a 20 70 0 1 9266122623481.021
a 20 71 0 1 4240820095159.478
a 20 72 0 1 13175621187382.955
a 20 73 0 1 3518886183565.4634
a 20 74 0 1 12402728797428.684
a 20 75 0 1 8841909681523.154
a 20 76 0 1 12235352230107.738
a 20 77 0 1 11103774415598.086
a 20 78 0 1 11157824609741.184
a 20 79 0 1 15963398463546.053
a 20 80 0 1 6335057412152.812
a 21 33 0 1 4802973313624.341
a 21 34 0 1 1655975626017.2842
a 21 35 0 1 2017086006547.6055
a 21 36 0 1 4747641572572.041
a 21 37 0 1 4587987294680.91
a 21 38 0 1 2682791807237.5317
a 21 39 0 1 3688873295273.167
a 21 40 0 1 5220987292161.526
a 21 41 0 1 2720300177830.588
a 21 42 0 1 3085397429451.498
a 21 43 0 1 3632347155089.8506
a 21 44 0 1 4480256508381.737
a 21 45 0 1 2259788394000.1274
a 21 46 0 1 7246625439978.835
a 21 47 0 1 7519315308640.731
a 21 48 0 1 7081152165175.763
a 21 49 0 1 7679937620840.7705
a 21 50 0 1 4006316104634.1743
a 21 51 0 1 2428468606407.6465
a 21 52 0 1 6014011572356.498
a 21 53 0 1 5066693889564.045
a 21 54 0 1 2549988410416.414
a 21 55 0 1 2565916106591.106
a 21 56 0 1 7393873417363.464
a 21 57 0 1 3979887941519.121
a 21 58 0 1 7548348864953.469
a 21 59 0 1 6068752940427.61
a 21 60 0 1 5377862829691.98
a 21 61 0 1 6421682511806.569
a 21 62 0 1 4885869060716.538
a 21 63 0 1 4900995301992.351
a 21 64 0 1 2726303879531.0615
a 21 65 0 1 6174288512833.54
a 21 66 0 1 4866835004097.764
a 21 67 0 1 2912400747348.766
a 21 68 0 1 5577470889339.638
a 21 69 0 1 3639143671550.7295
a 21 70 0 1 4308541546658.416
a 21 71 0 1 1972497688783.5981
a 21 72 0 1 6124896449863.871
a 21 73 0 1 1636783282579.9163
a 21 74 0 1 5765879701302.981
a 21 75 0 1 4111399361540.2466
a 21 76 0 1 5688126995836.901
a 21 77 0 1 5162424483091.132
a 21 78 0 1 5187536507961.438
a 21 79 0 1 7419564432981.231
a 21 80 0 1 2946193035246.3584
a 22 33 0 1 14174529688142.205
a 22 34 0 1 4883659555262.658
a 22 35 0 1 5949097190869.136
a 22 36 0 1 14011060403681.936
a 22 37 0 1 13539408731256.16
a 22 38 0 1 7913680997815.215
a 22 39 0 1 10883872984480.965
a 22 40 0 1 15409620498129.277
a 22 41 0 1 8024390532228.964
a 22 42 0 1 9102107398934.436
a 22 43 0 1 10716958744671.96
a 22 44 0 1 13221168908902.797
a 22 45 0 1 6665275230586.783
a 22 46 0 1 21397994469082.34
a 22 47 0 1 22204562324949.312
a 22 48 0 1 20908602453297.207
a 22 49 0 1 22679700801431.95
a 22 50 0 1 11821318574606.502
a 22 51 0 1 7163071021985.21
a 22 52 0 1 17753379520391.88
a 22 53 0 1 14953708296077.78
a 22 54 0 1 7521714100522.29
a 22 55 0 1 7568723182115.712
a 22 56 0 1 21833515333443.074
a 22 57 0 1 11743268023336.021
a 22 58 0 1 22290444232058.066
a 22 59 0 1 17915196844262.11
a 22 60 0 1 15873194959204.826
a 22 61 0 1 18958564311688.297
a 22 62 0 1 14419440288757.105
a 22 63 0 1 14464130863082.99
a 22 64 0 1 8042111203846.487
a 22 65 0 1 18227174803977.27
a 22 66 0 1 14363204481865.213
a 22 67 0 1 8591422945075.993
a 22 68 0 1 16463093331048.465
a 22 69 0 1 10737027737370.713
a 22 70 0 1 12713949889270.78
a 22 71 0 1 5817532297860.695
a 22 72 0 1 18081163089490.715
a 22 73 0 1 4827038366838.581
a 22 74 0 1 17019943392857.87
a 22 75 0 1 12131671158389.723
a 22 76 0 1 16790136320389.639
a 22 77 0 1 15236573083021.127
a 22 78 0 1 15310776119807.229
a 22 79 0 1 21909505575757.0
a 22 80 0 1 8691174316165.74
a 23 33 0 1 14925770429283.453
a 23 34 0 1 5142198819080.022
a 23 35 0 1 6264081047275.329
a 23 36 0 1 14753622655666.793
a 23 37 0 1 14256933198542.22
a 23 38 0 1 8332782514656.171
a 23 39 0 1 11460480894876.938
a 23 40 0 1 16226442610982.355
a 23 41 0 1 8449360833066.394
a 23 42 0 1 9584216399558.1
a 23 43 0 1 11284712346714.031
a 23 44 0 1 13921801127986.541
a 23 45 0 1 7018208853562.616
a 23 46 0 1 22533068417868.164
a 23 47 0 1 23382536608863.08
a 23 48 0 1 22017650343097.074
a 23 49 0 1 23882951034278.266
a 23 50 0 1 12447661868640.277
a 23 51 0 1 7542386373326.865
a 23 52 0 1 18694705549805.45
a 23 53 0 1 15746319903951.418
a 23 54 0 1 7920038464921.584
a 23 55 0 1 7969539272258.831
a 23 56 0 1 22991753049909.92
a 23 57 0 1 12365469979867.264
a 23 58 0 1 23472986961489.164
a 23 59 0 1 18865121458894.13
a 23 60 0 1 16714637213868.861
a 23 61 0 1 19963939078073.812
a 23 62 0 1 15183683834911.172
a 23 63 0 1 15230747206601.713
a 23 64 0 1 8468020903569.4375
a 23 65 0 1 19193678132909.77
a 23 66 0 1 15124462285642.102
a 23 67 0 1 9046454470608.344
a 23 68 0 1 17335868711123.9
a 23 69 0 1 11305845921358.256
a 23 70 0 1 13387661492089.78
a 23 71 0 1 6125545340309.741
a 23 72 0 1 19039907103590.105
a 23 73 0 1 5082578369981.868
a 23 74 0 1 17922300612322.625
a 23 75 0 1 12774482437567.932
a 23 76 0 1 17680284893510.715
a 23 77 0 1 16044205468180.416
a 23 78 0 1 16122349029184.547
a 23 79 0 1 23071785186971.137
a 23 80 0 1 9151494588370.66
a 24 33 0 1 21518552409327.867
a 24 34 0 1 7409844691840.944
a 24 35 0 1 9026977471012.541
a 24 36 0 1 21270179763687.2
a 24 37 0 1 20553586884855.81
a 24 38 0 1 12009382884879.445
a 24 39 0 1 16519715113054.912
a 24 40 0 1 23395286821952.28
a 24 41 0 1 12177470187581.9
a 24 42 0 1 13813854714796.48
a 24 43 0 1 16266208035874.297
a 24 44 0 1 20070099526276.477
a 24 45 0 1 10114115730661.787
a 24 46 0 1 32498623990334.758
a 24 47 0 1 33725242233196.645
a 24 48 0 1 31754420595982.1
a 24 49 0 1 34447882384720.277
a 24 50 0 1 17943588653335.844
a 24 51 0 1 10869810548298.771
a 24 52 0 1 26957417764427.535
a 24 53 0 1 22702490804113.953
a 24 54 0 1 11414287955937.64
a 24 55 0 1 11485656968266.826
a 24 56 0 1 33160943903757.676
a 24 57 0 1 17825032630631.027
a 24 58 0 1 33855857345821.04
a 24 59 0 1 27203390556451.4
a 24 60 0 1 24099765021769.676
a 24 61 0 1 28789491014297.586
a 24 62 0 1 21890674790114.496
a 24 63 0 1 21958579776231.062
a 24 64 0 1 12204375211942.371
a 24 65 0 1 27677630675064.566
a 24 66 0 1 21805227943762.656
a 24 67 0 1 13038415038021.104
a 24 68 0 1 24996269842224.4
a 24 69 0 1 16296688281688.877
a 24 70 0 1 19299542649117.523
a 24 71 0 1 8827275733837.566
a 24 72 0 1 27455674928529.965
a 24 73 0 1 7323910187158.27
a 24 74 0 1 25842607194625.574
a 24 75 0 1 18415014175315.0
a 24 76 0 1 25493324452835.137
a 24 77 0 1 23132322619350.652
a 24 78 0 1 23245081466437.746
a 24 79 0 1 33276509880894.59
a 24 80 0 1 13189877008728.062
a 25 33 0 1 10509259128940.664
a 25 34 0 1 3621837156952.408
a 25 35 0 1 4411850998247.271
a 25 36 0 1 10388110537211.713
a 25 37 0 1 10038558523531.857
a 25 38 0 1 5868443456661.394
a 25 39 0 1 8070295865433.632
a 25 40 0 1 11424558141342.785
a 25 41 0 1 5950521253137.476
a 25 42 0 1 6749490338622.134
a 25 43 0 1 7946569911748.106
a 25 44 0 1 9802698044182.06
a 25 45 0 1 4942863366674.991
a 25 46 0 1 15861456388239.01
a 25 47 0 1 16458936456131.05
a 25 48 0 1 15498916173096.693
a 25 49 0 1 16810890612715.357
a 25 50 0 1 8765158891754.412
a 25 51 0 1 5311942220408.523
a 25 52 0 1 13161281800878.26
a 25 53 0 1 11086699343951.406
a 25 54 0 1 5577842824102.621
a 25 55 0 1 5612695280382.731
a 25 56 0 1 16184080102194.549
a 25 57 0 1 8707306943604.542
a 25 58 0 1 16522553373868.863
a 25 59 0 1 13281179356271.268
a 25 60 0 1 11768085723815.11
a 25 61 0 1 14054228304165.113
a 25 62 0 1 10690762420543.28
a 25 63 0 1 10723882327577.04
a 25 64 0 1 5963658948316.979
a 25 65 0 1 13512334248907.816
a 25 66 0 1 10649086287990.867
a 25 67 0 1 6370899064564.9795
a 25 68 0 1 12205210746194.195
a 25 69 0 1 7961446210653.813
a 25 70 0 1 9426768145827.871
a 25 71 0 1 4314299349834.1074
a 25 72 0 1 13404149827345.062
a 25 73 0 1 3579851577671.3584
a 25 74 0 1 12617832282902.285
a 25 75 0 1 8995193062151.008
a 25 76 0 1 12447548701824.652
a 25 77 0 1 11296320515153.105
a 25 78 0 1 11351309197462.182
a 25 79 0 1 16240371044709.246
a 25 80 0 1 6444849741000.256
a 26 33 0 1 12692087409994.951
a 26 34 0 1 4373391462299.596
a 26 35 0 1 5327438787109.424
a 26 36 0 1 12545739254251.682
a 26 37 0 1 12123483285817.824
a 26 38 0 1 7086563389134.581
a 26 39 0 1 9745970055939.402
a 26 40 0 1 13797801026652.424
a 26 41 0 1 7185692272474.51
a 26 42 0 1 8150661920315.785
a 26 43 0 1 9596525894492.91
a 26 44 0 1 11838569753177.938
a 26 45 0 1 5968727461822.736
a 26 46 0 1 19158418670918.67
a 26 47 0 1 19880375456293.215
a 26 48 0 1 18720358297303.2
a 26 49 0 1 20305664084327.223
a 26 50 0 1 10585286736372.152
a 26 51 0 1 6414463186586.239
a 26 52 0 1 15895957997833.002
a 26 53 0 1 13389649991390.05
a 26 54 0 1 6735595640487.01
a 26 55 0 1 6777687817615.195
a 26 56 0 1 19548254008324.18
a 26 57 0 1 10515406999563.469
a 26 58 0 1 19957247298893.656
a 26 59 0 1 16040814136650.543
a 26 60 0 1 14212807023380.186
a 26 61 0 1 16974805509435.793
a 26 62 0 1 12911345959626.076
a 26 63 0 1 12951355482548.006
a 26 64 0 1 7201559267867.227
a 26 65 0 1 16320089946974.197
a 26 66 0 1 12861000432024.432
a 26 67 0 1 7693406729061.357
a 26 68 0 1 14740895327096.193
a 26 69 0 1 9614494397931.54
a 26 70 0 1 11384462533698.713
a 26 71 0 1 5209630180520.455
a 26 72 0 1 16189383732200.482
a 26 73 0 1 4322689270931.2656
a 26 74 0 1 15239391255196.549
a 26 75 0 1 10863148391348.57
a 26 76 0 1 15033667226919.717
a 26 77 0 1 13642882513070.174
a 26 78 0 1 13709311924105.87
a 26 79 0 1 19616272560760.285
a 26 80 0 1 7782722269578.651
a 27 33 0 1 3562182238320.1055
a 27 34 0 1 1228288955765.9077
a 27 35 0 1 1496119762921.8965
a 27 36 0 1 3521150590210.2314
a 27 37 0 1 3402757061842.599
a 27 38 0 1 1989849898486.9036
a 27 39 0 1 2735987379985.88
a 27 40 0 1 3872159126357.77
a 27 41 0 1 2017667930938.8818
a 27 42 0 1 2288438572523.6714
a 27 43 0 1 2694067236281.6855
a 27 44 0 1 3322867380566.225
a 27 45 0 1 1676125690617.9807
a 27 46 0 1 5374155188105.848
a 27 47 0 1 5576338925504.626
a 27 48 0 1 5251464742483.43
a 27 49 0 1 5695429527065.859
a 27 50 0 1 2971402359621.93
a 27 51 0 1 1801229802444.2302
a 27 52 0 1 4460202475833.329
a 27 53 0 1 3757744260042.323
a 27 54 0 1 1891355939446.5906
a 27 55 0 1 1903168794733.0562
a 27 56 0 1 5483331439158.564
a 27 57 0 1 2951803454136.506
a 27 58 0 1 5597865431900.399
a 27 59 0 1 4500793269985.006
a 27 60 0 1 3988487674168.5444
a 27 61 0 1 4762487821586.586
a 27 62 0 1 3623653919320.874
a 27 63 0 1 3634870812818.1523
a 27 64 0 1 2022120562443.55
a 27 65 0 1 4579047658074.614
a 27 66 0 1 3609539163445.991
a 27 67 0 1 2160138086175.5168
a 27 68 0 1 4136502270687.0967
a 27 69 0 1 2699107583408.0356
a 27 70 0 1 3195528036895.627
a 27 71 0 1 1463049506938.28
a 27 72 0 1 4542423616363.048
a 27 73 0 1 1214054086741.6133
a 27 74 0 1 4276210718968.2812
a 27 75 0 1 3049330922163.5513
a 27 76 0 1 4218555910012.422
a 27 77 0 1 3828732532794.024
a 27 78 0 1 3847354091431.9565
a 27 79 0 1 5502379811716.647
a 27 80 0 1 2185199751356.0542
a 28 33 0 1 16928895608541.605
a 28 34 0 1 5831430352031.728
a 28 35 0 1 7103806415200.905
a 28 36 0 1 16733600062017.51
a 28 37 0 1 16170129314550.09
a 28 38 0 1 9450127531778.754
a 28 39 0 1 12997847827360.926
a 28 40 0 1 18404495737910.918
a 28 41 0 1 9582355120367.785
a 28 42 0 1 10869576617231.709
a 28 43 0 1 12798466034964.408
a 28 44 0 1 15789942692442.305
a 28 45 0 1 7959120769275.03
a 28 46 0 1 25560145630970.434
a 28 47 0 1 26524079691264.254
a 28 48 0 1 24975287335228.527
a 28 49 0 1 27091936871188.418
a 28 50 0 1 14117669631225.605
a 28 51 0 1 8553642555924.387
a 28 52 0 1 21204879858584.273
a 28 53 0 1 17859794205907.293
a 28 54 0 1 8981981270081.885
a 28 55 0 1 9038126205033.494
a 28 56 0 1 26080634878193.035
a 28 57 0 1 14024432869015.486
a 28 58 0 1 26626719728869.715
a 28 59 0 1 21398234265256.75
a 28 60 0 1 18958363180390.375
a 28 61 0 1 22644980589084.496
a 28 62 0 1 17221491172250.477
a 28 63 0 1 17274883506610.957
a 28 64 0 1 9603520130432.424
a 28 65 0 1 21771018545483.08
a 28 66 0 1 17154305770032.242
a 28 67 0 1 10259609036872.838
a 28 68 0 1 19663175996958.08
a 28 69 0 1 12822438696504.754
a 28 70 0 1 15184002438687.943
a 28 71 0 1 6946684580064.059
a 28 72 0 1 21596547648084.496
a 28 73 0 1 5763813407692.005
a 28 74 0 1 20328519680075.746
a 28 75 0 1 14488410405669.021
a 28 76 0 1 20053936239816.754
a 28 77 0 1 18197745864766.434
a 28 78 0 1 18286400378509.5
a 28 79 0 1 26171451557003.13
a 28 80 0 1 10378752164052.9
a 29 33 0 1 3468978883694.653
a 29 34 0 1 1196159578704.1528
a 29 35 0 1 1456983337152.1694
a 29 36 0 1 3429021239366.6006
a 29 37 0 1 3313726607346.0713
a 29 38 0 1 1937795292942.7458
a 29 39 0 1 2664407780102.275
a 29 40 0 1 3770841804414.4116
a 29 41 0 1 1964885439183.4675
a 29 42 0 1 2228570863116.2856
a 29 43 0 1 2623584693192.7065
a 29 44 0 1 3235927955378.825
a 29 45 0 1 1632279673563.5022
a 29 46 0 1 5233513569575.94
a 29 47 0 1 5430402850709.062
a 29 48 0 1 5114035823192.401
a 29 49 0 1 5546374790497.25
a 29 50 0 1 2893661720900.484
a 29 51 0 1 1754110507683.4731
a 29 52 0 1 4343490957998.7036
a 29 53 0 1 3659421931843.79
a 29 54 0 1 1841878488830.2979
a 29 55 0 1 1853382256506.983
a 29 56 0 1 5339830921755.744
a 29 57 0 1 2874575750233.658
a 29 58 0 1 5451365642106.391
a 29 59 0 1 4383019064036.7563
a 29 60 0 1 3884125186001.5786
a 29 61 0 1 4637862083896.974
a 29 62 0 1 3528841524366.058
a 29 63 0 1 3539764809801.559
a 29 64 0 1 1969221562778.3125
a 29 65 0 1 4459224684226.497
a 29 66 0 1 3515096228568.513
a 29 67 0 1 2103627651344.366
a 29 68 0 1 4028265046552.7075
a 29 69 0 1 2628493134182.02
a 29 70 0 1 3111921509139.6074
a 29 71 0 1 1424778295278.922
a 29 72 0 1 4423559496235.69
a 29 73 0 1 1182297113688.3865
a 29 74 0 1 4164316079787.315
a 29 75 0 1 2969550745566.8794
a 29 76 0 1 4108170624834.417
a 29 77 0 1 3728551981057.63
a 29 78 0 1 3746686087826.439
a 29 79 0 1 5358380484789.922
a 29 80 0 1 2128033528539.1226
a 30 33 0 1 8154458957852.062
a 30 34 0 1 2810794669148.5195
a 30 35 0 1 3423829987332.4834
a 30 36 0 1 8060481217793.0
a 30 37 0 1 7789322411410.123
a 30 38 0 1 4554051802439.047
a 30 39 0 1 6262386020126.656
a 30 40 0 1 8864458383661.674
a 30 41 0 1 4617736351516.56
a 30 42 0 1 5237646138126.961
a 30 43 0 1 6166396868271.893
a 30 44 0 1 7606355041069.724
a 30 45 0 1 3835871179179.1064
a 30 46 0 1 12305694179724.32
a 30 47 0 1 12769036412468.414
a 30 48 0 1 12024539426807.025
a 30 49 0 1 13041968065735.127
a 30 50 0 1 6801463726401.459
a 30 51 0 1 4122252757004.0317
a 30 52 0 1 10211546418249.414
a 30 53 0 1 8602384490923.644
a 30 54 0 1 4328571234221.927
a 30 55 0 1 4355613857727.6304
a 30 56 0 1 12555888725078.426
a 30 57 0 1 6756582675681.334
a 30 58 0 1 12818370110114.285
a 30 59 0 1 10304540381708.053
a 30 60 0 1 9130924810627.91
a 30 61 0 1 10904112466235.969
a 30 62 0 1 8295254121999.141
a 30 63 0 1 8320945650034.27
a 30 64 0 1 4627929926076.285
a 30 65 0 1 10483825227173.197
a 30 66 0 1 8262925359881.906
a 30 67 0 1 4943905248063.998
a 30 68 0 1 9469985777980.076
a 30 69 0 1 6177938240828.098
a 30 70 0 1 7314725042018.5205
a 30 71 0 1 3348133164511.9854
a 30 72 0 1 10399917136532.213
a 30 73 0 1 2778213980172.0903
a 30 74 0 1 9790033315053.5
a 30 75 0 1 6979920958653.3125
a 30 76 0 1 9657954655216.646
a 30 77 0 1 8764986201143.721
a 30 78 0 1 8807640254814.65
a 30 79 0 1 12599541898198.707
a 30 80 0 1 5001282450749.573
a 31 33 0 1 10272093017800.172
a 31 34 0 1 3540165237599.3057
a 31 35 0 1 4312355531380.427
a 31 36 0 1 10153681625747.576
a 31 37 0 1 9812026880772.29
a 31 38 0 1 5736077414737.908
a 31 39 0 1 7888220683993.719
a 31 40 0 1 11166709591021.367
a 31 41 0 1 5816302660401.815
a 31 42 0 1 6597236690754.839
a 31 43 0 1 7767288627406.465
a 31 44 0 1 9581494738292.596
a 31 45 0 1 4831385918288.906
a 31 46 0 1 15503289619902.068
a 31 47 0 1 16087253015943.45
a 31 48 0 1 15148950193447.97
a 31 49 0 1 16431244133489.934
a 31 50 0 1 8567391330694.191
a 31 51 0 1 5192135881366.8
a 31 52 0 1 12864177879282.115
a 31 53 0 1 10836485673584.357
a 31 54 0 1 5452035557929.125
a 31 55 0 1 5486101426567.901
a 31 56 0 1 15818614907959.666
a 31 57 0 1 8510845970713.297
a 31 58 0 1 16149430633835.348
a 31 59 0 1 12981364809754.99
a 31 60 0 1 11502473595977.91
a 31 61 0 1 13736935033424.004
a 31 62 0 1 10449495331716.807
a 31 63 0 1 10481866892652.77
a 31 64 0 1 5829143825829.38
a 31 65 0 1 13207293582790.996
a 31 66 0 1 10408760865717.406
a 31 67 0 1 6227191726713.656
a 31 68 0 1 11929718910592.795
a 31 69 0 1 7781829003751.163
a 31 70 0 1 9214056907998.94
a 31 71 0 1 4217004922797.501
a 31 72 0 1 13101555107939.305
a 31 73 0 1 3499126808692.85
a 31 74 0 1 12333013664779.64
a 31 75 0 1 8792230003409.592
a 31 76 0 1 12166579231397.234
a 31 77 0 1 11041369926890.61
a 31 78 0 1 11095115964538.605
a 31 79 0 1 15873632376851.062
a 31 80 0 1 6299473099642.78
a 32 33 0 1 6979943227247.804
a 32 34 0 1 2406159093393.4766
a 32 35 0 1 2930913465906.861
a 32 36 0 1 6899512189796.141
a 32 37 0 1 6667438974852.879
a 32 38 0 1 3898348259573.915
a 32 39 0 1 5360560488937.86
a 32 40 0 1 7587589552888.982
a 32 41 0 1 3952859177686.7505
a 32 42 0 1 4483466193032.56
a 32 43 0 1 5278402819513.6045
a 32 44 0 1 6510843854717.301
a 32 45 0 1 3283612137310.1016
a 32 46 0 1 10532535861277.268
a 32 47 0 1 10929029913283.072
a 32 48 0 1 10291941419749.877
a 32 49 0 1 11162581802152.691
a 32 50 0 1 5821955349796.156
a 32 51 0 1 3528745959536.207
a 32 52 0 1 8740442802654.509
a 32 53 0 1 7363297746037.118
a 32 54 0 1 3705346787312.1
a 32 55 0 1 3728494162570.901
a 32 56 0 1 10746634627325.797
a 32 57 0 1 5783542118965.991
a 32 58 0 1 10971245687553.521
a 32 59 0 1 8820026190834.49
a 32 60 0 1 7815638640233.278
a 32 61 0 1 9333128627706.658
a 32 62 0 1 7100442581576.116
a 32 63 0 1 7122430580986.086
a 32 64 0 1 3961584377682.039
a 32 65 0 1 8973455837448.69
a 32 66 0 1 7072774103242.74
a 32 67 0 1 4232042296874.2627
a 32 68 0 1 8105813158123.785
a 32 69 0 1 5288281160776.5625
a 32 70 0 1 6261246375632.329
a 32 71 0 1 2866118039438.6055
a 32 72 0 1 8901648494919.363
a 32 73 0 1 2378269930254.248
a 32 74 0 1 8379712641135.113
a 32 75 0 1 5974694497926.542
a 32 76 0 1 8266678920919.057
a 32 77 0 1 7502458084422.234
a 32 78 0 1 7538962819290.11
a 32 79 0 1 10783989737805.11
a 32 80 0 1 4281153799194.579
a 33 1 0 1 0
a 34 1 0 1 0
a 35 1 0 1 0
a 36 1 0 1 0
a 37 1 0 1 0
a 38 1 0 1 0
a 39 1 0 1 0
a 40 1 0 1 0
a 41 1 0 1 0
a 42 1 0 1 0
a 43 1 0 1 0
a 44 1 0 1 0
a 45 1 0 1 0
a 46 1 0 1 0
a 47 1 0 1 0
a 48 1 0 1 0
a 49 1 0 1 0
a 50 1 0 1 0
a 51 1 0 1 0
a 52 1 0 1 0
a 53 1 0 1 0
a 54 1 0 1 0
a 55 1 0 1 0
a 56 1 0 1 0
a 57 1 0 1 0
a 58 1 0 1 0
a 59 1 0 1 0
a 60 1 0 1 0
a 61 1 0 1 0
a 62 1 0 1 0
a 63 1 0 1 0
a 64 1 0 1 0
a 65 1 0 1 0
a 66 1 0 1 0
a 67 1 0 1 0
a 68 1 0 1 0
a 69 1 0 1 0
a 70 1 0 1 0
a 71 1 0 1 0
a 72 1 0 1 0
a 73 1 0 1 0
a 74 1 0 1 0
a 75 1 0 1 0
a 76 1 0 1 0
a 77 1 0 1 0
a 78 1 0 1 0
a 79 1 0 1 0
a 80 1 0 1 0
