p min 82 1644
n 0 34
n 1 -34
a 0 2 0 1 0
a 0 3 0 1 0
a 0 4 0 1 0
a 0 5 0 1 0
a 0 6 0 1 0
a 0 7 0 1 0
a 0 8 0 1 0
a 0 9 0 1 0
a 0 10 0 1 0
a 0 11 0 1 0
a 0 12 0 1 0
a 0 13 0 1 0
a 0 14 0 1 0
a 0 15 0 1 0
a 0 16 0 1 0
a 0 17 0 1 0
a 0 18 0 1 0
a 0 19 0 1 0
a 0 20 0 1 0
a 0 21 0 1 0
a 0 22 0 1 0
a 0 23 0 1 0
a 0 24 0 1 0
a 0 25 0 1 0
a 0 26 0 1 0
a 0 27 0 1 0
a 0 28 0 1 0
a 0 29 0 1 0
a 0 30 0 1 0
a 0 31 0 1 0
a 0 32 0 1 0
a 0 33 0 1 0
a 0 34 0 1 0
a 0 35 0 1 0
a 2 36 0 1 19429560412314.527
a 2 37 0 1 6561491174473.17
a 2 38 0 1 17255372633853.467
a 2 39 0 1 8396107282986.394
a 2 40 0 1 10098677721470.033
a 2 41 0 1 17711661345288.84
a 2 42 0 1 8592815565902.218
a 2 43 0 1 13338249373040.787
a 2 44 0 1 8356019891230.988
a 2 45 0 1 5808050068830.504
a 2 46 0 1 17090802346965.627
a 2 47 0 1 5848597276637.245
a 2 48 0 1 7279980632979.053
a 2 49 0 1 7189063010246.237
a 2 50 0 1 8874905412796.613
a 2 51 0 1 6628398446649.237
a 2 52 0 1 14389717700544.979
a 2 53 0 1 6362502897332.106
a 2 54 0 1 15153984513009.479
a 2 55 0 1 6375287698296.118
a 2 56 0 1 20728165579287.465
a 2 57 0 1 6093533193562.571
a 2 58 0 1 5197184165179.71
a 2 59 0 1 20701243281267.81
a 2 60 0 1 4791041966120.685
a 2 61 0 1 11767224267035.252
a 2 62 0 1 15369743890125.678
a 2 63 0 1 10910747869534.213
a 2 64 0 1 17008522843996.19
a 2 65 0 1 10913948489333.049
a 2 66 0 1 19637413625368.566
a 2 67 0 1 6482252384835.57
a 2 68 0 1 18615372498455.098
a 2 69 0 1 10672460786370.045
a 2 70 0 1 19585688086141.223
a 2 71 0 1 7865193344477.464
a 2 72 0 1 14844037881912.334
a 2 73 0 1 10736613419768.33
a 2 74 0 1 4747781590783.086
a 2 75 0 1 20250202321316.652
a 2 76 0 1 17008707355063.076
a 2 77 0 1 4821110734484.887
a 2 78 0 1 19606392992232.64
a 2 79 0 1 20714302368511.44
a 2 80 0 1 9255411670440.66
a 2 81 0 1 15400721719625.48
a 3 36 0 1 28414778927677.54
a 3 37 0 1 9589287730614.05
a 3 38 0 1 25232211556436.266
a 3 39 0 1 12271683314758.35
a 3 40 0 1 14761483314272.371
a 3 41 0 1 25900063884788.855
a 3 42 0 1 12559321943429.23
a 3 43 0 1 19500205787304.41
a 3 44 0 1 12213065869108.943
a 3 45 0 1 8487831746425.432
a 3 46 0 1 24991344306973.53
a 3 47 0 1 8547105485690.531
a 3 48 0 1 10639730111762.52
a 3 49 0 1 10506802744268.459
a 3 50 0 1 12971821118350.312
a 3 51 0 1 9687103777445.729
a 3 52 0 1 21038605515207.434
a 3 53 0 1 9298378076809.771
a 3 54 0 1 22156909955490.805
a 3 55 0 1 9317068550666.72
a 3 56 0 1 30316024591862.113
a 3 57 0 1 8905169304456.145
a 3 58 0 1 7594871312608.201
a 3 59 0 1 30276605851098.62
a 3 60 0 1 7001206967398.81
a 3 61 0 1 17201965593807.045
a 3 62 0 1 22472633833426.08
a 3 63 0 1 15949195099929.89
a 3 64 0 1 24870920524365.336
a 3 65 0 1 15953876442944.094
a 3 66 0 1 28719072335699.04
a 3 67 0 1 9473444345267.93
a 3 68 0 1 27222887365476.15
a 3 69 0 1 15600672221552.422
a 3 70 0 1 28643346434460.227
a 3 71 0 1 11495379226600.625
a 3 72 0 1 21703373197524.973
a 3 73 0 1 15694502121125.35
a 3 74 0 1 6937974117026.365
a 3 75 0 1 29616223421268.65
a 3 76 0 1 24871190572462.953
a 3 77 0 1 7045158073389.219
a 3 78 0 1 28673658251390.61
a 3 79 0 1 30295726521738.96
a 3 80 0 1 13528253952705.375
a 3 81 0 1 22517964744720.71
a 4 36 0 1 10136948115716.953
a 4 37 0 1 3425740067561.358
a 4 38 0 1 9003691000494.695
a 4 39 0 1 4383146596777.095
a 4 40 0 1 5271471214967.739
a 4 41 0 1 9241545981458.617
a 4 42 0 1 4485788634120.58
a 4 43 0 1 6961273931276.097
a 4 44 0 1 4362228793305.4478
a 4 45 0 1 3032495835536.2876
a 4 46 0 1 8917900576779.54
a 4 47 0 1 3053659508602.4194
a 4 48 0 1 3800711572426.895
a 4 49 0 1 3753264334700.639
a 4 50 0 1 4632978741865.863
a 4 51 0 1 3460659466941.9424
a 4 52 0 1 7509603868006.769
a 4 53 0 1 3321885096470.375
a 4 54 0 1 7908121295734.364
a 4 55 0 1 3328557744536.895
a 4 56 0 1 10813693635350.756
a 4 57 0 1 3181502151781.2827
a 4 58 0 1 2713642072931.1284
a 4 59 0 1 10799664531161.242
a 4 60 0 1 2501636105977.761
a 4 61 0 1 6141882105814.387
a 4 62 0 1 8020620265696.36
a 4 63 0 1 5695114200684.741
a 4 64 0 1 8875007721772.406
a 4 65 0 1 5696783833850.707
a 4 66 0 1 10245273720025.322
a 4 67 0 1 3384384425490.093
a 4 68 0 1 9712598807881.611
a 4 69 0 1 5570807868396.178
a 4 70 0 1 10218316465019.102
a 4 71 0 1 4106105536367.744
a 4 72 0 1 7746507523845.576
a 4 73 0 1 5604274453876.4795
a 4 74 0 1 2479053659364.9385
a 4 75 0 1 10564622657341.336
a 4 76 0 1 8875103909060.148
a 4 77 0 1 2517332308585.4917
a 4 78 0 1 10229107041516.408
a 4 79 0 1 10806469575644.057
a 4 80 0 1 4831513763705.688
a 4 81 0 1 8036772177971.176
a 5 36 0 1 11051806961946.723
a 5 37 0 1 3734652460093.567
a 5 38 0 1 9816157844846.812
a 5 39 0 1 4778439590131.362
a 5 40 0 1 5746930565108.161
a 5 41 0 1 10075501074105.09
a 5 42 0 1 4890343587090.163
a 5 43 0 1 7589277937145.188
a 5 44 0 1 4755634286651.341
a 5 45 0 1 3305934358014.096
a 5 46 0 1 9722617274281.8
a 5 47 0 1 3329007079620.2646
a 5 48 0 1 4143452746168.1196
a 5 49 0 1 4091724787938.789
a 5 50 0 1 5050815890119.893
a 5 51 0 1 3772722046322.7847
a 5 52 0 1 8187121525617.901
a 5 53 0 1 3621428574553.419
a 5 54 0 1 8621628960767.509
a 5 55 0 1 3628703164979.719
a 5 56 0 1 11789711660418.543
a 5 57 0 1 3468381859737.2563
a 5 58 0 1 2958319929378.289
a 5 59 0 1 11774414605648.809
a 5 60 0 1 2727192260669.349
a 5 61 0 1 6695908540762.27
a 5 62 0 1 8744288335787.51
a 5 63 0 1 6208811270718.589
a 5 64 0 1 9675849621354.49
a 5 65 0 1 6210631611853.143
a 5 66 0 1 11169921522492.889
a 5 67 0 1 3689566033564.513
a 5 68 0 1 10589113450300.53
a 5 69 0 1 6073284714165.267
a 5 70 0 1 11140528222133.88
a 5 71 0 1 4476400771512.574
a 5 72 0 1 8445419456259.482
a 5 73 0 1 6109772049320.111
a 5 74 0 1 2702573069048.7095
a 5 75 0 1 11518130309049.502
a 5 76 0 1 9675954497835.182
a 5 77 0 1 2744304134326.856
a 5 78 0 1 11152293908314.354
a 5 79 0 1 11781834689563.492
a 5 80 0 1 5267267166017.934
a 5 81 0 1 8761899040275.034
a 6 36 0 1 16224606236270.227
a 6 37 0 1 5480495687495.823
a 6 38 0 1 14409651299933.764
a 6 39 0 1 7012617542976.393
a 6 40 0 1 8434370133089.248
a 6 41 0 1 14790561596201.498
a 6 42 0 1 7176885934655.063
a 6 43 0 1 11139360742733.543
a 6 44 0 1 6979140960911.837
a 6 45 0 1 4851252170865.713
a 6 46 0 1 14272266229105.822
a 6 47 0 1 4885116015855.924
a 6 48 0 1 6080532240093.627
a 6 49 0 1 6004604547028.684
a 6 50 0 1 7412453158955.911
a 6 51 0 1 5536373063247.139
a 6 52 0 1 12017248426892.93
a 6 53 0 1 5314310480984.876
a 6 54 0 1 12655324961319.908
a 6 55 0 1 5324987754677.978
a 6 56 0 1 17308576150529.87
a 6 57 0 1 5089678239394.163
a 6 58 0 1 4341068483802.337
a 6 59 0 1 17286104150871.18
a 6 60 0 1 4001859629733.182
a 6 61 0 1 9827621443137.336
a 6 62 0 1 12835456334992.742
a 6 63 0 1 9112467011890.604
a 6 64 0 1 14203578079959.445
a 6 65 0 1 9115139560182.799
a 6 66 0 1 16398108784646.63
a 6 67 0 1 5414319504251.048
a 6 68 0 1 15544961102409.191
a 6 69 0 1 8913494094637.66
a 6 70 0 1 16354931746002.115
a 6 71 0 1 6569252462976.414
a 6 72 0 1 12396556739287.64
a 6 73 0 1 8967062582984.043
a 6 74 0 1 3965728374467.5786
a 6 75 0 1 16909617549121.232
a 6 76 0 1 14203732112774.672
a 6 77 0 1 4026973162041.526
a 6 78 0 1 16372214834229.736
a 6 79 0 1 17297004553255.305
a 6 80 0 1 7730201834469.251
a 6 81 0 1 12861318723366.37
a 7 36 0 1 11992363330413.326
a 7 37 0 1 4052196978192.012
a 7 38 0 1 10651426145134.47
a 7 39 0 1 5184786689763.692
a 7 40 0 1 6235694969171.204
a 7 41 0 1 10932864981152.812
a 7 42 0 1 5306212550236.858
a 7 43 0 1 8234878737354.663
a 7 44 0 1 5160040925364.045
a 7 45 0 1 3587011410236.817
a 7 46 0 1 10549916426706.885
a 7 47 0 1 3612046635984.468
a 7 48 0 1 4495774126345.148
a 7 49 0 1 4439645446355.005
a 7 50 0 1 5480339837918.206
a 7 51 0 1 4093505014784.9956
a 7 52 0 1 8883631412429.639
a 7 53 0 1 3929341703409.3364
a 7 54 0 1 9355143894099.807
a 7 55 0 1 3937235098642.354
a 7 56 0 1 12793159442357.389
a 7 57 0 1 3763276503624.72
a 7 58 0 1 3209831194850.2183
a 7 59 0 1 12776558506124.602
a 7 60 0 1 2959046754790.8223
a 7 61 0 1 7265449065953.697
a 7 62 0 1 9488250344310.588
a 7 63 0 1 6736888137704.0
a 7 64 0 1 10499164493954.574
a 7 65 0 1 6738863424126.887
a 7 66 0 1 12120543982767.475
a 7 67 0 1 4003275242375.5713
a 7 68 0 1 11490240493703.854
a 7 69 0 1 6589825918610.504
a 7 70 0 1 12088645665767.377
a 7 71 0 1 4857048845485.683
a 7 72 0 1 9163926933315.283
a 7 73 0 1 6629418920937.27
a 7 74 0 1 2932333835652.5737
a 7 75 0 1 12498429938865.637
a 7 76 0 1 10499278305132.15
a 7 77 0 1 2977613907244.5166
a 7 78 0 1 12101414069383.707
a 7 79 0 1 12784611058216.412
a 7 80 0 1 5715210354843.629
a 7 81 0 1 9507361004086.871
a 8 36 0 1 12312792365956.107
a 8 37 0 1 4160367740376.496
a 8 38 0 1 10935980984230.707
a 8 39 0 1 5323209731130.299
a 8 40 0 1 6402195766317.974
a 8 41 0 1 11224948232275.143
a 8 42 0 1 5447879443754.21
a 8 43 0 1 8454812204795.278
a 8 44 0 1 5297802903150.14
a 8 45 0 1 3682759080562.6934
a 8 46 0 1 10831756031464.463
a 8 47 0 1 3708462853981.853
a 8 48 0 1 4615792185639.357
a 8 49 0 1 4558164322010.551
a 8 50 0 1 5626658647493.52
a 8 51 0 1 4202779001774.3447
a 8 52 0 1 9120909678233.934
a 8 53 0 1 4034231400512.5234
a 8 54 0 1 9605030003081.49
a 8 55 0 1 4042335599812.3447
a 8 56 0 1 13135017662907.559
a 8 57 0 1 3863731290452.6577
a 8 58 0 1 3295507018058.284
a 8 59 0 1 13117972446904.72
a 8 60 0 1 3038026375614.261
a 8 61 0 1 7459469197149.724
a 8 62 0 1 9741695861069.904
a 8 63 0 1 6916782074562.212
a 8 64 0 1 10779646584255.596
a 8 65 0 1 6918810148736.584
a 8 66 0 1 12444402840807.232
a 8 67 0 1 4110139452584.8667
a 8 68 0 1 11797234866069.602
a 8 69 0 1 6765789819267.053
a 8 70 0 1 12411650987735.127
a 8 71 0 1 4986716942368.338
a 8 72 0 1 9408699893807.672
a 8 73 0 1 6806440876863.289
a 8 74 0 1 3010600217467.215
a 8 75 0 1 12832400769863.914
a 8 76 0 1 10779763439641.129
a 8 77 0 1 3057089276519.2686
a 8 78 0 1 12424761047884.465
a 8 79 0 1 13126240503853.354
a 8 80 0 1 5867804176035.116
a 8 81 0 1 9761317569370.607
a 9 36 0 1 23706048337882.11
a 9 37 0 1 8003079878103.6455
a 9 38 0 1 21052156279925.527
a 9 39 0 1 10241244777033.14
a 9 40 0 1 12318504874157.045
a 9 41 0 1 21609094443526.402
a 9 42 0 1 10481234071214.637
a 9 43 0 1 16271513689702.316
a 9 44 0 1 10192337394977.637
a 9 45 0 1 7083969375443.68
a 9 46 0 1 20851287781555.438
a 9 47 0 1 7133431359575.589
a 9 48 0 1 8879586100207.363
a 9 49 0 1 8768671281049.177
a 9 50 0 1 10825395300094.68
a 9 51 0 1 8084700662054.213
a 9 52 0 1 17554682070830.006
a 9 53 0 1 7760333920678.866
a 9 54 0 1 18487404592417.594
a 9 55 0 1 7775930036014.668
a 9 56 0 1 25291312533088.37
a 9 57 0 1 7432221452431.341
a 9 58 0 1 6338809767763.627
a 9 59 0 1 25258446242695.383
a 9 60 0 1 5843393391859.712
a 9 61 0 1 14354427269376.336
a 9 62 0 1 18750727076298.152
a 9 63 0 1 13309352813579.172
a 9 64 0 1 20750861046427.996
a 9 65 0 1 13313258132686.578
a 9 66 0 1 23959776823945.863
a 9 67 0 1 7906416122596.762
a 9 68 0 1 22712186856202.133
a 9 69 0 1 13018602439784.584
a 9 70 0 1 23896634692855.246
a 9 71 0 1 9593527704865.281
a 9 72 0 1 18109136778653.34
a 9 73 0 1 13096879111616.037
a 9 74 0 1 5790624547143.756
a 9 75 0 1 24707829684342.145
a 9 76 0 1 20751086252035.555
a 9 77 0 1 5880071231579.879
a 9 78 0 1 23921909458157.973
a 9 79 0 1 25274388552006.11
a 9 80 0 1 11289636395513.781
a 9 81 0 1 18788534054608.62
a 10 36 0 1 23222754428762.79
a 10 37 0 1 7840210400624.575
a 10 38 0 1 20623095671092.914
a 10 39 0 1 10032774105571.799
a 10 40 0 1 12067690738497.496
a 10 41 0 1 21168655281454.332
a 10 42 0 1 10267872402934.646
a 10 43 0 1 15940065468472.363
a 10 44 0 1 9984863426544.281
a 10 45 0 1 6939819525817.044
a 10 46 0 1 20426330675993.453
a 10 47 0 1 6988274210912.85
a 10 48 0 1 8698861105411.962
a 10 49 0 1 8590205953592.412
a 10 50 0 1 10605019142337.33
a 10 51 0 1 7920168617175.845
a 10 52 0 1 17197044121711.314
a 10 53 0 1 7602408854800.878
a 10 54 0 1 18110724828705.727
a 10 55 0 1 7617687306192.361
a 10 56 0 1 24775607652329.375
a 10 57 0 1 7280979169917.931
a 10 58 0 1 6209833819901.022
a 10 59 0 1 24743413435974.61
a 10 60 0 1 5724504340267.135
a 10 61 0 1 14062093052690.408
a 10 62 0 1 18368670778636.03
a 10 63 0 1 13038333959967.432
a 10 64 0 1 20327955469285.918
a 10 65 0 1 13042159635448.44
a 10 66 0 1 23471296175638.285
a 10 67 0 1 7745515589415.597
a 10 68 0 1 22249206689342.945
a 10 69 0 1 12753512844247.71
a 10 70 0 1 23409444829079.402
a 10 71 0 1 9398256226293.24
a 10 72 0 1 17740179950557.516
a 10 73 0 1 12830193262011.975
a 10 74 0 1 5672809826114.73
a 10 75 0 1 24204055548423.78
a 10 76 0 1 20328176074420.348
a 10 77 0 1 5760435441604.245
a 10 78 0 1 23434202916590.742
a 10 79 0 1 24759029745860.727
a 10 80 0 1 11059797489141.254
a 10 81 0 1 18405705785626.15
a 11 36 0 1 29125366777660.316
a 11 37 0 1 9828561074880.738
a 11 38 0 1 25862973568474.89
a 11 39 0 1 12577985176386.441
a 11 40 0 1 15130039041408.123
a 11 41 0 1 26547572141243.355
a 11 42 0 1 12872813926123.516
a 11 43 0 1 19987347568704.758
a 11 44 0 1 12517902526596.344
a 11 45 0 1 8699593860602.015
a 11 46 0 1 25616067275499.402
a 11 47 0 1 8760347906809.46
a 11 48 0 1 10905247175114.852
a 11 49 0 1 10768998458184.13
a 11 50 0 1 13295625221082.588
a 11 51 0 1 9928820633450.766
a 11 52 0 1 21564274122580.465
a 11 53 0 1 9530384632340.693
a 11 54 0 1 22710593538383.082
a 11 55 0 1 9549541970601.9
a 11 56 0 1 31074328513083.938
a 11 57 0 1 9127354479443.592
a 11 58 0 1 7784335069656.834
a 11 59 0 1 31033920252238.844
a 11 60 0 1 7175848771527.332
a 11 61 0 1 17631577581008.613
a 11 62 0 1 23034228047249.645
a 11 63 0 1 16347460741140.996
a 11 64 0 1 25492624346630.387
a 11 65 0 1 16352259201684.729
a 11 66 0 1 29437295679518.465
a 11 67 0 1 9709823915514.855
a 11 68 0 1 27903572911827.96
a 11 69 0 1 15990218903879.67
a 11 70 0 1 29359669571984.562
a 11 71 0 1 11782278201853.023
a 11 72 0 1 22245694205511.23
a 11 73 0 1 16086396065277.197
a 11 74 0 1 7111037315853.606
a 11 75 0 1 30356961754862.086
a 11 76 0 1 25492901165011.906
a 11 77 0 1 7220897128803.837
a 11 78 0 1 29390742005766.38
a 11 79 0 1 31053520903768.816
a 11 80 0 1 13865969982199.541
a 11 81 0 1 23080694797212.164
a 12 36 0 1 7661446735926.131
a 12 37 0 1 2589643031219.714
a 12 38 0 1 6805154415933.722
a 12 39 0 1 3313292726420.7007
a 12 40 0 1 3984692456595.6577
a 12 41 0 1 6984882848299.203
a 12 42 0 1 3390871752110.5796
a 12 43 0 1 5261760349219.004
a 12 44 0 1 3297482552620.3784
a 12 45 0 1 2292400570822.345
a 12 46 0 1 6740328702784.106
a 12 47 0 1 2308397774410.6377
a 12 48 0 1 2873067521663.6016
a 12 49 0 1 2837204568880.6406
a 12 50 0 1 3502120371550.847
a 12 51 0 1 2616037323706.6504
a 12 52 0 1 5676134450771.657
a 12 53 0 1 2511142563749.109
a 12 54 0 1 5977286899678.211
a 12 55 0 1 2516186206992.867
a 12 56 0 1 8172771544006.109
a 12 57 0 1 2405031105457.0244
a 12 58 0 1 2051382989256.7742
a 12 59 0 1 8162171850305.584
a 12 60 0 1 1891127932675.78
a 12 61 0 1 4642520381602.739
a 12 62 0 1 6062299124891.855
a 12 63 0 1 4304871914485.154
a 12 64 0 1 6707917509771.991
a 12 65 0 1 4306133769082.192
a 12 66 0 1 7743295013078.993
a 12 67 0 1 2558383752071.843
a 12 68 0 1 7340813580051.862
a 12 69 0 1 4210924887284.2754
a 12 70 0 1 7722926792277.885
a 12 71 0 1 3103896990512.524
a 12 72 0 1 5855159094288.245
a 12 73 0 1 4236218001393.2495
a 12 74 0 1 1874057775782.2239
a 12 75 0 1 7984584650209.736
a 12 76 0 1 6707990192005.77
a 12 77 0 1 1902992738890.0222
a 12 78 0 1 7731079882961.966
a 12 79 0 1 8167313404664.283
a 12 80 0 1 3652174833491.625
a 12 81 0 1 6074504614730.965
a 13 36 0 1 26343421895052.84
a 13 37 0 1 8891659959168.488
a 13 38 0 1 23393479960154.84
a 13 39 0 1 11378653505727.848
a 13 40 0 1 13686981143949.635
a 13 41 0 1 24012529629472.54
a 13 42 0 1 11645332140638.541
a 13 43 0 1 18080048979754.816
a 13 44 0 1 11324307307970.27
a 13 45 0 1 7870408337522.386
a 13 46 0 1 23170212143759.406
a 13 47 0 1 7925366440319.268
a 13 48 0 1 9865595046713.21
a 13 49 0 1 9742350180014.59
a 13 50 0 1 12027770588555.512
a 13 51 0 1 8982352454838.395
a 13 52 0 1 19506158664919.496
a 13 53 0 1 8621935211954.268
a 13 54 0 1 20542813283792.79
a 13 55 0 1 8639264629442.036
a 13 56 0 1 28105623181635.55
a 13 57 0 1 8257358981384.68
a 13 58 0 1 7042456471804.526
a 13 59 0 1 28069087836410.883
a 13 60 0 1 6492004729817.878
a 13 61 0 1 15949492018902.916
a 13 62 0 1 20835481951673.695
a 13 63 0 1 14788091001549.414
a 13 64 0 1 23058587019302.36
a 13 65 0 1 14792430961296.81
a 13 66 0 1 26625465112825.203
a 13 67 0 1 8784252791484.235
a 13 68 0 1 25238668534191.773
a 13 69 0 1 14464982922564.129
a 13 70 0 1 26555276488311.137
a 13 71 0 1 10658911643492.994
a 13 72 0 1 20122392572942.61
a 13 73 0 1 14551970794260.83
a 13 74 0 1 6433374251967.17
a 13 75 0 1 27457007344470.15
a 13 76 0 1 23058837336826.48
a 13 77 0 1 6532756839150.69
a 13 78 0 1 26583371836342.195
a 13 79 0 1 28086809874422.746
a 13 80 0 1 12543649388944.254
a 13 81 0 1 20877502521159.656
a 14 36 0 1 30593120847349.402
a 14 37 0 1 10322709699468.682
a 14 38 0 1 27165806743069.36
a 14 39 0 1 13210576427197.238
a 14 40 0 1 15891217082181.875
a 14 41 0 1 27885002436206.03
a 14 42 0 1 13520256248629.32
a 14 43 0 1 20993483464112.895
a 14 44 0 1 13147467432639.588
a 14 45 0 1 9136921895701.271
a 14 46 0 1 26906424110339.58
a 14 47 0 1 9200733280316.045
a 14 48 0 1 11453599551163.457
a 14 49 0 1 11310490866895.023
a 14 50 0 1 13964367182161.074
a 14 51 0 1 10428016042377.693
a 14 52 0 1 22649997555029.023
a 14 53 0 1 10009524616156.434
a 14 54 0 1 23854190808427.56
a 14 55 0 1 10029646201976.424
a 14 56 0 1 32640668851063.832
a 14 57 0 1 9586209755817.533
a 14 58 0 1 8175609783224.43
a 14 59 0 1 32598216107116.34
a 14 60 0 1 7536511758070.575
a 14 61 0 1 18518874218824.156
a 14 62 0 1 24194167447412.477
a 14 63 0 1 17170007284062.943
a 14 64 0 1 26776743807290.707
a 14 65 0 1 17175047663955.07
a 14 66 0 1 30920825234784.715
a 14 67 0 1 10197995803561.188
a 14 68 0 1 29309547466103.504
a 14 69 0 1 16794755518879.809
a 14 70 0 1 30839273154899.676
a 14 71 0 1 12374793499896.303
a 14 72 0 1 23365818327077.387
a 14 73 0 1 16895781185905.416
a 14 74 0 1 7468440033313.08
a 14 75 0 1 31887009411556.867
a 14 76 0 1 26777034612655.152
a 14 77 0 1 7583826253579.959
a 14 78 0 1 30871917080965.707
a 14 79 0 1 32618808464281.2
a 14 80 0 1 14563447212472.021
a 14 81 0 1 24242980670460.9
a 15 36 0 1 12956341813679.785
a 15 37 0 1 4377601851248.532
a 15 38 0 1 11507473619915.46
a 15 39 0 1 5601200944090.706
a 15 40 0 1 6736578021043.938
a 15 41 0 1 11811562267124.96
a 15 42 0 1 5732385516026.937
a 15 43 0 1 8896511049665.459
a 15 44 0 1 5574466456832.955
a 15 45 0 1 3875043669462.459
a 15 46 0 1 11397794927844.912
a 15 47 0 1 3902090093897.4106
a 15 48 0 1 4856819639391.567
a 15 49 0 1 4796180901816.614
a 15 50 0 1 5920507519661.999
a 15 51 0 1 4422228749521.715
a 15 52 0 1 9597445454116.047
a 15 53 0 1 4244876067671.2007
a 15 54 0 1 10106888824554.031
a 15 55 0 1 4253403629513.2173
a 15 56 0 1 13821610566882.826
a 15 57 0 1 4065469242015.6714
a 15 58 0 1 3467564290274.4087
a 15 59 0 1 13803672947560.994
a 15 60 0 1 3196635725317.263
a 15 61 0 1 7849122030160.476
a 15 62 0 1 10250703847463.486
a 15 63 0 1 7278063343404.094
a 15 64 0 1 11342958821134.928
a 15 65 0 1 7280197437909.661
a 15 66 0 1 13094841514327.725
a 15 67 0 1 4324749581191.7837
a 15 68 0 1 12413799276650.6
a 15 69 0 1 7119177909360.218
a 15 70 0 1 13060375226187.043
a 15 71 0 1 5247125049833.919
a 15 72 0 1 9900288851783.518
a 15 73 0 1 7161953988363.155
a 15 74 0 1 3167777179412.144
a 15 75 0 1 13503150696167.225
a 15 76 0 1 11343081791013.037
a 15 77 0 1 3216694231202.4004
a 15 78 0 1 13074171546541.346
a 15 79 0 1 13812373878672.848
a 15 80 0 1 6174255683121.984
a 15 81 0 1 10271352011726.8
a 16 36 0 1 30535495008787.17
a 16 37 0 1 10303310903059.262
a 16 38 0 1 27114656835768.746
a 16 39 0 1 13185742407240.29
a 16 40 0 1 15861334627284.303
a 16 41 0 1 27832494027039.223
a 16 42 0 1 13494839169354.58
a 16 43 0 1 20953983342506.85
a 16 44 0 1 13122752228014.754
a 16 45 0 1 9119753813518.611
a 16 46 0 1 26855764100533.84
a 16 47 0 1 9183445171082.873
a 16 48 0 1 11432072748595.297
a 16 49 0 1 11289233383863.074
a 16 50 0 1 13938113866778.328
a 16 51 0 1 10408419113376.713
a 16 52 0 1 22607372512669.703
a 16 53 0 1 9990715045300.809
a 16 54 0 1 23809293376286.18
a 16 55 0 1 10010798775699.814
a 16 56 0 1 32579171723149.54
a 16 57 0 1 9568196540975.178
a 16 58 0 1 8160249683526.437
a 16 59 0 1 32536799262900.01
a 16 60 0 1 7522353417444.992
a 16 61 0 1 18484040092995.004
a 16 62 0 1 24148628343734.188
a 16 63 0 1 17137715395038.068
a 16 64 0 1 26726328714481.793
a 16 65 0 1 17142746276691.03
a 16 66 0 1 30862579929525.33
a 16 67 0 1 10178831648614.598
a 16 68 0 1 29254347544882.95
a 16 69 0 1 16763170734339.035
a 16 70 0 1 30781182013662.46
a 16 71 0 1 12351532869133.016
a 16 72 0 1 23321842560889.676
a 16 73 0 1 16864006039965.125
a 16 74 0 1 7454409684266.088
a 16 75 0 1 31826937435857.508
a 16 76 0 1 26726618970632.844
a 16 77 0 1 7569578948890.568
a 16 78 0 1 30813764230809.797
a 16 79 0 1 32557352677319.266
a 16 80 0 1 14536065727584.795
a 16 81 0 1 24197349432642.934
a 17 36 0 1 6832940796909.9
a 17 37 0 1 2309745844556.3784
a 17 38 0 1 6069312318072.607
a 17 39 0 1 2955154472538.565
a 17 40 0 1 3553952007089.843
a 17 41 0 1 6229592753914.549
a 17 42 0 1 3024344957206.6284
a 17 43 0 1 4692895797945.481
a 17 44 0 1 2941053820331.977
a 17 45 0 1 2044637895740.4485
a 17 46 0 1 6011501068758.728
a 17 47 0 1 2058905711549.9707
a 17 48 0 1 2562527839930.223
a 17 49 0 1 2530542315972.4624
a 17 50 0 1 3123564143517.1294
a 17 51 0 1 2333286588182.3877
a 17 52 0 1 5062444568214.354
a 17 53 0 1 2239732155311.9385
a 17 54 0 1 5331017157484.73
a 17 55 0 1 2244230528442.8
a 17 56 0 1 7288924720733.852
a 17 57 0 1 2145092314603.3599
a 17 58 0 1 1829674984159.9158
a 17 59 0 1 7279472295011.803
a 17 60 0 1 1686743230488.202
a 17 61 0 1 4140635622062.4087
a 17 62 0 1 5406832060239.105
a 17 63 0 1 3839505150059.87
a 17 64 0 1 5982596892646.236
a 17 65 0 1 3840630534887.6313
a 17 66 0 1 6905930993568.292
a 17 67 0 1 2281866059378.85
a 17 68 0 1 6547006929053.891
a 17 69 0 1 3755718409020.7803
a 17 70 0 1 6887767149994.768
a 17 71 0 1 2768399817082.3965
a 17 72 0 1 5222101862598.726
a 17 73 0 1 3778276114961.1123
a 17 74 0 1 1671518295333.8564
a 17 75 0 1 7121106043883.003
a 17 76 0 1 5982661710406.186
a 17 77 0 1 1697325490588.443
a 17 78 0 1 6895037862925.58
a 17 79 0 1 7284057348632.987
a 17 80 0 1 3257392619403.0884
a 17 81 0 1 5417717046514.358
a 18 36 0 1 22756759650517.492
a 18 37 0 1 7683159330555.716
a 18 38 0 1 20209387880673.895
a 18 39 0 1 9831752987861.78
a 18 40 0 1 11825841586520.438
a 18 41 0 1 20743977182444.586
a 18 42 0 1 10062135292312.824
a 18 43 0 1 15620470205749.13
a 18 44 0 1 9784803350284.193
a 18 45 0 1 6800818748494.488
a 18 46 0 1 20016579175433.082
a 18 47 0 1 6848302147440.09
a 18 48 0 1 8524593098578.743
a 18 49 0 1 8418116792197.942
a 18 50 0 1 10392518544679.143
a 18 51 0 1 7761514433509.811
a 18 52 0 1 16852197747318.87
a 18 53 0 1 7450125390131.24
a 18 54 0 1 17747519268957.523
a 18 55 0 1 7465097536539.919
a 18 56 0 1 24278365672310.758
a 18 57 0 1 7135139537276.874
a 18 58 0 1 6085464501626.709
a 18 59 0 1 24246819393405.594
a 18 60 0 1 5609861383418.277
a 18 61 0 1 13780210540789.467
a 18 62 0 1 18000281456708.53
a 18 63 0 1 12777003472097.076
a 18 64 0 1 19920181901202.844
a 18 65 0 1 12780752355754.27
a 18 66 0 1 23000300865923.188
a 18 67 0 1 7590363055290.133
a 18 68 0 1 21802796488137.137
a 18 69 0 1 12497899312958.791
a 18 70 0 1 22939693962693.773
a 18 71 0 1 9209962075508.703
a 18 72 0 1 17384420448161.727
a 18 73 0 1 12573040630210.84
a 18 74 0 1 5559202802763.305
a 18 75 0 1 23718315866733.484
a 18 76 0 1 19920398070897.72
a 18 77 0 1 5645072435441.212
a 18 78 0 1 22963953921876.555
a 18 79 0 1 24262121411651.234
a 18 80 0 1 10838172786395.3
a 18 81 0 1 18036572171890.69
a 19 36 0 1 6274728655257.025
a 19 37 0 1 2121143061713.352
a 19 38 0 1 5573524287921.369
a 19 39 0 1 2713834244415.829
a 19 40 0 1 3263715127399.3667
a 19 41 0 1 5720703162079.016
a 19 42 0 1 2777372773074.8564
a 19 43 0 1 4309599828955.0127
a 19 44 0 1 2700885420593.6343
a 19 45 0 1 1877687238159.361
a 19 46 0 1 5520438507327.021
a 19 47 0 1 1890789791502.6956
a 19 48 0 1 2353278497276.428
a 19 49 0 1 2323905526672.107
a 19 50 0 1 2868486907601.417
a 19 51 0 1 2142761106728.4673
a 19 52 0 1 4648949253858.423
a 19 53 0 1 2056847708888.4507
a 19 54 0 1 4895572741361.44
a 19 55 0 1 2060978681971.7249
a 19 56 0 1 6693432589740.09
a 19 57 0 1 1969937399826.856
a 19 58 0 1 1680280071982.073
a 19 59 0 1 6684753004784.08
a 19 60 0 1 1549020929703.073
a 19 61 0 1 3802465687485.468
a 19 62 0 1 4965191443646.948
a 19 63 0 1 3525938832887.4478
a 19 64 0 1 5493896925510.536
a 19 65 0 1 3526972271990.7583
a 19 66 0 1 6341751616143.346
a 19 67 0 1 2095540355531.3254
a 19 68 0 1 6012170119184.931
a 19 69 0 1 3448997539996.499
a 19 70 0 1 6325072746857.726
a 19 71 0 1 2542334584501.509
a 19 72 0 1 4795558701994.839
a 19 73 0 1 3469712274067.357
a 19 74 0 1 1535039327645.0312
a 19 75 0 1 6539334723532.493
a 19 76 0 1 5493956445157.203
a 19 77 0 1 1558738994981.531
a 19 78 0 1 6331749047638.33
a 19 79 0 1 6688963179550.651
a 19 80 0 1 2991382886526.154
a 19 81 0 1 4975186813596.227
a 20 36 0 1 24353683862277.477
a 20 37 0 1 8221313445968.234
a 20 38 0 1 21627108347286.566
a 20 39 0 1 10520584147727.818
a 20 40 0 1 12654586019627.646
a 20 41 0 1 22199295869345.938
a 20 42 0 1 10767127488561.043
a 20 43 0 1 16715651008620.277
a 20 44 0 1 10470341163130.021
a 20 45 0 1 7277118993359.922
a 20 46 0 1 21420740421180.336
a 20 47 0 1 7327930732851.974
a 20 48 0 1 9121745961875.658
a 20 49 0 1 9007803188340.527
a 20 50 0 1 11120688322555.775
a 20 51 0 1 8305162051258.851
a 20 52 0 1 18033916745981.848
a 20 53 0 1 7971942045220.573
a 20 54 0 1 18992157879191.527
a 20 55 0 1 7987963825325.906
a 20 56 0 1 25982386248519.043
a 20 57 0 1 7634874767518.359
a 20 58 0 1 6511626827789.883
a 20 59 0 1 25948619215920.605
a 20 60 0 1 6002694415614.323
a 20 61 0 1 14746148083448.166
a 20 62 0 1 19262685694457.895
a 20 63 0 1 13672509468719.57
a 20 64 0 1 21317564275891.418
a 20 65 0 1 13676521515552.807
a 20 66 0 1 24614363726336.97
a 20 67 0 1 8122011330154.11
a 20 68 0 1 23332597658918.0
a 20 69 0 1 13373813510030.314
a 20 70 0 1 24549491656593.32
a 20 71 0 1 9855179943967.7
a 20 72 0 1 18603540253720.082
a 20 73 0 1 13454229261867.732
a 20 74 0 1 5948486015376.48
a 20 75 0 1 25382913356677.434
a 20 76 0 1 21317795646941.01
a 20 77 0 1 6040372852287.209
a 20 78 0 1 24575458885024.203
a 20 79 0 1 25964998443481.24
a 20 80 0 1 11597609812668.48
a 20 81 0 1 19301527227456.066
a 21 36 0 1 29295918461009.277
a 21 37 0 1 9885986382464.674
a 21 38 0 1 26014364134674.633
a 21 39 0 1 12651497948938.436
a 21 40 0 1 15218493594032.812
a 21 41 0 1 26702982381644.844
a 21 42 0 1 12948052412608.656
a 21 43 0 1 20104265132802.566
a 21 44 0 1 12591063633292.986
a 21 45 0 1 8750416307279.464
a 21 46 0 1 25766008268419.004
a 21 47 0 1 8811525634747.482
a 21 48 0 1 10968971181667.264
a 21 49 0 1 10831925312142.773
a 21 50 0 1 13373338744293.879
a 21 51 0 1 9986832401075.445
a 21 52 0 1 21690439098552.527
a 21 53 0 1 9586065861823.621
a 21 54 0 1 22843482880345.945
a 21 55 0 1 9605335250568.057
a 21 56 0 1 31256334005156.09
a 21 57 0 1 9180678517384.613
a 21 58 0 1 7829805814386.759
a 21 59 0 1 31215688217434.465
a 21 60 0 1 7217762202439.805
a 21 61 0 1 17734686729980.29
a 21 62 0 1 23169016168327.496
a 21 63 0 1 16443046173538.637
a 21 64 0 1 25641840643979.383
a 21 65 0 1 16447872744381.688
a 21 66 0 1 29609680183198.254
a 21 67 0 1 9766554697465.314
a 21 68 0 1 28066946898814.668
a 21 69 0 1 16083711633022.629
a 21 70 0 1 29531597950669.8
a 21 71 0 1 11851134070308.506
a 21 72 0 1 22375856209951.977
a 21 73 0 1 16180452177968.596
a 21 74 0 1 7152571877576.001
a 21 75 0 1 30534750769306.24
a 21 76 0 1 25642119087453.727
a 21 77 0 1 7263073902849.604
a 21 78 0 1 29562852962681.33
a 21 79 0 1 31235404084769.047
a 21 80 0 1 13947022551952.256
a 21 81 0 1 23215755552616.05
a 22 36 0 1 31790050571924.23
a 22 37 0 1 10725597917422.547
a 22 38 0 1 28228209515309.37
a 22 39 0 1 13726354320409.42
a 22 40 0 1 16511853800712.447
a 22 41 0 1 28975625515919.723
a 22 42 0 1 14048144475365.318
a 22 43 0 1 21813891858114.05
a 22 44 0 1 13660777496707.244
a 22 45 0 1 9493479035631.043
a 22 46 0 1 27958650235630.125
a 22 47 0 1 9559783322799.102
a 22 48 0 1 11900686122845.066
a 22 49 0 1 11751983688051.125
a 22 50 0 1 14509624369292.006
a 22 51 0 1 10835019423242.559
a 22 52 0 1 23535316765012.676
a 22 53 0 1 10400174795229.01
a 22 54 0 1 24786712709996.81
a 22 55 0 1 10421082625764.617
a 22 56 0 1 33918020409291.363
a 22 57 0 1 9960319915647.76
a 22 58 0 1 8494616201207.245
a 22 59 0 1 33873899842825.047
a 22 60 0 1 7830558542453.957
a 22 61 0 1 19242362497823.867
a 22 62 0 1 25140018420059.543
a 22 63 0 1 17840690236323.8
a 22 64 0 1 27823882278041.777
a 22 65 0 1 17845927904851.613
a 22 66 0 1 32130623602592.83
a 22 67 0 1 10596010584049.033
a 22 68 0 1 30456082186983.523
a 22 69 0 1 17450751177182.527
a 22 70 0 1 32045868954874.062
a 22 71 0 1 12857891759442.156
a 22 72 0 1 24279195070808.24
a 22 73 0 1 17555730842904.102
a 22 74 0 1 7759828537566.26
a 22 75 0 1 33134754798092.336
a 22 76 0 1 27824184492187.47
a 22 77 0 1 7879720749620.056
a 22 78 0 1 32079794807483.4
a 22 79 0 1 33895301200868.3
a 22 80 0 1 15132137049427.895
a 22 81 0 1 25190745495739.168
a 23 36 0 1 13155407762171.441
a 23 37 0 1 4444793479662.405
a 23 38 0 1 11684248673075.781
a 23 39 0 1 5687185844348.246
a 23 40 0 1 6840005999652.939
a 23 41 0 1 11993015110261.824
a 23 42 0 1 5820385600672.523
a 23 43 0 1 9033135398248.691
a 23 44 0 1 5660040684356.727
a 23 45 0 1 3934518058657.8467
a 23 46 0 1 11572882877342.176
a 23 47 0 1 3961979782521.628
a 23 48 0 1 4931370938592.289
a 23 49 0 1 4869800885456.604
a 23 50 0 1 6011397537706.06
a 23 51 0 1 4490105708495.314
a 23 52 0 1 9744846183411.066
a 23 53 0 1 4310029482517.729
a 23 54 0 1 10262123000909.92
a 23 55 0 1 4318687996609.2383
a 23 56 0 1 14033992311600.506
a 23 57 0 1 4127867682853.5317
a 23 58 0 1 3520782127590.498
a 23 59 0 1 14015778619274.756
a 23 60 0 1 3245693979873.1484
a 23 61 0 1 7969646789128.078
a 23 62 0 1 10408149561878.17
a 23 63 0 1 7389811925554.7
a 23 64 0 1 11517203284849.412
a 23 65 0 1 7391978815190.693
a 23 66 0 1 13296038681706.861
a 23 67 0 1 4391129572131.981
a 23 68 0 1 12604517302046.902
a 23 69 0 1 7228484907630.4375
a 23 70 0 1 13261042023483.213
a 23 71 0 1 5327671141777.513
a 23 72 0 1 10052346134812.574
a 23 73 0 1 7271918315406.45
a 23 74 0 1 3216392382481.55
a 23 75 0 1 13710631284109.064
a 23 76 0 1 11517328146231.39
a 23 77 0 1 3266060436190.1562
a 23 78 0 1 13275050642238.795
a 23 79 0 1 14024613463899.066
a 23 80 0 1 6269043986094.917
a 23 81 0 1 10429115252629.115
a 24 36 0 1 10463466748661.148
a 24 37 0 1 3535997707565.9673
a 24 38 0 1 9293667509478.729
a 24 39 0 1 4524234474365.187
a 24 40 0 1 5441171041605.979
a 24 41 0 1 9539191360296.984
a 24 42 0 1 4630182189033.091
a 24 43 0 1 7185417104132.512
a 24 44 0 1 4502643004478.976
a 24 45 0 1 3130092325950.5537
a 24 46 0 1 9205111155503.443
a 24 47 0 1 3151937368406.808
a 24 48 0 1 3923043143498.0933
a 24 49 0 1 3874068064408.6343
a 24 50 0 1 4782112824734.037
a 24 51 0 1 3572041452072.912
a 24 52 0 1 7751418250274.485
a 24 53 0 1 3428798838618.2876
a 24 54 0 1 8162780275589.03
a 24 55 0 1 3435686328552.0947
a 24 56 0 1 11162038770268.002
a 24 57 0 1 3283896008181.662
a 24 58 0 1 2800973406874.6235
a 24 59 0 1 11147557161586.592
a 24 60 0 1 2582142564720.339
a 24 61 0 1 6339622760285.881
a 24 62 0 1 8278905415081.098
a 24 63 0 1 5878461224804.67
a 24 64 0 1 9160835432498.725
a 24 65 0 1 5880184646103.512
a 24 66 0 1 10575285851237.262
a 24 67 0 1 3493310496398.2705
a 24 68 0 1 10025433051630.572
a 24 69 0 1 5750150356930.16
a 24 70 0 1 10547459216964.688
a 24 71 0 1 4238271464874.833
a 24 72 0 1 7995957390714.665
a 24 73 0 1 5784695058731.849
a 24 74 0 1 2558833166475.9126
a 24 75 0 1 10904934307965.395
a 24 76 0 1 9160934720854.533
a 24 77 0 1 2598344046148.259
a 24 78 0 1 10558597792004.252
a 24 79 0 1 11154581700522.158
a 24 80 0 1 4987042294571.996
a 24 81 0 1 8295577958502.311
a 25 36 0 1 34883658601739.336
a 25 37 0 1 11766569500370.559
a 25 38 0 1 30973964064703.727
a 25 39 0 1 15059069247069.402
a 25 40 0 1 18115582115656.58
a 25 41 0 1 31794347609749.27
a 25 42 0 1 15412158025574.441
a 25 43 0 1 23934005949117.234
a 25 44 0 1 14987114466019.453
a 25 45 0 1 10414724031321.0
a 25 46 0 1 30678092060788.133
a 25 47 0 1 10487470243193.115
a 25 48 0 1 13055877274266.268
a 25 49 0 1 12892718962828.875
a 25 50 0 1 15918527778659.959
a 25 51 0 1 11886625437516.93
a 25 52 0 1 25823235846103.758
a 25 53 0 1 11409520970231.377
a 25 54 0 1 27196664053811.586
a 25 55 0 1 11432460596268.732
a 25 56 0 1 37219597896703.98
a 25 57 0 1 10926924059069.863
a 25 58 0 1 9318827750449.9
a 25 59 0 1 37171164230092.66
a 25 60 0 1 8590274479475.907
a 25 61 0 1 21111939102977.71
a 25 62 0 1 27584430030670.957
a 25 63 0 1 19573774057909.45
a 25 64 0 1 30530169553564.098
a 25 65 0 1 19579521672918.8
a 25 66 0 1 35257508791017.96
a 25 67 0 1 11624388244242.908
a 25 68 0 1 33419376655221.914
a 25 69 0 1 19145871900763.484
a 25 70 0 1 35164472556723.19
a 25 71 0 1 14106149173478.568
a 25 72 0 1 26639650211957.875
a 25 73 0 1 19261071650288.188
a 25 74 0 1 8512675565637.001
a 25 75 0 1 36359769636248.47
a 25 76 0 1 30530501265994.055
a 25 77 0 1 8644211122037.23
a 25 78 0 1 35201713367134.445
a 25 79 0 1 37194657717563.15
a 25 80 0 1 16601602866596.64
a 25 81 0 1 27640105109617.66
a 26 36 0 1 18237542072528.586
a 26 37 0 1 6159498360673.687
a 26 38 0 1 16196991228869.355
a 26 39 0 1 7881613831105.758
a 26 40 0 1 9479740897902.94
a 26 41 0 1 16625239259054.494
a 26 42 0 1 8066257101821.397
a 26 43 0 1 12520476404134.129
a 26 44 0 1 7843985118196.513
a 26 45 0 1 5452246155357.563
a 26 46 0 1 16042533735196.992
a 26 47 0 1 5490307851502.192
a 26 48 0 1 6833934585053.622
a 26 49 0 1 6748591834602.245
a 26 50 0 1 8331044202230.023
a 26 51 0 1 6222303590510.702
a 26 52 0 1 13507378518776.768
a 26 53 0 1 5972709577783.763
a 26 54 0 1 14224705737079.27
a 26 55 0 1 5984710589022.434
a 26 56 0 1 19456298227912.465
a 26 57 0 1 5720228927855.994
a 26 58 0 1 4878823210787.824
a 26 59 0 1 19431031563443.64
a 26 60 0 1 4497572717586.617
a 26 61 0 1 11045893956017.953
a 26 62 0 1 14427212242299.135
a 26 63 0 1 10241981450991.197
a 26 64 0 1 15965310147368.318
a 26 65 0 1 10244985659629.062
a 26 66 0 1 18432616253080.816
a 26 67 0 1 6085117574143.546
a 26 68 0 1 17473405753894.861
a 26 69 0 1 10018316854713.455
a 26 70 0 1 18384070907646.832
a 26 71 0 1 7383260694776.9795
a 26 72 0 1 13933796283948.15
a 26 73 0 1 10078532835835.084
a 26 74 0 1 4456963562049.221
a 26 75 0 1 19007726719516.07
a 26 76 0 1 15965483320691.135
a 26 77 0 1 4525798701528.261
a 26 78 0 1 18403502837290.84
a 26 79 0 1 19443287560602.703
a 26 80 0 1 8688209404407.56
a 26 81 0 1 14456287229116.908
a 27 36 0 1 33009712737966.688
a 27 37 0 1 11136062136604.379
a 27 38 0 1 29310755897476.195
a 27 39 0 1 14251844806427.902
a 27 40 0 1 17144193116663.79
a 27 41 0 1 30086934565241.6
a 27 42 0 1 14585974858068.447
a 27 43 0 1 22649808519638.992
a 27 44 0 1 14183753381999.615
a 27 45 0 1 9856737044812.445
a 27 46 0 1 29030824480763.32
a 27 47 0 1 9925581296242.018
a 27 48 0 1 12356184491033.086
a 27 49 0 1 12201782476191.344
a 27 50 0 1 15065153079211.94
a 27 51 0 1 11249676584412.236
a 27 52 0 1 24437384869896.336
a 27 53 0 1 10798169716564.12
a 27 54 0 1 25736886935740.82
a 27 55 0 1 10819878647139.55
a 27 56 0 1 35219656139842.125
a 27 57 0 1 10341462378122.756
a 27 58 0 1 8819614951564.783
a 27 59 0 1 35173835539271.383
a 27 60 0 1 8130127070487.177
a 27 61 0 1 19979510345294.58
a 27 62 0 1 26103777017911.08
a 27 63 0 1 18524027396721.027
a 27 64 0 1 28890871154842.613
a 27 65 0 1 18529466107605.46
a 27 66 0 1 33363402504994.223
a 27 67 0 1 11001509265214.2
a 27 68 0 1 31624378545179.35
a 27 69 0 1 18119121647121.64
a 27 70 0 1 33275383540161.246
a 27 71 0 1 13350083484203.15
a 27 72 0 1 25209857585398.152
a 27 73 0 1 18228130518432.78
a 27 74 0 1 8056688683664.229
a 27 75 0 1 34406212752464.164
a 27 76 0 1 28891184996874.273
a 27 77 0 1 8181171815938.083
a 27 78 0 1 33310616035783.188
a 27 79 0 1 35196061522714.34
a 27 80 0 1 15711542987922.855
a 27 81 0 1 26156454610492.145
a 28 36 0 1 11135056392686.924
a 28 37 0 1 3762760428494.9688
a 28 38 0 1 9890088957446.695
a 28 39 0 1 4814407727987.409
a 28 40 0 1 5790193562281.07
a 28 41 0 1 10151387732991.58
a 28 42 0 1 4927154523513.902
a 28 43 0 1 7646422372555.017
a 28 44 0 1 4791430670349.67
a 28 45 0 1 3330814444696.6987
a 28 46 0 1 9795843084381.598
a 28 47 0 1 3354060876047.222
a 28 48 0 1 4174638931149.4385
a 28 49 0 1 4122521451534.085
a 28 50 0 1 5088835452723.271
a 28 51 0 1 3801116661764.668
a 28 52 0 1 8248771776976.179
a 28 53 0 1 3648684032450.4897
a 28 54 0 1 8686554391503.497
a 28 55 0 1 3656013395670.9653
a 28 56 0 1 11878527076615.08
a 28 57 0 1 3494484999803.493
a 28 58 0 1 2980583011518.1616
a 28 59 0 1 11863114627103.906
a 28 60 0 1 2747715422066.4478
a 28 61 0 1 6746321011614.72
a 28 62 0 1 8810138393785.133
a 28 63 0 1 6255553819001.592
a 28 64 0 1 9748722805792.184
a 28 65 0 1 6257387874306.355
a 28 66 0 1 11254061822560.32
a 28 67 0 1 3717334524514.9443
a 28 68 0 1 10668873288515.47
a 28 69 0 1 6119006242461.362
a 28 70 0 1 11224446823376.607
a 28 71 0 1 4510094230464.353
a 28 72 0 1 8509016635784.22
a 28 73 0 1 6155768460055.344
a 28 74 0 1 2722910903558.2705
a 28 75 0 1 11604897087227.9
a 28 76 0 1 9748828473032.232
a 28 77 0 1 2764956110093.284
a 28 78 0 1 11236301252006.068
a 28 79 0 1 11870590685054.34
a 28 80 0 1 5306917041838.248
a 28 81 0 1 8827881852922.549
a 29 36 0 1 25445155567523.918
a 29 37 0 1 8589057547901.7705
a 29 38 0 1 22596063550033.68
a 29 39 0 1 10991306170881.834
a 29 40 0 1 13220935014838.965
a 29 41 0 1 23193955200137.348
a 29 42 0 1 11248894881974.896
a 29 43 0 1 17464116463844.525
a 29 44 0 1 10938812334346.71
a 29 45 0 1 7602591754841.96
a 29 46 0 1 22380425916730.85
a 29 47 0 1 7655678078272.05
a 29 48 0 1 9529811139133.572
a 29 49 0 1 9410765562536.61
a 29 50 0 1 11618296712593.129
a 29 51 0 1 8676660497691.698
a 29 52 0 1 18841537443967.438
a 29 53 0 1 8328520921216.916
a 29 54 0 1 19842790020724.977
a 29 55 0 1 8345260032072.784
a 29 56 0 1 27147080754939.434
a 29 57 0 1 7976363032319.867
a 29 58 0 1 6802835750785.955
a 29 59 0 1 27111795341088.523
a 29 60 0 1 6271126743539.62
a 29 61 0 1 15406269928011.03
a 29 62 0 1 20125462495126.188
a 29 63 0 1 14284490030971.855
a 29 64 0 1 22272615441582.78
a 29 65 0 1 14288681952323.592
a 29 66 0 1 25717553084055.8
a 29 67 0 1 8485309250331.131
a 29 68 0 1 24378178253590.992
a 29 69 0 1 13972402943600.309
a 29 70 0 1 25649764923045.707
a 29 71 0 1 10296094511730.352
a 29 72 0 1 19436727777331.125
a 29 73 0 1 14056423797464.598
a 29 74 0 1 6214492482573.084
a 29 75 0 1 26520653571141.812
a 29 76 0 1 22272857204923.64
a 29 77 0 1 6310491333089.353
a 29 78 0 1 25676899409648.996
a 29 79 0 1 27128911081695.348
a 29 80 0 1 12116588404770.822
a 29 81 0 1 20166047784988.04
a 30 36 0 1 25172279279727.008
a 30 37 0 1 8497124450537.86
a 30 38 0 1 22353819889149.492
a 30 39 0 1 10873628366778.973
a 30 40 0 1 13079349847470.982
a 30 41 0 1 22945284826388.543
a 30 42 0 1 11128455683832.648
a 30 43 0 1 17276999908318.785
a 30 44 0 1 10821697253071.553
a 30 45 0 1 7521226452999.784
a 30 46 0 1 22140499921183.727
a 30 47 0 1 7573744134539.741
a 30 48 0 1 9427797738814.566
a 30 49 0 1 9310027871182.352
a 30 50 0 1 11493897182276.777
a 30 51 0 1 8583788813989.883
a 30 52 0 1 18639631031274.83
a 30 53 0 1 8239379127378.278
a 30 54 0 1 19630129891393.543
a 30 55 0 1 8255938905897.358
a 30 56 0 1 26855896364862.312
a 30 57 0 1 7890993878725.42
a 30 58 0 1 6730036319865.171
a 30 59 0 1 26820990598483.926
a 30 60 0 1 6204021374378.61
a 30 61 0 1 15241240556679.992
a 30 62 0 1 19909765944921.215
a 30 63 0 1 14131496536723.889
a 30 64 0 1 22033848146364.043
a 30 65 0 1 14135643487552.781
a 30 66 0 1 25441747014316.035
a 30 67 0 1 8394487697872.033
a 30 68 0 1 24116776130831.29
a 30 69 0 1 13822757368533.934
a 30 70 0 1 25374687968463.35
a 30 71 0 1 10185868684099.402
a 30 72 0 1 19228429159185.21
a 30 73 0 1 13905876910767.084
a 30 74 0 1 6147993568008.307
a 30 75 0 1 26236208665181.016
a 30 76 0 1 22034087311368.945
a 30 77 0 1 6242964432918.437
a 30 78 0 1 25401530603605.695
a 30 79 0 1 26837922185540.676
a 30 80 0 1 11986846194779.164
a 30 81 0 1 19949915258275.293
a 31 36 0 1 29132189896284.188
a 31 37 0 1 9830858469881.016
a 31 38 0 1 25869030137128.63
a 31 39 0 1 12580926171967.752
a 31 40 0 1 15133577800860.521
a 31 41 0 1 26553789519220.516
a 31 42 0 1 12875823961065.389
a 31 43 0 1 19992025019681.21
a 31 44 0 1 12520829453337.639
a 31 45 0 1 8701627098646.79
a 31 46 0 1 25622065853123.934
a 31 47 0 1 8762395358402.61
a 31 48 0 1 10907796558274.188
a 31 49 0 1 10771515950171.729
a 31 50 0 1 13298734272941.873
a 31 51 0 1 9931141490609.773
a 31 52 0 1 21569321524068.14
a 31 53 0 1 9532612253023.379
a 31 54 0 1 22715909953328.02
a 31 55 0 1 9551774074024.025
a 31 56 0 1 31081609845440.72
a 31 57 0 1 9129487797293.035
a 31 58 0 1 7786154204877.313
a 31 59 0 1 31041192082259.414
a 31 60 0 1 7177525590959.639
a 31 61 0 1 17635702613286.03
a 31 62 0 1 23039620424247.855
a 31 63 0 1 16351284779313.91
a 31 64 0 1 25498593932377.645
a 31 65 0 1 16356084364440.682
a 31 66 0 1 29444192120855.39
a 31 67 0 1 9712093525035.168
a 31 68 0 1 27910108883537.78
a 31 69 0 1 15993959221195.008
a 31 70 0 1 29366547765860.26
a 31 71 0 1 11785032891984.791
a 31 72 0 1 22250901511258.957
a 31 73 0 1 16090158921364.314
a 31 74 0 1 7112698978037.492
a 31 75 0 1 30364074405651.53
a 31 76 0 1 25498870815772.297
a 31 77 0 1 7222584483686.384
a 31 78 0 1 29397627503757.246
a 31 79 0 1 31060797343032.688
a 31 80 0 1 13869212616677.158
a 31 81 0 1 23086098081144.207
a 32 36 0 1 17502902159422.838
a 32 37 0 1 5911714100531.735
a 32 38 0 1 15544695428379.97
a 32 39 0 1 7564491966883.1045
a 32 40 0 1 9098249969384.701
a 32 41 0 1 15955665073768.7
a 32 42 0 1 7741699371790.905
a 32 43 0 1 12016448505235.35
a 32 44 0 1 7528378582351.918
a 32 45 0 1 5232930376050.448
a 32 46 0 1 15396469380065.172
a 32 47 0 1 5269460117200.853
a 32 48 0 1 6558998615688.574
a 32 49 0 1 6477091849683.7
a 32 50 0 1 7995822562732.386
a 32 51 0 1 5971991064487.515
a 32 52 0 1 12963562278957.773
a 32 53 0 1 5732444415719.417
a 32 54 0 1 13651963999825.137
a 32 55 0 1 5743962341000.864
a 32 56 0 1 18672459080812.984
a 32 57 0 1 5490126767007.431
a 32 58 0 1 4682585719660.504
a 32 59 0 1 18648212525618.285
a 32 60 0 1 4316677620300.9316
a 32 61 0 1 10601299747729.93
a 32 62 0 1 13846303804302.803
a 32 63 0 1 9829781131603.043
a 32 64 0 1 15322361227032.844
a 32 65 0 1 9832664295490.617
a 32 66 0 1 17690102398345.406
a 32 67 0 1 5840327516153.178
a 32 68 0 1 16769606043016.066
a 32 69 0 1 9615128142255.107
a 32 70 0 1 17643516560844.547
a 32 71 0 1 7086206756069.979
a 32 72 0 1 13372785730000.35
a 32 73 0 1 9672918022143.455
a 32 74 0 1 4277702594099.866
a 32 75 0 1 18241997226623.664
a 32 76 0 1 15322527414075.314
a 32 77 0 1 4343767770249.1104
a 32 78 0 1 17662164133152.65
a 32 79 0 1 18659973703273.445
a 32 80 0 1 8338602475265.074
a 32 81 0 1 13874206222408.83
a 33 36 0 1 8309528335700.194
a 33 37 0 1 2808562159295.0386
a 33 38 0 1 7380740701700.585
a 33 39 0 1 3593411915492.0127
a 33 40 0 1 4321602746330.4663
a 33 41 0 1 7575683994742.224
a 33 42 0 1 3677552563686.2715
a 33 43 0 1 5706719147423.658
a 33 44 0 1 3576264535125.211
a 33 45 0 1 2486184694984.7695
a 33 46 0 1 7310427353343.199
a 33 47 0 1 2503534584370.734
a 33 48 0 1 3115954935433.6987
a 33 49 0 1 3077059075832.2993
a 33 50 0 1 3798210796746.939
a 33 51 0 1 2837188459463.3794
a 33 52 0 1 6156159482483.573
a 33 53 0 1 2723423463065.047
a 33 54 0 1 6482799107475.679
a 33 55 0 1 2728893607597.49
a 33 56 0 1 8864150254923.895
a 33 57 0 1 2608339116842.8145
a 33 58 0 1 2224787889310.695
a 33 59 0 1 8852652961876.18
a 33 60 0 1 2050983156971.9453
a 33 61 0 1 5035083021939.132
a 33 62 0 1 6575006446147.279
a 33 63 0 1 4668868296946.183
a 33 64 0 1 7275272516866.203
a 33 65 0 1 4670236904433.609
a 33 66 0 1 8398306853354.506
a 33 67 0 1 2774659488628.6646
a 33 68 0 1 7961747959614.91
a 33 69 0 1 4566973446382.727
a 33 70 0 1 8376214005507.881
a 33 71 0 1 3366306153868.584
a 33 72 0 1 6350335133551.723
a 33 73 0 1 4594406313988.694
a 33 74 0 1 2032469738475.5532
a 33 75 0 1 8660027741493.686
a 33 76 0 1 7275351351706.577
a 33 77 0 1 2063851122162.0557
a 33 78 0 1 8385057437257.533
a 33 79 0 1 8858229911145.346
a 33 80 0 1 3960957556230.094
a 33 81 0 1 6588244975060.018
a 34 36 0 1 12812130658390.896
a 34 37 0 1 4328924334441.235
a 34 38 0 1 11379410293904.252
a 34 39 0 1 5538908722430.959
a 34 40 0 1 6661649327301.73
a 34 41 0 1 11680110274263.193
a 34 42 0 1 5668633408746.367
a 34 43 0 1 8797533803444.361
a 34 44 0 1 5512471744181.501
a 34 45 0 1 3831956902797.3394
a 34 46 0 1 11270953768606.678
a 34 47 0 1 3858702463330.9077
a 34 48 0 1 4802810428675.134
a 34 49 0 1 4742846379317.175
a 34 50 0 1 5854661823265.383
a 34 51 0 1 4373054746157.5933
a 34 52 0 1 9490661508101.016
a 34 53 0 1 4197675132011.395
a 34 54 0 1 9994430139936.29
a 34 55 0 1 4206107825631.913
a 34 56 0 1 13667753334978.543
a 34 57 0 1 4020264145567.248
a 34 58 0 1 3429010092104.273
a 34 59 0 1 13650015704783.467
a 34 60 0 1 3161094949417.341
a 34 61 0 1 7761807821550.937
a 34 62 0 1 10136643074357.057
a 34 63 0 1 7197106898457.275
a 34 64 0 1 11216728697741.406
a 34 65 0 1 7199217235001.404
a 34 66 0 1 12949086482431.049
a 34 67 0 1 4276660053945.4146
a 34 68 0 1 12275635454221.93
a 34 69 0 1 7039990235501.437
a 34 70 0 1 12915004399641.549
a 34 71 0 1 5188772938987.763
a 34 72 0 1 9790131583438.805
a 34 73 0 1 7082290121754.599
a 34 74 0 1 3132557373789.494
a 34 75 0 1 13352843898198.604
a 34 76 0 1 11216850297382.238
a 34 77 0 1 3180930359512.935
a 34 78 0 1 12928646928916.562
a 34 79 0 1 13658619628050.367
a 34 80 0 1 6105585909219.675
a 34 81 0 1 10157061215323.963
a 35 36 0 1 25613822967505.984
a 35 37 0 1 8645880344598.213
a 35 38 0 1 22745795780726.883
a 35 39 0 1 11064041825396.361
a 35 40 0 1 13308447997959.393
a 35 41 0 1 23347660003852.727
a 35 42 0 1 11323337369063.9
a 35 43 0 1 17579773118895.52
a 35 44 0 1 11011200167056.078
a 35 45 0 1 7652882618908.453
a 35 46 0 1 22528725520825.73
a 35 47 0 1 7706320418065.213
a 35 48 0 1 9592864574275.76
a 35 49 0 1 9473030480272.27
a 35 50 0 1 11695187105458.219
a 35 51 0 1 8734063433913.004
a 35 52 0 1 18966336046635.89
a 35 53 0 1 8383618416460.339
a 35 54 0 1 19974235772241.008
a 35 55 0 1 8400468372368.719
a 35 56 0 1 27327065179012.164
a 35 57 0 1 8029128665876.932
a 35 58 0 1 6847832086563.404
a 35 59 0 1 27291545087974.016
a 35 60 0 1 6312603613373.916
a 35 61 0 1 15508274085171.53
a 35 62 0 1 20258785141304.152
a 35 63 0 1 14379054636742.025
a 35 64 0 1 22420198814644.67
a 35 65 0 1 14383274354968.076
a 35 66 0 1 25888031502859.45
a 35 67 0 1 8541445002202.186
a 35 68 0 1 24539753018862.555
a 35 69 0 1 14064898157563.254
a 35 70 0 1 25819792645571.973
a 35 71 0 1 10364224068091.732
a 35 72 0 1 19565477563392.03
a 35 73 0 1 14149476123457.227
a 35 74 0 1 6255594506844.817
a 35 75 0 1 26696472021739.2
a 35 76 0 1 22420442184101.78
a 35 77 0 1 6352228748495.957
a 35 78 0 1 25847107537637.426
a 35 79 0 1 27308774662172.562
a 35 80 0 1 12196781146667.445
a 35 81 0 1 20299639920326.203
a 36 1 0 1 0
a 37 1 0 1 0
a 38 1 0 1 0
a 39 1 0 1 0
a 40 1 0 1 0
a 41 1 0 1 0
a 42 1 0 1 0
a 43 1 0 1 0
a 44 1 0 1 0
a 45 1 0 1 0
a 46 1 0 1 0
a 47 1 0 1 0
a 48 1 0 1 0
a 49 1 0 1 0
a 50 1 0 1 0
a 51 1 0 1 0
a 52 1 0 1 0
a 53 1 0 1 0
a 54 1 0 1 0
a 55 1 0 1 0
a 56 1 0 1 0
a 57 1 0 1 0
a 58 1 0 1 0
a 59 1 0 1 0
a 60 1 0 1 0
a 61 1 0 1 0
a 62 1 0 1 0
a 63 1 0 1 0
a 64 1 0 1 0
a 65 1 0 1 0
a 66 1 0 1 0
a 67 1 0 1 0
a 68 1 0 1 0
a 69 1 0 1 0
a 70 1 0 1 0
a 71 1 0 1 0
a 72 1 0 1 0
a 73 1 0 1 0
a 74 1 0 1 0
a 75 1 0 1 0
a 76 1 0 1 0
a 77 1 0 1 0
a 78 1 0 1 0
a 79 1 0 1 0
a 80 1 0 1 0
a 81 1 0 1 0
