p min 80 1574
n 0 34
n 1 -34
a 0 2 0 1 0
a 0 3 0 1 0
a 0 4 0 1 0
a 0 5 0 1 0
a 0 6 0 1 0
a 0 7 0 1 0
a 0 8 0 1 0
a 0 9 0 1 0
a 0 10 0 1 0
a 0 11 0 1 0
a 0 12 0 1 0
a 0 13 0 1 0
a 0 14 0 1 0
a 0 15 0 1 0
a 0 16 0 1 0
a 0 17 0 1 0
a 0 18 0 1 0
a 0 19 0 1 0
a 0 20 0 1 0
a 0 21 0 1 0
a 0 22 0 1 0
a 0 23 0 1 0
a 0 24 0 1 0
a 0 25 0 1 0
a 0 26 0 1 0
a 0 27 0 1 0
a 0 28 0 1 0
a 0 29 0 1 0
a 0 30 0 1 0
a 0 31 0 1 0
a 0 32 0 1 0
a 0 33 0 1 0
a 0 34 0 1 0
a 0 35 0 1 0
a 2 36 0 1 10703697296414.697
a 2 37 0 1 10487618377363.26
a 2 38 0 1 5979995981943.432
a 2 39 0 1 6585178745744.282
a 2 40 0 1 9691183148733.436
a 2 41 0 1 5639993010239.359
a 2 42 0 1 5936124940049.013
a 2 43 0 1 4579789948445.442
a 2 44 0 1 3298767714208.1357
a 2 45 0 1 9269694504662.135
a 2 46 0 1 13753725086027.818
a 2 47 0 1 4141531759865.3975
a 2 48 0 1 4125351412686.395
a 2 49 0 1 4523487422587.409
a 2 50 0 1 10063320189816.326
a 2 51 0 1 12806866099380.516
a 2 52 0 1 10971265205155.312
a 2 53 0 1 9346665988047.816
a 2 54 0 1 7703563611981.407
a 2 55 0 1 3565825137155.077
a 2 56 0 1 13955874011383.582
a 2 57 0 1 11767507135471.105
a 2 58 0 1 14656162097629.502
a 2 59 0 1 5313379449617.722
a 2 60 0 1 6885949324316.8545
a 2 61 0 1 7429462402565.624
a 2 62 0 1 8323011024044.068
a 2 63 0 1 3680010783433.256
a 2 64 0 1 9123018968065.65
a 2 65 0 1 8082239705897.906
a 2 66 0 1 15961188651099.684
a 2 67 0 1 10493929872720.076
a 2 68 0 1 15688236846167.348
a 2 69 0 1 9006644847221.078
a 2 70 0 1 12461796564959.752
a 2 71 0 1 4974838240746.855
a 2 72 0 1 4350109770624.318
a 2 73 0 1 8630209725701.732
a 2 74 0 1 8480951143970.557
a 2 75 0 1 10184028061251.97
a 2 76 0 1 7540867187289.736
a 2 77 0 1 3636044696295.9863
a 2 78 0 1 12378391830027.771
a 2 79 0 1 8302156946218.174
a 3 36 0 1 19553369434751.098
a 3 37 0 1 19158244921489.33
a 3 38 0 1 10919263236536.879
a 3 39 0 1 12024998256237.963
a 3 40 0 1 17702014519097.164
a 3 41 0 1 10298096570970.076
a 3 42 0 1 10839111004348.28
a 3 43 0 1 8361422229168.944
a 3 44 0 1 6021898456266.379
a 3 45 0 1 16931439249320.418
a 3 46 0 1 25132425868853.14
a 3 47 0 1 7560969567895.547
a 3 48 0 1 7531418398484.3125
a 3 49 0 1 8258585258320.989
a 3 50 0 1 18382415540070.16
a 3 51 0 1 23400100519224.99
a 3 52 0 1 20042669910923.11
a 3 53 0 1 17072155669596.504
a 3 54 0 1 14068745053009.541
a 3 55 0 1 6509576898656.507
a 3 56 0 1 25502307917181.535
a 3 57 0 1 21498902489955.223
a 3 58 0 1 26783770705178.453
a 3 59 0 1 9701429486929.361
a 3 60 0 1 12574586373618.771
a 3 61 0 1 13567809693302.459
a 3 62 0 1 15200916392785.732
a 3 63 0 1 6718100956092.715
a 3 64 0 1 16663298173632.11
a 3 65 0 1 14760839935317.848
a 3 66 0 1 29172306979989.773
a 3 67 0 1 19169785966947.754
a 3 68 0 1 28672685261217.9
a 3 69 0 1 16450557180127.89
a 3 70 0 1 22768856621528.22
a 3 71 0 1 9083011785802.2
a 3 72 0 1 7941916643300.243
a 3 73 0 1 15762436668559.318
a 3 74 0 1 15489606799171.443
a 3 75 0 1 18603123533086.285
a 3 76 0 1 13771405040334.56
a 3 77 0 1 6637810232934.664
a 3 78 0 1 22616288599894.51
a 3 79 0 1 15162798974517.047
a 4 36 0 1 23385333923793.32
a 4 37 0 1 22912570555898.266
a 4 38 0 1 13056617576567.057
a 4 39 0 1 14379149514510.562
a 4 40 0 1 21170275309329.64
a 4 41 0 1 12313690274985.5
a 4 42 0 1 12960752791914.379
a 4 43 0 1 9997524117950.508
a 4 44 0 1 7199839905804.452
a 4 45 0 1 20248373099433.344
a 4 46 0 1 30061533713115.004
a 4 47 0 1 9040281660928.115
a 4 48 0 1 9004942775902.209
a 4 49 0 1 9874541875381.424
a 4 50 0 1 21984321398668.26
a 4 51 0 1 27988359218734.188
a 4 52 0 1 23970789803635.715
a 4 53 0 1 20416721262893.125
a 4 54 0 1 16823779173230.432
a 4 55 0 1 7782998467055.661
a 4 56 0 1 30504214154377.434
a 4 57 0 1 25713272187071.035
a 4 58 0 1 32037945636737.668
a 4 59 0 1 11600084556043.213
a 4 60 0 1 15036517678866.207
a 4 61 0 1 16224563992599.844
a 4 62 0 1 18178124139381.836
a 4 63 0 1 8032352318136.1045
a 4 64 0 1 19927581536372.426
a 4 65 0 1 17651680275714.99
a 4 66 0 1 34896926893904.52
a 4 67 0 1 22926379206064.24
a 4 68 0 1 34298874299180.363
a 4 69 0 1 19673070832261.7
a 4 70 0 1 27232953375412.664
a 4 71 0 1 10860485670906.074
a 4 72 0 1 9495842973069.826
a 4 73 0 1 18849861036276.723
a 4 74 0 1 18523477300258.293
a 4 75 0 1 22248386463881.973
a 4 76 0 1 16468101608644.77
a 4 77 0 1 7936340092273.045
a 4 78 0 1 27050379365726.56
a 4 79 0 1 18132525555638.918
a 5 36 0 1 10249043946567.643
a 5 37 0 1 10042153873519.883
a 5 38 0 1 5726120215713.355
a 5 39 0 1 6305591791090.758
a 5 40 0 1 9279583604666.51
a 5 41 0 1 5400560764496.105
a 5 42 0 1 5684112901583.317
a 5 43 0 1 4385388783161.5825
a 5 44 0 1 3158762664967.747
a 5 45 0 1 8876014534263.525
a 5 46 0 1 13169321326362.852
a 5 47 0 1 3965742104617.652
a 5 48 0 1 3950248853802.443
a 5 49 0 1 4331477357288.8223
a 5 50 0 1 9635897869414.701
a 5 51 0 1 12262751751298.346
a 5 52 0 1 10505232811931.38
a 5 53 0 1 8949713702240.586
a 5 54 0 1 7376453049886.205
a 5 55 0 1 3414481281758.789
a 5 56 0 1 13362867605537.342
a 5 57 0 1 11267608446136.803
a 5 58 0 1 14033351279382.05
a 5 59 0 1 5087820914955.399
a 5 60 0 1 6593582856054.605
a 5 61 0 1 7114000326663.682
a 5 62 0 1 7969573196076.062
a 5 63 0 1 3523818595002.3096
a 5 64 0 1 8735574511973.081
a 5 65 0 1 7739035377969.728
a 5 66 0 1 15282823341773.012
a 5 67 0 1 10048196976116.293
a 5 68 0 1 15021492314745.762
a 5 69 0 1 8624147579122.88
a 5 70 0 1 11932363039400.3
a 5 71 0 1 4763659018828.419
a 5 72 0 1 4165462657487.5586
a 5 73 0 1 8263714246784.411
a 5 74 0 1 8120800094192.366
a 5 75 0 1 9751473122468.75
a 5 76 0 1 7220670824278.67
a 5 77 0 1 3481719326416.1167
a 5 78 0 1 11852506552451.896
a 5 79 0 1 7949605500322.247
a 6 36 0 1 23774362404141.547
a 6 37 0 1 23293713235484.73
a 6 38 0 1 13273559308933.15
a 6 39 0 1 14618102731303.941
a 6 40 0 1 21522363640723.508
a 6 41 0 1 12518270128338.727
a 6 42 0 1 13176099269104.068
a 6 43 0 1 10163578107275.502
a 6 44 0 1 7319386563101.372
a 6 45 0 1 20585092671555.297
a 6 46 0 1 30562015963828.36
a 6 47 0 1 9190419492609.955
a 6 48 0 1 9154493092978.994
a 6 49 0 1 10038550828067.643
a 6 50 0 1 22349983209539.848
a 6 51 0 1 28454212844142.215
a 6 52 0 1 24369585031217.33
a 6 53 0 1 20756247069960.484
a 6 54 0 1 17103437388005.293
a 6 55 0 1 7912236754131.108
a 6 56 0 1 31012092757886.406
a 6 57 0 1 26141143940456.684
a 6 58 0 1 32571455921301.34
a 6 59 0 1 11792792448597.441
a 6 60 0 1 15286414300669.094
a 6 61 0 1 16494242650213.775
a 6 62 0 1 18480343287742.277
a 6 63 0 1 8165735070980.836
a 6 64 0 1 20258954064979.82
a 6 65 0 1 17945128973205.8
a 6 66 0 1 35478240973909.12
a 6 67 0 1 23307752204710.48
a 6 68 0 1 34870185952446.887
a 6 69 0 1 20000201390910.055
a 6 70 0 1 27686193491304.35
a 6 71 0 1 11040891257864.947
a 6 72 0 1 9653555019468.688
a 6 73 0 1 19163272758351.94
a 6 74 0 1 18831450551246.88
a 6 75 0 1 22618451875633.367
a 6 76 0 1 16741836065342.55
a 6 77 0 1 8068127014440.173
a 6 78 0 1 27500571257673.33
a 6 79 0 1 18433984997837.84
a 7 36 0 1 4888403448133.064
a 7 37 0 1 4789784437090.245
a 7 38 0 1 2731885006645.7866
a 7 39 0 1 3008241198208.4097
a 7 40 0 1 4426266181502.353
a 7 41 0 1 2576613760208.974
a 7 42 0 1 2711850519472.8394
a 7 43 0 1 2092401905957.572
a 7 44 0 1 1507252693803.9048
a 7 45 0 1 4233870755865.8804
a 7 46 0 1 6280159957746.688
a 7 47 0 1 1892223555799.6257
a 7 48 0 1 1884832827354.5005
a 7 49 0 1 2066685837685.174
a 7 50 0 1 4596125820031.036
a 7 51 0 1 5848156131678.277
a 7 52 0 1 5010518478882.577
a 7 53 0 1 4269006413205.124
a 7 54 0 1 3518895627432.4316
a 7 55 0 1 1629247727159.494
a 7 56 0 1 6372383645633.747
a 7 57 0 1 5373890284602.142
a 7 58 0 1 6691848619401.577
a 7 59 0 1 2427450918780.759
a 7 60 0 1 3145580041970.886
a 7 61 0 1 3393747650475.7466
a 7 62 0 1 3801704509652.0205
a 7 63 0 1 1681407856077.8247
a 7 64 0 1 4166915913758.6953
a 7 65 0 1 3691782904126.2437
a 7 66 0 1 7287114967050.912
a 7 67 0 1 4792665058691.083
a 7 68 0 1 7162620546863.691
a 7 69 0 1 4113792268721.255
a 7 70 0 1 5690705637240.971
a 7 71 0 1 2272834345123.9585
a 7 72 0 1 1987494797580.9648
a 7 73 0 1 3941948027939.3975
a 7 74 0 1 3873808606575.9834
a 7 75 0 1 4651220478140.581
a 7 76 0 1 3444612896116.4575
a 7 77 0 1 1661324187270.3105
a 7 78 0 1 5652648180220.77
a 7 79 0 1 3792183931402.3125
a 8 36 0 1 23754549889120.363
a 8 37 0 1 23274302346721.992
a 8 38 0 1 13262511067662.781
a 8 39 0 1 14605933476858.955
a 8 40 0 1 21504432492876.16
a 8 41 0 1 12507851457384.293
a 8 42 0 1 13165132271671.146
a 8 43 0 1 10155121484766.922
a 8 44 0 1 7313298447906.633
a 8 45 0 1 20567944252385.44
a 8 46 0 1 30536526999988.11
a 8 47 0 1 9182773444695.691
a 8 48 0 1 9146876965827.125
a 8 49 0 1 10030198354895.916
a 8 50 0 1 22331360764168.605
a 8 51 0 1 28430487564640.78
a 8 52 0 1 24349275091797.43
a 8 53 0 1 20738955729847.96
a 8 54 0 1 17089195072477.467
a 8 55 0 1 7905655069370.446
a 8 56 0 1 30986227085719.695
a 8 57 0 1 26119353115494.195
a 8 58 0 1 32544284781049.637
a 8 59 0 1 11782978395623.164
a 8 60 0 1 15273687712373.002
a 8 61 0 1 16480508584336.389
a 8 62 0 1 18464951960569.273
a 8 63 0 1 8158942319010.251
a 8 64 0 1 20242077969342.996
a 8 65 0 1 17930184319274.92
a 8 66 0 1 35448635079965.94
a 8 67 0 1 23288329585736.29
a 8 68 0 1 34841089506462.418
a 8 69 0 1 19983541337471.395
a 8 70 0 1 27663110632175.633
a 8 71 0 1 11031703737914.88
a 8 72 0 1 9645523233955.97
a 8 73 0 1 19147311399583.215
a 8 74 0 1 18815766170979.363
a 8 75 0 1 22599605154358.16
a 8 76 0 1 16727895441489.7
a 8 77 0 1 8061415534131.672
a 8 78 0 1 27477643647787.56
a 8 79 0 1 18418632362029.53
a 9 36 0 1 24898479236392.83
a 9 37 0 1 24395039771048.766
a 9 38 0 1 13900374754245.986
a 9 39 0 1 15308523342022.871
a 9 40 0 1 22539723274140.355
a 9 41 0 1 13109364799840.254
a 9 42 0 1 13798305057261.277
a 9 43 0 1 10643351327229.027
a 9 44 0 1 7664780796161.521
a 9 45 0 1 21558037561136.145
a 9 46 0 1 32008256108300.805
a 9 47 0 1 9624203696553.613
a 9 48 0 1 9586579712650.977
a 9 49 0 1 10512414970658.2
a 9 50 0 1 23406569850003.55
a 9 51 0 1 29800366008513.668
a 9 52 0 1 25521928397917.523
a 9 53 0 1 21737301755705.73
a 9 54 0 1 17911483906855.652
a 9 55 0 1 8285633666864.104
a 9 56 0 1 32479710954260.098
a 9 57 0 1 27377521818920.92
a 9 58 0 1 34113159755445.08
a 9 59 0 1 12349582381807.518
a 9 60 0 1 16008457828969.045
a 9 61 0 1 17273450680333.266
a 9 62 0 1 19353586357880.348
a 9 63 0 1 8551106942420.1455
a 9 64 0 1 21216446479798.57
a 9 65 0 1 18793027051340.34
a 9 66 0 1 37158121120286.17
a 9 67 0 1 24409744369785.688
a 9 68 0 1 36521153711671.21
a 9 69 0 1 20945434946779.184
a 9 70 0 1 28995890649901.953
a 9 71 0 1 11562133330657.74
a 9 72 0 1 10109224491735.795
a 9 73 0 1 20068860599765.473
a 9 74 0 1 19721322029186.98
a 9 75 0 1 23687764911986.203
a 9 76 0 1 17532764335552.387
a 9 77 0 1 8448887910824.44
a 9 78 0 1 28801458394754.758
a 9 79 0 1 19305032648840.074
a 10 36 0 1 22677101235220.477
a 10 37 0 1 22218692319431.645
a 10 38 0 1 12661649547563.906
a 10 39 0 1 13944110089635.318
a 10 40 0 1 20529285075574.906
a 10 41 0 1 11941227010636.424
a 10 42 0 1 12568688910147.977
a 10 43 0 1 9695198235571.04
a 10 44 0 1 6982184222632.48
a 10 45 0 1 19635359218856.27
a 10 46 0 1 29150430591180.117
a 10 47 0 1 8766932088138.925
a 10 48 0 1 8732662814051.387
a 10 49 0 1 9575939086800.809
a 10 50 0 1 21318623061906.598
a 10 51 0 1 27140286256870.08
a 10 52 0 1 23244778894936.375
a 10 53 0 1 19798599062330.11
a 10 54 0 1 16314638754567.371
a 10 55 0 1 7547698210465.2
a 10 56 0 1 29579648559260.613
a 10 57 0 1 24934334511207.12
a 10 58 0 1 31066727031941.008
a 10 59 0 1 11249234331749.246
a 10 60 0 1 14581556252675.375
a 10 61 0 1 15733590574598.688
a 10 62 0 1 17627913745561.72
a 10 63 0 1 7789506684386.126
a 10 64 0 1 19324301153563.305
a 10 65 0 1 17117435559247.447
a 10 66 0 1 33838701207787.676
a 10 67 0 1 22232081720845.363
a 10 68 0 1 33258853679573.08
a 10 69 0 1 19077512349150.254
a 10 70 0 1 26407839561126.26
a 10 71 0 1 10532032110091.793
a 10 72 0 1 9208704055516.723
a 10 73 0 1 18279275878950.54
a 10 74 0 1 17962792221147.42
a 10 75 0 1 21574672202450.156
a 10 76 0 1 15969744912489.023
a 10 77 0 1 7696399811118.971
a 10 78 0 1 26230813965955.496
a 10 79 0 1 17583698122865.094
a 11 36 0 1 14320820966908.945
a 11 37 0 1 14031603990534.805
a 11 38 0 1 7999358500874.769
a 11 39 0 1 8809110524965.521
a 11 40 0 1 12965634657322.94
a 11 41 0 1 7544441433516.761
a 11 42 0 1 7940659261882.105
a 11 43 0 1 6125988554754.66
a 11 44 0 1 4412256270669.552
a 11 45 0 1 12401530214972.703
a 11 46 0 1 18403737234361.652
a 11 47 0 1 5539674123674.6875
a 11 48 0 1 5518027971644.998
a 11 49 0 1 6050664294555.447
a 11 50 0 1 13463704181829.074
a 11 51 0 1 17136121575026.979
a 11 52 0 1 14678961596445.643
a 11 53 0 1 12504544551427.557
a 11 54 0 1 10305642183689.234
a 11 55 0 1 4769507588716.488
a 11 56 0 1 18674377985503.97
a 11 57 0 1 15744778538061.777
a 11 58 0 1 19611969742584.637
a 11 59 0 1 7107450460774.732
a 11 60 0 1 9211564439466.764
a 11 61 0 1 9938850185673.777
a 11 62 0 1 11134592407276.18
a 11 63 0 1 4922259670690.172
a 11 64 0 1 12205229575015.535
a 11 65 0 1 10812385264219.047
a 11 66 0 1 21359361865281.656
a 11 67 0 1 14040051721994.914
a 11 68 0 1 20993872715784.46
a 11 69 0 1 12049483900838.984
a 11 70 0 1 16674180025098.064
a 11 71 0 1 6654512672283.973
a 11 72 0 1 5818713302959.895
a 11 73 0 1 11545703369151.322
a 11 74 0 1 11345955726365.766
a 11 75 0 1 13625263123667.291
a 11 76 0 1 10087926962228.463
a 11 77 0 1 4863443787055.866
a 11 78 0 1 16562528705605.69
a 11 79 0 1 11106684638063.406
a 12 36 0 1 16396091801749.96
a 12 37 0 1 16064886002421.602
a 12 38 0 1 9157602265690.63
a 12 39 0 1 10084736161383.963
a 12 40 0 1 14844185774992.99
a 12 41 0 1 8636751290189.96
a 12 42 0 1 9090394943250.61
a 12 43 0 1 7012764133897.482
a 12 44 0 1 5050813988132.625
a 12 45 0 1 14198216286622.736
a 12 46 0 1 21072111955032.445
a 12 47 0 1 6341515000685.0205
a 12 48 0 1 6316733394270.855
a 12 49 0 1 6926527513080.556
a 12 50 0 1 15414547222313.223
a 12 51 0 1 19620288041285.434
a 12 52 0 1 16806232100272.508
a 12 53 0 1 14316179558276.744
a 12 54 0 1 11798271416375.805
a 12 55 0 1 5459800519084.611
a 12 56 0 1 21382089845172.156
a 12 57 0 1 18026827723613.48
a 12 58 0 1 22455980566304.465
a 12 59 0 1 8136431993380.966
a 12 60 0 1 10545539226702.904
a 12 61 0 1 11378285062968.465
a 12 62 0 1 12747459879881.96
a 12 63 0 1 5634674822341.216
a 12 64 0 1 13973430584742.418
a 12 65 0 1 12378513853406.64
a 12 66 0 1 24457483369779.996
a 12 67 0 1 16074560138967.383
a 12 68 0 1 24038834073138.477
a 12 69 0 1 13795085803019.992
a 12 70 0 1 19091233055419.105
a 12 71 0 1 7617862582459.276
a 12 72 0 1 6660974726423.272
a 12 73 0 1 13218211744821.014
a 12 74 0 1 12989485400767.29
a 12 75 0 1 15599557553406.773
a 12 76 0 1 11548981219117.193
a 12 77 0 1 5567340861011.766
a 12 78 0 1 18963361638454.82
a 12 79 0 1 12715503694589.883
a 13 36 0 1 24995411374672.7
a 13 37 0 1 24490006440616.402
a 13 38 0 1 13954421434292.156
a 13 39 0 1 15368054802113.111
a 13 40 0 1 22627448611226.93
a 13 41 0 1 13160331255939.393
a 13 42 0 1 13851954242234.826
a 13 43 0 1 10684718643690.64
a 13 44 0 1 7694561100349.699
a 13 45 0 1 21641932618013.785
a 13 46 0 1 32132969833205.062
a 13 47 0 1 9661605503262.21
a 13 48 0 1 9623835142084.533
a 13 49 0 1 10553272760641.586
a 13 50 0 1 23497678117788.918
a 13 51 0 1 29916447472998.895
a 13 52 0 1 25621294849580.996
a 13 53 0 1 21821896189591.8
a 13 54 0 1 17981158676084.66
a 13 55 0 1 8317828508356.073
a 13 56 0 1 32606268512541.402
a 13 57 0 1 27484135678483.844
a 13 58 0 1 34246107194485.19
a 13 59 0 1 12397590745461.666
a 13 60 0 1 16070716218731.107
a 13 61 0 1 17340638574358.46
a 13 62 0 1 19428883390987.58
a 13 63 0 1 8584334332560.476
a 13 64 0 1 21299008941685.195
a 13 65 0 1 18866138432901.254
a 13 66 0 1 37302986572363.49
a 13 67 0 1 24504768444062.684
a 13 68 0 1 36663525372230.4
a 13 69 0 1 21026940229303.395
a 13 70 0 1 29108827925587.906
a 13 71 0 1 11607076434410.62
a 13 72 0 1 10148513400863.47
a 13 73 0 1 20146946937734.984
a 13 74 0 1 19798053037732.71
a 13 75 0 1 23779970709211.16
a 13 76 0 1 17600962917493.7
a 13 77 0 1 8481717716257.66
a 13 78 0 1 28913635844628.418
a 13 79 0 1 19380140357163.996
a 14 36 0 1 13273992212590.027
a 14 37 0 1 13005948197879.242
a 14 38 0 1 7415012864892.723
a 14 39 0 1 8165557637051.466
a 14 40 0 1 12018004936290.736
a 14 41 0 1 6993353824564.738
a 14 42 0 1 7360605184868.445
a 14 43 0 1 5678580314539.311
a 14 44 0 1 4090068476403.7534
a 14 45 0 1 11495184231845.889
a 14 46 0 1 17057867357014.498
a 14 47 0 1 5135112358771.14
a 14 48 0 1 5115047953834.713
a 14 49 0 1 5608760873731.386
a 14 50 0 1 12479619328106.994
a 14 51 0 1 15883122346401.076
a 14 52 0 1 13605912314860.28
a 14 53 0 1 11590659879874.611
a 14 54 0 1 9552639324162.4
a 14 55 0 1 4421219630410.145
a 14 56 0 1 17308676617941.453
a 14 57 0 1 14593685811285.244
a 14 58 0 1 18177556480086.016
a 14 59 0 1 6588307299339.531
a 14 60 0 1 8538581217226.864
a 14 61 0 1 9212676169577.945
a 14 62 0 1 10320948602026.455
a 14 63 0 1 4562811301795.697
a 14 64 0 1 11313248603115.75
a 14 65 0 1 10022313444180.24
a 14 66 0 1 19796853381108.914
a 14 67 0 1 13013777507358.049
a 14 68 0 1 19458160916655.887
a 14 69 0 1 11168899755340.186
a 14 70 0 1 15455018257379.648
a 14 71 0 1 6168476541225.734
a 14 72 0 1 5393760681842.46
a 14 73 0 1 10701981211986.682
a 14 74 0 1 10516848152501.8
a 14 75 0 1 12629352476713.854
a 14 76 0 1 9350849042553.258
a 14 77 0 1 4508292681950.852
a 14 78 0 1 15351544955107.418
a 14 79 0 1 10295082569616.371
a 15 36 0 1 17842803294395.703
a 15 37 0 1 17482314642379.1
a 15 38 0 1 9964891750754.973
a 15 39 0 1 10973860553148.977
a 15 40 0 1 16153709799265.062
a 15 41 0 1 9398075398445.426
a 15 42 0 1 9891753009099.527
a 15 43 0 1 7630809014729.73
a 15 44 0 1 5495839988401.699
a 15 45 0 1 15450652759216.713
a 15 46 0 1 22932503285563.984
a 15 47 0 1 6900354730848.716
a 15 48 0 1 6873387541272.141
a 15 49 0 1 7536965640934.469
a 15 50 0 1 16774484620850.115
a 15 51 0 1 21352186990962.418
a 15 52 0 1 18289208639371.87
a 15 53 0 1 15579040344946.797
a 15 54 0 1 12838693697264.43
a 15 55 0 1 5940886877553.585
a 15 56 0 1 23269921550152.008
a 15 57 0 1 19617752698102.277
a 15 58 0 1 24438893486978.305
a 15 59 0 1 8853608305127.479
a 15 60 0 1 11475344187019.514
a 15 61 0 1 12381618321218.033
a 15 62 0 1 13871719438280.654
a 15 63 0 1 6131180982725.312
a 15 64 0 1 15206003788968.824
a 15 65 0 1 13470183804541.271
a 15 66 0 1 26617675672491.33
a 15 67 0 1 17492844062564.191
a 15 68 0 1 26161937938042.47
a 15 69 0 1 15011900303322.406
a 15 70 0 1 20776320087555.152
a 15 71 0 1 8289286562264.31
a 15 72 0 1 7247990027577.043
a 15 73 0 1 14384057962329.53
a 15 74 0 1 14135125106808.281
a 15 75 0 1 16975849279476.1
a 15 76 0 1 12567388195359.76
a 15 77 0 1 6057909669165.863
a 15 78 0 1 20637135265323.797
a 15 79 0 1 13836940391572.225
a 16 36 0 1 10331983671206.24
a 16 37 0 1 10123417401553.16
a 16 38 0 1 5772434147163.64
a 16 39 0 1 6356596027955.944
a 16 40 0 1 9354669582150.84
a 16 41 0 1 5444239859420.356
a 16 42 0 1 5730086845828.117
a 16 43 0 1 4420853108012.931
a 16 44 0 1 3184303715414.002
a 16 45 0 1 8947831657673.674
a 16 46 0 1 13275929349734.299
a 16 47 0 1 3997811214653.8096
a 16 48 0 1 3982192619683.85
a 16 49 0 1 4366505485094.483
a 16 50 0 1 9713870198079.322
a 16 51 0 1 12362010481511.863
a 16 52 0 1 10590248257172.14
a 16 53 0 1 9022127755941.154
a 16 54 0 1 7436126613625.778
a 16 55 0 1 3442090835420.5283
a 16 56 0 1 13471044852070.312
a 16 57 0 1 11358801622388.807
a 16 58 0 1 14146965179259.803
a 16 59 0 1 5128969113192.457
a 16 60 0 1 6646918358349.16
a 16 61 0 1 7171548963470.893
a 16 62 0 1 8034049385274.672
a 16 63 0 1 3552312613664.0166
a 16 64 0 1 8806254162301.773
a 16 65 0 1 7801644772735.049
a 16 66 0 1 15406570911757.742
a 16 67 0 1 10129509463442.812
a 16 68 0 1 15143120152547.3
a 16 69 0 1 8693924769955.506
a 16 70 0 1 12028943789902.07
a 16 71 0 1 4802184079567.717
a 16 72 0 1 4199147595567.8276
a 16 73 0 1 8330572406625.685
a 16 74 0 1 8186500906937.601
a 16 75 0 1 9830381728661.469
a 16 76 0 1 7279083094400.142
a 16 77 0 1 3509872787778.1924
a 16 78 0 1 11948440053631.576
a 16 79 0 1 8013919995901.849
a 17 36 0 1 13781473898988.523
a 17 37 0 1 13503166279516.295
a 17 38 0 1 7698299737451.047
a 17 39 0 1 8477546695346.905
a 17 40 0 1 12477399614410.682
a 17 41 0 1 7260517954155.53
a 17 42 0 1 7641811609803.155
a 17 43 0 1 5895482611409.92
a 17 44 0 1 4246265402101.425
a 17 45 0 1 11934566336009.324
a 17 46 0 1 17710306638008.742
a 17 47 0 1 5331243299505.545
a 17 48 0 1 5310412084264.636
a 17 49 0 1 5822994519098.727
a 17 50 0 1 12956685799328.51
a 17 51 0 1 16490543935304.54
a 17 52 0 1 14126104380475.217
a 17 53 0 1 12033696422063.537
a 17 54 0 1 9917686443480.137
a 17 55 0 1 4590069677163.686
a 17 56 0 1 17970728860228.316
a 17 57 0 1 15151709139346.63
a 17 58 0 1 18872915413385.6
a 17 59 0 1 6839985419851.762
a 17 60 0 1 8864837285951.162
a 17 61 0 1 9564717534626.932
a 17 62 0 1 10715392335053.06
a 17 63 0 1 4737071801675.029
a 17 64 0 1 11745667146971.795
a 17 65 0 1 10405330326724.45
a 17 66 0 1 20554303138149.88
a 17 67 0 1 13511295369755.299
a 17 68 0 1 20202621756331.6
a 17 69 0 1 11595793583068.434
a 17 70 0 1 16046037507468.713
a 17 71 0 1 6404104994544.665
a 17 72 0 1 5599776830109.301
a 17 73 0 1 11111005801618.95
a 17 74 0 1 10918788146921.889
a 17 75 0 1 13112151539132.117
a 17 76 0 1 9708176271857.34
a 17 77 0 1 4680469913060.097
a 17 78 0 1 15938599990979.873
a 17 79 0 1 10688536543352.236
a 18 36 0 1 7157800136249.023
a 18 37 0 1 7013361169172.194
a 18 38 0 1 3999676609849.6455
a 18 39 0 1 4404347044756.05
a 18 40 0 1 6480959729380.4375
a 18 41 0 1 3772317009972.2656
a 18 42 0 1 3970340425472.3833
a 18 43 0 1 3063322567994.611
a 18 44 0 1 2206582222679.0063
a 18 45 0 1 6199189682038.513
a 18 46 0 1 9196351323177.63
a 18 47 0 1 2770227416661.037
a 18 48 0 1 2759406253220.4766
a 18 49 0 1 3025669519161.4775
a 18 50 0 1 6729730122618.494
a 18 51 0 1 8563548723822.38
a 18 52 0 1 7336653858095.042
a 18 53 0 1 6250646688015.531
a 18 54 0 1 5152133599650.759
a 18 55 0 1 2385195605668.2593
a 18 56 0 1 9331445095791.205
a 18 57 0 1 7868874071936.488
a 18 58 0 1 9799423339152.523
a 18 59 0 1 3553905340826.5425
a 18 60 0 1 4605457786701.22
a 18 61 0 1 4968866995076.423
a 18 62 0 1 5566287750593.542
a 18 63 0 1 2461564155458.1216
a 18 64 0 1 6101133258424.789
a 18 65 0 1 5405313633763.734
a 18 66 0 1 10671460533660.084
a 18 67 0 1 7017580151632.983
a 18 68 0 1 10489077468924.857
a 18 69 0 1 6023333340944.83
a 18 70 0 1 8332921276849.732
a 18 71 0 1 3327511720850.332
a 18 72 0 1 2909719936511.7837
a 18 73 0 1 5771669380376.623
a 18 74 0 1 5671881243703.846
a 18 75 0 1 6810420772795.109
a 18 76 0 1 5043353727209.665
a 18 77 0 1 2432159257082.768
a 18 78 0 1 8277176756230.661
a 18 79 0 1 5552345315021.279
a 19 36 0 1 5386637245638.755
a 19 37 0 1 5277960720241.728
a 19 38 0 1 3010246861754.4272
a 19 39 0 1 3314772754377.8496
a 19 40 0 1 4877371765194.353
a 19 41 0 1 2839149282398.16
a 19 42 0 1 2988170284298.6167
a 19 43 0 1 2305587168431.919
a 19 44 0 1 1660808378692.4995
a 19 45 0 1 4665357710005.336
a 19 46 0 1 6920356831261.516
a 19 47 0 1 2085008665329.1074
a 19 48 0 1 2076864768419.8901
a 19 49 0 1 2277250320557.566
a 19 50 0 1 5064552847156.498
a 19 51 0 1 6444282034789.133
a 19 52 0 1 5521206346418.525
a 19 53 0 1 4704076091260.839
a 19 54 0 1 3877484707164.9917
a 19 55 0 1 1795234574455.4214
a 19 56 0 1 7021989365802.168
a 19 57 0 1 5921639410198.965
a 19 58 0 1 7374048503015.062
a 19 59 0 1 2674783306652.224
a 19 60 0 1 3466111636290.187
a 19 61 0 1 3739578175659.829
a 19 62 0 1 4189126810602.6626
a 19 63 0 1 1852709881719.736
a 19 64 0 1 4591575683627.497
a 19 65 0 1 4067998119003.0415
a 19 66 0 1 8030055345375.456
a 19 67 0 1 5281135114218.904
a 19 68 0 1 7892856856870.305
a 19 69 0 1 4533035262486.91
a 19 70 0 1 6270770392888.965
a 19 71 0 1 2504408344877.269
a 19 72 0 1 2189988859331.654
a 19 73 0 1 4343669347332.148
a 19 74 0 1 4268582469376.944
a 19 75 0 1 5125265945576.744
a 19 76 0 1 3795628969729.7593
a 19 77 0 1 1830579655165.08
a 19 78 0 1 6228830882212.528
a 19 79 0 1 4178635546940.343
a 20 36 0 1 10170111087948.021
a 20 37 0 1 9964816204352.102
a 20 38 0 1 5682043374314.873
a 20 39 0 1 6257051250063.867
a 20 40 0 1 9208124948034.76
a 20 41 0 1 5358991465175.575
a 20 42 0 1 5640359621732.701
a 20 43 0 1 4351637400293.5044
a 20 44 0 1 3134455203927.593
a 20 45 0 1 8807666766766.152
a 20 46 0 1 13067864137758.69
a 20 47 0 1 3935221922960.4736
a 20 48 0 1 3919847961359.388
a 20 49 0 1 4298141099696.5913
a 20 50 0 1 9561692346173.916
a 20 51 0 1 12168288614068.53
a 20 52 0 1 10424324549706.484
a 20 53 0 1 8880797850324.209
a 20 54 0 1 7319662053597.672
a 20 55 0 1 3388205234913.1914
a 20 56 0 1 13259917048092.943
a 20 57 0 1 11180821025865.148
a 20 58 0 1 13925226877879.686
a 20 59 0 1 5048660242218.201
a 20 60 0 1 6542823685046.498
a 20 61 0 1 7059231585282.585
a 20 62 0 1 7908211634262.137
a 20 63 0 1 3496700807095.84
a 20 64 0 1 8668309251088.864
a 20 65 0 1 7679450407049.212
a 20 66 0 1 15165055168244.5
a 20 67 0 1 9970812713739.148
a 20 68 0 1 14905741394286.799
a 20 69 0 1 8557741168295.054
a 20 70 0 1 11840448442481.604
a 20 71 0 1 4726994760132.683
a 20 72 0 1 4133404703434.8364
a 20 73 0 1 8200085813357.459
a 20 74 0 1 8058273083472.927
a 20 75 0 1 9676376568613.469
a 20 76 0 1 7165080178306.369
a 20 77 0 1 3454925645205.0513
a 20 78 0 1 11761207920699.84
a 20 79 0 1 7888397819030.917
a 21 36 0 1 8701854939973.033
a 21 37 0 1 8526227523615.719
a 21 38 0 1 4862091013044.748
a 21 39 0 1 5354070704062.011
a 21 40 0 1 7878876479590.892
a 21 41 0 1 4585682014367.8955
a 21 42 0 1 4826425814673.369
a 21 43 0 1 3723752776982.2363
a 21 44 0 1 2682248360388.889
a 21 45 0 1 7536277024748.863
a 21 46 0 1 11180721407173.344
a 21 47 0 1 3367443927617.63
a 21 48 0 1 3354288994208.229
a 21 49 0 1 3677978564953.1357
a 21 50 0 1 8181356199512.446
a 21 51 0 1 10411210201781.982
a 21 52 0 1 8919329975760.588
a 21 53 0 1 7598842373508.471
a 21 54 0 1 6263221210699.494
a 21 55 0 1 2899377734785.538
a 21 56 0 1 11345003534793.553
a 21 57 0 1 9566488195969.975
a 21 58 0 1 11914101675943.234
a 21 59 0 1 4320154267089.8516
a 21 60 0 1 5598575567860.349
a 21 61 0 1 6040404603325.05
a 21 62 0 1 6766759718849.038
a 21 63 0 1 2992214901471.8076
a 21 64 0 1 7417052996296.904
a 21 65 0 1 6571042311745.845
a 21 66 0 1 12974602455641.125
a 21 67 0 1 8531357485572.958
a 21 68 0 1 12752799185495.393
a 21 69 0 1 7322458693404.473
a 21 70 0 1 10130764777119.402
a 21 71 0 1 4044925731516.9224
a 21 72 0 1 3537021040882.179
a 21 73 0 1 7016471453740.8955
a 21 74 0 1 6895144467770.657
a 21 75 0 1 8279468699269.821
a 21 76 0 1 6130965762193.281
a 21 77 0 1 2956468895526.579
a 21 78 0 1 10062979330817.703
a 21 79 0 1 6749808004110.433
a 22 36 0 1 19935405775448.9
a 22 37 0 1 19532543893256.414
a 22 38 0 1 11132389025244.105
a 22 39 0 1 12259736624537.05
a 22 40 0 1 18047803633336.598
a 22 41 0 1 10499083562655.727
a 22 42 0 1 11050670364077.957
a 22 43 0 1 8524574222525.618
a 22 44 0 1 6139368292963.685
a 22 45 0 1 17262146100931.107
a 22 46 0 1 25623788516505.93
a 22 47 0 1 7708488888362.248
a 22 48 0 1 7678360647024.505
a 22 49 0 1 8419728702707.077
a 22 50 0 1 18741524228991.227
a 22 51 0 1 23857501463712.574
a 22 52 0 1 20434288778744.7
a 22 53 0 1 17405616522250.197
a 22 54 0 1 14343445050557.152
a 22 55 0 1 6636567203166.291
a 22 56 0 1 26000923777704.73
a 22 57 0 1 21919046928716.26
a 22 58 0 1 27307520319523.895
a 22 59 0 1 9890758117421.531
a 22 60 0 1 12820069020457.514
a 22 61 0 1 13832713067062.86
a 22 62 0 1 15497762128058.852
a 22 63 0 1 6849162403881.404
a 22 64 0 1 16988757411915.018
a 22 65 0 1 15049076894504.203
a 22 66 0 1 29742923934055.83
a 22 67 0 1 19544310926479.742
a 22 68 0 1 29233496572585.848
a 22 69 0 1 16771853238805.004
a 22 70 0 1 23213885657603.27
a 22 71 0 1 9260258790029.332
a 22 72 0 1 8096875414053.828
a 22 73 0 1 16070268155518.22
a 22 74 0 1 15792100379568.787
a 22 75 0 1 18966553273078.97
a 22 76 0 1 14040289920625.162
a 22 77 0 1 6767304092015.084
a 22 78 0 1 23058327691934.723
a 22 79 0 1 15458899021633.877
a 23 36 0 1 18486882690413.67
a 23 37 0 1 18113354167866.555
a 23 38 0 1 10324260710902.863
a 23 39 0 1 11369664121578.03
a 23 40 0 1 16736699699473.568
a 23 41 0 1 9736980048747.615
a 23 42 0 1 10248481216194.625
a 23 43 0 1 7905926127871.098
a 23 44 0 1 5693933602207.838
a 23 45 0 1 16008222429320.752
a 23 46 0 1 23760810946935.832
a 23 47 0 1 7149114753809.881
a 23 48 0 1 7121174591046.545
a 23 49 0 1 7808696332569.645
a 23 50 0 1 17379923241664.156
a 23 51 0 1 22123269113057.523
a 23 52 0 1 18949437304498.996
a 23 53 0 1 16141251769639.908
a 23 54 0 1 13301860856402.957
a 23 55 0 1 6155033257827.268
a 23 56 0 1 24110450410644.496
a 23 57 0 1 20326053276481.754
a 23 58 0 1 25321769807535.33
a 23 59 0 1 9172858147754.553
a 23 60 0 1 11889259962747.95
a 23 61 0 1 12828271719101.227
a 23 62 0 1 14372215611339.484
a 23 63 0 1 6352191759574.455
a 23 64 0 1 15754728756986.877
a 23 65 0 1 13956169150042.78
a 23 66 0 1 27579512613791.35
a 23 67 0 1 18124264450371.137
a 23 68 0 1 27107255223430.875
a 23 69 0 1 15553608288398.38
a 23 70 0 1 21526554599353.406
a 23 71 0 1 8588167555138.352
a 23 72 0 1 7509293253672.235
a 23 73 0 1 14903071213002.875
a 23 74 0 1 14645141076135.248
a 23 75 0 1 17588570448100.393
a 23 76 0 1 13020753090354.875
a 23 77 0 1 6276277324862.61
a 23 78 0 1 21382331419470.363
a 23 79 0 1 14336179652947.572
a 24 36 0 1 18790089533005.26
a 24 37 0 1 18410421704519.1
a 24 38 0 1 10493429101227.57
a 24 39 0 1 11555984792181.213
a 24 40 0 1 17011145209500.406
a 24 41 0 1 9896514571358.898
a 24 42 0 1 10416406430347.787
a 24 43 0 1 8035432179810.893
a 24 44 0 1 5787181117641.503
a 24 45 0 1 16270700104743.902
a 24 46 0 1 24150757260077.14
a 24 47 0 1 7266213193482.181
a 24 48 0 1 7237815005264.344
a 24 49 0 1 7936608218835.06
a 24 50 0 1 17664937686428.805
a 24 51 0 1 22486271570869.785
a 24 52 0 1 19260247427627.824
a 24 53 0 1 16405914773656.924
a 24 54 0 1 13519894767554.602
a 24 55 0 1 6255837477579.292
a 24 56 0 1 24506150974379.8
a 24 57 0 1 20659496511653.82
a 24 58 0 1 25737409507076.582
a 24 59 0 1 9323139950279.926
a 24 60 0 1 12084107375922.662
a 24 61 0 1 13038531261535.186
a 24 62 0 1 14607823481537.92
a 24 63 0 1 6456227348612.601
a 24 64 0 1 16013042374212.79
a 24 65 0 1 14184945506419.951
a 24 66 0 1 28032331376254.887
a 24 67 0 1 18421511300558.984
a 24 68 0 1 27552295528543.99
a 24 69 0 1 15808618340782.463
a 24 70 0 1 21879741377371.023
a 24 71 0 1 8728860559283.686
a 24 72 0 1 7632296398150.086
a 24 73 0 1 15147396737562.758
a 24 74 0 1 14885230764078.1
a 24 75 0 1 17877013558639.246
a 24 76 0 1 13234172274362.373
a 24 77 0 1 6379068681210.54
a 24 78 0 1 21733145998089.68
a 24 79 0 1 14571195783717.387
a 25 36 0 1 18091729874535.562
a 25 37 0 1 17726201741803.35
a 25 38 0 1 10103785008001.322
a 25 39 0 1 11126835104292.912
a 25 40 0 1 16379027220076.47
a 25 41 0 1 9529059551324.295
a 25 42 0 1 10029625661919.01
a 25 43 0 1 7737140233065.993
a 25 44 0 1 5572402473567.171
a 25 45 0 1 15666146004495.1
a 25 46 0 1 23252627033796.223
a 25 47 0 1 6996499260919.757
a 25 48 0 1 6969156028554.816
a 25 49 0 1 7641988051507.167
a 25 50 0 1 17008477786338.357
a 25 51 0 1 21650195458561.69
a 25 52 0 1 18544376367557.582
a 25 53 0 1 15796327495261.05
a 25 54 0 1 13017702824023.012
a 25 55 0 1 6023653606667.168
a 25 56 0 1 23594768258198.38
a 25 57 0 1 19891498515757.773
a 25 58 0 1 24780105576132.113
a 25 59 0 1 8976996190801.824
a 25 60 0 1 11635318740182.293
a 25 61 0 1 12554245258171.83
a 25 62 0 1 14065155317511.72
a 25 63 0 1 6216600732553.092
a 25 64 0 1 15418078807276.568
a 25 65 0 1 13658011612250.023
a 25 66 0 1 26989402214607.633
a 25 67 0 1 17736878352869.066
a 25 68 0 1 26527280461958.266
a 25 69 0 1 15221263453329.857
a 25 70 0 1 21066271780144.773
a 25 71 0 1 8404802192694.077
a 25 72 0 1 7348982354728.946
a 25 73 0 1 14584650211724.643
a 25 74 0 1 14332240142690.768
a 25 75 0 1 17212656921291.916
a 25 76 0 1 12742608973743.533
a 25 77 0 1 6142307879373.189
a 25 78 0 1 20925139828833.496
a 25 79 0 1 14029890506364.18
a 26 36 0 1 18729902349079.266
a 26 37 0 1 18351453218897.63
a 26 38 0 1 10459849242005.25
a 26 39 0 1 11519000153504.75
a 26 40 0 1 16956667354023.426
a 26 41 0 1 9864847059256.88
a 26 42 0 1 10383073344932.506
a 26 43 0 1 8009725373308.222
a 26 44 0 1 5768671652022.062
a 26 45 0 1 16218597940364.371
a 26 46 0 1 24073351492705.38
a 26 47 0 1 7242969310753.604
a 26 48 0 1 7214662040950.501
a 26 49 0 1 7911217856171.472
a 26 50 0 1 17608361825988.01
a 26 51 0 1 22414214436343.066
a 26 52 0 1 19198550933538.816
a 26 53 0 1 16353378808079.168
a 26 54 0 1 13476614926433.414
a 26 55 0 1 6235828005668.693
a 26 56 0 1 24427602925540.8
a 26 57 0 1 20593307156732.582
a 26 58 0 1 25654903313049.754
a 26 59 0 1 9293309123327.688
a 26 60 0 1 12045430149074.498
a 26 61 0 1 12996794666458.742
a 26 62 0 1 14561055124856.89
a 26 63 0 1 6435576449052.348
a 26 64 0 1 15961766800574.188
a 26 65 0 1 14139533239497.303
a 26 66 0 1 27942444676571.29
a 26 67 0 1 18362507219874.184
a 26 68 0 1 27463952953422.434
a 26 69 0 1 15757998544296.17
a 26 70 0 1 21809632749790.977
a 26 71 0 1 8700933126448.258
a 26 72 0 1 7607880426158.832
a 26 73 0 1 15098897880281.453
a 26 74 0 1 14837572743165.352
a 26 75 0 1 17819757083994.742
a 26 76 0 1 13191808476941.44
a 26 77 0 1 6358664762211.267
a 26 78 0 1 21663508274400.082
a 26 79 0 1 14524544890348.648
a 27 36 0 1 13849897306419.19
a 27 37 0 1 13570205762263.47
a 27 38 0 1 7736493993220.699
a 27 39 0 1 8519610891504.285
a 27 40 0 1 12539339094367.717
a 27 41 0 1 7296538379355.593
a 27 42 0 1 7679725358158.414
a 27 43 0 1 5924726288942.661
a 27 44 0 1 4267324359818.678
a 27 45 0 1 11993807396410.49
a 27 46 0 1 17798276244507.69
a 27 47 0 1 5357686423909.364
a 27 48 0 1 5336751821727.223
a 27 49 0 1 5851878387769.967
a 27 50 0 1 13021008088563.492
a 27 51 0 1 16572443240601.275
a 27 52 0 1 14196241636087.463
a 27 53 0 1 12093430231972.39
a 27 54 0 1 9966904580056.785
a 27 55 0 1 4612834605842.615
a 27 56 0 1 18059994712365.89
a 27 57 0 1 15226947538469.412
a 27 58 0 1 18966672482509.895
a 27 59 0 1 6873917873980.366
a 27 60 0 1 8908825126194.44
a 27 61 0 1 9612182066261.266
a 27 62 0 1 10768574127377.94
a 27 63 0 1 4760566202367.531
a 27 64 0 1 11803969270625.914
a 27 65 0 1 10456971390298.318
a 27 66 0 1 20656432904458.3
a 27 67 0 1 13578375274309.973
a 27 68 0 1 20303000008276.965
a 27 69 0 1 11653350778798.137
a 27 70 0 1 16125725097028.54
a 27 71 0 1 6435873488768.737
a 27 72 0 1 5627552751915.969
a 27 73 0 1 11166153596856.4
a 27 74 0 1 10972980693173.848
a 27 75 0 1 13177246795387.049
a 27 76 0 1 9756353511739.047
a 27 77 0 1 4703683433964.915
a 27 78 0 1 16017753041426.916
a 27 79 0 1 10741584882222.582
a 28 36 0 1 3613911960560.495
a 28 37 0 1 3541015117483.499
a 28 38 0 1 2019765979294.4568
a 28 39 0 1 2224066100937.9697
a 28 40 0 1 3272307282295.4365
a 28 41 0 1 1904978084135.8464
a 28 42 0 1 2004955076887.495
a 28 43 0 1 1547006291332.3513
a 28 44 0 1 1114398882275.3018
a 28 45 0 1 3130088781598.676
a 28 46 0 1 4642619449157.589
a 28 47 0 1 1399013890350.1921
a 28 48 0 1 1393549870585.5833
a 28 49 0 1 1527994431378.1892
a 28 50 0 1 3397865986614.8315
a 28 51 0 1 4323315922677.197
a 28 52 0 1 3704175908004.8364
a 28 53 0 1 3156061145994.132
a 28 54 0 1 2601565503659.0195
a 28 55 0 1 1204592439430.0278
a 28 56 0 1 4710782931369.017
a 28 57 0 1 3972766065938.115
a 28 58 0 1 4946899880090.153
a 28 59 0 1 1794704962348.5054
a 28 60 0 1 2325594472289.544
a 28 61 0 1 2509051394120.9004
a 28 62 0 1 2810625946352.003
a 28 63 0 1 1243155345233.1821
a 28 64 0 1 3080595445786.422
a 28 65 0 1 2729369162430.555
a 28 66 0 1 5386849869345.607
a 28 67 0 1 3543144411037.6685
a 28 68 0 1 5294839722166.793
a 28 69 0 1 3041326054653.5396
a 28 70 0 1 4206938740028.372
a 28 71 0 1 1680398962530.5417
a 28 72 0 1 1469448401369.853
a 28 73 0 1 2914296663471.668
a 28 74 0 1 2863926796323.947
a 28 75 0 1 3438591183140.5474
a 28 76 0 1 2546652987973.6816
a 28 77 0 1 1228307147982.6194
a 28 78 0 1 4178808973598.8154
a 28 79 0 1 2803588119402.295
a 29 36 0 1 8942664856401.479
a 29 37 0 1 8762172327667.661
a 29 38 0 1 4996580475457.346
a 29 39 0 1 5502177354534.937
a 29 40 0 1 8096890547157.223
a 29 41 0 1 4712521626160.135
a 29 42 0 1 4959928184723.863
a 29 43 0 1 3826740987541.5396
a 29 44 0 1 2756422435258.5557
a 29 45 0 1 7744802668515.821
a 29 46 0 1 11490220783980.707
a 29 47 0 1 3460573741333.7793
a 29 48 0 1 3447054851527.607
a 29 49 0 1 3779700242481.1963
a 29 50 0 1 8407748198788.988
a 29 51 0 1 10699382088402.201
a 29 52 0 1 9166164519334.064
a 29 53 0 1 7809100731285.178
a 29 54 0 1 6436495822697.12
a 29 55 0 1 2979558298875.439
a 29 56 0 1 11659056597852.578
a 29 57 0 1 9831252548619.268
a 29 58 0 1 12243930765919.033
a 29 59 0 1 4439645647191.616
a 29 60 0 1 5753450300242.289
a 29 61 0 1 6207510495016.742
a 29 62 0 1 6953976088670.593
a 29 63 0 1 3074963731108.5254
a 29 64 0 1 7622276865115.597
a 29 65 0 1 6752839544746.491
a 29 66 0 1 13333835463645.453
a 29 67 0 1 8767444393509.178
a 29 68 0 1 13105881766720.494
a 29 69 0 1 7525062946010.39
a 29 70 0 1 10411164906823.115
a 29 71 0 1 4156800906997.5273
a 29 72 0 1 3634842631260.6836
a 29 73 0 1 7210602350975.737
a 29 74 0 1 7085915765128.343
a 29 75 0 1 8508578298203.852
a 29 76 0 1 6300578817621.305
a 29 77 0 1 3038228833979.431
a 29 78 0 1 10341501054746.795
a 29 79 0 1 6936554995116.799
a 30 36 0 1 4282170268334.1626
a 30 37 0 1 4195787358773.762
a 30 38 0 1 2393165187208.4053
a 30 39 0 1 2635246245749.275
a 30 40 0 1 3877370335968.3735
a 30 41 0 1 2257150650516.5845
a 30 42 0 1 2375615407121.6357
a 30 43 0 1 1832986783364.6255
a 30 44 0 1 1320395156881.5955
a 30 45 0 1 3708843820065.2495
a 30 46 0 1 5501219371725.474
a 30 47 0 1 1657631198774.226
a 30 48 0 1 1651156925473.6494
a 30 49 0 1 1810459647188.2634
a 30 50 0 1 4026156123689.1387
a 30 51 0 1 5122829436407.572
a 30 52 0 1 4389133604151.042
a 30 53 0 1 3739620556029.504
a 30 54 0 1 3082561628212.599
a 30 55 0 1 1427263703800.7073
a 30 56 0 1 5581997021831.808
a 30 57 0 1 4707417034819.618
a 30 58 0 1 5861811011673.3125
a 30 59 0 1 2126486387671.5244
a 30 60 0 1 2755550900734.4746
a 30 61 0 1 2972936990112.276
a 30 62 0 1 3330289490034.184
a 30 63 0 1 1472956246955.9958
a 30 64 0 1 3650195294385.953
a 30 65 0 1 3234003344926.2085
a 30 66 0 1 6383187964309.831
a 30 67 0 1 4198310572227.8794
a 30 68 0 1 6274147557467.176
a 30 69 0 1 3603662008582.1855
a 30 70 0 1 4984918194480.875
a 30 71 0 1 1991044155194.2827
a 30 72 0 1 1741088622141.0652
a 30 73 0 1 3453135762546.9575
a 30 74 0 1 3393449116004.9214
a 30 75 0 1 4074415238316.553
a 30 76 0 1 3017492964535.427
a 30 77 0 1 1455362857090.7795
a 30 78 0 1 4951583489234.842
a 30 79 0 1 3321949924213.909
a 31 36 0 1 15848601303616.76
a 31 37 0 1 15528474753818.836
a 31 38 0 1 8852062305263.898
a 31 39 0 1 9748227996068.586
a 31 40 0 1 14348601429488.973
a 31 41 0 1 8348606034962.611
a 31 42 0 1 8787099599104.732
a 31 43 0 1 6778841751351.723
a 31 44 0 1 4882372497942.236
a 31 45 0 1 13724232212345.4
a 31 46 0 1 20368115530223.53
a 31 47 0 1 6129999051826.398
a 31 48 0 1 6106044596441.948
a 31 49 0 1 6695483914029.886
a 31 50 0 1 14899888245843.115
a 31 51 0 1 18964901452467.92
a 31 52 0 1 16245020762716.686
a 31 53 0 1 13838251197160.725
a 31 54 0 1 11404510779292.086
a 31 55 0 1 5277711294327.335
a 31 56 0 1 20667712734071.01
a 31 57 0 1 17424775151937.365
a 31 58 0 1 21705634956117.86
a 31 59 0 1 7864993854271.994
a 31 60 0 1 10193636900889.002
a 31 61 0 1 10998558988745.402
a 31 62 0 1 12321975652413.914
a 31 63 0 1 5446749725318.725
a 31 64 0 1 13506962285988.24
a 31 65 0 1 11965361263777.205
a 31 66 0 1 23640077219089.17
a 31 67 0 1 15537825289937.809
a 31 68 0 1 23235457277296.156
a 31 69 0 1 13334580246576.74
a 31 70 0 1 18453556333289.93
a 31 71 0 1 7363739020484.843
a 31 72 0 1 6438795563897.703
a 31 73 0 1 12776991654744.193
a 31 74 0 1 12555911171556.195
a 31 75 0 1 15078710745598.379
a 31 76 0 1 11163551198907.654
a 31 77 0 1 5381662847139.422
a 31 78 0 1 18329965038944.543
a 31 79 0 1 12291087609488.617
a 32 36 0 1 5088590772871.686
a 32 37 0 1 4985930849289.292
a 32 38 0 1 2843730809133.589
a 32 39 0 1 3131405348558.7974
a 32 40 0 1 4607518263428.568
a 32 41 0 1 2682100656588.6367
a 32 42 0 1 2822875825631.8394
a 32 43 0 1 2178060135887.4285
a 32 44 0 1 1568951903342.1895
a 32 45 0 1 4407240399824.897
a 32 46 0 1 6537384672392.444
a 32 47 0 1 1969685075646.5464
a 32 48 0 1 1961991726306.2349
a 32 49 0 1 2151291048829.8416
a 32 50 0 1 4784337351170.899
a 32 51 0 1 6087674297230.681
a 32 52 0 1 5215709597595.736
a 32 53 0 1 4443815537435.934
a 32 54 0 1 3662975935313.5615
a 32 55 0 1 1695941763993.829
a 32 56 0 1 6633388571834.575
a 32 57 0 1 5593971818006.891
a 32 58 0 1 6965948931399.584
a 32 59 0 1 2526829292689.901
a 32 60 0 1 3274369273017.661
a 32 61 0 1 3532701721143.315
a 32 62 0 1 3957369633636.6157
a 32 63 0 1 1750237523078.134
a 32 64 0 1 4337542504010.7646
a 32 65 0 1 3842945171054.78
a 32 66 0 1 7585618884310.391
a 32 67 0 1 4988929502963.92
a 32 68 0 1 7456020389087.388
a 32 69 0 1 4282242482927.0146
a 32 70 0 1 5923770832249.805
a 32 71 0 1 2365881085621.5645
a 32 72 0 1 2068857343335.237
a 32 73 0 1 4103358295894.544
a 32 74 0 1 4032427485856.0815
a 32 75 0 1 4841689395530.656
a 32 76 0 1 3585650460261.8755
a 32 77 0 1 1729331550823.3508
a 32 78 0 1 5884153660248.748
a 32 79 0 1 3947459047266.31
a 33 36 0 1 4232315176440.871
a 33 37 0 1 4146938458617.109
a 33 38 0 1 2365308792754.9966
a 33 39 0 1 2604571187614.6616
a 33 40 0 1 3832230199753.3657
a 33 41 0 1 2230877869185.9297
a 33 42 0 1 2347963346979.7563
a 33 43 0 1 1811652214284.3635
a 33 44 0 1 1305027660068.8464
a 33 45 0 1 3665666488567.976
a 33 46 0 1 5437162635541.381
a 33 47 0 1 1638338020041.752
a 33 48 0 1 1631939115003.9556
a 33 49 0 1 1789387330823.5442
a 33 50 0 1 3979283037682.081
a 33 51 0 1 5063181278431.096
a 33 52 0 1 4338032571444.1206
a 33 53 0 1 3696084777818.868
a 33 54 0 1 3046677857998.0005
a 33 55 0 1 1410652209096.1375
a 33 56 0 1 5516999105237.524
a 33 57 0 1 4652608362457.55
a 33 58 0 1 5793552709919.441
a 33 59 0 1 2101734880223.758
a 33 60 0 1 2723475021126.7163
a 33 61 0 1 2938329780329.982
a 33 62 0 1 3291520853321.571
a 33 63 0 1 1455812861291.291
a 33 64 0 1 3607701016391.8535
a 33 65 0 1 3196356009059.575
a 33 66 0 1 6308854038319.459
a 33 67 0 1 4149432281856.444
a 33 68 0 1 6201084342847.572
a 33 69 0 1 3561709676752.531
a 33 70 0 1 4926876730342.318
a 33 71 0 1 1967869501948.6816
a 33 72 0 1 1720823889538.9402
a 33 73 0 1 3412936483203.931
a 33 74 0 1 3353944940168.9165
a 33 75 0 1 4026980052267.019
a 33 76 0 1 2982366911782.419
a 33 77 0 1 1438424270596.375
a 33 78 0 1 4893930373582.067
a 33 79 0 1 3283278406934.261
a 34 36 0 1 18584788561274.33
a 34 37 0 1 18209277695025.57
a 34 38 0 1 10378885967689.678
a 34 39 0 1 11429827848668.824
a 34 40 0 1 16825318698561.047
a 34 41 0 1 9788494523716.135
a 34 42 0 1 10302705050893.0
a 34 43 0 1 7947744361180.4375
a 34 44 0 1 5724043835043.416
a 34 45 0 1 16092977069966.307
a 34 46 0 1 23886724250558.383
a 34 47 0 1 7186926535833.114
a 34 48 0 1 7158838475273.266
a 34 49 0 1 7849999805939.845
a 34 50 0 1 17471954894899.621
a 34 51 0 1 22240482516921.082
a 34 52 0 1 19049798224725.52
a 34 53 0 1 16226712043319.494
a 34 54 0 1 13372264748015.045
a 34 55 0 1 6187583580755.492
a 34 56 0 1 24238221699143.594
a 34 57 0 1 20433722262759.957
a 34 58 0 1 25455979213038.824
a 34 59 0 1 9221384909307.822
a 34 60 0 1 11952176969007.898
a 34 61 0 1 12896165281752.992
a 34 62 0 1 14448294089886.148
a 34 63 0 1 6385785503710.207
a 34 64 0 1 15838138840809.074
a 34 65 0 1 14030041751899.37
a 34 66 0 1 27725726656493.832
a 34 67 0 1 18220245876781.64
a 34 68 0 1 27250957708899.63
a 34 69 0 1 15635951664450.625
a 34 70 0 1 21640598609901.83
a 34 71 0 1 8633598078680.145
a 34 72 0 1 7549011681684.343
a 34 73 0 1 14981964594327.883
a 34 74 0 1 14722666719809.615
a 34 75 0 1 17681709198503.53
a 34 76 0 1 13089666895664.447
a 34 77 0 1 6309469301679.808
a 34 78 0 1 21495609467780.785
a 34 79 0 1 14412067060582.332
a 35 36 0 1 17481600969065.625
a 35 37 0 1 17128424299893.094
a 35 38 0 1 9763345876528.516
a 35 39 0 1 10751882411467.297
a 35 40 0 1 15826763120951.453
a 35 41 0 1 9208005879995.682
a 35 42 0 1 9691688060677.115
a 35 43 0 1 7476511997726.983
a 35 44 0 1 5384739386921.71
a 35 45 0 1 15137960576774.436
a 35 46 0 1 22468000381818.457
a 35 47 0 1 6760839195644.218
a 35 48 0 1 6734417667822.655
a 35 49 0 1 7384567775957.755
a 35 50 0 1 16434949840797.752
a 35 51 0 1 20919770892113.336
a 35 52 0 1 17918950813139.87
a 35 53 0 1 15263745270304.186
a 35 54 0 1 12578939240830.867
a 35 55 0 1 5820783444808.463
a 35 56 0 1 22798566210528.43
a 35 57 0 1 19220539458128.883
a 35 58 0 1 23943794126278.195
a 35 59 0 1 8674561254253.917
a 35 60 0 1 11243208948723.832
a 35 61 0 1 12131124406514.502
a 35 62 0 1 13591031922366.525
a 35 63 0 1 6007227824156.5625
a 35 64 0 1 14898271339191.91
a 35 65 0 1 13197633518600.293
a 35 66 0 1 26078304429243.652
a 35 67 0 1 17138740154685.475
a 35 68 0 1 25631828882122.492
a 35 69 0 1 14708102690283.88
a 35 70 0 1 20355593569910.707
a 35 71 0 1 8121662497786.933
a 35 72 0 1 7101440044040.181
a 35 73 0 1 14092986695099.865
a 35 74 0 1 13849099202251.182
a 35 75 0 1 16632230838506.531
a 35 76 0 1 12313130619090.117
a 35 77 0 1 5935438838130.397
a 35 78 0 1 20219233846766.11
a 35 79 0 1 13556957711754.266
a 36 1 0 1 0
a 37 1 0 1 0
a 38 1 0 1 0
a 39 1 0 1 0
a 40 1 0 1 0
a 41 1 0 1 0
a 42 1 0 1 0
a 43 1 0 1 0
a 44 1 0 1 0
a 45 1 0 1 0
a 46 1 0 1 0
a 47 1 0 1 0
a 48 1 0 1 0
a 49 1 0 1 0
a 50 1 0 1 0
a 51 1 0 1 0
a 52 1 0 1 0
a 53 1 0 1 0
a 54 1 0 1 0
a 55 1 0 1 0
a 56 1 0 1 0
a 57 1 0 1 0
a 58 1 0 1 0
a 59 1 0 1 0
a 60 1 0 1 0
a 61 1 0 1 0
a 62 1 0 1 0
a 63 1 0 1 0
a 64 1 0 1 0
a 65 1 0 1 0
a 66 1 0 1 0
a 67 1 0 1 0
a 68 1 0 1 0
a 69 1 0 1 0
a 70 1 0 1 0
a 71 1 0 1 0
a 72 1 0 1 0
a 73 1 0 1 0
a 74 1 0 1 0
a 75 1 0 1 0
a 76 1 0 1 0
a 77 1 0 1 0
a 78 1 0 1 0
a 79 1 0 1 0
