p min 82 1644
n 0 34
n 1 -34
a 0 2 0 1 0
a 0 3 0 1 0
a 0 4 0 1 0
a 0 5 0 1 0
a 0 6 0 1 0
a 0 7 0 1 0
a 0 8 0 1 0
a 0 9 0 1 0
a 0 10 0 1 0
a 0 11 0 1 0
a 0 12 0 1 0
a 0 13 0 1 0
a 0 14 0 1 0
a 0 15 0 1 0
a 0 16 0 1 0
a 0 17 0 1 0
a 0 18 0 1 0
a 0 19 0 1 0
a 0 20 0 1 0
a 0 21 0 1 0
a 0 22 0 1 0
a 0 23 0 1 0
a 0 24 0 1 0
a 0 25 0 1 0
a 0 26 0 1 0
a 0 27 0 1 0
a 0 28 0 1 0
a 0 29 0 1 0
a 0 30 0 1 0
a 0 31 0 1 0
a 0 32 0 1 0
a 0 33 0 1 0
a 0 34 0 1 0
a 0 35 0 1 0
a 2 36 0 1 6062785378319.877
a 2 37 0 1 5498154644003.824
a 2 38 0 1 5331550150425.901
a 2 39 0 1 9411269402271.502
a 2 40 0 1 12238426063538.93
a 2 41 0 1 14210924524189.854
a 2 42 0 1 15984871030616.217
a 2 43 0 1 9591602473515.924
a 2 44 0 1 13493637281305.254
a 2 45 0 1 4191621879697.7534
a 2 46 0 1 8889298197309.816
a 2 47 0 1 7247141496481.898
a 2 48 0 1 15578341790549.455
a 2 49 0 1 7628847835849.933
a 2 50 0 1 12082988318893.59
a 2 51 0 1 12879237362292.385
a 2 52 0 1 14123460306835.627
a 2 53 0 1 15992475911186.645
a 2 54 0 1 6884268583907.461
a 2 55 0 1 5394489171092.4795
a 2 56 0 1 10110964666664.18
a 2 57 0 1 7615247431289.101
a 2 58 0 1 11580674703524.95
a 2 59 0 1 6067841609029.828
a 2 60 0 1 15685972869767.975
a 2 61 0 1 3724159186136.39
a 2 62 0 1 6009845405683.36
a 2 63 0 1 12019559509663.64
a 2 64 0 1 6133103536980.039
a 2 65 0 1 4814001306577.426
a 2 66 0 1 16564635880721.19
a 2 67 0 1 11776907724345.535
a 2 68 0 1 8275417573486.401
a 2 69 0 1 9403008453091.086
a 2 70 0 1 10650496604528.479
a 2 71 0 1 4541821435591.869
a 2 72 0 1 17749842759396.938
a 2 73 0 1 5795683903666.427
a 2 74 0 1 11440140408273.11
a 2 75 0 1 15889971151766.98
a 2 76 0 1 6990774478334.448
a 2 77 0 1 7072075911811.041
a 2 78 0 1 14125102245445.016
a 2 79 0 1 14174923945323.418
a 2 80 0 1 4171728299354.523
a 2 81 0 1 14543738561320.254
a 3 36 0 1 4831312977976.5205
a 3 37 0 1 4381427843465.885
a 3 38 0 1 4248678839984.168
a 3 39 0 1 7499065812507.455
a 3 40 0 1 9751149071212.791
a 3 41 0 1 11322243957799.418
a 3 42 0 1 12735068189905.242
a 3 43 0 1 7642726143896.905
a 3 44 0 1 10750941520401.11
a 3 45 0 1 3340366201134.797
a 3 46 0 1 7083236432315.85
a 3 47 0 1 5774942812686.9
a 3 48 0 1 12411306480038.678
a 3 49 0 1 6079054290667.736
a 3 50 0 1 9627336746387.023
a 3 51 0 1 10261571150400.484
a 3 52 0 1 11252581791594.82
a 3 53 0 1 12741124692102.568
a 3 54 0 1 5485831185844.68
a 3 55 0 1 4298828222858.7373
a 3 56 0 1 8056463468681.146
a 3 57 0 1 6068218726589.395
a 3 58 0 1 9227217876617.996
a 3 59 0 1 4835341615765.898
a 3 60 0 1 12497024954745.072
a 3 61 0 1 2967870625487.6006
a 3 62 0 1 4789132097401.203
a 3 63 0 1 9576812926632.69
a 3 64 0 1 4887340080952.873
a 3 65 0 1 3836293846981.841
a 3 66 0 1 13196784841639.982
a 3 67 0 1 9383528784792.398
a 3 68 0 1 6594174229856.509
a 3 69 0 1 7492484790354.623
a 3 70 0 1 8486257875904.568
a 3 71 0 1 3619415828344.235
a 3 72 0 1 14140628037299.434
a 3 73 0 1 4618493981328.099
a 3 74 0 1 9115273329777.086
a 3 75 0 1 12659490052881.664
a 3 76 0 1 5570688104281.609
a 3 77 0 1 5635463474931.638
a 3 78 0 1 11253889540453.344
a 3 79 0 1 11293570800251.049
a 3 80 0 1 3324514255747.5986
a 3 81 0 1 11587315996836.137
a 4 36 0 1 8208144277364.153
a 4 37 0 1 7443543738369.961
a 4 38 0 1 7217941269374.479
a 4 39 0 1 12743252317857.34
a 4 40 0 1 16573252170203.943
a 4 41 0 1 19245955231748.984
a 4 42 0 1 21649991819270.625
a 4 43 0 1 12987526362242.56
a 4 44 0 1 18273992922369.63
a 4 45 0 1 5674423862497.858
a 4 46 0 1 12036225252494.89
a 4 47 0 1 9812066739164.059
a 4 48 0 1 21099036186807.25
a 4 49 0 1 10329028210084.107
a 4 50 0 1 16362654889458.646
a 4 51 0 1 17441493715288.621
a 4 52 0 1 19127433520586.676
a 4 53 0 1 21660298636950.703
a 4 54 0 1 9320627122998.027
a 4 55 0 1 7303167892872.573
a 4 56 0 1 13691059699107.58
a 4 57 0 1 10310608314979.188
a 4 58 0 1 15682105649751.383
a 4 59 0 1 8214991383439.118
a 4 60 0 1 21244903245117.297
a 4 61 0 1 5041498480299.131
a 4 62 0 1 8136453571030.483
a 4 63 0 1 16276718134957.676
a 4 64 0 1 8303368803356.24
a 4 65 0 1 6517137599587.764
a 4 66 0 1 22435759644633.258
a 4 67 0 1 15947964585721.564
a 4 68 0 1 11204742420589.523
a 4 69 0 1 12732062357428.13
a 4 70 0 1 14421946776889.672
a 4 71 0 1 6148595549127.129
a 4 72 0 1 24042212132068.723
a 4 73 0 1 7846441669535.162
a 4 74 0 1 15491710658731.203
a 4 75 0 1 21521375513066.355
a 4 76 0 1 9464866791260.186
a 4 77 0 1 9574973200788.262
a 4 78 0 1 19129658484083.445
a 4 79 0 1 19197171176782.293
a 4 80 0 1 5647488276469.171
a 4 81 0 1 19696955287979.742
a 5 36 0 1 9386410151861.996
a 5 37 0 1 8511944842489.338
a 5 38 0 1 8253929981972.054
a 5 39 0 1 14573618781796.996
a 5 40 0 1 18954939123709.094
a 5 41 0 1 22012701855095.977
a 5 42 0 1 24763322685365.605
a 5 43 0 1 14853038962581.0
a 5 44 0 1 20900676350912.75
a 5 45 0 1 6488706496824.898
a 5 46 0 1 13764877443598.021
a 5 47 0 1 11220870692714.768
a 5 48 0 1 24132917698270.02
a 5 49 0 1 11812157821567.477
a 5 50 0 1 18714012350625.01
a 5 51 0 1 19948239583869.9
a 5 52 0 1 21877098827534.03
a 5 53 0 1 24775115885088.293
a 5 54 0 1 10658784181325.717
a 5 55 0 1 8351400920185.487
a 5 56 0 1 15657809274112.744
a 5 57 0 1 11791089449197.361
a 5 58 0 1 17935464264916.383
a 5 59 0 1 9394241212451.586
a 5 60 0 1 24299818074958.074
a 5 61 0 1 5764895713726.847
a 5 62 0 1 9304417331917.074
a 5 63 0 1 18615699765188.57
a 5 64 0 1 9495318954334.154
a 5 65 0 1 7452453866041.5205
a 5 66 0 1 25662420399846.625
a 5 67 0 1 18239604701188.434
a 5 68 0 1 12813800126060.936
a 5 69 0 1 14560818864626.232
a 5 70 0 1 16493889342756.27
a 5 71 0 1 7030977152440.621
a 5 72 0 1 27500641688842.785
a 5 73 0 1 8972732061322.309
a 5 74 0 1 17717655608418.32
a 5 75 0 1 24616158513530.566
a 5 76 0 1 10823758073118.68
a 5 77 0 1 10949692634481.71
a 5 78 0 1 21879644447246.227
a 5 79 0 1 21956886990967.83
a 5 80 0 1 6457902766260.078
a 5 81 0 1 22528704791623.02
a 6 36 0 1 12421511743042.875
a 6 37 0 1 11263920656538.0
a 6 38 0 1 10922382699080.646
a 6 39 0 1 19289736403405.79
a 6 40 0 1 25092981824276.24
a 6 41 0 1 29144245321483.867
a 6 42 0 1 32789365376120.758
a 6 43 0 1 19659783624925.984
a 6 44 0 1 27670803251338.4
a 6 45 0 1 8585907300539.497
a 6 46 0 1 18218731705733.34
a 6 47 0 1 14850161156943.838
a 6 48 0 1 31953886977200.516
a 6 49 0 1 15633039301340.236
a 6 50 0 1 24773814670045.062
a 6 51 0 1 26408914912733.67
a 6 52 0 1 28964563735742.582
a 6 53 0 1 32804995329585.28
a 6 54 0 1 14105977338022.213
a 6 55 0 1 11051405600700.205
a 6 56 0 1 20725616002625.152
a 6 57 0 1 15605143684590.596
a 6 58 0 1 23742474302603.707
a 6 59 0 1 12431878608360.559
a 6 60 0 1 32175076913510.25
a 6 61 0 1 7627949680224.24
a 6 62 0 1 12312968887913.617
a 6 63 0 1 24643576964436.05
a 6 64 0 1 12565687251438.895
a 6 65 0 1 9861499199633.77
a 6 66 0 1 33981011652104.02
a 6 67 0 1 24145361102193.117
a 6 68 0 1 16959316224865.887
a 6 69 0 1 19272785150679.67
a 6 70 0 1 21832982678781.02
a 6 71 0 1 9303631899978.193
a 6 72 0 1 36417603585043.82
a 6 73 0 1 11873887623169.037
a 6 74 0 1 23453954559436.926
a 6 75 0 1 32594324546075.465
a 6 76 0 1 14324394040668.148
a 6 77 0 1 14491126544727.086
a 6 78 0 1 28967936807253.06
a 6 79 0 1 29070287288092.625
a 6 80 0 1 8545137764126.169
a 6 81 0 1 29827994708446.184
a 7 36 0 1 10115005007681.816
a 7 37 0 1 9172589973088.066
a 7 38 0 1 8894529062299.895
a 7 39 0 1 15705585416018.53
a 7 40 0 1 20428014182203.383
a 7 41 0 1 23724059406292.023
a 7 42 0 1 26689182626738.02
a 7 43 0 1 16006748830066.926
a 7 44 0 1 22525356086347.043
a 7 45 0 1 6992193795267.896
a 7 46 0 1 14833919927890.8
a 7 47 0 1 12092058963460.713
a 7 48 0 1 26009603664331.535
a 7 49 0 1 12729320933074.506
a 7 50 0 1 20168320376036.047
a 7 51 0 1 21498699807248.242
a 7 52 0 1 23577885399435.137
a 7 53 0 1 26701895814002.164
a 7 54 0 1 11486274325385.186
a 7 55 0 1 8999572697693.96
a 7 56 0 1 16874151206663.27
a 7 57 0 1 12706614298087.062
a 7 58 0 1 19329134823015.87
a 7 59 0 1 10123444642062.98
a 7 60 0 1 26189522153274.52
a 7 61 0 1 6212179169820.938
a 7 62 0 1 10026640365600.395
a 7 63 0 1 20062350036968.453
a 7 64 0 1 10232377526323.393
a 7 65 0 1 8030791731513.859
a 7 66 0 1 27658426680888.746
a 7 67 0 1 19656961940137.324
a 7 68 0 1 13808860161417.771
a 7 69 0 1 15691789502452.004
a 7 70 0 1 17775313304185.84
a 7 71 0 1 7576578333428.39
a 7 72 0 1 29640112143364.2
a 7 73 0 1 9669180507949.479
a 7 74 0 1 19094364166858.32
a 7 75 0 1 26530538403944.406
a 7 76 0 1 11664073102076.469
a 7 77 0 1 11799798028057.998
a 7 78 0 1 23580629460504.71
a 7 79 0 1 23663893432708.184
a 7 80 0 1 6958997952124.022
a 7 81 0 1 24280290777104.938
a 8 36 0 1 3315960606989.861
a 8 37 0 1 3007231830628.616
a 8 38 0 1 2916132354753.5283
a 8 39 0 1 5146470760246.676
a 8 40 0 1 6691489594186.293
a 8 41 0 1 7769174315541.206
a 8 42 0 1 8738189504619.521
a 8 43 0 1 5245034981617.718
a 8 44 0 1 7377306417194.304
a 8 45 0 1 2292776135618.733
a 8 46 0 1 4861167730474.793
a 8 47 0 1 3963483711475.7593
a 8 48 0 1 8516139478482.93
a 8 49 0 1 4172156990262.568
a 8 50 0 1 6606555941428.222
a 8 51 0 1 7041624507371.332
a 8 52 0 1 7721392493332.217
a 8 53 0 1 8742343270761.131
a 8 54 0 1 3765098683152.1265
a 8 55 0 1 2950547649832.174
a 8 56 0 1 5528891181753.008
a 8 57 0 1 4164721990638.0586
a 8 58 0 1 6332074375270.196
a 8 59 0 1 3318725170488.1934
a 8 60 0 1 8574929486206.316
a 8 61 0 1 2037128283627.5518
a 8 62 0 1 3287014863160.577
a 8 63 0 1 6571897036390.939
a 8 64 0 1 3354407893882.0947
a 8 65 0 1 2633126113812.1626
a 8 66 0 1 9054846103397.895
a 8 67 0 1 6439304611772.457
a 8 68 0 1 4525608249809.491
a 8 69 0 1 5141955548286.689
a 8 70 0 1 5823754807883.865
a 8 71 0 1 2484286488531.39
a 8 72 0 1 9702123994849.96
a 8 73 0 1 3169917137830.116
a 8 74 0 1 6255278988573.22
a 8 75 0 1 8686355158104.963
a 8 76 0 1 3823326941144.8647
a 8 77 0 1 3867775133150.6646
a 8 78 0 1 7722289490673.9375
a 8 79 0 1 7749507202672.6045
a 8 80 0 1 2281896909512.1104
a 8 81 0 1 7950987090263.935
a 9 36 0 1 10842585446138.36
a 9 37 0 1 9832304976652.672
a 9 38 0 1 9534223287743.617
a 9 39 0 1 16836080957136.338
a 9 40 0 1 21899290344883.11
a 9 41 0 1 25433420820306.164
a 9 42 0 1 28612891211294.887
a 9 43 0 1 17158965112797.02
a 9 44 0 1 24148108411223.617
a 9 45 0 1 7494954048396.059
a 9 46 0 1 15901557633935.19
a 9 47 0 1 12962062832705.703
a 9 48 0 1 27884171987211.453
a 9 49 0 1 13645246829633.686
a 9 50 0 1 21620846149648.402
a 9 51 0 1 23047294214878.188
a 9 52 0 1 25276684030827.49
a 9 53 0 1 28626523765959.383
a 9 54 0 1 12312631166728.457
a 9 55 0 1 9646830051676.496
a 9 56 0 1 18088935981504.02
a 9 57 0 1 13620903797281.215
a 9 58 0 1 20721078014362.58
a 9 59 0 1 10851632908977.102
a 9 60 0 1 28077099554936.344
a 9 61 0 1 6658810963817.881
a 9 62 0 1 10747856795865.082
a 9 63 0 1 21507224894954.918
a 9 64 0 1 10968411330512.422
a 9 65 0 1 8608304412826.022
a 9 66 0 1 29652235438145.883
a 9 67 0 1 21072570171451.406
a 9 68 0 1 14802595716038.127
a 9 69 0 1 16821290082659.957
a 9 70 0 1 19055115959197.83
a 9 71 0 1 8121396935488.578
a 9 72 0 1 31777297702533.953
a 9 73 0 1 10364654149694.033
a 9 74 0 1 20469361014092.805
a 9 75 0 1 28442774708718.76
a 9 76 0 1 12503239740417.6
a 9 77 0 1 12648743563986.232
a 9 78 0 1 25279626378910.406
a 9 79 0 1 25368907104865.99
a 9 80 0 1 7459369271507.462
a 9 81 0 1 26029849902527.21
a 10 36 0 1 1869432503275.7163
a 10 37 0 1 1695407384016.648
a 10 38 0 1 1644055139656.2769
a 10 39 0 1 2901148817148.6826
a 10 40 0 1 3771808181238.7656
a 10 41 0 1 4379032255401.435
a 10 42 0 1 4924970052636.026
a 10 43 0 1 2956696424692.9785
a 10 44 0 1 4158240946822.5537
a 10 45 0 1 1292660256402.5786
a 10 46 0 1 2740358155192.5557
a 10 47 0 1 2234412645061.614
a 10 48 0 1 4799872993430.566
a 10 49 0 1 2352027486109.049
a 10 50 0 1 3723949311937.907
a 10 51 0 1 3969099762550.6675
a 10 52 0 1 4352110865197.6147
a 10 53 0 1 4927310147025.764
a 10 54 0 1 2122594299801.4937
a 10 55 0 1 1663454896435.8308
a 10 56 0 1 3116665525123.581
a 10 57 0 1 2347836928203.8076
a 10 58 0 1 3569280176085.3784
a 10 59 0 1 1870990815948.0354
a 10 60 0 1 4832993986756.645
a 10 61 0 1 1148541515592.5415
a 10 62 0 1 1853116512956.5176
a 10 63 0 1 3704419409223.18
a 10 64 0 1 1891104201909.574
a 10 65 0 1 1484523170863.106
a 10 66 0 1 5103361099266.37
a 10 67 0 1 3629704443003.357
a 10 68 0 1 2551238137129.5396
a 10 69 0 1 2898604176532.843
a 10 70 0 1 3282833103484.7114
a 10 71 0 1 1400619743719.0774
a 10 72 0 1 5467992645331.951
a 10 73 0 1 1787110975817.3318
a 10 74 0 1 3526005554962.954
a 10 75 0 1 4895768214903.912
a 10 76 0 1 2155414484649.6562
a 10 77 0 1 2180467446963.8352
a 10 78 0 1 4352616255558.5967
a 10 79 0 1 4367951362144.84
a 10 80 0 1 1286527284505.251
a 10 81 0 1 4481468620138.697
a 11 36 0 1 9469823190819.85
a 11 37 0 1 8587579194437.346
a 11 38 0 1 8327269499773.582
a 11 39 0 1 14703206430535.193
a 11 40 0 1 19123571033349.84
a 11 41 0 1 22208606659824.582
a 11 42 0 1 24983777473050.195
a 11 43 0 1 14985115485981.148
a 11 44 0 1 21086660500494.676
a 11 45 0 1 6546349464123.952
a 11 46 0 1 13887262314702.863
a 11 47 0 1 11320607060905.926
a 11 48 0 1 24347744577070.89
a 11 49 0 1 11917157041731.621
a 11 50 0 1 18880496201748.81
a 11 51 0 1 20125728846310.01
a 11 52 0 1 22071793746833.203
a 11 53 0 1 24995675963825.79
a 11 54 0 1 10753518272816.889
a 11 55 0 1 8425607347224.5625
a 11 56 0 1 15797055017331.26
a 11 57 0 1 11895901134297.932
a 11 58 0 1 18095007547330.758
a 11 59 0 1 9477723918680.965
a 11 60 0 1 24516134868274.59
a 11 61 0 1 5816104340922.034
a 11 62 0 1 9387100947779.875
a 11 63 0 1 18781307114035.176
a 11 64 0 1 9579700887366.988
a 11 65 0 1 7518665777212.608
a 11 66 0 1 25890903263423.21
a 11 67 0 1 18401859172947.625
a 11 68 0 1 12927716284168.697
a 11 69 0 1 14690292504748.158
a 11 70 0 1 16640584645487.416
a 11 71 0 1 7093441361775.043
a 11 72 0 1 27745543316327.016
a 11 73 0 1 9052465086239.27
a 11 74 0 1 17875257403817.508
a 11 75 0 1 24835299426710.1
a 11 76 0 1 10919960278456.072
a 11 77 0 1 11047015577886.047
a 11 78 0 1 22074362078872.836
a 11 79 0 1 22152293796367.098
a 11 80 0 1 6515271880725.776
a 11 81 0 1 22729213857044.65
a 12 36 0 1 3318037752058.3413
a 12 37 0 1 3009115518440.7446
a 12 38 0 1 2917958959960.3223
a 12 39 0 1 5149695231975.886
a 12 40 0 1 6695682829047.433
a 12 41 0 1 7774043488254.679
a 12 42 0 1 8743666599563.183
a 12 43 0 1 5248321245133.316
a 12 44 0 1 7381929785853.936
a 12 45 0 1 2294212180198.744
a 12 46 0 1 4864213348214.846
a 12 47 0 1 3965966655591.2583
a 12 48 0 1 8521477255936.532
a 12 49 0 1 4174770721635.1685
a 12 50 0 1 6610695911934.325
a 12 51 0 1 7046037332991.02
a 12 52 0 1 7726231693110.603
a 12 53 0 1 8747822971907.3
a 12 54 0 1 3767457294066.2544
a 12 55 0 1 2952395819398.684
a 12 56 0 1 5532355407963.108
a 12 57 0 1 4167331061970.3716
a 12 58 0 1 6336042217558.593
a 12 59 0 1 3320804047963.8345
a 12 60 0 1 8580304148691.667
a 12 61 0 1 2038404169581.207
a 12 62 0 1 3289073869509.0244
a 12 63 0 1 6576015271593.266
a 12 64 0 1 3356509131955.529
a 12 65 0 1 2634775395964.1167
a 12 66 0 1 9060521885732.639
a 12 67 0 1 6443339697169.405
a 12 68 0 1 4528443523271.723
a 12 69 0 1 5145177189377.403
a 12 70 0 1 5827403910181.919
a 12 71 0 1 2485842516966.176
a 12 72 0 1 9708205959268.629
a 12 73 0 1 3171902766654.194
a 12 74 0 1 6259198674190.925
a 12 75 0 1 8691799730771.584
a 12 76 0 1 3825722044675.239
a 12 77 0 1 3870198093431.0376
a 12 78 0 1 7727129253123.519
a 12 79 0 1 7754364038413.816
a 12 80 0 1 2283326138267.4194
a 12 81 0 1 7955970314857.293
a 13 36 0 1 6643623547626.34
a 13 37 0 1 6024861486017.823
a 13 38 0 1 5842286040401.721
a 13 39 0 1 10313286337175.027
a 13 40 0 1 13411828645632.271
a 13 41 0 1 15573786740587.836
a 13 42 0 1 17518202421956.695
a 13 43 0 1 10510924238014.99
a 13 44 0 1 14787592724412.588
a 13 45 0 1 4593100578245.02
a 13 46 0 1 9741231016669.191
a 13 47 0 1 7941549320429.718
a 13 48 0 1 17072600603987.465
a 13 49 0 1 8359865276415.731
a 13 50 0 1 13241465022965.307
a 13 51 0 1 14114179902835.723
a 13 52 0 1 15477919535356.664
a 13 53 0 1 17526538265490.373
a 13 54 0 1 7543876382590.025
a 13 55 0 1 5911258409339.966
a 13 56 0 1 11080129023517.83
a 13 57 0 1 8344960390710.664
a 13 58 0 1 12690920847340.035
a 13 59 0 1 6649164555617.178
a 13 60 0 1 17190575994729.822
a 13 61 0 1 4080842693773.7803
a 13 62 0 1 6585607875384.399
a 13 63 0 1 13171945643354.055
a 13 64 0 1 6720683670492.305
a 13 65 0 1 5275128484612.06
a 13 66 0 1 18153696909034.71
a 13 67 0 1 12905994812758.943
a 13 68 0 1 9068455837427.725
a 13 69 0 1 10304232683056.455
a 13 70 0 1 11671446139500.994
a 13 71 0 1 4976861901796.019
a 13 72 0 1 19452856647718.348
a 13 73 0 1 6350914008770.522
a 13 74 0 1 12536893989286.818
a 13 75 0 1 17414181111326.232
a 13 76 0 1 7660596012465.988
a 13 77 0 1 7749694300891.234
a 13 78 0 1 15479719218941.928
a 13 79 0 1 15534327439955.492
a 13 80 0 1 4571300563309.784
a 13 81 0 1 15938577061596.72
a 14 36 0 1 3363931508610.3594
a 14 37 0 1 3050734886647.4644
a 14 38 0 1 2958317103515.783
a 14 39 0 1 5220938966596.349
a 14 40 0 1 6788331332830.648
a 14 41 0 1 7881626867722.012
a 14 42 0 1 8864682092509.707
a 14 43 0 1 5320930262647.633
a 14 44 0 1 7484082108057.253
a 14 45 0 1 2325941003099.1606
a 14 46 0 1 4931505325633.482
a 14 47 0 1 4020826452092.1455
a 14 48 0 1 8639414508664.394
a 14 49 0 1 4232520237686.1675
a 14 50 0 1 6702167539794.966
a 14 51 0 1 7143537698058.322
a 14 52 0 1 7833152818156.104
a 14 53 0 1 8868896049300.594
a 14 54 0 1 3819569973988.3706
a 14 55 0 1 2993230421578.4653
a 14 56 0 1 5608896494635.05
a 14 57 0 1 4224977615298.898
a 14 58 0 1 6423710674736.873
a 14 59 0 1 3366736081635.4585
a 14 60 0 1 8699056381341.992
a 14 61 0 1 2066594340569.3213
a 14 62 0 1 3334566855530.9375
a 14 63 0 1 6667006658001.901
a 14 64 0 1 3402935217579.5996
a 14 65 0 1 2671215637261.6377
a 14 66 0 1 9185927409455.367
a 14 67 0 1 6532493889532.776
a 14 68 0 1 4591087974227.348
a 14 69 0 1 5216358381350.442
a 14 70 0 1 5908029820750.055
a 14 71 0 1 2520222345487.045
a 14 72 0 1 9842586157804.883
a 14 73 0 1 3215774494749.7646
a 14 74 0 1 6345803111016.546
a 14 75 0 1 8812096639049.273
a 14 76 0 1 3878641021293.9067
a 14 77 0 1 3923732559188.0273
a 14 78 0 1 7834062810453.596
a 14 79 0 1 7861674831472.847
a 14 80 0 1 2314904367703.8115
a 14 81 0 1 8066073680780.429
a 15 36 0 1 9344813863787.818
a 15 37 0 1 8474227567662.663
a 15 38 0 1 8217357078621.139
a 15 39 0 1 14508996724017.986
a 15 40 0 1 18870847254593.934
a 15 41 0 1 21915010239593.234
a 15 42 0 1 24653389224776.477
a 15 43 0 1 14787175794722.928
a 15 44 0 1 20807931697939.62
a 15 45 0 1 6459961061286.302
a 15 46 0 1 13703847151610.3
a 15 47 0 1 11171134451593.072
a 15 48 0 1 24025790584387.055
a 15 49 0 1 11759797164323.947
a 15 50 0 1 18630991625560.66
a 15 51 0 1 19859730943666.42
a 15 52 0 1 21780010523889.64
a 15 53 0 1 24665129921356.43
a 15 54 0 1 10611542420181.133
a 15 55 0 1 8314395712630.926
a 15 56 0 1 15588371086472.352
a 15 57 0 1 11738822309616.496
a 15 58 0 1 17855904507274.082
a 15 59 0 1 9352610183308.326
a 15 60 0 1 24191948017332.31
a 15 61 0 1 5739358931093.415
a 15 62 0 1 9263184786260.01
a 15 63 0 1 18533116114200.58
a 15 64 0 1 9453239506663.342
a 15 65 0 1 7419435312353.803
a 15 66 0 1 25548483762994.617
a 15 67 0 1 18158692987354.36
a 15 68 0 1 12756992887654.604
a 15 69 0 1 14496253658769.145
a 15 70 0 1 16420736349862.264
a 15 71 0 1 6999827482439.646
a 15 72 0 1 27378517918540.773
a 15 73 0 1 8932970891835.098
a 15 74 0 1 17639063989539.06
a 15 75 0 1 24506880213627.09
a 15 76 0 1 10775784208765.227
a 15 77 0 1 10901159892781.99
a 15 78 0 1 21782544818049.08
a 15 79 0 1 21859443703823.742
a 15 80 0 1 6429293894492.074
a 15 81 0 1 22428717254358.46
a 16 36 0 1 3988123942744.2803
a 16 37 0 1 3616788093709.1772
a 16 38 0 1 3507215588531.7983
a 16 39 0 1 6189953025429.513
a 16 40 0 1 8048525425581.052
a 16 41 0 1 9345000134564.496
a 16 42 0 1 10510799156817.742
a 16 43 0 1 6308516337939.515
a 16 44 0 1 8873568227396.08
a 16 45 0 1 2757468537636.754
a 16 46 0 1 5846763899703.542
a 16 47 0 1 4766975571813.853
a 16 48 0 1 10243651410064.627
a 16 49 0 1 5017976302825.559
a 16 50 0 1 7946351442336.497
a 16 51 0 1 8469737057738.209
a 16 52 0 1 9287516332369.254
a 16 53 0 1 10515796567328.889
a 16 54 0 1 4528352236392.054
a 16 55 0 1 3548609516122.5586
a 16 56 0 1 6649971194078.521
a 16 57 0 1 5009033139992.485
a 16 58 0 1 7616156772981.82
a 16 59 0 1 3991449155935.2466
a 16 60 0 1 10314381228986.559
a 16 61 0 1 2449992194966.136
a 16 62 0 1 3953308067465.601
a 16 63 0 1 7904657386206.848
a 16 64 0 1 4034368325315.241
a 16 65 0 1 3166824695162.6694
a 16 66 0 1 10891772597573.93
a 16 67 0 1 7745151643561.071
a 16 68 0 1 5443127475511.105
a 16 69 0 1 6184521671230.777
a 16 70 0 1 7004671842714.16
a 16 71 0 1 2987806938830.7554
a 16 72 0 1 11670538128848.29
a 16 73 0 1 3812463668254.6396
a 16 74 0 1 7523774543004.519
a 16 75 0 1 10448437155648.49
a 16 76 0 1 4598390665098.412
a 16 77 0 1 4651854208372.731
a 16 78 0 1 9288595461603.611
a 16 79 0 1 9321339647863.412
a 16 80 0 1 2744383648641.521
a 16 81 0 1 9563730714326.77
a 17 36 0 1 10349855272491.592
a 17 37 0 1 9385535586925.254
a 17 38 0 1 9101012606562.088
a 17 39 0 1 16070478179664.752
a 17 40 0 1 20902888908794.133
a 17 41 0 1 24275769198492.61
a 17 42 0 1 27310064271514.457
a 17 43 0 1 16378651819880.19
a 17 44 0 1 23049115653115.734
a 17 45 0 1 7154478873321.311
a 17 46 0 1 15178525605855.527
a 17 47 0 1 12372877907250.182
a 17 48 0 1 26614627487706.668
a 17 49 0 1 13024961482550.066
a 17 50 0 1 20637143840659.9
a 17 51 0 1 21998527053418.062
a 17 52 0 1 24126186422326.562
a 17 53 0 1 27323074142325.254
a 17 54 0 1 11753005834611.459
a 17 55 0 1 9208497381355.82
a 17 56 0 1 17266247632120.553
a 17 57 0 1 13001726692466.92
a 17 58 0 1 19778406515012.04
a 17 59 0 1 10358491092150.041
a 17 60 0 1 26798744086754.96
a 17 61 0 1 6356347274376.636
a 17 62 0 1 10259436555165.896
a 17 63 0 1 20528704337358.953
a 17 64 0 1 10469956233444.568
a 17 65 0 1 8217204924990.037
a 17 66 0 1 28301929810472.684
a 17 67 0 1 20113871055221.984
a 17 68 0 1 14129613995557.97
a 17 69 0 1 16056361148454.938
a 17 70 0 1 18188393475190.21
a 17 71 0 1 7752438773634.24
a 17 72 0 1 30329882522102.965
a 17 73 0 1 9893667821189.842
a 17 74 0 1 19538166744505.547
a 17 75 0 1 27147717894453.43
a 17 76 0 1 11934939087796.31
a 17 77 0 1 12073820234833.44
a 17 78 0 1 24128994473658.938
a 17 79 0 1 24214200143698.08
a 17 80 0 1 7120511940633.174
a 17 81 0 1 24844972925873.9
a 18 36 0 1 12112510395782.186
a 18 37 0 1 10983752329309.832
a 18 38 0 1 10650719891375.498
a 18 39 0 1 18809508633222.17
a 18 40 0 1 24467871870127.06
a 18 41 0 1 28417880726020.6
a 18 42 0 1 31971818283952.79
a 18 43 0 1 19170322994011.984
a 18 44 0 1 26981275564002.812
a 18 45 0 1 8372413616318.721
a 18 46 0 1 17765221708731.066
a 18 47 0 1 14480643193588.201
a 18 48 0 1 31157245927339.773
a 18 49 0 1 15244006697830.545
a 18 50 0 1 24156677859094.83
a 18 51 0 1 25750925482101.88
a 18 52 0 1 28242691936757.492
a 18 53 0 1 31987057094226.664
a 18 54 0 1 13755006309711.566
a 18 55 0 1 10776529736866.605
a 18 56 0 1 20209558041240.46
a 18 57 0 1 15216806488235.465
a 18 58 0 1 23151097592075.93
a 18 59 0 1 12122619011678.617
a 18 60 0 1 31372901444896.664
a 18 61 0 1 7438296584856.863
a 18 62 0 1 12006671420230.004
a 18 63 0 1 24029693469121.78
a 18 64 0 1 12253094288017.928
a 18 65 0 1 9616252035108.887
a 18 66 0 1 33133639400112.5
a 18 67 0 1 23543922076067.785
a 18 68 0 1 16537215964578.066
a 18 69 0 1 18792980304240.32
a 18 70 0 1 21289284176420.402
a 18 71 0 1 9072272919943.236
a 18 72 0 1 35509222165951.39
a 18 73 0 1 11578527309099.111
a 18 74 0 1 22869783226196.86
a 18 75 0 1 31781658280246.12
a 18 76 0 1 13967979839316.17
a 18 77 0 1 14130557015046.795
a 18 78 0 1 28245980668941.027
a 18 79 0 1 28345771976928.004
a 18 80 0 1 8332658811475.185
a 18 81 0 1 29084531841191.22
a 19 36 0 1 12479583388016.217
a 19 37 0 1 11316573409081.033
a 19 38 0 1 10973436928127.352
a 19 39 0 1 19379989309797.316
a 19 40 0 1 25210465884233.55
a 19 41 0 1 29280761214294.92
a 19 42 0 1 32943020391530.41
a 19 43 0 1 19751771850161.4
a 19 44 0 1 27800395214087.043
a 19 45 0 1 8626029350488.561
a 19 46 0 1 18303963023623.15
a 19 47 0 1 14919606464472.816
a 19 48 0 1 32103612349542.113
a 19 49 0 1 15706152285214.664
a 19 50 0 1 24889800119568.88
a 19 51 0 1 26532578944697.156
a 19 52 0 1 29100235150887.727
a 19 53 0 1 32958723867165.19
a 19 54 0 1 14171936862552.107
a 19 55 0 1 11103063689627.236
a 19 56 0 1 20822603228308.96
a 19 57 0 1 15678125969928.275
a 19 58 0 1 23853617975658.445
a 19 59 0 1 12489998789054.824
a 19 60 0 1 32325842570963.383
a 19 61 0 1 7663591231787.793
a 19 62 0 1 12370532362570.16
a 19 63 0 1 24758950930490.734
a 19 64 0 1 12624433909571.389
a 19 65 0 1 9907588908347.064
a 19 66 0 1 34140272847968.0
a 19 67 0 1 24258396048088.535
a 19 68 0 1 17038644149617.91
a 19 69 0 1 19362958568536.664
a 19 70 0 1 21935165016128.73
a 19 71 0 1 9347111496425.918
a 19 72 0 1 36588332704344.9
a 19 73 0 1 11929395560109.52
a 19 74 0 1 23563743941617.906
a 19 75 0 1 32747062125886.52
a 19 76 0 1 14391376574445.16
a 19 77 0 1 14558890046673.08
a 19 78 0 1 29103624075025.78
a 19 79 0 1 29206455584510.297
a 19 80 0 1 8585069109166.262
a 19 81 0 1 29967724446213.723
a 20 36 0 1 11359936952158.871
a 20 37 0 1 10301393986537.414
a 20 38 0 1 9989074770103.656
a 20 39 0 1 17639992068357.617
a 20 40 0 1 22945605548340.83
a 20 41 0 1 26649110155435.29
a 20 42 0 1 29981080973219.203
a 20 43 0 1 17978325652031.426
a 20 44 0 1 25302182098158.816
a 20 45 0 1 7852429649188.761
a 20 46 0 1 16660760261748.297
a 20 47 0 1 13580702941087.05
a 20 48 0 1 29217399053774.316
a 20 49 0 1 14296546947210.54
a 20 50 0 1 22653822978973.645
a 20 51 0 1 24148611967662.434
a 20 52 0 1 26484858652933.76
a 20 53 0 1 29995367653001.746
a 20 54 0 1 12900229806307.875
a 20 55 0 1 10107059945694.89
a 20 56 0 1 18952800685688.36
a 20 57 0 1 14271040089514.244
a 20 58 0 1 21710959176994.324
a 20 59 0 1 11369416677965.123
a 20 60 0 1 29419582356101.176
a 20 61 0 1 6976374260683.544
a 20 62 0 1 11260682483365.412
a 20 63 0 1 22534759157519.75
a 20 64 0 1 11491774536977.096
a 20 65 0 1 9018936979006.33
a 20 66 0 1 31070301787719.883
a 20 67 0 1 22079285434221.137
a 20 68 0 1 15509235857656.148
a 20 69 0 1 17624493505882.156
a 20 70 0 1 19965228209120.816
a 20 71 0 1 8508780324608.039
a 20 72 0 1 33297381581745.71
a 20 73 0 1 10859172750116.295
a 20 74 0 1 21447187509943.74
a 20 75 0 1 29802802023262.848
a 20 76 0 1 13099948564979.613
a 20 77 0 1 13252407062570.555
a 20 78 0 1 26487942068671.902
a 20 79 0 1 26581503308807.86
a 20 80 0 1 7815146110913.531
a 20 81 0 1 27274137505504.82
a 21 36 0 1 2685445626420.007
a 21 37 0 1 2435436697737.784
a 21 38 0 1 2361663588410.8496
a 21 39 0 1 4167725470606.1104
a 21 40 0 1 5418732432384.837
a 21 41 0 1 6291287242375.458
a 21 42 0 1 7075821830190.262
a 21 43 0 1 4247535782168.8438
a 21 44 0 1 5974013485078.351
a 21 45 0 1 1856856667554.9817
a 21 46 0 1 3936705381898.226
a 21 47 0 1 3209799622856.3267
a 21 48 0 1 6896048514426.728
a 21 49 0 1 3378776784058.2456
a 21 50 0 1 5349963567194.326
a 21 51 0 1 5702226080851.454
a 21 52 0 1 6252601236178.701
a 21 53 0 1 7079184732786.607
a 21 54 0 1 3049152136237.299
a 21 55 0 1 2389533413711.4375
a 21 56 0 1 4477380462835.542
a 21 57 0 1 3372756178065.5605
a 21 58 0 1 5127720276583.369
a 21 59 0 1 2687684357943.902
a 21 60 0 1 6943645502492.514
a 21 61 0 1 1649823698761.1372
a 21 62 0 1 2662005472398.4536
a 21 63 0 1 5321900959070.149
a 21 64 0 1 2716580048175.495
a 21 65 0 1 2132480915544.2446
a 21 66 0 1 7332186287748.104
a 21 67 0 1 5214543185237.659
a 21 68 0 1 3664987148441.503
a 21 69 0 1 4164069364140.8047
a 21 70 0 1 4716135074257.669
a 21 71 0 1 2011947228449.387
a 21 72 0 1 7856209913651.377
a 21 73 0 1 2567179873466.057
a 21 74 0 1 5065539813812.585
a 21 75 0 1 7033856522923.802
a 21 76 0 1 3096304142052.512
a 21 77 0 1 3132297262360.3696
a 21 78 0 1 6253327480568.914
a 21 79 0 1 6275363999050.505
a 21 80 0 1 1848046320074.0688
a 21 81 0 1 6438489136572.416
a 22 36 0 1 9749325000409.998
a 22 37 0 1 8841015061654.459
a 22 38 0 1 8573015545723.585
a 22 39 0 1 15137440940587.736
a 22 40 0 1 19688649785862.492
a 22 41 0 1 22865084756800.45
a 22 42 0 1 25722531785877.5
a 22 43 0 1 15427690503672.328
a 22 44 0 1 21709891329212.56
a 22 45 0 1 6739497992200.051
a 22 46 0 1 14297359598752.32
a 22 47 0 1 11654808088448.3
a 22 48 0 1 25067637474134.453
a 22 49 0 1 12268993993649.287
a 22 50 0 1 19438376296177.484
a 22 51 0 1 20720490871113.367
a 22 52 0 1 22724217115525.84
a 22 53 0 1 25734783150884.54
a 22 54 0 1 11070956655235.686
a 22 55 0 1 8674258340506.679
a 22 56 0 1 16263655038317.125
a 22 57 0 1 12247109650792.664
a 22 58 0 1 18629628241162.52
a 22 59 0 1 9757459180295.459
a 22 60 0 1 25241021065601.305
a 22 61 0 1 5987692299569.532
a 22 62 0 1 9664158492997.525
a 22 63 0 1 19336249844054.11
a 22 64 0 1 9862449420696.205
a 22 65 0 1 7740527847746.748
a 22 66 0 1 26656563113680.836
a 22 67 0 1 18945565650392.707
a 22 68 0 1 13309434289384.445
a 22 69 0 1 15124144959203.629
a 22 70 0 1 17132149307960.373
a 22 71 0 1 7302745285437.812
a 22 72 0 1 28566230184651.875
a 22 73 0 1 9319635350579.115
a 22 74 0 1 18403371768668.64
a 22 75 0 1 25569650401215.01
a 22 76 0 1 11242318306329.486
a 22 77 0 1 11373129200808.354
a 22 78 0 1 22726861564086.246
a 22 79 0 1 22807102931444.5
a 22 80 0 1 6707502763613.672
a 22 81 0 1 23401122407151.13
a 23 36 0 1 7301769142729.948
a 23 37 0 1 6621663138837.247
a 23 38 0 1 6420989036835.16
a 23 39 0 1 11335439040235.463
a 23 40 0 1 14741600326312.969
a 23 41 0 1 17118337564675.592
a 23 42 0 1 19256021120027.9
a 23 43 0 1 11552690954664.639
a 23 44 0 1 16254025715821.844
a 23 45 0 1 5047994577816.949
a 23 46 0 1 10706617239730.498
a 23 47 0 1 8728402221287.554
a 23 48 0 1 18766119692954.008
a 23 49 0 1 9188209004521.545
a 23 50 0 1 14554316971044.264
a 23 51 0 1 15513713589987.89
a 23 52 0 1 17012943967107.008
a 23 53 0 1 19265185721015.21
a 23 54 0 1 8291290014583.549
a 23 55 0 1 6496798520459.217
a 23 56 0 1 12178390339107.824
a 23 57 0 1 9171825696584.924
a 23 58 0 1 13949100264804.607
a 23 59 0 1 7307859528502.169
a 23 60 0 1 18895823148429.99
a 23 61 0 1 4484977216977.535
a 23 62 0 1 7238001400651.05
a 23 63 0 1 14477893455535.951
a 23 64 0 1 7386469662887.025
a 23 65 0 1 5797614633838.807
a 23 66 0 1 19954702086299.06
a 23 67 0 1 14185531533116.117
a 23 68 0 1 9967091413530.068
a 23 69 0 1 11325486905364.787
a 23 70 0 1 12828405363062.18
a 23 71 0 1 5469787004725.86
a 23 72 0 1 21383067406819.234
a 23 73 0 1 6980039243657.634
a 23 74 0 1 13779778926140.078
a 23 75 0 1 19141658059320.008
a 23 76 0 1 8419584918412.719
a 23 77 0 1 8517519457950.988
a 23 78 0 1 17014922484399.129
a 23 79 0 1 17074957137292.014
a 23 80 0 1 5024034272035.128
a 23 81 0 1 17519379472840.51
a 24 36 0 1 2788153523991.088
a 24 37 0 1 2528579937938.823
a 24 38 0 1 2451984580588.3154
a 24 39 0 1 4327153082124.851
a 24 40 0 1 5626045700779.508
a 24 41 0 1 6532008372665.149
a 24 42 0 1 7346586706832.977
a 24 43 0 1 4410017920390.733
a 24 44 0 1 6202586219290.83
a 24 45 0 1 1927867211505.7878
a 24 46 0 1 4087291644503.2246
a 24 47 0 1 3332569726180.099
a 24 48 0 1 7159928475548.893
a 24 49 0 1 3508012625349.046
a 24 50 0 1 5554644150257.429
a 24 51 0 1 5920392821902.732
a 24 52 0 1 6491841031922.455
a 24 53 0 1 7350078403889.705
a 24 54 0 1 3165775470256.223
a 24 55 0 1 2480920582012.7163
a 24 56 0 1 4648659618487.059
a 24 57 0 1 3501761642548.268
a 24 58 0 1 5323892993532.016
a 24 59 0 1 2790477905838.505
a 24 60 0 1 7209348292896.673
a 24 61 0 1 1712915256071.1729
a 24 62 0 1 2763816589542.823
a 24 63 0 1 5525507230940.479
a 24 64 0 1 2820479103542.206
a 24 65 0 1 2214034662733.6006
a 24 66 0 1 7612769861060.433
a 24 67 0 1 5414039582838.004
a 24 68 0 1 3805175132018.39
a 24 69 0 1 4323357049336.5854
a 24 70 0 1 4896552775661.211
a 24 71 0 1 2088890224849.57
a 24 72 0 1 8156865337351.123
a 24 73 0 1 2665363175755.9727
a 24 74 0 1 5259332233634.901
a 24 75 0 1 7303014195773.869
a 24 76 0 1 3214731603705.935
a 24 77 0 1 3252101904629.0493
a 24 78 0 1 6492595084975.06
a 24 79 0 1 6515475407197.582
a 24 80 0 1 1918719861287.8652
a 24 81 0 1 6684846932876.455
a 25 36 0 1 12655575741825.13
a 25 37 0 1 11476142826428.592
a 25 38 0 1 11128161745833.791
a 25 39 0 1 19653514515581.293
a 25 40 0 1 25566523755930.23
a 25 41 0 1 29694502342851.23
a 25 42 0 1 33408709065772.48
a 25 43 0 1 20030556429018.19
a 25 44 0 1 28193150603456.293
a 25 45 0 1 8747622516964.864
a 25 46 0 1 18562268937202.707
a 25 47 0 1 15130069034368.951
a 25 48 0 1 32557390462841.363
a 25 49 0 1 15927730577775.068
a 25 50 0 1 25241315921798.4
a 25 51 0 1 26907367476192.926
a 25 52 0 1 29511416744916.965
a 25 53 0 1 33424635384016.94
a 25 54 0 1 14371835013782.887
a 25 55 0 1 11259618607432.795
a 25 56 0 1 21116538734973.98
a 25 57 0 1 15899308150361.1
a 25 58 0 1 24190459103348.33
a 25 59 0 1 12666138239543.037
a 25 60 0 1 32782773734653.242
a 25 61 0 1 7771605655469.389
a 25 62 0 1 12544984610544.379
a 25 63 0 1 25108613417397.535
a 25 64 0 1 12802472018985.5
a 25 65 0 1 10047267941471.002
a 25 66 0 1 34622953663304.965
a 25 67 0 1 24600969322970.094
a 25 68 0 1 17279058312488.658
a 25 69 0 1 19636242862104.184
a 25 70 0 1 22244845897277.14
a 25 71 0 1 9478880188530.508
a 25 72 0 1 37105772678567.09
a 25 73 0 1 12097618121388.756
a 25 74 0 1 23896480435236.453
a 25 75 0 1 33209970092647.54
a 25 76 0 1 14594375172728.393
a 25 77 0 1 14764255537037.527
a 25 78 0 1 29514853716903.95
a 25 79 0 1 29619143179963.21
a 25 80 0 1 8706084318046.038
a 25 81 0 1 30391206463069.49
a 26 36 0 1 9559220134522.158
a 26 37 0 1 8668639271405.44
a 26 38 0 1 8405870076768.356
a 26 39 0 1 14842091998959.31
a 26 40 0 1 19304303973325.754
a 26 41 0 1 22418570964442.45
a 26 42 0 1 25220055022821.766
a 26 43 0 1 15126668589970.588
a 26 44 0 1 21285991702634.02
a 26 45 0 1 6608127256811.93
a 26 46 0 1 14018428080523.85
a 26 47 0 1 11427498756955.309
a 26 48 0 1 24577989975421.445
a 26 49 0 1 12029689300722.463
a 26 50 0 1 19058926847049.21
a 26 51 0 1 20315955144850.164
a 26 52 0 1 22280461275953.656
a 26 53 0 1 25232066367669.465
a 26 54 0 1 10855048695617.648
a 26 55 0 1 8505137038215.209
a 26 56 0 1 15946291992747.316
a 26 57 0 1 12008232398730.445
a 26 58 0 1 18265999289262.73
a 26 59 0 1 9567195528949.441
a 26 60 0 1 24747977197436.938
a 26 61 0 1 5870986163421.015
a 26 62 0 1 9475716125438.797
a 26 63 0 1 18958798322606.758
a 26 64 0 1 9670136252800.984
a 26 65 0 1 7589627323324.303
a 26 66 0 1 26135785559316.613
a 26 67 0 1 18575756765399.84
a 26 68 0 1 13049805475427.865
a 26 69 0 1 14829055880658.86
a 26 70 0 1 16797805984407.848
a 26 71 0 1 7160386309148.254
a 26 72 0 1 28008023866244.6
a 26 73 0 1 9137917943158.51
a 26 74 0 1 18044168263862.906
a 26 75 0 1 25070168727292.504
a 26 76 0 1 11023064175362.322
a 26 77 0 1 11151320644184.227
a 26 78 0 1 22283053951444.016
a 26 79 0 1 22361724336860.938
a 26 80 0 1 6576756172648.188
a 26 81 0 1 22944113092337.61
a 27 36 0 1 9171557174603.512
a 27 37 0 1 8317127366235.194
a 27 38 0 1 8065023315918.787
a 27 39 0 1 14239836878348.365
a 27 40 0 1 18520596995702.367
a 27 41 0 1 21508119094480.14
a 27 42 0 1 24195513430364.445
a 27 43 0 1 14512846755660.668
a 27 44 0 1 20421643797334.316
a 27 45 0 1 6340229775621.249
a 27 46 0 1 13449646966373.262
a 27 47 0 1 10963974265974.123
a 27 48 0 1 23579602554263.703
a 27 49 0 1 11541706164663.174
a 27 50 0 1 18285202558512.31
a 27 51 0 1 19491085400957.305
a 27 52 0 1 21375632061974.758
a 27 53 0 1 24207035464253.734
a 27 54 0 1 10414771890203.643
a 27 55 0 1 8160261352469.287
a 27 56 0 1 15299152219333.973
a 27 57 0 1 11521120814739.996
a 27 58 0 1 17524530010524.49
a 27 59 0 1 9179208794345.66
a 27 60 0 1 23742665800034.633
a 27 61 0 1 5632992212578.247
a 27 62 0 1 9091443118354.697
a 27 63 0 1 18189147412063.023
a 27 64 0 1 9277970413457.53
a 27 65 0 1 7281905865887.886
a 27 66 0 1 25073935762320.94
a 27 67 0 1 17821687726243.395
a 27 68 0 1 12520381750486.848
a 27 69 0 1 14227330600156.34
a 27 70 0 1 16116045520280.496
a 27 71 0 1 6870082198183.069
a 27 72 0 1 26869872846129.37
a 27 73 0 1 8767357650369.852
a 27 74 0 1 17311721700932.871
a 27 75 0 1 24051733003626.1
a 27 76 0 1 10575964422717.967
a 27 77 0 1 10699012349106.521
a 27 78 0 1 21378119187271.77
a 27 79 0 1 21453586800547.047
a 27 80 0 1 6310131418362.727
a 27 81 0 1 22012264032835.08
a 28 36 0 1 2835579896790.5693
a 28 37 0 1 2571589667739.6167
a 28 38 0 1 2493691092143.6577
a 28 39 0 1 4400771038408.647
a 28 40 0 1 5721776308415.799
a 28 41 0 1 6643166282705.357
a 28 42 0 1 7471618564006.484
a 28 43 0 1 4485046386184.2295
a 28 44 0 1 6308134142941.476
a 28 45 0 1 1960656847402.6672
a 28 46 0 1 4156826879313.9253
a 28 47 0 1 3389260209438.7085
a 28 48 0 1 7281780924764.282
a 28 49 0 1 3567688801151.545
a 28 50 0 1 5649159026504.043
a 28 51 0 1 6021135398571.628
a 28 52 0 1 6602314877868.671
a 28 53 0 1 7475169737555.134
a 28 54 0 1 3219627557584.676
a 28 55 0 1 2523119417332.977
a 28 56 0 1 4727750350779.919
a 28 57 0 1 3561331436829.1187
a 28 58 0 1 5414479082548.583
a 28 59 0 1 2837943829194.9834
a 28 60 0 1 7332042511770.922
a 28 61 0 1 1742048203381.3967
a 28 62 0 1 2810828858144.9434
a 28 63 0 1 5619526008010.331
a 28 64 0 1 2868455514681.4336
a 28 65 0 1 2251692766337.9004
a 28 66 0 1 7742335939459.791
a 28 67 0 1 5506160489461.24
a 28 68 0 1 3869908708165.7446
a 28 69 0 1 4396910390928.823
a 28 70 0 1 4979863497355.793
a 28 71 0 1 2124419249346.3225
a 28 72 0 1 8295700534752.617
a 28 73 0 1 2710700238060.1914
a 28 74 0 1 5348819144115.31
a 28 75 0 1 7427303856321.572
a 28 76 0 1 3269416783109.754
a 28 77 0 1 3307423025108.2935
a 28 78 0 1 6603081772652.945
a 28 79 0 1 6626351754178.045
a 28 80 0 1 1951353881865.1702
a 28 81 0 1 6798607796761.483
a 29 36 0 1 5044594538660.62
a 29 37 0 1 4574838460107.6045
a 29 38 0 1 4436226486134.969
a 29 39 0 1 7830223327890.779
a 29 40 0 1 10181874851112.855
a 29 41 0 1 11822462331157.668
a 29 42 0 1 13297800958711.953
a 29 43 0 1 7980233506443.672
a 29 44 0 1 11225887034423.123
a 29 45 0 1 3487802481953.717
a 29 46 0 1 7396015350120.044
a 29 47 0 1 6029910474240.437
a 29 48 0 1 12959711622522.607
a 29 49 0 1 6347458495827.298
a 29 50 0 1 10052587181314.682
a 29 51 0 1 10714871016304.219
a 29 52 0 1 11749718315147.443
a 29 53 0 1 13304125493658.432
a 29 54 0 1 5728025952462.712
a 29 55 0 1 4488590736350.683
a 29 56 0 1 8412259420739.362
a 29 57 0 1 6336144167634.721
a 29 58 0 1 9634774993383.463
a 29 59 0 1 5048801126772.04
a 29 60 0 1 13049223341117.336
a 29 61 0 1 3098859919749.8516
a 29 62 0 1 5000550482500.894
a 29 63 0 1 9999829096554.9
a 29 64 0 1 5103096449212.867
a 29 65 0 1 4005629359386.5503
a 29 66 0 1 13779952171390.139
a 29 67 0 1 9797997791440.113
a 29 68 0 1 6885340197459.976
a 29 69 0 1 7823351427039.688
a 29 70 0 1 8861054121530.943
a 29 71 0 1 3779174094311.945
a 29 72 0 1 14765574845279.16
a 29 73 0 1 4822375287218.766
a 29 74 0 1 9517880546136.193
a 29 75 0 1 13218878116052.57
a 29 76 0 1 5816631740849.511
a 29 77 0 1 5884268855869.895
a 29 78 0 1 11751083918255.938
a 29 79 0 1 11792520668690.473
a 29 80 0 1 3471250587553.103
a 29 81 0 1 12099261612284.877
a 30 36 0 1 10676124565461.98
a 30 37 0 1 9681371728654.47
a 30 38 0 1 9387870764281.877
a 30 39 0 1 16577429121809.523
a 30 40 0 1 21562659389067.715
a 30 41 0 1 25042307210502.43
a 30 42 0 1 28172725122335.13
a 30 43 0 1 16895343169900.172
a 30 44 0 1 23776814410023.46
a 30 45 0 1 7379931379441.158
a 30 46 0 1 15657288726299.646
a 30 47 0 1 12763014818197.113
a 30 48 0 1 27455251612438.96
a 30 49 0 1 13435691469060.693
a 30 50 0 1 21288505873997.086
a 30 51 0 1 22692970256089.203
a 30 52 0 1 24887987622646.17
a 30 53 0 1 28186147279484.52
a 30 54 0 1 12123569879865.424
a 30 55 0 1 9498747097462.127
a 30 56 0 1 17810997102790.69
a 30 57 0 1 13411722859660.473
a 30 58 0 1 20402600845881.406
a 30 59 0 1 10685032956114.602
a 30 60 0 1 27645202071220.84
a 30 61 0 1 6556630004521.938
a 30 62 0 1 10582852010200.08
a 30 63 0 1 21176635385905.812
a 30 64 0 1 10800016304012.34
a 30 65 0 1 8476178831209.535
a 30 66 0 1 29196026804328.504
a 30 67 0 1 20748677751627.754
a 30 68 0 1 14575236655718.393
a 30 69 0 1 16562865912339.818
a 30 70 0 1 18762299506636.492
a 30 71 0 1 7996751593426.782
a 30 72 0 1 31288276419587.445
a 30 73 0 1 10205539337445.738
a 30 74 0 1 20154761649407.13
a 30 75 0 1 28005234051666.45
a 30 76 0 1 12311247495601.033
a 30 77 0 1 12454513844591.24
a 30 78 0 1 24890884594499.754
a 30 79 0 1 24978788438804.203
a 30 80 0 1 7344893172695.915
a 30 81 0 1 25629537352007.742
a 31 36 0 1 9610660438175.348
a 31 37 0 1 8715282349966.346
a 31 38 0 1 8451097905180.24
a 31 39 0 1 14922009495526.572
a 31 40 0 1 19408302062587.867
a 31 41 0 1 22539390125966.75
a 31 42 0 1 25356016188930.297
a 31 43 0 1 15208121078547.926
a 31 44 0 1 21400692067082.82
a 31 45 0 1 6643674920565.929
a 31 46 0 1 14093903344666.357
a 31 47 0 1 11489005991126.158
a 31 48 0 1 24710479916300.97
a 31 49 0 1 12094442273523.19
a 31 50 0 1 19161600097595.336
a 31 51 0 1 20425416129899.043
a 31 52 0 1 22400534209407.71
a 31 53 0 1 25368092476170.47
a 31 54 0 1 10913470908464.496
a 31 55 0 1 8550899499019.12
a 31 56 0 1 16032166054383.479
a 31 57 0 1 12072869713491.932
a 31 58 0 1 18364391884565.06
a 31 59 0 1 9618678797529.871
a 31 60 0 1 24881386097685.773
a 31 61 0 1 5902565765853.096
a 31 62 0 1 9526706582292.217
a 31 63 0 1 19060930981441.87
a 31 64 0 1 9722174089245.717
a 31 65 0 1 7630459494121.203
a 31 66 0 1 26276698373527.74
a 31 67 0 1 18675821506908.223
a 31 68 0 1 13120057791123.656
a 31 69 0 1 14908903063473.148
a 31 70 0 1 16888274545995.117
a 31 71 0 1 7198907250186.053
a 31 72 0 1 28159063739880.195
a 31 73 0 1 9187088726647.406
a 31 74 0 1 18141363435010.016
a 31 75 0 1 25205319510194.156
a 31 76 0 1 11082391807053.287
a 31 77 0 1 11211339461036.445
a 31 78 0 1 22403140893305.008
a 31 79 0 1 22482236344349.29
a 31 80 0 1 6612134950748.484
a 31 81 0 1 23067772057645.71
a 32 36 0 1 10130540733786.32
a 32 37 0 1 9186676704159.666
a 32 38 0 1 8908188325467.467
a 32 39 0 1 15729723326959.38
a 32 40 0 1 20459427105299.59
a 32 41 0 1 23760554661020.13
a 32 42 0 1 26730253250444.582
a 32 43 0 1 16031350453819.375
a 32 44 0 1 22560002555404.734
a 32 45 0 1 7002929300272.141
a 32 46 0 1 14856715883678.705
a 32 47 0 1 12110635500462.734
a 32 48 0 1 26049625379189.504
a 32 49 0 1 12748877907333.277
a 32 50 0 1 20199333028839.99
a 32 51 0 1 21531763248709.715
a 32 52 0 1 23614155179515.48
a 32 53 0 1 26742986061682.195
a 32 54 0 1 11503918987061.44
a 32 55 0 1 9013393443059.06
a 32 56 0 1 16900088582956.447
a 32 57 0 1 12726136335366.484
a 32 58 0 1 19358854189341.184
a 32 59 0 1 10138993345814.23
a 32 60 0 1 26229821550686.918
a 32 61 0 1 6221716216856.026
a 32 62 0 1 10042040214694.773
a 32 63 0 1 20093199362850.67
a 32 64 0 1 10248093738703.488
a 32 65 0 1 8043123330968.941
a 32 66 0 1 27700993586892.195
a 32 67 0 1 19687186497928.105
a 32 68 0 1 13830078352061.61
a 32 69 0 1 15715906172069.85
a 32 70 0 1 17802638704184.29
a 32 71 0 1 7588211860695.145
a 32 72 0 1 29685739341546.758
a 32 73 0 1 9684030724536.754
a 32 74 0 1 19123721767997.004
a 32 75 0 1 26571364150552.598
a 32 76 0 1 11681991257179.371
a 32 77 0 1 11817924965346.156
a 32 78 0 1 23616903473251.938
a 32 79 0 1 23700295879990.22
a 32 80 0 1 6969682448792.442
a 32 81 0 1 24317644092939.49
a 33 36 0 1 9282761152739.6
a 33 37 0 1 8417961447076.747
a 33 38 0 1 8162798098017.316
a 33 39 0 1 14412595156077.807
a 33 40 0 1 18745401810199.793
a 33 41 0 1 21769277715889.01
a 33 42 0 1 24489395372219.434
a 33 43 0 1 14688922804820.33
a 33 44 0 1 20669578662733.836
a 33 45 0 1 6417078898863.736
a 33 46 0 1 13612803596145.844
a 33 47 0 1 11096938855424.71
a 33 48 0 1 23865982986515.07
a 33 49 0 1 11681686571979.37
a 33 50 0 1 18507144040066.7
a 33 51 0 1 19727696874836.457
a 33 52 0 1 21635177972106.91
a 33 53 0 1 24501057749413.49
a 33 54 0 1 10541067992251.184
a 33 55 0 1 8259191833095.373
a 33 56 0 1 15484785079697.562
a 33 57 0 1 11660851222977.309
a 33 58 0 1 17737219761244.04
a 33 59 0 1 9290505646679.773
a 33 60 0 1 24031032162397.254
a 33 61 0 1 5701263370940.836
a 33 62 0 1 9201674694209.334
a 33 63 0 1 18409920525981.03
a 33 64 0 1 9390466034165.69
a 33 65 0 1 7370178614031.649
a 33 66 0 1 25378518345123.402
a 33 67 0 1 18037991482379.066
a 33 68 0 1 12672249081621.893
a 33 69 0 1 14399936899531.676
a 33 70 0 1 16311608813563.812
a 33 71 0 1 6953358738374.527
a 33 72 0 1 27196339740606.8
a 33 73 0 1 8873655751610.783
a 33 74 0 1 17521823449928.973
a 33 75 0 1 24343863670037.094
a 33 76 0 1 10704217657181.215
a 33 77 0 1 10828759629592.52
a 33 78 0 1 21637695371719.98
a 33 79 0 1 21714081616278.99
a 33 80 0 1 6386615454910.757
a 33 81 0 1 22279559862781.625
a 34 36 0 1 6625030471395.373
a 34 37 0 1 6008001296891.774
a 34 38 0 1 5825937119740.407
a 34 39 0 1 10284411048245.422
a 34 40 0 1 13374264646469.475
a 34 41 0 1 15530156671144.42
a 34 42 0 1 17469114094986.959
a 34 43 0 1 10481494931604.43
a 34 44 0 1 14746168924114.021
a 34 45 0 1 4580249193415.542
a 34 46 0 1 9713959168385.27
a 34 47 0 1 7919320510916.551
a 34 48 0 1 17024763361357.85
a 34 49 0 1 8336464454627.383
a 34 50 0 1 13204378905875.818
a 34 51 0 1 14074645561058.494
a 34 52 0 1 15434558516067.154
a 34 53 0 1 17477426533349.08
a 34 54 0 1 7522761644623.011
a 34 55 0 1 5894716346950.304
a 34 56 0 1 11049103984890.416
a 34 57 0 1 8321601330462.113
a 34 58 0 1 12655378917993.332
a 34 59 0 1 6630555960287.177
a 34 60 0 1 17142407533496.08
a 34 61 0 1 4069425265770.2056
a 34 62 0 1 6567177286624.221
a 34 63 0 1 13135054527696.889
a 34 64 0 1 6701874764672.239
a 34 65 0 1 5260367646150.934
a 34 66 0 1 18102824128195.715
a 34 67 0 1 12869849658812.438
a 34 68 0 1 9043069472715.412
a 34 69 0 1 10275382772677.984
a 34 70 0 1 11638763157153.492
a 34 71 0 1 4962936148376.053
a 34 72 0 1 19398335045926.71
a 34 73 0 1 6333140717080.823
a 34 74 0 1 12501784045525.66
a 34 75 0 1 17365384848999.635
a 34 76 0 1 7639154297700.37
a 34 77 0 1 7728002981482.435
a 34 78 0 1 15436353148915.87
a 34 79 0 1 15490808113280.133
a 34 80 0 1 4558510206414.321
a 34 81 0 1 15893923158381.475
a 35 36 0 1 3094481067151.8286
a 35 37 0 1 2806379556839.1313
a 35 38 0 1 2721366499044.114
a 35 39 0 1 4802660222697.557
a 35 40 0 1 6244389681987.9375
a 35 41 0 1 7250007483244.802
a 35 42 0 1 8154208450424.575
a 35 43 0 1 4894636139382.007
a 35 44 0 1 6884346501156.281
a 35 45 0 1 2139653937177.0027
a 35 46 0 1 4536426848691.988
a 35 47 0 1 3698736408265.9014
a 35 48 0 1 7947011808157.456
a 35 49 0 1 3893464769032.8
a 35 50 0 1 6165135002099.23
a 35 51 0 1 6571112207401.691
a 35 52 0 1 7205421280037.282
a 35 53 0 1 8158084355835.32
a 35 54 0 1 3513608189776.894
a 35 55 0 1 2753482498802.239
a 35 56 0 1 5159517827835.642
a 35 57 0 1 3886526635621.6465
a 35 58 0 1 5909005562925.779
a 35 59 0 1 3097060914162.5317
a 35 60 0 1 8001869300075.682
a 35 61 0 1 1901083168622.6191
a 35 62 0 1 3067469349406.496
a 35 63 0 1 6132793487710.662
a 35 64 0 1 3130359458437.96
a 35 65 0 1 2457267338024.0215
a 35 66 0 1 8449682010841.798
a 35 67 0 1 6009066401551.453
a 35 68 0 1 4223294669199.695
a 35 69 0 1 4798446816629.365
a 35 70 0 1 5434669919809.831
a 35 71 0 1 2318370928547.596
a 35 72 0 1 9053655160236.715
a 35 73 0 1 2958195451412.631
a 35 74 0 1 5837344603003.25
a 35 75 0 1 8105841473576.542
a 35 76 0 1 3567945482175.0527
a 35 77 0 1 3609423496132.357
a 35 78 0 1 7206258287047.694
a 35 79 0 1 7231655698810.564
a 35 80 0 1 2129501454268.6072
a 35 81 0 1 7419660431038.82
a 36 1 0 1 0
a 37 1 0 1 0
a 38 1 0 1 0
a 39 1 0 1 0
a 40 1 0 1 0
a 41 1 0 1 0
a 42 1 0 1 0
a 43 1 0 1 0
a 44 1 0 1 0
a 45 1 0 1 0
a 46 1 0 1 0
a 47 1 0 1 0
a 48 1 0 1 0
a 49 1 0 1 0
a 50 1 0 1 0
a 51 1 0 1 0
a 52 1 0 1 0
a 53 1 0 1 0
a 54 1 0 1 0
a 55 1 0 1 0
a 56 1 0 1 0
a 57 1 0 1 0
a 58 1 0 1 0
a 59 1 0 1 0
a 60 1 0 1 0
a 61 1 0 1 0
a 62 1 0 1 0
a 63 1 0 1 0
a 64 1 0 1 0
a 65 1 0 1 0
a 66 1 0 1 0
a 67 1 0 1 0
a 68 1 0 1 0
a 69 1 0 1 0
a 70 1 0 1 0
a 71 1 0 1 0
a 72 1 0 1 0
a 73 1 0 1 0
a 74 1 0 1 0
a 75 1 0 1 0
a 76 1 0 1 0
a 77 1 0 1 0
a 78 1 0 1 0
a 79 1 0 1 0
a 80 1 0 1 0
a 81 1 0 1 0
