p min 81 1633
n 0 37
n 1 -37
a 0 2 0 1 0
a 0 3 0 1 0
a 0 4 0 1 0
a 0 5 0 1 0
a 0 6 0 1 0
a 0 7 0 1 0
a 0 8 0 1 0
a 0 9 0 1 0
a 0 10 0 1 0
a 0 11 0 1 0
a 0 12 0 1 0
a 0 13 0 1 0
a 0 14 0 1 0
a 0 15 0 1 0
a 0 16 0 1 0
a 0 17 0 1 0
a 0 18 0 1 0
a 0 19 0 1 0
a 0 20 0 1 0
a 0 21 0 1 0
a 0 22 0 1 0
a 0 23 0 1 0
a 0 24 0 1 0
a 0 25 0 1 0
a 0 26 0 1 0
a 0 27 0 1 0
a 0 28 0 1 0
a 0 29 0 1 0
a 0 30 0 1 0
a 0 31 0 1 0
a 0 32 0 1 0
a 0 33 0 1 0
a 0 34 0 1 0
a 0 35 0 1 0
a 0 36 0 1 0
a 0 37 0 1 0
a 0 38 0 1 0
a 2 39 0 1 5697787375993.5205
a 2 40 0 1 4028136755950.3237
a 2 41 0 1 1461753691604.0234
a 2 42 0 1 1918201210376.8206
a 2 43 0 1 3352677824556.8877
a 2 44 0 1 2385673857083.78
a 2 45 0 1 4245220233600.219
a 2 46 0 1 6375953331474.856
a 2 47 0 1 6581146761018.27
a 2 48 0 1 5487959090895.171
a 2 49 0 1 2517105444916.7466
a 2 50 0 1 2407754756662.3
a 2 51 0 1 6637740677290.594
a 2 52 0 1 3672800499269.644
a 2 53 0 1 5455975332481.061
a 2 54 0 1 1981805539355.4836
a 2 55 0 1 6480237232205.82
a 2 56 0 1 6220773305796.318
a 2 57 0 1 5497686355568.299
a 2 58 0 1 6625092448932.311
a 2 59 0 1 2777911829846.3857
a 2 60 0 1 5420111940681.835
a 2 61 0 1 2034405080981.4377
a 2 62 0 1 5412690653474.801
a 2 63 0 1 2215574773150.5405
a 2 64 0 1 4431566463487.02
a 2 65 0 1 2956874307306.339
a 2 66 0 1 3940355273808.985
a 2 67 0 1 4293397685001.5645
a 2 68 0 1 4600710709735.91
a 2 69 0 1 2954985027514.2466
a 2 70 0 1 1683591914869.4626
a 2 71 0 1 5254556396765.351
a 2 72 0 1 5785595483826.83
a 2 73 0 1 6033959783773.305
a 2 74 0 1 2151311020478.321
a 2 75 0 1 2550149436666.348
a 2 76 0 1 6624963123182.564
a 2 77 0 1 4122799086241.503
a 2 78 0 1 4639604368007.391
a 2 79 0 1 1713371489594.5442
a 2 80 0 1 4915996135304.253
a 3 39 0 1 10743245680588.541
a 3 40 0 1 7593806484889.033
a 3 41 0 1 2754964012000.517
a 3 42 0 1 3615397779674.678
a 3 43 0 1 6320002296196.083
a 3 44 0 1 4496697617005.609
a 3 45 0 1 8003227404557.375
a 3 46 0 1 12022767428598.111
a 3 47 0 1 12409948668587.686
a 3 48 0 1 10347390483512.695
a 3 49 0 1 4744493308376.532
a 3 50 0 1 4538327569751.3
a 3 51 0 1 12516739068632.137
a 3 52 0 1 6923679007948.508
a 3 53 0 1 10287052457590.455
a 3 54 0 1 3735302501349.8403
a 3 55 0 1 12219539586714.137
a 3 56 0 1 11729967682881.691
a 3 57 0 1 10365741248896.008
a 3 58 0 1 12492872273108.406
a 3 59 0 1 5236226563360.363
a 3 60 0 1 10219395891045.492
a 3 61 0 1 3834462545789.2656
a 3 62 0 1 10205395637068.918
a 3 63 0 1 4176009680562.885
a 3 64 0 1 8354692129053.845
a 3 65 0 1 5573663650815.107
a 3 66 0 1 7428255159007.946
a 3 67 0 1 8094092865194.987
a 3 68 0 1 8673724029831.966
a 3 69 0 1 5570101314238.384
a 3 70 0 1 3173133740851.655
a 3 71 0 1 9907080494785.53
a 3 72 0 1 10908906624892.863
a 3 73 0 1 11377492925647.768
a 3 74 0 1 4054856071209.5127
a 3 75 0 1 4806794131140.66
a 3 76 0 1 12492628239943.734
a 3 77 0 1 7772338056097.811
a 3 78 0 1 8747084970974.127
a 3 79 0 1 3229270306405.403
a 3 80 0 1 9268429924250.309
a 4 39 0 1 24457137770312.758
a 4 40 0 1 17279392309982.83
a 4 41 0 1 6264353544492.216
a 4 42 0 1 8221882197638.065
a 4 43 0 1 14378211828331.451
a 4 44 0 1 10227394992304.861
a 4 45 0 1 18212108774861.12
a 4 46 0 1 27375141682234.188
a 4 47 0 1 28258342037791.32
a 4 48 0 1 23554596029388.105
a 4 49 0 1 10791379949782.266
a 4 50 0 1 10322142225066.562
a 4 51 0 1 28501959707755.617
a 4 52 0 1 15752993355917.818
a 4 53 0 1 23417035813802.742
a 4 54 0 1 8494710531590.976
a 4 55 0 1 27823986671037.14
a 4 56 0 1 26707302229660.61
a 4 57 0 1 23596433071159.574
a 4 58 0 1 28447512451862.477
a 4 59 0 1 11910690345721.645
a 4 60 0 1 23262793506066.004
a 4 61 0 1 8720344181257.977
a 4 62 0 1 23230876345442.715
a 4 63 0 1 9497567655517.053
a 4 64 0 1 19012882817392.863
a 4 65 0 1 12678876876958.947
a 4 66 0 1 16902275809917.523
a 4 67 0 1 18419127876403.355
a 4 68 0 1 19739833949274.71
a 4 69 0 1 12670766703645.021
a 4 70 0 1 7215648243705.48
a 4 71 0 1 22550821952674.86
a 4 72 0 1 24834872586899.254
a 4 73 0 1 25903428059719.402
a 4 74 0 1 9221861999139.098
a 4 75 0 1 10933183576059.83
a 4 76 0 1 28446955741645.383
a 4 77 0 1 17686097659956.37
a 4 78 0 1 19907005005631.508
a 4 79 0 1 7343362259312.116
a 4 80 0 1 21095122510349.918
a 5 39 0 1 19696175183647.223
a 5 40 0 1 13917928694952.191
a 5 41 0 1 5046955998343.394
a 5 42 0 1 6623773633689.522
a 5 43 0 1 11581884928766.285
a 5 44 0 1 8239099817909.149
a 5 45 0 1 14668891668162.477
a 5 46 0 1 22044701425876.598
a 5 47 0 1 22755475674568.664
a 5 48 0 1 18969711147816.086
a 5 49 0 1 8693331391210.426
a 5 50 0 1 8315409720294.162
a 5 51 0 1 22951527204168.234
a 5 52 0 1 12688903183971.172
a 5 53 0 1 18858985095655.414
a 5 54 0 1 6843529825911.449
a 5 55 0 1 22405922492300.6
a 5 56 0 1 21507224703057.527
a 5 57 0 1 19003386813308.254
a 5 58 0 1 22907710914445.62
a 5 59 0 1 9594786190046.113
a 5 60 0 1 18734830348863.69
a 5 61 0 1 7025269887258.929
a 5 62 0 1 18709139060782.33
a 5 63 0 1 7651282316459.513
a 5 64 0 1 15313598061169.828
a 5 65 0 1 10213431515711.398
a 5 66 0 1 13614289957467.219
a 5 67 0 1 14835565797546.182
a 5 68 0 1 15898849268921.66
a 5 69 0 1 10206900243506.451
a 5 70 0 1 5813254898708.341
a 5 71 0 1 18161729694834.598
a 5 72 0 1 20000208621284.242
a 5 73 0 1 20860245938645.074
a 5 74 0 1 7429218476938.972
a 5 75 0 1 8807537745219.465
a 5 76 0 1 22907262902770.133
a 5 77 0 1 14245385402917.03
a 5 78 0 1 16033432042314.324
a 5 79 0 1 5916130217450.847
a 5 80 0 1 16989909128699.533
a 6 39 0 1 15122357177844.166
a 6 40 0 1 10687577996782.543
a 6 41 0 1 3876476323027.9814
a 6 42 0 1 5087387415349.58
a 6 43 0 1 8894285171146.076
a 6 44 0 1 6327765199735.282
a 6 45 0 1 11264016384151.895
a 6 46 0 1 16924448715322.676
a 6 47 0 1 17469801481206.861
a 6 48 0 1 14564874576554.47
a 6 49 0 1 6676541561919.174
a 6 50 0 1 6386359451132.511
a 6 51 0 1 17620221458000.09
a 6 52 0 1 9744129333851.963
a 6 53 0 1 14479902398368.123
a 6 54 0 1 5256140245013.63
a 6 55 0 1 17201603878286.56
a 6 56 0 1 16512047420318.84
a 6 57 0 1 14590717488208.059
a 6 58 0 1 17586603671849.605
a 6 59 0 1 7368687926597.532
a 6 60 0 1 14384624318689.889
a 6 61 0 1 5395698635967.086
a 6 62 0 1 14364908387741.938
a 6 63 0 1 5876403885638.928
a 6 64 0 1 11758873851654.129
a 6 65 0 1 7843670935540.926
a 6 66 0 1 10454498645209.154
a 6 67 0 1 11391952129052.908
a 6 68 0 1 12208080500103.566
a 6 69 0 1 7838656442702.521
a 6 70 0 1 4464965385309.019
a 6 71 0 1 13944810693694.598
a 6 72 0 1 15355663529906.047
a 6 73 0 1 16015610392288.281
a 6 74 0 1 5705886342986.748
a 6 75 0 1 6764232232989.708
a 6 76 0 1 17586259937163.953
a 6 77 0 1 10938936269163.275
a 6 78 0 1 12311376847230.02
a 6 79 0 1 4543967970433.985
a 6 80 0 1 13045480487878.322
a 7 39 0 1 19015851566184.86
a 7 40 0 1 13437499763364.475
a 7 41 0 1 4872913353857.352
a 7 42 0 1 6395314894877.564
a 7 43 0 1 11182197057840.953
a 7 44 0 1 7954876268672.12
a 7 45 0 1 14162498174033.748
a 7 46 0 1 21283058654155.344
a 7 47 0 1 21969213541417.055
a 7 48 0 1 18314533195266.945
a 7 49 0 1 8393423105774.546
a 7 50 0 1 8028551280660.693
a 7 51 0 1 22158473674234.402
a 7 52 0 1 12250958487839.586
a 7 53 0 1 18207639433491.47
a 7 54 0 1 6607485769901.693
a 7 55 0 1 21631768453444.527
a 7 56 0 1 20764196137024.168
a 7 57 0 1 18347043308499.37
a 7 58 0 1 22116175244864.684
a 7 59 0 1 9263745741346.459
a 7 60 0 1 18087781639513.53
a 7 61 0 1 6782952435616.021
a 7 62 0 1 18062979503212.508
a 7 63 0 1 7387353909925.655
a 7 64 0 1 14784910370128.684
a 7 65 0 1 9861022251001.672
a 7 66 0 1 13144358111873.0
a 7 67 0 1 14323408953665.588
a 7 68 0 1 15349920597423.156
a 7 69 0 1 9854716592801.844
a 7 70 0 1 5612769604494.41
a 7 71 0 1 17534514263710.037
a 7 72 0 1 19309360052503.207
a 7 73 0 1 20139620967065.03
a 7 74 0 1 7172956415153.799
a 7 75 0 1 8503685635039.586
a 7 76 0 1 22115742752891.89
a 7 77 0 1 13753635180855.547
a 7 78 0 1 15479848437677.652
a 7 79 0 1 5712094665176.4375
a 7 80 0 1 16403238994938.346
a 8 39 0 1 25327442568430.16
a 8 40 0 1 17893751333132.7
a 8 41 0 1 6486786657401.213
a 8 42 0 1 8513890911765.779
a 8 43 0 1 14889244116247.332
a 8 44 0 1 10590718474467.861
a 8 45 0 1 18859702066138.555
a 8 46 0 1 28349622685632.047
a 8 47 0 1 29264368637266.43
a 8 48 0 1 24392693691550.812
a 8 49 0 1 11174764525246.21
a 8 50 0 1 10688835702682.27
a 8 51 0 1 29516688859504.367
a 8 52 0 1 16312980142079.166
a 8 53 0 1 24250225258501.594
a 8 54 0 1 8796418844920.568
a 8 55 0 1 28814498407762.18
a 8 56 0 1 27657934173823.77
a 8 57 0 1 24436023531880.605
a 8 58 0 1 29460296585505.84
a 8 59 0 1 12333897077638.146
a 8 60 0 1 24090479699371.2
a 8 61 0 1 9030074704016.842
a 8 62 0 1 24057423783355.02
a 8 63 0 1 9834934991446.426
a 8 64 0 1 19689014942706.617
a 8 65 0 1 13129419841234.416
a 8 66 0 1 17503199631550.457
a 8 67 0 1 19074098611519.26
a 8 68 0 1 20441878649156.605
a 8 69 0 1 13121021037926.936
a 8 70 0 1 7471888759877.629
a 8 71 0 1 23353108151376.83
a 8 72 0 1 25718658882167.87
a 8 73 0 1 26825358077779.082
a 8 74 0 1 9549425100420.059
a 8 75 0 1 11321612568265.555
a 8 76 0 1 29459719988072.355
a 8 77 0 1 18314947375019.47
a 8 78 0 1 20615009245440.473
a 8 79 0 1 7604142099298.752
a 8 80 0 1 21845489215187.637
a 9 39 0 1 22789770090164.42
a 9 40 0 1 16102275523410.74
a 9 41 0 1 5838113849206.692
a 9 42 0 1 7662330625459.732
a 9 43 0 1 13399035927758.42
a 9 44 0 1 9531205637083.223
a 9 45 0 1 16971328707789.828
a 9 46 0 1 25508253987268.02
a 9 47 0 1 26331040440378.47
a 9 48 0 1 21948914819548.133
a 9 49 0 1 10056755088082.066
a 9 50 0 1 9619496182469.146
a 9 51 0 1 26557991820663.184
a 9 52 0 1 14680034625614.03
a 9 53 0 1 21820755451742.707
a 9 54 0 1 7916574321436.947
a 9 55 0 1 25926397885499.25
a 9 56 0 1 24886089421345.6
a 9 57 0 1 21987892668144.555
a 9 58 0 1 26507269467607.473
a 9 59 0 1 11099770839440.72
a 9 60 0 1 21677053713943.605
a 9 61 0 1 8126837338988.778
a 9 62 0 1 21647317656229.793
a 9 63 0 1 8851109041483.824
a 9 64 0 1 17717435136869.477
a 9 65 0 1 11815585492862.996
a 9 66 0 1 15750895783930.973
a 9 67 0 1 17164215833502.383
a 9 68 0 1 18394750298437.66
a 9 69 0 1 11808028283736.832
a 9 70 0 1 6724630344230.322
a 9 71 0 1 21013732163500.97
a 9 72 0 1 23141684131435.914
a 9 73 0 1 24137185148982.195
a 9 74 0 1 8594188057718.0
a 9 75 0 1 10188894082654.621
a 9 76 0 1 26506750843408.96
a 9 77 0 1 16481222452931.762
a 9 78 0 1 18550505878437.57
a 9 79 0 1 6843646695095.715
a 9 80 0 1 19657479556568.24
a 10 39 0 1 21312029373170.6
a 10 40 0 1 15058919216931.082
a 10 41 0 1 5460247860655.302
a 10 42 0 1 7166296612722.415
a 10 43 0 1 12531090387592.42
a 10 44 0 1 8914062608007.643
a 10 45 0 1 15871558637215.264
a 10 46 0 1 23853756010816.855
a 10 47 0 1 24623024057851.05
a 10 48 0 1 20525826012300.15
a 10 49 0 1 9405546010089.533
a 10 50 0 1 8996630440837.201
a 10 51 0 1 24835211645438.18
a 10 52 0 1 13728978968854.95
a 10 53 0 1 20405995573222.285
a 10 54 0 1 7404067376542.727
a 10 55 0 1 24244702791077.574
a 10 56 0 1 23272054042708.92
a 10 57 0 1 20562270690130.02
a 10 58 0 1 24787788979346.477
a 10 59 0 1 10380942193616.182
a 10 60 0 1 20271632571454.375
a 10 61 0 1 7600706372295.8545
a 10 62 0 1 20243828933023.84
a 10 63 0 1 8278044065625.954
a 10 64 0 1 16569223852119.121
a 10 65 0 1 11050341206566.994
a 10 66 0 1 14730345963628.447
a 10 67 0 1 16051923246389.25
a 10 68 0 1 17202557356912.076
a 10 69 0 1 11043274067668.598
a 10 70 0 1 6289343917892.885
a 10 71 0 1 19651414513266.95
a 10 72 0 1 21641067606133.734
a 10 73 0 1 22571847722880.97
a 10 74 0 1 8037772826054.809
a 10 75 0 1 9529119165224.127
a 10 76 0 1 24787304093489.113
a 10 77 0 1 15413268463454.045
a 10 78 0 1 17348197995992.46
a 10 79 0 1 6400650642443.046
a 10 80 0 1 18383273797034.09
a 11 39 0 1 11753579877211.867
a 11 40 0 1 8307672522386.665
a 11 41 0 1 3013790299669.4463
a 11 42 0 1 3955097829701.366
a 11 43 0 1 6914027308464.511
a 11 44 0 1 4919250843765.514
a 11 45 0 1 8755620420580.296
a 11 46 0 1 13153614872766.455
a 11 47 0 1 13577270886560.82
a 11 48 0 1 11320448465036.484
a 11 49 0 1 5190345733940.246
a 11 50 0 1 4964794986273.221
a 11 51 0 1 13694122202990.082
a 11 52 0 1 7574493854996.784
a 11 53 0 1 11254428957602.82
a 11 54 0 1 4086274009723.6807
a 11 55 0 1 13368923692937.936
a 11 56 0 1 12833234013624.572
a 11 57 0 1 11340527171730.94
a 11 58 0 1 13668006850082.768
a 11 59 0 1 5728318929766.678
a 11 60 0 1 11180401892049.816
a 11 61 0 1 4194755698331.6714
a 11 62 0 1 11165083396679.846
a 11 63 0 1 4568412112672.362
a 11 64 0 1 9140161549119.166
a 11 65 0 1 6097490093473.389
a 11 66 0 1 8126543754943.582
a 11 67 0 1 8855036964219.906
a 11 68 0 1 9489220131382.81
a 11 69 0 1 6093592724918.698
a 11 70 0 1 3471262385911.5913
a 11 71 0 1 10838680485492.564
a 11 72 0 1 11934841601434.768
a 11 73 0 1 12447559582605.295
a 11 74 0 1 4435868382585.653
a 11 75 0 1 5258504672894.426
a 11 76 0 1 13667739825942.297
a 11 77 0 1 8503003630784.044
a 11 78 0 1 9569486007387.79
a 11 79 0 1 3532675352445.4214
a 11 80 0 1 10139905067063.764
a 12 39 0 1 16756895823199.572
a 12 40 0 1 11842118441518.648
a 12 41 0 1 4294874259133.5366
a 12 42 0 1 5636566898619.104
a 12 43 0 1 9854882796821.578
a 12 44 0 1 7010950606647.239
a 12 45 0 1 12480916912168.873
a 12 46 0 1 18754191959328.57
a 12 47 0 1 19358635652014.473
a 12 48 0 1 16139044253446.79
a 12 49 0 1 7397415143313.6
a 12 50 0 1 7075876217798.234
a 12 51 0 1 19525355619514.812
a 12 52 0 1 10796625689964.816
a 12 53 0 1 16044871317709.672
a 12 54 0 1 5823548680627.005
a 12 55 0 1 19061376849816.664
a 12 56 0 1 18297110966675.07
a 12 57 0 1 16167685466047.559
a 12 58 0 1 19488094848032.973
a 12 59 0 1 8164363587503.761
a 12 60 0 1 15939276798362.438
a 12 61 0 1 5978182986576.778
a 12 62 0 1 15917426113771.648
a 12 63 0 1 6510820942582.7705
a 12 64 0 1 13029316218204.486
a 12 65 0 1 8690686904118.16
a 12 66 0 1 11583826774139.459
a 12 67 0 1 12622694206965.977
a 12 68 0 1 13527131301554.13
a 12 69 0 1 8685130368646.922
a 12 70 0 1 4946916624193.517
a 12 71 0 1 15451844655325.91
a 12 72 0 1 17015469125286.201
a 12 73 0 1 17746896017811.31
a 12 74 0 1 6321880909468.022
a 12 75 0 1 7494582045264.176
a 12 76 0 1 19487713864761.715
a 12 77 0 1 12120667950698.508
a 12 78 0 1 13641606084575.334
a 12 79 0 1 5034451742991.117
a 12 80 0 1 14455160814655.092
a 13 39 0 1 14899042388721.248
a 13 40 0 1 10529831864151.521
a 13 41 0 1 3819304645201.0303
a 13 42 0 1 5012346473577.652
a 13 43 0 1 8763034328662.203
a 13 44 0 1 6234415067555.161
a 13 45 0 1 11097751281373.088
a 13 46 0 1 16674470966981.908
a 13 47 0 1 17211752782920.879
a 13 48 0 1 14349805849187.037
a 13 49 0 1 6578042221103.148
a 13 50 0 1 6292144282993.932
a 13 51 0 1 17359946443112.928
a 13 52 0 1 9600323677260.895
a 13 53 0 1 14266090454206.658
a 13 54 0 1 5178608649045.491
a 13 55 0 1 16947524496032.65
a 13 56 0 1 16268172343226.35
a 13 57 0 1 14375266525781.941
a 13 58 0 1 17326826229349.58
a 13 59 0 1 7259968779457.112
a 13 60 0 1 14172221558624.459
a 13 61 0 1 5316107199883.751
a 13 62 0 1 14152797226898.297
a 13 63 0 1 5789716884621.406
a 13 64 0 1 11585294544302.578
a 13 65 0 1 7727937553720.586
a 13 66 0 1 10300196790003.232
a 13 67 0 1 11223796160060.94
a 13 68 0 1 12027861015757.129
a 13 69 0 1 7722997115540.456
a 13 70 0 1 4399110060916.539
a 13 71 0 1 13738912480664.518
a 13 72 0 1 15128897456112.19
a 13 73 0 1 15779080781185.803
a 13 74 0 1 5621716395542.85
a 13 75 0 1 6664438194582.811
a 13 76 0 1 17326487582216.188
a 13 77 0 1 10777475542381.293
a 13 78 0 1 12129630339593.896
a 13 79 0 1 4476946808790.968
a 13 80 0 1 12852880742252.129
a 14 39 0 1 30194412666153.227
a 14 40 0 1 21328738793066.582
a 14 41 0 1 7730078782750.182
a 14 42 0 1 10146162727571.705
a 14 43 0 1 17746289868695.09
a 14 44 0 1 12621735852997.357
a 14 45 0 1 22480599405647.594
a 14 46 0 1 33799604226094.035
a 14 47 0 1 34890910067085.023
a 14 48 0 1 29079438525104.84
a 14 49 0 1 13317958201407.799
a 14 50 0 1 12738696960695.777
a 14 51 0 1 35191939739396.83
a 14 52 0 1 19443833815648.95
a 14 53 0 1 28909505375564.156
a 14 54 0 1 10482921942855.281
a 14 55 0 1 34354202492806.062
a 14 56 0 1 32974438759286.227
a 14 57 0 1 29131121599329.855
a 14 58 0 1 35124660860460.734
a 14 59 0 1 14699775780329.559
a 14 60 0 1 28718965735792.984
a 14 61 0 1 10761431258715.955
a 14 62 0 1 28679537814202.355
a 14 63 0 1 11720817572861.76
a 14 64 0 1 23469563759984.53
a 14 65 0 1 15648170222619.666
a 14 66 0 1 20863034294498.12
a 14 67 0 1 22736266063448.465
a 14 68 0 1 24367393159176.617
a 14 69 0 1 15638157288409.205
a 14 70 0 1 8904184445647.92
a 14 71 0 1 27839468910952.05
a 14 72 0 1 30661071598848.93
a 14 73 0 1 31981231890970.816
a 14 74 0 1 11380488411699.602
a 14 75 0 1 13493013818499.326
a 14 76 0 1 35123972950982.477
a 14 77 0 1 21830993471335.52
a 14 78 0 1 24573864701076.58
a 14 79 0 1 9061816052659.436
a 14 80 0 1 26041352305524.207
a 15 39 0 1 12316714378063.895
a 15 40 0 1 8705542085000.822
a 15 41 0 1 3158034030088.0654
a 15 42 0 1 4144415203122.201
a 15 43 0 1 7245096978215.861
a 15 44 0 1 5154746409350.541
a 15 45 0 1 9174965693314.992
a 15 46 0 1 13783934003697.676
a 15 47 0 1 14227924820667.041
a 15 48 0 1 11862802529577.03
a 15 49 0 1 5438827347857.756
a 15 50 0 1 5202472158239.053
a 15 51 0 1 14350385176997.514
a 15 52 0 1 7937218060285.191
a 15 53 0 1 11793615781184.271
a 15 54 0 1 4281873446306.108
a 15 55 0 1 14009577039071.652
a 15 56 0 1 13448176762131.115
a 15 57 0 1 11883844508572.965
a 15 58 0 1 14323016233932.348
a 15 59 0 1 6002573172115.229
a 15 60 0 1 11716037377526.467
a 15 61 0 1 4395550502881.6177
a 15 62 0 1 11699984008099.516
a 15 63 0 1 4787102983487.0
a 15 64 0 1 9577944509217.172
a 15 65 0 1 6389432117757.85
a 15 66 0 1 8515730223611.623
a 15 67 0 1 9279148822266.434
a 15 68 0 1 9943740969913.47
a 15 69 0 1 6385348009690.091
a 15 70 0 1 3637410466649.5776
a 15 71 0 1 11357923218242.42
a 15 72 0 1 12506673178595.928
a 15 73 0 1 13043993820997.898
a 15 74 0 1 4648210960465.221
a 15 75 0 1 5510251385251.438
a 15 76 0 1 14322736392129.059
a 15 77 0 1 8910237555700.076
a 15 78 0 1 10027855913480.285
a 15 79 0 1 3701764148877.8906
a 15 80 0 1 10625630980236.52
a 16 39 0 1 32336939994759.117
a 16 40 0 1 22840522646766.85
a 16 41 0 1 8277069425878.603
a 16 42 0 1 10864332637452.082
a 16 43 0 1 19003593349778.28
a 16 44 0 1 13515405640843.01
a 16 45 0 1 24074253814398.656
a 16 46 0 1 36199015653723.336
a 16 47 0 1 37368126386779.58
a 16 48 0 1 31142565792306.883
a 16 49 0 1 14261004323856.977
a 16 50 0 1 13640661079159.666
a 16 51 0 1 37690621722245.414
a 16 52 0 1 20821694831912.76
a 16 53 0 1 30960533201148.8
a 16 54 0 1 11224959302669.764
a 16 55 0 1 36793151509499.87
a 16 56 0 1 35315033736090.766
a 16 57 0 1 31197928863237.332
a 16 58 0 1 37618545218615.94
a 16 59 0 1 15740846005204.582
a 16 60 0 1 30756427516337.867
a 16 61 0 1 11523209166395.912
a 16 62 0 1 30714192484420.938
a 16 63 0 1 12550606498809.031
a 16 64 0 1 25133529139661.78
a 16 65 0 1 16756537483525.41
a 16 66 0 1 22341723969144.312
a 16 67 0 1 24348095591840.98
a 16 68 0 1 26095205072905.098
a 16 69 0 1 16745813960206.951
a 16 70 0 1 9534347601385.896
a 16 71 0 1 29814320521826.64
a 16 72 0 1 32836837344998.3
a 16 73 0 1 34251048574518.312
a 16 74 0 1 12186149518557.53
a 16 75 0 1 14448476280804.898
a 16 76 0 1 37617808255052.375
a 16 77 0 1 23378473115807.8
a 16 78 0 1 26316361239317.7
a 16 79 0 1 9703147512850.738
a 16 80 0 1 27888240728924.4
a 17 39 0 1 5128117680720.146
a 17 40 0 1 3625469850663.6846
a 17 41 0 1 1315670440234.1948
a 17 42 0 1 1726492904058.9084
a 17 43 0 1 3017555660442.9224
a 17 44 0 1 2147233985049.2258
a 17 45 0 1 3820843343105.8623
a 17 46 0 1 5738435213854.642
a 17 47 0 1 5923097791582.86
a 17 48 0 1 4939280140132.634
a 17 49 0 1 2265526012524.353
a 17 50 0 1 2167107424228.9805
a 17 51 0 1 5974028988404.195
a 17 52 0 1 3305667792268.519
a 17 53 0 1 4910495884018.67
a 17 54 0 1 1783739202224.2988
a 17 55 0 1 5832284984544.0
a 17 56 0 1 5598781314729.77
a 17 57 0 1 4948034331542.059
a 17 58 0 1 5962646332382.948
a 17 59 0 1 2500257839761.8213
a 17 60 0 1 4878220069278.31
a 17 61 0 1 1831080712852.667
a 17 62 0 1 4871541163618.998
a 17 63 0 1 1994139621104.2827
a 17 64 0 1 3988552765381.4985
a 17 65 0 1 2661327426724.793
a 17 66 0 1 3546466901555.987
a 17 67 0 1 3864202553541.1562
a 17 68 0 1 4140779980938.071
a 17 69 0 1 2659627042935.0654
a 17 70 0 1 1515334953151.9578
a 17 71 0 1 4729225448526.378
a 17 72 0 1 5207141394218.661
a 17 73 0 1 5430658262679.345
a 17 74 0 1 1936300127497.923
a 17 75 0 1 2295266453497.9126
a 17 76 0 1 5962529946854.071
a 17 77 0 1 3710665353981.1523
a 17 78 0 1 4175783590282.6
a 17 79 0 1 1542137850227.33
a 17 80 0 1 4424530423406.852
a 18 39 0 1 9287698270541.736
a 18 40 0 1 6565283032508.733
a 18 41 0 1 2382004753958.4336
a 18 42 0 1 3125913498642.9736
a 18 43 0 1 5464114499586.675
a 18 44 0 1 3887841813420.24
a 18 45 0 1 6919206811383.081
a 18 46 0 1 10393656639761.656
a 18 47 0 1 10728309166843.344
a 18 48 0 1 8945530720109.604
a 18 49 0 1 4102069958146.2227
a 18 50 0 1 3923832496582.0225
a 18 51 0 1 10820610646899.06
a 18 52 0 1 5985981797274.343
a 18 53 0 1 8893375634762.254
a 18 54 0 1 3229578430104.8096
a 18 55 0 1 10563733309334.13
a 18 56 0 1 10140578222228.367
a 18 57 0 1 8961392766375.826
a 18 58 0 1 10799982035182.441
a 18 59 0 1 4527185856248.606
a 18 60 0 1 8834894419968.922
a 18 61 0 1 3315308032354.172
a 18 62 0 1 8822792817041.023
a 18 63 0 1 3610593285147.2495
a 18 64 0 1 7223026768682.722
a 18 65 0 1 4818905022658.859
a 18 66 0 1 6422170959400.06
a 18 67 0 1 6997754815571.465
a 18 68 0 1 7498807629147.82
a 18 69 0 1 4815825348007.859
a 18 70 0 1 2743545961207.4976
a 18 71 0 1 8564932566146.991
a 18 72 0 1 9430890283523.357
a 18 73 0 1 9835917258294.252
a 18 74 0 1 3505850051871.4443
a 18 75 0 1 4155930963774.2
a 18 76 0 1 10799771111712.896
a 18 77 0 1 6719615146402.457
a 18 78 0 1 7562222665430.687
a 18 79 0 1 2792080157242.8857
a 18 80 0 1 8012882126888.404
a 19 39 0 1 9898516544680.723
a 19 40 0 1 6996913662009.896
a 19 41 0 1 2538527864893.884
a 19 42 0 1 3331338097439.1675
a 19 43 0 1 5823300912610.752
a 19 44 0 1 4143361687094.8413
a 19 45 0 1 7374125709924.437
a 19 46 0 1 11077302595844.604
a 19 47 0 1 11433995985626.852
a 19 48 0 1 9533821164620.283
a 19 49 0 1 4371676594367.585
a 19 50 0 1 4181718917941.0903
a 19 51 0 1 11532376938191.89
a 19 52 0 1 6379498632034.326
a 19 53 0 1 9478232428056.166
a 19 54 0 1 3441818241970.3433
a 19 55 0 1 11258580617608.418
a 19 56 0 1 10807557146337.844
a 19 57 0 1 9550727503858.621
a 19 58 0 1 11510389603074.979
a 19 59 0 1 4824748560160.141
a 19 60 0 1 9415901131013.244
a 19 61 0 1 3533184071194.487
a 19 62 0 1 9403002831859.977
a 19 63 0 1 3847883534150.3853
a 19 64 0 1 7697938706400.838
a 19 65 0 1 5135653172559.407
a 19 66 0 1 6844385354668.18
a 19 67 0 1 7457842465796.647
a 19 68 0 1 7991868768602.37
a 19 69 0 1 5132370950283.981
a 19 70 0 1 2923834182612.868
a 19 71 0 1 9128167186508.988
a 19 72 0 1 10051136679633.988
a 19 73 0 1 10482833442322.988
a 19 74 0 1 3736253554358.319
a 19 75 0 1 4429079394917.1875
a 19 76 0 1 11510164786964.123
a 19 77 0 1 7161400617091.729
a 19 78 0 1 8059457336685.729
a 19 79 0 1 2975558827046.682
a 19 80 0 1 8539777906173.452
a 20 39 0 1 26450934927865.027
a 20 40 0 1 18686785076084.793
a 20 41 0 1 6773880562114.788
a 20 42 0 1 8890792800116.121
a 20 43 0 1 15548882516656.475
a 20 44 0 1 11059676678536.213
a 20 45 0 1 19695642964341.285
a 20 46 0 1 29607632581250.63
a 20 47 0 1 30563113245550.484
a 20 48 0 1 25474600079387.19
a 20 49 0 1 11669619116504.887
a 20 50 0 1 11162144134407.197
a 20 51 0 1 30826671160977.28
a 20 52 0 1 17035818143197.535
a 20 53 0 1 25325794200066.668
a 20 54 0 1 9185841209476.41
a 20 55 0 1 30093208645885.89
a 20 56 0 1 28885148316623.977
a 20 57 0 1 25519857411052.445
a 20 58 0 1 30767767261080.086
a 20 59 0 1 12880157953421.502
a 20 60 0 1 25158942911715.273
a 20 61 0 1 9429852378069.418
a 20 62 0 1 25124416651584.54
a 20 63 0 1 10270387431657.646
a 20 64 0 1 20561801548784.65
a 20 65 0 1 13710969590227.56
a 20 66 0 1 18278888049522.562
a 20 67 0 1 19919564272469.74
a 20 68 0 1 21348120751865.52
a 20 69 0 1 13702198186198.146
a 20 70 0 1 7802620750706.411
a 20 71 0 1 24388775476407.652
a 20 72 0 1 26859558809767.17
a 20 73 0 1 28015510583888.395
a 20 74 0 1 9972221760772.387
a 20 75 0 1 11822978919982.918
a 20 76 0 1 30767164983052.45
a 20 77 0 1 19126689256550.32
a 20 78 0 1 21528945722308.617
a 20 79 0 1 7940733440085.637
a 20 80 0 1 22814120654223.332
a 21 39 0 1 14914068388844.152
a 21 40 0 1 10540446074283.258
a 21 41 0 1 3823151577900.3535
a 21 42 0 1 5017395772631.53
a 21 43 0 1 8771865784384.427
a 21 44 0 1 6240696329440.22
a 21 45 0 1 11108938694304.684
a 21 46 0 1 16691290967743.713
a 21 47 0 1 17229115830505.691
a 21 48 0 1 14364277016089.361
a 21 49 0 1 6584669954761.725
a 21 50 0 1 6298483750071.763
a 21 51 0 1 17377459286302.945
a 21 52 0 1 9609999893829.863
a 21 53 0 1 14280477058829.402
a 21 54 0 1 5183825535990.781
a 21 55 0 1 16964620471769.535
a 21 56 0 1 16284581730451.703
a 21 57 0 1 14389763411251.09
a 21 58 0 1 17344305593859.418
a 21 59 0 1 7267284166079.384
a 21 60 0 1 14186513346691.799
a 21 61 0 1 5321462686595.792
a 21 62 0 1 14167069394791.486
a 21 63 0 1 5795549807749.205
a 21 64 0 1 11596974095994.088
a 21 65 0 1 7735724901374.394
a 21 66 0 1 10310579250056.45
a 21 67 0 1 11235110800647.908
a 21 68 0 1 12039987353363.617
a 21 69 0 1 7730779480342.552
a 21 70 0 1 4403541289353.768
a 21 71 0 1 13752766611744.012
a 21 72 0 1 15144155674357.08
a 21 73 0 1 15794995933675.707
a 21 74 0 1 5627379954785.952
a 21 75 0 1 6671153043736.676
a 21 76 0 1 17343966604414.375
a 21 77 0 1 10788339690806.97
a 21 78 0 1 12141859423241.873
a 21 79 0 1 4481456482730.888
a 21 80 0 1 12865840087032.105
a 22 39 0 1 10770608790639.752
a 22 40 0 1 7613140922611.186
a 22 41 0 1 2761974453096.637
a 22 42 0 1 3624598644238.645
a 22 43 0 1 6336091160451.55
a 22 44 0 1 4508142475285.082
a 22 45 0 1 8023605223884.245
a 22 46 0 1 12053394012838.768
a 22 47 0 1 12441562964902.55
a 22 48 0 1 10373744143414.025
a 22 49 0 1 4756569194168.794
a 22 50 0 1 4549878438833.953
a 22 51 0 1 12548625806303.611
a 22 52 0 1 6941305883767.955
a 22 53 0 1 10313252260670.043
a 22 54 0 1 3744808644304.314
a 22 55 0 1 12250668132169.688
a 22 56 0 1 11759847383964.965
a 22 57 0 1 10392141702108.627
a 22 58 0 1 12524698121745.002
a 22 59 0 1 5249554786102.73
a 22 60 0 1 10245423178197.188
a 22 61 0 1 3844221157402.3867
a 22 62 0 1 10231387225631.225
a 22 63 0 1 4186637940167.399
a 22 64 0 1 8375965711194.705
a 22 65 0 1 5587851334198.018
a 22 66 0 1 7447167728338.14
a 22 67 0 1 8114702262392.824
a 22 68 0 1 8695810777592.619
a 22 69 0 1 5584279923912.369
a 22 70 0 1 3181208670655.5728
a 22 71 0 1 9932311450999.35
a 22 72 0 1 10936692205851.162
a 22 73 0 1 11406473589567.258
a 22 74 0 1 4065175841407.137
a 22 75 0 1 4819028675625.556
a 22 76 0 1 12524453466003.14
a 22 77 0 1 7792127457365.441
a 22 78 0 1 8769358713505.172
a 22 79 0 1 3237488144716.316
a 22 80 0 1 9292032650169.588
a 23 39 0 1 24819722916807.086
a 23 40 0 1 17535350091870.805
a 23 41 0 1 6357027343883.482
a 23 42 0 1 8343543177810.428
a 23 43 0 1 14591122510357.17
a 23 44 0 1 10378767458629.465
a 23 45 0 1 18481912206025.414
a 23 46 0 1 27781125730485.73
a 23 47 0 1 28677467587416.074
a 23 48 0 1 23903763840038.184
a 23 49 0 1 10951110309629.299
a 23 50 0 1 10474918707330.152
a 23 51 0 1 28924710622176.53
a 23 52 0 1 15986299116387.479
a 23 53 0 1 23764158879884.652
a 23 54 0 1 8620412620049.81
a 23 55 0 1 28236648929555.07
a 23 56 0 1 27103351020705.125
a 23 57 0 1 23946222775694.434
a 23 58 0 1 28869453098588.99
a 23 59 0 1 12087011426713.406
a 23 60 0 1 23607623937123.67
a 23 61 0 1 8849388529300.637
a 23 62 0 1 23575232374829.074
a 23 63 0 1 9638126185946.475
a 23 64 0 1 19294575694892.684
a 23 65 0 1 12866586737538.732
a 23 66 0 1 17152636366960.764
a 23 67 0 1 18692004798487.723
a 23 68 0 1 20032322118466.57
a 23 69 0 1 12858356315853.434
a 23 70 0 1 7322407205814.47
a 23 71 0 1 22885070814050.89
a 23 72 0 1 25203074042156.383
a 23 73 0 1 26287519900095.86
a 23 74 0 1 9358335846938.531
a 23 75 0 1 11095015547533.855
a 23 76 0 1 28868888103630.406
a 23 77 0 1 17948092382083.484
a 23 78 0 1 20201975939859.387
a 23 79 0 1 7452012432923.4
a 23 80 0 1 21407741737392.65
a 24 39 0 1 8356761147370.629
a 24 40 0 1 5907408315958.812
a 24 41 0 1 2143419207052.7397
a 24 42 0 1 2812792685671.381
a 24 43 0 1 4916644931824.781
a 24 44 0 1 3498368370150.4814
a 24 45 0 1 6225841707757.048
a 24 46 0 1 9351746207322.795
a 24 47 0 1 9652814251333.307
a 24 48 0 1 8048921986980.681
a 24 49 0 1 3691126599505.1597
a 24 50 0 1 3530752138565.6475
a 24 51 0 1 9735852288478.14
a 24 52 0 1 5386192010142.086
a 24 53 0 1 8001999212486.219
a 24 54 0 1 2906070090767.436
a 24 55 0 1 9504754905784.781
a 24 56 0 1 9124064252545.03
a 24 57 0 1 8063192707281.388
a 24 58 0 1 9717293994436.293
a 24 59 0 1 4073634618591.0293
a 24 60 0 1 7949384892285.681
a 24 61 0 1 2983209170038.523
a 24 62 0 1 7938497325522.935
a 24 63 0 1 3248904236857.698
a 24 64 0 1 6499193459195.456
a 24 65 0 1 4336113622459.4404
a 24 66 0 1 5778646342164.51
a 24 67 0 1 6296512807021.733
a 24 68 0 1 6747316319236.212
a 24 69 0 1 4333342644974.433
a 24 70 0 1 2468737553837.0005
a 24 71 0 1 7706504963238.348
a 24 72 0 1 8485586519241.46
a 24 73 0 1 8849974302681.54
a 24 74 0 1 3154657406299.5103
a 24 75 0 1 3739589512602.702
a 24 76 0 1 9717104239509.7
a 24 77 0 1 6046264800504.57
a 24 78 0 1 6804371252347.19
a 24 79 0 1 2512408895898.7036
a 24 80 0 1 7209830183018.841
a 25 39 0 1 31529054471556.152
a 25 40 0 1 22270498159854.9
a 25 41 0 1 8070838564650.795
a 25 42 0 1 10593559052410.832
a 25 43 0 1 18529530414567.69
a 25 44 0 1 13178458610804.63
a 25 45 0 1 23473356160607.09
a 25 46 0 1 35294249845727.266
a 25 47 0 1 36434016835668.6
a 25 48 0 1 30364624181913.816
a 25 49 0 1 13905439304470.836
a 25 50 0 1 13300586573067.152
a 25 51 0 1 36748416441256.99
a 25 52 0 1 20302171506516.56
a 25 53 0 1 30187154587825.7
a 25 54 0 1 10945186428124.322
a 25 55 0 1 35873474329707.56
a 25 56 0 1 34432450054048.355
a 25 57 0 1 30418599433991.004
a 25 58 0 1 36678149353890.04
a 25 59 0 1 15348319331976.998
a 25 60 0 1 29988164982896.89
a 25 61 0 1 11235993039165.238
a 25 62 0 1 29946988578145.07
a 25 63 0 1 12237746383189.139
a 25 64 0 1 24506117117819.4
a 25 65 0 1 16338635018216.002
a 25 66 0 1 21784179105563.844
a 25 67 0 1 23740344099971.91
a 25 68 0 1 25443716199794.145
a 25 69 0 1 16328179439052.924
a 25 70 0 1 9296756945662.371
a 25 71 0 1 29069669651085.42
a 25 72 0 1 32016416613402.13
a 25 73 0 1 33395158077857.656
a 25 74 0 1 11882386979708.117
a 25 75 0 1 14088229498192.227
a 25 76 0 1 36677430890987.74
a 25 77 0 1 22794987886442.3
a 25 78 0 1 25659334688761.75
a 25 79 0 1 9461345873339.572
a 25 80 0 1 27191846912030.09
a 26 39 0 1 21691679847474.55
a 26 40 0 1 15326980746391.96
a 26 41 0 1 5557335596658.937
a 26 42 0 1 7293744792503.09
a 26 43 0 1 12754088321207.79
a 26 44 0 1 9072626212121.959
a 26 45 0 1 16154112758546.348
a 26 46 0 1 24278811256396.547
a 26 47 0 1 25061826648919.027
a 26 48 0 1 20891437421967.273
a 26 49 0 1 9572861774265.18
a 26 50 0 1 9156664312837.027
a 26 51 0 1 25277806609786.8
a 26 52 0 1 13973328330081.115
a 26 53 0 1 20769467423643.465
a 26 54 0 1 7535747832975.654
a 26 55 0 1 24676744212936.203
a 26 56 0 1 23686715522389.03
a 26 57 0 1 20928532827408.91
a 26 58 0 1 25229536354416.246
a 26 59 0 1 10565630448922.238
a 26 60 0 1 20632705456788.934
a 26 61 0 1 7735887145514.419
a 26 62 0 1 20604405411686.76
a 26 63 0 1 8425283176048.423
a 26 64 0 1 16864222320326.357
a 26 65 0 1 11246954226576.72
a 26 66 0 1 14992548509177.102
a 26 67 0 1 16337694360132.936
a 26 68 0 1 17508854440869.244
a 26 69 0 1 11239761182937.021
a 26 70 0 1 6401184536877.126
a 26 71 0 1 20001414782711.254
a 26 72 0 1 22026594413447.44
a 26 73 0 1 22973999897501.695
a 26 74 0 1 8180734276987.462
a 26 75 0 1 9698635634406.303
a 26 76 0 1 25229042802202.375
a 26 77 0 1 15687649109476.371
a 26 78 0 1 17657093533720.418
a 26 79 0 1 6514472064526.138
a 26 80 0 1 18710639239867.12
a 27 39 0 1 9721183307379.047
a 27 40 0 1 6871604155950.931
a 27 41 0 1 2493087640072.8447
a 27 42 0 1 3271701043243.3623
a 27 43 0 1 5719023777238.123
a 27 44 0 1 4069181111757.9565
a 27 45 0 1 7242054983135.308
a 27 46 0 1 10878824788148.213
a 27 47 0 1 11229118850466.164
a 27 48 0 1 9363028538740.008
a 27 49 0 1 4293406367786.1445
a 27 50 0 1 4106851290105.149
a 27 51 0 1 11325734689508.93
a 27 52 0 1 6265254546332.902
a 27 53 0 1 9308436708273.205
a 27 54 0 1 3380202621031.6357
a 27 55 0 1 11056850620639.49
a 27 56 0 1 10613918416839.047
a 27 57 0 1 9379631683988.244
a 27 58 0 1 11304141846178.893
a 27 59 0 1 4738362135170.149
a 27 60 0 1 9247223220799.814
a 27 61 0 1 3469932160608.1333
a 27 62 0 1 9234556229517.56
a 27 63 0 1 3778995346623.0806
a 27 64 0 1 7560063433608.399
a 27 65 0 1 5043696812352.6045
a 27 66 0 1 6721809631350.822
a 27 67 0 1 7324271105695.686
a 27 68 0 1 7848724251661.366
a 27 69 0 1 5040473393969.506
a 27 70 0 1 2871494606866.71
a 27 71 0 1 8964649108384.766
a 27 72 0 1 9871066123901.773
a 27 73 0 1 10295019677756.67
a 27 74 0 1 3669364709064.414
a 27 75 0 1 4349780917393.9897
a 27 76 0 1 11303921063657.035
a 27 77 0 1 7033142886372.298
a 27 78 0 1 7915101119172.136
a 27 79 0 1 2922293016532.7373
a 27 80 0 1 8386810161865.65
a 28 39 0 1 9159670439739.816
a 28 40 0 1 6474810768520.667
a 28 41 0 1 2349195352166.6196
a 28 42 0 1 3082853964105.063
a 28 43 0 1 5388826200752.973
a 28 44 0 1 3834282063840.672
a 28 45 0 1 6823853501417.02
a 28 46 0 1 10250365541818.705
a 28 47 0 1 10580398793346.809
a 28 48 0 1 8822224347390.598
a 28 49 0 1 4045557580513.3574
a 28 50 0 1 3869776710637.9175
a 28 51 0 1 10671426155906.86
a 28 52 0 1 5903497966215.465
a 28 53 0 1 8770788900782.556
a 28 54 0 1 3185090384909.0005
a 28 55 0 1 10418094653079.422
a 28 56 0 1 10000780183039.016
a 28 57 0 1 8837867526579.543
a 28 58 0 1 10651082301151.28
a 28 59 0 1 4464813836548.172
a 28 60 0 1 8713114602874.526
a 28 61 0 1 3269638601298.529
a 28 62 0 1 8701179975094.1455
a 28 63 0 1 3560854537252.5806
a 28 64 0 1 7123483093384.065
a 28 65 0 1 4752511725371.775
a 28 66 0 1 6333672276250.475
a 28 67 0 1 6901318178433.55
a 28 68 0 1 7395460060846.286
a 28 69 0 1 4749474504676.383
a 28 70 0 1 2705755189718.9824
a 28 71 0 1 8446877511878.753
a 28 72 0 1 9300886484092.63
a 28 73 0 1 9700323968242.025
a 28 74 0 1 3457554798429.654
a 28 75 0 1 4098676217032.516
a 28 76 0 1 10650874289258.873
a 28 77 0 1 6627014500211.251
a 28 78 0 1 7458000368901.979
a 28 79 0 1 2753620643088.6294
a 28 80 0 1 7902443204386.012
a 29 39 0 1 30496701569379.926
a 29 40 0 1 21542049484486.914
a 29 41 0 1 7807265798394.745
a 29 42 0 1 10247503499086.074
a 29 43 0 1 17923698182045.83
a 29 44 0 1 12747839178839.156
a 29 45 0 1 22705460103170.73
a 29 46 0 1 34138128274742.05
a 29 47 0 1 35240408630231.66
a 29 48 0 1 29370527169303.324
a 29 49 0 1 13451028238530.13
a 29 50 0 1 12865970572706.357
a 29 51 0 1 35544466041708.06
a 29 52 0 1 19638250747320.65
a 29 53 0 1 29198887243923.438
a 29 54 0 1 10587630396982.438
a 29 55 0 1 34698303407829.598
a 29 56 0 1 33304666533804.68
a 29 57 0 1 29422729351752.66
a 29 58 0 1 35476510457276.67
a 29 59 0 1 14846676241924.12
a 29 60 0 1 29006433940909.984
a 29 61 0 1 10868925080081.598
a 29 62 0 1 28966610040054.496
a 29 63 0 1 11837907582728.922
a 29 64 0 1 23704343529413.23
a 29 65 0 1 15804565607762.61
a 29 66 0 1 21071676124015.367
a 29 67 0 1 22963690816704.312
a 29 68 0 1 24611179915027.24
a 29 69 0 1 15794452417355.006
a 29 70 0 1 8993107380515.646
a 29 71 0 1 28118105088570.234
a 29 72 0 1 30968049097184.793
a 29 73 0 1 32301476002068.336
a 29 74 0 1 11494174060019.27
a 29 75 0 1 13627835717664.867
a 29 76 0 1 35475815628709.66
a 29 77 0 1 22049340020684.87
a 29 78 0 1 24819723036666.848
a 29 79 0 1 9152314857872.945
a 29 80 0 1 26301937171424.67
a 30 39 0 1 13034427756341.35
a 30 40 0 1 9212603806856.195
a 30 41 0 1 3341852104573.1914
a 30 42 0 1 4385676058486.0474
a 30 43 0 1 7667018723574.855
a 30 44 0 1 5454859112071.292
a 30 45 0 1 9709399969890.941
a 30 46 0 1 14587288143457.71
a 30 47 0 1 15057200483581.03
a 30 48 0 1 12554027537066.21
a 30 49 0 1 5755490390439.904
a 30 50 0 1 5505365246798.656
a 30 51 0 1 15186810938403.084
a 30 52 0 1 8399484804598.8
a 30 53 0 1 12480803600739.588
a 30 54 0 1 4531140400275.721
a 30 55 0 1 14826104549371.389
a 30 56 0 1 14231930243750.236
a 30 57 0 1 12576297371970.535
a 30 58 0 1 15157843985076.512
a 30 59 0 1 6352083011346.209
a 30 60 0 1 12398698419892.502
a 30 61 0 1 4651438649949.867
a 30 62 0 1 12381708331043.273
a 30 63 0 1 5065798759904.38
a 30 64 0 1 10135879376857.035
a 30 65 0 1 6761485004545.934
a 30 66 0 1 9011724717152.03
a 30 67 0 1 9819658544690.87
a 30 68 0 1 10523010056535.604
a 30 69 0 1 6757162896202.255
a 30 70 0 1 3849143727885.736
a 30 71 0 1 12019689051726.156
a 30 72 0 1 13235472616714.81
a 30 73 0 1 13804154252566.723
a 30 74 0 1 4918816134850.072
a 30 75 0 1 5831075718277.252
a 30 76 0 1 15157547804003.666
a 30 77 0 1 9429234887837.773
a 30 78 0 1 10612031075459.68
a 30 79 0 1 3917245120532.414
a 30 80 0 1 11244674776468.287
a 31 39 0 1 11519405423983.78
a 31 40 0 1 8142217560867.98
a 31 41 0 1 2953803736759.6743
a 31 42 0 1 3876367093477.187
a 31 43 0 1 6776349735055.865
a 31 44 0 1 4821316885775.784
a 31 45 0 1 8581235346666.093
a 31 46 0 1 12891505161459.043
a 31 47 0 1 13306706118339.86
a 31 48 0 1 11094914606749.78
a 31 49 0 1 5087011574052.076
a 31 50 0 1 4865953813450.94
a 31 51 0 1 13421225248387.967
a 31 52 0 1 7423653306040.938
a 31 53 0 1 11030212056892.863
a 31 54 0 1 4004930857748.831
a 31 55 0 1 13102517086333.537
a 31 56 0 1 12577517722708.578
a 31 57 0 1 11114592779378.148
a 31 58 0 1 13395631126183.666
a 31 59 0 1 5614267381944.82
a 31 60 0 1 10957661660405.014
a 31 61 0 1 4111252040265.822
a 31 62 0 1 10942648730573.928
a 31 63 0 1 4477466361021.781
a 31 64 0 1 8958109694999.906
a 31 65 0 1 5976083243176.334
a 31 66 0 1 7964699448702.543
a 31 67 0 1 8678669838944.033
a 31 68 0 1 9300208353453.2
a 31 69 0 1 5972263528318.924
a 31 70 0 1 3402166719277.691
a 31 71 0 1 10622756487283.207
a 31 72 0 1 11697050883784.035
a 31 73 0 1 12199539077103.266
a 31 74 0 1 4347562568702.261
a 31 75 0 1 5153812737057.572
a 31 76 0 1 13395369431504.842
a 31 77 0 1 8333654736423.323
a 31 78 0 1 9378873720339.57
a 31 79 0 1 3462356770023.0747
a 31 80 0 1 9937917735176.605
a 32 39 0 1 9840568108600.68
a 32 40 0 1 6955965553620.821
a 32 41 0 1 2523679193065.1064
a 32 42 0 1 3311850253254.0186
a 32 43 0 1 5789225728570.329
a 32 44 0 1 4119121369681.693
a 32 45 0 1 7330968175913.187
a 32 46 0 1 11012444492665.434
a 32 47 0 1 11367046692321.691
a 32 48 0 1 9478010078684.102
a 32 49 0 1 4346099875272.485
a 32 50 0 1 4157254088016.7207
a 32 51 0 1 11464850835788.314
a 32 52 0 1 6342166466749.971
a 32 53 0 1 9422747112298.297
a 32 54 0 1 3421683850348.525
a 32 55 0 1 11192659755182.303
a 32 56 0 1 10744280369288.371
a 32 57 0 1 9494817339814.998
a 32 58 0 1 11442992413896.139
a 32 59 0 1 4796519656117.966
a 32 60 0 1 9360781094356.309
a 32 61 0 1 3512514979807.0835
a 32 62 0 1 9347958382247.873
a 32 63 0 1 3825372643137.104
a 32 64 0 1 7652884366226.682
a 32 65 0 1 5105604141253.086
a 32 66 0 1 6804330588685.661
a 32 67 0 1 7414194555869.347
a 32 68 0 1 7945092546415.75
a 32 69 0 1 5102341134750.814
a 32 70 0 1 2906730974990.3555
a 32 71 0 1 9074733284913.588
a 32 72 0 1 9992293738167.332
a 32 73 0 1 10421460160373.633
a 32 74 0 1 3714396000442.873
a 32 75 0 1 4403166667504.72
a 32 76 0 1 11442768915893.955
a 32 77 0 1 7119489090787.535
a 32 78 0 1 8012285155151.876
a 32 79 0 1 2958152948820.8965
a 32 80 0 1 8489791648955.348
a 33 39 0 1 31775923723649.375
a 33 40 0 1 22444686446138.867
a 33 41 0 1 8133860497793.773
a 33 42 0 1 10676304120819.297
a 33 43 0 1 18674395846996.324
a 33 44 0 1 13281424923221.52
a 33 45 0 1 23656978227030.746
a 33 46 0 1 35570721105497.31
a 33 47 0 1 36719454057344.85
a 33 48 0 1 30602343905527.15
a 33 49 0 1 14014094853008.094
a 33 50 0 1 13404508572558.594
a 33 51 0 1 37036327300605.305
a 33 52 0 1 20460928270797.793
a 33 53 0 1 30423480058554.25
a 33 54 0 1 11030681506915.318
a 33 55 0 1 36154501754831.77
a 33 56 0 1 34702143551525.164
a 33 57 0 1 30656743214313.39
a 33 58 0 1 36965507349191.03
a 33 59 0 1 15468269475100.754
a 33 60 0 1 30222927201546.777
a 33 61 0 1 11323762630321.79
a 33 62 0 1 30181427326096.293
a 33 63 0 1 12333352254646.28
a 33 64 0 1 24697841027894.492
a 33 65 0 1 16466339355908.111
a 33 66 0 1 21954554034078.73
a 33 67 0 1 23926060457750.97
a 33 68 0 1 25642797105715.457
a 33 69 0 1 16455801900012.475
a 33 70 0 1 9369361912694.1
a 33 71 0 1 29297217153306.633
a 33 72 0 1 32267116054869.133
a 33 73 0 1 33656695424173.61
a 33 74 0 1 11975212820764.379
a 33 75 0 1 14198315684933.365
a 33 76 0 1 36964783233442.85
a 33 77 0 1 22973289319334.25
a 33 78 0 1 25860107700226.434
a 33 79 0 1 9535237643624.46
a 33 80 0 1 27404649033370.754
a 34 39 0 1 13119431996470.803
a 34 40 0 1 9272657344271.531
a 34 41 0 1 3363621576957.8413
a 34 42 0 1 4414248658820.956
a 34 43 0 1 7716988213373.171
a 34 44 0 1 5490401824872.593
a 34 45 0 1 9772695581776.867
a 34 46 0 1 14682436517942.998
a 34 47 0 1 15155419302403.346
a 34 48 0 1 12635894279257.61
a 34 49 0 1 5792993260067.024
a 34 50 0 1 5541237256923.493
a 34 51 0 1 15285876701009.455
a 34 52 0 1 8454232761113.216
a 34 53 0 1 12562192147456.482
a 34 54 0 1 4560661195863.821
a 34 55 0 1 14922813327322.398
a 34 56 0 1 14324756903704.68
a 34 57 0 1 12658309550922.049
a 34 58 0 1 15256720459965.375
a 34 59 0 1 6393476150459.122
a 34 60 0 1 12479550781023.4
a 34 61 0 1 4681743622202.791
a 34 62 0 1 12462449740149.785
a 34 63 0 1 5098804949023.222
a 34 64 0 1 10201958476299.562
a 34 65 0 1 6805548089116.343
a 34 66 0 1 9070467430600.18
a 34 67 0 1 9883673750816.688
a 34 68 0 1 10591616065862.941
a 34 69 0 1 6801197792499.733
a 34 70 0 1 3874219270453.848
a 34 71 0 1 12098066435037.006
a 34 72 0 1 13321789986234.197
a 34 73 0 1 13894186311333.46
a 34 74 0 1 4950864113374.104
a 34 75 0 1 5869071436007.727
a 34 76 0 1 15256422343471.932
a 34 77 0 1 9490702106250.639
a 34 78 0 1 10681218181860.76
a 34 79 0 1 3942764516272.4043
a 34 80 0 1 11317991897923.871
a 35 39 0 1 15012306603451.826
a 35 40 0 1 10609840261162.85
a 35 41 0 1 3848302125661.748
a 35 42 0 1 5050407207833.586
a 35 43 0 1 8829604488729.87
a 35 44 0 1 6281762166337.686
a 35 45 0 1 11182080435443.076
a 35 46 0 1 16801258317903.95
a 35 47 0 1 17342633615714.096
a 35 48 0 1 14458887751064.777
a 35 49 0 1 6628000979043.311
a 35 50 0 1 6339930124852.225
a 35 51 0 1 17491956434355.418
a 35 52 0 1 9673261561525.98
a 35 53 0 1 14374534928965.783
a 35 54 0 1 5217932636509.354
a 35 55 0 1 17076392143321.416
a 35 56 0 1 16391864495393.977
a 35 57 0 1 14484542293212.037
a 35 58 0 1 17458583858458.234
a 35 59 0 1 7315110980014.979
a 35 60 0 1 14279951310040.688
a 35 61 0 1 5356475932526.984
a 35 62 0 1 14260379082243.883
a 35 63 0 1 5833684466199.112
a 35 64 0 1 11673333404136.127
a 35 65 0 1 7786637341013.769
a 35 66 0 1 10378458274436.53
a 35 67 0 1 11309084346569.734
a 35 68 0 1 12119267717317.967
a 35 69 0 1 7781659342674.051
a 35 70 0 1 4432511871289.009
a 35 71 0 1 13843343192797.736
a 35 72 0 1 15243912123736.066
a 35 73 0 1 15899047401763.016
a 35 74 0 1 5664407335542.108
a 35 75 0 1 6715053618006.386
a 35 76 0 1 17458242630985.008
a 35 77 0 1 10859367953891.344
a 35 78 0 1 12221811534119.916
a 35 79 0 1 4510939929389.502
a 35 80 0 1 12950566601065.621
a 36 39 0 1 10903557950334.74
a 36 40 0 1 7707080658376.838
a 36 41 0 1 2796035619979.092
a 36 42 0 1 3669302342921.4683
a 36 43 0 1 6414261540677.797
a 36 44 0 1 4563749018217.082
a 36 45 0 1 8122614480720.792
a 36 46 0 1 12202199744152.107
a 36 47 0 1 12595167806380.078
a 36 48 0 1 10501788599852.582
a 36 49 0 1 4815241702919.547
a 36 50 0 1 4606000055006.171
a 36 51 0 1 12703554391025.797
a 36 52 0 1 7026949033749.849
a 36 53 0 1 10440549160173.598
a 36 54 0 1 3790995590635.5254
a 36 55 0 1 12401912799315.467
a 36 56 0 1 11905024152493.73
a 36 57 0 1 10520413517134.434
a 36 58 0 1 12679330857624.473
a 36 59 0 1 5314312017127.236
a 36 60 0 1 10371881860402.553
a 36 61 0 1 3891634766660.1113
a 36 62 0 1 10357672456190.656
a 36 63 0 1 4238276888772.6055
a 36 64 0 1 8479327253316.584
a 36 65 0 1 5656784427598.058
a 36 66 0 1 7539057716841.014
a 36 67 0 1 8214836697113.299
a 36 68 0 1 8803123290646.826
a 36 69 0 1 5653168930843.91
a 36 70 0 1 3220441826650.634
a 36 71 0 1 10054900937214.273
a 36 72 0 1 11071694063668.682
a 36 73 0 1 11547282112870.36
a 36 74 0 1 4115315938824.544
a 36 75 0 1 4878472057875.085
a 36 76 0 1 12679083176897.281
a 36 77 0 1 7888277742321.708
a 36 78 0 1 8877579788583.213
a 36 79 0 1 3277415645177.7666
a 36 80 0 1 9406710938283.795
a 37 39 0 1 13186357159209.838
a 37 40 0 1 9319938187247.357
a 37 41 0 1 3380760798748.627
a 37 42 0 1 4436744051044.29
a 37 43 0 1 7756329687663.148
a 37 44 0 1 5518384871658.606
a 37 45 0 1 9822528980639.338
a 37 46 0 1 14757348472092.145
a 37 47 0 1 15232748719124.805
a 37 48 0 1 12700349199370.85
a 37 49 0 1 5822519565063.946
a 37 50 0 1 5569479563898.176
a 37 51 0 1 15363872945174.926
a 37 52 0 1 8497336411966.367
a 37 53 0 1 12626270570758.756
a 37 54 0 1 4583903112852.206
a 37 55 0 1 14998953838445.871
a 37 56 0 1 14397840897095.592
a 37 57 0 1 12722878977521.988
a 37 58 0 1 15334567671497.445
a 37 59 0 1 6426065321389.041
a 37 60 0 1 12543207050350.383
a 37 61 0 1 4705602930497.379
a 37 62 0 1 12526018653841.27
a 37 63 0 1 5124790957952.992
a 37 64 0 1 10253983378293.184
a 37 65 0 1 6840239349902.929
a 37 66 0 1 9116716234266.498
a 37 67 0 1 9934073702368.75
a 37 68 0 1 10645630463722.273
a 37 69 0 1 6835866860204.995
a 37 70 0 1 3893961392374.461
a 37 71 0 1 12159774086000.273
a 37 72 0 1 13389749014565.475
a 37 73 0 1 13965070027362.855
a 37 74 0 1 4976095711269.904
a 37 75 0 1 5898985767237.878
a 37 76 0 1 15334268031180.719
a 37 77 0 1 9539095970666.014
a 37 78 0 1 10735690091469.445
a 37 79 0 1 3962856088237.174
a 37 80 0 1 11375715471209.244
a 38 39 0 1 23077222397727.49
a 38 40 0 1 16305218609035.201
a 38 41 0 1 5911605781966.607
a 38 42 0 1 7758806867940.749
a 38 43 0 1 13567855817675.64
a 38 44 0 1 9651239003075.455
a 38 45 0 1 17185246486287.27
a 38 46 0 1 25830097202167.453
a 38 47 0 1 26663296833442.934
a 38 48 0 1 22225734076148.92
a 38 49 0 1 10183414841370.707
a 38 50 0 1 9740642702559.316
a 38 51 0 1 26893120859957.367
a 38 52 0 1 14865021976824.41
a 38 53 0 1 22095954249754.645
a 38 54 0 1 8016254696237.349
a 38 55 0 1 26253532876267.43
a 38 56 0 1 25200059853309.254
a 38 57 0 1 22265204773776.504
a 38 58 0 1 26841756473485.293
a 38 59 0 1 11239583856039.295
a 38 60 0 1 21950435591828.414
a 38 61 0 1 8229167718586.877
a 38 62 0 1 21920323568242.52
a 38 63 0 1 8962568618545.879
a 38 64 0 1 17940776770037.33
a 38 65 0 1 11964427356213.293
a 38 66 0 1 15949402160564.94
a 38 67 0 1 17380569756408.588
a 38 68 0 1 18626648323450.395
a 38 69 0 1 11956774817218.53
a 38 70 0 1 6809290764488.724
a 38 71 0 1 21278727998831.77
a 38 72 0 1 23433587193421.242
a 38 73 0 1 24441680566259.14
a 38 74 0 1 8702409057077.864
a 38 75 0 1 10317220037462.11
a 38 76 0 1 26841231284685.01
a 38 77 0 1 16688950733082.031
a 38 78 0 1 18784371724770.246
a 38 79 0 1 6929806679615.024
a 38 80 0 1 19905333005231.625
a 39 1 0 1 0
a 40 1 0 1 0
a 41 1 0 1 0
a 42 1 0 1 0
a 43 1 0 1 0
a 44 1 0 1 0
a 45 1 0 1 0
a 46 1 0 1 0
a 47 1 0 1 0
a 48 1 0 1 0
a 49 1 0 1 0
a 50 1 0 1 0
a 51 1 0 1 0
a 52 1 0 1 0
a 53 1 0 1 0
a 54 1 0 1 0
a 55 1 0 1 0
a 56 1 0 1 0
a 57 1 0 1 0
a 58 1 0 1 0
a 59 1 0 1 0
a 60 1 0 1 0
a 61 1 0 1 0
a 62 1 0 1 0
a 63 1 0 1 0
a 64 1 0 1 0
a 65 1 0 1 0
a 66 1 0 1 0
a 67 1 0 1 0
a 68 1 0 1 0
a 69 1 0 1 0
a 70 1 0 1 0
a 71 1 0 1 0
a 72 1 0 1 0
a 73 1 0 1 0
a 74 1 0 1 0
a 75 1 0 1 0
a 76 1 0 1 0
a 77 1 0 1 0
a 78 1 0 1 0
a 79 1 0 1 0
a 80 1 0 1 0
