p min 81 1633
n 0 37
n 1 -37
a 0 2 0 1 0
a 0 3 0 1 0
a 0 4 0 1 0
a 0 5 0 1 0
a 0 6 0 1 0
a 0 7 0 1 0
a 0 8 0 1 0
a 0 9 0 1 0
a 0 10 0 1 0
a 0 11 0 1 0
a 0 12 0 1 0
a 0 13 0 1 0
a 0 14 0 1 0
a 0 15 0 1 0
a 0 16 0 1 0
a 0 17 0 1 0
a 0 18 0 1 0
a 0 19 0 1 0
a 0 20 0 1 0
a 0 21 0 1 0
a 0 22 0 1 0
a 0 23 0 1 0
a 0 24 0 1 0
a 0 25 0 1 0
a 0 26 0 1 0
a 0 27 0 1 0
a 0 28 0 1 0
a 0 29 0 1 0
a 0 30 0 1 0
a 0 31 0 1 0
a 0 32 0 1 0
a 0 33 0 1 0
a 0 34 0 1 0
a 0 35 0 1 0
a 0 36 0 1 0
a 0 37 0 1 0
a 0 38 0 1 0
a 2 39 0 1 5354179023890.534
a 2 40 0 1 9896848377098.037
a 2 41 0 1 8169202531571.509
a 2 42 0 1 7291197313222.807
a 2 43 0 1 7201058890371.614
a 2 44 0 1 7542116988990.68
a 2 45 0 1 6779246637699.492
a 2 46 0 1 4748692292890.279
a 2 47 0 1 6124223586987.875
a 2 48 0 1 7676342272898.839
a 2 49 0 1 5439858651545.834
a 2 50 0 1 11588768708237.033
a 2 51 0 1 4473164359416.546
a 2 52 0 1 8751852949946.344
a 2 53 0 1 3540809581787.4385
a 2 54 0 1 10242990616309.328
a 2 55 0 1 10959025312091.502
a 2 56 0 1 9957345423422.432
a 2 57 0 1 10338611924745.594
a 2 58 0 1 10134361560684.588
a 2 59 0 1 8633126024318.149
a 2 60 0 1 3836951251935.839
a 2 61 0 1 5786421114974.244
a 2 62 0 1 8827277559338.775
a 2 63 0 1 7770565494696.812
a 2 64 0 1 9907686344458.527
a 2 65 0 1 6197605626948.181
a 2 66 0 1 5293521871428.913
a 2 67 0 1 9710758689069.117
a 2 68 0 1 9947486554437.97
a 2 69 0 1 10232908933183.459
a 2 70 0 1 11393321514397.838
a 2 71 0 1 11607787675138.693
a 2 72 0 1 7280629180986.51
a 2 73 0 1 3118422730121.947
a 2 74 0 1 10263876999888.127
a 2 75 0 1 3484033070939.586
a 2 76 0 1 2986249450132.5527
a 2 77 0 1 4376404938498.031
a 2 78 0 1 7568436279558.857
a 2 79 0 1 9104790470080.793
a 2 80 0 1 5739334164058.623
a 3 39 0 1 11092983496833.49
a 3 40 0 1 20516165875585.984
a 3 41 0 1 16931139111006.45
a 3 42 0 1 15109783492769.549
a 3 43 0 1 14922820521548.924
a 3 44 0 1 15630257065263.732
a 3 45 0 1 14047962973615.488
a 3 46 0 1 9837778520135.47
a 3 47 0 1 12689596620790.709
a 3 48 0 1 15908688961063.568
a 3 49 0 1 11270616916878.22
a 3 50 0 1 24028545780239.12
a 3 51 0 1 9266657174055.068
a 3 52 0 1 18140021903449.633
a 3 53 0 1 7334336600908.896
a 3 54 0 1 21234627829583.05
a 3 55 0 1 22721043847901.934
a 3 56 0 1 20641730697623.098
a 3 57 0 1 21433112795873.21
a 3 58 0 1 21009147867017.934
a 3 59 0 1 17893673196646.44
a 3 60 0 1 7948046857024.053
a 3 61 0 1 11989158365695.045
a 3 62 0 1 18296525589058.273
a 3 63 0 1 16104147602326.35
a 3 64 0 1 20538660512223.266
a 3 65 0 1 12841763062828.781
a 3 66 0 1 10967229651730.023
a 3 67 0 1 20129938670386.234
a 3 68 0 1 20621267964861.387
a 3 69 0 1 21213701151500.73
a 3 70 0 1 23622727573605.492
a 3 71 0 1 24068037000449.426
a 3 72 0 1 15087863108720.627
a 3 73 0 1 6459079327849.112
a 3 74 0 1 21277982128296.09
a 3 75 0 1 7216680720637.748
a 3 76 0 1 6185212597177.742
a 3 77 0 1 9066100994109.105
a 3 78 0 1 15684852086026.855
a 3 79 0 1 18872381280137.453
a 3 80 0 1 11891527544033.55
a 4 39 0 1 8834468227883.287
a 4 40 0 1 16335492958909.752
a 4 41 0 1 13482137668109.611
a 4 42 0 1 12032320104848.559
a 4 43 0 1 11883488662565.238
a 4 44 0 1 12446635009932.527
a 4 45 0 1 11187042965194.209
a 4 46 0 1 7835051717234.019
a 4 47 0 1 10105634908389.143
a 4 48 0 1 12668272238745.982
a 4 49 0 1 8975898359238.55
a 4 50 0 1 19130561641305.445
a 4 51 0 1 7380295267698.468
a 4 52 0 1 14444352155778.24
a 4 53 0 1 5841591020304.341
a 4 54 0 1 16907265509916.383
a 4 55 0 1 18090136533160.28
a 4 56 0 1 16435422424599.66
a 4 57 0 1 17065222112503.441
a 4 58 0 1 16727824192673.57
a 4 59 0 1 14248274474597.688
a 4 60 0 1 6330302775768.688
a 4 61 0 1 9547982567440.264
a 4 62 0 1 14568917816090.111
a 4 63 0 1 12823859404329.771
a 4 64 0 1 16353395126326.705
a 4 65 0 1 10226779454657.977
a 4 66 0 1 8734343434719.886
a 4 67 0 1 16028114332458.033
a 4 68 0 1 16419137410478.87
a 4 69 0 1 16890611734647.809
a 4 70 0 1 18807644720247.234
a 4 71 0 1 19161985193702.25
a 4 72 0 1 12014870501277.209
a 4 73 0 1 5144578956086.064
a 4 74 0 1 16941767481698.58
a 4 75 0 1 5747897298693.975
a 4 76 0 1 4926479016846.498
a 4 77 0 1 7220599140336.119
a 4 78 0 1 12490093941535.045
a 4 79 0 1 15027249578891.252
a 4 80 0 1 9470252552583.965
a 5 39 0 1 9675405336057.027
a 5 40 0 1 17891911348436.254
a 5 41 0 1 14766230735349.822
a 5 42 0 1 13178117103187.297
a 5 43 0 1 13015091699815.742
a 5 44 0 1 13631947766561.03
a 5 45 0 1 12252233493744.922
a 5 46 0 1 8580762157398.475
a 5 47 0 1 11067726340438.475
a 5 48 0 1 13874725595157.338
a 5 49 0 1 9830313189287.854
a 5 50 0 1 20953932562075.547
a 5 51 0 1 8082683428454.936
a 5 52 0 1 15820257440409.734
a 5 53 0 1 6397431679048.303
a 5 54 0 1 18518277667663.9
a 5 55 0 1 19814116127350.56
a 5 56 0 1 18001381673384.273
a 5 57 0 1 18691317610339.777
a 5 58 0 1 18321702155345.668
a 5 59 0 1 15605468685585.875
a 5 60 0 1 6932682595663.213
a 5 61 0 1 10456919623793.91
a 5 62 0 1 15956710488836.375
a 5 63 0 1 14045153960905.781
a 5 64 0 1 17911522724359.117
a 5 65 0 1 11200419146208.766
a 5 66 0 1 9565739344012.525
a 5 67 0 1 17555186967484.646
a 5 68 0 1 17983541815896.6
a 5 69 0 1 18500033651656.48
a 5 70 0 1 20600164746041.555
a 5 71 0 1 20988358397659.137
a 5 72 0 1 13159003314320.184
a 5 73 0 1 5634054304531.794
a 5 74 0 1 18556074195435.133
a 5 75 0 1 6294816324282.069
a 5 76 0 1 5395190592579.632
a 5 77 0 1 7907775061147.738
a 5 78 0 1 13679551882798.984
a 5 79 0 1 16458784387952.459
a 5 80 0 1 10371781123267.816
a 6 39 0 1 6714714794715.088
a 6 40 0 1 12413360272087.33
a 6 41 0 1 10245900476012.404
a 6 42 0 1 9144461941771.146
a 6 43 0 1 9031388449322.576
a 6 44 0 1 9459229458668.588
a 6 45 0 1 8502257055581.305
a 6 46 0 1 5955263971989.731
a 6 47 0 1 7680606365452.218
a 6 48 0 1 9627610977200.865
a 6 49 0 1 6822183343671.146
a 6 50 0 1 14536212563823.992
a 6 51 0 1 5609683287142.669
a 6 52 0 1 10976854092148.545
a 6 53 0 1 4440319412109.183
a 6 54 0 1 12847647771514.441
a 6 55 0 1 13746048968871.14
a 6 56 0 1 12489262279917.498
a 6 57 0 1 12967620638397.723
a 6 58 0 1 12711355334200.91
a 6 59 0 1 10827905335361.795
a 6 60 0 1 4811734812614.471
a 6 61 0 1 7256884537491.9795
a 6 62 0 1 11071478505804.322
a 6 63 0 1 9745811921853.188
a 6 64 0 1 12426957998519.172
a 6 65 0 1 7772654082935.413
a 6 66 0 1 6638632435254.053
a 6 67 0 1 12179886413264.92
a 6 68 0 1 12476892931209.498
a 6 69 0 1 12834998659104.629
a 6 70 0 1 14290974224968.154
a 6 71 0 1 14560076857279.762
a 6 72 0 1 9131204793840.244
a 6 73 0 1 3910580780224.2324
a 6 74 0 1 12873853163042.447
a 6 75 0 1 4369112098651.9604
a 6 76 0 1 3744817674376.717
a 6 77 0 1 5488324185199.894
a 6 78 0 1 9492246100345.889
a 6 79 0 1 11419637658334.025
a 6 80 0 1 7197821784243.907
a 7 39 0 1 9048860336990.012
a 7 40 0 1 16732268579650.127
a 7 41 0 1 13809497412029.836
a 7 42 0 1 12324426861800.455
a 7 43 0 1 12171977196130.236
a 7 44 0 1 12748814795909.809
a 7 45 0 1 11458601978372.273
a 7 46 0 1 8025167884525.996
a 7 47 0 1 10350912070896.777
a 7 48 0 1 12975840982860.152
a 7 49 0 1 9193726284676.887
a 7 50 0 1 19595380463600.97
a 7 51 0 1 7559367242694.905
a 7 52 0 1 14795115247607.719
a 7 53 0 1 5983302884630.657
a 7 54 0 1 17317956722425.357
a 7 55 0 1 18529621986914.582
a 7 56 0 1 16834629956893.35
a 7 57 0 1 17479757946027.75
a 7 58 0 1 17134148025799.686
a 7 59 0 1 14594268059354.137
a 7 60 0 1 6483879210305.394
a 7 61 0 1 9779709523042.746
a 7 62 0 1 14922711029758.639
a 7 63 0 1 13135211312609.975
a 7 64 0 1 16750606415029.21
a 7 65 0 1 10475000503441.191
a 7 66 0 1 8946303243177.57
a 7 67 0 1 16417409859892.246
a 7 68 0 1 16817948622183.398
a 7 69 0 1 17300897607113.87
a 7 70 0 1 19264600155225.22
a 7 71 0 1 19627569246536.6
a 7 72 0 1 12306553036432.357
a 7 73 0 1 5269371660508.67
a 7 74 0 1 17353298450648.324
a 7 75 0 1 5887334694725.38
a 7 76 0 1 5045978169340.375
a 7 77 0 1 7395793024219.699
a 7 78 0 1 12793330379606.48
a 7 79 0 1 15392192707809.727
a 7 80 0 1 9700090914183.863
a 8 39 0 1 10170219024525.705
a 8 40 0 1 18807839426468.07
a 8 41 0 1 15521861947849.037
a 8 42 0 1 13852350223981.531
a 8 43 0 1 13680970793385.787
a 8 44 0 1 14329438592603.867
a 8 45 0 1 12879025279459.229
a 8 46 0 1 9019536120190.768
a 8 47 0 1 11633840683406.156
a 8 48 0 1 14584659236783.123
a 8 49 0 1 10333058509386.738
a 8 50 0 1 22027010458449.06
a 8 51 0 1 8495963407361.444
a 8 52 0 1 16629929623658.379
a 8 53 0 1 6724475430764.029
a 8 54 0 1 19466342798259.914
a 8 55 0 1 20828682469100.535
a 8 56 0 1 18922926007243.203
a 8 57 0 1 19648261781284.457
a 8 58 0 1 19259681037667.652
a 8 59 0 1 16404127322584.578
a 8 60 0 1 7287111926921.046
a 8 61 0 1 10991751641975.408
a 8 62 0 1 16773379760225.584
a 8 63 0 1 14763822810323.602
a 8 64 0 1 18828456931736.668
a 8 65 0 1 11773329932076.879
a 8 66 0 1 10054938066024.312
a 8 67 0 1 18453840700715.715
a 8 68 0 1 18904170885141.72
a 8 69 0 1 19447162665415.76
a 8 70 0 1 21655080529897.547
a 8 71 0 1 22063203767640.156
a 8 72 0 1 13832256956515.633
a 8 73 0 1 5922046751631.183
a 8 74 0 1 19506078712952.258
a 8 75 0 1 6616610268945.914
a 8 76 0 1 5670965218503.066
a 8 77 0 1 8312103146159.164
a 8 78 0 1 14379482450769.998
a 8 79 0 1 17301201173798.133
a 8 80 0 1 10902253160075.096
a 9 39 0 1 6794996552735.751
a 9 40 0 1 12561874175134.645
a 9 41 0 1 10368451844863.344
a 9 42 0 1 9253824947644.123
a 9 43 0 1 9139397731664.627
a 9 44 0 1 9572361070475.293
a 9 45 0 1 8603932014907.963
a 9 46 0 1 6026459363713.1455
a 9 47 0 1 7772446750742.686
a 9 48 0 1 9742758677952.383
a 9 49 0 1 6903751027263.377
a 9 50 0 1 14710167391630.137
a 9 51 0 1 5676744548844.384
a 9 52 0 1 11108159594397.777
a 9 53 0 1 4493394217548.885
a 9 54 0 1 13001365287693.66
a 9 55 0 1 13910532759041.264
a 9 56 0 1 12638685599406.46
a 9 57 0 1 13122775756861.543
a 9 58 0 1 12863439743876.23
a 9 59 0 1 10957426858879.838
a 9 60 0 1 4869251607783.673
a 9 61 0 1 7343654009862.536
a 9 62 0 1 11203917369188.58
a 9 63 0 1 9862374929798.365
a 9 64 0 1 12575634820922.076
a 9 65 0 1 7865596120247.801
a 9 66 0 1 6718003841731.258
a 9 67 0 1 12325603060753.057
a 9 68 0 1 12626168046815.656
a 9 69 0 1 12988564606747.246
a 9 70 0 1 14461989396965.277
a 9 71 0 1 14734317753768.3
a 9 72 0 1 9240409082391.555
a 9 73 0 1 3957320774230.7124
a 9 74 0 1 13027884687881.56
a 9 75 0 1 4421335335082.903
a 9 76 0 1 3789575572177.032
a 9 77 0 1 5553933725103.405
a 9 78 0 1 9605773025350.516
a 9 79 0 1 11556246802867.426
a 9 80 0 1 7283884459815.107
a 10 39 0 1 6552122095610.988
a 10 40 0 1 12112585810892.906
a 10 41 0 1 9997703812375.398
a 10 42 0 1 8922973939499.61
a 10 43 0 1 8812641979605.672
a 10 44 0 1 9230109368160.295
a 10 45 0 1 8296338758592.942
a 10 46 0 1 5811073214040.545
a 10 47 0 1 7494605007432.517
a 10 48 0 1 9394407961076.043
a 10 49 0 1 6656986364656.17
a 10 50 0 1 14183917560197.613
a 10 51 0 1 5473865113482.226
a 10 52 0 1 10710928966076.41
a 10 53 0 1 4332827276186.2285
a 10 54 0 1 12536335373380.188
a 10 55 0 1 13412933703680.7
a 10 56 0 1 12186646139253.418
a 10 57 0 1 12653396930988.34
a 10 58 0 1 12403350167314.805
a 10 59 0 1 10565593030992.914
a 10 60 0 1 4695246517504.34
a 10 61 0 1 7081152824812.172
a 10 62 0 1 10803258157558.016
a 10 63 0 1 9509742669536.7
a 10 64 0 1 12125853605626.828
a 10 65 0 1 7584421656975.916
a 10 66 0 1 6477883398101.567
a 10 67 0 1 11884776743832.148
a 10 68 0 1 12174576921449.834
a 10 69 0 1 12523993204786.814
a 10 70 0 1 13944632286192.842
a 10 71 0 1 14207202539743.295
a 10 72 0 1 8910038222430.365
a 10 73 0 1 3815918297100.4863
a 10 74 0 1 12561904861159.621
a 10 75 0 1 4263344609778.883
a 10 76 0 1 3654169466986.339
a 10 77 0 1 5355446094870.806
a 10 78 0 1 9262325432414.537
a 10 79 0 1 11142971895995.617
a 10 80 0 1 7023521483855.709
a 11 39 0 1 10356008157482.219
a 11 40 0 1 19151768538491.273
a 11 41 0 1 15805592713238.227
a 11 42 0 1 14105513685552.428
a 11 43 0 1 13930997124179.19
a 11 44 0 1 14591335905078.55
a 11 45 0 1 13114373530811.219
a 11 46 0 1 9184282392504.67
a 11 47 0 1 11846403680341.742
a 11 48 0 1 14851229164605.742
a 11 49 0 1 10521825992216.564
a 11 50 0 1 22429959032939.203
a 11 51 0 1 8651136837963.12
a 11 52 0 1 16933954749371.13
a 11 53 0 1 6847268235797.476
a 11 54 0 1 19822341119377.633
a 11 55 0 1 21209655997845.508
a 11 56 0 1 19268964319575.594
a 11 57 0 1 20007594686070.92
a 11 58 0 1 19611891411391.598
a 11 59 0 1 16704016430828.57
a 11 60 0 1 7420187578987.634
a 11 61 0 1 11192567846086.78
a 11 62 0 1 17080032573756.824
a 11 63 0 1 15033673057028.045
a 11 64 0 1 19172763898124.375
a 11 65 0 1 11988445069514.889
a 11 66 0 1 10238618767885.523
a 11 67 0 1 18791282408595.863
a 11 68 0 1 19249865467076.184
a 11 69 0 1 19802809422069.332
a 11 70 0 1 22051207959294.145
a 11 71 0 1 22466816154336.723
a 11 72 0 1 14085052600750.143
a 11 73 0 1 6030176570748.848
a 11 74 0 1 19862805383147.76
a 11 75 0 1 6737431865598.739
a 11 76 0 1 5774507526727.398
a 11 77 0 1 8463915211341.927
a 11 78 0 1 14642295951179.562
a 11 79 0 1 17617523263975.066
a 11 80 0 1 11101432161414.957
a 12 39 0 1 8163408144450.843
a 12 40 0 1 15093669295440.947
a 12 41 0 1 12457537185327.332
a 12 42 0 1 11118042323059.762
a 12 43 0 1 10980534163934.174
a 12 44 0 1 11500833741253.715
a 12 45 0 1 10337070166516.74
a 12 46 0 1 7239969910373.008
a 12 47 0 1 9337914040169.33
a 12 48 0 1 11705606380278.52
a 12 49 0 1 8294085079656.212
a 12 50 0 1 17675824225094.895
a 12 51 0 1 6819779896813.6875
a 12 52 0 1 13346513948289.41
a 12 53 0 1 5398009107360.545
a 12 54 0 1 15621897494698.262
a 12 55 0 1 16714668065647.047
a 12 56 0 1 15185988837529.703
a 12 57 0 1 15767823698637.777
a 12 58 0 1 15456122419180.611
a 12 59 0 1 13165361685169.994
a 12 60 0 1 5849585479254.477
a 12 61 0 1 8822669359051.078
a 12 62 0 1 13461597356697.053
a 12 63 0 1 11849354293835.953
a 12 64 0 1 15110208171892.518
a 12 65 0 1 9449845269648.904
a 12 66 0 1 8070895830077.681
a 12 67 0 1 14809697444097.805
a 12 68 0 1 15170943986308.455
a 12 69 0 1 15606512092079.688
a 12 70 0 1 17377511898895.334
a 12 71 0 1 17704853375515.68
a 12 72 0 1 11101920325809.246
a 12 73 0 1 4753953709978.561
a 12 74 0 1 15653771738245.172
a 12 75 0 1 5311434381121.052
a 12 76 0 1 4552422668262.755
a 12 77 0 1 6672221618528.714
a 12 78 0 1 11540985903647.793
a 12 79 0 1 13885037587734.72
a 12 80 0 1 8750850061316.611
a 13 39 0 1 4153618919414.1914
a 13 40 0 1 7676791211250.392
a 13 41 0 1 6336972974970.32
a 13 42 0 1 5656019399197.831
a 13 43 0 1 5586109089453.521
a 13 44 0 1 5850628059115.422
a 13 45 0 1 5258952097497.131
a 13 46 0 1 3683957222064.8467
a 13 47 0 1 4750903004323.311
a 13 48 0 1 5954729670957.634
a 13 49 0 1 4220077388247.034
a 13 50 0 1 8988787740368.1
a 13 51 0 1 3470231875841.019
a 13 52 0 1 6788841486379.139
a 13 53 0 1 2746987373770.9585
a 13 54 0 1 7945215916568.697
a 13 55 0 1 8500467784278.115
a 13 56 0 1 7723705513800.143
a 13 57 0 1 8019367018420.819
a 13 58 0 1 7860977300417.915
a 13 59 0 1 6696765149916.006
a 13 60 0 1 2976713609385.5586
a 13 61 0 1 4488889872310.322
a 13 62 0 1 6847335268051.785
a 13 63 0 1 6027806300623.422
a 13 64 0 1 7685195858474.142
a 13 65 0 1 4807820450175.651
a 13 66 0 1 4106569266858.1895
a 13 67 0 1 7532481296934.387
a 13 68 0 1 7716060159439.693
a 13 69 0 1 7937397889737.762
a 13 70 0 1 8837234434663.35
a 13 71 0 1 9003535311131.719
a 13 72 0 1 5647822895910.483
a 13 73 0 1 2419322774894.0156
a 13 74 0 1 7961412634365.536
a 13 75 0 1 2702943680246.5635
a 13 76 0 1 2316788511168.1895
a 13 77 0 1 3395175458544.637
a 13 78 0 1 5871040667902.537
a 13 79 0 1 7062551915242.89
a 13 80 0 1 4452366983450.445
a 14 39 0 1 8927581115018.63
a 14 40 0 1 16507814994969.709
a 14 41 0 1 13624312614546.69
a 14 42 0 1 12159184689287.375
a 14 43 0 1 12008781849661.195
a 14 44 0 1 12577874315125.807
a 14 45 0 1 11304983638051.863
a 14 46 0 1 7917621422291.459
a 14 47 0 1 10212161304841.77
a 14 48 0 1 12801851968373.098
a 14 49 0 1 9070503438606.838
a 14 50 0 1 19332434354025.47
a 14 51 0 1 7458068405066.866
a 14 52 0 1 14596691130583.914
a 14 53 0 1 5903138356831.04
a 14 54 0 1 17085631009440.035
a 14 55 0 1 18281007175387.434
a 14 56 0 1 16608800626998.008
a 14 57 0 1 17245257307441.143
a 14 58 0 1 16904292965003.664
a 14 59 0 1 14398542064294.209
a 14 60 0 1 6397003000483.928
a 14 61 0 1 9648624058369.574
a 14 62 0 1 14722572764636.842
a 14 63 0 1 12959082161113.225
a 14 64 0 1 16525906370704.705
a 14 65 0 1 10334584390554.137
a 14 66 0 1 8826399961105.299
a 14 67 0 1 16197187801417.844
a 14 68 0 1 16592343492962.307
a 14 69 0 1 17068801197418.238
a 14 70 0 1 19006102433378.758
a 14 71 0 1 19364190239092.82
a 14 72 0 1 12141550845885.668
a 14 73 0 1 5198778137467.66
a 14 74 0 1 17120497682383.867
a 14 75 0 1 5808456812536.471
a 14 76 0 1 4978379153988.396
a 14 77 0 1 7296687994769.979
a 14 78 0 1 12621792150844.709
a 14 79 0 1 15185746901083.875
a 14 80 0 1 9570073819251.598
a 15 39 0 1 4728635535687.362
a 15 40 0 1 8740038010868.289
a 15 41 0 1 7214498818419.987
a 15 42 0 1 6439178821049.551
a 15 43 0 1 6359581306937.584
a 15 44 0 1 6660754594063.165
a 15 45 0 1 5987093780682.062
a 15 46 0 1 4193923648369.4453
a 15 47 0 1 5408657637148.391
a 15 48 0 1 6779282233330.429
a 15 49 0 1 4804299438668.028
a 15 50 0 1 10233962179843.719
a 15 51 0 1 3950599062618.1924
a 15 52 0 1 7728996484674.1045
a 15 53 0 1 3127203320899.9175
a 15 54 0 1 9045678662678.023
a 15 55 0 1 9677922158946.986
a 15 56 0 1 8793456593537.903
a 15 57 0 1 9130110961889.232
a 15 58 0 1 8949760437812.73
a 15 59 0 1 7624157729566.242
a 15 60 0 1 3388738825672.256
a 15 61 0 1 5110347874946.627
a 15 62 0 1 7795598070082.918
a 15 63 0 1 6862485795031.013
a 15 64 0 1 8749607887050.219
a 15 65 0 1 5473460175759.273
a 15 66 0 1 4675068940414.4375
a 15 67 0 1 8575721221747.267
a 15 68 0 1 8784751268557.167
a 15 69 0 1 9036776662566.74
a 15 70 0 1 10061390579339.596
a 15 71 0 1 10250755074172.885
a 15 72 0 1 6429846550447.75
a 15 73 0 1 2754171635579.7954
a 15 74 0 1 9064121070463.783
a 15 75 0 1 3077061292865.0264
a 15 76 0 1 2637441701832.5864
a 15 77 0 1 3865148329334.257
a 15 78 0 1 6683995877820.251
a 15 79 0 1 8040646895938.948
a 15 80 0 1 5068765675105.368
a 16 39 0 1 16280154912299.402
a 16 40 0 1 30125004512846.066
a 16 41 0 1 24856103712714.977
a 16 42 0 1 22180046148478.477
a 16 43 0 1 21905377439610.203
a 16 44 0 1 22944707010168.027
a 16 45 0 1 20620191323112.047
a 16 46 0 1 14437029378423.273
a 16 47 0 1 18624960079848.582
a 16 48 0 1 23353786688306.816
a 16 49 0 1 16541009512235.576
a 16 50 0 1 35289119268126.36
a 16 51 0 1 13598485312454.217
a 16 52 0 1 26632566086603.09
a 16 53 0 1 10761754801824.58
a 16 54 0 1 31181171254230.562
a 16 55 0 1 33366520835926.445
a 16 56 0 1 30309583714764.645
a 16 57 0 1 31472966278193.625
a 16 58 0 1 30849698182784.89
a 16 59 0 1 26270535969379.312
a 16 60 0 1 11662644094658.08
a 16 61 0 1 17596238327924.87
a 16 62 0 1 26862566407817.61
a 16 63 0 1 23640967167002.703
a 16 64 0 1 30158071249646.465
a 16 65 0 1 18848454627502.832
a 16 66 0 1 16095488467412.521
a 16 67 0 1 29557269584747.938
a 16 68 0 1 30279503503593.703
a 16 69 0 1 31150407070255.375
a 16 70 0 1 34692360262959.72
a 16 71 0 1 35347192832593.44
a 16 72 0 1 22147842460157.39
a 16 73 0 1 9477033456500.746
a 16 74 0 1 31244906370558.645
a 16 75 0 1 10589049937190.996
a 16 76 0 1 9075070888853.402
a 16 77 0 1 13304032653333.326
a 16 78 0 1 23024918522576.26
a 16 79 0 1 27708886660955.23
a 16 80 0 1 17452855775047.053
a 17 39 0 1 5591244227094.885
a 17 40 0 1 10335287307134.824
a 17 41 0 1 8531030066117.408
a 17 42 0 1 7614102440845.993
a 17 43 0 1 7519968602102.365
a 17 44 0 1 7876144671676.041
a 17 45 0 1 7079460530348.249
a 17 46 0 1 4958933253155.723
a 17 47 0 1 6395408908345.486
a 17 48 0 1 8016320055913.831
a 17 49 0 1 5680719944773.036
a 17 50 0 1 12102265661758.762
a 17 51 0 1 4671200187816.865
a 17 52 0 1 9139514203083.498
a 17 53 0 1 3697550647632.1626
a 17 54 0 1 10696782839300.824
a 17 55 0 1 11444581628877.533
a 17 56 0 1 10398467634693.436
a 17 57 0 1 10796645698683.314
a 17 58 0 1 10583335356005.791
a 17 59 0 1 9015522835904.398
a 17 60 0 1 4006807673484.01
a 17 61 0 1 6042637875034.894
a 17 62 0 1 9218283274692.43
a 17 63 0 1 8114720233095.542
a 17 64 0 1 10346605977976.596
a 17 65 0 1 6472042783202.85
a 17 66 0 1 5527899668462.3125
a 17 67 0 1 10140944056427.596
a 17 68 0 1 10388171483547.754
a 17 69 0 1 10686253960567.22
a 17 70 0 1 11898146357593.744
a 17 71 0 1 12122128533498.07
a 17 72 0 1 7603065868114.75
a 17 73 0 1 3256458980599.6597
a 17 74 0 1 10718595688594.865
a 17 75 0 1 3638259757297.577
a 17 76 0 1 3118432980625.582
a 17 77 0 1 4570154781741.962
a 17 78 0 1 7903630660374.815
a 17 79 0 1 9508102126935.727
a 17 80 0 1 5993464523473.926
a 18 39 0 1 13126361630187.059
a 18 40 0 1 24281677786591.484
a 18 41 0 1 20037140536145.016
a 18 42 0 1 17880970610454.95
a 18 43 0 1 17659648206740.86
a 18 44 0 1 18497104306304.383
a 18 45 0 1 16624035515159.73
a 18 46 0 1 11640765202379.521
a 18 47 0 1 15016145189775.242
a 18 48 0 1 18826715995146.34
a 18 49 0 1 13336605829418.957
a 18 50 0 1 28440829334126.805
a 18 51 0 1 10964841264498.436
a 18 52 0 1 21468340404187.36
a 18 53 0 1 8678054616733.154
a 18 54 0 1 25132387349537.332
a 18 55 0 1 26892490874227.062
a 18 56 0 1 24430353512805.54
a 18 57 0 1 25367412098312.31
a 18 58 0 1 24865400401470.387
a 18 59 0 1 21176681506915.492
a 18 60 0 1 9404324034623.52
a 18 61 0 1 14187076609112.053
a 18 62 0 1 21653630931385.867
a 18 63 0 1 19058105070685.504
a 18 64 0 1 24308312628095.625
a 18 65 0 1 15196259124818.936
a 18 66 0 1 12977522256805.957
a 18 67 0 1 23824368274512.8
a 18 68 0 1 24406124446255.418
a 18 69 0 1 25107608322291.426
a 18 70 0 1 27960251878251.812
a 18 71 0 1 28487596012103.74
a 18 72 0 1 17855021680580.758
a 18 73 0 1 7642301017152.441
a 18 74 0 1 25183722721944.812
a 18 75 0 1 8538821896958.348
a 18 76 0 1 7318223080380.621
a 18 77 0 1 10727486254177.033
a 18 78 0 1 18561734372135.957
a 18 79 0 1 22335418450263.41
a 18 80 0 1 14071518556062.98
a 19 39 0 1 8631260736750.715
a 19 40 0 1 15959432098689.639
a 19 41 0 1 13171863808676.697
a 19 42 0 1 11755457084865.451
a 19 43 0 1 11610054825319.994
a 19 44 0 1 12160225273919.547
a 19 45 0 1 10929654208748.592
a 19 46 0 1 7654852735787.417
a 19 47 0 1 9873155215762.857
a 19 48 0 1 12376755133882.535
a 19 49 0 1 8769434453886.811
a 19 50 0 1 18690016683439.41
a 19 51 0 1 7210563950907.25
a 19 52 0 1 14111898183903.709
a 19 53 0 1 5707269930397.152
a 19 54 0 1 16518016774211.598
a 19 55 0 1 17673599613249.86
a 19 56 0 1 16057056823777.63
a 19 57 0 1 16672329824863.29
a 19 58 0 1 16342714435255.686
a 19 59 0 1 13920340700497.623
a 19 60 0 1 6184736282207.264
a 19 61 0 1 9328345424889.662
a 19 62 0 1 14233592116418.004
a 19 63 0 1 12528756824392.62
a 19 64 0 1 15976921380165.424
a 19 65 0 1 9991509629942.734
a 19 66 0 1 8533441244010.187
a 19 67 0 1 15659142427854.064
a 19 68 0 1 16041147405444.508
a 19 69 0 1 16501747140551.21
a 19 70 0 1 18374551742615.664
a 19 71 0 1 18720715043043.6
a 19 72 0 1 11738409538565.764
a 19 73 0 1 5026294183329.413
a 19 74 0 1 16551722907272.418
a 19 75 0 1 5615731988113.848
a 19 76 0 1 4813211603160.692
a 19 77 0 1 7054543483297.144
a 19 78 0 1 12202682765706.4
a 19 79 0 1 14681356838868.428
a 19 80 0 1 9252405378792.598
a 20 39 0 1 9886519289216.346
a 20 40 0 1 18282684334056.676
a 20 41 0 1 15088617827132.914
a 20 42 0 1 13465777564150.898
a 20 43 0 1 13299188085356.768
a 20 44 0 1 13929530632666.143
a 20 45 0 1 12519654023940.773
a 20 46 0 1 8767967262352.373
a 20 47 0 1 11309259825017.21
a 20 48 0 1 14177616911302.361
a 20 49 0 1 10044811087918.588
a 20 50 0 1 21411747442450.023
a 20 51 0 1 8259011694451.089
a 20 52 0 1 16165699668039.367
a 20 53 0 1 6536967559924.368
a 20 54 0 1 18922760797519.84
a 20 55 0 1 20246969477474.785
a 20 56 0 1 18394550641401.605
a 20 57 0 1 19099588660510.03
a 20 58 0 1 18721882348052.2
a 20 59 0 1 15946212291406.764
a 20 60 0 1 7083902483785.971
a 20 61 0 1 10685106931473.283
a 20 62 0 1 16305137825086.523
a 20 63 0 1 14351771953623.672
a 20 64 0 1 18302724940593.152
a 20 65 0 1 11444852233097.627
a 20 66 0 1 9774457729880.887
a 20 67 0 1 17938590436847.73
a 20 68 0 1 18376320317865.29
a 20 69 0 1 18904117420980.08
a 20 70 0 1 21050231534327.273
a 20 71 0 1 21446927294409.453
a 20 72 0 1 13446245900909.299
a 20 73 0 1 5756928944902.924
a 20 74 0 1 18961384694712.76
a 20 75 0 1 6432112379789.893
a 20 76 0 1 5512852481469.716
a 20 77 0 1 8080284052365.32
a 20 78 0 1 13978175611126.98
a 20 79 0 1 16818196145101.895
a 20 80 0 1 10598108300026.959
a 21 39 0 1 11117761825915.672
a 21 40 0 1 20562042594651.36
a 21 41 0 1 16968983591311.354
a 21 42 0 1 15143549777744.354
a 21 43 0 1 14956168274945.637
a 21 44 0 1 15665188567107.129
a 21 45 0 1 14079352528287.668
a 21 46 0 1 9859749921861.367
a 21 47 0 1 12717946519542.043
a 21 48 0 1 15944243863340.582
a 21 49 0 1 11295792540867.818
a 21 50 0 1 24082298420392.23
a 21 51 0 1 9287351686059.488
a 21 52 0 1 18180574138455.68
a 21 53 0 1 7350712157425.688
a 21 54 0 1 21282115059393.97
a 21 55 0 1 22771863888984.87
a 21 56 0 1 20687888864661.72
a 21 57 0 1 21481044998437.062
a 21 58 0 1 21056129630174.55
a 21 59 0 1 17933673578354.254
a 21 60 0 1 7965793916820.415
a 21 61 0 1 12015941245686.258
a 21 62 0 1 18337428429071.46
a 21 63 0 1 16140140154407.406
a 21 64 0 1 20584587651417.75
a 21 65 0 1 12870453421466.877
a 21 66 0 1 10991726729608.078
a 21 67 0 1 20174949729442.176
a 21 68 0 1 20667380265036.09
a 21 69 0 1 21261141468106.4
a 21 70 0 1 23675569908472.707
a 21 71 0 1 24121878229318.023
a 21 72 0 1 15121580322226.342
a 21 73 0 1 6473499218827.431
a 21 74 0 1 21325566550033.566
a 21 75 0 1 7232793365125.761
a 21 76 0 1 6199020644378.788
a 21 77 0 1 9086347150741.887
a 21 78 0 1 15719905821282.139
a 21 79 0 1 18914574281143.83
a 21 80 0 1 11918092024700.527
a 22 39 0 1 9474349029796.816
a 22 40 0 1 17519770145334.328
a 22 41 0 1 14459210115496.887
a 22 42 0 1 12904165742755.158
a 22 43 0 1 12744534344109.691
a 22 44 0 1 13348547507365.197
a 22 45 0 1 11997556326476.893
a 22 46 0 1 8402474703528.924
a 22 47 0 1 10837701287671.53
a 22 48 0 1 13586270227386.014
a 22 49 0 1 9626034306951.717
a 22 50 0 1 20517952544327.37
a 22 51 0 1 7914754276873.695
a 22 52 0 1 15491282304708.326
a 22 53 0 1 6264541267294.04
a 22 54 0 1 18133081197386.51
a 22 55 0 1 19401904820755.617
a 22 56 0 1 17626958928281.766
a 22 57 0 1 18302514167269.582
a 22 58 0 1 17940603079987.67
a 22 59 0 1 15280967847587.486
a 22 60 0 1 6788665011826.643
a 22 61 0 1 10239604185990.893
a 22 62 0 1 15624892766070.998
a 22 63 0 1 13753149776380.336
a 22 64 0 1 17538972792000.334
a 22 65 0 1 10967632801228.781
a 22 66 0 1 9366964371166.107
a 22 67 0 1 17190063302481.193
a 22 68 0 1 17609490886669.484
a 22 69 0 1 18115217464967.508
a 22 70 0 1 20171562539208.586
a 22 71 0 1 20551660399335.03
a 22 72 0 1 12885449887835.656
a 22 73 0 1 5517031194762.982
a 22 74 0 1 18170089878336.31
a 22 75 0 1 6164058999214.239
a 22 76 0 1 5283131861575.828
a 22 77 0 1 7743483118271.996
a 22 78 0 1 13395160434733.13
a 22 79 0 1 16116506719268.729
a 22 80 0 1 10156237101261.855
a 23 39 0 1 15930495597551.826
a 23 40 0 1 29476979707905.348
a 23 41 0 1 24321736846248.86
a 23 42 0 1 21703354135873.62
a 23 43 0 1 21434603166921.605
a 23 44 0 1 22451538443140.863
a 23 45 0 1 20177101532445.85
a 23 46 0 1 14127020464766.156
a 23 47 0 1 18224834132834.664
a 23 48 0 1 22851802298261.71
a 23 49 0 1 16185737209648.246
a 23 50 0 1 34529565920503.76
a 23 51 0 1 13306510203297.768
a 23 52 0 1 26059893389158.008
a 23 53 0 1 10530761422726.754
a 23 54 0 1 30510347142371.73
a 23 55 0 1 32648504694365.33
a 23 56 0 1 29657574818529.59
a 23 57 0 1 30795842276121.305
a 23 58 0 1 30186030112608.332
a 23 59 0 1 25705670965669.617
a 23 60 0 1 11412288352078.688
a 23 61 0 1 17218256574454.422
a 23 62 0 1 26284933095922.46
a 23 63 0 1 23132793442736.61
a 23 64 0 1 29509332720470.098
a 23 65 0 1 18443517073574.723
a 23 66 0 1 15749802548145.545
a 23 67 0 1 28921498143610.977
a 23 68 0 1 29628143891741.008
a 23 69 0 1 30480247136754.28
a 23 70 0 1 33945701653713.344
a 23 71 0 1 34586384541767.45
a 23 72 0 1 21671844295271.902
a 23 73 0 1 9273645153704.273
a 23 74 0 1 30572706245101.555
a 23 75 0 1 10361767968552.03
a 23 76 0 1 8880317998799.475
a 23 77 0 1 13018389261471.53
a 23 78 0 1 22530021430915.207
a 23 79 0 1 27112997820097.24
a 23 80 0 1 17077960057019.236
a 24 39 0 1 8373091057949.803
a 24 40 0 1 15481678426693.82
a 24 41 0 1 12777680206162.326
a 24 42 0 1 11403716799994.676
a 24 43 0 1 11262670830089.143
a 24 44 0 1 11796357283336.918
a 24 45 0 1 10602653313625.922
a 24 46 0 1 7425913375849.732
a 24 47 0 1 9577798248327.148
a 24 48 0 1 12006399003408.977
a 24 49 0 1 8507127811251.18
a 24 50 0 1 18130350825651.668
a 24 51 0 1 6994922968707.449
a 24 52 0 1 13689538579400.541
a 24 53 0 1 5536615507814.486
a 24 54 0 1 16023510720932.754
a 24 55 0 1 17144430112431.648
a 24 56 0 1 15576375462391.16
a 24 57 0 1 16173195436809.314
a 24 58 0 1 15853466058126.06
a 24 59 0 1 13503723200050.215
a 24 60 0 1 5999795161631.598
a 24 61 0 1 9049303512050.305
a 24 62 0 1 13807584501631.29
a 24 63 0 1 12153845900310.055
a 24 64 0 1 15498643222948.182
a 24 65 0 1 9692608119478.879
a 24 66 0 1 8278200233893.499
a 24 67 0 1 15190393808789.473
a 24 68 0 1 15560943159463.75
a 24 69 0 1 16007729055571.4
a 24 70 0 1 17824351767312.375
a 24 71 0 1 18160128010633.21
a 24 72 0 1 11387180009952.393
a 24 73 0 1 4876013209395.236
a 24 74 0 1 16056205914439.744
a 24 75 0 1 5447816380163.815
a 24 76 0 1 4669305002407.717
a 24 77 0 1 6843572166599.424
a 24 78 0 1 11837542595892.195
a 24 79 0 1 14241925759466.307
a 24 80 0 1 8975637434095.242
a 25 39 0 1 15509131429470.27
a 25 40 0 1 28696123196341.176
a 25 41 0 1 23677817226681.254
a 25 42 0 1 21128925119720.652
a 25 43 0 1 20867304363131.047
a 25 44 0 1 21857257141174.22
a 25 45 0 1 19643159706577.977
a 25 46 0 1 13753434069868.574
a 25 47 0 1 17742660286056.13
a 25 48 0 1 22246899047672.535
a 25 49 0 1 15757609604852.842
a 25 50 0 1 33614345727333.273
a 25 51 0 1 12954654424347.658
a 25 52 0 1 25369821412417.63
a 25 53 0 1 10252389701874.994
a 25 54 0 1 29702022614664.676
a 25 55 0 1 31783325438184.516
a 25 56 0 1 28871918353744.47
a 25 57 0 1 29979927859453.227
a 25 58 0 1 29386326964869.027
a 25 59 0 1 25025005929623.855
a 25 60 0 1 11110584395905.895
a 25 61 0 1 16762765142417.676
a 25 62 0 1 25588884443318.05
a 25 63 0 1 22520432857809.52
a 25 64 0 1 28727616327559.78
a 25 65 0 1 17955545570967.746
a 25 66 0 1 15333226182039.135
a 25 67 0 1 28155404299643.89
a 25 68 0 1 28843269671084.633
a 25 69 0 1 29672722789482.305
a 25 70 0 1 33046015969494.71
a 25 71 0 1 33669652502769.562
a 25 72 0 1 21098251286630.05
a 25 73 0 1 9028538783783.42
a 25 74 0 1 29762723941923.168
a 25 75 0 1 10087868636078.803
a 25 76 0 1 8645617782987.201
a 25 77 0 1 12674163207458.674
a 25 78 0 1 21933657472247.043
a 25 79 0 1 26394954566330.77
a 25 80 0 1 16626187134975.895
a 26 39 0 1 16258883767863.922
a 26 40 0 1 30085581356224.098
a 26 41 0 1 24823595435849.043
a 26 42 0 1 22151046709592.895
a 26 43 0 1 21876738023271.81
a 26 44 0 1 22914705170780.99
a 26 45 0 1 20593236164897.156
a 26 46 0 1 14418170403903.447
a 26 47 0 1 18600618719855.58
a 26 48 0 1 23323248510475.695
a 26 49 0 1 16519396894666.691
a 26 50 0 1 35242910617678.91
a 26 51 0 1 13580723434765.18
a 26 52 0 1 26597727325296.57
a 26 53 0 1 10747702750931.664
a 26 54 0 1 31140360981195.812
a 26 55 0 1 33322839364454.902
a 26 56 0 1 30269918165371.742
a 26 57 0 1 31431772716813.016
a 26 58 0 1 30809323286126.91
a 26 59 0 1 26236172221100.277
a 26 60 0 1 11647414138652.006
a 26 61 0 1 17573244148290.746
a 26 62 0 1 26827425846796.945
a 26 63 0 1 23610052440859.074
a 26 64 0 1 30118604669939.547
a 26 65 0 1 18823820544218.543
a 26 66 0 1 16074459049208.37
a 26 67 0 1 29518591923490.914
a 26 68 0 1 30239877456784.32
a 26 69 0 1 31109637206119.58
a 26 70 0 1 34646936148009.457
a 26 71 0 1 35300907829375.46
a 26 72 0 1 22118885233496.867
a 26 73 0 1 9464660745809.121
a 26 74 0 1 31204012380239.266
a 26 75 0 1 10575223668570.965
a 26 76 0 1 9063223506865.473
a 26 77 0 1 13286655968278.113
a 26 78 0 1 22994811523013.066
a 26 79 0 1 27672635445736.14
a 26 80 0 1 17430049339210.562
a 27 39 0 1 5827146397208.915
a 27 40 0 1 10771595453713.588
a 27 41 0 1 8891092806845.682
a 27 42 0 1 7935429743641.562
a 27 43 0 1 7837319720718.021
a 27 44 0 1 8208541030167.313
a 27 45 0 1 7378205918156.4375
a 27 46 0 1 5168141490029.14
a 27 47 0 1 6665265919551.829
a 27 48 0 1 8354637918039.504
a 27 49 0 1 5920399790424.456
a 27 50 0 1 12613275865562.027
a 27 51 0 1 4868262693116.335
a 27 52 0 1 9525286949109.875
a 27 53 0 1 3853519869920.3716
a 27 54 0 1 11148371255540.477
a 27 55 0 1 11927783404769.17
a 27 56 0 1 10837446292519.148
a 27 57 0 1 11252455511216.238
a 27 58 0 1 11030128250362.861
a 27 59 0 1 9396056326141.82
a 27 60 0 1 4175828176415.7974
a 27 61 0 1 6297598766778.193
a 27 62 0 1 9607384489182.186
a 27 63 0 1 8457194985468.528
a 27 64 0 1 10783392540081.738
a 27 65 0 1 6745135905274.967
a 27 66 0 1 5761127472749.85
a 27 67 0 1 10569037940446.31
a 27 68 0 1 10826714940052.77
a 27 69 0 1 11137397306625.902
a 27 70 0 1 12400525447348.152
a 27 71 0 1 12633978654525.69
a 27 72 0 1 7923926984850.162
a 27 73 0 1 3393814905926.855
a 27 74 0 1 11171106167544.406
a 27 75 0 1 3791726893083.6953
a 27 76 0 1 3249964854845.5903
a 27 77 0 1 4762952177200.026
a 27 78 0 1 8237188108468.426
a 27 79 0 1 9909450477975.307
a 27 80 0 1 6246349120049.245
a 28 39 0 1 11159424175392.934
a 28 40 0 1 20639180336476.88
a 28 41 0 1 17032615659431.979
a 28 42 0 1 15200324658077.105
a 28 43 0 1 15012239425955.37
a 28 44 0 1 15723922672795.883
a 28 45 0 1 14132131118054.68
a 28 46 0 1 9896692664086.217
a 28 47 0 1 12765614168469.324
a 28 48 0 1 16004026170992.867
a 28 49 0 1 11338122908268.85
a 28 50 0 1 24172679063222.652
a 28 51 0 1 9322147450596.973
a 28 52 0 1 18248759108009.71
a 28 53 0 1 7378245990980.927
a 28 54 0 1 21361960775675.457
a 28 55 0 1 22857313530347.07
a 28 56 0 1 20765499843695.19
a 28 57 0 1 21561638909425.797
a 28 58 0 1 21135125435174.7
a 28 59 0 1 18000930644304.156
a 28 60 0 1 7995633806348.113
a 28 61 0 1 12060974080346.402
a 28 62 0 1 18406202917144.887
a 28 63 0 1 16200658338247.057
a 28 64 0 1 20661810171540.06
a 28 65 0 1 12918693526267.293
a 28 66 0 1 11032916178973.025
a 28 67 0 1 20250631918483.766
a 28 68 0 1 20744914121795.414
a 28 69 0 1 21340908302691.05
a 28 70 0 1 23764419922876.723
a 28 71 0 1 24212407829262.676
a 28 72 0 1 15178272692571.73
a 28 73 0 1 6497744784952.7705
a 28 74 0 1 21405575688630.527
a 28 75 0 1 7259885136633.809
a 28 76 0 1 6222237453629.268
a 28 77 0 1 9120389045584.44
a 28 78 0 1 15778845453428.691
a 28 79 0 1 18985518088451.14
a 28 80 0 1 11962757638908.78
a 29 39 0 1 16159156662096.775
a 29 40 0 1 29900753004092.35
a 29 41 0 1 24671185558822.023
a 29 42 0 1 22015087148005.09
a 29 43 0 1 21742466342261.2
a 29 44 0 1 22774046095680.43
a 29 45 0 1 20466860740383.375
a 29 46 0 1 14329752316039.0
a 29 47 0 1 18486497521111.633
a 29 48 0 1 23180074944183.33
a 29 49 0 1 16418068857398.342
a 29 50 0 1 35026270665521.332
a 29 51 0 1 13497448896752.844
a 29 52 0 1 26434391592539.13
a 29 53 0 1 10681821152729.033
a 29 54 0 1 30949029558003.46
a 29 55 0 1 33118047243072.72
a 29 56 0 1 30083953428015.71
a 29 57 0 1 31238644365526.57
a 29 58 0 1 30620032990652.434
a 29 59 0 1 26075063457731.05
a 29 60 0 1 11576010108318.393
a 29 61 0 1 17465438928697.176
a 29 62 0 1 26662675208877.66
a 29 63 0 1 23465113521259.5
a 29 64 0 1 29933572741776.844
a 29 65 0 1 18708326973758.895
a 29 66 0 1 15975865231095.994
a 29 67 0 1 29337258603252.97
a 29 68 0 1 30054097915321.758
a 29 69 0 1 30918495227526.957
a 29 70 0 1 34433974223130.887
a 29 71 0 1 35083909923480.598
a 29 72 0 1 21983123573898.633
a 29 73 0 1 9406652497963.713
a 29 74 0 1 31012288474547.113
a 29 75 0 1 10510400617798.047
a 29 76 0 1 9007678192323.057
a 29 77 0 1 13205187341457.904
a 29 78 0 1 22853659430090.168
a 29 79 0 1 27502677815144.574
a 29 80 0 1 17323124318839.338
a 30 39 0 1 7368104421809.994
a 30 40 0 1 13622139059464.143
a 30 41 0 1 11243344692774.982
a 30 42 0 1 10034556571228.512
a 30 43 0 1 9910464279450.969
a 30 44 0 1 10379999249246.922
a 30 45 0 1 9329774209508.271
a 30 46 0 1 6534698007710.645
a 30 47 0 1 8428075362979.661
a 30 48 0 1 10564791119071.9
a 30 49 0 1 7486039442594.535
a 30 50 0 1 15952088781071.668
a 30 51 0 1 6155469250757.902
a 30 52 0 1 12045555792437.766
a 30 53 0 1 4872269991440.807
a 30 54 0 1 14098784963236.238
a 30 55 0 1 15084826836847.791
a 30 56 0 1 13705443864631.91
a 30 57 0 1 14230460251060.312
a 30 58 0 1 13949198688175.527
a 30 59 0 1 11882085602450.943
a 30 60 0 1 5279838341039.8
a 30 61 0 1 7963079530089.797
a 30 62 0 1 12149405690222.727
a 30 63 0 1 10694512266650.012
a 30 64 0 1 13637062975063.186
a 30 65 0 1 8529089872522.881
a 30 66 0 1 7284612495426.299
a 30 67 0 1 13365895156124.184
a 30 68 0 1 13691868111516.861
a 30 69 0 1 14084902048874.44
a 30 70 0 1 15682920241967.084
a 30 71 0 1 15978281816206.04
a 30 72 0 1 10020007522853.623
a 30 73 0 1 4290973364014.808
a 30 74 0 1 14127546456798.176
a 30 75 0 1 4794131865682.923
a 30 76 0 1 4109078411158.716
a 30 77 0 1 6022294503144.942
a 30 78 0 1 10416233615923.307
a 30 79 0 1 12531510801496.336
a 30 80 0 1 7898263927883.66
a 31 39 0 1 12982803983283.059
a 31 40 0 1 24015781233665.047
a 31 41 0 1 19817829906582.34
a 31 42 0 1 17685307784298.1
a 31 43 0 1 17466412077984.912
a 31 44 0 1 18294685215989.203
a 31 45 0 1 16442152773727.096
a 31 46 0 1 11513476460480.541
a 31 47 0 1 14851884391139.924
a 31 48 0 1 18620682131798.89
a 31 49 0 1 13190745334052.256
a 31 50 0 1 28129240307190.484
a 31 51 0 1 10844952806991.455
a 31 52 0 1 21233326670586.4
a 31 53 0 1 8583194365224.617
a 31 54 0 1 24857148414578.316
a 31 55 0 1 26597916963612.11
a 31 56 0 1 24162824352859.58
a 31 57 0 1 25089591832959.79
a 31 58 0 1 24593093677412.004
a 31 59 0 1 20944868265712.004
a 31 60 0 1 9301516390767.102
a 31 61 0 1 14031899605117.352
a 31 62 0 1 21416583818600.754
a 31 63 0 1 18849533456251.023
a 31 64 0 1 24042123602241.613
a 31 65 0 1 15030024658314.73
a 31 66 0 1 12835594811871.773
a 31 67 0 1 23563493087376.715
a 31 68 0 1 24138861349275.18
a 31 69 0 1 24832641532986.64
a 31 70 0 1 27653944690986.38
a 31 71 0 1 28175492959956.84
a 31 72 0 1 17659643378721.395
a 31 73 0 1 7558772495469.323
a 31 74 0 1 24907919970681.12
a 31 75 0 1 8445485085615.197
a 31 76 0 1 7238239605527.992
a 31 77 0 1 10610196183593.13
a 31 78 0 1 18358606520638.652
a 31 79 0 1 22090888659054.344
a 31 80 0 1 13917607542293.207
a 32 39 0 1 4986116728843.522
a 32 40 0 1 9216177879167.186
a 32 41 0 1 7607457541059.252
a 32 42 0 1 6789874458528.647
a 32 43 0 1 6705938493988.944
a 32 44 0 1 7023527627012.492
a 32 45 0 1 6313149705903.057
a 32 46 0 1 4422274162830.743
a 32 47 0 1 5703191357776.125
a 32 48 0 1 7148516100252.729
a 32 49 0 1 5065903046589.77
a 32 50 0 1 10791589228038.064
a 32 51 0 1 4165694699064.951
a 32 52 0 1 8150005127294.1045
a 32 53 0 1 3297451056657.326
a 32 54 0 1 9538487517469.4
a 32 55 0 1 10205216146338.143
a 32 56 0 1 9272509707706.828
a 32 57 0 1 9627524791509.178
a 32 58 0 1 9437337984871.62
a 32 59 0 1 8039450379396.849
a 32 60 0 1 3573230645660.5073
a 32 61 0 1 5388626766726.753
a 32 62 0 1 8220238023521.378
a 32 63 0 1 7236255123616.319
a 32 64 0 1 9226269657137.637
a 32 65 0 1 5771525127151.13
a 32 66 0 1 4929631697564.162
a 32 67 0 1 9042900115618.6
a 32 68 0 1 9263329624908.262
a 32 69 0 1 9529100003847.613
a 32 70 0 1 10609603073968.627
a 32 71 0 1 10809298271011.201
a 32 72 0 1 6780033529595.072
a 32 73 0 1 2904104403252.175
a 32 74 0 1 9557935774249.645
a 32 75 0 1 3244578232100.31
a 32 76 0 1 2781017840879.8813
a 32 77 0 1 4075589303220.658
a 32 78 0 1 7048035757385.109
a 32 79 0 1 8478648124738.649
a 32 80 0 1 5344778856081.07
a 33 39 0 1 5975432966035.281
a 33 40 0 1 11045866221199.66
a 33 41 0 1 9117431171539.291
a 33 42 0 1 8137417230221.686
a 33 43 0 1 8036807615037.86
a 33 44 0 1 8417486998234.683
a 33 45 0 1 7565997537422.826
a 33 46 0 1 5299647767938.174
a 33 47 0 1 6834897360481.827
a 33 48 0 1 8567306408231.162
a 33 49 0 1 6071061088224.598
a 33 50 0 1 12934510124210.898
a 33 51 0 1 4992133999320.278
a 33 52 0 1 9767788001098.87
a 33 53 0 1 3951559638580.1777
a 33 54 0 1 11432248275386.559
a 33 55 0 1 12231534981006.719
a 33 56 0 1 11113395927255.893
a 33 57 0 1 11538986407419.422
a 33 58 0 1 11310990461898.418
a 33 59 0 1 9635263688492.354
a 33 60 0 1 4282072032182.2637
a 33 61 0 1 6457866096707.312
a 33 62 0 1 9851978006234.299
a 33 63 0 1 8672476687792.901
a 33 64 0 1 11057964072386.674
a 33 65 0 1 6916801661547.795
a 33 66 0 1 5907732879107.179
a 33 67 0 1 10838144667426.84
a 33 68 0 1 11102390977159.688
a 33 69 0 1 11420994523270.188
a 33 70 0 1 12716333452888.088
a 33 71 0 1 12955740957585.441
a 33 72 0 1 8125621407581.617
a 33 73 0 1 3480154351288.0757
a 33 74 0 1 11455562862631.516
a 33 75 0 1 3888193844767.1436
a 33 76 0 1 3332643316945.3247
a 33 77 0 1 4884142385722.203
a 33 78 0 1 8446863988758.36
a 33 79 0 1 10161743265873.031
a 33 80 0 1 6405311237797.99
a 34 39 0 1 11308798486982.14
a 34 40 0 1 20915751701841.79
a 34 41 0 1 17260761856942.473
a 34 42 0 1 15403884381251.127
a 34 43 0 1 15213275934888.219
a 34 44 0 1 15934507188184.904
a 34 45 0 1 14321362207463.514
a 34 46 0 1 10029145178361.129
a 34 47 0 1 12936520152086.969
a 34 48 0 1 16218369014976.92
a 34 49 0 1 11489892354759.273
a 34 50 0 1 24496734084276.69
a 34 51 0 1 9446902165545.338
a 34 52 0 1 18493229850217.707
a 34 53 0 1 7476963821549.255
a 34 54 0 1 21648241781812.082
a 34 55 0 1 23163687908522.023
a 34 56 0 1 21043768033734.203
a 34 57 0 1 21850602627384.574
a 34 58 0 1 21418359019162.977
a 34 59 0 1 18242074358007.203
a 34 60 0 1 8102619734722.196
a 34 61 0 1 12222433065012.143
a 34 62 0 1 18652787398841.387
a 34 63 0 1 16417639669106.836
a 34 64 0 1 20938685515275.1
a 34 65 0 1 13091652026172.92
a 34 66 0 1 11180594938930.07
a 34 67 0 1 20521984304196.246
a 34 68 0 1 21022905784537.785
a 34 69 0 1 21626906472331.977
a 34 70 0 1 24082986699129.336
a 34 71 0 1 24536996953706.77
a 34 72 0 1 15381536576935.451
a 34 73 0 1 6584672946595.869
a 34 74 0 1 21692442658336.7
a 34 75 0 1 7357018006998.035
a 34 76 0 1 6305477145409.737
a 34 77 0 1 9242440831302.646
a 34 78 0 1 15990166883690.863
a 34 79 0 1 19239880752267.797
a 34 80 0 1 12122899974515.148
a 35 39 0 1 14345517058120.154
a 35 40 0 1 26540091639834.055
a 35 41 0 1 21899778228042.094
a 35 42 0 1 19542721046836.766
a 35 43 0 1 19300784521899.684
a 35 44 0 1 20216247908537.105
a 35 45 0 1 18168729407351.402
a 35 46 0 1 12721738627424.408
a 35 47 0 1 16411152562365.615
a 35 48 0 1 20576566747861.195
a 35 49 0 1 14575321189148.145
a 35 50 0 1 31087468109493.49
a 35 51 0 1 11982961063882.281
a 35 52 0 1 23464381149284.59
a 35 53 0 1 9483607215526.611
a 35 54 0 1 27470175355201.477
a 35 55 0 1 29394556621630.484
a 35 56 0 1 26702638101124.84
a 35 57 0 1 27727131725090.766
a 35 58 0 1 27178275768668.832
a 35 59 0 1 23145532640825.246
a 35 60 0 1 10277373417097.96
a 35 61 0 1 15504925524818.787
a 35 62 0 1 23666946238912.863
a 35 63 0 1 20829513920664.773
a 35 64 0 1 26569211346653.62
a 35 65 0 1 16608031188126.184
a 35 66 0 1 14182831136522.455
a 35 67 0 1 26040120588833.73
a 35 68 0 1 26676148542992.207
a 35 69 0 1 27443084118418.24
a 35 70 0 1 30562011656841.043
a 35 71 0 1 31138602409992.31
a 35 72 0 1 19514355156320.516
a 35 73 0 1 8351615860492.403
a 35 74 0 1 27526301039743.035
a 35 75 0 1 9331436132771.662
a 35 76 0 1 7997431151993.269
a 35 77 0 1 11723537137614.453
a 35 78 0 1 20286898813557.047
a 35 79 0 1 24412303475291.574
a 35 80 0 1 15378614174170.86
a 36 39 0 1 13169641696850.887
a 36 40 0 1 24361842318011.41
a 36 41 0 1 20103259524668.125
a 36 42 0 1 17939959918642.34
a 36 43 0 1 17717905882104.945
a 36 44 0 1 18558130585153.938
a 36 45 0 1 16678870228249.0
a 36 46 0 1 11679140391191.389
a 36 47 0 1 15065667040561.172
a 36 48 0 1 18888832106764.355
a 36 49 0 1 13380580178939.97
a 36 50 0 1 28534770226117.547
a 36 51 0 1 11000985365091.742
a 36 52 0 1 21539193818579.9
a 36 53 0 1 8706653079721.473
a 36 54 0 1 25215368610085.836
a 36 55 0 1 26981301656939.547
a 36 56 0 1 24511010274839.273
a 36 57 0 1 25451171631625.08
a 36 58 0 1 24947497599286.645
a 36 59 0 1 21246569983270.844
a 36 60 0 1 9435318513892.86
a 36 61 0 1 14233859785872.812
a 36 62 0 1 21725097403463.34
a 36 63 0 1 19120986300006.6
a 36 64 0 1 24388565340014.047
a 36 65 0 1 15246376017885.8
a 36 66 0 1 13020310836238.186
a 36 67 0 1 23903018866898.008
a 36 68 0 1 24486700990354.15
a 36 69 0 1 25190507530786.43
a 36 70 0 1 28052600276730.508
a 36 71 0 1 28581691884663.957
a 36 72 0 1 17913925206591.65
a 36 73 0 1 7667483148148.776
a 36 74 0 1 25266873973418.875
a 36 75 0 1 8566961066872.171
a 36 76 0 1 7342336439874.585
a 36 77 0 1 10762846976530.227
a 36 78 0 1 18622974338212.953
a 36 79 0 1 22409140930508.812
a 36 80 0 1 14117920049914.695
a 37 39 0 1 15145832871779.451
a 37 40 0 1 28022923612220.47
a 37 41 0 1 23122658706523.32
a 37 42 0 1 20633670893016.605
a 37 43 0 1 20378196828623.043
a 37 44 0 1 21344889092576.887
a 37 45 0 1 19182808237820.9
a 37 46 0 1 13431326024336.93
a 37 47 0 1 17326937277965.605
a 37 48 0 1 21725374323061.418
a 37 49 0 1 15388480173386.924
a 37 50 0 1 32825329949984.363
a 37 51 0 1 12651281210500.572
a 37 52 0 1 24774878293012.453
a 37 53 0 1 10012371321882.15
a 37 54 0 1 29005146141630.66
a 37 55 0 1 31037442194856.93
a 37 56 0 1 28194581284380.246
a 37 57 0 1 29276509100789.844
a 37 58 0 1 28696881921538.992
a 37 59 0 1 24438171787540.543
a 37 60 0 1 10850449737305.807
a 37 61 0 1 16370045062874.703
a 37 62 0 1 24988789322771.36
a 37 63 0 1 21992479545353.58
a 37 64 0 1 28053675538426.203
a 37 65 0 1 17534824434505.816
a 37 66 0 1 14974055280051.912
a 37 67 0 1 27494929959430.2
a 37 68 0 1 28166606883448.66
a 37 69 0 1 28976536052280.004
a 37 70 0 1 32270389984981.375
a 37 71 0 1 32879333611912.78
a 37 72 0 1 20603717750090.06
a 37 73 0 1 8817201032883.596
a 37 74 0 1 29064418508006.203
a 37 75 0 1 9851706223839.613
a 37 76 0 1 8443252065519.32
a 37 77 0 1 12377367925529.229
a 37 78 0 1 21419494061211.06
a 37 79 0 1 25775899821165.668
a 37 80 0 1 16236672806410.83
a 38 39 0 1 15913016204454.164
a 38 40 0 1 29444586257197.816
a 38 41 0 1 24295024559246.992
a 38 42 0 1 21679524771764.332
a 38 43 0 1 21411069607965.87
a 38 44 0 1 22426885481408.9
a 38 45 0 1 20154951820339.22
a 38 46 0 1 14111523112315.959
a 38 47 0 1 18204832045789.348
a 38 48 0 1 22826708669842.434
a 38 49 0 1 16167977236559.258
a 38 50 0 1 34491597895159.49
a 38 51 0 1 13291914329314.4
a 38 52 0 1 26031266377308.152
a 38 53 0 1 10519213948300.172
a 38 54 0 1 30476814092793.688
a 38 55 0 1 32612612821821.777
a 38 56 0 1 29624982226843.598
a 38 57 0 1 30761994334403.21
a 38 58 0 1 30152854749411.723
a 38 59 0 1 25677434221559.07
a 38 60 0 1 11399772972721.477
a 38 61 0 1 17199361413496.059
a 38 62 0 1 26256058128034.664
a 38 63 0 1 23107390435547.52
a 38 64 0 1 29476903594928.26
a 38 65 0 1 18423274468587.46
a 38 66 0 1 15732521775922.932
a 38 67 0 1 28889717166729.477
a 38 68 0 1 29595583753899.344
a 38 69 0 1 30446747285328.586
a 38 70 0 1 33908378143419.797
a 38 71 0 1 34548353790962.684
a 38 72 0 1 21648049613930.4
a 38 73 0 1 9263477636903.979
a 38 74 0 1 30539104417162.457
a 38 75 0 1 10350406024290.572
a 38 76 0 1 8870582161874.322
a 38 77 0 1 13004109899936.896
a 38 78 0 1 22505282067280.31
a 38 79 0 1 27083210353169.375
a 38 80 0 1 17059219158782.41
a 39 1 0 1 0
a 40 1 0 1 0
a 41 1 0 1 0
a 42 1 0 1 0
a 43 1 0 1 0
a 44 1 0 1 0
a 45 1 0 1 0
a 46 1 0 1 0
a 47 1 0 1 0
a 48 1 0 1 0
a 49 1 0 1 0
a 50 1 0 1 0
a 51 1 0 1 0
a 52 1 0 1 0
a 53 1 0 1 0
a 54 1 0 1 0
a 55 1 0 1 0
a 56 1 0 1 0
a 57 1 0 1 0
a 58 1 0 1 0
a 59 1 0 1 0
a 60 1 0 1 0
a 61 1 0 1 0
a 62 1 0 1 0
a 63 1 0 1 0
a 64 1 0 1 0
a 65 1 0 1 0
a 66 1 0 1 0
a 67 1 0 1 0
a 68 1 0 1 0
a 69 1 0 1 0
a 70 1 0 1 0
a 71 1 0 1 0
a 72 1 0 1 0
a 73 1 0 1 0
a 74 1 0 1 0
a 75 1 0 1 0
a 76 1 0 1 0
a 77 1 0 1 0
a 78 1 0 1 0
a 79 1 0 1 0
a 80 1 0 1 0
