p min 80 1595
n 0 37
n 1 -37
a 0 2 0 1 0
a 0 3 0 1 0
a 0 4 0 1 0
a 0 5 0 1 0
a 0 6 0 1 0
a 0 7 0 1 0
a 0 8 0 1 0
a 0 9 0 1 0
a 0 10 0 1 0
a 0 11 0 1 0
a 0 12 0 1 0
a 0 13 0 1 0
a 0 14 0 1 0
a 0 15 0 1 0
a 0 16 0 1 0
a 0 17 0 1 0
a 0 18 0 1 0
a 0 19 0 1 0
a 0 20 0 1 0
a 0 21 0 1 0
a 0 22 0 1 0
a 0 23 0 1 0
a 0 24 0 1 0
a 0 25 0 1 0
a 0 26 0 1 0
a 0 27 0 1 0
a 0 28 0 1 0
a 0 29 0 1 0
a 0 30 0 1 0
a 0 31 0 1 0
a 0 32 0 1 0
a 0 33 0 1 0
a 0 34 0 1 0
a 0 35 0 1 0
a 0 36 0 1 0
a 0 37 0 1 0
a 0 38 0 1 0
a 2 39 0 1 5706511108771.584
a 2 40 0 1 14714320845375.795
a 2 41 0 1 12314984688443.41
a 2 42 0 1 11285047668317.832
a 2 43 0 1 14461679296328.082
a 2 44 0 1 6702756083104.129
a 2 45 0 1 8578702331910.9375
a 2 46 0 1 6302141306110.248
a 2 47 0 1 3234468761131.6953
a 2 48 0 1 13985849603365.906
a 2 49 0 1 8428121404622.381
a 2 50 0 1 12399444736053.355
a 2 51 0 1 9430244515444.107
a 2 52 0 1 14563665347059.188
a 2 53 0 1 7109705454925.55
a 2 54 0 1 13121926109292.34
a 2 55 0 1 10213796114956.725
a 2 56 0 1 5076999839353.333
a 2 57 0 1 5491379013870.44
a 2 58 0 1 5141361170226.749
a 2 59 0 1 11876169707375.791
a 2 60 0 1 3764110359099.44
a 2 61 0 1 13297194172286.703
a 2 62 0 1 9560164400838.193
a 2 63 0 1 4589683641985.064
a 2 64 0 1 7530470686623.156
a 2 65 0 1 7855182652030.334
a 2 66 0 1 11827455744895.158
a 2 67 0 1 14547726224860.287
a 2 68 0 1 10853556235455.05
a 2 69 0 1 6556420240310.148
a 2 70 0 1 7217886738776.61
a 2 71 0 1 3025056813233.6235
a 2 72 0 1 4515126093661.697
a 2 73 0 1 7660898731396.4
a 2 74 0 1 7000805646298.921
a 2 75 0 1 13742655452601.969
a 2 76 0 1 11396621277894.65
a 2 77 0 1 5799361499351.216
a 2 78 0 1 10749670914637.967
a 2 79 0 1 13208982467300.805
a 3 39 0 1 5072279860272.674
a 3 40 0 1 13077437904591.732
a 3 41 0 1 10945350426869.912
a 3 42 0 1 10030092107987.305
a 3 43 0 1 12852942869821.512
a 3 44 0 1 5957724526334.85
a 3 45 0 1 7624970581266.935
a 3 46 0 1 5601668012932.519
a 3 47 0 1 2875075401397.3745
a 3 48 0 1 12430120883736.008
a 3 49 0 1 7491144833947.389
a 3 50 0 1 11020405168397.316
a 3 51 0 1 8381751722802.802
a 3 52 0 1 12943566943072.156
a 3 53 0 1 6319407330724.875
a 3 54 0 1 11662425783427.238
a 3 55 0 1 9078093797860.986
a 3 56 0 1 4512769887729.28
a 3 57 0 1 4881071346940.438
a 3 58 0 1 4569974688917.215
a 3 59 0 1 10555398409801.613
a 3 60 0 1 3345843959970.1777
a 3 61 0 1 11818172932746.604
a 3 62 0 1 8497212453607.134
a 3 63 0 1 4079636783163.7427
a 3 64 0 1 6693365238835.822
a 3 65 0 1 6981952409985.391
a 3 66 0 1 10512108578156.299
a 3 67 0 1 12929403569031.373
a 3 68 0 1 9646638057936.22
a 3 69 0 1 5827665269144.383
a 3 70 0 1 6415554553724.027
a 3 71 0 1 2688939165842.743
a 3 72 0 1 4013368567962.125
a 3 73 0 1 6809283215856.67
a 3 74 0 1 6222621242403.536
a 3 75 0 1 12214016711207.883
a 3 76 0 1 10129243681832.648
a 3 77 0 1 5154804576764.445
a 3 78 0 1 9554317521954.012
a 3 79 0 1 11739786111913.963
a 4 39 0 1 4470925041499.804
a 4 40 0 1 11525754435589.553
a 4 41 0 1 9646927583378.758
a 4 42 0 1 8840354879490.426
a 4 43 0 1 11327931269343.225
a 4 44 0 1 5251330470918.674
a 4 45 0 1 6720741892683.839
a 4 46 0 1 4937514782782.14
a 4 47 0 1 2534290787452.8047
a 4 48 0 1 10955340736507.338
a 4 49 0 1 6602798316509.396
a 4 50 0 1 9713068786280.533
a 4 51 0 1 7387701650486.662
a 4 52 0 1 11407788598724.736
a 4 53 0 1 5570101848954.461
a 4 54 0 1 10278837164785.191
a 4 55 0 1 8001383590708.948
a 4 56 0 1 3977779333293.1797
a 4 57 0 1 4302396886315.2427
a 4 58 0 1 4028199338439.6284
a 4 59 0 1 9303284278012.254
a 4 60 0 1 2949239884355.0786
a 4 61 0 1 10416084861842.592
a 4 62 0 1 7489457282283.87
a 4 63 0 1 3596015580519.4663
a 4 64 0 1 5899688653664.284
a 4 65 0 1 6154031885045.933
a 4 66 0 1 9265135099906.596
a 4 67 0 1 11395307940965.217
a 4 68 0 1 8502429449340.464
a 4 69 0 1 5136701169748.049
a 4 70 0 1 5654841269036.478
a 4 71 0 1 2370223425612.996
a 4 72 0 1 3537606341496.054
a 4 73 0 1 6001851969795.589
a 4 74 0 1 5484799139676.545
a 4 75 0 1 10764908178454.893
a 4 76 0 1 8927733320776.766
a 4 77 0 1 4543660747641.844
a 4 78 0 1 8421069871254.014
a 4 79 0 1 10347008802957.277
a 5 39 0 1 9653996274685.021
a 5 40 0 1 24910864814595.965
a 5 41 0 1 20844872497210.43
a 5 42 0 1 19099986522044.258
a 5 43 0 1 24482656796360.72
a 5 44 0 1 11340295097244.416
a 5 45 0 1 14516352092479.941
a 5 46 0 1 10662160368755.385
a 5 47 0 1 5470838627165.295
a 5 48 0 1 23676209018023.6
a 5 49 0 1 14261377059733.43
a 5 50 0 1 20987974722274.01
a 5 51 0 1 15958363173589.496
a 5 52 0 1 24655513234478.613
a 5 53 0 1 12029196989140.0
a 5 54 0 1 22212167283353.773
a 5 55 0 1 17285411476330.39
a 5 56 0 1 8588589127264.913
a 5 57 0 1 9289887077040.732
a 5 58 0 1 8697511613704.201
a 5 59 0 1 20101411233109.746
a 5 60 0 1 6366952480045.574
a 5 61 0 1 22509167688302.56
a 5 62 0 1 16178388203985.713
a 5 63 0 1 7763911370607.522
a 5 64 0 1 12741534013188.896
a 5 65 0 1 13291289780974.217
a 5 66 0 1 20018880931091.215
a 5 67 0 1 24628497786413.625
a 5 68 0 1 18369053062889.594
a 5 69 0 1 11092582243867.527
a 5 70 0 1 12212338575665.123
a 5 71 0 1 5116550177943.068
a 5 72 0 1 7637744420512.066
a 5 73 0 1 12962352664738.78
a 5 74 0 1 11844842194655.195
a 5 75 0 1 23264061340290.81
a 5 76 0 1 19288997048986.54
a 5 77 0 1 9811148611166.998
a 5 78 0 1 18193081993025.55
a 5 79 0 1 22359687548951.48
a 6 39 0 1 12659928038953.523
a 6 40 0 1 32685186650915.1
a 6 41 0 1 27346256912272.266
a 6 42 0 1 25055580326488.516
a 6 43 0 1 32122846104406.9
a 6 44 0 1 14872183642254.229
a 6 45 0 1 19039581020841.15
a 6 46 0 1 13982506412792.93
a 6 47 0 1 7173199011211.937
a 6 48 0 1 31063832551820.113
a 6 49 0 1 18704985690168.85
a 6 50 0 1 27534133490425.0
a 6 51 0 1 20932000098370.332
a 6 52 0 1 32349846264629.56
a 6 53 0 1 15776031204854.104
a 6 54 0 1 29141435117658.465
a 6 55 0 1 22673721566735.992
a 6 56 0 1 11262358365205.496
a 6 57 0 1 12182288308968.74
a 6 58 0 1 11405234765309.312
a 6 59 0 1 26370209908715.18
a 6 60 0 1 8348424657082.312
a 6 61 0 1 29531402689662.203
a 6 62 0 1 21220766571329.867
a 6 63 0 1 10180643785206.121
a 6 64 0 1 16710672991453.875
a 6 65 0 1 17432028190245.729
a 6 66 0 1 26261863903949.473
a 6 67 0 1 32314368596809.832
a 6 68 0 1 24096100490509.56
a 6 69 0 1 14547192335005.62
a 6 70 0 1 16016322695152.5
a 6 71 0 1 6708581482134.3
a 6 72 0 1 10015158573450.822
a 6 73 0 1 17000414015963.9
a 6 74 0 1 15534151114700.49
a 6 75 0 1 30522630985762.62
a 6 76 0 1 25303698391487.344
a 6 77 0 1 12866084886075.545
a 6 78 0 1 23865114784001.938
a 6 79 0 1 29335131183177.438
a 7 39 0 1 7310890569520.465
a 7 40 0 1 18856740589182.99
a 7 41 0 1 15780708089406.52
a 7 42 0 1 14460439955443.855
a 7 43 0 1 18532822746733.41
a 7 44 0 1 8587505786457.447
a 7 45 0 1 10991617746161.451
a 7 46 0 1 8074137284043.506
a 7 47 0 1 4143504585339.119
a 7 48 0 1 17922764419214.34
a 7 49 0 1 10798630523615.69
a 7 50 0 1 15888980673561.732
a 7 51 0 1 12083004975273.72
a 7 52 0 1 18663580889974.203
a 7 53 0 1 9109005413542.559
a 7 54 0 1 16815181600697.96
a 7 55 0 1 13087304672980.365
a 7 56 0 1 6504260312863.258
a 7 57 0 1 7035225311914.926
a 7 58 0 1 6586728807048.434
a 7 59 0 1 15218183838433.781
a 7 60 0 1 4822082709456.373
a 7 61 0 1 17039876907431.729
a 7 62 0 1 12249523345694.646
a 7 63 0 1 5879855652944.682
a 7 64 0 1 9648224326253.1
a 7 65 0 1 10064359145663.531
a 7 66 0 1 15155737584681.275
a 7 67 0 1 18643144998659.59
a 7 68 0 1 13907340725950.197
a 7 69 0 1 8399981921219.593
a 7 70 0 1 9247640450088.113
a 7 71 0 1 3875211899331.5127
a 7 72 0 1 5784325822998.157
a 7 73 0 1 9815373414772.7
a 7 74 0 1 8969450564535.662
a 7 75 0 1 17610973972507.863
a 7 76 0 1 14603461021996.51
a 7 77 0 1 7429868085280.842
a 7 78 0 1 13774179582015.21
a 7 79 0 1 16926788351568.602
a 8 39 0 1 13715919960522.076
a 8 40 0 1 35418354572752.14
a 8 41 0 1 29631453593961.035
a 8 42 0 1 27148757124501.883
a 8 43 0 1 34808801834007.566
a 8 44 0 1 16113047149741.64
a 8 45 0 1 20628978762282.664
a 8 46 0 1 15149009987423.61
a 8 47 0 1 7771121509451.974
a 8 48 0 1 33660895107295.184
a 8 49 0 1 20266386653556.254
a 8 50 0 1 29835084119061.215
a 8 51 0 1 22679787260102.38
a 8 52 0 1 35054859355058.76
a 8 53 0 1 17092455917693.072
a 8 54 0 1 31577192425557.35
a 8 55 0 1 24567351354240.066
a 8 56 0 1 12201612150179.89
a 8 57 0 1 13198378698646.816
a 8 58 0 1 12356421060392.834
a 8 59 0 1 28573574358780.633
a 8 60 0 1 9044410216903.754
a 8 61 0 1 31999875286330.01
a 8 62 0 1 22992729140618.566
a 8 63 0 1 11029570556180.342
a 8 64 0 1 18105251214728.56
a 8 65 0 1 18886937644422.105
a 8 66 0 1 28456145804012.34
a 8 67 0 1 35016403156844.11
a 8 68 0 1 26108879862456.668
a 8 69 0 1 15760890896133.428
a 8 70 0 1 17352838524204.203
a 8 71 0 1 7267743339929.619
a 8 72 0 1 10850268890533.422
a 8 73 0 1 18419223701645.566
a 8 74 0 1 16830353102715.426
a 8 75 0 1 33074274369161.543
a 8 76 0 1 27417668810166.64
a 8 77 0 1 13939300407797.41
a 8 78 0 1 25858542109952.65
a 8 79 0 1 31787137707598.2
a 9 39 0 1 12492025491312.295
a 9 40 0 1 32250710618915.156
a 9 41 0 1 26982970588122.84
a 9 42 0 1 24722811601513.957
a 9 43 0 1 31695872434513.074
a 9 44 0 1 14674891408477.453
a 9 45 0 1 18786885017603.715
a 9 46 0 1 13797035264723.613
a 9 47 0 1 7078123618214.656
a 9 48 0 1 30650984912949.91
a 9 49 0 1 18456739926093.37
a 9 50 0 1 27168343470819.117
a 9 51 0 1 20654127866992.883
a 9 52 0 1 31919844229560.883
a 9 53 0 1 15566727157961.398
a 9 54 0 1 28754221381740.47
a 9 55 0 1 22372668379420.445
a 9 56 0 1 11113014836542.363
a 9 57 0 1 12020729238420.346
a 9 58 0 1 11253994180680.602
a 9 59 0 1 26019928938390.523
a 9 60 0 1 8237757747921.412
a 9 61 0 1 29138989898298.08
a 9 62 0 1 20939051717454.418
a 9 63 0 1 10045660834275.309
a 9 64 0 1 16488945292724.879
a 9 65 0 1 17200710130782.314
a 9 66 0 1 25913026413864.457
a 9 67 0 1 31884839872732.902
a 9 68 0 1 23776109742266.87
a 9 69 0 1 14354218517406.895
a 9 70 0 1 15803824844612.973
a 9 71 0 1 6619668941648.778
a 9 72 0 1 9882372252393.254
a 9 73 0 1 16774834421931.42
a 9 74 0 1 15328061810035.893
a 9 75 0 1 30117001045415.16
a 9 76 0 1 24967624873975.83
a 9 77 0 1 12695444180898.662
a 9 78 0 1 23548199796970.27
a 9 79 0 1 28945335145026.86
a 10 39 0 1 3156170885132.8286
a 10 40 0 1 8134459670351.604
a 10 41 0 1 6808885167169.25
a 10 42 0 1 6239769635420.705
a 10 43 0 1 7994896835981.581
a 10 44 0 1 3706986414854.1094
a 10 45 0 1 4744028086660.782
a 10 46 0 1 3485496640097.201
a 10 47 0 1 1789155302418.2268
a 10 48 0 1 7732031785827.571
a 10 49 0 1 4660792852690.489
a 10 50 0 1 6855552841649.272
a 10 51 0 1 5214702937957.143
a 10 52 0 1 8051235838250.345
a 10 53 0 1 3931969073605.7207
a 10 54 0 1 7254737129274.673
a 10 55 0 1 5647760733299.733
a 10 56 0 1 2808090232544.22
a 10 57 0 1 3037218728903.663
a 10 58 0 1 2843679088218.2383
a 10 59 0 1 6566415179224.845
a 10 60 0 1 2082071277078.6777
a 10 61 0 1 7351571488703.857
a 10 62 0 1 5286510222957.122
a 10 63 0 1 2538619138456.0547
a 10 64 0 1 4164579942038.9414
a 10 65 0 1 4344082970643.3574
a 10 66 0 1 6539497295724.012
a 10 67 0 1 8042430808017.709
a 10 68 0 1 6001321110942.776
a 10 69 0 1 3626082088646.651
a 10 70 0 1 3991775696030.2373
a 10 71 0 1 1673336534017.0425
a 10 72 0 1 2497389880714.2285
a 10 73 0 1 4236682191821.1987
a 10 74 0 1 3871764551242.5776
a 10 75 0 1 7597677809896.447
a 10 76 0 1 6301425131615.665
a 10 77 0 1 3207509478227.3384
a 10 78 0 1 5943910968673.212
a 10 79 0 1 7302835367085.699
a 11 39 0 1 11406861651567.703
a 11 40 0 1 29443309915549.99
a 11 41 0 1 24635424190378.8
a 11 42 0 1 22572412736675.418
a 11 43 0 1 28936931051008.727
a 11 44 0 1 13399812529165.41
a 11 45 0 1 17153815154656.229
a 11 46 0 1 12598342640982.215
a 11 47 0 1 6463607425096.149
a 11 48 0 1 27983288201550.895
a 11 49 0 1 16852423986907.805
a 11 50 0 1 24804623343918.938
a 11 51 0 1 18858393280707.4
a 11 52 0 1 29141341929315.58
a 11 53 0 1 14214031157549.205
a 11 54 0 1 26252108119298.43
a 11 55 0 1 20427166832783.027
a 11 56 0 1 10147783615342.188
a 11 57 0 1 10976557965960.516
a 11 58 0 1 10276503575149.26
a 11 59 0 1 23756397500087.242
a 11 60 0 1 7522475964274.737
a 11 61 0 1 26603292493721.566
a 11 62 0 1 19118490396135.934
a 11 63 0 1 9173233570249.297
a 11 64 0 1 15055972664786.816
a 11 65 0 1 15705769631591.473
a 11 66 0 1 23658820015107.86
a 11 67 0 1 29109394791834.773
a 11 68 0 1 21708261285553.97
a 11 69 0 1 13107044478970.607
a 11 70 0 1 14430491609516.656
a 11 71 0 1 6044983068667.214
a 11 72 0 1 9024140715610.195
a 11 73 0 1 15316972748052.424
a 11 74 0 1 13996138456414.293
a 11 75 0 1 27495926672995.43
a 11 76 0 1 22795876134273.38
a 11 77 0 1 11592586065658.158
a 11 78 0 1 21500222154397.594
a 11 79 0 1 26426541044875.74
a 12 39 0 1 4336499454585.8643
a 12 40 0 1 11178940815084.494
a 12 41 0 1 9356709378405.666
a 12 42 0 1 8574425571137.18
a 12 43 0 1 10987077743508.105
a 12 44 0 1 5093426971076.604
a 12 45 0 1 6518621143323.494
a 12 46 0 1 4789052684807.814
a 12 47 0 1 2458109718015.9976
a 12 48 0 1 10625712050792.771
a 12 49 0 1 6404227238479.54
a 12 50 0 1 9420858630191.951
a 12 51 0 1 7165506086386.07
a 12 52 0 1 11064529131346.613
a 12 53 0 1 5402607173780.698
a 12 54 0 1 9969586761068.184
a 12 55 0 1 7760714178747.285
a 12 56 0 1 3858187556003.6665
a 12 57 0 1 4173040805530.545
a 12 58 0 1 3907091003729.84
a 12 59 0 1 9023414982859.182
a 12 60 0 1 2860581289392.8765
a 12 61 0 1 10102700401805.56
a 12 62 0 1 7264198713583.213
a 12 63 0 1 3487906124776.1104
a 12 64 0 1 5722276671230.836
a 12 65 0 1 5968966184635.628
a 12 66 0 1 8986414628453.174
a 12 67 0 1 11052424493661.137
a 12 68 0 1 8246675029022.266
a 12 69 0 1 4982246462975.452
a 12 70 0 1 5484796844063.502
a 12 71 0 1 2298975545211.868
a 12 72 0 1 3431253576099.056
a 12 73 0 1 5821365732475.183
a 12 74 0 1 5319871114543.853
a 12 75 0 1 10441016194155.146
a 12 76 0 1 8659172934674.734
a 12 77 0 1 4407047134391.778
a 12 78 0 1 8167765061906.559
a 12 79 0 1 10035705008007.504
a 13 39 0 1 14058245311271.791
a 13 40 0 1 36304603742564.32
a 13 41 0 1 30372394283672.715
a 13 42 0 1 27827418381185.168
a 13 43 0 1 35679735844067.805
a 13 44 0 1 16515314439636.773
a 13 45 0 1 21144262429461.75
a 13 46 0 1 15527166737852.541
a 13 47 0 1 7964939029148.441
a 13 48 0 1 34502993665208.773
a 13 49 0 1 20772591588278.87
a 13 50 0 1 30581134581508.223
a 13 51 0 1 23246434553191.28
a 13 52 0 1 35931975354531.445
a 13 53 0 1 17519223808857.557
a 13 54 0 1 32366968267415.656
a 13 55 0 1 25181295705013.71
a 13 56 0 1 12506088588196.453
a 13 57 0 1 13527766997857.877
a 13 58 0 1 12664766202594.627
a 13 59 0 1 29287973262746.63
a 13 60 0 1 9270018405353.98
a 13 61 0 1 32800262805299.742
a 13 62 0 1 23567216421702.223
a 13 63 0 1 11304762036884.598
a 13 64 0 1 18557360851869.52
a 13 65 0 1 19358610459215.54
a 13 66 0 1 29167598879057.863
a 13 67 0 1 35892552952828.62
a 13 68 0 1 26761466224974.75
a 13 69 0 1 16154350133104.928
a 13 70 0 1 17786121023011.62
a 13 71 0 1 7448995465906.954
a 13 72 0 1 11120981004318.48
a 13 73 0 1 18879190658912.62
a 13 74 0 1 17250563752032.656
a 13 75 0 1 33901640012486.27
a 13 76 0 1 28103074061651.047
a 13 77 0 1 14287210119170.633
a 13 78 0 1 26504852215859.156
a 13 79 0 1 32582184204633.64
a 14 39 0 1 4980158162739.595
a 14 40 0 1 12839713094960.959
a 14 41 0 1 10746431183315.633
a 14 42 0 1 9847825504322.785
a 14 43 0 1 12619304916636.604
a 14 44 0 1 5849510733262.961
a 14 45 0 1 7486447468322.853
a 14 46 0 1 5499925587885.325
a 14 47 0 1 2822871845969.362
a 14 48 0 1 12204179699124.812
a 14 49 0 1 7355054997405.979
a 14 50 0 1 10820120190742.412
a 14 51 0 1 8229467109380.374
a 14 52 0 1 12708279234141.938
a 14 53 0 1 6204619377796.498
a 14 54 0 1 11450457326438.871
a 14 55 0 1 8913144643261.033
a 14 56 0 1 4430815078977.495
a 14 57 0 1 4792424255254.259
a 14 58 0 1 4486980467360.786
a 14 59 0 1 10363574557751.19
a 14 60 0 1 3285089293618.992
a 14 61 0 1 11603369936412.418
a 14 62 0 1 8342828065920.007
a 14 63 0 1 4005551578589.4062
a 14 64 0 1 6571779441283.055
a 14 65 0 1 6855120252794.557
a 14 66 0 1 10321072369838.014
a 14 67 0 1 12694373697879.127
a 14 68 0 1 9471347173307.787
a 14 69 0 1 5721815378396.031
a 14 70 0 1 6299018881748.776
a 14 71 0 1 2640116365951.371
a 14 72 0 1 3940487323968.8105
a 14 73 0 1 6685590132925.059
a 14 74 0 1 6109592583146.299
a 14 75 0 1 11992009058290.303
a 14 76 0 1 9945173234258.268
a 14 77 0 1 5061183208898.931
a 14 78 0 1 9380706023647.465
a 14 79 0 1 11526409738614.762
a 15 39 0 1 6955698485454.54
a 15 40 0 1 17939445437470.93
a 15 41 0 1 15013306756889.312
a 15 42 0 1 13757343784589.582
a 15 43 0 1 17631316738386.562
a 15 44 0 1 8170232306439.742
a 15 45 0 1 10457385915741.959
a 15 46 0 1 7681830839679.811
a 15 47 0 1 3942266529725.7905
a 15 48 0 1 17050992225835.814
a 15 49 0 1 10273789659312.805
a 15 50 0 1 15116304976518.773
a 15 51 0 1 11495657595226.197
a 15 52 0 1 17755701304365.18
a 15 53 0 1 8666366575809.37
a 15 54 0 1 15997382063149.63
a 15 55 0 1 12451068892472.0
a 15 56 0 1 6188285454449.942
a 15 57 0 1 6693436463419.591
a 15 58 0 1 6266744764756.994
a 15 59 0 1 14478183163390.654
a 15 60 0 1 4587870662388.465
a 15 61 0 1 16211128996861.857
a 15 62 0 1 11654070745832.348
a 15 63 0 1 5594233710584.3545
a 15 64 0 1 9179355230559.676
a 15 65 0 1 9575245088931.879
a 15 66 0 1 14418778469698.023
a 15 67 0 1 17736261536906.89
a 15 68 0 1 13231178355585.02
a 15 69 0 1 7991828755565.8125
a 15 70 0 1 8798258018730.621
a 15 71 0 1 3687009576706.4375
a 15 72 0 1 5503347312131.084
a 15 73 0 1 9338372736852.21
a 15 74 0 1 8533599855825.726
a 15 75 0 1 16754396692649.318
a 15 76 0 1 13893399745490.56
a 15 77 0 1 7068890895691.933
a 15 78 0 1 13104501158711.062
a 15 79 0 1 16103550795647.703
a 16 39 0 1 11087898039385.055
a 16 40 0 1 28618338643495.48
a 16 41 0 1 23945536572317.383
a 16 42 0 1 21940443496395.203
a 16 43 0 1 28126193984883.3
a 16 44 0 1 13025037545861.06
a 16 45 0 1 16673843989612.893
a 16 46 0 1 12246015324645.98
a 16 47 0 1 6282969221028.933
a 16 48 0 1 27199353461228.25
a 16 49 0 1 16380901790651.338
a 16 50 0 1 24109984327872.066
a 16 51 0 1 18330626552355.195
a 16 52 0 1 28324859109507.56
a 16 53 0 1 13816447315466.094
a 16 54 0 1 25516813932117.12
a 16 55 0 1 19855396321915.996
a 16 56 0 1 9864066884370.945
a 16 57 0 1 10669641478044.486
a 16 58 0 1 9989183887791.771
a 16 59 0 1 23091191540932.125
a 16 60 0 1 7312220679248.727
a 16 61 0 1 25858132686647.94
a 16 62 0 1 18583429064368.965
a 16 63 0 1 8916791768787.9
a 16 64 0 1 14634798986214.893
a 16 65 0 1 15266386655722.457
a 16 66 0 1 22996353575759.043
a 16 67 0 1 28293809986489.87
a 16 68 0 1 21100544871822.812
a 16 69 0 1 12740469845930.72
a 16 70 0 1 14026843320885.23
a 16 71 0 1 5876052060652.972
a 16 72 0 1 8771871081405.406
a 16 73 0 1 14888485367540.49
a 16 74 0 1 13604658890660.348
a 16 75 0 1 26725687118929.49
a 16 76 0 1 22157634522842.523
a 16 77 0 1 11268422406581.54
a 16 78 0 1 20898343758575.35
a 16 79 0 1 25686346711131.035
a 17 39 0 1 3945313809570.857
a 17 40 0 1 10169791115756.732
a 17 41 0 1 8512218108315.739
a 17 42 0 1 7800602872488.268
a 17 43 0 1 9995267919711.06
a 17 44 0 1 4633924200425.548
a 17 45 0 1 5930456879103.552
a 17 46 0 1 4357022771904.587
a 17 47 0 1 2236412920325.867
a 17 48 0 1 9666559231074.297
a 17 49 0 1 5826391469581.177
a 17 50 0 1 8570571844695.942
a 17 51 0 1 6518930660673.894
a 17 52 0 1 10065719621146.303
a 17 53 0 1 4915195969420.527
a 17 54 0 1 9069722367497.047
a 17 55 0 1 7060386815523.166
a 17 56 0 1 3510166766216.918
a 17 57 0 1 3796606835359.4883
a 17 58 0 1 3554657161898.524
a 17 59 0 1 8209033688358.613
a 17 60 0 1 2602574722475.3965
a 17 61 0 1 9190808326763.559
a 17 62 0 1 6608711036610.84
a 17 63 0 1 3173298101581.313
a 17 64 0 1 5206008306804.511
a 17 65 0 1 5430427378032.607
a 17 66 0 1 8175375834093.088
a 17 67 0 1 10054708950270.152
a 17 68 0 1 7502456637533.933
a 17 69 0 1 4532779060708.055
a 17 70 0 1 4989966409848.64
a 17 71 0 1 2091634507324.3013
a 17 72 0 1 3121757431548.294
a 17 73 0 1 5296152021876.942
a 17 74 0 1 4839928333349.817
a 17 75 0 1 9498553582024.104
a 17 76 0 1 7877695037798.629
a 17 77 0 1 4009494607312.892
a 17 78 0 1 7430673967289.081
a 17 79 0 1 9129866443572.855
a 18 39 0 1 10289761974643.795
a 18 40 0 1 26554451104558.383
a 18 41 0 1 22219503146541.797
a 18 42 0 1 20359279445629.535
a 18 43 0 1 26097905503470.25
a 18 44 0 1 12087266940811.938
a 18 45 0 1 15472900007432.791
a 18 46 0 1 11364405810654.707
a 18 47 0 1 5830936760189.913
a 18 48 0 1 25238097403303.254
a 18 49 0 1 15201094097706.15
a 18 50 0 1 22372066683399.453
a 18 51 0 1 17010117926241.828
a 18 52 0 1 26282200728101.383
a 18 53 0 1 12821613006449.408
a 18 54 0 1 23677211246014.547
a 18 55 0 1 18424812585840.934
a 18 56 0 1 9154118274029.719
a 18 57 0 1 9901646953433.992
a 18 58 0 1 9270220590337.148
a 18 59 0 1 21426892727419.39
a 18 60 0 1 6786080157616.883
a 18 61 0 1 23993855020398.688
a 18 62 0 1 17244672776128.148
a 18 63 0 1 8275086564759.324
a 18 64 0 1 13580948210017.496
a 18 65 0 1 14166981079366.506
a 18 66 0 1 21338907018935.164
a 18 67 0 1 26253397498925.332
a 18 68 0 1 19580045645236.95
a 18 69 0 1 11823215313804.654
a 18 70 0 1 13016837022878.547
a 18 71 0 1 5453313913256.469
a 18 72 0 1 8140605006660.046
a 18 73 0 1 13816337581395.889
a 18 74 0 1 12625096291417.309
a 18 75 0 1 24798683182144.395
a 18 76 0 1 20560781265288.707
a 18 77 0 1 10457276072439.494
a 18 78 0 1 19392447639188.605
a 18 79 0 1 23834488205072.008
a 19 39 0 1 7403463490567.628
a 19 40 0 1 19095832685106.523
a 19 41 0 1 15980726154344.21
a 19 42 0 1 14643695596300.697
a 19 43 0 1 18767798879178.562
a 19 44 0 1 8696259823247.795
a 19 45 0 1 11130857015353.715
a 19 46 0 1 8176383788847.341
a 19 47 0 1 4195951639244.2715
a 19 48 0 1 18149989498607.336
a 19 49 0 1 10935421996194.48
a 19 50 0 1 16090373620787.453
a 19 51 0 1 12236089171646.623
a 19 52 0 1 18900218504285.035
a 19 53 0 1 9224370851251.936
a 19 54 0 1 17028337182563.605
a 19 55 0 1 13253132150180.922
a 19 56 0 1 6586611667077.793
a 19 57 0 1 7124304804265.808
a 19 58 0 1 6670125108497.836
a 19 59 0 1 15411059336757.502
a 19 60 0 1 4883123801345.578
a 19 61 0 1 17255886474206.467
a 19 62 0 1 12404720241193.215
a 19 63 0 1 5954295911404.04
a 19 64 0 1 9770426649615.338
a 19 65 0 1 10191838329722.537
a 19 66 0 1 15347820238914.236
a 19 67 0 1 18879522940427.02
a 19 68 0 1 14083575627014.842
a 19 69 0 1 8506358788578.136
a 19 70 0 1 9364763592513.205
a 19 71 0 1 3924261462321.407
a 19 72 0 1 5857555837126.566
a 19 73 0 1 9939695235976.684
a 19 74 0 1 9083046692938.414
a 19 75 0 1 17834238046125.09
a 19 76 0 1 14788532241572.768
a 19 77 0 1 7523948844476.246
a 19 78 0 1 13948724343422.4
a 19 79 0 1 17141361496567.67
a 20 39 0 1 12462504862320.867
a 20 40 0 1 32174323791560.4
a 20 41 0 1 26919099269328.74
a 20 42 0 1 24664305503956.805
a 20 43 0 1 31620804548764.996
a 20 44 0 1 14640203622337.812
a 20 45 0 1 18742456511674.668
a 20 46 0 1 13764425801637.992
a 20 47 0 1 7061407296082.147
a 20 48 0 1 30578400440338.348
a 20 49 0 1 18413093826020.703
a 20 50 0 1 27104031985682.746
a 20 51 0 1 20605273093483.19
a 20 52 0 1 31844243946256.64
a 20 53 0 1 15529927522860.08
a 20 54 0 1 28686143476744.27
a 20 55 0 1 22319738156580.895
a 20 56 0 1 11086757188638.025
a 20 57 0 1 11992323895294.629
a 20 58 0 1 11227402998351.912
a 20 59 0 1 25958344052245.42
a 20 60 0 1 8218300139174.807
a 20 61 0 1 29069997970971.676
a 20 62 0 1 20889521369808.21
a 20 63 0 1 10021928023617.008
a 20 64 0 1 16449961408735.48
a 20 65 0 1 17160040134478.963
a 20 66 0 1 25851695302191.266
a 20 67 0 1 31809322799185.39
a 20 68 0 1 23719850121358.03
a 20 69 0 1 14320289972422.586
a 20 70 0 1 15766463694196.125
a 20 71 0 1 6604036169998.134
a 20 72 0 1 9859025648017.914
a 20 73 0 1 16735173323253.91
a 20 74 0 1 15291827372035.168
a 20 75 0 1 30045685476933.07
a 20 76 0 1 24908537767135.684
a 20 77 0 1 12665442140119.428
a 20 78 0 1 23492480922120.145
a 20 79 0 1 28876803257039.63
a 21 39 0 1 13154662221481.291
a 21 40 0 1 33965549500856.402
a 21 41 0 1 28416795287625.2
a 21 42 0 1 26036175317589.656
a 21 43 0 1 33381095859665.957
a 21 44 0 1 15453523930743.896
a 21 45 0 1 19784192519183.715
a 21 46 0 1 14529011815002.457
a 21 47 0 1 7453334667445.393
a 21 48 0 1 32280446461378.62
a 21 49 0 1 19436482327146.082
a 21 50 0 1 28612051024946.902
a 21 51 0 1 21750806977009.156
a 21 52 0 1 33617022060612.594
a 21 53 0 1 16392768806733.404
a 21 54 0 1 30282495608060.36
a 21 55 0 1 23560845177605.08
a 21 56 0 1 11702403656616.443
a 21 57 0 1 12658329711773.871
a 21 58 0 1 11850870174486.654
a 21 59 0 1 27402417783721.812
a 21 60 0 1 8674502371501.826
a 21 61 0 1 30687786744645.707
a 21 62 0 1 22050897965922.24
a 21 63 0 1 10578372598285.574
a 21 64 0 1 17364021950516.346
a 21 65 0 1 18113639341402.074
a 21 66 0 1 27289817457446.945
a 21 67 0 1 33580149317279.71
a 21 68 0 1 25039036167328.227
a 21 69 0 1 15115806884675.123
a 21 70 0 1 16642472102610.387
a 21 71 0 1 6970557818444.848
a 21 72 0 1 10406414600905.3
a 21 73 0 1 17665114239503.816
a 21 74 0 1 16141415234775.059
a 21 75 0 1 31717971257556.043
a 21 76 0 1 26294033354182.98
a 21 77 0 1 13368887827444.58
a 21 78 0 1 24798985627940.895
a 21 79 0 1 30483802676846.598
a 22 39 0 1 5349333410592.977
a 22 40 0 1 13792436968205.615
a 22 41 0 1 11543624231039.79
a 22 42 0 1 10578276861351.477
a 22 43 0 1 13555648670649.645
a 22 44 0 1 6283177041538.155
a 22 45 0 1 8041584071206.218
a 22 46 0 1 5907657003116.032
a 22 47 0 1 3032073311598.5757
a 22 48 0 1 13109674933226.36
a 22 49 0 1 7900439693752.645
a 22 50 0 1 11622786963489.629
a 22 51 0 1 8839756352920.916
a 22 52 0 1 13651235203037.057
a 22 53 0 1 6664632650460.812
a 22 54 0 1 12299950521805.018
a 22 55 0 1 9574190654319.102
a 22 56 0 1 4759245634794.912
a 22 57 0 1 5147674685372.216
a 22 58 0 1 4819576547328.5205
a 22 59 0 1 11132330072715.383
a 22 60 0 1 3528559355610.7354
a 22 61 0 1 12464223789070.791
a 22 62 0 1 8961532724028.777
a 22 63 0 1 4302444207413.8887
a 22 64 0 1 7059036255852.51
a 22 65 0 1 7363402851660.773
a 22 66 0 1 11086671105746.66
a 22 67 0 1 13636296253423.629
a 22 68 0 1 10173840952685.379
a 22 69 0 1 6146008011105.853
a 22 70 0 1 6766036429510.152
a 22 71 0 1 2835769502097.036
a 22 72 0 1 4232555021226.2896
a 22 73 0 1 7181292285352.29
a 22 74 0 1 6562555202037.608
a 22 75 0 1 12881738826543.496
a 22 76 0 1 10682854134107.707
a 22 77 0 1 5436368540467.28
a 22 78 0 1 10076469108660.465
a 22 79 0 1 12381545772148.27
a 23 39 0 1 2131366047514.7002
a 23 40 0 1 5492188068008.324
a 23 41 0 1 4597420518553.495
a 23 42 0 1 4213238258129.7363
a 23 43 0 1 5397986834240.8125
a 23 44 0 1 2503280897937.8164
a 23 45 0 1 3203457774324.096
a 23 46 0 1 2353731152894.167
a 23 47 0 1 1208280500521.6353
a 23 48 0 1 5220557183729.496
a 23 49 0 1 3147262050613.043
a 23 50 0 1 4628922873764.296
a 23 51 0 1 3521224237901.4536
a 23 52 0 1 5436014293877.391
a 23 53 0 1 2655186499681.875
a 23 54 0 1 4898382100051.632
a 23 55 0 1 3813584435650.391
a 23 56 0 1 1896331434038.8135
a 23 57 0 1 2051046632080.8027
a 23 58 0 1 1920362389533.307
a 23 59 0 1 4433742803723.438
a 23 60 0 1 1406081728363.623
a 23 61 0 1 4963746464680.967
a 23 62 0 1 3569702468620.1934
a 23 63 0 1 1714372177197.8335
a 23 64 0 1 2812239889867.2827
a 23 65 0 1 2933434247196.464
a 23 66 0 1 4415571886569.334
a 23 67 0 1 5430071122668.55
a 23 68 0 1 4052268374832.735
a 23 69 0 1 2448654639167.221
a 23 70 0 1 2695566786166.1045
a 23 71 0 1 1130068840406.781
a 23 72 0 1 1686531965716.4915
a 23 73 0 1 2860921079207.6934
a 23 74 0 1 2614537376347.4
a 23 75 0 1 5129869078562.528
a 23 76 0 1 4254859679895.7236
a 23 77 0 1 2166030904893.9724
a 23 78 0 1 4013511975728.211
a 23 79 0 1 4930849051924.302
a 24 39 0 1 2484931921366.035
a 24 40 0 1 6403681741738.617
a 24 41 0 1 5360325256412.53
a 24 42 0 1 4912354995647.558
a 24 43 0 1 6293835365838.174
a 24 44 0 1 2918563336050.6533
a 24 45 0 1 3734946194718.4272
a 24 46 0 1 2744196157829.4385
a 24 47 0 1 1408693666658.1067
a 24 48 0 1 6086938894519.77
a 24 49 0 1 3669423050996.96
a 24 50 0 1 5397058421554.201
a 24 51 0 1 4105458487882.282
a 24 52 0 1 6338178459575.542
a 24 53 0 1 3095678340027.164
a 24 54 0 1 5711261824474.87
a 24 55 0 1 4446351322029.718
a 24 56 0 1 2210898200843.749
a 24 57 0 1 2391284892236.6743
a 24 58 0 1 2238916480791.855
a 24 59 0 1 5169470380462.372
a 24 60 0 1 1639309669407.5747
a 24 61 0 1 5787480544252.744
a 24 62 0 1 4161983981313.3994
a 24 63 0 1 1998748278737.2788
a 24 64 0 1 3278796511532.864
a 24 65 0 1 3420105190543.9604
a 24 66 0 1 5148282425294.913
a 24 67 0 1 6331248236989.806
a 24 68 0 1 4724660308508.26
a 24 69 0 1 2854871860883.774
a 24 70 0 1 3142760085496.066
a 24 71 0 1 1317507350290.06
a 24 72 0 1 1966288951690.5486
a 24 73 0 1 3335557116388.0674
a 24 74 0 1 3048283215275.294
a 24 75 0 1 5981190206467.938
a 24 76 0 1 4960886744745.973
a 24 77 0 1 2525348899280.0596
a 24 78 0 1 4679469603977.961
a 24 79 0 1 5749120189112.59
a 25 39 0 1 13838677159489.262
a 25 40 0 1 35736149021073.95
a 25 41 0 1 29897145650313.562
a 25 42 0 1 27392117674987.57
a 25 43 0 1 35121104869882.926
a 25 44 0 1 16257298771941.756
a 25 45 0 1 20813756114111.22
a 25 46 0 1 15284615897192.691
a 25 47 0 1 7840624853844.418
a 25 48 0 1 33962858853232.24
a 25 49 0 1 20447908553017.01
a 25 50 0 1 30102608375007.547
a 25 51 0 1 22882982501435.055
a 25 52 0 1 35369379010091.05
a 25 53 0 1 17245493091657.918
a 25 54 0 1 31860395134865.035
a 25 55 0 1 24787506177770.08
a 25 56 0 1 12310797108481.143
a 25 57 0 1 13316496809160.943
a 25 58 0 1 12466993300712.02
a 25 59 0 1 28829749365106.008
a 25 60 0 1 9125313567816.244
a 25 61 0 1 32286882971588.055
a 25 62 0 1 23198735620424.24
a 25 63 0 1 11128254170313.992
a 25 64 0 1 18267375529012.3
a 25 65 0 1 19056076974604.277
a 25 66 0 1 28711264526388.234
a 25 67 0 1 35330576369299.766
a 25 68 0 1 26342890689880.082
a 25 69 0 1 15901984073591.56
a 25 70 0 1 17508211734373.193
a 25 71 0 1 7332740769689.261
a 25 72 0 1 10947346236627.809
a 25 73 0 1 18584165516961.777
a 25 74 0 1 16981038950248.387
a 25 75 0 1 33370955438589.43
a 25 76 0 1 27663447561490.5
a 25 77 0 1 14064060096076.975
a 25 78 0 1 26090302443049.32
a 25 79 0 1 32072230290098.57
a 26 39 0 1 4931677362493.885
a 26 40 0 1 12714609080858.506
a 26 41 0 1 10641748102163.436
a 26 42 0 1 9751905747376.264
a 26 43 0 1 12496351545360.525
a 26 44 0 1 5792561321868.807
a 26 45 0 1 7413547632652.46
a 26 46 0 1 5446381786819.098
a 26 47 0 1 2795398536607.721
a 26 48 0 1 12085276637570.002
a 26 49 0 1 7283435678786.446
a 26 50 0 1 10714718404754.844
a 26 51 0 1 8149325274470.05
a 26 52 0 1 12584457704923.906
a 26 53 0 1 6144210268964.165
a 26 54 0 1 11338907232496.922
a 26 55 0 1 8826338115653.238
a 26 56 0 1 4387684720800.7183
a 26 57 0 1 4745772004118.792
a 26 58 0 1 4443303105372.959
a 26 59 0 1 10262625365766.365
a 26 60 0 1 3253115815525.989
a 26 61 0 1 11490328199795.459
a 26 62 0 1 8261581226414.645
a 26 63 0 1 3966562703181.6953
a 26 64 0 1 6507792927750.586
a 26 65 0 1 6788372818272.298
a 26 66 0 1 10220537669212.842
a 26 67 0 1 12570687851692.0
a 26 68 0 1 9379098350320.834
a 26 69 0 1 5666109989027.504
a 26 70 0 1 6237690024934.044
a 26 71 0 1 2614422240883.145
a 26 72 0 1 3902132049672.557
a 26 73 0 1 6620494650117.392
a 26 74 0 1 6050109314085.64
a 26 75 0 1 11875175963380.795
a 26 76 0 1 9848304215793.922
a 26 77 0 1 5011913191522.275
a 26 78 0 1 9289340969864.31
a 26 79 0 1 11414118745244.045
a 27 39 0 1 4441723535403.708
a 27 40 0 1 11450414062293.295
a 27 41 0 1 9583882088371.254
a 27 42 0 1 8782585904641.879
a 27 43 0 1 11253885682421.771
a 27 44 0 1 5217028744029.003
a 27 45 0 1 6676834579814.596
a 27 46 0 1 4905264059966.124
a 27 47 0 1 2517741926943.7075
a 27 48 0 1 10883733659098.584
a 27 49 0 1 6559662123474.582
a 27 50 0 1 9649590558765.803
a 27 51 0 1 7339433336461.954
a 27 52 0 1 11333220339009.766
a 27 53 0 1 5533716578360.966
a 27 54 0 1 10211657098578.498
a 27 55 0 1 7949102051516.134
a 27 56 0 1 3951800236418.474
a 27 57 0 1 4274296650768.3237
a 27 58 0 1 4001890793979.3213
a 27 59 0 1 9242486983107.768
a 27 60 0 1 2929980501655.1235
a 27 61 0 1 10348006707816.096
a 27 62 0 1 7440523567625.789
a 27 63 0 1 3572530829466.045
a 27 64 0 1 5861148988150.886
a 27 65 0 1 6113829554776.608
a 27 66 0 1 9204587375529.443
a 27 67 0 1 11320821368811.39
a 27 68 0 1 8446870860411.234
a 27 69 0 1 5103148642241.401
a 27 70 0 1 5617902101683.057
a 27 71 0 1 2354746211669.14
a 27 72 0 1 3514503202121.2427
a 27 73 0 1 5962644465049.04
a 27 74 0 1 5448971436923.527
a 27 75 0 1 10694547353057.768
a 27 76 0 1 8869392771684.965
a 27 77 0 1 4513983926894.889
a 27 78 0 1 8366043433579.022
a 27 79 0 1 10279382655428.756
a 28 39 0 1 10590440442197.72
a 28 40 0 1 27331900223351.566
a 28 41 0 1 22869701218990.797
a 28 42 0 1 20954911308933.72
a 28 43 0 1 26861946707785.777
a 28 44 0 1 12440545806007.664
a 28 45 0 1 15925313543164.828
a 28 46 0 1 11696528892905.525
a 28 47 0 1 6001233291254.98
a 28 48 0 1 25976891545371.5
a 28 49 0 1 15645545951678.465
a 28 50 0 1 23026740991546.832
a 28 51 0 1 17507568981205.113
a 28 52 0 1 27051654173558.332
a 28 53 0 1 13196387492612.049
a 28 54 0 1 24370185295622.414
a 28 55 0 1 18963725966301.785
a 28 56 0 1 9421575942531.01
a 28 57 0 1 10190970950175.06
a 28 58 0 1 9541074170563.72
a 28 59 0 1 22053838102973.473
a 28 60 0 1 6984294748351.998
a 28 61 0 1 24696122834112.87
a 28 62 0 1 17748997278619.78
a 28 63 0 1 8516836200837.867
a 28 64 0 1 13977953728407.36
a 28 65 0 1 14581146598670.754
a 28 66 0 1 21963271439880.273
a 28 67 0 1 27022005057599.996
a 28 68 0 1 20152827280116.812
a 28 69 0 1 12168765830649.93
a 28 70 0 1 13397326694200.922
a 28 71 0 1 5612574580608.344
a 28 72 0 1 8378422087144.4375
a 28 73 0 1 14220235399181.564
a 28 74 0 1 12994118015710.732
a 28 75 0 1 25524576526726.277
a 28 76 0 1 21162322648637.48
a 28 77 0 1 10762855559187.361
a 28 78 0 1 19959728786064.934
a 28 79 0 1 24532078380019.715
a 29 39 0 1 13300071473974.822
a 29 40 0 1 34341909985051.48
a 29 41 0 1 28731468387219.78
a 29 42 0 1 26324406676431.59
a 29 43 0 1 33750955018760.043
a 29 44 0 1 15624390125996.984
a 29 45 0 1 20003052334741.957
a 29 46 0 1 14689638587347.143
a 29 47 0 1 7535667798248.568
a 29 48 0 1 32638064656381.355
a 29 49 0 1 19651486939100.82
a 29 50 0 1 28928893496357.023
a 29 51 0 1 21991477318046.17
a 29 52 0 1 33989505500905.984
a 29 53 0 1 16574039854489.219
a 29 54 0 1 30617901439437.207
a 29 55 0 1 23821598379020.26
a 29 56 0 1 11831738030194.896
a 29 57 0 1 12798244506878.43
a 29 58 0 1 11981847657060.795
a 29 59 0 1 27705822317489.53
a 29 60 0 1 8770338735977.368
a 29 61 0 1 31027697594301.938
a 29 62 0 1 22294897311938.254
a 29 63 0 1 10695268935151.438
a 29 64 0 1 17556054827952.375
a 29 65 0 1 18313979909689.63
a 29 66 0 1 27591971295362.004
a 29 67 0 1 33952222600969.008
a 29 68 0 1 25316196574100.3
a 29 69 0 1 15282932443322.14
a 29 70 0 1 16826509719157.146
a 29 71 0 1 7047553635065.204
a 29 72 0 1 10521408412720.365
a 29 73 0 1 17860483820552.66
a 29 74 0 1 16319901592052.684
a 29 75 0 1 32069335048666.824
a 29 76 0 1 26585128055657.816
a 29 77 0 1 13516668777943.152
a 29 78 0 1 25073481205740.414
a 29 79 0 1 30821446086122.35
a 30 39 0 1 12274292744859.951
a 30 40 0 1 31687330292400.508
a 30 41 0 1 26511892311519.7
a 30 42 0 1 24291302425530.527
a 30 43 0 1 31142219240780.324
a 30 44 0 1 14419048678920.682
a 30 45 0 1 18459201120072.242
a 30 46 0 1 13556521017470.918
a 30 47 0 1 6954829330093.365
a 30 48 0 1 30115646826279.47
a 30 49 0 1 18134826503654.785
a 30 50 0 1 26694018932545.688
a 30 51 0 1 20293799058907.418
a 30 52 0 1 31362264626438.465
a 30 53 0 1 15295308726729.145
a 30 54 0 1 28252119284128.332
a 30 55 0 1 21982282227036.01
a 30 56 0 1 10919348113245.072
a 30 57 0 1 11811222237825.389
a 30 58 0 1 11057867478543.562
a 30 59 0 1 25565713317605.715
a 30 60 0 1 8094244888288.627
a 30 61 0 1 28630146857497.273
a 30 62 0 1 20573740387580.562
a 30 63 0 1 9870616054573.824
a 30 64 0 1 16201417233198.814
a 30 65 0 1 16900746416316.045
a 30 66 0 1 25460682407168.906
a 30 67 0 1 31327873937831.9
a 30 68 0 1 23361168672842.168
a 30 69 0 1 14103975496394.217
a 30 70 0 1 15528265029202.586
a 30 71 0 1 6504366486375.156
a 30 72 0 1 9710175944211.404
a 30 73 0 1 16482311668788.98
a 30 74 0 1 15060811920968.273
a 30 75 0 1 29591021119361.125
a 30 76 0 1 24531830675157.59
a 30 77 0 1 12474160805415.385
a 30 78 0 1 23137246820040.965
a 30 79 0 1 28439884907570.277
a 31 39 0 1 6998005278908.017
a 31 40 0 1 18048697884420.906
a 31 41 0 1 15104707815442.459
a 31 42 0 1 13841086346211.268
a 31 43 0 1 17738688825634.613
a 31 44 0 1 8219933278332.552
a 31 45 0 1 10521016909612.48
a 31 46 0 1 7728558134531.381
a 31 47 0 1 3966236291902.8125
a 31 48 0 1 17154823239049.604
a 31 49 0 1 10336302178643.031
a 31 50 0 1 15208334187127.863
a 31 51 0 1 11565614670212.717
a 31 52 0 1 17863832434013.875
a 31 53 0 1 8719088651124.997
a 31 54 0 1 16094785283871.47
a 31 55 0 1 12526848533347.926
a 31 56 0 1 6225921248822.132
a 31 57 0 1 6734146857941.295
a 31 58 0 1 6304858077893.048
a 31 59 0 1 14566320921451.127
a 31 60 0 1 4615767912123.574
a 31 61 0 1 16309836103336.674
a 31 62 0 1 11724993149427.162
a 31 63 0 1 5628254271064.381
a 31 64 0 1 9235201405615.16
a 31 65 0 1 9633502486152.416
a 31 66 0 1 14506553989913.736
a 31 67 0 1 17844274036185.566
a 31 68 0 1 13311713175686.064
a 31 69 0 1 8040443462103.816
a 31 70 0 1 8851783277176.365
a 31 71 0 1 3709426663099.618
a 31 72 0 1 5536814807118.482
a 31 73 0 1 9395187403540.352
a 31 74 0 1 8585513442594.991
a 31 75 0 1 16856418097544.795
a 31 76 0 1 13977971829176.67
a 31 77 0 1 7111886725628.718
a 31 78 0 1 13184263755942.117
a 31 79 0 1 16201601652199.035
a 32 39 0 1 9568190263199.879
a 32 40 0 1 24689067673986.223
a 32 41 0 1 20659363611246.906
a 32 42 0 1 18930040109204.266
a 32 43 0 1 24264682922258.02
a 32 44 0 1 11239481632050.326
a 32 45 0 1 14387257173953.078
a 32 46 0 1 10567382753292.56
a 32 47 0 1 5422236292172.244
a 32 48 0 1 23465434519751.188
a 32 49 0 1 14134553343594.465
a 32 50 0 1 20801189246118.67
a 32 51 0 1 15816420984425.11
a 32 52 0 1 24435996052107.36
a 32 53 0 1 11922250882781.77
a 32 54 0 1 22014459293216.188
a 32 55 0 1 17131642515148.08
a 32 56 0 1 8512261879967.764
a 32 57 0 1 9207320748539.531
a 32 58 0 1 8620215405490.795
a 32 59 0 1 19922533965586.793
a 32 60 0 1 6310383381788.025
a 32 61 0 1 22308809335565.598
a 32 62 0 1 16034485379941.936
a 32 63 0 1 7694919572782.595
a 32 64 0 1 12628245630908.076
a 32 65 0 1 13173105956216.436
a 32 66 0 1 19840739758263.062
a 32 67 0 1 24409221809163.867
a 32 68 0 1 18205623935087.137
a 32 69 0 1 10993973695969.117
a 32 70 0 1 12103761970961.676
a 32 71 0 1 5071097140893.033
a 32 72 0 1 7569874746900.586
a 32 73 0 1 12847098019443.75
a 32 74 0 1 11739537318934.008
a 32 75 0 1 23056965683429.43
a 32 76 0 1 19117365168374.902
a 32 77 0 1 9723944244364.418
a 32 78 0 1 18031221728893.152
a 32 79 0 1 22160663144696.934
a 33 39 0 1 12796617869479.996
a 33 40 0 1 33038914231195.535
a 33 41 0 1 27642021171208.816
a 33 42 0 1 25326497400571.062
a 33 43 0 1 32470465110518.84
a 33 44 0 1 15032800666333.34
a 33 45 0 1 19245305032010.48
a 33 46 0 1 14133499433325.414
a 33 47 0 1 7250598918874.465
a 33 48 0 1 31399949911232.613
a 33 49 0 1 18907086499908.46
a 33 50 0 1 27831936252209.79
a 33 51 0 1 21158221684373.484
a 33 52 0 1 32699931024291.95
a 33 53 0 1 15946427559727.734
a 33 54 0 1 29456681105177.45
a 33 55 0 1 22918816439694.445
a 33 56 0 1 11383938786598.277
a 33 57 0 1 12313813726690.47
a 33 58 0 1 11528359626902.73
a 33 59 0 1 26655385273985.062
a 33 60 0 1 8438517752396.649
a 33 61 0 1 29850881780377.73
a 33 62 0 1 21450116700622.07
a 33 63 0 1 10290532944643.812
a 33 64 0 1 16891184024256.826
a 33 65 0 1 17620347221643.277
a 33 66 0 1 26545863998416.395
a 33 67 0 1 32664067977293.06
a 33 68 0 1 24356613932347.934
a 33 69 0 1 14704293563772.23
a 33 70 0 1 16189319270428.725
a 33 71 0 1 6780964181260.929
a 33 72 0 1 10123259414413.994
a 33 73 0 1 17184061068141.832
a 33 74 0 1 15701930205624.795
a 33 75 0 1 30852871602572.453
a 33 76 0 1 25577306185893.652
a 33 77 0 1 13005003936075.553
a 33 78 0 1 24123123996631.5
a 33 79 0 1 29652479696045.723
a 34 39 0 1 2841994768859.757
a 34 40 0 1 7324309482573.314
a 34 41 0 1 6130848555974.853
a 34 42 0 1 5618442868061.21
a 34 43 0 1 7198657908525.243
a 34 44 0 1 3337959150441.328
a 34 45 0 1 4271713447016.1943
a 34 46 0 1 3138526457503.147
a 34 47 0 1 1611081863676.9304
a 34 48 0 1 6961993469917.6045
a 34 49 0 1 4196769103504.7314
a 34 50 0 1 6172865706412.729
a 34 51 0 1 4695502652393.142
a 34 52 0 1 7249381234030.45
a 34 53 0 1 3540535851173.763
a 34 54 0 1 6532268669065.262
a 34 55 0 1 5085417933093.912
a 34 56 0 1 2528573350365.7256
a 34 57 0 1 2734887248423.5244
a 34 58 0 1 2560618652231.0654
a 34 59 0 1 5912540447233.694
a 34 60 0 1 1874837812683.257
a 34 61 0 1 6619452355093.657
a 34 62 0 1 4760156548470.503
a 34 63 0 1 2285932428435.257
a 34 64 0 1 3749979971483.8467
a 34 65 0 1 3911604733532.262
a 34 66 0 1 5888304827603.165
a 34 67 0 1 7241453863062.518
a 34 68 0 1 5403752694765.9375
a 34 69 0 1 3265111807232.5474
a 34 70 0 1 3594386173499.9893
a 34 71 0 1 1506792460171.1226
a 34 72 0 1 2248808072771.485
a 34 73 0 1 3814901011571.9053
a 34 74 0 1 3486327182224.544
a 34 75 0 1 6841030438872.578
a 34 76 0 1 5673954990113.614
a 34 77 0 1 2888221242162.107
a 34 78 0 1 5352062564790.932
a 34 79 0 1 6575573380672.353
a 35 39 0 1 5867967162741.647
a 35 40 0 1 15131081988553.482
a 35 41 0 1 12663689101318.559
a 35 42 0 1 11604549965374.402
a 35 43 0 1 14871272486809.34
a 35 44 0 1 6892421572949.497
a 35 45 0 1 8821504735630.318
a 35 46 0 1 6480462283237.8
a 35 47 0 1 3325955786325.3364
a 35 48 0 1 14381943705550.77
a 35 49 0 1 8666657673161.438
a 35 50 0 1 12750544186171.488
a 35 51 0 1 9697174975536.984
a 35 52 0 1 14976152036850.154
a 35 53 0 1 7310895940837.537
a 35 54 0 1 13493514952551.752
a 35 55 0 1 10502932447701.76
a 35 56 0 1 5220634232377.308
a 35 57 0 1 5646744312154.754
a 35 58 0 1 5286817530751.194
a 35 59 0 1 12212431395631.732
a 35 60 0 1 3870584986297.863
a 35 61 0 1 13673754102820.922
a 35 62 0 1 9830776508933.82
a 35 63 0 1 4719523785023.694
a 35 64 0 1 7743578607967.904
a 35 65 0 1 8077488280640.45
a 35 66 0 1 12162336214503.076
a 35 67 0 1 14959760692916.219
a 35 68 0 1 11160826442063.914
a 35 69 0 1 6741941702273.288
a 35 70 0 1 7422141155968.279
a 35 71 0 1 3110618495055.339
a 35 72 0 1 4642855908632.997
a 35 73 0 1 7877701038872.766
a 35 74 0 1 7198911929998.844
a 35 75 0 1 14131850826305.867
a 35 76 0 1 11719286711298.299
a 35 77 0 1 5963446401727.118
a 35 78 0 1 11053996325589.592
a 35 79 0 1 13583040443991.498
a 36 39 0 1 5829578710008.95
a 36 40 0 1 15031988931947.438
a 36 41 0 1 12580778349393.75
a 36 42 0 1 11528582736892.125
a 36 43 0 1 14773883811441.11
a 36 44 0 1 6847325817557.325
a 36 45 0 1 8763774629465.519
a 36 46 0 1 6438063894545.217
a 36 47 0 1 3304203590038.1445
a 36 48 0 1 14287764810167.84
a 36 49 0 1 8609941929246.545
a 36 50 0 1 12667063953478.018
a 36 51 0 1 9633707908522.357
a 36 52 0 1 14878075351350.068
a 36 53 0 1 7263059900009.302
a 36 54 0 1 13405162837880.16
a 36 55 0 1 10434185438611.04
a 36 56 0 1 5186483184161.02
a 36 57 0 1 5609804042186.861
a 36 58 0 1 5252233279227.147
a 36 59 0 1 12132479212794.467
a 36 60 0 1 3845269264951.386
a 36 61 0 1 13584219981222.545
a 36 62 0 1 9766434049317.992
a 36 63 0 1 4688652546428.037
a 36 64 0 1 7692908966004.338
a 36 65 0 1 8024631701545.905
a 36 66 0 1 12082712450558.115
a 36 67 0 1 14861791535764.111
a 36 68 0 1 11087767684271.783
a 36 69 0 1 6697831266406.425
a 36 70 0 1 7373576606690.939
a 36 71 0 1 3090275134607.081
a 36 72 0 1 4612486434514.449
a 36 73 0 1 7826152983835.626
a 36 74 0 1 7151809217026.693
a 36 75 0 1 14039312290662.195
a 36 76 0 1 11642567370835.148
a 36 77 0 1 5924432894228.781
a 36 78 0 1 10981637762133.85
a 36 79 0 1 13494101227943.742
a 37 39 0 1 5001669032359.115
a 37 40 0 1 12895222294396.455
a 37 41 0 1 10792879367631.04
a 37 42 0 1 9890385314481.16
a 37 43 0 1 12673859846920.797
a 37 44 0 1 5874779150481.648
a 37 45 0 1 7518793164291.036
a 37 46 0 1 5523682924543.847
a 37 47 0 1 2835061675946.7007
a 37 48 0 1 12256937454355.729
a 37 49 0 1 7386832520512.902
a 37 50 0 1 10866887272047.818
a 37 51 0 1 8265026127077.714
a 37 52 0 1 12763219377699.994
a 37 53 0 1 6231422875957.107
a 37 54 0 1 11499952480582.084
a 37 55 0 1 8951660834886.758
a 37 56 0 1 4449951947213.739
a 37 57 0 1 4813123793659.546
a 37 58 0 1 4506360042041.561
a 37 59 0 1 10408365976901.697
a 37 60 0 1 3299275846396.6973
a 37 61 0 1 11653526949892.22
a 37 62 0 1 8378877381955.225
a 37 63 0 1 4022850865895.3228
a 37 64 0 1 6600170249402.762
a 37 65 0 1 6884736094805.489
a 37 66 0 1 10365679875019.85
a 37 67 0 1 12749253637056.746
a 37 68 0 1 9512278156903.04
a 37 69 0 1 5746531818731.781
a 37 70 0 1 6326230475892.114
a 37 71 0 1 2651516773497.9663
a 37 72 0 1 3957505481917.1816
a 37 73 0 1 6714472995898.378
a 37 74 0 1 6135985282497.772
a 37 75 0 1 12043848343358.018
a 37 76 0 1 9988154240651.967
a 37 77 0 1 5083044256025.864
a 37 78 0 1 9421244871161.004
a 37 79 0 1 11576233638475.668
a 38 39 0 1 9852600343647.467
a 38 40 0 1 25424256591917.72
a 38 41 0 1 21274262242631.9
a 38 42 0 1 19493352118380.086
a 38 43 0 1 24987198158103.074
a 38 44 0 1 11573636313249.838
a 38 45 0 1 14815156327832.17
a 38 46 0 1 10881530599309.158
a 38 47 0 1 5583330564317.617
a 38 48 0 1 24164084735390.203
a 38 49 0 1 14554924095608.188
a 38 50 0 1 21420319548842.496
a 38 51 0 1 16286905425470.215
a 38 52 0 1 25163627171565.05
a 38 53 0 1 12276733296508.715
a 38 54 0 1 22669795921144.37
a 38 55 0 1 17641329819477.133
a 38 56 0 1 8765253288564.92
a 38 57 0 1 9480992434850.318
a 38 58 0 1 8876418561467.02
a 38 59 0 1 20515449997761.547
a 38 60 0 1 6497884189258.643
a 38 61 0 1 22972931508418.895
a 38 62 0 1 16511468830093.516
a 38 63 0 1 7923596730849.298
a 38 64 0 1 13003750718830.904
a 38 65 0 1 13564837963570.787
a 38 66 0 1 20431215776280.53
a 38 67 0 1 25136053362013.883
a 38 68 0 1 18747332517857.766
a 38 69 0 1 11320819801918.178
a 38 70 0 1 12463648973331.93
a 38 71 0 1 5221752819814.634
a 38 72 0 1 7794832494470.591
a 38 73 0 1 13229120672788.39
a 38 74 0 1 12088579574587.541
a 38 75 0 1 23743421040488.207
a 38 76 0 1 19686264160218.26
a 38 77 0 1 10012989379904.455
a 38 78 0 1 18567729870439.145
a 38 79 0 1 22820363481673.25
a 39 1 0 1 0
a 40 1 0 1 0
a 41 1 0 1 0
a 42 1 0 1 0
a 43 1 0 1 0
a 44 1 0 1 0
a 45 1 0 1 0
a 46 1 0 1 0
a 47 1 0 1 0
a 48 1 0 1 0
a 49 1 0 1 0
a 50 1 0 1 0
a 51 1 0 1 0
a 52 1 0 1 0
a 53 1 0 1 0
a 54 1 0 1 0
a 55 1 0 1 0
a 56 1 0 1 0
a 57 1 0 1 0
a 58 1 0 1 0
a 59 1 0 1 0
a 60 1 0 1 0
a 61 1 0 1 0
a 62 1 0 1 0
a 63 1 0 1 0
a 64 1 0 1 0
a 65 1 0 1 0
a 66 1 0 1 0
a 67 1 0 1 0
a 68 1 0 1 0
a 69 1 0 1 0
a 70 1 0 1 0
a 71 1 0 1 0
a 72 1 0 1 0
a 73 1 0 1 0
a 74 1 0 1 0
a 75 1 0 1 0
a 76 1 0 1 0
a 77 1 0 1 0
a 78 1 0 1 0
a 79 1 0 1 0
