p min 80 923
n 0 13
n 1 -13
a 0 2 0 1 0
a 0 3 0 1 0
a 0 4 0 1 0
a 0 5 0 1 0
a 0 6 0 1 0
a 0 7 0 1 0
a 0 8 0 1 0
a 0 9 0 1 0
a 0 10 0 1 0
a 0 11 0 1 0
a 0 12 0 1 0
a 0 13 0 1 0
a 0 14 0 1 0
a 2 15 0 1 9831766807873.527
a 2 16 0 1 7604797884758.723
a 2 17 0 1 8863002558338.648
a 2 18 0 1 6510047769518.084
a 2 19 0 1 8977603109599.615
a 2 20 0 1 12987797510518.668
a 2 21 0 1 12683851949905.182
a 2 22 0 1 10461045256389.273
a 2 23 0 1 9070513795843.164
a 2 24 0 1 8792892262688.919
a 2 25 0 1 21066953818844.598
a 2 26 0 1 20332792863604.04
a 2 27 0 1 6119656051812.211
a 2 28 0 1 23301965416454.6
a 2 29 0 1 10840375445037.633
a 2 30 0 1 19002938563160.297
a 2 31 0 1 19175718050213.633
a 2 32 0 1 10153422922874.668
a 2 33 0 1 13080478606787.37
a 2 34 0 1 19369990001189.58
a 2 35 0 1 17491291835398.973
a 2 36 0 1 17062215550548.414
a 2 37 0 1 14474094927931.781
a 2 38 0 1 22382942444483.63
a 2 39 0 1 18824368265613.68
a 2 40 0 1 20143470539425.254
a 2 41 0 1 9675792800815.67
a 2 42 0 1 5445909265019.732
a 2 43 0 1 18134176468950.965
a 2 44 0 1 22815569323305.543
a 2 45 0 1 16314299563764.312
a 2 46 0 1 11004593410754.36
a 2 47 0 1 17300919970958.143
a 2 48 0 1 6870716297498.788
a 2 49 0 1 12902281255173.191
a 2 50 0 1 4988518833421.828
a 2 51 0 1 15172439263322.045
a 2 52 0 1 19264898779549.773
a 2 53 0 1 9035812165631.057
a 2 54 0 1 18759789133871.965
a 2 55 0 1 14244193687736.535
a 2 56 0 1 17133957857999.191
a 2 57 0 1 8608594938903.948
a 2 58 0 1 23471681685854.996
a 2 59 0 1 14954512022698.363
a 2 60 0 1 24769835792348.344
a 2 61 0 1 11890379689666.955
a 2 62 0 1 12328986344713.287
a 2 63 0 1 8763782175853.139
a 2 64 0 1 7688607704712.359
a 2 65 0 1 21407442948425.52
a 2 66 0 1 14937920597443.506
a 2 67 0 1 13786811255145.082
a 2 68 0 1 11637939757435.71
a 2 69 0 1 17563933858526.568
a 2 70 0 1 14833728386773.883
a 2 71 0 1 5719359557876.338
a 2 72 0 1 7893020476332.579
a 2 73 0 1 17788483143681.477
a 2 74 0 1 9386734355082.682
a 2 75 0 1 16230829162382.154
a 2 76 0 1 19450554003499.6
a 2 77 0 1 9268579411468.432
a 2 78 0 1 19011871304324.77
a 2 79 0 1 23473428378566.938
a 3 15 0 1 7564980729718.864
a 3 16 0 1 5851801787088.622
a 3 17 0 1 6819747588471.458
a 3 18 0 1 5009550111568.853
a 3 19 0 1 6907907392768.576
a 3 20 0 1 9992527907272.63
a 3 21 0 1 9758757601656.834
a 3 22 0 1 8049039927975.637
a 3 23 0 1 6979381244130.61
a 3 24 0 1 6765812941546.097
a 3 25 0 1 16204975412527.516
a 3 26 0 1 15640554454726.852
a 3 27 0 1 4709188375794.026
a 3 28 0 1 17923110470650.19
a 3 29 0 1 8340823870084.107
a 3 30 0 1 14618109896961.404
a 3 31 0 1 14750953687429.88
a 3 32 0 1 7812409946562.549
a 3 33 0 1 10063809947820.398
a 3 34 0 1 14900320783662.81
a 3 35 0 1 13455808253670.092
a 3 36 0 1 13125875464269.064
a 3 37 0 1 11135613088611.988
a 3 38 0 1 17216648695376.53
a 3 39 0 1 14480812481713.037
a 3 40 0 1 15495000385913.832
a 3 41 0 1 7444998505440.513
a 3 42 0 1 4190802706881.284
a 3 43 0 1 13950132174878.637
a 3 44 0 1 17549217434902.037
a 3 45 0 1 12550756907525.717
a 3 46 0 1 8467139873381.479
a 3 47 0 1 13309425142715.742
a 3 48 0 1 5287037721860.64
a 3 49 0 1 9926756112363.945
a 3 50 0 1 3838872620737.5527
a 3 51 0 1 11672666228975.338
a 3 52 0 1 14819520990979.56
a 3 53 0 1 6952686195100.136
a 3 54 0 1 14431159177907.43
a 3 55 0 1 10958805997580.184
a 3 56 0 1 13181041329766.174
a 3 57 0 1 6624035215949.488
a 3 58 0 1 18053569212752.348
a 3 59 0 1 11505074100141.568
a 3 60 0 1 19051404787331.586
a 3 61 0 1 9148465208978.383
a 3 62 0 1 9485818942769.982
a 3 63 0 1 6743418992429.28
a 3 64 0 1 5916279288509.256
a 3 65 0 1 16466735046805.512
a 3 66 0 1 11492314751603.994
a 3 67 0 1 10607046541825.76
a 3 68 0 1 8954297799975.523
a 3 69 0 1 13511664674263.297
a 3 70 0 1 11412187277302.693
a 3 71 0 1 4401199583223.36
a 3 72 0 1 6073539188310.737
a 3 73 0 1 13684325341053.01
a 3 74 0 1 7222639113911.595
a 3 75 0 1 12486569967807.729
a 3 76 0 1 14962262422758.047
a 3 77 0 1 7131746957085.762
a 3 78 0 1 14624977982922.158
a 3 79 0 1 18054911867138.99
a 4 15 0 1 9208849162753.281
a 4 16 0 1 7123091486367.28
a 4 17 0 1 8301522217554.36
a 4 18 0 1 6097734196592.2295
a 4 19 0 1 8408855675204.6045
a 4 20 0 1 12164640973853.303
a 4 21 0 1 11879985605889.936
a 4 22 0 1 9798213015000.945
a 4 23 0 1 8495874541948.87
a 4 24 0 1 8235857694009.3545
a 4 25 0 1 19730582256369.12
a 4 26 0 1 19043094599912.15
a 4 27 0 1 5732084240344.942
a 4 28 0 1 21823460495884.383
a 4 29 0 1 10153479995886.16
a 4 30 0 1 17797765193644.207
a 4 31 0 1 17959564270212.887
a 4 32 0 1 9510103580958.691
a 4 33 0 1 12251439725084.021
a 4 34 0 1 18141489441941.258
a 4 35 0 1 16382168569156.139
a 4 36 0 1 15980350107283.018
a 4 37 0 1 13556590908852.635
a 4 38 0 1 20962890175187.316
a 4 39 0 1 17630542891905.766
a 4 40 0 1 18865806990496.66
a 4 41 0 1 9062767616527.816
a 4 42 0 1 5101032441199.63
a 4 43 0 1 16984208109311.768
a 4 44 0 1 21368002113879.0
a 4 45 0 1 15279940765454.363
a 4 46 0 1 10307280012414.395
a 4 47 0 1 16203890722287.025
a 4 48 0 1 6435542871205.59
a 4 49 0 1 12084552216407.732
a 4 50 0 1 4672623071006.958
a 4 51 0 1 14210595161063.475
a 4 52 0 1 18043077262660.9
a 4 53 0 1 8463373487721.281
a 4 54 0 1 17570067603386.2
a 4 55 0 1 13341285362225.201
a 4 56 0 1 16047535034504.223
a 4 57 0 1 8063246548654.573
a 4 58 0 1 21982381028236.258
a 4 59 0 1 14006505524631.88
a 4 60 0 1 23197945832209.17
a 4 61 0 1 11136865855213.39
a 4 62 0 1 11547640282387.2
a 4 63 0 1 8208593490523.536
a 4 64 0 1 7201588185760.136
a 4 65 0 1 20049422737870.523
a 4 66 0 1 13990967569195.217
a 4 67 0 1 12912938523984.305
a 4 68 0 1 10900443560063.303
a 4 69 0 1 16450195630826.111
a 4 70 0 1 13893390939652.697
a 4 71 0 1 5357155077505.145
a 4 72 0 1 7393041814226.105
a 4 73 0 1 16660478800356.623
a 4 74 0 1 8792041469824.269
a 4 75 0 1 15201771819525.78
a 4 76 0 1 18216933119772.406
a 4 77 0 1 8681379670531.023
a 4 78 0 1 17806130254965.125
a 4 79 0 1 21984016610894.3
a 5 15 0 1 5505312982356.532
a 5 16 0 1 4258798751491.371
a 5 17 0 1 4963095532679.715
a 5 18 0 1 3645924750893.2627
a 5 19 0 1 5027240250213.27
a 5 20 0 1 7271374331658.863
a 5 21 0 1 7101316138509.608
a 5 22 0 1 5857491662888.801
a 5 23 0 1 5079244075431.28
a 5 24 0 1 4923852726538.272
a 5 25 0 1 11789757699724.512
a 5 26 0 1 11379320747032.227
a 5 27 0 1 3427355291499.1074
a 5 28 0 1 13039065591389.605
a 5 29 0 1 6069774754148.102
a 5 30 0 1 10635780064997.584
a 5 31 0 1 10732389236960.31
a 5 32 0 1 5685332166373.181
a 5 33 0 1 7323228560778.373
a 5 34 0 1 10841013836951.72
a 5 35 0 1 9790474720554.988
a 5 36 0 1 9550513761175.484
a 5 37 0 1 8102885423442.014
a 5 38 0 1 12525392224297.234
a 5 39 0 1 10535931196827.271
a 5 40 0 1 11273474038439.877
a 5 41 0 1 5418017911477.241
a 5 42 0 1 3050122874073.446
a 5 43 0 1 10149988465534.34
a 5 44 0 1 12767208153979.35
a 5 45 0 1 9132216682689.744
a 5 46 0 1 6161672888695.822
a 5 47 0 1 9684010524056.648
a 5 48 0 1 3847845338553.96
a 5 49 0 1 7223528333373.034
a 5 50 0 1 2794014213688.544
a 5 51 0 1 8493531811360.185
a 5 52 0 1 10782253731933.441
a 5 53 0 1 5059820990094.321
a 5 54 0 1 10499820864508.184
a 5 55 0 1 7974275061191.033
a 5 56 0 1 9590636381989.367
a 5 57 0 1 4820694733173.384
a 5 58 0 1 13133920573740.555
a 5 59 0 1 8371628603492.979
a 5 60 0 1 13859409097727.451
a 5 61 0 1 6657341999211.584
a 5 62 0 1 6902761437519.676
a 5 63 0 1 4907558867995.644
a 5 64 0 1 4305715204053.075
a 5 65 0 1 11980099743478.096
a 5 66 0 1 8362347652576.286
a 5 67 0 1 7718399229459.1455
a 5 68 0 1 6516085963378.246
a 5 69 0 1 9831098745692.027
a 5 70 0 1 8304064008876.9
a 5 71 0 1 3203231444301.9785
a 5 72 0 1 4420143107847.895
a 5 73 0 1 9956672867140.58
a 5 74 0 1 5256234885830.466
a 5 75 0 1 9085531094306.19
a 5 76 0 1 10886059508257.123
a 5 77 0 1 5190103419515.92
a 5 78 0 1 10640774824030.896
a 5 79 0 1 13134896797553.996
a 6 15 0 1 14179580329873.047
a 6 16 0 1 10966555013740.861
a 6 17 0 1 12781777390076.777
a 6 18 0 1 9387339258056.389
a 6 19 0 1 12947124130941.188
a 6 20 0 1 18734287301968.42
a 6 21 0 1 18295576596093.03
a 6 22 0 1 15087622661011.271
a 6 23 0 1 13081177951061.695
a 6 24 0 1 12680622556188.268
a 6 25 0 1 30400622972369.453
a 6 26 0 1 29340093238685.473
a 6 27 0 1 8824228005457.914
a 6 28 0 1 33629692253760.414
a 6 29 0 1 15635020382649.064
a 6 30 0 1 27419259573300.99
a 6 31 0 1 27668806467018.082
a 6 32 0 1 14643719514605.328
a 6 33 0 1 18868064588724.08
a 6 34 0 1 27949400379027.777
a 6 35 0 1 25236163326362.1
a 6 36 0 1 24616559644616.695
a 6 37 0 1 20879783984301.715
a 6 38 0 1 32301829422743.055
a 6 39 0 1 27161353597502.566
a 6 40 0 1 29066621238327.465
a 6 41 0 1 13954520454477.393
a 6 42 0 1 7852450639179.806
a 6 43 0 1 26164565877849.68
a 6 44 0 1 32926900676327.28
a 6 45 0 1 23536603385820.473
a 6 46 0 1 15872003980265.31
a 6 47 0 1 24961255223322.47
a 6 48 0 1 9907596906128.123
a 6 49 0 1 18610852977113.2
a 6 50 0 1 7192772439628.51
a 6 51 0 1 21887968893818.477
a 6 52 0 1 27797612684624.965
a 6 53 0 1 13031109438091.238
a 6 54 0 1 27068084240404.805
a 6 55 0 1 20547896174529.598
a 6 56 0 1 24720156574555.215
a 6 57 0 1 12414722616300.633
a 6 58 0 1 33874922787099.59
a 6 59 0 1 21573344236579.273
a 6 60 0 1 35750824062626.695
a 6 61 0 1 17150354153357.615
a 6 62 0 1 17783385845338.5
a 6 63 0 1 12638622860182.281
a 6 64 0 1 11087460903014.475
a 6 65 0 1 30892502452136.12
a 6 66 0 1 21549391246892.746
a 6 67 0 1 19887637335884.062
a 6 68 0 1 16786025796281.398
a 6 69 0 1 25341064065588.477
a 6 70 0 1 21398970200407.406
a 6 71 0 1 8246853096356.0
a 6 72 0 1 11382355593812.684
a 6 73 0 1 25665335649893.566
a 6 74 0 1 13537438257870.797
a 6 75 0 1 23416081089657.656
a 6 76 0 1 28065763478774.633
a 6 77 0 1 13366956125526.602
a 6 78 0 1 27432161099778.004
a 6 79 0 1 33877446682711.414
a 7 15 0 1 7821400226182.027
a 7 16 0 1 6050111615018.905
a 7 17 0 1 7050886456412.563
a 7 18 0 1 5179300120747.944
a 7 19 0 1 7142036681860.262
a 7 20 0 1 10331328470805.553
a 7 21 0 1 10089622881012.598
a 7 22 0 1 8321882622619.139
a 7 23 0 1 7215935005235.507
a 7 24 0 1 6995122352374.6
a 7 25 0 1 16754818109431.81
a 7 26 0 1 16171210396841.477
a 7 27 0 1 4868754837311.301
a 7 28 0 1 18531374802162.027
a 7 29 0 1 8623567147344.152
a 7 30 0 1 15114015734010.262
a 7 31 0 1 15251374044885.736
a 7 32 0 1 8077224004307.682
a 7 33 0 1 10405030253191.146
a 7 34 0 1 15405817354735.807
a 7 35 0 1 13912220896860.227
a 7 36 0 1 13571079498034.979
a 7 37 0 1 11513221799939.855
a 7 38 0 1 17800888360037.88
a 7 39 0 1 14972052597852.61
a 7 40 0 1 16020708825346.924
a 7 41 0 1 7697347528342.721
a 7 42 0 1 4332795389563.0366
a 7 43 0 1 14423339836995.742
a 7 44 0 1 18144766271304.49
a 7 45 0 1 12976424887233.354
a 7 46 0 1 8754169418967.133
a 7 47 0 1 13760864691325.238
a 7 48 0 1 5466196395135.53
a 7 49 0 1 10263324021413.7
a 7 50 0 1 3968935766802.785
a 7 51 0 1 12068511732079.2
a 7 52 0 1 15322271573371.033
a 7 53 0 1 7188334425817.94
a 7 54 0 1 14920711984045.79
a 7 55 0 1 11330411354914.803
a 7 56 0 1 13628119419204.318
a 7 57 0 1 6848535654427.536
a 7 58 0 1 18666270500663.805
a 7 59 0 1 11895228402605.586
a 7 60 0 1 19698047439310.258
a 7 61 0 1 9458616321923.969
a 7 62 0 1 9807419935191.943
a 7 63 0 1 6971968809944.154
a 7 64 0 1 6116775712876.311
a 7 65 0 1 17025476796479.549
a 7 66 0 1 11882035773255.043
a 7 67 0 1 10966708918504.916
a 7 68 0 1 9257859234046.152
a 7 69 0 1 13969974981387.098
a 7 70 0 1 11799187367464.34
a 7 71 0 1 4550324663353.082
a 7 72 0 1 6279368837528.078
a 7 73 0 1 14148501774752.967
a 7 74 0 1 7467444759892.351
a 7 75 0 1 12910057763825.146
a 7 76 0 1 15469864122131.916
a 7 77 0 1 7373469269243.676
a 7 78 0 1 15121117219282.44
a 7 79 0 1 18667658820004.164
a 8 15 0 1 12129310144108.902
a 8 16 0 1 9381368139165.533
a 8 17 0 1 10933874428813.508
a 8 18 0 1 8030634985233.598
a 8 19 0 1 11075285964110.637
a 8 20 0 1 16024221838943.44
a 8 21 0 1 15649088562287.963
a 8 22 0 1 12905860600018.047
a 8 23 0 1 11189933896242.953
a 8 24 0 1 10847362146680.414
a 8 25 0 1 25997870094699.934
a 8 26 0 1 25091374993672.22
a 8 27 0 1 7548978076851.979
a 8 28 0 1 28757741304804.527
a 8 29 0 1 13373979343743.46
a 8 30 0 1 23449447335265.582
a 8 31 0 1 23662765854882.754
a 8 32 0 1 12526241157707.9
a 8 33 0 1 16138611189146.377
a 8 34 0 1 23902621966284.98
a 8 35 0 1 21583209751123.41
a 8 36 0 1 21053511699838.918
a 8 37 0 1 17858716606240.55
a 8 38 0 1 27622858922048.715
a 8 39 0 1 23228981406986.26
a 8 40 0 1 24857617702046.848
a 8 41 0 1 11936837123567.582
a 8 42 0 1 6717747581642.506
a 8 43 0 1 22376878863539.98
a 8 44 0 1 28157093843560.664
a 8 45 0 1 20130232863686.61
a 8 46 0 1 13576638230798.408
a 8 47 0 1 21348192671275.004
a 8 48 0 1 8475629056898.277
a 8 49 0 1 15918676023572.371
a 8 50 0 1 6153462437158.049
a 8 51 0 1 18720714018892.055
a 8 52 0 1 23772871725115.793
a 8 53 0 1 11147113457131.064
a 8 54 0 1 23149251435566.14
a 8 55 0 1 17574946406606.2
a 8 56 0 1 21142077288697.383
a 8 57 0 1 10619950856014.256
a 8 58 0 1 28967326572071.57
a 8 59 0 1 18451713265320.273
a 8 60 0 1 30570500971418.062
a 8 61 0 1 14669804505253.682
a 8 62 0 1 15211116932583.871
a 8 63 0 1 10811441982719.242
a 8 64 0 1 9484778308115.193
a 8 65 0 1 26418296556258.29
a 8 66 0 1 18431233596772.598
a 8 67 0 1 17010403571321.596
a 8 68 0 1 14358258099682.68
a 8 69 0 1 21672888115287.6
a 8 70 0 1 18302624091966.473
a 8 71 0 1 7055111378077.258
a 8 72 0 1 9736998433474.541
a 8 73 0 1 21950101955057.08
a 8 74 0 1 11580141247216.217
a 8 75 0 1 20027193582645.35
a 8 76 0 1 24002090323330.98
a 8 77 0 1 11434340564150.45
a 8 78 0 1 23460475905381.855
a 8 79 0 1 28969483600138.414
a 9 15 0 1 9568681405176.105
a 9 16 0 1 7401354086629.33
a 9 17 0 1 8625865788878.95
a 9 18 0 1 6335912129101.559
a 9 19 0 1 8737397024689.224
a 9 20 0 1 12640137824582.137
a 9 21 0 1 12344339901206.621
a 9 22 0 1 10181101428477.432
a 9 23 0 1 8827819251388.838
a 9 24 0 1 8557633199382.0625
a 9 25 0 1 20502518800013.29
a 9 26 0 1 19788072649042.94
a 9 27 0 1 5955970063827.232
a 9 28 0 1 22677492504654.246
a 9 29 0 1 10550268179375.691
a 9 30 0 1 18493921357591.793
a 9 31 0 1 18662062781730.3
a 9 32 0 1 9881720621460.566
a 9 33 0 1 12730334378857.316
a 9 34 0 1 18851119515311.566
a 9 35 0 1 17022845358196.93
a 9 36 0 1 16605282446328.385
a 9 37 0 1 14086585206066.238
a 9 38 0 1 21783160383559.137
a 9 39 0 1 18320144381790.793
a 9 40 0 1 19603833769272.883
a 9 41 0 1 9416885587910.842
a 9 42 0 1 5300255371528.786
a 9 43 0 1 17648477442825.45
a 9 44 0 1 22204164763296.074
a 9 45 0 1 15877432588945.104
a 9 46 0 1 10710085966118.389
a 9 47 0 1 16837581864871.875
a 9 48 0 1 6686925795647.879
a 9 49 0 1 12556913994489.635
a 9 50 0 1 4855104942224.178
a 9 51 0 1 14766201217615.295
a 9 52 0 1 18748849488602.832
a 9 53 0 1 8794047053189.437
a 9 54 0 1 18257298685721.914
a 9 55 0 1 13862848857430.033
a 9 56 0 1 16675099774691.752
a 9 57 0 1 8378271617934.786
a 9 58 0 1 22842648550434.098
a 9 59 0 1 14554118703469.15
a 9 60 0 1 24105915921055.246
a 9 61 0 1 11572135032606.363
a 9 62 0 1 11998986205969.236
a 9 63 0 1 8529302735296.245
a 9 64 0 1 7482919891470.732
a 9 65 0 1 20833863497772.02
a 9 66 0 1 14537972242296.201
a 9 67 0 1 13417730369014.535
a 9 68 0 1 11326460440579.04
a 9 69 0 1 17093538073589.951
a 9 70 0 1 14436574316217.55
a 9 71 0 1 5566387395182.819
a 9 72 0 1 7681859316857.88
a 9 73 0 1 17312061504637.508
a 9 74 0 1 9135569976060.66
a 9 75 0 1 15796201438886.44
a 9 76 0 1 18929520715826.754
a 9 77 0 1 9020579833108.281
a 9 78 0 1 18502614314185.79
a 9 79 0 1 22844348309151.594
a 10 15 0 1 11776644063583.541
a 10 16 0 1 9108683725954.76
a 10 17 0 1 10616008767675.96
a 10 18 0 1 7797247036188.959
a 10 19 0 1 10753304146081.117
a 10 20 0 1 15558106154288.473
a 10 21 0 1 15193903925800.783
a 10 22 0 1 12530583317073.912
a 10 23 0 1 10864614851289.666
a 10 24 0 1 10532014590260.092
a 10 25 0 1 25240794800627.727
a 10 26 0 1 24360771541317.227
a 10 27 0 1 7329599954187.962
a 10 28 0 1 27920038085952.668
a 10 29 0 1 12985069720125.326
a 10 30 0 1 22766778472756.312
a 10 31 0 1 22973870345873.61
a 10 32 0 1 12162017931617.502
a 10 33 0 1 15669162118750.488
a 10 34 0 1 23206724838909.195
a 10 35 0 1 20955002644693.78
a 10 36 0 1 20440758446537.46
a 10 37 0 1 17339132180430.893
a 10 38 0 1 26818316609401.434
a 10 39 0 1 22552747507779.746
a 10 40 0 1 24133839656075.633
a 10 41 0 1 11589774767852.873
a 10 42 0 1 6522543691354.932
a 10 43 0 1 21725513166669.14
a 10 44 0 1 27336942402501.926
a 10 45 0 1 19544411743777.188
a 10 46 0 1 13181826424938.355
a 10 47 0 1 20726842375153.79
a 10 48 0 1 8229296342887.84
a 10 49 0 1 15455635942253.727
a 10 50 0 1 5974666790463.79
a 10 51 0 1 18175997981646.656
a 10 52 0 1 23080762172074.016
a 10 53 0 1 10823040860037.223
a 10 54 0 1 22475344618054.074
a 10 55 0 1 17063634266797.172
a 10 56 0 1 20526740276373.348
a 10 57 0 1 10311222306006.28
a 10 58 0 1 28123498417367.63
a 10 59 0 1 17914840488862.957
a 10 60 0 1 29679812032307.02
a 10 61 0 1 14243151010731.006
a 10 62 0 1 14768693237847.604
a 10 63 0 1 10497139936765.479
a 10 64 0 1 9209084925629.783
a 10 65 0 1 25648941975287.375
a 10 66 0 1 17894957927134.676
a 10 67 0 1 16515547060093.492
a 10 68 0 1 13940680105001.982
a 10 69 0 1 21042064476271.043
a 10 70 0 1 17770098108625.44
a 10 71 0 1 6850096658380.404
a 10 72 0 1 9453965803941.602
a 10 73 0 1 21311189756473.457
a 10 74 0 1 11243463218790.355
a 10 75 0 1 19444377783806.043
a 10 76 0 1 23303289513889.957
a 10 77 0 1 11101906927301.844
a 10 78 0 1 22777485132448.715
a 10 79 0 1 28125592406789.453
a 11 15 0 1 11386214272820.166
a 11 16 0 1 8806794233620.527
a 11 17 0 1 10264102876841.719
a 11 18 0 1 7538860279606.437
a 11 19 0 1 10396841655089.35
a 11 20 0 1 15042092703742.344
a 11 21 0 1 14689990357903.523
a 11 22 0 1 12115123380596.63
a 11 23 0 1 10504458045033.393
a 11 24 0 1 10182896254692.781
a 11 25 0 1 24402733611854.23
a 11 26 0 1 23552008748493.934
a 11 27 0 1 7086722828535.296
a 11 28 0 1 26992742172743.836
a 11 29 0 1 12554519189735.465
a 11 30 0 1 22011069485335.6
a 11 31 0 1 22211269662192.805
a 11 32 0 1 11758794579156.594
a 11 33 0 1 15149458863154.846
a 11 34 0 1 22436374739501.13
a 11 35 0 1 20259573200351.16
a 11 36 0 1 19762433977692.164
a 11 37 0 1 16763933610848.898
a 11 38 0 1 25927721011462.977
a 11 39 0 1 21804160805002.07
a 11 40 0 1 23332631119427.89
a 11 41 0 1 11205548230061.182
a 11 42 0 1 6306428988375.357
a 11 43 0 1 21004451059150.863
a 11 44 0 1 26429071571825.055
a 11 45 0 1 18895897200922.0
a 11 46 0 1 12744742386071.121
a 11 47 0 1 20039002321414.645
a 11 48 0 1 7956579129318.267
a 11 49 0 1 14943026956490.625
a 11 50 0 1 5776717242287.506
a 11 51 0 1 17572981494084.936
a 11 52 0 1 22314604169935.008
a 11 53 0 1 10464263872751.982
a 11 54 0 1 21729333559094.164
a 11 55 0 1 16497592278304.559
a 11 56 0 1 19845555985295.02
a 11 57 0 1 9969431261852.709
a 11 58 0 1 27189423891613.188
a 11 59 0 1 17320505588271.035
a 11 60 0 1 28693876225618.848
a 11 61 0 1 13770819663398.264
a 11 62 0 1 14278905194116.027
a 11 63 0 1 10149178987825.293
a 11 64 0 1 8903864419814.475
a 11 65 0 1 24797290495670.97
a 11 66 0 1 17301283956418.582
a 11 67 0 1 15967719891695.453
a 11 68 0 1 13478394869836.055
a 11 69 0 1 20343738956157.824
a 11 70 0 1 17180574621942.61
a 11 71 0 1 6623120701392.885
a 11 72 0 1 9140620565950.725
a 11 73 0 1 20603911540461.188
a 11 74 0 1 10870732045437.207
a 11 75 0 1 18799189715237.13
a 11 76 0 1 22529725616724.8
a 11 77 0 1 10733874277001.332
a 11 78 0 1 22021419851791.57
a 11 79 0 1 27191448114767.703
a 12 15 0 1 2768545197696.025
a 12 16 0 1 2141843348012.111
a 12 17 0 1 2495949049451.126
a 12 18 0 1 1833679875798.8135
a 12 19 0 1 2528198254092.8174
a 12 20 0 1 3656303243094.0254
a 12 21 0 1 3570826748576.8857
a 12 22 0 1 2945591576844.631
a 12 23 0 1 2554343366503.0933
a 12 24 0 1 2476219337872.2056
a 12 25 0 1 5926772411341.722
a 12 26 0 1 5720578048087.357
a 12 27 0 1 1723774203456.3623
a 12 28 0 1 6554337129306.904
a 12 29 0 1 3052306548988.465
a 12 30 0 1 5347015111256.347
a 12 31 0 1 5395554410296.082
a 12 32 0 1 2859044880417.4873
a 12 33 0 1 3682366447266.492
a 12 34 0 1 5450129973323.822
a 12 35 0 1 4922285844216.741
a 12 36 0 1 4801708376054.992
a 12 37 0 1 4074222401912.2217
a 12 38 0 1 6296314510109.766
a 12 39 0 1 5296847528652.257
a 12 40 0 1 5667401451573.077
a 12 41 0 1 2724659335388.602
a 12 42 0 1 1534079831428.49
a 12 43 0 1 5102930932378.474
a 12 44 0 1 6417782655930.8125
a 12 45 0 1 4591511248700.804
a 12 46 0 1 3098503050170.141
a 12 47 0 1 4868789287368.79
a 12 48 0 1 1935211370132.6501
a 12 49 0 1 3632254536505.549
a 12 50 0 1 1405288851779.1694
a 12 51 0 1 4270548326456.6665
a 12 52 0 1 5420607593911.522
a 12 53 0 1 2544578357867.583
a 12 54 0 1 5278704286552.652
a 12 55 0 1 4009585175226.055
a 12 56 0 1 4821869736563.262
a 12 57 0 1 2424355206634.7827
a 12 58 0 1 6601981954158.231
a 12 59 0 1 4209284758206.3696
a 12 60 0 1 6966371340866.691
a 12 61 0 1 3347663802406.2627
a 12 62 0 1 3471024923530.2954
a 12 63 0 1 2468027412186.179
a 12 64 0 1 2165432847459.1401
a 12 65 0 1 6022392714021.294
a 12 66 0 1 4204620496686.072
a 12 67 0 1 3880983808926.707
a 12 68 0 1 3276659285085.724
a 12 69 0 1 4942698595469.712
a 12 70 0 1 4175329186895.6333
a 12 71 0 1 1611072701898.7517
a 12 72 0 1 2222966439532.881
a 12 73 0 1 5005796451835.083
a 12 74 0 1 2643324974123.1724
a 12 75 0 1 4568050798173.562
a 12 76 0 1 5472761782621.396
a 12 77 0 1 2610077785594.9653
a 12 78 0 1 5349524638766.804
a 12 79 0 1 6602472300116.265
a 13 15 0 1 9044360057719.043
a 13 16 0 1 6995888342771.895
a 13 17 0 1 8153255066643.894
a 13 18 0 1 5988854363468.082
a 13 19 0 1 8258669700058.195
a 13 20 0 1 11947282647863.28
a 13 21 0 1 11667720349452.982
a 13 22 0 1 9623184984041.127
a 13 23 0 1 8344132876868.351
a 13 24 0 1 8088764419514.11
a 13 25 0 1 19377733459817.73
a 13 26 0 1 18702566872634.844
a 13 27 0 1 5629737606935.336
a 13 28 0 1 21433091599368.996
a 13 29 0 1 9972098449505.312
a 13 30 0 1 17479551230064.434
a 13 31 0 1 17638451552253.37
a 13 32 0 1 9340227660025.193
a 13 33 0 1 12032528325818.709
a 13 34 0 1 17817117268521.766
a 13 35 0 1 16089311580567.148
a 13 36 0 1 15694689241496.404
a 13 37 0 1 13314323015991.229
a 13 38 0 1 20587951313125.703
a 13 39 0 1 17315324732487.467
a 13 40 0 1 18528456279307.414
a 13 41 0 1 8900890505033.637
a 13 42 0 1 5009959767369.153
a 13 43 0 1 16680568036718.887
a 13 44 0 1 20985799964757.57
a 13 45 0 1 15006821890667.617
a 13 46 0 1 10123147782526.223
a 13 47 0 1 15914226572818.94
a 13 48 0 1 6320626808481.963
a 13 49 0 1 11868626876030.85
a 13 50 0 1 4589203162547.848
a 13 51 0 1 13956620861763.395
a 13 52 0 1 17720468303979.914
a 13 53 0 1 8312212867608.566
a 13 54 0 1 17255932836881.824
a 13 55 0 1 13102870971079.62
a 13 56 0 1 15760671006742.037
a 13 57 0 1 7919238938725.697
a 13 58 0 1 21589162356520.61
a 13 59 0 1 13756184531507.852
a 13 60 0 1 22782926171204.465
a 13 61 0 1 10937894993349.879
a 13 62 0 1 11341320951994.838
a 13 63 0 1 8061987609637.916
a 13 64 0 1 7072982117603.826
a 13 65 0 1 19690859071197.527
a 13 66 0 1 13740924706308.21
a 13 67 0 1 12682190053103.473
a 13 68 0 1 10705701818974.416
a 13 69 0 1 16156120288322.867
a 13 70 0 1 13645094681337.707
a 13 71 0 1 5261506877798.071
a 13 72 0 1 7261013905427.144
a 13 73 0 1 16362637201032.557
a 13 74 0 1 8635004816546.832
a 13 75 0 1 14930052566153.635
a 13 76 0 1 17891209223217.418
a 13 77 0 1 8526321513690.315
a 13 78 0 1 17487766427504.834
a 13 79 0 1 21590768609252.56
a 14 15 0 1 9651827946240.002
a 14 16 0 1 7465651563357.989
a 14 17 0 1 8700811575399.226
a 14 18 0 1 6390947024388.039
a 14 19 0 1 8813312833319.6
a 14 20 0 1 12750012821632.309
a 14 21 0 1 12451639973061.73
a 14 22 0 1 10269575854825.057
a 14 23 0 1 8904521508907.17
a 14 24 0 1 8631985558076.514
a 14 25 0 1 20680900821096.34
a 14 26 0 1 19960224341268.86
a 14 27 0 1 6007702429468.054
a 14 28 0 1 22874847753306.156
a 14 29 0 1 10641954620755.79
a 14 30 0 1 18654790033518.863
a 14 31 0 1 18824397201552.48
a 14 32 0 1 9967590422679.508
a 14 33 0 1 12840994573411.357
a 14 34 0 1 19015102073003.203
a 14 35 0 1 17170892623499.072
a 14 36 0 1 16749691169902.85
a 14 37 0 1 14209054096375.932
a 14 38 0 1 21972712829589.9
a 14 39 0 1 18479498247022.957
a 14 40 0 1 19774378973713.68
a 14 41 0 1 9498711664429.305
a 14 42 0 1 5346288824157.97
a 14 43 0 1 17801976974555.68
a 14 44 0 1 22397390155232.73
a 14 45 0 1 16015499849350.223
a 14 46 0 1 10803163022085.627
a 14 47 0 1 16984014745568.947
a 14 48 0 1 6745012028368.082
a 14 49 0 1 12666064509012.379
a 14 50 0 1 4897270021458.386
a 14 51 0 1 14894588833413.615
a 14 52 0 1 18911940478987.21
a 14 53 0 1 8870455574494.82
a 14 54 0 1 18416104741233.18
a 14 55 0 1 13983369448859.676
a 14 56 0 1 16820116844928.744
a 14 57 0 1 8451064090162.355
a 14 58 0 1 23041444917621.344
a 14 59 0 1 14680659208080.18
a 14 60 0 1 24315737134768.324
a 14 61 0 1 11672713883598.238
a 14 62 0 1 12103280192756.088
a 14 63 0 1 8603408702972.267
a 14 64 0 1 7547926567368.015
a 14 65 0 1 21015135361796.348
a 14 66 0 1 14664372124665.463
a 14 67 0 1 13534375164232.145
a 14 68 0 1 11424901208684.715
a 14 69 0 1 17242201372961.688
a 14 70 0 1 14562091119076.164
a 14 71 0 1 5614733735800.558
a 14 72 0 1 7748595789590.411
a 14 73 0 1 17462629136010.482
a 14 74 0 1 9214949024625.877
a 14 75 0 1 15933561031437.824
a 14 76 0 1 19094186772056.625
a 14 77 0 1 9098958684269.932
a 14 78 0 1 18663558768060.668
a 14 79 0 1 23043159508379.586
a 15 1 0 1 0
a 16 1 0 1 0
a 17 1 0 1 0
a 18 1 0 1 0
a 19 1 0 1 0
a 20 1 0 1 0
a 21 1 0 1 0
a 22 1 0 1 0
a 23 1 0 1 0
a 24 1 0 1 0
a 25 1 0 1 0
a 26 1 0 1 0
a 27 1 0 1 0
a 28 1 0 1 0
a 29 1 0 1 0
a 30 1 0 1 0
a 31 1 0 1 0
a 32 1 0 1 0
a 33 1 0 1 0
a 34 1 0 1 0
a 35 1 0 1 0
a 36 1 0 1 0
a 37 1 0 1 0
a 38 1 0 1 0
a 39 1 0 1 0
a 40 1 0 1 0
a 41 1 0 1 0
a 42 1 0 1 0
a 43 1 0 1 0
a 44 1 0 1 0
a 45 1 0 1 0
a 46 1 0 1 0
a 47 1 0 1 0
a 48 1 0 1 0
a 49 1 0 1 0
a 50 1 0 1 0
a 51 1 0 1 0
a 52 1 0 1 0
a 53 1 0 1 0
a 54 1 0 1 0
a 55 1 0 1 0
a 56 1 0 1 0
a 57 1 0 1 0
a 58 1 0 1 0
a 59 1 0 1 0
a 60 1 0 1 0
a 61 1 0 1 0
a 62 1 0 1 0
a 63 1 0 1 0
a 64 1 0 1 0
a 65 1 0 1 0
a 66 1 0 1 0
a 67 1 0 1 0
a 68 1 0 1 0
a 69 1 0 1 0
a 70 1 0 1 0
a 71 1 0 1 0
a 72 1 0 1 0
a 73 1 0 1 0
a 74 1 0 1 0
a 75 1 0 1 0
a 76 1 0 1 0
a 77 1 0 1 0
a 78 1 0 1 0
a 79 1 0 1 0
