p min 82 951
n 0 13
n 1 -13
a 0 2 0 1 0
a 0 3 0 1 0
a 0 4 0 1 0
a 0 5 0 1 0
a 0 6 0 1 0
a 0 7 0 1 0
a 0 8 0 1 0
a 0 9 0 1 0
a 0 10 0 1 0
a 0 11 0 1 0
a 0 12 0 1 0
a 0 13 0 1 0
a 0 14 0 1 0
a 2 15 0 1 16376094887356.746
a 2 16 0 1 25669787429425.566
a 2 17 0 1 18911901601835.184
a 2 18 0 1 17381622882628.484
a 2 19 0 1 23624210500411.62
a 2 20 0 1 29849905945723.945
a 2 21 0 1 27143654267376.477
a 2 22 0 1 9835449958555.172
a 2 23 0 1 15964043311091.867
a 2 24 0 1 25173102177680.03
a 2 25 0 1 25308847193911.438
a 2 26 0 1 16082646473827.725
a 2 27 0 1 25014513544225.344
a 2 28 0 1 28569710916082.887
a 2 29 0 1 23516256760872.688
a 2 30 0 1 17782997416047.4
a 2 31 0 1 6610288649022.555
a 2 32 0 1 31829909685910.875
a 2 33 0 1 30282914439289.004
a 2 34 0 1 30902974958038.32
a 2 35 0 1 20863566371457.58
a 2 36 0 1 18321383531254.555
a 2 37 0 1 26047460253771.566
a 2 38 0 1 22603688688149.62
a 2 39 0 1 29442467702021.547
a 2 40 0 1 27483729578890.965
a 2 41 0 1 19527499306473.457
a 2 42 0 1 24478212770454.188
a 2 43 0 1 30446657166517.12
a 2 44 0 1 17984076436002.98
a 2 45 0 1 7544014374985.667
a 2 46 0 1 10018458786416.22
a 2 47 0 1 19427603561272.47
a 2 48 0 1 9542824515333.738
a 2 49 0 1 11537634677367.004
a 2 50 0 1 9013679019930.33
a 2 51 0 1 8902703472075.973
a 2 52 0 1 28167744209835.703
a 2 53 0 1 26235559548338.953
a 2 54 0 1 23165618200675.27
a 2 55 0 1 30614451971672.26
a 2 56 0 1 16231183189756.938
a 2 57 0 1 7073806957285.309
a 2 58 0 1 25557590459726.86
a 2 59 0 1 30762394944164.33
a 2 60 0 1 11276465768831.951
a 2 61 0 1 7268017542028.134
a 2 62 0 1 14146475870345.066
a 2 63 0 1 7142949169800.615
a 2 64 0 1 25897973651324.934
a 2 65 0 1 25846270069472.973
a 2 66 0 1 12836204038143.64
a 2 67 0 1 23943892661321.92
a 2 68 0 1 18865866548574.426
a 2 69 0 1 22038287283457.203
a 2 70 0 1 28206397202055.53
a 2 71 0 1 12159645136385.438
a 2 72 0 1 20120638196872.96
a 2 73 0 1 23763130169031.2
a 2 74 0 1 8905187559741.28
a 2 75 0 1 25427499672648.37
a 2 76 0 1 31299275724747.523
a 2 77 0 1 31153647892185.094
a 2 78 0 1 32005572037566.637
a 2 79 0 1 8685709134526.962
a 2 80 0 1 12619259862268.523
a 2 81 0 1 6723372815833.48
a 3 15 0 1 12510242867707.78
a 3 16 0 1 19605046605218.43
a 3 17 0 1 14446433722011.262
a 3 18 0 1 13278036092123.97
a 3 19 0 1 18043761777245.29
a 3 20 0 1 22794976943845.387
a 3 21 0 1 20729866274541.016
a 3 22 0 1 7514962671666.48
a 3 23 0 1 12195599598774.959
a 3 24 0 1 19225968019898.945
a 3 25 0 1 19329571931740.414
a 3 26 0 1 12286165894401.37
a 3 27 0 1 19104928330316.73
a 3 28 0 1 21818112299813.438
a 3 29 0 1 17961361342295.375
a 3 30 0 1 13584502790804.016
a 3 31 0 1 5051159302132.734
a 3 32 0 1 24305702707827.867
a 3 33 0 1 23125372632912.605
a 3 34 0 1 23598479833481.316
a 3 35 0 1 15936426536509.383
a 3 36 0 1 13995573200892.02
a 3 37 0 1 19893286022218.39
a 3 38 0 1 17264784293348.691
a 3 39 0 1 22484084829896.11
a 3 40 0 1 20989390724101.625
a 3 41 0 1 14916427106881.436
a 3 42 0 1 18695599443786.445
a 3 43 0 1 23250310159950.25
a 3 44 0 1 13738032742501.053
a 3 45 0 1 5764506522751.481
a 3 46 0 1 7654755988796.998
a 3 47 0 1 14840160285652.877
a 3 48 0 1 7291434600277.521
a 3 49 0 1 8815141589769.229
a 3 50 0 1 6887226705490.14
a 3 51 0 1 6802452340983.137
a 3 52 0 1 21511373816987.8
a 3 53 0 1 20036840949172.094
a 3 54 0 1 17693717710181.652
a 3 55 0 1 23378338309499.16
a 3 56 0 1 12399588858939.033
a 3 57 0 1 5405282266063.143
a 3 58 0 1 19519416877721.88
a 3 59 0 1 23491218453872.67
a 3 60 0 1 8615660887008.648
a 3 61 0 1 5553654396216.714
a 3 62 0 1 10807617864486.684
a 3 63 0 1 5458105402519.381
a 3 64 0 1 19779198747966.188
a 3 65 0 1 19739738669397.57
a 3 66 0 1 9806946251207.475
a 3 67 0 1 18287770388963.406
a 3 68 0 1 14411286481934.066
a 3 69 0 1 16833187446283.863
a 3 70 0 1 21540869985434.76
a 3 71 0 1 9290221506864.854
a 3 72 0 1 15369258845186.732
a 3 73 0 1 18149797604746.11
a 3 74 0 1 6804349944358.853
a 3 75 0 1 19420129773483.312
a 3 76 0 1 23900849587688.395
a 3 77 0 1 23789739152300.38
a 3 78 0 1 24439723681903.605
a 3 79 0 1 6636688608210.398
a 3 80 0 1 9641256283705.443
a 3 81 0 1 5137555202619.087
a 4 15 0 1 7779238288103.471
a 4 16 0 1 12187229972965.197
a 4 17 0 1 8982461522530.527
a 4 18 0 1 8256398733593.376
a 4 19 0 1 11217439918877.93
a 4 20 0 1 14168240435786.98
a 4 21 0 1 12885828397658.883
a 4 22 0 1 4674041959145.672
a 4 23 0 1 7583687715684.247
a 4 24 0 1 11951777940969.611
a 4 25 0 1 12016128831877.21
a 4 26 0 1 7639975154927.836
a 4 27 0 1 11876596530878.547
a 4 28 0 1 13561646556753.416
a 4 29 0 1 11166253325783.482
a 4 30 0 1 8446849672249.793
a 4 31 0 1 3141979978722.6133
a 4 32 0 1 15106238881952.678
a 4 33 0 1 14373391242059.02
a 4 34 0 1 14667144832907.729
a 4 35 0 1 9908261914603.088
a 4 36 0 1 8702297645798.453
a 4 37 0 1 12366255071010.453
a 4 38 0 1 10733529672388.13
a 4 39 0 1 13975194476133.115
a 4 40 0 1 13047003052648.553
a 4 41 0 1 9274502802010.598
a 4 42 0 1 11622344104185.494
a 4 43 0 1 14450966482633.35
a 4 44 0 1 8542257549611.845
a 4 45 0 1 3585593077200.377
a 4 46 0 1 4760959507192.471
a 4 47 0 1 9227113458887.598
a 4 48 0 1 4535059497970.211
a 4 49 0 1 5482397146223.559
a 4 50 0 1 4283729348202.961
a 4 51 0 1 4231016851349.8755
a 4 52 0 1 13371163556339.836
a 4 53 0 1 12455415155545.363
a 4 54 0 1 10999992372916.574
a 4 55 0 1 14530459850917.725
a 4 56 0 1 7710467510069.066
a 4 57 0 1 3362203787533.726
a 4 58 0 1 12134044601802.127
a 4 59 0 1 14600547004185.412
a 4 60 0 1 5358380729117.907
a 4 61 0 1 3454472191989.785
a 4 62 0 1 6720994034397.912
a 4 63 0 1 3395053129169.463
a 4 64 0 1 12295396163138.121
a 4 65 0 1 12270887585655.41
a 4 66 0 1 6098966452858.368
a 4 67 0 1 11369014261032.246
a 4 68 0 1 8960621489647.84
a 4 69 0 1 10465402330130.297
a 4 70 0 1 13389480744923.105
a 4 71 0 1 5777743900766.354
a 4 72 0 1 9555868975673.82
a 4 73 0 1 11283308116717.875
a 4 74 0 1 4232196780842.4707
a 4 75 0 1 12072376017303.865
a 4 76 0 1 14854880708971.639
a 4 77 0 1 14785894838187.574
a 4 78 0 1 15189445539183.664
a 4 79 0 1 4127944234841.8877
a 4 80 0 1 5995966662400.625
a 4 81 0 1 3195708931533.22
a 5 15 0 1 17331611726851.389
a 5 16 0 1 27169273819125.156
a 5 17 0 1 20015719647177.37
a 5 18 0 1 18395934899767.477
a 5 19 0 1 25003861349409.547
a 5 20 0 1 31594461099648.188
a 5 21 0 1 28729520886119.445
a 5 22 0 1 10408874045104.088
a 5 23 0 1 16895470855242.238
a 5 24 0 1 26643485881960.25
a 5 25 0 1 26787184367133.645
a 5 26 0 1 17021007529737.037
a 5 27 0 1 26475605676998.297
a 5 28 0 1 30239185254227.133
a 5 29 0 1 24889585041629.96
a 5 30 0 1 18820782606852.746
a 5 31 0 1 6995528675850.853
a 5 32 0 1 33690634155576.46
a 5 33 0 1 32052869957434.176
a 5 34 0 1 32709308018175.625
a 5 35 0 1 22081585770947.215
a 5 36 0 1 19390658209059.277
a 5 37 0 1 27569078294616.523
a 5 38 0 1 23923576889913.684
a 5 39 0 1 31163124895789.19
a 5 40 0 1 29089531701619.73
a 5 41 0 1 20667333088870.523
a 5 42 0 1 25907886163499.54
a 5 43 0 1 32226218564200.934
a 5 44 0 1 19033621987513.387
a 5 45 0 1 7983720899498.625
a 5 46 0 1 10602565640393.352
a 5 47 0 1 20561592544417.04
a 5 48 0 1 10099168177822.316
a 5 49 0 1 12210438723987.432
a 5 50 0 1 9539139774883.246
a 5 51 0 1 9421687784720.215
a 5 52 0 1 29813648857073.24
a 5 53 0 1 27768200979697.7
a 5 54 0 1 24518411645542.35
a 5 55 0 1 32403857359657.09
a 5 56 0 1 17178227948272.371
a 5 57 0 1 7486083587845.95
a 5 58 0 1 27050502492503.85
a 5 59 0 1 32560480012256.68
a 5 60 0 1 11934019112602.855
a 5 61 0 1 7691623208236.667
a 5 62 0 1 14971673934188.105
a 5 63 0 1 7559259064843.166
a 5 64 0 1 27410831524292.68
a 5 65 0 1 27356098099340.24
a 5 66 0 1 13584851185448.268
a 5 67 0 1 25342267434371.734
a 5 68 0 1 19966991515820.23
a 5 69 0 1 23325071484865.64
a 5 70 0 1 29854568203008.94
a 5 71 0 1 12868774784188.555
a 5 72 0 1 21295178868402.17
a 5 73 0 1 25150917424560.785
a 5 74 0 1 9424316839795.787
a 5 75 0 1 26912789057378.254
a 5 76 0 1 33128861730899.223
a 5 77 0 1 32974688924732.836
a 5 78 0 1 33876605547040.777
a 5 79 0 1 9192030340968.295
a 5 80 0 1 13355234688673.615
a 5 81 0 1 7115208658200.987
a 6 15 0 1 2948343037421.059
a 6 16 0 1 4617523085002.136
a 6 17 0 1 3404073625585.4946
a 6 18 0 1 3129080823109.056
a 6 19 0 1 4250381718007.8037
a 6 20 0 1 5367332128312.396
a 6 21 0 1 4881965647077.523
a 6 22 0 1 1771862219576.697
a 6 23 0 1 2874269257274.294
a 6 24 0 1 4528390763014.649
a 6 25 0 1 4552751625373.129
a 6 26 0 1 2895590928057.807
a 6 27 0 1 4499929583365.445
a 6 28 0 1 5137759970385.255
a 6 29 0 1 4231002174568.0537
a 6 30 0 1 3201215966963.6636
a 6 31 0 1 1191209957848.9368
a 6 32 0 1 5722288771856.314
a 6 33 0 1 5444969208517.565
a 6 34 0 1 5556133075228.214
a 6 35 0 1 3754674661222.0767
a 6 36 0 1 3297966283798.097
a 6 37 0 1 4685292512854.614
a 6 38 0 1 4067164797429.5547
a 6 39 0 1 5294273913258.29
a 6 40 0 1 4942971820764.527
a 6 41 0 1 3514674806501.7856
a 6 42 0 1 4403675808125.811
a 6 43 0 1 5474326116411.347
a 6 44 0 1 3237351888878.517
a 6 45 0 1 1359352629194.8232
a 6 46 0 1 1804800201106.802
a 6 47 0 1 3496727940902.344
a 6 48 0 1 1719193043069.1743
a 6 49 0 1 2078177979885.676
a 6 50 0 1 1623945618845.6567
a 6 51 0 1 1603968554024.8923
a 6 52 0 1 5065665461721.415
a 6 53 0 1 4719043154763.919
a 6 54 0 1 4168053826433.1646
a 6 55 0 1 5504408565956.486
a 6 56 0 1 2922293176043.744
a 6 57 0 1 1274682720503.754
a 6 58 0 1 4597389583632.16
a 6 59 0 1 5530931164370.021
a 6 60 0 1 2031185859493.8296
a 6 61 0 1 1309654990778.1848
a 6 62 0 1 2547459584307.958
a 6 63 0 1 1287133579938.9944
a 6 64 0 1 4658469287877.798
a 6 65 0 1 4649191645967.817
a 6 66 0 1 2311795153005.6753
a 6 67 0 1 4307767817787.799
a 6 68 0 1 3395802234417.0464
a 6 69 0 1 3965641613503.4907
a 6 70 0 1 5072598285000.275
a 6 71 0 1 2190086986717.386
a 6 72 0 1 3621228766246.3857
a 6 73 0 1 4275319594013.53
a 6 74 0 1 1604415727204.322
a 6 75 0 1 4574044541449.943
a 6 76 0 1 5627174681116.431
a 6 77 0 1 5601069785777.625
a 6 78 0 1 5753773469432.972
a 6 79 0 1 1564905496897.865
a 6 80 0 1 2272770122152.27
a 6 81 0 1 1211575410310.4883
a 7 15 0 1 16904542193009.482
a 7 16 0 1 26499053151807.65
a 7 17 0 1 19522362031761.516
a 7 18 0 1 17942585085200.37
a 7 19 0 1 24387207898072.703
a 7 20 0 1 30814690658301.004
a 7 21 0 1 28020687223793.402
a 7 22 0 1 10152587615267.22
a 7 23 0 1 16479168702819.809
a 7 24 0 1 25986274367284.324
a 7 25 0 1 26126417587688.18
a 7 26 0 1 16601606254527.158
a 7 27 0 1 25822547565171.99
a 7 28 0 1 29492977537376.027
a 7 29 0 1 24275757794073.957
a 7 30 0 1 18356940693284.082
a 7 31 0 1 6823351380919.249
a 7 32 0 1 32858932922437.19
a 7 33 0 1 31261744939408.008
a 7 34 0 1 31901921295753.38
a 7 35 0 1 21537181266477.816
a 7 36 0 1 18912740995065.492
a 7 37 0 1 26888964555133.152
a 7 38 0 1 23333637400132.023
a 7 39 0 1 30394037386666.906
a 7 40 0 1 28371786570376.367
a 7 41 0 1 20157876871160.742
a 7 42 0 1 25268872429934.953
a 7 43 0 1 31430799476297.46
a 7 44 0 1 18564523386145.926
a 7 45 0 1 7787199932715.905
a 7 46 0 1 10341504471901.871
a 7 47 0 1 20054748886856.836
a 7 48 0 1 9850515951142.791
a 7 49 0 1 11909733465433.66
a 7 50 0 1 9304290816165.209
a 7 51 0 1 9189733496973.826
a 7 52 0 1 29077977228115.402
a 7 53 0 1 27083159662630.637
a 7 54 0 1 23913763505176.68
a 7 55 0 1 31604037754923.312
a 7 56 0 1 16754945250729.004
a 7 57 0 1 7301822368158.279
a 7 58 0 1 26383220623931.9
a 7 59 0 1 31756780362718.68
a 7 60 0 1 11640130338839.764
a 7 61 0 1 7502298499432.969
a 7 62 0 1 14602853612411.521
a 7 63 0 1 7373195186751.789
a 7 64 0 1 26734633671888.484
a 7 65 0 1 26681254617618.15
a 7 66 0 1 13250246745596.207
a 7 67 0 1 24717244328913.184
a 7 68 0 1 19474837671030.938
a 7 69 0 1 22749929428014.918
a 7 70 0 1 29117883473385.387
a 7 71 0 1 12551833308618.637
a 7 72 0 1 20770209017860.23
a 7 73 0 1 24530626975852.004
a 7 74 0 1 9192297758330.582
a 7 75 0 1 26248914580362.914
a 7 76 0 1 32311080299290.59
a 7 77 0 1 32160727335940.824
a 7 78 0 1 33040295860220.773
a 7 79 0 1 8965735870683.35
a 7 80 0 1 13026294350467.793
a 7 81 0 1 6940083388156.629
a 8 15 0 1 9007598146869.65
a 8 16 0 1 14112753757819.678
a 8 17 0 1 10401040755041.703
a 8 18 0 1 9560186303535.33
a 8 19 0 1 12989512272094.057
a 8 20 0 1 16407346045095.127
a 8 21 0 1 14921917124044.691
a 8 22 0 1 5411778543622.467
a 8 23 0 1 8781138454992.428
a 8 24 0 1 13840042125904.727
a 8 25 0 1 13914576125974.906
a 8 26 0 1 8846322635669.715
a 8 27 0 1 13752963968921.19
a 8 28 0 1 15704714470262.934
a 8 29 0 1 12930227445103.172
a 8 30 0 1 9780745683202.334
a 8 31 0 1 3637799266425.4033
a 8 32 0 1 17493881709310.734
a 8 33 0 1 16644980436043.41
a 8 34 0 1 16985250073856.486
a 8 35 0 1 11473243878743.383
a 8 36 0 1 10076579897769.658
a 8 37 0 1 14320110623294.957
a 8 38 0 1 12429046974473.688
a 8 39 0 1 16183734805681.346
a 8 40 0 1 15108603301667.385
a 8 41 0 1 10739260485658.898
a 8 42 0 1 13458480268410.373
a 8 43 0 1 16734839405618.732
a 8 44 0 1 9891237192886.525
a 8 45 0 1 4151450073385.0425
a 8 46 0 1 5512423602057.436
a 8 47 0 1 10684377551712.504
a 8 48 0 1 5250846248758.035
a 8 49 0 1 6347815330140.871
a 8 50 0 1 4959824990478.34
a 8 51 0 1 4898788253044.3
a 8 52 0 1 15484076856270.785
a 8 53 0 1 14423381316598.207
a 8 54 0 1 12737663099811.504
a 8 55 0 1 16826920494422.822
a 8 56 0 1 8927957136662.965
a 8 57 0 1 3892791010770.9243
a 8 58 0 1 14051151751647.557
a 8 59 0 1 16908106121883.96
a 8 60 0 1 6204208441653.77
a 8 61 0 1 3999626939024.1865
a 8 62 0 1 7782104900878.374
a 8 63 0 1 3930826632351.867
a 8 64 0 1 14238037717626.346
a 8 65 0 1 14209650507986.43
a 8 66 0 1 7061791708276.774
a 8 67 0 1 13165067848186.832
a 8 68 0 1 10375747454574.79
a 8 69 0 1 12118505890663.078
a 8 70 0 1 15505293700262.027
a 8 71 0 1 6689819662530.318
a 8 72 0 1 11065120532060.398
a 8 73 0 1 13065801644037.395
a 8 74 0 1 4900154513105.58
a 8 75 0 1 13979724205114.576
a 8 76 0 1 17202715940840.527
a 8 77 0 1 17122805243992.104
a 8 78 0 1 17590266393355.174
a 8 79 0 1 4779438975596.931
a 8 80 0 1 6942518654144.58
a 8 81 0 1 3700010514212.565
a 9 15 0 1 10783379899589.928
a 9 16 0 1 16896939062403.316
a 9 17 0 1 12451923524426.12
a 9 18 0 1 11445050368894.002
a 9 19 0 1 15551705787739.107
a 9 20 0 1 19645236788507.23
a 9 21 0 1 17866064016123.562
a 9 22 0 1 6478142096294.811
a 9 23 0 1 10512221287247.455
a 9 24 0 1 16570323756410.152
a 9 25 0 1 16659589605775.855
a 9 26 0 1 10590271323681.166
a 9 27 0 1 16466034746680.24
a 9 28 0 1 18803644687772.684
a 9 29 0 1 15480706116477.72
a 9 30 0 1 11709153373862.969
a 9 31 0 1 4354433923599.162
a 9 32 0 1 20946711305677.08
a 9 33 0 1 19929874592113.227
a 9 34 0 1 20337453969102.277
a 9 35 0 1 13735878784988.842
a 9 36 0 1 12063396400098.504
a 9 37 0 1 17145284413475.53
a 9 38 0 1 14880498664091.162
a 9 39 0 1 19377398689467.88
a 9 40 0 1 18089660809667.625
a 9 41 0 1 12856932375534.588
a 9 42 0 1 16113349895164.416
a 9 43 0 1 20037508215283.848
a 9 44 0 1 11841459509992.168
a 9 45 0 1 4969330178342.957
a 9 46 0 1 6598633824224.311
a 9 47 0 1 12791211144045.965
a 9 48 0 1 6285475954137.324
a 9 49 0 1 7598781607276.943
a 9 50 0 1 5937072497297.061
a 9 51 0 1 5864001407940.728
a 9 52 0 1 18539376789193.125
a 9 53 0 1 17268969625591.115
a 9 54 0 1 15250091850165.543
a 9 55 0 1 20147803963451.92
a 9 56 0 1 10688018920846.645
a 9 57 0 1 4659685168459.094
a 9 58 0 1 16823160563797.541
a 9 59 0 1 20245049391062.8
a 9 60 0 1 7426849850674.373
a 9 61 0 1 4787579771285.299
a 9 62 0 1 9316030447323.719
a 9 63 0 1 4705218007456.065
a 9 64 0 1 17046987775747.645
a 9 65 0 1 17012989220137.143
a 9 66 0 1 8453598565515.912
a 9 67 0 1 15761952750019.36
a 9 68 0 1 12421635741141.314
a 9 69 0 1 14508605419623.791
a 9 70 0 1 18564789071436.973
a 9 71 0 1 8008247021500.423
a 9 72 0 1 13247146735370.537
a 9 73 0 1 15643070430429.83
a 9 74 0 1 5865637045427.572
a 9 75 0 1 16737614629234.865
a 9 76 0 1 20597940708459.496
a 9 77 0 1 20502221125588.453
a 9 78 0 1 21062165951134.492
a 9 79 0 1 5721121130021.785
a 9 80 0 1 8310795512743.957
a 9 81 0 1 4428906835678.25
a 10 15 0 1 14181877310783.91
a 10 16 0 1 22227126534312.645
a 10 17 0 1 16377272615609.828
a 10 18 0 1 15052441946488.15
a 10 19 0 1 20456535236259.945
a 10 20 0 1 25844965598095.81
a 10 21 0 1 23502792873818.258
a 10 22 0 1 8518466729375.149
a 10 23 0 1 13825124053208.436
a 10 24 0 1 21797220677405.344
a 10 25 0 1 21914715415497.93
a 10 26 0 1 13927810850063.01
a 10 27 0 1 21659952913479.41
a 10 28 0 1 24737022949819.484
a 10 29 0 1 20363090536428.555
a 10 30 0 1 15399935879101.834
a 10 31 0 1 5725444599867.343
a 10 32 0 1 27558469970489.797
a 10 33 0 1 26219702129005.64
a 10 34 0 1 26756309470247.64
a 10 35 0 1 18066825069122.06
a 10 36 0 1 15866042160184.875
a 10 37 0 1 22554016775268.48
a 10 38 0 1 19573159622576.92
a 10 39 0 1 25492353618550.69
a 10 40 0 1 23797127770640.965
a 10 41 0 1 16910205378685.035
a 10 42 0 1 21195748145657.043
a 10 43 0 1 26361407927253.145
a 10 44 0 1 15574020388681.725
a 10 45 0 1 6534089050941.534
a 10 46 0 1 8676945881504.295
a 10 47 0 1 16823724726382.96
a 10 48 0 1 8265061617462.71
a 10 49 0 1 9992463746783.518
a 10 50 0 1 7806831218075.53
a 10 51 0 1 7710727457767.475
a 10 52 0 1 24389132471279.332
a 10 53 0 1 22716822466366.17
a 10 54 0 1 20059575830554.746
a 10 55 0 1 26506619718105.88
a 10 56 0 1 14056413631537.54
a 10 57 0 1 6126873216076.395
a 10 58 0 1 22130015039334.438
a 10 59 0 1 26634650850276.63
a 10 60 0 1 9766311070154.418
a 10 61 0 1 6295066994139.726
a 10 62 0 1 12251424357116.164
a 10 63 0 1 6186753126298.625
a 10 64 0 1 22424630873694.035
a 10 65 0 1 22379879469362.91
a 10 66 0 1 11116900293507.898
a 10 67 0 1 20733250114540.527
a 10 68 0 1 16337418927245.883
a 10 69 0 1 19083729547076.887
a 10 70 0 1 24422585698669.207
a 10 71 0 1 10531070785423.059
a 10 72 0 1 17423685591522.965
a 10 73 0 1 20576783568567.195
a 10 74 0 1 7712878657466.632
a 10 75 0 1 22017415222856.973
a 10 76 0 1 27099267206022.67
a 10 77 0 1 26973241717547.02
a 10 78 0 1 27710483901746.62
a 10 79 0 1 7522811491341.967
a 10 80 0 1 10929050576900.137
a 10 81 0 1 5823381326678.758
a 11 15 0 1 14274154233947.955
a 11 16 0 1 22371886299757.766
a 11 17 0 1 16483861400019.707
a 11 18 0 1 15150393240685.938
a 11 19 0 1 20589736224569.32
a 11 20 0 1 26013358099302.69
a 11 21 0 1 23655883386672.645
a 11 22 0 1 8573857279005.931
a 11 23 0 1 13915075976733.686
a 11 24 0 1 21939173494666.434
a 11 25 0 1 22057435353506.523
a 11 26 0 1 14018431974868.254
a 11 27 0 1 21801009538769.816
a 11 28 0 1 24898175954925.34
a 11 29 0 1 20495681630647.438
a 11 30 0 1 15500152470737.264
a 11 31 0 1 5762661728360.251
a 11 32 0 1 27738062478111.547
a 11 33 0 1 26390543646693.93
a 11 34 0 1 26930658249460.773
a 11 35 0 1 18184433066516.043
a 11 36 0 1 15969297564351.771
a 11 37 0 1 22700911064878.363
a 11 38 0 1 19700595530013.105
a 11 39 0 1 25658441888129.86
a 11 40 0 1 23952140789203.383
a 11 41 0 1 17020269469554.203
a 11 42 0 1 21333774288193.727
a 11 43 0 1 26533175590583.562
a 11 44 0 1 15675371898059.826
a 11 45 0 1 6576566594991.687
a 11 46 0 1 8733367963791.278
a 11 47 0 1 16933224839318.701
a 11 48 0 1 8318802844968.122
a 11 49 0 1 10057449929932.482
a 11 50 0 1 7857590235747.739
a 11 51 0 1 7760861062613.585
a 11 52 0 1 24548012681031.293
a 11 53 0 1 22864779903047.688
a 11 54 0 1 20190186038638.188
a 11 55 0 1 26679336472726.082
a 11 56 0 1 14147872872392.7
a 11 57 0 1 6166701605538.616
a 11 58 0 1 22274140718403.816
a 11 59 0 1 26808204431433.06
a 11 60 0 1 9829824799844.639
a 11 61 0 1 6335989542864.273
a 11 62 0 1 12331122603140.55
a 11 63 0 1 6226971050598.739
a 11 64 0 1 22570680281384.004
a 11 65 0 1 22525636659052.445
a 11 66 0 1 11189208696558.479
a 11 67 0 1 20868257240687.79
a 11 68 0 1 16443747839120.902
a 11 69 0 1 19207971846844.953
a 11 70 0 1 24581684452974.99
a 11 71 0 1 10599564086393.346
a 11 72 0 1 17537098542929.469
a 11 73 0 1 20710769412127.082
a 11 74 0 1 7763026261486.652
a 11 75 0 1 22160805702920.996
a 11 76 0 1 27275857782886.92
a 11 77 0 1 27149008488102.715
a 11 78 0 1 27891070235308.14
a 11 79 0 1 7571722238856.881
a 11 80 0 1 11000135588355.582
a 11 81 0 1 5861235503324.844
a 12 15 0 1 8687065916007.11
a 12 16 0 1 13610271489844.518
a 12 17 0 1 10030866068492.627
a 12 18 0 1 9219969535999.58
a 12 19 0 1 12527080534925.457
a 12 20 0 1 15823016267215.332
a 12 21 0 1 14390576969118.783
a 12 22 0 1 5219279187717.038
a 12 23 0 1 8468672572441.275
a 12 24 0 1 13347284638537.146
a 12 25 0 1 13419160846398.31
a 12 26 0 1 8531534976177.555
a 12 27 0 1 13263311527496.562
a 12 28 0 1 15145451807664.88
a 12 29 0 1 12469909302475.639
a 12 30 0 1 9432671378644.129
a 12 31 0 1 3508426627385.951
a 12 32 0 1 16870780936193.023
a 12 33 0 1 16052171918031.674
a 12 34 0 1 16380300034861.682
a 12 35 0 1 11064860679924.639
a 12 36 0 1 9717965748679.559
a 12 37 0 1 13810233703723.25
a 12 38 0 1 11986595568548.264
a 12 39 0 1 15607383016578.031
a 12 40 0 1 14570604461364.684
a 12 41 0 1 10357034146442.508
a 12 42 0 1 12979328125992.861
a 12 43 0 1 16138824623773.906
a 12 44 0 1 9539226428944.834
a 12 45 0 1 4003801825313.5186
a 12 46 0 1 5316342065286.729
a 12 47 0 1 10304106896345.602
a 12 48 0 1 5064074663826.294
a 12 49 0 1 6121997258451.356
a 12 50 0 1 4783410677046.192
a 12 51 0 1 4724546115464.839
a 12 52 0 1 14932684864174.654
a 12 53 0 1 13909821484808.848
a 12 54 0 1 12284209977955.902
a 12 55 0 1 16227620094794.277
a 12 56 0 1 8610261713511.558
a 12 57 0 1 3754346069059.5503
a 12 58 0 1 13550866236454.23
a 12 59 0 1 16305908818276.709
a 12 60 0 1 5983502581544.603
a 12 61 0 1 3857380749471.987
a 12 62 0 1 7505219108362.972
a 12 63 0 1 3791028384479.1133
a 12 64 0 1 13731087679608.98
a 12 65 0 1 13703712801390.676
a 12 66 0 1 6810554620046.441
a 12 67 0 1 12696377123672.793
a 12 68 0 1 10006473998030.95
a 12 69 0 1 11687124061663.676
a 12 70 0 1 14953144869438.316
a 12 71 0 1 6451826041329.061
a 12 72 0 1 10671282091881.975
a 12 73 0 1 12600650033414.46
a 12 74 0 1 4725863753375.046
a 12 75 0 1 13481985787878.846
a 12 76 0 1 16590005791652.594
a 12 77 0 1 16512946693042.637
a 12 78 0 1 16963725861159.373
a 12 79 0 1 4609444155897.112
a 12 80 0 1 6695528210512.696
a 12 81 0 1 3568424520423.4106
a 13 15 0 1 18225854897786.035
a 13 16 0 1 28572774012156.023
a 13 17 0 1 21048788179782.824
a 13 18 0 1 19345215377439.266
a 13 19 0 1 26295162503833.562
a 13 20 0 1 33227431752226.895
a 13 21 0 1 30213900458860.695
a 13 22 0 1 10945480919366.662
a 13 23 0 1 17767164805374.176
a 13 24 0 1 28019737402760.523
a 13 25 0 1 28170882638753.465
a 13 26 0 1 17899191694193.418
a 13 27 0 1 27843157628809.348
a 13 28 0 1 31801851222088.734
a 13 29 0 1 26174966699017.395
a 13 30 0 1 19792036382361.51
a 13 31 0 1 7356018898310.73
a 13 32 0 1 35432388859914.51
a 13 33 0 1 33709625708545.145
a 13 34 0 1 34400128451585.137
a 13 35 0 1 23221564910914.32
a 13 36 0 1 20391389734934.543
a 13 37 0 1 28993300458391.37
a 13 38 0 1 25158926003099.95
a 13 39 0 1 32773717558626.19
a 13 40 0 1 30592577691769.37
a 13 41 0 1 21734117484527.82
a 13 42 0 1 27246021453872.824
a 13 43 0 1 33891969405793.55
a 13 44 0 1 20015884753181.453
a 13 45 0 1 8395183405934.526
a 13 46 0 1 11149170686793.916
a 13 47 0 1 21622905338140.812
a 13 48 0 1 10619789310154.646
a 13 49 0 1 12840058724063.555
a 13 50 0 1 10030857590137.35
a 13 51 0 1 9907344347266.686
a 13 52 0 1 31354244962904.617
a 13 53 0 1 29202744472980.715
a 13 54 0 1 25784567702220.758
a 13 55 0 1 34078826302209.703
a 13 56 0 1 18064540646897.547
a 13 57 0 1 7871875767963.923
a 13 58 0 1 28447847123117.723
a 13 59 0 1 34243576806981.64
a 13 60 0 1 12549365187226.855
a 13 61 0 1 8088017653127.914
a 13 62 0 1 15743932745429.523
a 13 63 0 1 7948825764675.918
a 13 64 0 1 28826851476565.527
a 13 65 0 1 28769281194037.816
a 13 66 0 1 14285458126683.348
a 13 67 0 1 26651098938418.99
a 13 68 0 1 20997538965248.062
a 13 69 0 1 24529428027692.06
a 13 70 0 1 31397286435790.637
a 13 71 0 1 13532394193282.225
a 13 72 0 1 22394454371113.766
a 13 73 0 1 26449836304528.2
a 13 74 0 1 9910109076039.344
a 13 75 0 1 28302996634454.168
a 13 76 0 1 34841456993101.098
a 13 77 0 1 34679282364402.13
a 13 78 0 1 35628014183961.91
a 13 79 0 1 9665835650051.654
a 13 80 0 1 14043980538315.83
a 13 81 0 1 7481871486026.272
a 14 15 0 1 7939684739183.555
a 14 16 0 1 12438721340964.363
a 14 17 0 1 9167750604185.105
a 14 18 0 1 8426696149151.946
a 14 19 0 1 11448892653213.19
a 14 20 0 1 14460679336777.203
a 14 21 0 1 13151757635583.29
a 14 22 0 1 4770408694510.039
a 14 23 0 1 7740097349606.178
a 14 24 0 1 12198403777368.275
a 14 25 0 1 12264084429566.805
a 14 26 0 1 7797546730640.532
a 14 27 0 1 12121668827172.908
a 14 28 0 1 13841545122878.676
a 14 29 0 1 11396648525726.697
a 14 30 0 1 8621079250739.134
a 14 31 0 1 3206747870165.215
a 14 32 0 1 15418072884401.992
a 14 33 0 1 14670071704508.412
a 14 34 0 1 14969899105061.14
a 14 35 0 1 10112670533675.777
a 14 36 0 1 8881801630864.486
a 14 37 0 1 12621446108490.42
a 14 38 0 1 10954985146180.348
a 14 39 0 1 14263642274169.182
a 14 40 0 1 13316263609012.145
a 14 41 0 1 9465822641916.443
a 14 42 0 1 11862162760638.434
a 14 43 0 1 14749250892385.115
a 14 44 0 1 8718457041839.725
a 14 45 0 1 3659509337618.6333
a 14 46 0 1 4859119261760.241
a 14 47 0 1 9417454663551.016
a 14 48 0 1 4628559244873.0205
a 14 49 0 1 5595440827527.405
a 14 50 0 1 4372044789211.731
a 14 51 0 1 4318245005594.57
a 14 52 0 1 13647124567264.498
a 14 53 0 1 12712448801926.111
a 14 54 0 1 11226952646398.898
a 14 55 0 1 14830387897556.992
a 14 56 0 1 7869494281375.09
a 14 57 0 1 3431513104338.886
a 14 58 0 1 12384436889686.225
a 14 59 0 1 14901924226497.977
a 14 60 0 1 5468865657249.994
a 14 61 0 1 3525684325121.5366
a 14 62 0 1 6859597002803.136
a 14 63 0 1 3465039880764.7476
a 14 64 0 1 12549122836828.773
a 14 65 0 1 12524107772973.35
a 14 66 0 1 6224732530145.056
a 14 67 0 1 11603598653275.344
a 14 68 0 1 9145459583343.836
a 14 69 0 1 10681318962682.703
a 14 70 0 1 13665820390590.654
a 14 71 0 1 5896881587227.903
a 14 72 0 1 9752999520532.787
a 14 73 0 1 11516121731675.379
a 14 74 0 1 4319449273034.561
a 14 75 0 1 12321493935962.352
a 14 76 0 1 15161516930281.318
a 14 77 0 1 15091104569337.785
a 14 78 0 1 15503000221696.781
a 14 79 0 1 4213046376341.503
a 14 80 0 1 6119607296226.492
a 14 81 0 1 3261584792439.2583
a 15 1 0 1 0
a 16 1 0 1 0
a 17 1 0 1 0
a 18 1 0 1 0
a 19 1 0 1 0
a 20 1 0 1 0
a 21 1 0 1 0
a 22 1 0 1 0
a 23 1 0 1 0
a 24 1 0 1 0
a 25 1 0 1 0
a 26 1 0 1 0
a 27 1 0 1 0
a 28 1 0 1 0
a 29 1 0 1 0
a 30 1 0 1 0
a 31 1 0 1 0
a 32 1 0 1 0
a 33 1 0 1 0
a 34 1 0 1 0
a 35 1 0 1 0
a 36 1 0 1 0
a 37 1 0 1 0
a 38 1 0 1 0
a 39 1 0 1 0
a 40 1 0 1 0
a 41 1 0 1 0
a 42 1 0 1 0
a 43 1 0 1 0
a 44 1 0 1 0
a 45 1 0 1 0
a 46 1 0 1 0
a 47 1 0 1 0
a 48 1 0 1 0
a 49 1 0 1 0
a 50 1 0 1 0
a 51 1 0 1 0
a 52 1 0 1 0
a 53 1 0 1 0
a 54 1 0 1 0
a 55 1 0 1 0
a 56 1 0 1 0
a 57 1 0 1 0
a 58 1 0 1 0
a 59 1 0 1 0
a 60 1 0 1 0
a 61 1 0 1 0
a 62 1 0 1 0
a 63 1 0 1 0
a 64 1 0 1 0
a 65 1 0 1 0
a 66 1 0 1 0
a 67 1 0 1 0
a 68 1 0 1 0
a 69 1 0 1 0
a 70 1 0 1 0
a 71 1 0 1 0
a 72 1 0 1 0
a 73 1 0 1 0
a 74 1 0 1 0
a 75 1 0 1 0
a 76 1 0 1 0
a 77 1 0 1 0
a 78 1 0 1 0
a 79 1 0 1 0
a 80 1 0 1 0
a 81 1 0 1 0
