p min 81 937
n 0 13
n 1 -13
a 0 2 0 1 0
a 0 3 0 1 0
a 0 4 0 1 0
a 0 5 0 1 0
a 0 6 0 1 0
a 0 7 0 1 0
a 0 8 0 1 0
a 0 9 0 1 0
a 0 10 0 1 0
a 0 11 0 1 0
a 0 12 0 1 0
a 0 13 0 1 0
a 0 14 0 1 0
a 2 15 0 1 11922416261891.977
a 2 16 0 1 31395123137776.22
a 2 17 0 1 19895324307626.824
a 2 18 0 1 27016019140599.047
a 2 19 0 1 9594809619952.332
a 2 20 0 1 7408205879985.55
a 2 21 0 1 20678322355616.395
a 2 22 0 1 19149411772718.285
a 2 23 0 1 9595059850618.443
a 2 24 0 1 16209389143189.727
a 2 25 0 1 27380720686701.96
a 2 26 0 1 18833520412637.367
a 2 27 0 1 30911427469289.934
a 2 28 0 1 7350299216904.341
a 2 29 0 1 29210452961030.258
a 2 30 0 1 10591481272075.082
a 2 31 0 1 10861905983039.295
a 2 32 0 1 30808357605170.746
a 2 33 0 1 23504307141163.047
a 2 34 0 1 32648152607209.13
a 2 35 0 1 30468774042854.75
a 2 36 0 1 21565118640980.77
a 2 37 0 1 30715181132816.06
a 2 38 0 1 32213189446756.543
a 2 39 0 1 21072633665569.613
a 2 40 0 1 8097772912839.433
a 2 41 0 1 7245142685538.386
a 2 42 0 1 13359960974197.223
a 2 43 0 1 28565268909546.92
a 2 44 0 1 21636799151173.1
a 2 45 0 1 29429871036235.535
a 2 46 0 1 13596415527821.232
a 2 47 0 1 25094015722629.914
a 2 48 0 1 11497612461950.287
a 2 49 0 1 8888880335479.256
a 2 50 0 1 11093609735212.254
a 2 51 0 1 17911785364260.645
a 2 52 0 1 23952095182244.05
a 2 53 0 1 9812673026416.795
a 2 54 0 1 17013598398636.324
a 2 55 0 1 21651566818502.08
a 2 56 0 1 22492027065532.793
a 2 57 0 1 7378025886395.859
a 2 58 0 1 8113133406855.379
a 2 59 0 1 23611594876273.086
a 2 60 0 1 12646990852770.45
a 2 61 0 1 18496651897589.8
a 2 62 0 1 8617972978197.355
a 2 63 0 1 22027553783631.527
a 2 64 0 1 8893013220438.848
a 2 65 0 1 14576602834637.24
a 2 66 0 1 27391058624350.727
a 2 67 0 1 14075266483160.559
a 2 68 0 1 10749723387204.64
a 2 69 0 1 25668693955077.703
a 2 70 0 1 25278127436119.152
a 2 71 0 1 12555258365367.723
a 2 72 0 1 27304587963744.824
a 2 73 0 1 17549410207182.053
a 2 74 0 1 20351648016829.28
a 2 75 0 1 27199422920369.496
a 2 76 0 1 32863979665838.21
a 2 77 0 1 15696552354527.428
a 2 78 0 1 29436908677202.168
a 2 79 0 1 25538678722068.54
a 2 80 0 1 8872787027626.918
a 3 15 0 1 4421334112131.238
a 3 16 0 1 11626220415788.275
a 3 17 0 1 7373764498586.971
a 3 18 0 1 10007728978597.068
a 3 19 0 1 3558759391208.1885
a 3 20 0 1 2748173058086.175
a 3 21 0 1 7663530783648.888
a 3 22 0 1 7097691944859.701
a 3 23 0 1 3558852138430.2476
a 3 24 0 1 6009257997806.34
a 3 25 0 1 10142559828678.828
a 3 26 0 1 6980767177413.144
a 3 27 0 1 11447499843016.695
a 3 28 0 1 2726703240809.525
a 3 29 0 1 10818907589753.055
a 3 30 0 1 3928145983922.938
a 3 31 0 1 4028361627757.3486
a 3 32 0 1 11409414966601.574
a 3 33 0 1 8709077194639.568
a 3 34 0 1 12089143546397.111
a 3 35 0 1 11283932958122.684
a 3 36 0 1 7991670232699.533
a 3 37 0 1 11374985261899.582
a 3 38 0 1 11928458937727.334
a 3 39 0 1 7809442217649.169
a 3 40 0 1 3003827170129.3643
a 3 41 0 1 2687714322029.678
a 3 42 0 1 4953920420858.922
a 3 43 0 1 10580440311073.1
a 3 44 0 1 8018192184148.174
a 3 45 0 1 10900001888185.371
a 3 46 0 1 5041512256039.314
a 3 47 0 1 9297042772440.639
a 3 48 0 1 4263930155288.864
a 3 49 0 1 3297095498691.059
a 3 50 0 1 4114224697466.082
a 3 51 0 1 6639563389278.679
a 3 52 0 1 8874708662563.51
a 3 53 0 1 3639508515249.3027
a 3 54 0 1 6307032648136.786
a 3 55 0 1 8023656220314.383
a 3 56 0 1 8334607179825.672
a 3 57 0 1 2736983367438.89
a 3 58 0 1 3009521718629.966
a 3 59 0 1 8748762631444.594
a 3 60 0 1 4689790768824.343
a 3 61 0 1 6856071974510.175
a 3 62 0 1 3196672280177.8135
a 3 63 0 1 8162767435651.316
a 3 64 0 1 3298627495986.681
a 3 65 0 1 5404579208087.655
a 3 66 0 1 10146381679729.46
a 3 67 0 1 5218887818227.867
a 3 68 0 1 3986788791779.509
a 3 69 0 1 9509558429835.459
a 3 70 0 1 9365129100344.795
a 3 71 0 1 4655805216847.29
a 3 72 0 1 10114414006667.18
a 3 73 0 1 6505408471881.1045
a 3 74 0 1 7542641495135.278
a 3 75 0 1 10075534594249.143
a 3 76 0 1 12168870868441.188
a 3 77 0 1 5819351731070.5
a 3 78 0 1 10902602873433.9
a 3 79 0 1 9461480427675.918
a 3 80 0 1 3291129946663.324
a 4 15 0 1 5191609109260.291
a 4 16 0 1 13653689449969.47
a 4 17 0 1 8658918364597.508
a 4 18 0 1 11752571051630.15
a 4 19 0 1 4178686231197.074
a 4 20 0 1 3226845355972.084
a 4 21 0 1 8999239593041.074
a 4 22 0 1 8334683670384.266
a 4 23 0 1 4178795142523.1294
a 4 24 0 1 7056402389979.941
a 4 25 0 1 11910941839771.516
a 4 26 0 1 8197361917562.184
a 4 27 0 1 13443753952813.68
a 4 28 0 1 3201634582355.109
a 4 29 0 1 12705385207346.367
a 4 30 0 1 4612453206427.5205
a 4 31 0 1 4730136541949.271
a 4 32 0 1 13399017454466.127
a 4 33 0 1 10227233332150.146
a 4 34 0 1 14197472686737.535
a 4 35 0 1 13251620174214.219
a 4 36 0 1 9384633658025.271
a 4 37 0 1 13358574571971.014
a 4 38 0 1 14008719691027.043
a 4 39 0 1 9170609402405.762
a 4 40 0 1 3527046968840.954
a 4 41 0 1 3155852189325.951
a 4 42 0 1 5817043577232.572
a 4 43 0 1 12425277211918.047
a 4 44 0 1 9415783449776.97
a 4 45 0 1 12800640654691.818
a 4 46 0 1 5919906970222.508
a 4 47 0 1 10917821275578.482
a 4 48 0 1 5006766774609.961
a 4 49 0 1 3871420834262.0244
a 4 50 0 1 4830966011151.969
a 4 51 0 1 7796640392178.892
a 4 52 0 1 10421772142604.701
a 4 53 0 1 4273508569411.5884
a 4 54 0 1 7406110076824.968
a 4 55 0 1 9422200914886.092
a 4 56 0 1 9787412556566.438
a 4 57 0 1 3213705942054.2393
a 4 58 0 1 3533733822394.7534
a 4 59 0 1 10273844874193.994
a 4 60 0 1 5506865347345.783
a 4 61 0 1 8050914923370.24
a 4 62 0 1 3753497204700.2344
a 4 63 0 1 9585586356815.111
a 4 64 0 1 3873219811170.8013
a 4 65 0 1 6346278176392.141
a 4 66 0 1 11915430955203.996
a 4 67 0 1 6128208910297.511
a 4 68 0 1 4681317459667.241
a 4 69 0 1 11167433016690.969
a 4 70 0 1 10997792312694.664
a 4 71 0 1 5466954965469.484
a 4 72 0 1 11877882005388.816
a 4 73 0 1 7639085723032.889
a 4 74 0 1 8857258510872.703
a 4 75 0 1 11832214651872.48
a 4 76 0 1 14291127230011.832
a 4 77 0 1 6833377928715.4
a 4 78 0 1 12803695843958.92
a 4 79 0 1 11110962478784.496
a 4 80 0 1 3864415672597.3086
a 5 15 0 1 10704189102882.943
a 5 16 0 1 28180716512722.324
a 5 17 0 1 17860752190475.168
a 5 18 0 1 24251222064612.434
a 5 19 0 1 8614652195202.987
a 5 20 0 1 6651591959941.157
a 5 21 0 1 18563506612471.92
a 5 22 0 1 17191270588247.428
a 5 23 0 1 8614876838203.844
a 5 24 0 1 14552386620722.703
a 5 25 0 1 24578494652216.562
a 5 26 0 1 16907743910649.928
a 5 27 0 1 27746702632731.76
a 5 28 0 1 6599603907234.717
a 5 29 0 1 26220400736698.344
a 5 30 0 1 9509397382501.236
a 5 31 0 1 9752162989646.414
a 5 32 0 1 27654218732344.59
a 5 33 0 1 21099769285697.543
a 5 34 0 1 29305020589393.836
a 5 35 0 1 27349511076043.24
a 5 36 0 1 19359406083279.61
a 5 37 0 1 27570611912272.723
a 5 38 0 1 28914745552202.547
a 5 39 0 1 18917402983036.23
a 5 40 0 1 7270673253986.925
a 5 41 0 1 6505195189927.862
a 5 42 0 1 11994643202395.68
a 5 43 0 1 25641454404256.688
a 5 44 0 1 19423738597709.324
a 5 45 0 1 26417290277593.668
a 5 46 0 1 12206899369388.922
a 5 47 0 1 22526425359313.37
a 5 48 0 1 10322843168981.73
a 5 49 0 1 7980903367958.219
a 5 50 0 1 9960166796967.336
a 5 51 0 1 16080433246949.78
a 5 52 0 1 21501634225052.61
a 5 53 0 1 8810237191957.549
a 5 54 0 1 15274241050699.945
a 5 55 0 1 19436992412444.69
a 5 56 0 1 20191288383429.035
a 5 57 0 1 6624496656878.48
a 5 58 0 1 7284463524069.542
a 5 59 0 1 21196054466507.19
a 5 60 0 1 11354630161441.148
a 5 61 0 1 16605386966738.58
a 5 62 0 1 7737693179728.619
a 5 63 0 1 19774434913414.21
a 5 64 0 1 7984613700837.042
a 5 65 0 1 13086763237335.197
a 5 66 0 1 24587771576453.38
a 5 67 0 1 12636741849289.055
a 5 68 0 1 9651454644078.99
a 5 69 0 1 23042147073427.883
a 5 70 0 1 22691649725081.875
a 5 71 0 1 11272283730618.002
a 5 72 0 1 24510175588162.58
a 5 73 0 1 15755175601166.193
a 5 74 0 1 18270312267103.59
a 5 75 0 1 24415803648653.535
a 5 76 0 1 29498672081232.754
a 5 77 0 1 14092059593681.465
a 5 78 0 1 26423605318815.586
a 5 79 0 1 22925470778965.777
a 5 80 0 1 7966455459522.021
a 6 15 0 1 13244896150087.367
a 6 16 0 1 34886283955929.04
a 6 17 0 1 22104442926093.645
a 6 18 0 1 30018535549582.15
a 6 19 0 1 10658785552631.826
a 6 20 0 1 8229477820409.37
a 6 21 0 1 22974612981791.254
a 6 22 0 1 21275503396306.59
a 6 23 0 1 10659063565638.285
a 6 24 0 1 18008383216505.656
a 6 25 0 1 30423911588174.523
a 6 26 0 1 20924455169584.92
a 6 27 0 1 34348587964392.64
a 6 28 0 1 8165145601725.281
a 6 29 0 1 32457767853774.465
a 6 30 0 1 11766128697681.191
a 6 31 0 1 12066586526881.787
a 6 32 0 1 34234012129954.387
a 6 33 0 1 26115362989253.305
a 6 34 0 1 36279234128308.24
a 6 35 0 1 33856522074993.42
a 6 36 0 1 23960158338566.465
a 6 37 0 1 34130434374853.363
a 6 38 0 1 35795695315908.94
a 6 39 0 1 23412830003528.734
a 6 40 0 1 8995569293063.043
a 6 41 0 1 8048320723211.203
a 6 42 0 1 14842171465963.264
a 6 43 0 1 31740596490209.99
a 6 44 0 1 24039821800476.92
a 6 45 0 1 32701670516314.8
a 6 46 0 1 15104904935892.777
a 6 47 0 1 27882237341034.83
a 6 48 0 1 12772902163086.137
a 6 49 0 1 9874486190294.422
a 6 50 0 1 12324024736303.232
a 6 51 0 1 19900152626276.504
a 6 52 0 1 26613047673303.58
a 6 53 0 1 10900838336305.719
a 6 54 0 1 18902041783983.152
a 6 55 0 1 24056234139126.492
a 6 56 0 1 24990306471546.12
a 6 57 0 1 8195948921800.215
a 6 58 0 1 9012634565774.264
a 6 59 0 1 26234605185143.18
a 6 60 0 1 14049973406409.078
a 6 61 0 1 20550098283836.957
a 6 62 0 1 9573507296757.328
a 6 63 0 1 24474096769696.344
a 6 64 0 1 9879077854127.033
a 6 65 0 1 16194044551673.3
a 6 66 0 1 30435402552326.14
a 6 67 0 1 15636978954695.371
a 6 68 0 1 11941944783542.467
a 6 69 0 1 28520978581143.734
a 6 70 0 1 28086872122861.79
a 6 71 0 1 13948048307136.008
a 6 72 0 1 30339287609130.85
a 6 73 0 1 19497460236690.266
a 6 74 0 1 22611567517065.69
a 6 75 0 1 30222393540939.312
a 6 76 0 1 36519166247555.8
a 6 77 0 1 17438515040935.87
a 6 78 0 1 32709493501554.43
a 6 79 0 1 28376468905263.258
a 6 80 0 1 9856606418355.814
a 7 15 0 1 7500863760924.663
a 7 16 0 1 19735483587816.816
a 7 17 0 1 12512673477672.69
a 7 18 0 1 16985888307929.559
a 7 19 0 1 6037074291947.22
a 7 20 0 1 4661693772537.456
a 7 21 0 1 13004685661167.293
a 7 22 0 1 12043934043815.932
a 7 23 0 1 6037231673108.548
a 7 24 0 1 10196100988732.715
a 7 25 0 1 17214920115034.197
a 7 26 0 1 11845415509336.498
a 7 27 0 1 19431826635966.344
a 7 28 0 1 4625266810456.972
a 7 29 0 1 18363880152846.15
a 7 30 0 1 6663898603686.542
a 7 31 0 1 6833964248405.539
a 7 32 0 1 19367119280140.227
a 7 33 0 1 14780174421470.865
a 7 34 0 1 20522058320068.25
a 7 35 0 1 19153924362484.08
a 7 36 0 1 13561881691698.875
a 7 37 0 1 19308622512880.9
a 7 38 0 1 20249024808591.816
a 7 39 0 1 13252446426986.094
a 7 40 0 1 5095461304343.585
a 7 41 0 1 4559116225160.234
a 7 42 0 1 8404764032916.375
a 7 43 0 1 17958764558010.945
a 7 44 0 1 13606918481195.799
a 7 45 0 1 18501649199483.25
a 7 46 0 1 8553431439277.876
a 7 47 0 1 15778755982044.146
a 7 48 0 1 7233734099743.826
a 7 49 0 1 5593070669658.9795
a 7 50 0 1 6979675793974.097
a 7 51 0 1 11266130345474.59
a 7 52 0 1 15061467952541.271
a 7 53 0 1 6174096974661.86
a 7 54 0 1 10701600563822.092
a 7 55 0 1 13616196956789.451
a 7 56 0 1 14144235969919.97
a 7 57 0 1 4642708665784.256
a 7 58 0 1 5105123429509.865
a 7 59 0 1 14847571901899.412
a 7 60 0 1 7956476112307.789
a 7 61 0 1 11633708195611.893
a 7 62 0 1 5422672770478.353
a 7 63 0 1 13852424349082.473
a 7 64 0 1 5595670180607.04
a 7 65 0 1 9169678088886.068
a 7 66 0 1 17221412213944.889
a 7 67 0 1 8854492898479.018
a 7 68 0 1 6763414939403.428
a 7 69 0 1 16139708875122.354
a 7 70 0 1 15894397680670.256
a 7 71 0 1 7898796303400.797
a 7 72 0 1 17167109515368.225
a 7 73 0 1 11038375002502.682
a 7 74 0 1 12799417439784.107
a 7 75 0 1 17101066391809.738
a 7 76 0 1 20657532726485.71
a 7 77 0 1 9873730440010.807
a 7 78 0 1 18506067977102.496
a 7 79 0 1 16058048428719.336
a 7 80 0 1 5582948257225.251
a 8 15 0 1 6797193237461.895
a 8 16 0 1 17881694181244.51
a 8 17 0 1 11338221293258.53
a 8 18 0 1 15390831157421.742
a 8 19 0 1 5470811189673.026
a 8 20 0 1 4224500817236.378
a 8 21 0 1 11783990036430.12
a 8 22 0 1 10913533516246.988
a 8 23 0 1 5470953799558.56
a 8 24 0 1 9239315981335.494
a 8 25 0 1 15598317124765.826
a 8 26 0 1 10733670253917.896
a 8 27 0 1 17606618123595.17
a 8 28 0 1 4191491775378.5337
a 8 29 0 1 16639174854175.396
a 8 30 0 1 6038799996907.58
a 8 31 0 1 6192901471647.242
a 8 32 0 1 17548000939691.19
a 8 33 0 1 13392563965973.486
a 8 34 0 1 18594226263106.54
a 8 35 0 1 17354871068020.383
a 8 36 0 1 12288810369108.88
a 8 37 0 1 17495009741116.229
a 8 38 0 1 18346895595558.387
a 8 39 0 1 12008462366112.766
a 8 40 0 1 4617566202536.46
a 8 41 0 1 4131547993798.0054
a 8 42 0 1 7616222502083.374
a 8 43 0 1 16272178364560.572
a 8 44 0 1 12329613493381.16
a 8 45 0 1 16763979872248.287
a 8 46 0 1 7750929366082.34
a 8 47 0 1 14297241070382.537
a 8 48 0 1 6555142442488.2295
a 8 49 0 1 5068478348972.189
a 8 50 0 1 6324934531381.98
a 8 51 0 1 10208817517076.332
a 8 52 0 1 13647407239090.281
a 8 53 0 1 5594973192638.208
a 8 54 0 1 9697327346874.67
a 8 55 0 1 12338019744679.459
a 8 56 0 1 12816417600115.867
a 8 57 0 1 4207297075018.0845
a 8 58 0 1 4626321649819.8
a 8 59 0 1 13453624148263.363
a 8 60 0 1 7210028224898.432
a 8 61 0 1 10541856742890.734
a 8 62 0 1 4914071667356.077
a 8 63 0 1 12552039981798.03
a 8 64 0 1 5070833900953.816
a 8 65 0 1 8309303048238.537
a 8 66 0 1 15604198473752.217
a 8 67 0 1 8023718465222.111
a 8 68 0 1 6128974739799.795
a 8 69 0 1 14624245918401.783
a 8 70 0 1 14402006809223.877
a 8 71 0 1 7157764187970.81
a 8 72 0 1 15555004323911.244
a 8 73 0 1 10002461362704.793
a 8 74 0 1 11598015224800.41
a 8 75 0 1 15495174156419.84
a 8 76 0 1 18716946828950.355
a 8 77 0 1 8947227314008.742
a 8 78 0 1 16767982837969.486
a 8 79 0 1 14550265956970.049
a 8 80 0 1 5059305903685.55
a 9 15 0 1 9899144781090.803
a 9 16 0 1 26057341963596.02
a 9 17 0 1 16516450256351.223
a 9 18 0 1 22424693889097.47
a 9 19 0 1 7966902651419.022
a 9 20 0 1 6151552622237.961
a 9 21 0 1 17166206777036.697
a 9 22 0 1 15897449926650.219
a 9 23 0 1 7967110387653.836
a 9 24 0 1 13457477050077.004
a 9 25 0 1 22727252753426.367
a 9 26 0 1 15635299991173.111
a 9 27 0 1 25656127056512.633
a 9 28 0 1 6103475564467.565
a 9 29 0 1 24245145645775.918
a 9 30 0 1 8794302369391.212
a 9 31 0 1 9018793339227.049
a 9 32 0 1 25570631888773.0
a 9 33 0 1 19511132408551.973
a 9 34 0 1 27096666879304.01
a 9 35 0 1 25288949108348.574
a 9 36 0 1 17902074279637.76
a 9 37 0 1 25493342868448.99
a 9 38 0 1 26735892612247.793
a 9 39 0 1 17493411213652.068
a 9 40 0 1 6724057892016.931
a 9 41 0 1 6016168983924.462
a 9 42 0 1 11092421968830.844
a 9 43 0 1 23709932086047.04
a 9 44 0 1 17961553968744.26
a 9 45 0 1 24427161205977.918
a 9 46 0 1 11288691748730.285
a 9 47 0 1 20830115360157.01
a 9 48 0 1 9546510775090.725
a 9 49 0 1 7380846919372.199
a 9 50 0 1 9211138517609.22
a 9 51 0 1 14870357764056.012
a 9 52 0 1 19882670954818.81
a 9 53 0 1 8147767498616.046
a 9 54 0 1 14124931379966.518
a 9 55 0 1 17973807993878.344
a 9 56 0 1 18671199677263.523
a 9 57 0 1 6126495669688.913
a 9 58 0 1 6736810593627.263
a 9 59 0 1 19600151747084.043
a 9 60 0 1 10500608083147.633
a 9 61 0 1 15355738092098.34
a 9 62 0 1 7155937930628.796
a 9 63 0 1 18285794872855.07
a 9 64 0 1 7384278047964.455
a 9 65 0 1 12102279663168.887
a 9 66 0 1 22735829113180.652
a 9 67 0 1 11686157793547.914
a 9 68 0 1 8925666118288.277
a 9 69 0 1 21306906283926.47
a 9 70 0 1 20982867737637.375
a 9 71 0 1 10424462655952.512
a 9 72 0 1 22664092890123.402
a 9 73 0 1 14569617295410.02
a 9 74 0 1 16895124512257.098
a 9 75 0 1 22576847443885.586
a 9 76 0 1 27275679404668.89
a 9 77 0 1 13031836635795.111
a 9 78 0 1 24432999168364.82
a 9 79 0 1 21199038021322.996
a 9 80 0 1 7367486220713.646
a 10 15 0 1 3424313725968.337
a 10 16 0 1 9002797636495.057
a 10 17 0 1 5710526842566.772
a 10 18 0 1 7749839973240.22
a 10 19 0 1 2756313193770.2954
a 10 20 0 1 2128546560092.8586
a 10 21 0 1 5934888331873.78
a 10 22 0 1 5496765051548.332
a 10 23 0 1 2756385021265.453
a 10 24 0 1 4653965447000.447
a 10 25 0 1 7854223512142.706
a 10 26 0 1 5406229782448.87
a 10 27 0 1 8864446006872.281
a 10 28 0 1 2111918687699.355
a 10 29 0 1 8377828338827.747
a 10 30 0 1 3042379542512.9556
a 10 31 0 1 3119989218301.6094
a 10 32 0 1 8834963478131.53
a 10 33 0 1 6744410424811.463
a 10 34 0 1 9361150901686.875
a 10 35 0 1 8737824062031.13
a 10 36 0 1 6188957480359.817
a 10 37 0 1 8808310466015.064
a 10 38 0 1 9236764372326.371
a 10 39 0 1 6047863987372.449
a 10 40 0 1 2326543278430.4946
a 10 41 0 1 2081722632673.4897
a 10 42 0 1 3836747615056.195
a 10 43 0 1 8193217397910.992
a 10 44 0 1 6209492492326.573
a 10 45 0 1 8440607477438.49
a 10 46 0 1 3904577483596.9893
a 10 47 0 1 7199627823254.058
a 10 48 0 1 3302418197626.222
a 10 49 0 1 2553667882709.3467
a 10 50 0 1 3186483555358.2686
a 10 51 0 1 5142031313851.567
a 10 52 0 1 6872647785100.52
a 10 53 0 1 2818848707185.5103
a 10 54 0 1 4884543989418.477
a 10 55 0 1 6213723099376.092
a 10 56 0 1 6454479284669.215
a 10 57 0 1 2119880408157.073
a 10 58 0 1 2330953511676.3813
a 10 59 0 1 6775136303061.67
a 10 60 0 1 3632207509075.187
a 10 61 0 1 5309677230974.581
a 10 62 0 1 2475894501370.2544
a 10 63 0 1 6321431514763.289
a 10 64 0 1 2554854344328.824
a 10 65 0 1 4185728064562.881
a 10 66 0 1 7857182307548.671
a 10 67 0 1 4041933645100.5225
a 10 68 0 1 3087794150898.6587
a 10 69 0 1 7364159243786.377
a 10 70 0 1 7252341032459.982
a 10 71 0 1 3605889137866.724
a 10 72 0 1 7832433600144.573
a 10 73 0 1 5038152157953.233
a 10 74 0 1 5841286062800.946
a 10 75 0 1 7802333912486.293
a 10 76 0 1 9422867720494.293
a 10 77 0 1 4506911744064.554
a 10 78 0 1 8442621025384.395
a 10 79 0 1 7326937006728.499
a 10 80 0 1 2549047835456.5503
a 11 15 0 1 3667502226916.7896
a 11 16 0 1 9642599938478.516
a 11 17 0 1 6116192385761.333
a 11 18 0 1 8300513147442.254
a 11 19 0 1 2952045393166.2793
a 11 20 0 1 2279687892283.0947
a 11 21 0 1 6356503778271.352
a 11 22 0 1 5887235047199.178
a 11 23 0 1 2952122323032.8027
a 11 24 0 1 4984531692012.496
a 11 25 0 1 8412320956403.927
a 11 26 0 1 5790264196897.316
a 11 27 0 1 9494405314593.482
a 11 28 0 1 2261879019982.449
a 11 29 0 1 8973170014706.586
a 11 30 0 1 3258433599309.2134
a 11 31 0 1 3341556833401.1006
a 11 32 0 1 9462825301667.664
a 11 33 0 1 7223582296551.874
a 11 34 0 1 10026449724453.188
a 11 35 0 1 9358775175524.846
a 11 36 0 1 6628635819029.841
a 11 37 0 1 9434276119623.48
a 11 38 0 1 9893212947183.518
a 11 39 0 1 6477511229844.339
a 11 40 0 1 2491747762488.05
a 11 41 0 1 2229538292957.21
a 11 42 0 1 4109240276444.4683
a 11 43 0 1 8775427070937.998
a 11 44 0 1 6650630804675.6875
a 11 45 0 1 9040414982779.912
a 11 46 0 1 4181889863052.5903
a 11 47 0 1 7711170365336.105
a 11 48 0 1 3536946375389.5474
a 11 49 0 1 2735005236388.444
a 11 50 0 1 3412775155129.4756
a 11 51 0 1 5507286347163.35
a 11 52 0 1 7360938293232.113
a 11 53 0 1 3019023242297.5522
a 11 54 0 1 5231497850991.183
a 11 55 0 1 6655162195276.279
a 11 56 0 1 6913035944798.529
a 11 57 0 1 2270406223555.4023
a 11 58 0 1 2496471250057.243
a 11 59 0 1 7256492988509.315
a 11 60 0 1 3890166860045.93
a 11 61 0 1 5686848491910.029
a 11 62 0 1 2651707438477.125
a 11 63 0 1 6770528463635.328
a 11 64 0 1 2736275975841.7314
a 11 65 0 1 4483018734962.212
a 11 66 0 1 8415490198659.081
a 11 67 0 1 4329006248741.9556
a 11 68 0 1 3307074546350.986
a 11 69 0 1 7887402567619.129
a 11 70 0 1 7767632264302.878
a 11 71 0 1 3861978527109.4116
a 11 72 0 1 8388981223037.935
a 11 73 0 1 5396023735450.897
a 11 74 0 1 6256247197850.146
a 11 75 0 1 8356740689626.839
a 11 76 0 1 10092557868311.322
a 11 77 0 1 4827027114263.104
a 11 78 0 1 9042571766739.662
a 11 79 0 1 7847533200254.734
a 11 80 0 1 2730057013925.895
a 12 15 0 1 9814596902216.791
a 12 16 0 1 25834376961346.137
a 12 17 0 1 16375277805033.871
a 12 18 0 1 22232892005897.812
a 12 19 0 1 7898872923879.696
a 12 20 0 1 6099035133850.557
a 12 21 0 1 17019469717396.74
a 12 22 0 1 15761577915544.338
a 12 23 0 1 7899078884631.827
a 12 24 0 1 13342490998125.588
a 12 25 0 1 22532856318189.668
a 12 26 0 1 15501672518955.111
a 12 27 0 1 25436605195412.594
a 12 28 0 1 6051368809101.435
a 12 29 0 1 24037730023225.707
a 12 30 0 1 8719200344869.19
a 12 31 0 1 8941772221174.72
a 12 32 0 1 25351843688292.33
a 12 33 0 1 19344306202479.074
a 12 34 0 1 26864781144603.47
a 12 35 0 1 25072578014090.113
a 12 36 0 1 17749034148023.87
a 12 37 0 1 25275217896760.35
a 12 38 0 1 26507103714668.855
a 12 39 0 1 17343871615642.104
a 12 40 0 1 6666649017027.513
a 12 41 0 1 5964808096608.979
a 12 42 0 1 10997669485645.852
a 12 43 0 1 23507107582675.688
a 12 44 0 1 17808004317690.63
a 12 45 0 1 24218184106653.156
a 12 46 0 1 11192260549857.92
a 12 47 0 1 20651984605754.285
a 12 48 0 1 9464978000837.707
a 12 49 0 1 7317825764392.462
a 12 50 0 1 9132473030737.33
a 12 51 0 1 14743278991915.922
a 12 52 0 1 19712660764262.72
a 12 53 0 1 8078191921484.248
a 12 54 0 1 14004233131921.523
a 12 55 0 1 17820153370601.773
a 12 56 0 1 18511570471421.883
a 12 57 0 1 6074192248994.43
a 12 58 0 1 6679292754468.08
a 12 59 0 1 19432562694045.812
a 12 60 0 1 10410916989895.326
a 12 61 0 1 15224504092741.998
a 12 62 0 1 7094838723778.894
a 12 63 0 1 18129467563035.02
a 12 64 0 1 7321227571688.001
a 12 65 0 1 11998888960704.273
a 12 66 0 1 22541359129935.426
a 12 67 0 1 11586326796166.441
a 12 68 0 1 8849441123693.812
a 12 69 0 1 21124688281146.664
a 12 70 0 1 20803427575307.457
a 12 71 0 1 10335422734164.732
a 12 72 0 1 22470238088430.91
a 12 73 0 1 14445112860919.463
a 12 74 0 1 16750709140480.092
a 12 75 0 1 22383740811149.047
a 12 76 0 1 27042256956182.207
a 12 77 0 1 12920492837795.818
a 12 78 0 1 24223971985200.805
a 12 79 0 1 21017744748702.652
a 12 80 0 1 7304579241649.344
a 13 15 0 1 5724739274247.335
a 13 16 0 1 15057304675641.717
a 13 17 0 1 9548500697117.453
a 13 18 0 1 12960457328340.652
a 13 19 0 1 4607743410706.8
a 13 20 0 1 3558129825422.4785
a 13 21 0 1 9923825118696.424
a 13 22 0 1 9190920178201.252
a 13 23 0 1 4607863510713.686
a 13 24 0 1 7781201169523.239
a 13 25 0 1 13135129515012.512
a 13 26 0 1 9039476436479.98
a 13 27 0 1 14825750704308.568
a 13 28 0 1 3530329732536.2427
a 13 29 0 1 14011356304170.9
a 13 30 0 1 5086074592927.054
a 13 31 0 1 5215849286258.266
a 13 32 0 1 14776407535953.19
a 13 33 0 1 11278147334783.408
a 13 34 0 1 15657090300019.154
a 13 35 0 1 14613832624710.621
a 13 36 0 1 10348861923711.434
a 13 37 0 1 14731800156784.209
a 13 38 0 1 15448897398327.377
a 13 39 0 1 10112822039644.021
a 13 40 0 1 3889165475613.1104
a 13 41 0 1 3479845216288.2383
a 13 42 0 1 6414447512922.385
a 13 43 0 1 13702410902094.865
a 13 44 0 1 10383216041946.457
a 13 45 0 1 14116418865374.125
a 13 46 0 1 6527882804045.873
a 13 47 0 1 12039796046274.018
a 13 48 0 1 5520903276294.433
a 13 49 0 1 4268913253521.6675
a 13 50 0 1 5327038752540.337
a 13 51 0 1 8597548050265.459
a 13 52 0 1 11492702721989.188
a 13 53 0 1 4712307155513.672
a 13 54 0 1 8166862887449.931
a 13 55 0 1 10390293664004.727
a 13 56 0 1 10793075962642.088
a 13 57 0 1 3543640901557.3555
a 13 58 0 1 3896539169998.0317
a 13 59 0 1 11329554762963.549
a 13 60 0 1 6072392046649.664
a 13 61 0 1 8877969568150.64
a 13 62 0 1 4138876219035.498
a 13 63 0 1 10570486733023.332
a 13 64 0 1 4270897028566.657
a 13 65 0 1 6998077723542.095
a 13 66 0 1 13140080712966.574
a 13 67 0 1 6757594050462.363
a 13 68 0 1 5162014250357.342
a 13 69 0 1 12315095637704.518
a 13 70 0 1 12127996823594.383
a 13 71 0 1 6028380228862.422
a 13 72 0 1 13098666716501.83
a 13 73 0 1 8423792920873.09
a 13 74 0 1 9767240432692.105
a 13 75 0 1 13048298709905.1
a 13 76 0 1 15760390787198.06
a 13 77 0 1 7535248858395.888
a 13 78 0 1 14119788608442.682
a 13 79 0 1 12252813504980.395
a 13 80 0 1 4261188494308.4634
a 14 15 0 1 12466410642903.195
a 14 16 0 1 32830980700242.883
a 14 17 0 1 20803977751831.473
a 14 18 0 1 28250946117329.74
a 14 19 0 1 10032477575495.525
a 14 20 0 1 7746042772969.199
a 14 21 0 1 21622825761562.016
a 14 22 0 1 20023919520312.742
a 14 23 0 1 10032739233641.232
a 14 24 0 1 16949370954794.156
a 14 25 0 1 28632373523035.227
a 14 26 0 1 19693569425210.812
a 14 27 0 1 32325080752638.027
a 14 28 0 1 7685493051287.202
a 14 29 0 1 30546042740544.06
a 14 30 0 1 11074670473593.959
a 14 31 0 1 11357448247567.057
a 14 32 0 1 32217279751804.41
a 14 33 0 1 24578255927928.96
a 14 34 0 1 34141543112542.234
a 14 35 0 1 31862109377178.0
a 14 36 0 1 22550232627227.035
a 14 37 0 1 32119826372557.3
a 14 38 0 1 33686606618310.473
a 14 39 0 1 22035193373584.09
a 14 40 0 1 8467086841311.984
a 14 41 0 1 7575536909582.548
a 14 42 0 1 13969653006410.682
a 14 43 0 1 29871257363105.168
a 14 44 0 1 22625196104557.68
a 14 45 0 1 30775528860936.156
a 14 46 0 1 14216916016731.094
a 14 47 0 1 26240820480490.137
a 14 48 0 1 12022197112705.14
a 14 49 0 1 9294312805579.836
a 14 50 0 1 11599736920286.428
a 14 51 0 1 18729651719032.92
a 14 52 0 1 25046563168245.246
a 14 53 0 1 10260290581580.69
a 14 54 0 1 17790368765348.117
a 14 55 0 1 22640640138043.41
a 14 56 0 1 23519597826381.78
a 14 57 0 1 7714485256420.209
a 14 58 0 1 8483148563525.615
a 14 59 0 1 24690459757163.805
a 14 60 0 1 13224096386665.043
a 14 61 0 1 19341283236773.016
a 14 62 0 1 9011036216059.947
a 14 63 0 1 23033848294424.242
a 14 64 0 1 9298634398248.504
a 14 65 0 1 15241914742191.43
a 14 66 0 1 28643185598246.188
a 14 67 0 1 14717657375400.74
a 14 68 0 1 11240141027321.207
a 14 69 0 1 26841842945840.594
a 14 70 0 1 26433371792861.82
a 14 71 0 1 13128171646498.787
a 14 72 0 1 28552749097081.82
a 14 73 0 1 18350695241582.74
a 14 74 0 1 21281193651148.184
a 14 75 0 1 28442760936041.062
a 14 76 0 1 34367281639778.76
a 14 77 0 1 16413078165150.174
a 14 78 0 1 30782889434364.215
a 14 79 0 1 26705867273106.047
a 14 80 0 1 9277484678374.758
a 15 1 0 1 0
a 16 1 0 1 0
a 17 1 0 1 0
a 18 1 0 1 0
a 19 1 0 1 0
a 20 1 0 1 0
a 21 1 0 1 0
a 22 1 0 1 0
a 23 1 0 1 0
a 24 1 0 1 0
a 25 1 0 1 0
a 26 1 0 1 0
a 27 1 0 1 0
a 28 1 0 1 0
a 29 1 0 1 0
a 30 1 0 1 0
a 31 1 0 1 0
a 32 1 0 1 0
a 33 1 0 1 0
a 34 1 0 1 0
a 35 1 0 1 0
a 36 1 0 1 0
a 37 1 0 1 0
a 38 1 0 1 0
a 39 1 0 1 0
a 40 1 0 1 0
a 41 1 0 1 0
a 42 1 0 1 0
a 43 1 0 1 0
a 44 1 0 1 0
a 45 1 0 1 0
a 46 1 0 1 0
a 47 1 0 1 0
a 48 1 0 1 0
a 49 1 0 1 0
a 50 1 0 1 0
a 51 1 0 1 0
a 52 1 0 1 0
a 53 1 0 1 0
a 54 1 0 1 0
a 55 1 0 1 0
a 56 1 0 1 0
a 57 1 0 1 0
a 58 1 0 1 0
a 59 1 0 1 0
a 60 1 0 1 0
a 61 1 0 1 0
a 62 1 0 1 0
a 63 1 0 1 0
a 64 1 0 1 0
a 65 1 0 1 0
a 66 1 0 1 0
a 67 1 0 1 0
a 68 1 0 1 0
a 69 1 0 1 0
a 70 1 0 1 0
a 71 1 0 1 0
a 72 1 0 1 0
a 73 1 0 1 0
a 74 1 0 1 0
a 75 1 0 1 0
a 76 1 0 1 0
a 77 1 0 1 0
a 78 1 0 1 0
a 79 1 0 1 0
a 80 1 0 1 0
