p min 81 937
n 0 13
n 1 -13
a 0 2 0 1 0
a 0 3 0 1 0
a 0 4 0 1 0
a 0 5 0 1 0
a 0 6 0 1 0
a 0 7 0 1 0
a 0 8 0 1 0
a 0 9 0 1 0
a 0 10 0 1 0
a 0 11 0 1 0
a 0 12 0 1 0
a 0 13 0 1 0
a 0 14 0 1 0
a 2 15 0 1 9263268712545.857
a 2 16 0 1 7431405078711.128
a 2 17 0 1 10233153057098.367
a 2 18 0 1 8735627369957.3
a 2 19 0 1 5847973626205.169
a 2 20 0 1 6324180554016.324
a 2 21 0 1 6179008571319.095
a 2 22 0 1 5142521732279.399
a 2 23 0 1 8386101093623.427
a 2 24 0 1 8871020937540.193
a 2 25 0 1 3065716793603.758
a 2 26 0 1 5233256417956.244
a 2 27 0 1 2514712917055.532
a 2 28 0 1 5834630306960.646
a 2 29 0 1 8456766160810.433
a 2 30 0 1 6367159568368.375
a 2 31 0 1 5081747149278.349
a 2 32 0 1 7117025076085.134
a 2 33 0 1 3535756607543.614
a 2 34 0 1 9160484511897.22
a 2 35 0 1 7438138564844.797
a 2 36 0 1 2695335875080.3174
a 2 37 0 1 10429595853545.055
a 2 38 0 1 8863185088602.594
a 2 39 0 1 9256505106781.918
a 2 40 0 1 6592072801305.016
a 2 41 0 1 9573687459987.484
a 2 42 0 1 7065368727990.575
a 2 43 0 1 6325840154521.41
a 2 44 0 1 7273610539207.273
a 2 45 0 1 2924328246786.097
a 2 46 0 1 8615119299411.174
a 2 47 0 1 9100826364605.68
a 2 48 0 1 2380882791787.2397
a 2 49 0 1 4230816331482.6016
a 2 50 0 1 2320329777197.1265
a 2 51 0 1 5359956597129.018
a 2 52 0 1 7241345043938.723
a 2 53 0 1 4780605264754.268
a 2 54 0 1 3462307218260.548
a 2 55 0 1 8395807098161.658
a 2 56 0 1 9307206681937.486
a 2 57 0 1 8218549754589.019
a 2 58 0 1 8776602332407.959
a 2 59 0 1 5472530063989.102
a 2 60 0 1 10471298942389.992
a 2 61 0 1 4924465665388.298
a 2 62 0 1 2499619223373.015
a 2 63 0 1 4621116760976.625
a 2 64 0 1 4357873034626.596
a 2 65 0 1 6907583641512.357
a 2 66 0 1 2626892280414.0474
a 2 67 0 1 7670334262129.484
a 2 68 0 1 4590337304077.671
a 2 69 0 1 5442819870353.696
a 2 70 0 1 5993279216099.457
a 2 71 0 1 6791456095061.768
a 2 72 0 1 5975332055286.958
a 2 73 0 1 3590163941459.551
a 2 74 0 1 3702258456968.328
a 2 75 0 1 4183609195119.6387
a 2 76 0 1 2812669972774.9473
a 2 77 0 1 5471523861438.326
a 2 78 0 1 7861266544010.258
a 2 79 0 1 5959334148596.689
a 2 80 0 1 9375669552728.002
a 3 15 0 1 5903439352991.71
a 3 16 0 1 4736363225539.23
a 3 17 0 1 6521278113693.964
a 3 18 0 1 5567298579441.19
a 3 19 0 1 3727418730555.135
a 3 20 0 1 4030866396992.732
a 3 21 0 1 3938361463251.085
a 3 22 0 1 3277869840339.389
a 3 23 0 1 5344620162063.819
a 3 24 0 1 5653554224692.77
a 3 25 0 1 1954273091472.1814
a 3 26 0 1 3335691960842.0527
a 3 27 0 1 1603066800838.7788
a 3 28 0 1 3718915952371.617
a 3 29 0 1 5389640435877.725
a 3 30 0 1 4058252808315.344
a 3 31 0 1 3239140026375.24
a 3 32 0 1 4536054485663.491
a 3 33 0 1 2253860643981.1143
a 3 34 0 1 5837960504812.943
a 3 35 0 1 4740653441259.917
a 3 36 0 1 1718196480764.8213
a 3 37 0 1 6646410619373.797
a 3 38 0 1 5648562240095.913
a 3 39 0 1 5899130603833.787
a 3 40 0 1 4201566876341.027
a 3 41 0 1 6101188724553.639
a 3 42 0 1 4503140890256.934
a 3 43 0 1 4031923903340.5938
a 3 44 0 1 4635824328818.599
a 3 45 0 1 1864154491499.9446
a 3 46 0 1 5490525268043.546
a 3 47 0 1 5799954923605.915
a 3 48 0 1 1517761909852.234
a 3 49 0 1 2696846761877.987
a 3 50 0 1 1479164395182.9126
a 3 51 0 1 3416432930511.096
a 3 52 0 1 4615266183636.166
a 3 53 0 1 3047228459670.335
a 3 54 0 1 2207047251213.819
a 3 55 0 1 5350803812801.229
a 3 56 0 1 5931429938803.268
a 3 57 0 1 5237873185962.125
a 3 58 0 1 5593402742525.414
a 3 59 0 1 3488170793134.5767
a 3 60 0 1 6672974892324.493
a 3 61 0 1 3138908354180.676
a 3 62 0 1 1593445951201.5486
a 3 63 0 1 2945587741577.747
a 3 64 0 1 2777821707914.195
a 3 65 0 1 4402604942115.057
a 3 66 0 1 1674570508011.457
a 3 67 0 1 4888594592085.032
a 3 68 0 1 2925972089766.4424
a 3 69 0 1 3469237926685.3477
a 3 70 0 1 3820011359910.694
a 3 71 0 1 4328611088621.876
a 3 72 0 1 3808575007248.916
a 3 73 0 1 2288537287595.499
a 3 74 0 1 2359980496882.2505
a 3 75 0 1 2666760799940.156
a 3 76 0 1 1792984698351.1086
a 3 77 0 1 3487529589784.3413
a 3 78 0 1 5010243022845.694
a 3 79 0 1 3798380750672.182
a 3 80 0 1 5975043853730.985
a 4 15 0 1 24334019635192.137
a 4 16 0 1 19515125499148.4
a 4 17 0 1 26886736811230.18
a 4 18 0 1 22945668260244.66
a 4 19 0 1 15352424649837.686
a 4 20 0 1 16604070503237.55
a 4 21 0 1 16222481793710.023
a 4 22 0 1 13498649867992.275
a 4 23 0 1 22026131971209.113
a 4 24 0 1 23301895083150.363
a 4 25 0 1 8044099593528.636
a 4 26 0 1 13737053504281.158
a 4 27 0 1 6597646820551.757
a 4 28 0 1 15317356748525.98
a 4 29 0 1 22212028414587.16
a 4 30 0 1 16717046057396.611
a 4 31 0 1 13338970356550.613
a 4 32 0 1 18688451629926.54
a 4 33 0 1 9278247549012.943
a 4 34 0 1 24063548083007.312
a 4 35 0 1 19532832517232.58
a 4 36 0 1 7071771387029.129
a 4 37 0 1 27403883848794.02
a 4 38 0 1 23281278103453.14
a 4 39 0 1 24316221219371.23
a 4 40 0 1 17308287479553.342
a 4 41 0 1 25150934655802.84
a 4 42 0 1 18552628675117.117
a 4 43 0 1 16608432930738.162
a 4 44 0 1 19100186719833.098
a 4 45 0 1 7672908865981.733
a 4 46 0 1 22628621112828.656
a 4 47 0 1 23906565401903.367
a 4 48 0 1 6246371332811.907
a 4 49 0 1 11103611313555.578
a 4 50 0 1 6087438384882.636
a 4 51 0 1 14069969344441.682
a 4 52 0 1 19015343937067.38
a 4 53 0 1 12547801972036.94
a 4 54 0 1 9085382732985.13
a 4 55 0 1 22051664969986.082
a 4 56 0 1 24449643419982.38
a 4 57 0 1 21585379469720.445
a 4 58 0 1 23053473395754.3
a 4 59 0 1 14365779271263.46
a 4 60 0 1 27513674559507.7
a 4 61 0 1 12925744905050.959
a 4 62 0 1 6558028219251.866
a 4 63 0 1 12128825467791.736
a 4 64 0 1 11437338613694.91
a 4 65 0 1 18137771730561.684
a 4 66 0 1 6892107234523.827
a 4 67 0 1 20143463868995.535
a 4 68 0 1 12047970676664.443
a 4 69 0 1 14287708417418.873
a 4 70 0 1 15734317155866.166
a 4 71 0 1 17832458693205.582
a 4 72 0 1 15687147257895.613
a 4 73 0 1 9421114789739.549
a 4 74 0 1 9715470938591.39
a 4 75 0 1 10979621034696.363
a 4 76 0 1 7379783612951.185
a 4 77 0 1 14363135211925.645
a 4 78 0 1 20645620008500.414
a 4 79 0 1 15645100784227.965
a 4 80 0 1 24629808855062.5
a 5 15 0 1 14348853152305.389
a 5 16 0 1 11509953067418.191
a 5 17 0 1 15852181833310.977
a 5 18 0 1 13531082288894.234
a 5 19 0 1 9056586817441.346
a 5 20 0 1 9794369425967.38
a 5 21 0 1 9569451223295.637
a 5 22 0 1 7963718947056.934
a 5 23 0 1 12989395140376.975
a 5 24 0 1 13740918320379.797
a 5 25 0 1 4746952069420.823
a 5 26 0 1 8104277317822.482
a 5 27 0 1 3893642871972.074
a 5 28 0 1 9035914786977.05
a 5 29 0 1 13098908174766.594
a 5 30 0 1 9860958567415.45
a 5 31 0 1 7869573092172.018
a 5 32 0 1 11022814073866.336
a 5 33 0 1 5474923658262.034
a 5 34 0 1 14189547619422.291
a 5 35 0 1 11520386969927.459
a 5 36 0 1 4173357102927.5513
a 5 37 0 1 16156692267583.1
a 5 38 0 1 13728774045356.746
a 5 39 0 1 14338370156244.459
a 5 40 0 1 10209431725007.773
a 5 41 0 1 14829984662618.514
a 5 42 0 1 10942773236363.406
a 5 43 0 1 9796940706059.342
a 5 44 0 1 11265444402694.844
a 5 45 0 1 4527985789525.663
a 5 46 0 1 13344319164675.287
a 5 47 0 1 14097084233543.814
a 5 48 0 1 3686396531203.8115
a 5 49 0 1 6551472848512.006
a 5 50 0 1 3592626637401.0894
a 5 51 0 1 8300553035693.679
a 5 52 0 1 11215448386823.744
a 5 53 0 1 7403085127387.02
a 5 54 0 1 5361166468458.432
a 5 55 0 1 13004436941793.408
a 5 56 0 1 14416953372019.727
a 5 57 0 1 12729736731478.01
a 5 58 0 1 13594585838408.197
a 5 59 0 1 8474947203232.223
a 5 60 0 1 16221338146527.47
a 5 61 0 1 7625931837646.828
a 5 62 0 1 3870268940011.726
a 5 63 0 1 7156034467535.721
a 5 64 0 1 6748275932453.339
a 5 65 0 1 10698290542474.85
a 5 66 0 1 4067364025956.0327
a 5 67 0 1 11880192254413.598
a 5 68 0 1 7108357089493.3
a 5 69 0 1 8428921156635.195
a 5 70 0 1 9281702597094.729
a 5 71 0 1 10518357925974.688
a 5 72 0 1 9253897599089.95
a 5 73 0 1 5559189510837.11
a 5 74 0 1 5732802856866.143
a 5 75 0 1 6478352678750.912
a 5 76 0 1 4355065092477.375
a 5 77 0 1 8473388424782.177
a 5 78 0 1 12176064590177.662
a 5 79 0 1 9229112575239.4
a 5 80 0 1 14523065916287.387
a 6 15 0 1 16645410303563.283
a 6 16 0 1 13351440894081.922
a 6 17 0 1 18389859027516.977
a 6 18 0 1 15696517208099.627
a 6 19 0 1 10505083447376.34
a 6 20 0 1 11361020299113.656
a 6 21 0 1 11100079479242.225
a 6 22 0 1 9237238007807.846
a 6 23 0 1 15067991150015.299
a 6 24 0 1 15939995835043.514
a 6 25 0 1 5505735359060.137
a 6 26 0 1 9400298123376.402
a 6 27 0 1 4515956813940.766
a 6 28 0 1 10481101172592.57
a 6 29 0 1 15195059416222.555
a 6 30 0 1 11438274689181.18
a 6 31 0 1 9128020979408.107
a 6 32 0 1 12786249299005.898
a 6 33 0 1 6350155697278.91
a 6 34 0 1 16460559308664.19
a 6 35 0 1 13363546695936.398
a 6 36 0 1 4840402186696.597
a 6 37 0 1 18743221921626.137
a 6 38 0 1 15925904441031.154
a 6 39 0 1 16633246271714.965
a 6 40 0 1 11842564138040.477
a 6 41 0 1 17203700328779.252
a 6 42 0 1 12693384765637.35
a 6 43 0 1 11364003404713.607
a 6 44 0 1 13067754179251.162
a 6 45 0 1 5251746936100.372
a 6 46 0 1 15479812308335.352
a 6 47 0 1 16353269441706.266
a 6 48 0 1 4275570355115.8267
a 6 49 0 1 7598954771810.984
a 6 50 0 1 4166806611838.146
a 6 51 0 1 9627996692734.545
a 6 52 0 1 13009747529632.09
a 6 53 0 1 8586861701003.003
a 6 54 0 1 6218200037506.946
a 6 55 0 1 15085444161931.79
a 6 56 0 1 16724431075720.89
a 6 57 0 1 14766710857519.24
a 6 58 0 1 15770201956943.559
a 6 59 0 1 9830311957137.174
a 6 60 0 1 18818239418775.25
a 6 61 0 1 8845378602927.303
a 6 62 0 1 4488845137410.087
a 6 63 0 1 8300269100640.643
a 6 64 0 1 7827252072613.444
a 6 65 0 1 12409734118127.5
a 6 66 0 1 4717458590868.867
a 6 67 0 1 13781009023911.041
a 6 68 0 1 8244960972534.4375
a 6 69 0 1 9776916858257.145
a 6 70 0 1 10766248549642.994
a 6 71 0 1 12200976586681.814
a 6 72 0 1 10733990830638.832
a 6 73 0 1 6447902457258.274
a 6 74 0 1 6649291538960.916
a 6 75 0 1 7514133670223.541
a 6 76 0 1 5051170216097.872
a 6 77 0 1 9828503607217.395
a 6 78 0 1 14124297612430.22
a 6 79 0 1 10705236735436.785
a 6 80 0 1 16847560225500.074
a 7 15 0 1 13839335683504.139
a 7 16 0 1 11101371780865.068
a 7 17 0 1 15289188219185.627
a 7 18 0 1 13050646926289.36
a 7 19 0 1 8735182937111.122
a 7 20 0 1 9446754325721.361
a 7 21 0 1 9229827252331.102
a 7 22 0 1 7681133517459.908
a 7 23 0 1 12528220705384.861
a 7 24 0 1 13253021134296.283
a 7 25 0 1 4578570900519.398
a 7 26 0 1 7816699810603.746
a 7 27 0 1 3755542887369.76
a 7 28 0 1 8715245260506.314
a 7 29 0 1 12633839939791.969
a 7 30 0 1 9510977541886.607
a 7 31 0 1 7590331263987.129
a 7 32 0 1 10631546462431.94
a 7 33 0 1 5280704595036.281
a 7 34 0 1 13685695893147.742
a 7 35 0 1 11111434825813.748
a 7 36 0 1 4025331596935.9985
a 7 37 0 1 15582864486980.219
a 7 38 0 1 13241308722309.94
a 7 39 0 1 13829225524073.123
a 7 40 0 1 9847068809052.664
a 7 41 0 1 14303354410208.146
a 7 42 0 1 10554350221238.768
a 7 43 0 1 9449234248375.39
a 7 44 0 1 10865553567309.775
a 7 45 0 1 4367375573238.809
a 7 46 0 1 12870524854551.035
a 7 47 0 1 13596520899599.996
a 7 48 0 1 3555650183030.9033
a 7 49 0 1 6319036169493.339
a 7 50 0 1 3465207376480.8643
a 7 51 0 1 8006004330234.771
a 7 52 0 1 10817334477124.453
a 7 53 0 1 7140409644305.632
a 7 54 0 1 5170985264355.591
a 7 55 0 1 12542727692366.01
a 7 56 0 1 13905013840115.283
a 7 57 0 1 12277794224634.129
a 7 58 0 1 13111892309871.03
a 7 59 0 1 8174204219811.053
a 7 60 0 1 15645210238100.062
a 7 61 0 1 7355342633507.96
a 7 62 0 1 3732998339928.887
a 7 63 0 1 6902131777183.656
a 7 64 0 1 6508851734183.747
a 7 65 0 1 10318555961042.178
a 7 66 0 1 3923099704525.143
a 7 67 0 1 11458450840322.033
a 7 68 0 1 6856147372022.15
a 7 69 0 1 8129812988150.362
a 7 70 0 1 8952301478490.775
a 7 71 0 1 10145017494205.752
a 7 72 0 1 8925484274706.291
a 7 73 0 1 5361979330090.468
a 7 74 0 1 5529429885666.962
a 7 75 0 1 6248512063117.147
a 7 76 0 1 4200591437805.986
a 7 77 0 1 8172700808420.852
a 7 78 0 1 11743805635501.914
a 7 79 0 1 8901579753000.22
a 7 80 0 1 14007352295973.287
a 8 15 0 1 13970989776945.604
a 8 16 0 1 11206945908830.855
a 8 17 0 1 15434659336470.611
a 8 18 0 1 13174786809707.957
a 8 19 0 1 8818231740546.152
a 8 20 0 1 9536575747588.936
a 8 21 0 1 9317583879601.316
a 8 22 0 1 7754152111865.132
a 8 23 0 1 12647383946061.508
a 8 24 0 1 13379089000918.24
a 8 25 0 1 4622080136577.888
a 8 26 0 1 7891008300038.145
a 8 27 0 1 3791227640027.508
a 8 28 0 1 8798104316576.023
a 8 29 0 1 12754009262690.125
a 8 30 0 1 9601410284788.9
a 8 31 0 1 7662485909904.922
a 8 32 0 1 10732647025039.564
a 8 33 0 1 5330890161999.544
a 8 34 0 1 13815886079749.904
a 8 35 0 1 11217104777053.387
a 8 36 0 1 4063581051541.3145
a 8 37 0 1 15731134891940.135
a 8 38 0 1 13367265004387.125
a 8 39 0 1 13960783284536.945
a 8 40 0 1 9940700850171.818
a 8 41 0 1 14439430072778.24
a 8 42 0 1 10654715786260.195
a 8 43 0 1 9539079275694.73
a 8 44 0 1 10968882229052.521
a 8 45 0 1 4408876843814.375
a 8 46 0 1 12992948823207.613
a 8 47 0 1 13725861435220.014
a 8 48 0 1 3589434792336.589
a 8 49 0 1 6379096846663.846
a 8 50 0 1 3498132282080.2524
a 8 51 0 1 8082114094700.69
a 8 52 0 1 10920204010785.348
a 8 53 0 1 7208283728228.96
a 8 54 0 1 5220127478748.54
a 8 55 0 1 12662029118734.541
a 8 56 0 1 14037293742491.287
a 8 57 0 1 12394572111867.078
a 8 58 0 1 13236615657630.191
a 8 59 0 1 8251914510514.74
a 8 60 0 1 15794074940025.2
a 8 61 0 1 7425261537721.6875
a 8 62 0 1 3768468783840.8823
a 8 63 0 1 6967739062718.492
a 8 64 0 1 6570717920540.027
a 8 65 0 1 10416676573394.88
a 8 66 0 1 3960377289552.6
a 8 67 0 1 11567425317264.566
a 8 68 0 1 6921317210582.986
a 8 69 0 1 8207100862683.051
a 8 70 0 1 9037416661428.693
a 8 71 0 1 10241485958157.953
a 8 72 0 1 9010344224970.285
a 8 73 0 1 5412937778966.968
a 8 74 0 1 5581980751263.988
a 8 75 0 1 6307901941402.766
a 8 76 0 1 4240507057411.9937
a 8 77 0 1 8250396792955.41
a 8 78 0 1 11855497657238.623
a 8 79 0 1 8986212193375.594
a 8 80 0 1 14140607340985.152
a 9 15 0 1 27302085638872.24
a 9 16 0 1 21893939258632.41
a 9 17 0 1 30167245390850.76
a 9 18 0 1 25743892014977.64
a 9 19 0 1 17222815522559.074
a 9 20 0 1 18627277087336.598
a 9 21 0 1 18199094283815.44
a 9 22 0 1 15142800793719.322
a 9 23 0 1 24711898931490.598
a 9 24 0 1 26143691594198.36
a 9 25 0 1 9023189776427.32
a 9 26 0 1 15410293816809.385
a 9 27 0 1 7400531494233.163
a 9 28 0 1 17183466829246.977
a 9 29 0 1 24920527850732.223
a 9 30 0 1 18754048463518.414
a 9 31 0 1 14963638608727.076
a 9 32 0 1 20966253787910.74
a 9 33 0 1 10407732528998.615
a 9 34 0 1 26998521504187.18
a 9 35 0 1 21913810140184.223
a 9 36 0 1 7932406214106.508
a 9 37 0 1 30747714312130.453
a 9 38 0 1 26120552688773.754
a 9 39 0 1 27282109490237.227
a 9 40 0 1 19417494918025.758
a 9 41 0 1 28218965429490.344
a 9 42 0 1 20813836637107.582
a 9 43 0 1 18632172217945.29
a 9 44 0 1 21428296251476.547
a 9 45 0 1 8606774665545.337
a 9 46 0 1 25388067842746.957
a 9 47 0 1 26822332827649.453
a 9 48 0 1 7006473893315.161
a 9 49 0 1 12455625301862.484
a 9 50 0 1 6828185654245.688
a 9 51 0 1 15783834173205.941
a 9 52 0 1 21333086614045.434
a 9 53 0 1 14075950751472.88
a 9 54 0 1 10191361806785.252
a 9 55 0 1 24740554186085.797
a 9 56 0 1 27431856865426.85
a 9 57 0 1 24217253067600.688
a 9 58 0 1 25864883176405.348
a 9 59 0 1 16115743647631.805
a 9 60 0 1 30870949396247.668
a 9 61 0 1 14499998794552.184
a 9 62 0 1 7356087518635.918
a 9 63 0 1 13605868729010.172
a 9 64 0 1 12830048445571.758
a 9 65 0 1 20348298070284.527
a 9 66 0 1 7730857460611.026
a 9 67 0 1 22599068972395.89
a 9 68 0 1 13515152145685.998
a 9 69 0 1 16028145048023.766
a 9 70 0 1 17651328738238.652
a 9 71 0 1 20005689476954.76
a 9 72 0 1 17598400179977.266
a 9 73 0 1 10568012845134.627
a 9 74 0 1 10898248004867.742
a 9 75 0 1 12316516120018.31
a 9 76 0 1 8277939276269.067
a 9 77 0 1 16112776904868.08
a 9 78 0 1 23162604265764.11
a 9 79 0 1 17551220590107.262
a 9 80 0 1 27634067742347.06
a 10 15 0 1 18031275039523.48
a 10 16 0 1 14462599230280.158
a 10 17 0 1 19921296602328.457
a 10 18 0 1 17003224178996.69
a 10 19 0 1 11379046505271.479
a 10 20 0 1 12306293368134.193
a 10 21 0 1 12023611372380.62
a 10 22 0 1 10005602004249.314
a 10 23 0 1 16322276061933.31
a 10 24 0 1 17267012288905.037
a 10 25 0 1 5963495577537.546
a 10 26 0 1 10182241553219.904
a 10 27 0 1 4891378088631.126
a 10 28 0 1 11353066432865.887
a 10 29 0 1 16459941762290.541
a 10 30 0 1 12389984743147.508
a 10 31 0 1 9887289833261.426
a 10 32 0 1 13850295167648.332
a 10 33 0 1 6878178687962.768
a 10 34 0 1 17831002090115.695
a 10 35 0 1 14475714203659.832
a 10 36 0 1 5242811592147.55
a 10 37 0 1 20304155061963.59
a 10 38 0 1 17251745444221.729
a 10 39 0 1 18018096151430.64
a 10 40 0 1 12827962392746.764
a 10 41 0 1 18636147024021.676
a 10 42 0 1 13749690394908.91
a 10 43 0 1 12309525029550.203
a 10 44 0 1 14155264516204.307
a 10 45 0 1 5688376107060.1
a 10 46 0 1 16768444132734.645
a 10 47 0 1 17714761450914.758
a 10 48 0 1 4630997126036.162
a 10 49 0 1 8230915326951.68
a 10 50 0 1 4513187189390.474
a 10 51 0 1 10428903486113.635
a 10 52 0 1 14092422663967.996
a 10 53 0 1 9301068702663.117
a 10 54 0 1 6735242247824.277
a 10 55 0 1 16341184627004.148
a 10 56 0 1 18116888661589.504
a 10 57 0 1 15995870475963.328
a 10 58 0 1 17083055124228.312
a 10 59 0 1 10648069026215.902
a 10 60 0 1 20385434681646.168
a 10 61 0 1 9581111318463.814
a 10 62 0 1 4862011297819.851
a 10 63 0 1 8990614254642.225
a 10 64 0 1 8478217315787.65
a 10 65 0 1 13442398635679.953
a 10 66 0 1 5109641001282.086
a 10 67 0 1 14927979155428.732
a 10 68 0 1 8930701339629.953
a 10 69 0 1 10590226715454.266
a 10 70 0 1 11661968241590.164
a 10 71 0 1 13216243093425.744
a 10 72 0 1 11627023182592.006
a 10 73 0 1 6984059744357.923
a 10 74 0 1 7202208661364.432
a 10 75 0 1 8139033539052.228
a 10 76 0 1 5471112973187.941
a 10 77 0 1 10646110060094.355
a 10 78 0 1 15299889433847.207
a 10 79 0 1 11595873647030.316
a 10 80 0 1 18250290964249.445
a 11 15 0 1 24462987527006.777
a 11 16 0 1 19618496011235.777
a 11 17 0 1 27029275999862.203
a 11 18 0 1 23067258469957.824
a 11 19 0 1 15433706375431.57
a 11 20 0 1 16691991673872.455
a 11 21 0 1 16308378595877.432
a 11 22 0 1 13570101646215.18
a 11 23 0 1 22142837081492.117
a 11 24 0 1 23425378051684.11
a 11 25 0 1 8086652170176.961
a 11 26 0 1 13809769220874.502
a 11 27 0 1 6632541945799.847
a 11 28 0 1 15398452481626.729
a 11 29 0 1 22329721028584.82
a 11 30 0 1 16805566609605.08
a 11 31 0 1 13409575605057.14
a 11 32 0 1 18787433819517.94
a 11 33 0 1 9327335672898.469
a 11 34 0 1 24191078506358.492
a 11 35 0 1 19636297034588.957
a 11 36 0 1 7109176222465.675
a 11 37 0 1 27549173381275.18
a 11 38 0 1 23404651522442.734
a 11 39 0 1 24445094515619.09
a 11 40 0 1 17399945065270.918
a 11 41 0 1 25284244732118.93
a 11 42 0 1 18650889941313.926
a 11 43 0 1 16696377245545.934
a 11 44 0 1 19201354462459.55
a 11 45 0 1 7713496132216.483
a 11 46 0 1 22748526870430.42
a 11 47 0 1 24033261554560.777
a 11 48 0 1 6279407209421.52
a 11 49 0 1 11162369247480.115
a 11 50 0 1 6119633102833.255
a 11 51 0 1 14144450189015.188
a 11 52 0 1 19116061304145.16
a 11 53 0 1 12614213358469.791
a 11 54 0 1 9133449399902.574
a 11 55 0 1 22168505712035.12
a 11 56 0 1 24579225842125.703
a 11 57 0 1 21699743420818.633
a 11 58 0 1 23175636395726.375
a 11 59 0 1 14441828621485.85
a 11 60 0 1 27659548034457.316
a 11 61 0 1 12994159613099.297
a 11 62 0 1 6592713641601.943
a 11 63 0 1 12193016235183.154
a 11 64 0 1 11497864899854.852
a 11 65 0 1 18233831152332.836
a 11 66 0 1 6928561011202.305
a 11 67 0 1 20250170419502.78
a 11 68 0 1 12111732930045.027
a 11 69 0 1 14363343793497.885
a 11 70 0 1 15817624453678.242
a 11 71 0 1 17926897807578.105
a 11 72 0 1 15770204355100.803
a 11 73 0 1 9470959601196.855
a 11 74 0 1 9766874868219.516
a 11 75 0 1 11037722004472.318
a 11 76 0 1 7418819014394.145
a 11 77 0 1 14439170541784.531
a 11 78 0 1 20754993006674.266
a 11 79 0 1 15727934859019.104
a 11 80 0 1 24760348873556.293
a 12 15 0 1 28028474234964.746
a 12 16 0 1 22476068246776.13
a 12 17 0 1 30970135466505.707
a 12 18 0 1 26428697657028.7
a 12 19 0 1 17680492970681.582
a 12 20 0 1 19122358794626.19
a 12 21 0 1 18682771116032.977
a 12 22 0 1 15545105153177.928
a 12 23 0 1 25369172575144.49
a 12 24 0 1 26839165083299.184
a 12 25 0 1 9262738775759.234
a 12 26 0 1 15819717713321.162
a 12 27 0 1 7596964230511.267
a 12 28 0 1 17640096503897.31
a 12 29 0 1 25583366853456.39
a 12 30 0 1 19252507014845.812
a 12 31 0 1 15361174677548.033
a 12 32 0 1 21523655755134.438
a 12 33 0 1 10684083811960.521
a 12 34 0 1 27716807791725.37
a 12 35 0 1 22496468836673.305
a 12 36 0 1 8142969771549.079
a 12 37 0 1 31566109568746.95
a 12 38 0 1 26815408735269.758
a 12 39 0 1 28007964893086.688
a 12 40 0 1 19933627525856.895
a 12 41 0 1 28969829626923.918
a 12 42 0 1 21367176515327.008
a 12 43 0 1 19127384316298.44
a 12 44 0 1 21998013065938.273
a 12 45 0 1 8835257364985.766
a 12 46 0 1 26063379880933.688
a 12 47 0 1 27535916800558.914
a 12 48 0 1 7192438472443.557
a 12 49 0 1 12786433344700.164
a 12 50 0 1 7009414318990.183
a 12 51 0 1 16203200893199.094
a 12 52 0 1 21900265689940.723
a 12 53 0 1 14449864536304.611
a 12 54 0 1 10461960984134.082
a 12 55 0 1 25398592217481.004
a 12 56 0 1 28161709310691.695
a 12 57 0 1 24861332696605.637
a 12 58 0 1 26552917117672.562
a 12 59 0 1 16543945805174.465
a 12 60 0 1 31692636717530.992
a 12 61 0 1 14885196314197.846
a 12 62 0 1 7551339550001.955
a 12 63 0 1 13967275156608.604
a 12 64 0 1 13170815852338.805
a 12 65 0 1 20889231726730.613
a 12 66 0 1 7936066071718.223
a 12 67 0 1 23199996489861.05
a 12 68 0 1 13874145059351.443
a 12 69 0 1 16454015261571.002
a 12 70 0 1 18120417228799.383
a 12 71 0 1 20537493766893.824
a 12 72 0 1 18066079153132.637
a 12 73 0 1 10848625288476.074
a 12 74 0 1 11187640481812.043
a 12 75 0 1 12643624191569.623
a 12 76 0 1 8497683890974.989
a 12 77 0 1 16540900084581.488
a 12 78 0 1 23778557704289.164
a 12 79 0 1 18017643158996.973
a 12 80 0 1 28369317805275.836
a 13 15 0 1 8090914429905.763
a 13 16 0 1 6491063747262.604
a 13 17 0 1 8937924383802.713
a 13 18 0 1 7630109764918.18
a 13 19 0 1 5108111445326.201
a 13 20 0 1 5524032257575.044
a 13 21 0 1 5397239147040.601
a 13 22 0 1 4491956659153.949
a 13 23 0 1 7324854308328.014
a 13 24 0 1 7748353616196.198
a 13 25 0 1 2677963116435.4224
a 13 26 0 1 4571206728733.27
a 13 27 0 1 2196668162617.23
a 13 28 0 1 5096457260028.468
a 13 29 0 1 7386569225132.926
a 13 30 0 1 5561569996412.189
a 13 31 0 1 4438874416907.966
a 13 32 0 1 6216492653707.711
a 13 33 0 1 3088530873962.416
a 13 34 0 1 8001150528062.769
a 13 35 0 1 6496944566592.948
a 13 36 0 1 2354440895109.002
a 13 37 0 1 9109476975847.596
a 13 38 0 1 7741510313006.309
a 13 39 0 1 8085007619423.945
a 13 40 0 1 5758007754676.559
a 13 41 0 1 8362008916016.753
a 13 42 0 1 6171377138878.507
a 13 43 0 1 5525481748420.285
a 13 44 0 1 6353250527580.496
a 13 45 0 1 2554462736476.867
a 13 46 0 1 7524865536549.551
a 13 47 0 1 7949049517105.512
a 13 48 0 1 2079768065935.55
a 13 49 0 1 3695637464225.5137
a 13 50 0 1 2026875092206.6033
a 13 51 0 1 4681869659064.841
a 13 52 0 1 6325070692445.805
a 13 53 0 1 4175847177912.503
a 13 54 0 1 3024375081322.6436
a 13 55 0 1 7333330997290.269
a 13 56 0 1 8129286427810.851
a 13 57 0 1 7178523833046.279
a 13 58 0 1 7665894655764.608
a 13 59 0 1 4780193642210.23
a 13 60 0 1 9145895965312.127
a 13 61 0 1 4301499877338.8623
a 13 62 0 1 2183483902378.646
a 13 63 0 1 4036543731521.762
a 13 64 0 1 3806615032431.8037
a 13 65 0 1 6033570704519.065
a 13 66 0 1 2294656051439.199
a 13 67 0 1 6699736428203.9795
a 13 68 0 1 4009659685277.9683
a 13 69 0 1 4754244178875.476
a 13 70 0 1 5235022472686.226
a 13 71 0 1 5932146752711.627
a 13 72 0 1 5219347312559.077
a 13 73 0 1 3136053925760.785
a 13 74 0 1 3233964633057.337
a 13 75 0 1 3654404326835.846
a 13 76 0 1 2456930861348.8687
a 13 77 0 1 4779314805619.695
a 13 78 0 1 6866489190966.869
a 13 79 0 1 5205374636000.737
a 13 80 0 1 8189076465094.736
a 14 15 0 1 19115795365033.94
a 14 16 0 1 15332096682472.959
a 14 17 0 1 21119772009844.367
a 14 18 0 1 18025782303240.883
a 14 19 0 1 12062901933361.367
a 14 20 0 1 13045958018916.441
a 14 21 0 1 12746260593619.193
a 14 22 0 1 10606815633874.717
a 14 23 0 1 17303800960369.248
a 14 24 0 1 18305467843681.105
a 14 25 0 1 6321651531585.236
a 14 26 0 1 10794082243253.549
a 14 27 0 1 5185106305746.222
a 14 28 0 1 12035358351804.53
a 14 29 0 1 17449761702623.318
a 14 30 0 1 13134687239988.45
a 14 31 0 1 10481385774166.629
a 14 32 0 1 14682918382275.77
a 14 33 0 1 7291314861122.537
a 14 34 0 1 18903450438238.516
a 14 35 0 1 15346001527411.553
a 14 36 0 1 5557656966692.306
a 14 37 0 1 21525720562351.305
a 14 38 0 1 18289280900796.61
a 14 39 0 1 19101822066746.51
a 14 40 0 1 13599030861917.438
a 14 41 0 1 19757131178762.152
a 14 42 0 1 14576255505875.826
a 14 43 0 1 13049384209969.5
a 14 44 0 1 15006252936994.53
a 14 45 0 1 6029997446881.567
a 14 46 0 1 17776853884885.098
a 14 47 0 1 18780203360292.863
a 14 48 0 1 4909080576318.877
a 14 49 0 1 8725384959942.72
a 14 50 0 1 4784192457380.176
a 14 51 0 1 11055584718444.19
a 14 52 0 1 14939626646462.834
a 14 53 0 1 9859900471607.828
a 14 54 0 1 7139785918347.706
a 14 55 0 1 17323848843842.865
a 14 56 0 1 19206569752850.223
a 14 57 0 1 16957728931461.361
a 14 58 0 1 18110424225012.984
a 14 59 0 1 11287937215953.994
a 14 60 0 1 21611902412236.246
a 14 61 0 1 10156788440454.88
a 14 62 0 1 5153974986743.562
a 14 63 0 1 9530772658961.447
a 14 64 0 1 8987558915792.816
a 14 65 0 1 14250460522627.639
a 14 66 0 1 5416484124428.619
a 14 67 0 1 15825506451773.441
a 14 68 0 1 9467256235795.467
a 14 69 0 1 11226614526354.19
a 14 70 0 1 12362850850956.742
a 14 71 0 1 14010688168106.908
a 14 72 0 1 12325802617165.234
a 14 73 0 1 7403561060543.113
a 14 74 0 1 7634824731221.339
a 14 75 0 1 8627977917849.03
a 14 76 0 1 5799677635404.402
a 14 77 0 1 11285860377799.633
a 14 78 0 1 16219819184730.473
a 14 79 0 1 12292778356210.074
a 14 80 0 1 19348013724864.484
a 15 1 0 2 0
a 16 1 0 2 0
a 17 1 0 2 0
a 18 1 0 2 0
a 19 1 0 2 0
a 20 1 0 2 0
a 21 1 0 2 0
a 22 1 0 2 0
a 23 1 0 2 0
a 24 1 0 2 0
a 25 1 0 2 0
a 26 1 0 2 0
a 27 1 0 2 0
a 28 1 0 2 0
a 29 1 0 2 0
a 30 1 0 2 0
a 31 1 0 2 0
a 32 1 0 2 0
a 33 1 0 2 0
a 34 1 0 2 0
a 35 1 0 2 0
a 36 1 0 2 0
a 37 1 0 2 0
a 38 1 0 2 0
a 39 1 0 2 0
a 40 1 0 2 0
a 41 1 0 2 0
a 42 1 0 2 0
a 43 1 0 2 0
a 44 1 0 2 0
a 45 1 0 2 0
a 46 1 0 2 0
a 47 1 0 2 0
a 48 1 0 2 0
a 49 1 0 2 0
a 50 1 0 2 0
a 51 1 0 2 0
a 52 1 0 2 0
a 53 1 0 2 0
a 54 1 0 2 0
a 55 1 0 2 0
a 56 1 0 2 0
a 57 1 0 2 0
a 58 1 0 2 0
a 59 1 0 2 0
a 60 1 0 2 0
a 61 1 0 2 0
a 62 1 0 2 0
a 63 1 0 2 0
a 64 1 0 2 0
a 65 1 0 2 0
a 66 1 0 2 0
a 67 1 0 2 0
a 68 1 0 2 0
a 69 1 0 2 0
a 70 1 0 2 0
a 71 1 0 2 0
a 72 1 0 2 0
a 73 1 0 2 0
a 74 1 0 2 0
a 75 1 0 2 0
a 76 1 0 2 0
a 77 1 0 2 0
a 78 1 0 2 0
a 79 1 0 2 0
a 80 1 0 2 0
