p min 80 923
n 0 13
n 1 -13
a 0 2 0 1 0
a 0 3 0 1 0
a 0 4 0 1 0
a 0 5 0 1 0
a 0 6 0 1 0
a 0 7 0 1 0
a 0 8 0 1 0
a 0 9 0 1 0
a 0 10 0 1 0
a 0 11 0 1 0
a 0 12 0 1 0
a 0 13 0 1 0
a 0 14 0 1 0
a 2 15 0 1 11863926629638.996
a 2 16 0 1 7498178729841.01
a 2 17 0 1 23721902483347.867
a 2 18 0 1 8301940153291.364
a 2 19 0 1 6892430877470.338
a 2 20 0 1 6458670345351.2705
a 2 21 0 1 11100304024787.014
a 2 22 0 1 11381775226204.264
a 2 23 0 1 6535626939255.314
a 2 24 0 1 25134779077608.914
a 2 25 0 1 11388382726455.922
a 2 26 0 1 6929504884175.765
a 2 27 0 1 15374011089947.49
a 2 28 0 1 11038373518482.182
a 2 29 0 1 23713819627075.484
a 2 30 0 1 13423594333986.678
a 2 31 0 1 8159603906105.518
a 2 32 0 1 21291670153421.867
a 2 33 0 1 25118154320614.65
a 2 34 0 1 10641347348065.129
a 2 35 0 1 15924027185594.377
a 2 36 0 1 17146365582024.42
a 2 37 0 1 12016835400840.758
a 2 38 0 1 13013986277504.672
a 2 39 0 1 8174242713253.703
a 2 40 0 1 19620215341970.344
a 2 41 0 1 22721482264907.266
a 2 42 0 1 8233288875448.202
a 2 43 0 1 9799973940858.834
a 2 44 0 1 26068684858791.656
a 2 45 0 1 23291467165118.203
a 2 46 0 1 10649174776139.98
a 2 47 0 1 26376101478422.562
a 2 48 0 1 16528930726776.117
a 2 49 0 1 17404471493007.744
a 2 50 0 1 15845921690608.654
a 2 51 0 1 9690253045886.51
a 2 52 0 1 6148661083683.396
a 2 53 0 1 26262913376144.125
a 2 54 0 1 10360296952144.04
a 2 55 0 1 9523767062402.209
a 2 56 0 1 22436698219403.312
a 2 57 0 1 7029414299817.955
a 2 58 0 1 15178365555425.9
a 2 59 0 1 25919028693238.28
a 2 60 0 1 20718493960475.457
a 2 61 0 1 21825850338900.79
a 2 62 0 1 24157420646464.75
a 2 63 0 1 10706262845832.729
a 2 64 0 1 14408549675459.8
a 2 65 0 1 17582013169218.492
a 2 66 0 1 25819306074495.63
a 2 67 0 1 14310257421974.154
a 2 68 0 1 25885138772735.38
a 2 69 0 1 12380768334434.37
a 2 70 0 1 6012378357744.785
a 2 71 0 1 23040145089932.47
a 2 72 0 1 7830985100111.741
a 2 73 0 1 6038450727398.151
a 2 74 0 1 20663981060077.83
a 2 75 0 1 17731899065631.234
a 2 76 0 1 9035148033531.234
a 2 77 0 1 22493177332791.094
a 2 78 0 1 16066421173747.363
a 2 79 0 1 19776271745118.984
a 3 15 0 1 16252077360737.754
a 3 16 0 1 10269645536097.533
a 3 17 0 1 32512450872034.426
a 3 18 0 1 11370881326923.621
a 3 19 0 1 9439758535134.027
a 3 20 0 1 8845524009076.23
a 3 21 0 1 15205516273036.605
a 3 22 0 1 15591270631538.967
a 3 23 0 1 8950949852945.854
a 3 24 0 1 34450972744826.543
a 3 25 0 1 15600326276765.877
a 3 26 0 1 9490549455463.156
a 3 27 0 1 21063600545593.098
a 3 28 0 1 15120642180454.06
a 3 29 0 1 32501361552430.96
a 3 30 0 1 18389847158450.402
a 3 31 0 1 11175860537303.47
a 3 32 0 1 29178625834849.004
a 3 33 0 1 34428161564616.25
a 3 34 0 1 14576539147032.44
a 3 35 0 1 21817677555147.9
a 3 36 0 1 23493641374052.766
a 3 37 0 1 16461650291147.438
a 3 38 0 1 17828387364196.117
a 3 39 0 1 11195917664355.656
a 3 40 0 1 26886104325136.887
a 3 41 0 1 31139977108722.883
a 3 42 0 1 11276819071398.443
a 3 43 0 1 13423542993668.816
a 3 44 0 1 35732456782485.34
a 3 45 0 1 31921923424049.07
a 3 46 0 1 14587266038568.678
a 3 47 0 1 36154309237797.96
a 3 48 0 1 22647046662336.055
a 3 49 0 1 23847556079342.832
a 3 50 0 1 21710592061114.336
a 3 51 0 1 13273190440876.273
a 3 52 0 1 8420837211861.676
a 3 53 0 1 35998985571892.414
a 3 54 0 1 14191385818932.89
a 3 55 0 1 13045054333657.047
a 3 56 0 1 30749304151807.04
a 3 57 0 1 9627424890064.5
a 3 58 0 1 20795377302393.84
a 3 59 0 1 35527095132463.23
a 3 60 0 1 28392436174772.305
a 3 61 0 1 29911361848120.465
a 3 62 0 1 33109973788598.16
a 3 63 0 1 14665501088587.9
a 3 64 0 1 19740029939556.867
a 3 65 0 1 24091005675919.137
a 3 66 0 1 35390254912073.875
a 3 67 0 1 19605285219355.598
a 3 68 0 1 35480590965889.27
a 3 69 0 1 16960458650345.809
a 3 70 0 1 8234144807700.528
a 3 71 0 1 31577137006509.93
a 3 72 0 1 10725615331518.943
a 3 73 0 1 8269860930155.046
a 3 74 0 1 28317666272930.12
a 3 75 0 1 24296535850250.664
a 3 76 0 1 12375517308433.803
a 3 77 0 1 30826782672594.78
a 3 78 0 1 22012906766623.855
a 3 79 0 1 27100133126822.812
a 4 15 0 1 16044827175085.533
a 4 16 0 1 10138773744944.836
a 4 17 0 1 32097077043546.25
a 4 18 0 1 11225957730972.617
a 4 19 0 1 9319473805279.777
a 4 20 0 1 8732818840161.715
a 4 21 0 1 15011635150079.475
a 4 22 0 1 15392462145112.3
a 4 23 0 1 8836900034439.38
a 4 24 0 1 34010735565829.492
a 4 25 0 1 15401402114503.826
a 4 26 0 1 9369616831413.23
a 4 27 0 1 20794845683052.55
a 4 28 0 1 14927845123363.297
a 4 29 0 1 32086129923293.355
a 4 30 0 1 18155278620626.953
a 4 31 0 1 11033425669341.615
a 4 32 0 1 28805985807062.84
a 4 33 0 1 33988217023979.75
a 4 34 0 1 14390691222992.207
a 4 35 0 1 21539277387737.57
a 4 36 0 1 23193798241093.37
a 4 37 0 1 16251722580299.043
a 4 38 0 1 17600994951930.26
a 4 39 0 1 11053226845524.629
a 4 40 0 1 26542831624258.63
a 4 41 0 1 30742199912951.293
a 4 42 0 1 11133095850313.385
a 4 43 0 1 13252417976591.928
a 4 44 0 1 35275777359791.19
a 4 45 0 1 31514121483910.977
a 4 46 0 1 14401281121949.092
a 4 47 0 1 35692216135698.26
a 4 48 0 1 22358036228886.434
a 4 49 0 1 23543183772337.688
a 4 50 0 1 21433561711610.88
a 4 51 0 1 13103985030155.123
a 4 52 0 1 8313548366888.697
a 4 53 0 1 35538885816025.03
a 4 54 0 1 14010456446867.82
a 4 55 0 1 12878761495249.102
a 4 56 0 1 30356534812111.773
a 4 57 0 1 9504746231670.346
a 4 58 0 1 20530052851254.812
a 4 59 0 1 35073050950772.066
a 4 60 0 1 28029869004105.402
a 4 61 0 1 29529332203800.78
a 4 62 0 1 32686937339561.457
a 4 63 0 1 14478517026076.379
a 4 64 0 1 19488200706141.215
a 4 65 0 1 23783517645148.4
a 4 66 0 1 34937966622658.117
a 4 67 0 1 19355178796314.79
a 4 68 0 1 35027143517708.453
a 4 69 0 1 16744157599757.377
a 4 70 0 1 8129236814404.285
a 4 71 0 1 31173755532788.934
a 4 72 0 1 10588925777535.12
a 4 73 0 1 8164497463958.737
a 4 74 0 1 27956056979073.418
a 4 75 0 1 23986417262944.617
a 4 76 0 1 12217771455739.479
a 4 77 0 1 30433020206903.273
a 4 78 0 1 21732009177304.69
a 4 79 0 1 26754119352827.93
a 5 15 0 1 8750823270326.575
a 5 16 0 1 5531380410666.147
a 5 17 0 1 17490985154197.105
a 5 18 0 1 6124163743710.836
a 5 19 0 1 5084615344626.793
a 5 20 0 1 4764688267994.548
a 5 21 0 1 8187764732138.762
a 5 22 0 1 8395311068285.743
a 5 23 0 1 4821449456968.187
a 5 24 0 1 18531956077683.273
a 5 25 0 1 8400183149393.439
a 5 26 0 1 5111959487242.098
a 5 27 0 1 11338656013276.271
a 5 28 0 1 8142099018994.031
a 5 29 0 1 17485029658360.53
a 5 30 0 1 9900766334925.86
a 5 31 0 1 6019191215749.768
a 5 32 0 1 15700244332399.365
a 5 33 0 1 18519707905109.51
a 5 34 0 1 7849339668437.899
a 5 35 0 1 11744109173449.273
a 5 36 0 1 12645127140762.295
a 5 37 0 1 8863567710406.672
a 5 38 0 1 9598772802224.193
a 5 39 0 1 6029987330960.32
a 5 40 0 1 14468463231499.537
a 5 41 0 1 16753847514913.576
a 5 42 0 1 6073533758185.055
a 5 43 0 1 7228904107030.231
a 5 44 0 1 19219984758612.688
a 5 45 0 1 17173833832254.867
a 5 46 0 1 7855111529075.924
a 5 47 0 1 19446456740110.402
a 5 48 0 1 12190007907604.52
a 5 49 0 1 12835375310905.205
a 5 50 0 1 11686533281039.79
a 5 51 0 1 7147992704511.504
a 5 52 0 1 4536030798676.513
a 5 53 0 1 19363072234400.242
a 5 54 0 1 7642094342126.758
a 5 55 0 1 7025220037550.794
a 5 56 0 1 16544002482380.102
a 5 57 0 1 5185647934903.479
a 5 58 0 1 11194429524805.828
a 5 59 0 1 19109732430661.9
a 5 60 0 1 15277855337030.078
a 5 61 0 1 16093882915067.688
a 5 62 0 1 17811873173869.113
a 5 63 0 1 7897207570394.997
a 5 64 0 1 10626918056932.523
a 5 65 0 1 12966238387603.438
a 5 66 0 1 19036265801754.45
a 5 67 0 1 10554454695761.26
a 5 68 0 1 19084765444474.11
a 5 69 0 1 9131902699840.148
a 5 70 0 1 4435509661916.201
a 5 71 0 1 16988652060409.586
a 5 72 0 1 5776832445864.481
a 5 73 0 1 4454740514130.074
a 5 74 0 1 15237682546787.93
a 5 75 0 1 13076715744667.832
a 5 76 0 1 6664887906343.675
a 5 77 0 1 16585619783446.793
a 5 78 0 1 11849074979478.15
a 5 79 0 1 14583474506986.504
a 6 15 0 1 12384431441705.92
a 6 16 0 1 7826972917113.977
a 6 17 0 1 24764136400714.984
a 6 18 0 1 8666014354558.301
a 6 19 0 1 7194641090686.795
a 6 20 0 1 6741846833232.985
a 6 21 0 1 11587261789516.143
a 6 22 0 1 11881097712044.85
a 6 23 0 1 6822180193237.432
a 6 24 0 1 26239276181526.26
a 6 25 0 1 11887995482584.334
a 6 26 0 1 7233342023631.014
a 6 27 0 1 16048798228911.229
a 6 28 0 1 11522610856285.96
a 6 29 0 1 24755697406874.4
a 6 30 0 1 14012636743365.246
a 6 31 0 1 8517429954832.043
a 6 32 0 1 22226857122772.305
a 6 33 0 1 26221918675410.984
a 6 34 0 1 11108145443519.316
a 6 35 0 1 16623001543146.35
a 6 36 0 1 17899104302153.56
a 6 37 0 1 12544058456756.2
a 6 38 0 1 13585026498013.498
a 6 39 0 1 8532711353718.177
a 6 40 0 1 20481814308496.836
a 6 41 0 1 23719642068294.84
a 6 42 0 1 8594349456059.821
a 6 43 0 1 10229820489686.2
a 6 44 0 1 27214349291338.945
a 6 45 0 1 24314736696622.72
a 6 46 0 1 11116316672683.332
a 6 47 0 1 27535319108456.215
a 6 48 0 1 17254509697162.635
a 6 49 0 1 18168564981381.133
a 6 50 0 1 16541461127165.29
a 6 51 0 1 10115281408986.023
a 6 52 0 1 6418235357247.585
a 6 53 0 1 27417140721263.598
a 6 54 0 1 10814751008555.936
a 6 55 0 1 9941484750886.404
a 6 56 0 1 23422313628581.207
a 6 57 0 1 7337635856829.591
a 6 58 0 1 15844549860294.633
a 6 59 0 1 27058095538017.8
a 6 60 0 1 21628442760530.848
a 6 61 0 1 22784561531166.195
a 6 62 0 1 25218844890226.23
a 6 63 0 1 11175912219100.992
a 6 64 0 1 15040887923569.28
a 6 65 0 1 18353917599004.258
a 6 66 0 1 26953976782271.477
a 6 67 0 1 14938274561393.885
a 6 68 0 1 27022711614305.02
a 6 69 0 1 12923982245920.682
a 6 70 0 1 6275973302138.478
a 6 71 0 1 24052342625151.17
a 6 72 0 1 8174386543332.224
a 6 73 0 1 6303189567429.333
a 6 74 0 1 21571529722047.332
a 6 75 0 1 18510397981040.812
a 6 76 0 1 9431411342360.053
a 6 77 0 1 23481280510618.773
a 6 78 0 1 16771657895585.016
a 6 79 0 1 20644740049250.633
a 7 15 0 1 9534296517664.314
a 7 16 0 1 6026412495291.272
a 7 17 0 1 19058696018185.496
a 7 18 0 1 6672287865594.832
a 7 19 0 1 5539638587346.65
a 7 20 0 1 5191064058500.9
a 7 21 0 1 8920774781057.994
a 7 22 0 1 9146921287771.787
a 7 23 0 1 5252907686223.709
a 7 24 0 1 20193185900886.86
a 7 25 0 1 9152230013322.314
a 7 26 0 1 5569431332159.547
a 7 27 0 1 12354151227000.082
a 7 28 0 1 8871016665759.186
a 7 29 0 1 19052205561572.305
a 7 30 0 1 10787323494232.795
a 7 31 0 1 6557913004450.28
a 7 32 0 1 17107135403173.334
a 7 33 0 1 20179837232438.89
a 7 34 0 1 8552022355714.778
a 7 35 0 1 12795970481995.254
a 7 36 0 1 13777816222160.281
a 7 37 0 1 9657146350027.455
a 7 38 0 1 10458255589497.383
a 7 39 0 1 6569676110500.311
a 7 40 0 1 15764774552152.305
a 7 41 0 1 18255350029471.785
a 7 42 0 1 6617122948431.628
a 7 43 0 1 7875994249566.536
a 7 44 0 1 20943039254389.043
a 7 45 0 1 18713057245679.848
a 7 46 0 1 8558311429818.982
a 7 47 0 1 21189863821766.297
a 7 48 0 1 13281867246200.895
a 7 49 0 1 13985133354110.787
a 7 50 0 1 12733230240284.688
a 7 51 0 1 7787833625186.552
a 7 52 0 1 4941933163643.622
a 7 53 0 1 21098985582077.367
a 7 54 0 1 8326206378433.088
a 7 55 0 1 7654061475661.589
a 7 56 0 1 18026659340725.88
a 7 57 0 1 5649718486683.68
a 7 58 0 1 12196989600792.174
a 7 59 0 1 20822879187949.875
a 7 60 0 1 16646823750295.736
a 7 61 0 1 17536119010834.951
a 7 62 0 1 19408409436974.117
a 7 63 0 1 8604179698426.024
a 7 64 0 1 11578584682966.885
a 7 65 0 1 14127737867509.148
a 7 66 0 1 20742810690572.754
a 7 67 0 1 11499623454225.94
a 7 68 0 1 20795668601307.902
a 7 69 0 1 9949533611703.799
a 7 70 0 1 4832411983988.616
a 7 71 0 1 18511242958939.83
a 7 72 0 1 6293847234956.065
a 7 73 0 1 4853364630597.971
a 7 74 0 1 16603044401718.168
a 7 75 0 1 14248127892103.324
a 7 76 0 1 7261448325353.39
a 7 77 0 1 18072014108362.227
a 7 78 0 1 12910351533163.121
a 7 79 0 1 15890109201006.74
a 8 15 0 1 10648319010121.213
a 8 16 0 1 6730243192622.119
a 8 17 0 1 21288315475992.906
a 8 18 0 1 7451615723799.481
a 8 19 0 1 6186577974494.774
a 8 20 0 1 5797268452787.05
a 8 21 0 1 9963028863487.225
a 8 22 0 1 10215628168444.752
a 8 23 0 1 5866338962127.092
a 8 24 0 1 22555870910985.79
a 8 25 0 1 10221557884466.678
a 8 26 0 1 6219852517867.418
a 8 27 0 1 13798179743555.732
a 8 28 0 1 9907450650834.34
a 8 29 0 1 21281063858386.926
a 8 30 0 1 12047957487493.902
a 8 31 0 1 7323870531705.999
a 8 32 0 1 19107945038257.79
a 8 33 0 1 22540956336889.11
a 8 34 0 1 9551146046934.643
a 8 35 0 1 14291726551935.398
a 8 36 0 1 15388546407776.24
a 8 37 0 1 10785540903896.133
a 8 38 0 1 11680382134005.486
a 8 39 0 1 7337008717421.652
a 8 40 0 1 17608266376828.973
a 8 41 0 1 20390767646930.56
a 8 42 0 1 7390002022284.72
a 8 43 0 1 8796058285571.417
a 8 44 0 1 23393696700913.68
a 8 45 0 1 20902144073858.953
a 8 46 0 1 9558170675750.15
a 8 47 0 1 23669482321167.938
a 8 48 0 1 14834518187848.195
a 8 49 0 1 15620144084676.354
a 8 50 0 1 14221640416196.168
a 8 51 0 1 8697588528185.567
a 8 52 0 1 5519025949180.492
a 8 53 0 1 23567940708981.56
a 8 54 0 1 9298919974071.541
a 8 55 0 1 8548174071963.175
a 8 56 0 1 20135263823655.973
a 8 57 0 1 6309522750641.053
a 8 58 0 1 13622619280977.072
a 8 59 0 1 23259438371095.61
a 8 60 0 1 18593681098997.36
a 8 61 0 1 19587214781094.133
a 8 62 0 1 21679043021413.715
a 8 63 0 1 9609403620739.887
a 8 64 0 1 12931825215958.895
a 8 65 0 1 15779450889377.785
a 8 66 0 1 23169975756994.11
a 8 67 0 1 12843621784856.512
a 8 68 0 1 23229035253389.6
a 8 69 0 1 11112136043598.963
a 8 70 0 1 5396707518094.892
a 8 71 0 1 20676664942845.973
a 8 72 0 1 7028937184418.08
a 8 73 0 1 5420108396489.806
a 8 74 0 1 18544770785790.78
a 8 75 0 1 15913941851091.363
a 8 76 0 1 8109654807049.768
a 8 77 0 1 20185936144074.074
a 8 78 0 1 14419500127551.25
a 8 79 0 1 17748287304853.496
a 9 15 0 1 8515008581111.707
a 9 16 0 1 5382376113610.756
a 9 17 0 1 17019181129749.031
a 9 18 0 1 5959180094054.533
a 9 19 0 1 4947652859112.208
a 9 20 0 1 4636348145732.422
a 9 21 0 1 7967137105191.987
a 9 22 0 1 8169085633321.596
a 9 23 0 1 4691579607474.403
a 9 24 0 1 18032014438606.51
a 9 25 0 1 8173826304623.932
a 9 26 0 1 4974260020334.543
a 9 27 0 1 11033016519507.066
a 9 28 0 1 7922703023734.141
a 9 29 0 1 17013386593063.428
a 9 30 0 1 9633928923502.916
a 9 31 0 1 5857037410676.46
a 9 32 0 1 15276828974572.78
a 9 33 0 1 18020097374296.188
a 9 34 0 1 7637839269205.27
a 9 35 0 1 11427526089159.312
a 9 36 0 1 12304221111511.75
a 9 37 0 1 8624711798392.232
a 9 38 0 1 9340083230212.621
a 9 39 0 1 5867542487779.853
a 9 40 0 1 14078321291447.715
a 9 41 0 1 16301964473370.91
a 9 42 0 1 5909914997659.612
a 9 43 0 1 7034134881144.75
a 9 44 0 1 18701441989309.035
a 9 45 0 1 16710601155899.953
a 9 46 0 1 7643455470204.312
a 9 47 0 1 18921790583083.926
a 9 48 0 1 11861388418024.73
a 9 49 0 1 12489332911858.053
a 9 50 0 1 11371504288830.26
a 9 51 0 1 6955405230330.571
a 9 52 0 1 4413852851308.104
a 9 53 0 1 18840660677872.73
a 9 54 0 1 7436182948741.445
a 9 55 0 1 6835943015976.99
a 9 56 0 1 16097789855230.938
a 9 57 0 1 5045962388918.129
a 9 58 0 1 10892682610008.852
a 9 59 0 1 18594170570002.75
a 9 60 0 1 14865850772715.906
a 9 61 0 1 15659832480937.676
a 9 62 0 1 17331396193293.059
a 9 63 0 1 7684416229481.497
a 9 64 0 1 10340486685813.723
a 9 65 0 1 12616662785934.582
a 9 66 0 1 18522690228426.82
a 9 67 0 1 10269978767436.688
a 9 68 0 1 18569878609721.703
a 9 69 0 1 8885808281644.61
a 9 70 0 1 4316040596024.7095
a 9 71 0 1 16530423834624.078
a 9 72 0 1 5621211883156.423
a 9 73 0 1 4334753212704.464
a 9 74 0 1 14826763189871.88
a 9 75 0 1 12724157258517.943
a 9 76 0 1 6485326385113.443
a 9 77 0 1 16138282598365.38
a 9 78 0 1 11529658600015.277
a 9 79 0 1 14190226219955.447
a 10 15 0 1 13415776933048.26
a 10 16 0 1 8478413748742.617
a 10 17 0 1 26829623177368.57
a 10 18 0 1 9387364311013.615
a 10 19 0 1 7793405557272.204
a 10 20 0 1 7302896405800.363
a 10 21 0 1 12552124937533.365
a 10 22 0 1 12870464645694.695
a 10 23 0 1 7389920715103.583
a 10 24 0 1 28428202196829.473
a 10 25 0 1 12877937661865.115
a 10 26 0 1 7835330230434.776
a 10 27 0 1 17385914655502.277
a 10 28 0 1 12482082826259.197
a 10 29 0 1 26820478141846.277
a 10 30 0 1 15179812363533.861
a 10 31 0 1 9226398758917.58
a 10 32 0 1 24080131413668.246
a 10 33 0 1 28409391955804.586
a 10 34 0 1 12033057613717.701
a 10 35 0 1 18008057365946.445
a 10 36 0 1 19390724674712.305
a 10 37 0 1 13588718108460.617
a 10 38 0 1 14716524152351.672
a 10 39 0 1 9242953495939.14
a 10 40 0 1 22189214991987.586
a 10 41 0 1 25697753355061.41
a 10 42 0 1 9309727705243.717
a 10 43 0 1 11081506186890.018
a 10 44 0 1 29484894068361.992
a 10 45 0 1 26342626874224.938
a 10 46 0 1 12041910158438.83
a 10 47 0 1 29832735096682.676
a 10 48 0 1 18692297143962.38
a 10 49 0 1 19682691764507.47
a 10 50 0 1 17919708841329.754
a 10 51 0 1 10957419097503.041
a 10 52 0 1 6952332753323.216
a 10 53 0 1 29704662705190.09
a 10 54 0 1 11715200925893.174
a 10 55 0 1 10769135224081.484
a 10 56 0 1 25375556547458.84
a 10 57 0 1 7948311766880.49
a 10 58 0 1 17164615544649.283
a 10 59 0 1 29315559715593.793
a 10 60 0 1 23431686560370.844
a 10 61 0 1 24684469479036.27
a 10 62 0 1 27322376687947.434
a 10 63 0 1 12106474812346.004
a 10 64 0 1 16293871995868.459
a 10 65 0 1 19883526636579.477
a 10 66 0 1 29202725063639.54
a 10 67 0 1 16182694470937.39
a 10 68 0 1 29277213739087.754
a 10 69 0 1 14000332690629.531
a 10 70 0 1 6798223005760.265
a 10 71 0 1 26058282969266.45
a 10 72 0 1 8854772183004.715
a 10 73 0 1 6827705829860.543
a 10 74 0 1 23370015690755.164
a 10 75 0 1 20053078171491.906
a 10 76 0 1 10216547114109.895
a 10 77 0 1 25439455236590.33
a 10 78 0 1 18169125939327.77
a 10 79 0 1 22365757518952.84
a 11 15 0 1 2569949113068.322
a 11 16 0 1 1624885701427.48
a 11 17 0 1 5133117831363.223
a 11 18 0 1 1798933680940.8535
a 11 19 0 1 1493699268258.9458
a 11 20 0 1 1399751213409.4714
a 11 21 0 1 2404699694757.839
a 11 22 0 1 2465613260185.2153
a 11 23 0 1 1416419753860.0728
a 11 24 0 1 5438153484870.256
a 11 25 0 1 2467043161138.0044
a 11 26 0 1 1501728774514.432
a 11 27 0 1 3329245411666.951
a 11 28 0 1 2391296814471.462
a 11 29 0 1 5131372544028.978
a 11 30 0 1 2907393504883.234
a 11 31 0 1 1768113766530.8833
a 11 32 0 1 4608256193220.689
a 11 33 0 1 5434564704033.718
a 11 34 0 1 2305369621609.612
a 11 35 0 1 3448180503032.626
a 11 36 0 1 3712455824462.88
a 11 37 0 1 2603036132878.646
a 11 38 0 1 2818781296125.4844
a 11 39 0 1 1771283528197.2175
a 11 40 0 1 4247135429990.296
a 11 41 0 1 4917083166277.088
a 11 42 0 1 1784068792436.054
a 11 43 0 1 2123253333830.1035
a 11 44 0 1 5639738120519.996
a 11 45 0 1 5040172723182.567
a 11 46 0 1 2307063748060.3716
a 11 47 0 1 5706086915058.406
a 11 48 0 1 3578970785871.08
a 11 49 0 1 3768252084063.66
a 11 50 0 1 3431291745246.1636
a 11 51 0 1 2099502076233.9988
a 11 52 0 1 1332601902238.3
a 11 53 0 1 5681658299377.237
a 11 54 0 1 2244538999673.6206
a 11 55 0 1 2063461994667.5127
a 11 56 0 1 4855578648006.778
a 11 57 0 1 1523366936602.9214
a 11 58 0 1 3286936313121.8184
a 11 59 0 1 5607436952354.869
a 11 60 0 1 4484432739846.614
a 11 61 0 1 4723643792013.48
a 11 62 0 1 5227153141532.535
a 11 63 0 1 2319419510589.478
a 11 64 0 1 3120446168131.5923
a 11 65 0 1 3806630794489.697
a 11 66 0 1 5585912749943.96
a 11 67 0 1 3099186573697.9316
a 11 68 0 1 5600122170790.659
a 11 69 0 1 2681781744597.767
a 11 70 0 1 1303081301843.0457
a 11 71 0 1 4985900701194.216
a 11 72 0 1 1696955267389.9983
a 11 73 0 1 1308728970328.5315
a 11 74 0 1 4472655631721.623
a 11 75 0 1 3839030271438.785
a 11 76 0 1 1957681856514.262
a 11 77 0 1 4867776635578.479
a 11 78 0 1 3478969754522.5312
a 11 79 0 1 4280856303039.232
a 12 15 0 1 10137250895033.16
a 12 16 0 1 6407362607953.904
a 12 17 0 1 20265385836244.8
a 12 18 0 1 7094099322109.738
a 12 19 0 1 5889797189231.808
a 12 20 0 1 5519175384006.084
a 12 21 0 1 9484887308142.396
a 12 22 0 1 9725350393528.652
a 12 23 0 1 5584930472789.239
a 12 24 0 1 21471882988052.97
a 12 25 0 1 9730995206253.955
a 12 26 0 1 5921474407086.185
a 12 27 0 1 13135704692101.848
a 12 28 0 1 9431979279442.795
a 12 29 0 1 20258483481051.574
a 12 30 0 1 11469624707832.914
a 12 31 0 1 6972488057750.921
a 12 32 0 1 18190004403830.793
a 12 33 0 1 21457686949236.05
a 12 34 0 1 9092792100584.004
a 12 35 0 1 13605518307467.19
a 12 36 0 1 14649586176359.455
a 12 37 0 1 10267879009197.95
a 12 38 0 1 11119716509082.395
a 12 39 0 1 6984995396479.41
a 12 40 0 1 16762509020650.473
a 12 41 0 1 19411062726919.996
a 12 42 0 1 7035444140798.752
a 12 43 0 1 8373975506490.347
a 12 44 0 1 22269341306362.695
a 12 45 0 1 19897812981735.914
a 12 46 0 1 9099479268269.604
a 12 47 0 1 22531837616415.22
a 12 48 0 1 14122205748958.998
a 12 49 0 1 14870043449212.754
a 12 50 0 1 13538802561231.127
a 12 51 0 1 8280235370102.908
a 12 52 0 1 5254288157633.85
a 12 53 0 1 22435189093822.46
a 12 54 0 1 8852682550799.62
a 12 55 0 1 8137997275127.416
a 12 56 0 1 19167862076097.25
a 12 57 0 1 6006840013360.815
a 12 58 0 1 12968585789162.867
a 12 59 0 1 22141552205875.84
a 12 60 0 1 17700495945024.297
a 12 61 0 1 18646200694095.85
a 12 62 0 1 20637293801737.793
a 12 63 0 1 9148250981733.43
a 12 64 0 1 12311004359677.814
a 12 65 0 1 15021686886014.42
a 12 66 0 1 22056400236630.137
a 12 67 0 1 12227041292623.303
a 12 68 0 1 22112614034085.457
a 12 69 0 1 10578779817731.564
a 12 70 0 1 5137840593935.591
a 12 71 0 1 19683192508967.367
a 12 72 0 1 6691715838586.508
a 12 73 0 1 5160118322179.816
a 12 74 0 1 17653939916233.027
a 12 75 0 1 15149708024259.701
a 12 76 0 1 7720538689099.358
a 12 77 0 1 19216094447497.04
a 12 78 0 1 13727147214786.625
a 12 79 0 1 16895791395980.076
a 13 15 0 1 6656451225337.197
a 13 16 0 1 4207904692186.036
a 13 17 0 1 13301586828812.154
a 13 18 0 1 4658778565578.374
a 13 19 0 1 3868083283914.0312
a 13 20 0 1 3624733086992.2817
a 13 21 0 1 6228248543543.558
a 13 22 0 1 6386087849603.419
a 13 23 0 1 3667908384410.162
a 13 24 0 1 14092822214309.03
a 13 25 0 1 6389793053034.9
a 13 26 0 1 3888882207471.3975
a 13 27 0 1 8624311683391.994
a 13 28 0 1 6193519456384.775
a 13 29 0 1 13297059963368.803
a 13 30 0 1 7530934801635.381
a 13 31 0 1 4578937026002.24
a 13 32 0 1 11940349659318.08
a 13 33 0 1 14083512720679.406
a 13 34 0 1 5970871890537.427
a 13 35 0 1 8932604159624.107
a 13 36 0 1 9617682178159.475
a 13 37 0 1 6742191106141.808
a 13 38 0 1 7301286728739.403
a 13 39 0 1 4587148514416.397
a 13 40 0 1 11003929306537.219
a 13 41 0 1 12741265676699.568
a 13 42 0 1 4620269728868.065
a 13 43 0 1 5499010119906.196
a 13 44 0 1 14615763467876.855
a 13 45 0 1 13060513081478.162
a 13 46 0 1 5975261505720.664
a 13 47 0 1 14787890812614.082
a 13 48 0 1 9271642079416.2
a 13 49 0 1 9762330697533.89
a 13 50 0 1 8888825874422.209
a 13 51 0 1 5437473131627.443
a 13 52 0 1 3450803821777.2876
a 13 53 0 1 14724515658088.105
a 13 54 0 1 5813256758979.042
a 13 55 0 1 5344098126930.116
a 13 56 0 1 12581751796246.836
a 13 57 0 1 3944932095163.3867
a 13 58 0 1 8514645216516.7295
a 13 59 0 1 14531966713537.557
a 13 60 0 1 11619249738371.13
a 13 61 0 1 12239586787881.719
a 13 62 0 1 13545496624867.998
a 13 63 0 1 6007276342843.816
a 13 64 0 1 8083114224841.028
a 13 65 0 1 9861826963587.883
a 13 66 0 1 14476128470350.242
a 13 67 0 1 8028012716021.84
a 13 68 0 1 14512990604257.516
a 13 69 0 1 6946252328314.672
a 13 70 0 1 3374341302993.363
a 13 71 0 1 12919750360655.818
a 13 72 0 1 4394598485831.433
a 13 73 0 1 3388969497020.216
a 13 74 0 1 11588710011621.49
a 13 75 0 1 9945823241085.082
a 13 76 0 1 5070043132718.929
a 13 77 0 1 12613387370106.152
a 13 78 0 1 9012415382571.242
a 13 79 0 1 11091365474650.877
a 14 15 0 1 9258151948595.898
a 14 16 0 1 5851936235112.779
a 14 17 0 1 18506105162499.27
a 14 18 0 1 6479098316062.311
a 14 19 0 1 5379264099815.425
a 14 20 0 1 5040786783764.813
a 14 21 0 1 8662417545174.158
a 14 22 0 1 8882007855380.004
a 14 23 0 1 5100839034892.0625
a 14 24 0 1 19607627153693.09
a 14 25 0 1 8887162672081.791
a 14 26 0 1 5408193797033.294
a 14 27 0 1 11996221534066.564
a 14 28 0 1 8614101919191.269
a 14 29 0 1 18499803292300.582
a 14 30 0 1 10474843359166.46
a 14 31 0 1 6368037495282.31
a 14 32 0 1 16611236677298.965
a 14 33 0 1 19594666441642.715
a 14 34 0 1 8304354882945.727
a 14 35 0 1 12425221894700.27
a 14 36 0 1 13378575938445.025
a 14 37 0 1 9377439803186.025
a 14 38 0 1 10155318827275.8
a 14 39 0 1 6379459766286.831
a 14 40 0 1 15307856567356.287
a 14 41 0 1 17726099079513.56
a 14 42 0 1 6425531826827.385
a 14 43 0 1 7647921865051.536
a 14 44 0 1 20335685432514.2
a 14 45 0 1 18170508873847.82
a 14 46 0 1 8310461650485.417
a 14 47 0 1 20575335051314.06
a 14 48 0 1 12897019442500.861
a 14 49 0 1 13579876237195.092
a 14 50 0 1 12364302068474.318
a 14 51 0 1 7562316412003.88
a 14 52 0 1 4798872020230.55
a 14 53 0 1 20487098599151.43
a 14 54 0 1 8085084649355.098
a 14 55 0 1 7432421302640.864
a 14 56 0 1 17504051858765.117
a 14 57 0 1 5486155134020.553
a 14 58 0 1 11843619472354.203
a 14 59 0 1 20219018158304.86
a 14 60 0 1 16164293306572.477
a 14 61 0 1 17027760587289.0
a 14 62 0 1 18845656919354.598
a 14 63 0 1 8355000290096.263
a 14 64 0 1 11243154128735.986
a 14 65 0 1 13718341868647.207
a 14 66 0 1 20141277026203.023
a 14 67 0 1 11166483341669.291
a 14 68 0 1 20192598511305.73
a 14 69 0 1 9661349029090.76
a 14 70 0 1 4692523018512.176
a 14 71 0 1 17974557912788.91
a 14 72 0 1 6111622774168.712
a 14 73 0 1 4712868797432.1455
a 14 74 0 1 16121785317740.156
a 14 75 0 1 13835237650759.81
a 14 76 0 1 7051186360621.215
a 14 77 0 1 17548089096711.47
a 14 78 0 1 12536284100517.475
a 14 79 0 1 15429552125542.459
a 15 1 0 2 0
a 16 1 0 2 0
a 17 1 0 2 0
a 18 1 0 2 0
a 19 1 0 2 0
a 20 1 0 2 0
a 21 1 0 2 0
a 22 1 0 2 0
a 23 1 0 2 0
a 24 1 0 2 0
a 25 1 0 2 0
a 26 1 0 2 0
a 27 1 0 2 0
a 28 1 0 2 0
a 29 1 0 2 0
a 30 1 0 2 0
a 31 1 0 2 0
a 32 1 0 2 0
a 33 1 0 2 0
a 34 1 0 2 0
a 35 1 0 2 0
a 36 1 0 2 0
a 37 1 0 2 0
a 38 1 0 2 0
a 39 1 0 2 0
a 40 1 0 2 0
a 41 1 0 2 0
a 42 1 0 2 0
a 43 1 0 2 0
a 44 1 0 2 0
a 45 1 0 2 0
a 46 1 0 2 0
a 47 1 0 2 0
a 48 1 0 2 0
a 49 1 0 2 0
a 50 1 0 2 0
a 51 1 0 2 0
a 52 1 0 2 0
a 53 1 0 2 0
a 54 1 0 2 0
a 55 1 0 2 0
a 56 1 0 2 0
a 57 1 0 2 0
a 58 1 0 2 0
a 59 1 0 2 0
a 60 1 0 2 0
a 61 1 0 2 0
a 62 1 0 2 0
a 63 1 0 2 0
a 64 1 0 2 0
a 65 1 0 2 0
a 66 1 0 2 0
a 67 1 0 2 0
a 68 1 0 2 0
a 69 1 0 2 0
a 70 1 0 2 0
a 71 1 0 2 0
a 72 1 0 2 0
a 73 1 0 2 0
a 74 1 0 2 0
a 75 1 0 2 0
a 76 1 0 2 0
a 77 1 0 2 0
a 78 1 0 2 0
a 79 1 0 2 0
