p min 81 937
n 0 13
n 1 -13
a 0 2 0 1 0
a 0 3 0 1 0
a 0 4 0 1 0
a 0 5 0 1 0
a 0 6 0 1 0
a 0 7 0 1 0
a 0 8 0 1 0
a 0 9 0 1 0
a 0 10 0 1 0
a 0 11 0 1 0
a 0 12 0 1 0
a 0 13 0 1 0
a 0 14 0 1 0
a 2 15 0 1 4161468504441.2417
a 2 16 0 1 9769200319738.744
a 2 17 0 1 12133474922441.43
a 2 18 0 1 12423674046562.994
a 2 19 0 1 5379236429407.848
a 2 20 0 1 13873969619003.137
a 2 21 0 1 11436905364125.49
a 2 22 0 1 12239158974514.182
a 2 23 0 1 10454352977637.303
a 2 24 0 1 7668670912112.733
a 2 25 0 1 5738226790981.092
a 2 26 0 1 4582439644735.229
a 2 27 0 1 12636393003083.36
a 2 28 0 1 11610626490660.47
a 2 29 0 1 16477992799948.41
a 2 30 0 1 4625377497117.532
a 2 31 0 1 15758539680954.209
a 2 32 0 1 14365797059956.715
a 2 33 0 1 6188803979514.832
a 2 34 0 1 15490023397689.682
a 2 35 0 1 13938910377463.998
a 2 36 0 1 9083717169227.736
a 2 37 0 1 6354858636438.538
a 2 38 0 1 5517497128539.671
a 2 39 0 1 12430810841436.35
a 2 40 0 1 8541117923346.024
a 2 41 0 1 7333567409909.468
a 2 42 0 1 8473772651044.748
a 2 43 0 1 15574763194454.6
a 2 44 0 1 9637231616988.42
a 2 45 0 1 6064102433777.212
a 2 46 0 1 6881294699595.245
a 2 47 0 1 13762590888640.354
a 2 48 0 1 7557542000404.393
a 2 49 0 1 11851510285715.057
a 2 50 0 1 8175799490094.208
a 2 51 0 1 9455835733916.814
a 2 52 0 1 10636301915205.576
a 2 53 0 1 9410018168456.557
a 2 54 0 1 10855733663354.697
a 2 55 0 1 8681128559384.11
a 2 56 0 1 7603726580403.678
a 2 57 0 1 5951587427175.399
a 2 58 0 1 8402116449551.515
a 2 59 0 1 11038972524078.252
a 2 60 0 1 12393975776878.785
a 2 61 0 1 8638421981713.116
a 2 62 0 1 12730368178632.322
a 2 63 0 1 6880452105057.574
a 2 64 0 1 12296909669263.46
a 2 65 0 1 12173917817157.17
a 2 66 0 1 11127991482688.158
a 2 67 0 1 8397019744640.159
a 2 68 0 1 4262407517800.897
a 2 69 0 1 11673296729801.393
a 2 70 0 1 12236541338473.055
a 2 71 0 1 7979218160006.03
a 2 72 0 1 8656846585456.133
a 2 73 0 1 4542550156565.463
a 2 74 0 1 6080981749533.918
a 2 75 0 1 11853037496443.041
a 2 76 0 1 4973820053631.16
a 2 77 0 1 16234274085623.781
a 2 78 0 1 3740760398704.2007
a 2 79 0 1 13771386849171.188
a 2 80 0 1 12447398488592.432
a 3 15 0 1 7098407090846.455
a 3 16 0 1 16671375124269.105
a 3 17 0 1 20710053968859.176
a 3 18 0 1 21205882497855.82
a 3 19 0 1 9176517961884.807
a 3 20 0 1 23684180993786.5
a 3 21 0 1 19520004680524.3
a 3 22 0 1 20890620948436.348
a 3 23 0 1 17841599909288.35
a 3 24 0 1 13084534045465.7
a 3 25 0 1 9789210620514.057
a 3 26 0 1 7816744296078.409
a 3 27 0 1 21569344845083.27
a 3 28 0 1 19816784642508.535
a 3 29 0 1 28135468980681.74
a 3 30 0 1 7890015401011.3
a 3 31 0 1 26905454587687.3
a 3 32 0 1 24524760290834.38
a 3 33 0 1 10558266147778.209
a 3 34 0 1 26446422264590.25
a 3 35 0 1 23795166982431.47
a 3 36 0 1 15500716639947.152
a 3 37 0 1 10841706285398.709
a 3 38 0 1 9412484726074.521
a 3 39 0 1 21218076581316.4
a 3 40 0 1 14574165994919.97
a 3 41 0 1 12512428473197.15
a 3 42 0 1 14459171907602.57
a 3 43 0 1 26591283951790.355
a 3 44 0 1 16445990663905.652
a 3 45 0 1 10345417031843.838
a 3 46 0 1 11740335227213.06
a 3 47 0 1 23493833654435.492
a 3 48 0 1 12894805711693.691
a 3 49 0 1 20228317208334.547
a 3 50 0 1 13950388871743.402
a 3 51 0 1 16136199263912.389
a 3 52 0 1 18152386423604.35
a 3 53 0 1 16057952587618.26
a 3 54 0 1 18527209495820.52
a 3 55 0 1 14813242424653.709
a 3 56 0 1 12973655373186.607
a 3 57 0 1 10153372440668.107
a 3 58 0 1 14336818163796.955
a 3 59 0 1 18840219842870.61
a 3 60 0 1 21155139538683.62
a 3 61 0 1 14740317843097.01
a 3 62 0 1 21729919591882.363
a 3 63 0 1 11738896852668.81
a 3 64 0 1 20989292482547.1
a 3 65 0 1 20779152497311.027
a 3 66 0 1 18992286241782.86
a 3 67 0 1 14328115539108.27
a 3 68 0 1 7270643034611.785
a 3 69 0 1 19923850663437.625
a 3 70 0 1 20886148536579.117
a 3 71 0 1 13614743819230.328
a 3 72 0 1 14771779129247.662
a 3 73 0 1 7748675517083.389
a 3 74 0 1 10374227548104.188
a 3 75 0 1 20230926389145.77
a 3 76 0 1 8484632561743.595
a 3 77 0 1 27718778621515.273
a 3 78 0 1 6380567856298.402
a 3 79 0 1 23508865911123.1
a 3 80 0 1 21246418652081.977
a 4 15 0 1 5709246293416.169
a 4 16 0 1 13405887198883.281
a 4 17 0 1 16651976505480.537
a 4 18 0 1 17050457996567.285
a 4 19 0 1 7380324460956.144
a 4 20 0 1 19042053123734.633
a 4 21 0 1 15695535605684.715
a 4 22 0 1 16797093431575.533
a 4 23 0 1 14346516669190.076
a 4 24 0 1 10522466055222.627
a 4 25 0 1 7872981137526.245
a 4 26 0 1 6286902877778.014
a 4 27 0 1 17342555357710.166
a 4 28 0 1 15934062049065.52
a 4 29 0 1 22618609437701.793
a 4 30 0 1 6345823368650.961
a 4 31 0 1 21630379709332.61
a 4 32 0 1 19717503639509.664
a 4 33 0 1 8491347501123.543
a 4 34 0 1 21261565547805.465
a 4 35 0 1 19131237785463.812
a 4 36 0 1 12464859368894.93
a 4 37 0 1 8719244810841.245
a 4 38 0 1 7570063293304.957
a 4 39 0 1 17060257877930.902
a 4 40 0 1 11720021103295.438
a 4 41 0 1 10062513648153.451
a 4 42 0 1 11627577143302.049
a 4 43 0 1 21377956962569.63
a 4 44 0 1 13224716921814.69
a 4 45 0 1 8320206305602.574
a 4 46 0 1 9441759477224.576
a 4 47 0 1 18889095268747.69
a 4 48 0 1 10369932580764.207
a 4 49 0 1 16264811562399.49
a 4 50 0 1 11218559757614.77
a 4 51 0 1 12975694997004.994
a 4 52 0 1 14596319252532.346
a 4 53 0 1 12912796838125.14
a 4 54 0 1 14897588185221.412
a 4 55 0 1 11912213552041.99
a 4 56 0 1 10433324498497.5
a 4 57 0 1 8165791564472.7705
a 4 58 0 1 11529216214750.613
a 4 59 0 1 15149170424177.195
a 4 60 0 1 17009677917519.744
a 4 61 0 1 11853590034271.82
a 4 62 0 1 17471600097929.229
a 4 63 0 1 9440603020296.63
a 4 64 0 1 16876392644424.854
a 4 65 0 1 16707509312941.299
a 4 66 0 1 15271392591774.992
a 4 67 0 1 11522220100441.465
a 4 68 0 1 5847752904666.406
a 4 69 0 1 16020111807749.557
a 4 70 0 1 16793499086256.117
a 4 71 0 1 10948725134131.861
a 4 72 0 1 11878881547160.518
a 4 73 0 1 6232165629618.007
a 4 74 0 1 8343371478950.729
a 4 75 0 1 16266908546399.846
a 4 76 0 1 6823973757905.007
a 4 77 0 1 22283834313726.89
a 4 78 0 1 5131971464558.944
a 4 79 0 1 18901174822170.285
a 4 80 0 1 17083035209045.975
a 5 15 0 1 3131152948416.71
a 5 16 0 1 7349321386752.897
a 5 17 0 1 9127337929265.33
a 5 18 0 1 9345561201459.076
a 5 19 0 1 4047279766666.523
a 5 20 0 1 10436096937058.709
a 5 21 0 1 8603518390737.24
a 5 22 0 1 9206810399223.889
a 5 23 0 1 7864604659358.406
a 5 24 0 1 5769449061350.577
a 5 25 0 1 4317336073979.758
a 5 26 0 1 3447856736265.7603
a 5 27 0 1 9505518817654.602
a 5 28 0 1 8734158436238.441
a 5 29 0 1 12393940246500.57
a 5 30 0 1 3480159189564.7656
a 5 31 0 1 11853046199912.678
a 5 32 0 1 10805901313474.102
a 5 33 0 1 4656282226942.983
a 5 34 0 1 11651166528857.447
a 5 35 0 1 10484926399417.16
a 5 36 0 1 6833769391814.678
a 5 37 0 1 4781194447584.405
a 5 38 0 1 4151289269188.0107
a 5 39 0 1 9350927866544.92
a 5 40 0 1 6425666102952.874
a 5 41 0 1 5517389964652.942
a 5 42 0 1 6375013055221.461
a 5 43 0 1 11714877123660.678
a 5 44 0 1 7250069270787.539
a 5 45 0 1 4562476509755.803
a 5 46 0 1 5177190560683.63
a 5 47 0 1 10352349979984.129
a 5 48 0 1 5685860337505.47
a 5 49 0 1 8915303343937.348
a 5 50 0 1 6150893297897.406
a 5 51 0 1 7113642331118.538
a 5 52 0 1 8001439746228.625
a 5 53 0 1 7079182945004.898
a 5 54 0 1 8166461969963.08
a 5 55 0 1 6530973026862.415
a 5 56 0 1 5720599427428.686
a 5 57 0 1 4477837444200.35
a 5 58 0 1 6321117373054.712
a 5 59 0 1 8304263983251.529
a 5 60 0 1 9323228930814.58
a 5 61 0 1 6498851996883.096
a 5 62 0 1 9576184421030.914
a 5 63 0 1 5176556753119.554
a 5 64 0 1 9250237660433.4
a 5 65 0 1 9157750301423.81
a 5 66 0 1 8371208824121.443
a 5 67 0 1 6317283915742.13
a 5 68 0 1 3207091787319.713
a 5 69 0 1 8781286772317.431
a 5 70 0 1 9204841990695.59
a 5 71 0 1 6003033062450.15
a 5 72 0 1 6512709760524.455
a 5 73 0 1 3417847518276.5425
a 5 74 0 1 4575173875939.042
a 5 75 0 1 8916451800318.797
a 5 76 0 1 3742292090046.942
a 5 77 0 1 12210711894073.1
a 5 78 0 1 2814639449706.899
a 5 79 0 1 10358963783938.848
a 5 80 0 1 9363401293077.701
a 6 15 0 1 6082430747413.274
a 6 16 0 1 14282989992849.686
a 6 17 0 1 17741894346158.03
a 6 18 0 1 18166512142077.08
a 6 19 0 1 7862837730686.711
a 6 20 0 1 20288773822561.77
a 6 21 0 1 16722731145120.56
a 6 22 0 1 17896529160561.734
a 6 23 0 1 15285270105733.482
a 6 24 0 1 11210672579202.297
a 6 25 0 1 8387734591433.825
a 6 26 0 1 6697874935824.47
a 6 27 0 1 18477769721842.113
a 6 28 0 1 16976898502444.125
a 6 29 0 1 24100144759087.293
a 6 30 0 1 6760650031826.969
a 6 31 0 1 23047013358654.914
a 6 32 0 1 21008554469567.902
a 6 33 0 1 9046573283030.637
a 6 34 0 1 22653981477285.16
a 6 35 0 1 20383811294092.83
a 6 36 0 1 13280299646280.889
a 6 37 0 1 9289388112069.338
a 6 38 0 1 8064992892491.194
a 6 39 0 1 18176954827490.617
a 6 40 0 1 12486664625782.393
a 6 41 0 1 10720600511633.633
a 6 42 0 1 12388164986105.611
a 6 43 0 1 22778015351787.367
a 6 44 0 1 14089947105621.922
a 6 45 0 1 8864230212715.201
a 6 46 0 1 10059202078046.443
a 6 47 0 1 20125778292696.887
a 6 48 0 1 11048150180568.502
a 6 49 0 1 17329337795340.098
a 6 50 0 1 11952355953741.94
a 6 51 0 1 13824606917903.639
a 6 52 0 1 15551447616119.371
a 6 53 0 1 13757587236710.86
a 6 54 0 1 15872466505933.383
a 6 55 0 1 12691447367563.008
a 6 56 0 1 11115693384683.988
a 6 57 0 1 8699708813649.308
a 6 58 0 1 12283360928819.771
a 6 59 0 1 16140542564510.904
a 6 60 0 1 18123057190108.832
a 6 61 0 1 12628983431680.924
a 6 62 0 1 18615279629885.195
a 6 63 0 1 10057969907163.24
a 6 64 0 1 17981029571170.94
a 6 65 0 1 17801069383813.844
a 6 66 0 1 16270778027644.86
a 6 67 0 1 12275906540241.54
a 6 68 0 1 6229997328205.96
a 6 69 0 1 17068591033661.361
a 6 70 0 1 17892699066236.35
a 6 71 0 1 11664847969298.145
a 6 72 0 1 12655931781121.756
a 6 73 0 1 6639556802086.127
a 6 74 0 1 8888911611661.12
a 6 75 0 1 17331572300263.057
a 6 76 0 1 7270083296346.127
a 6 77 0 1 23743381622954.215
a 6 78 0 1 5467398636394.049
a 6 79 0 1 20138650538552.586
a 6 80 0 1 18201226199058.69
a 7 15 0 1 3580091278904.5645
a 7 16 0 1 8403637547040.378
a 7 17 0 1 10437030762589.95
a 7 18 0 1 10686605701708.846
a 7 19 0 1 4627640491490.253
a 7 20 0 1 11933843356756.123
a 7 21 0 1 9837962552954.0
a 7 22 0 1 10527920662337.09
a 7 23 0 1 8992918697260.162
a 7 24 0 1 6596948319576.731
a 7 25 0 1 4936443605877.757
a 7 26 0 1 3942224023615.4224
a 7 27 0 1 10869545228036.447
a 7 28 0 1 9987368566856.172
a 7 29 0 1 14173127218630.967
a 7 30 0 1 3979160252186.25
a 7 31 0 1 13554464985407.19
a 7 32 0 1 12356796105617.201
a 7 33 0 1 5324024557655.505
a 7 34 0 1 13323562476132.725
a 7 35 0 1 11989690304395.232
a 7 36 0 1 7814059131930.828
a 7 37 0 1 5466861311919.714
a 7 38 0 1 4746572615419.758
a 7 39 0 1 10692743406693.05
a 7 40 0 1 7347364755803.539
a 7 41 0 1 6308710681799.82
a 7 42 0 1 7289439926706.547
a 7 43 0 1 13396432134025.268
a 7 44 0 1 8290133364118.9375
a 7 45 0 1 5216758385530.457
a 7 46 0 1 5919685591197.779
a 7 47 0 1 11838060986002.316
a 7 48 0 1 6501361674634.637
a 7 49 0 1 10194535351340.969
a 7 50 0 1 7033146568942.819
a 7 51 0 1 8134116861772.855
a 7 52 0 1 9149405839525.516
a 7 53 0 1 8094709559081.364
a 7 54 0 1 9338129256055.188
a 7 55 0 1 7467789914156.1875
a 7 56 0 1 6541087013422.428
a 7 57 0 1 5119974499827.164
a 7 58 0 1 7227807055164.742
a 7 59 0 1 9495723769017.531
a 7 60 0 1 10661064919143.932
a 7 61 0 1 7431057431075.572
a 7 62 0 1 10950364020121.035
a 7 63 0 1 5918960823153.475
a 7 64 0 1 10577587011491.967
a 7 65 0 1 10471812306626.416
a 7 66 0 1 9572284154897.336
a 7 67 0 1 7223423276221.33
a 7 68 0 1 3666922671124.338
a 7 69 0 1 10041266875826.4
a 7 70 0 1 10525669459080.219
a 7 71 0 1 6864061238386.172
a 7 72 0 1 7446904678662.443
a 7 73 0 1 3907910029442.8066
a 7 74 0 1 5231277714228.773
a 7 75 0 1 10195848790045.355
a 7 76 0 1 4278897480230.6733
a 7 77 0 1 13963553581165.3
a 7 78 0 1 3218179903451.4707
a 7 79 0 1 11845625261006.51
a 7 80 0 1 10707008920485.434
a 8 15 0 1 2387974956173.7686
a 8 16 0 1 5604316470736.924
a 8 17 0 1 6959826743675.471
a 8 18 0 1 7126185000043.031
a 8 19 0 1 3086582134437.4746
a 8 20 0 1 7957503880423.162
a 8 21 0 1 6560495024783.523
a 8 22 0 1 7020411261509.148
a 8 23 0 1 5997167651622.551
a 8 24 0 1 4399755192555.465
a 8 25 0 1 3292511219227.146
a 8 26 0 1 2629486459257.0654
a 8 27 0 1 7248124307835.332
a 8 28 0 1 6660089009552.205
a 8 29 0 1 9449849582613.754
a 8 30 0 1 2654119381010.8745
a 8 31 0 1 9037574712146.928
a 8 32 0 1 8239395673507.352
a 8 33 0 1 3550967352509.2627
a 8 34 0 1 8883696871978.617
a 8 35 0 1 7994725575183.461
a 8 36 0 1 5211249333154.719
a 8 37 0 1 3646215284473.0884
a 8 38 0 1 3165894034631.0723
a 8 39 0 1 7130276147494.819
a 8 40 0 1 4900095374412.502
a 8 41 0 1 4207565080420.618
a 8 42 0 1 4861475018965.542
a 8 43 0 1 8932258897831.85
a 8 44 0 1 5528645536919.987
a 8 45 0 1 3479438290323.448
a 8 46 0 1 3948165513615.616
a 8 47 0 1 7893665066045.243
a 8 48 0 1 4336020725481.071
a 8 49 0 1 6798184409094.487
a 8 50 0 1 4690593894876.634
a 8 51 0 1 5424631427259.789
a 8 52 0 1 6101488652083.505
a 8 53 0 1 5398358910054.106
a 8 54 0 1 6227298060408.174
a 8 55 0 1 4980386169681.903
a 8 56 0 1 4362508512812.571
a 8 57 0 1 3414898700395.6885
a 8 58 0 1 4820382203287.678
a 8 59 0 1 6332354493046.055
a 8 60 0 1 7109160520234.145
a 8 61 0 1 4955895682409.578
a 8 62 0 1 7301993955222.622
a 8 63 0 1 3947682235461.348
a 8 64 0 1 7053517201652.708
a 8 65 0 1 6983011141716.293
a 8 66 0 1 6383391096955.287
a 8 67 0 1 4817459375388.464
a 8 68 0 1 2445884664005.8477
a 8 69 0 1 6696017318812.263
a 8 70 0 1 7018910681134.643
a 8 71 0 1 4577856041781.772
a 8 72 0 1 4966461456726.473
a 8 73 0 1 2606602253810.7627
a 8 74 0 1 3489120351679.5806
a 8 75 0 1 6799059927781.599
a 8 76 0 1 2854012782200.2153
a 8 77 0 1 9310192461094.504
a 8 78 0 1 2146604385898.3728
a 8 79 0 1 7898706661693.273
a 8 80 0 1 7139784958172.888
a 9 15 0 1 5702480656850.367
a 9 16 0 1 13389986728821.516
a 9 17 0 1 16632218532038.453
a 9 18 0 1 17030226287540.87
a 9 19 0 1 7371576862945.203
a 9 20 0 1 19019453051675.83
a 9 21 0 1 15676914521932.602
a 9 22 0 1 16777162940587.723
a 9 23 0 1 14329498694611.322
a 9 24 0 1 10509989696015.816
a 9 25 0 1 7863649084802.747
a 9 26 0 1 6279452204958.322
a 9 27 0 1 17321976360527.275
a 9 28 0 1 15915157460218.37
a 9 29 0 1 22591753475872.613
a 9 30 0 1 6338302817588.447
a 9 31 0 1 21604700032260.023
a 9 32 0 1 19694100089530.617
a 9 33 0 1 8481281766448.442
a 9 34 0 1 21236324799828.277
a 9 35 0 1 19108531631503.13
a 9 36 0 1 12450076634739.395
a 9 37 0 1 8708908653282.038
a 9 38 0 1 7561090609759.707
a 9 39 0 1 17040014517748.389
a 9 40 0 1 11706122903120.492
a 9 41 0 1 10050583280163.006
a 9 42 0 1 11613788714543.053
a 9 43 0 1 21352577700129.496
a 9 44 0 1 13209031661347.805
a 9 45 0 1 8310343637703.508
a 9 46 0 1 9430565890263.629
a 9 47 0 1 18866677129413.355
a 9 48 0 1 10357637294381.732
a 9 49 0 1 16245513829256.9
a 9 50 0 1 11205256983394.799
a 9 51 0 1 12960305531507.725
a 9 52 0 1 14579004462108.252
a 9 53 0 1 12897482082079.615
a 9 54 0 1 14879915403865.494
a 9 55 0 1 11898087127893.482
a 9 56 0 1 10420953960200.639
a 9 57 0 1 8156112109796.046
a 9 58 0 1 11515544580875.516
a 9 59 0 1 15131198674436.97
a 9 60 0 1 16989494691973.436
a 9 61 0 1 11839533225229.21
a 9 62 0 1 17450867666012.111
a 9 63 0 1 9429410805850.182
a 9 64 0 1 16856367878710.652
a 9 65 0 1 16687685321804.613
a 9 66 0 1 15253275592772.342
a 9 67 0 1 11508556773730.316
a 9 68 0 1 5840823023008.708
a 9 69 0 1 16001104939025.25
a 9 70 0 1 16773572868359.672
a 9 71 0 1 10935742728152.133
a 9 72 0 1 11864794704699.65
a 9 73 0 1 6224779872970.552
a 9 74 0 1 8333481324993.095
a 9 75 0 1 16247608320588.72
a 9 76 0 1 6815886097299.774
a 9 77 0 1 22257376862946.395
a 9 78 0 1 5125890320614.283
a 9 79 0 1 18878742315280.184
a 9 80 0 1 17062764768611.514
a 10 15 0 1 6871069159406.3
a 10 16 0 1 16136877309632.604
a 10 17 0 1 20045773734351.062
a 10 18 0 1 20525660825750.004
a 10 19 0 1 8882557089542.031
a 10 20 0 1 22924252862864.977
a 10 21 0 1 18893978664844.227
a 10 22 0 1 20220535489035.29
a 10 23 0 1 17269509092233.465
a 10 24 0 1 12665201002556.447
a 10 25 0 1 9475601312253.436
a 10 26 0 1 7566380410593.522
a 10 27 0 1 20877436336112.645
a 10 28 0 1 19181219563439.523
a 10 29 0 1 27232268976943.324
a 10 30 0 1 7637302638258.729
a 10 31 0 1 26041858789064.61
a 10 32 0 1 23737787645253.168
a 10 33 0 1 10219990206197.666
a 10 34 0 1 25597603682631.87
a 10 35 0 1 23031668316046.543
a 10 36 0 1 15003815951748.754
a 10 37 0 1 10494338238313.799
a 10 38 0 1 9110956955157.371
a 10 39 0 1 20537462833698.19
a 10 40 0 1 14107015658479.613
a 10 41 0 1 12111455841801.096
a 10 42 0 1 13995713455164.2
a 10 43 0 1 25737802130457.434
a 10 44 0 1 15918732108854.143
a 10 45 0 1 10013968421104.838
a 10 46 0 1 11364137440103.828
a 10 47 0 1 22740028991120.84
a 10 48 0 1 12481561822404.094
a 10 49 0 1 19579523658399.31
a 10 50 0 1 13503263758132.72
a 10 51 0 1 15618890492532.518
a 10 52 0 1 17570310066530.666
a 10 53 0 1 15543156809947.041
a 10 54 0 1 17933089190350.727
a 10 55 0 1 14338416239026.99
a 10 56 0 1 12557880908943.062
a 10 57 0 1 9828083558603.033
a 10 58 0 1 13877287773164.568
a 10 59 0 1 18236041006589.05
a 10 60 0 1 20476549389954.45
a 10 61 0 1 14267833036143.914
a 10 62 0 1 21032847630723.42
a 10 63 0 1 11362745215986.635
a 10 64 0 1 20316034636529.426
a 10 65 0 1 20112650774045.61
a 10 66 0 1 18383220526067.562
a 10 67 0 1 13868864534682.756
a 10 68 0 1 7037784498714.261
a 10 69 0 1 19284844127224.996
a 10 70 0 1 20216206867954.04
a 10 71 0 1 13178392823746.691
a 10 72 0 1 14298284204135.133
a 10 73 0 1 7500493701725.906
a 10 74 0 1 10041854832553.916
a 10 75 0 1 19582048964765.926
a 10 76 0 1 8212856531269.7705
a 10 77 0 1 26828996498155.65
a 10 78 0 1 6176236234322.078
a 10 79 0 1 22754577670055.08
a 10 80 0 1 20564893619727.11
a 11 15 0 1 3240085042384.044
a 11 16 0 1 7605131143060.173
a 11 17 0 1 9445102900532.555
a 11 18 0 1 9670931999351.95
a 11 19 0 1 4188099073635.11
a 11 20 0 1 10799482558541.67
a 11 21 0 1 8903028075362.66
a 11 22 0 1 9527345211808.174
a 11 23 0 1 8138366826387.6875
a 11 24 0 1 5970229982706.37
a 11 25 0 1 4467556437471.818
a 11 26 0 1 3567811408943.582
a 11 27 0 1 9836464936192.7
a 11 28 0 1 9038220757002.914
a 11 29 0 1 12825598830012.32
a 11 30 0 1 3601238165620.478
a 11 31 0 1 12265839804267.621
a 11 32 0 1 11182180133958.225
a 11 33 0 1 4818302659744.375
a 11 34 0 1 12056919717840.95
a 11 35 0 1 10850014390963.959
a 11 36 0 1 7071619580962.304
a 11 37 0 1 4947563814003.337
a 11 38 0 1 4295729228007.4834
a 11 39 0 1 9676485716034.65
a 11 40 0 1 6649301330296.923
a 11 41 0 1 5709393283443.07
a 11 42 0 1 6596884043449.857
a 11 43 0 1 12122852139460.451
a 11 44 0 1 7502421347810.023
a 11 45 0 1 4721231095510.929
a 11 46 0 1 5357347750909.339
a 11 47 0 1 10712815928512.117
a 11 48 0 1 5883730341013.364
a 11 49 0 1 9225678564280.723
a 11 50 0 1 6364958479435.019
a 11 51 0 1 7361241790492.589
a 11 52 0 1 8279969602554.479
a 11 53 0 1 7325581989323.9
a 11 54 0 1 8450741835320.596
a 11 55 0 1 6758276148929.238
a 11 56 0 1 5919679187992.016
a 11 57 0 1 4633645382628.785
a 11 58 0 1 6541111205009.607
a 11 59 0 1 8593345574042.817
a 11 60 0 1 9647821354608.55
a 11 61 0 1 6725036317078.263
a 11 62 0 1 9909593655937.965
a 11 63 0 1 5356691874344.36
a 11 64 0 1 9572286058586.857
a 11 65 0 1 9476575224050.188
a 11 66 0 1 8662623171734.043
a 11 67 0 1 6537144231454.826
a 11 68 0 1 3318666785640.791
a 11 69 0 1 9086991489252.123
a 11 70 0 1 9525308198017.51
a 11 71 0 1 6211948687873.611
a 11 72 0 1 6739376756965.743
a 11 73 0 1 3536757712553.6963
a 11 74 0 1 4734370516362.022
a 11 75 0 1 9226867045233.47
a 11 76 0 1 3872495055582.6426
a 11 77 0 1 12635979676333.322
a 11 78 0 1 2912556418801.1
a 11 79 0 1 10719660307615.082
a 11 80 0 1 9689393896604.94
a 12 15 0 1 5678473486616.862
a 12 16 0 1 13333565804958.312
a 12 17 0 1 16562109858577.3
a 12 18 0 1 16958436640998.615
a 12 19 0 1 7340536937205.642
a 12 20 0 1 18939259669558.51
a 12 21 0 1 15610839918615.117
a 12 22 0 1 16706442116792.426
a 12 23 0 1 14269112474429.314
a 12 24 0 1 10465718742242.81
a 12 25 0 1 7830535293502.267
a 12 26 0 1 6253014263041.196
a 12 27 0 1 17248954419402.137
a 12 28 0 1 15848076884239.002
a 12 29 0 1 22496458841239.74
a 12 30 0 1 6311616920931.046
a 12 31 0 1 21513579223887.867
a 12 32 0 1 19611055706670.99
a 12 33 0 1 8445564596911.69
a 12 34 0 1 21146761450505.477
a 12 35 0 1 19027961836187.934
a 12 36 0 1 12397621832885.293
a 12 37 0 1 8672231922620.084
a 12 38 0 1 7529251995569.029
a 12 39 0 1 16968183528995.367
a 12 40 0 1 11656806743721.365
a 12 41 0 1 10008249702549.033
a 12 42 0 1 11564862063533.273
a 12 43 0 1 21262522857670.46
a 12 44 0 1 13153374376824.01
a 12 45 0 1 8275347024910.373
a 12 46 0 1 9390846682473.336
a 12 47 0 1 18787129304050.95
a 12 48 0 1 10314008852970.94
a 12 49 0 1 16177038243870.137
a 12 50 0 1 11158053609564.002
a 12 51 0 1 12905697831854.562
a 12 52 0 1 14517565036424.145
a 12 53 0 1 12843139477965.035
a 12 54 0 1 14817205702701.875
a 12 55 0 1 11847961148054.363
a 12 56 0 1 10377058497562.902
a 12 57 0 1 8121765606054.684
a 12 58 0 1 11467032360087.5
a 12 59 0 1 15067428130544.406
a 12 60 0 1 16917877081073.826
a 12 61 0 1 11789654264710.389
a 12 62 0 1 17377301287260.818
a 12 63 0 1 9389696468250.588
a 12 64 0 1 16785312536489.89
a 12 65 0 1 16617342395321.99
a 12 66 0 1 15188989654622.738
a 12 67 0 1 11460074029751.459
a 12 68 0 1 5816233047961.326
a 12 69 0 1 15933661439265.684
a 12 70 0 1 16702867206925.844
a 12 71 0 1 10889676136675.69
a 12 72 0 1 11814809174860.115
a 12 73 0 1 6198572278485.796
a 12 74 0 1 8298387181390.01
a 12 75 0 1 16179123890369.934
a 12 76 0 1 6787187879684.157
a 12 77 0 1 22163496269594.832
a 12 78 0 1 5104311994792.285
a 12 79 0 1 18799143509131.96
a 12 80 0 1 16990837690046.36
a 13 15 0 1 3548949725444.751
a 13 16 0 1 8330497940608.804
a 13 17 0 1 10346172779841.959
a 13 18 0 1 10593572431408.734
a 13 19 0 1 4587381979780.988
a 13 20 0 1 11829937343908.52
a 13 21 0 1 9752325524757.135
a 13 22 0 1 10436270500343.293
a 13 23 0 1 8914645118537.434
a 13 24 0 1 6539544761226.288
a 13 25 0 1 4893497124093.877
a 13 26 0 1 3907931027898.2056
a 13 27 0 1 10774917383699.078
a 13 28 0 1 9900429513337.006
a 13 29 0 1 14049692572500.232
a 13 30 0 1 3944545806131.8457
a 13 31 0 1 13436426645975.156
a 13 32 0 1 12249202316861.988
a 13 33 0 1 5277704117664.879
a 13 34 0 1 13207537998038.357
a 13 35 0 1 11885297375691.926
a 13 36 0 1 7746055396617.295
a 13 37 0 1 5419297378379.365
a 13 38 0 1 4705278884025.692
a 13 39 0 1 10599656638782.514
a 13 40 0 1 7283425947533.218
a 13 41 0 1 6253817038782.425
a 13 42 0 1 7226005615853.187
a 13 43 0 1 13279772120439.008
a 13 44 0 1 8217982556654.078
a 13 45 0 1 5171371745713.489
a 13 46 0 1 5868179238539.503
a 13 47 0 1 11734990061729.574
a 13 48 0 1 6444790483848.659
a 13 49 0 1 10105790832505.27
a 13 50 0 1 6971944369985.252
a 13 51 0 1 8063325160265.903
a 13 52 0 1 9069768787641.361
a 13 53 0 1 8024261138603.411
a 13 54 0 1 9256847791422.904
a 13 55 0 1 7402802239297.663
a 13 56 0 1 6484169896981.828
a 13 57 0 1 5075430387553.628
a 13 58 0 1 7164909529669.941
a 13 59 0 1 9413069074325.305
a 13 60 0 1 10568254267216.957
a 13 61 0 1 7366389688054.228
a 13 62 0 1 10855031705682.39
a 13 63 0 1 5867460780861.735
a 13 64 0 1 10485503960010.271
a 13 65 0 1 10380651176434.094
a 13 66 0 1 9488962318747.74
a 13 67 0 1 7160563930525.099
a 13 68 0 1 3635025495521.0615
a 13 69 0 1 9953858104995.078
a 13 70 0 1 10434038918348.742
a 13 71 0 1 6804331567077.985
a 13 72 0 1 7382098909934.793
a 13 73 0 1 3873915660731.2334
a 13 74 0 1 5185764678476.295
a 13 75 0 1 10107092824276.633
a 13 76 0 1 4241674366772.9263
a 13 77 0 1 13841947035027.465
a 13 78 0 1 3190187605549.7866
a 13 79 0 1 11742488387477.375
a 13 80 0 1 10613797810873.424
a 14 15 0 1 6729081703128.483
a 14 16 0 1 15803067527193.312
a 14 17 0 1 19630921040079.5
a 14 18 0 1 20100853737704.754
a 14 19 0 1 8698961522529.453
a 14 20 0 1 22449675151580.85
a 14 21 0 1 18503013491069.266
a 14 22 0 1 19802057801489.27
a 14 23 0 1 16912223873656.467
a 14 24 0 1 12403309404615.367
a 14 25 0 1 9279734880352.332
a 14 26 0 1 7410012408444.611
a 14 27 0 1 20445331614194.6
a 14 28 0 1 18784297770945.26
a 14 29 0 1 26668232604982.2
a 14 30 0 1 7479467683776.483
a 14 31 0 1 25502550721332.16
a 14 32 0 1 23246323027968.5
a 14 33 0 1 10008719066396.633
a 14 34 0 1 25067522393334.023
a 14 35 0 1 22554861111565.566
a 14 36 0 1 14693484510899.69
a 14 37 0 1 10277388968733.895
a 14 38 0 1 8922635688847.084
a 14 39 0 1 20112410920674.254
a 14 40 0 1 13815262704478.318
a 14 41 0 1 11861030253980.814
a 14 42 0 1 13706266021712.445
a 14 43 0 1 25204809145482.98
a 14 44 0 1 15589443013511.064
a 14 45 0 1 9806961044626.867
a 14 46 0 1 11129183777126.137
a 14 47 0 1 22269274867154.92
a 14 48 0 1 12223472869994.664
a 14 49 0 1 19174341450972.926
a 14 50 0 1 13224016263071.076
a 14 51 0 1 15295814740246.523
a 14 52 0 1 17206789303941.322
a 14 53 0 1 15221650350914.379
a 14 54 0 1 17562047526463.78
a 14 55 0 1 14041869854243.305
a 14 56 0 1 12298211624266.408
a 14 57 0 1 9624923027927.156
a 14 58 0 1 13590293352894.66
a 14 59 0 1 17858718270895.312
a 14 60 0 1 20052761079706.785
a 14 61 0 1 13972748799082.475
a 14 62 0 1 20597518694649.79
a 14 63 0 1 11127820374150.576
a 14 64 0 1 19895575998883.78
a 14 65 0 1 19696410900577.258
a 14 66 0 1 18002846176233.992
a 14 67 0 1 13582044586868.703
a 14 68 0 1 6892349212851.445
a 14 69 0 1 18885773339862.207
a 14 70 0 1 19797818968496.0
a 14 71 0 1 12905873646722.846
a 14 72 0 1 14002569166789.291
a 14 73 0 1 7345488476432.548
a 14 74 0 1 9834270339095.527
a 14 75 0 1 19176814382731.117
a 14 76 0 1 8043115976851.185
a 14 77 0 1 26273338019456.895
a 14 78 0 1 6048617178864.748
a 14 79 0 1 22283521592386.477
a 14 80 0 1 20139272670372.145
a 15 1 0 3 0
a 16 1 0 3 0
a 17 1 0 3 0
a 18 1 0 3 0
a 19 1 0 3 0
a 20 1 0 3 0
a 21 1 0 3 0
a 22 1 0 3 0
a 23 1 0 3 0
a 24 1 0 3 0
a 25 1 0 3 0
a 26 1 0 3 0
a 27 1 0 3 0
a 28 1 0 3 0
a 29 1 0 3 0
a 30 1 0 3 0
a 31 1 0 3 0
a 32 1 0 3 0
a 33 1 0 3 0
a 34 1 0 3 0
a 35 1 0 3 0
a 36 1 0 3 0
a 37 1 0 3 0
a 38 1 0 3 0
a 39 1 0 3 0
a 40 1 0 3 0
a 41 1 0 3 0
a 42 1 0 3 0
a 43 1 0 3 0
a 44 1 0 3 0
a 45 1 0 3 0
a 46 1 0 3 0
a 47 1 0 3 0
a 48 1 0 3 0
a 49 1 0 3 0
a 50 1 0 3 0
a 51 1 0 3 0
a 52 1 0 3 0
a 53 1 0 3 0
a 54 1 0 3 0
a 55 1 0 3 0
a 56 1 0 3 0
a 57 1 0 3 0
a 58 1 0 3 0
a 59 1 0 3 0
a 60 1 0 3 0
a 61 1 0 3 0
a 62 1 0 3 0
a 63 1 0 3 0
a 64 1 0 3 0
a 65 1 0 3 0
a 66 1 0 3 0
a 67 1 0 3 0
a 68 1 0 3 0
a 69 1 0 3 0
a 70 1 0 3 0
a 71 1 0 3 0
a 72 1 0 3 0
a 73 1 0 3 0
a 74 1 0 3 0
a 75 1 0 3 0
a 76 1 0 3 0
a 77 1 0 3 0
a 78 1 0 3 0
a 79 1 0 3 0
a 80 1 0 3 0
