p min 82 951
n 0 13
n 1 -13
a 0 2 0 1 0
a 0 3 0 1 0
a 0 4 0 1 0
a 0 5 0 1 0
a 0 6 0 1 0
a 0 7 0 1 0
a 0 8 0 1 0
a 0 9 0 1 0
a 0 10 0 1 0
a 0 11 0 1 0
a 0 12 0 1 0
a 0 13 0 1 0
a 0 14 0 1 0
a 2 15 0 1 5737645617688.825
a 2 16 0 1 3428293324945.087
a 2 17 0 1 8888802886166.996
a 2 18 0 1 11295243003742.812
a 2 19 0 1 13941059947017.998
a 2 20 0 1 14666174971854.191
a 2 21 0 1 10581017087313.096
a 2 22 0 1 13160235624766.473
a 2 23 0 1 9420512578839.182
a 2 24 0 1 5683298989149.713
a 2 25 0 1 11902859404224.436
a 2 26 0 1 12841671316904.172
a 2 27 0 1 9005573538502.582
a 2 28 0 1 7147991413678.158
a 2 29 0 1 6124990658302.235
a 2 30 0 1 12095338152397.629
a 2 31 0 1 5972724748446.128
a 2 32 0 1 6077798939222.609
a 2 33 0 1 9147555990878.145
a 2 34 0 1 4090612791041.662
a 2 35 0 1 12257418974848.07
a 2 36 0 1 13971203655913.688
a 2 37 0 1 12945323130914.611
a 2 38 0 1 11935455827557.463
a 2 39 0 1 8977370069259.184
a 2 40 0 1 12515017515195.959
a 2 41 0 1 8284347287361.292
a 2 42 0 1 10907885882439.27
a 2 43 0 1 14212470463042.053
a 2 44 0 1 13753334094151.787
a 2 45 0 1 6905258326260.377
a 2 46 0 1 4197335813453.2803
a 2 47 0 1 9819726659972.805
a 2 48 0 1 3300134581800.0503
a 2 49 0 1 5814978307850.131
a 2 50 0 1 10193215248798.457
a 2 51 0 1 9240304057596.209
a 2 52 0 1 10169068173390.424
a 2 53 0 1 9645460641451.367
a 2 54 0 1 10849184160117.025
a 2 55 0 1 4653969635126.15
a 2 56 0 1 5397564152074.393
a 2 57 0 1 10743356007284.936
a 2 58 0 1 12496022783078.973
a 2 59 0 1 15119201166043.0
a 2 60 0 1 3615694011206.2715
a 2 61 0 1 15258342222811.746
a 2 62 0 1 4715566381597.894
a 2 63 0 1 14219167721593.758
a 2 64 0 1 8648864841159.742
a 2 65 0 1 6235412660284.364
a 2 66 0 1 13517939389716.934
a 2 67 0 1 7007198939049.645
a 2 68 0 1 3565067636888.546
a 2 69 0 1 5330906685384.819
a 2 70 0 1 13126489044682.936
a 2 71 0 1 4960441469571.884
a 2 72 0 1 4264691998597.838
a 2 73 0 1 12688420860310.523
a 2 74 0 1 10479913983955.877
a 2 75 0 1 9020258736402.248
a 2 76 0 1 6977150782763.315
a 2 77 0 1 9309467741571.33
a 2 78 0 1 7174612205028.478
a 2 79 0 1 13147704693388.803
a 2 80 0 1 7812255864437.014
a 2 81 0 1 12014250151771.443
a 3 15 0 1 3663319263335.133
a 3 16 0 1 2189075625920.2368
a 3 17 0 1 5674496751106.247
a 3 18 0 1 7210014469380.356
a 3 19 0 1 8897919957675.719
a 3 20 0 1 9360443887874.912
a 3 21 0 1 6754308460791.651
a 3 22 0 1 8399829866115.55
a 3 23 0 1 6013800199115.876
a 3 24 0 1 3628628735819.678
a 3 25 0 1 7597677792067.356
a 3 26 0 1 8196607460177.522
a 3 27 0 1 5749013673446.868
a 3 28 0 1 4563515961896.303
a 3 29 0 1 3910564713717.5327
a 3 30 0 1 7720476424382.734
a 3 31 0 1 3813373111953.6147
a 3 32 0 1 3880442287083.1567
a 3 33 0 1 5839618471108.151
a 3 34 0 1 2611915924193.5244
a 3 35 0 1 7823880095632.271
a 3 36 0 1 8917148066604.703
a 3 37 0 1 8262730874537.803
a 3 38 0 1 7618473973021.516
a 3 39 0 1 5731015761034.959
a 3 40 0 1 7988218901699.943
a 3 41 0 1 5288753215916.044
a 3 42 0 1 6962867790508.291
a 3 43 0 1 9071045915458.297
a 3 44 0 1 8778172054511.225
a 3 45 0 1 4408591616674.109
a 3 46 0 1 2680048226275.5083
a 3 47 0 1 6268543459656.869
a 3 48 0 1 2107253382824.8142
a 3 49 0 1 3712681977791.431
a 3 50 0 1 6506863304352.722
a 3 51 0 1 5898804219068.824
a 3 52 0 1 6491455488241.431
a 3 53 0 1 6157343279613.513
a 3 54 0 1 6925413450316.934
a 3 55 0 1 2971557809841.548
a 3 56 0 1 3446235957074.045
a 3 57 0 1 6857889864001.813
a 3 58 0 1 7976101051386.649
a 3 59 0 1 9649398269091.205
a 3 60 0 1 2308718989444.1226
a 3 61 0 1 9738144628025.1
a 3 62 0 1 3010879589473.5
a 3 63 0 1 9075317879104.385
a 3 64 0 1 5521378565989.927
a 3 65 0 1 3981046503472.3354
a 3 66 0 1 8628014156333.742
a 3 67 0 1 4473655574218.918
a 3 68 0 1 2276397468422.227
a 3 69 0 1 3403685951298.576
a 3 70 0 1 8378302094155.635
a 3 71 0 1 3167199556627.749
a 3 72 0 1 2723048308096.711
a 3 73 0 1 8098842147970.958
a 3 74 0 1 6689798260285.674
a 3 75 0 1 5758384947279.398
a 3 76 0 1 4454477289354.887
a 3 77 0 1 5942939659300.541
a 3 78 0 1 4580506486127.617
a 3 79 0 1 8391836084408.277
a 3 80 0 1 4987466601258.312
a 3 81 0 1 7668743703550.387
a 4 15 0 1 11728455350910.932
a 4 16 0 1 7005908743216.371
a 4 17 0 1 18176702007239.62
a 4 18 0 1 23104325855336.453
a 4 19 0 1 28525421904122.727
a 4 20 0 1 30011737574631.805
a 4 21 0 1 21641519829580.414
a 4 22 0 1 26925206467137.74
a 4 23 0 1 19265228153246.34
a 4 24 0 1 11617288192359.492
a 4 25 0 1 24348983482574.605
a 4 26 0 1 26272429894511.402
a 4 27 0 1 18415745137841.26
a 4 28 0 1 14613855792475.809
a 4 29 0 1 12520819813552.31
a 4 30 0 1 24743300161741.086
a 4 31 0 1 12209331353516.691
a 4 32 0 1 12424279085125.447
a 4 33 0 1 18706408827631.613
a 4 34 0 1 8360061098125.21
a 4 35 0 1 25075357119512.27
a 4 36 0 1 28587204245550.31
a 4 37 0 1 26484819411754.35
a 4 38 0 1 24415760025076.582
a 4 39 0 1 18358008733779.605
a 4 40 0 1 25603129134462.586
a 4 41 0 1 16939418539615.355
a 4 42 0 1 22310948484016.72
a 4 43 0 1 29081719277072.215
a 4 44 0 1 28140670397747.04
a 4 45 0 1 14117182820502.773
a 4 46 0 1 8578282978531.849
a 4 47 0 1 20082598519350.617
a 4 48 0 1 6743905319265.829
a 4 49 0 1 11886643483737.883
a 4 50 0 1 20847368524395.992
a 4 51 0 1 18896286222902.535
a 4 52 0 1 20797921934384.81
a 4 53 0 1 19725788100904.543
a 4 54 0 1 22190723222125.24
a 4 55 0 1 9512048177725.488
a 4 56 0 1 11032835566780.121
a 4 57 0 1 21973984014083.895
a 4 58 0 1 25564211301826.156
a 4 59 0 1 30940467228630.008
a 4 60 0 1 7389038940133.478
a 4 61 0 1 31225734789204.88
a 4 62 0 1 9638014502285.484
a 4 63 0 1 29095446794377.27
a 4 64 0 1 17685541993820.953
a 4 65 0 1 12746715860622.666
a 4 66 0 1 27658244372620.03
a 4 67 0 1 14325767027433.838
a 4 68 0 1 7285534453796.398
a 4 69 0 1 10896497696575.664
a 4 70 0 1 26856053287719.105
a 4 71 0 1 10138806411122.13
a 4 72 0 1 8716012409557.128
a 4 73 0 1 25958419175822.086
a 4 74 0 1 21434470943957.203
a 4 75 0 1 18445807925375.27
a 4 76 0 1 14264283925192.504
a 4 77 0 1 19037883530520.88
a 4 78 0 1 14668328203541.191
a 4 79 0 1 26899528132787.773
a 4 80 0 1 15973201775615.707
a 4 81 0 1 24577179063073.63
a 5 15 0 1 12339905369105.87
a 5 16 0 1 7370945070924.097
a 5 17 0 1 19125065163207.324
a 5 18 0 1 24310506495801.14
a 5 19 0 1 30015594770488.664
a 5 20 0 1 31579838497807.68
a 5 21 0 1 22771133080413.723
a 5 22 0 1 28331510842345.61
a 5 23 0 1 20270517439426.6
a 5 24 0 1 12222934474359.346
a 5 25 0 1 25620334384719.906
a 5 26 0 1 27644531098163.836
a 5 27 0 1 19376608131335.83
a 5 28 0 1 15375999447289.252
a 5 29 0 1 13173641561939.69
a 5 30 0 1 26035301581699.492
a 5 31 0 1 12845888405739.973
a 5 32 0 1 13072059727008.576
a 5 33 0 1 19682471931897.773
a 5 34 0 1 8795725746659.946
a 5 35 0 1 26384750021961.69
a 5 36 0 1 30080615822869.746
a 5 37 0 1 27868048477204.04
a 5 38 0 1 25690607901938.406
a 5 39 0 1 19315852558637.59
a 5 40 0 1 26940166974938.906
a 5 41 0 1 17823094304493.906
a 5 42 0 1 23475598149023.43
a 5 43 0 1 30601055724999.617
a 5 44 0 1 29610675179302.07
a 5 45 0 1 14853379603111.076
a 5 46 0 1 9025331560908.143
a 5 47 0 1 21130643302951.2
a 5 48 0 1 7095279048831.096
a 5 49 0 1 12506352345295.22
a 5 50 0 1 21935425022994.117
a 5 51 0 1 19882279447691.707
a 5 52 0 1 21883391231187.066
a 5 53 0 1 20755167590549.613
a 5 54 0 1 23349080144319.805
a 5 55 0 1 10007815086272.424
a 5 56 0 1 11607971731565.191
a 5 57 0 1 23120996994142.43
a 5 58 0 1 26899210487796.926
a 5 59 0 1 32557276027126.754
a 5 60 0 1 7774055781529.254
a 5 61 0 1 32857506845007.883
a 5 62 0 1 10140354429757.451
a 5 63 0 1 30615502949499.273
a 5 64 0 1 18608224105266.473
a 5 65 0 1 13411333775583.865
a 5 66 0 1 29102963777535.99
a 5 67 0 1 15072860152672.756
a 5 68 0 1 7665153279392.626
a 5 69 0 1 11464517251691.803
a 5 70 0 1 28258734025963.906
a 5 71 0 1 10667280026595.7
a 5 72 0 1 9170246203309.59
a 5 73 0 1 27314069261397.215
a 5 74 0 1 22553248865032.07
a 5 75 0 1 19408242987517.336
a 5 76 0 1 15008165144331.387
a 5 77 0 1 20031282243440.12
a 5 78 0 1 15433317761271.29
a 5 79 0 1 28304486952340.14
a 5 80 0 1 16806375484489.992
a 5 81 0 1 25860480415967.848
a 6 15 0 1 9609369785792.887
a 6 16 0 1 5740652082321.261
a 6 17 0 1 14890554909532.877
a 6 18 0 1 18925376159137.305
a 6 19 0 1 23363302155652.273
a 6 20 0 1 24579884072496.66
a 6 21 0 1 17727692564941.145
a 6 22 0 1 22053406328526.582
a 6 23 0 1 15781929790298.102
a 6 24 0 1 9518310214744.646
a 6 25 0 1 19944391509831.938
a 6 26 0 1 21519034815374.76
a 6 27 0 1 15086306584470.102
a 6 28 0 1 11972720005988.684
a 6 29 0 1 10258401490781.678
a 6 30 0 1 20267212014303.7
a 6 31 0 1 10003261500047.57
a 6 32 0 1 10179325398249.625
a 6 33 0 1 15324327545596.146
a 6 34 0 1 6850053623476.406
a 6 35 0 1 20539057398621.49
a 6 36 0 1 23413873859827.34
a 6 37 0 1 21692901274779.6
a 6 38 0 1 19999060727917.445
a 6 39 0 1 15039026601789.047
a 6 40 0 1 20971121258322.12
a 6 41 0 1 13877316146234.555
a 6 42 0 1 18275801456908.996
a 6 43 0 1 23818652582452.625
a 6 44 0 1 23048362313365.12
a 6 45 0 1 11565929408707.062
a 6 46 0 1 7028828019218.665
a 6 47 0 1 16451233378709.111
a 6 48 0 1 5525996193774.361
a 6 49 0 1 9738944589271.637
a 6 50 0 1 17077444505493.76
a 6 51 0 1 15479814277688.633
a 6 52 0 1 17036957113692.928
a 6 53 0 1 16159062033303.959
a 6 54 0 1 18177365604888.066
a 6 55 0 1 7793780216267.204
a 6 56 0 1 9039564720257.246
a 6 57 0 1 17999906572744.51
a 6 58 0 1 20939261256498.066
a 6 59 0 1 25340031266326.527
a 6 60 0 1 6054541296888.886
a 6 61 0 1 25573511303369.523
a 6 62 0 1 7896971137665.833
a 6 63 0 1 23829888940427.97
a 6 64 0 1 14488339381273.936
a 6 65 0 1 10443430721978.223
a 6 66 0 1 22653463460508.734
a 6 67 0 1 11736767380978.025
a 6 68 0 1 5969743092106.455
a 6 69 0 1 8927883947751.973
a 6 70 0 1 21996797313606.418
a 6 71 0 1 8307211767076.23
a 6 72 0 1 7141659571022.525
a 6 73 0 1 21261976309352.414
a 6 74 0 1 17558163803608.367
a 6 75 0 1 15110924769391.01
a 6 76 0 1 11686410661840.738
a 6 77 0 1 15595764627773.92
a 6 78 0 1 12017334090967.133
a 6 79 0 1 22032385980586.21
a 6 80 0 1 13086023549158.646
a 6 81 0 1 20131212082644.78
a 7 15 0 1 13957373449827.709
a 7 16 0 1 8336475415580.995
a 7 17 0 1 21634124038336.89
a 7 18 0 1 27502011594277.49
a 7 19 0 1 33959002020458.043
a 7 20 0 1 35729600622212.28
a 7 21 0 1 25759947881516.926
a 7 22 0 1 32052847933105.1
a 7 23 0 1 22930247809369.55
a 7 24 0 1 13825046035053.932
a 7 25 0 1 28984369407349.984
a 7 26 0 1 31275308229821.05
a 7 27 0 1 21918750830516.51
a 7 28 0 1 17392224776723.895
a 7 29 0 1 14900580225581.941
a 7 30 0 1 29454008176609.984
a 7 31 0 1 14529789842597.68
a 7 32 0 1 14785659299417.02
a 7 33 0 1 22264845845098.855
a 7 34 0 1 9948103949771.068
a 7 35 0 1 29849500735000.523
a 7 36 0 1 34032598967777.57
a 7 37 0 1 31528288635179.4
a 7 38 0 1 29063900984370.656
a 7 39 0 1 21850004270633.68
a 7 40 0 1 30478109313048.027
a 7 41 0 1 20160948001241.57
a 7 42 0 1 26557160233257.49
a 7 43 0 1 34621687073758.062
a 7 44 0 1 33500679183766.75
a 7 45 0 1 16800942144768.424
a 7 46 0 1 10207827100113.848
a 7 47 0 1 23903543219154.12
a 7 48 0 1 8024666145794.081
a 7 49 0 1 14145673218401.77
a 7 50 0 1 24814235646952.645
a 7 51 0 1 22490936394291.59
a 7 52 0 1 24755353443897.71
a 7 53 0 1 23478661831672.637
a 7 54 0 1 26413984078536.79
a 7 55 0 1 11319203083717.447
a 7 56 0 1 13129355625017.07
a 7 57 0 1 26155871464880.652
a 7 58 0 1 30431755308262.88
a 7 59 0 1 36836024328151.18
a 7 60 0 1 8792443631373.622
a 7 61 0 1 37175881283538.086
a 7 62 0 1 11469132848744.656
a 7 63 0 1 34638040080541.24
a 7 64 0 1 21049313013812.914
a 7 65 0 1 15169486073405.34
a 7 66 0 1 32926015693481.297
a 7 67 0 1 17049257327218.012
a 7 68 0 1 8669260846013.768
a 7 69 0 1 12967071383867.586
a 7 70 0 1 31970476666430.17
a 7 71 0 1 12065202030149.41
a 7 72 0 1 10371751086342.166
a 7 73 0 1 30901289587627.855
a 7 74 0 1 25513381277703.418
a 7 75 0 1 21954546568767.473
a 7 76 0 1 16976062730053.578
a 7 77 0 1 22659540171530.293
a 7 78 0 1 17457074248544.334
a 7 79 0 1 32022261357506.617
a 7 80 0 1 19010574148305.754
a 7 81 0 1 29256153751539.156
a 8 15 0 1 9606275580799.205
a 8 16 0 1 5738804422678.007
a 8 17 0 1 14885757252958.057
a 8 18 0 1 18919275670790.582
a 8 19 0 1 23355767276142.375
a 8 20 0 1 24571955723083.32
a 8 21 0 1 17721978931349.633
a 8 22 0 1 22046294975563.74
a 8 23 0 1 15776844415547.797
a 8 24 0 1 9515245362950.32
a 8 25 0 1 19937961793031.28
a 8 26 0 1 21512096203238.11
a 8 27 0 1 15081445748185.322
a 8 28 0 1 11968863755990.994
a 8 29 0 1 10255098051547.947
a 8 30 0 1 20260677982970.418
a 8 31 0 1 10000040316336.38
a 8 32 0 1 10176047453166.795
a 8 33 0 1 15319389883170.602
a 8 34 0 1 6847848615408.447
a 8 35 0 1 20532435518576.94
a 8 36 0 1 23406322626488.137
a 8 37 0 1 21685906460939.29
a 8 38 0 1 19992613346135.504
a 8 39 0 1 15034181025586.35
a 8 40 0 1 20964359742548.945
a 8 41 0 1 13872845471399.982
a 8 42 0 1 18269910796029.65
a 8 43 0 1 23810970445294.7
a 8 44 0 1 23040929274518.09
a 8 45 0 1 11562204354903.191
a 8 46 0 1 7026565417738.454
a 8 47 0 1 16445931927195.814
a 8 48 0 1 5524217666229.588
a 8 49 0 1 9735808614570.283
a 8 50 0 1 17071940858963.207
a 8 51 0 1 15474826426462.346
a 8 52 0 1 17031466540869.225
a 8 53 0 1 16153854909955.135
a 8 54 0 1 18171506738298.934
a 8 55 0 1 7791271153357.668
a 8 56 0 1 9036654182727.115
a 8 57 0 1 17994105022722.47
a 8 58 0 1 20932510037812.26
a 8 59 0 1 25331857012307.395
a 8 60 0 1 6052592539903.775
a 8 61 0 1 25565261510846.297
a 8 62 0 1 7894428824151.729
a 8 63 0 1 23822203169302.08
a 8 64 0 1 14483671532586.117
a 8 65 0 1 10440067627466.201
a 8 66 0 1 22646158107872.188
a 8 67 0 1 11732987230808.926
a 8 68 0 1 5967821647621.639
a 8 69 0 1 8925009405891.547
a 8 70 0 1 21989704261068.53
a 8 71 0 1 8304537256319.969
a 8 72 0 1 7139360618853.831
a 8 73 0 1 21255120786327.984
a 8 74 0 1 17552504919608.28
a 8 75 0 1 15106055987279.246
a 8 76 0 1 11682646752269.295
a 8 77 0 1 15590739348332.29
a 8 78 0 1 12013463451496.975
a 8 79 0 1 22025281423058.348
a 8 80 0 1 13081808178906.191
a 8 81 0 1 20124721998563.69
a 9 15 0 1 8659524052244.218
a 9 16 0 1 5173440570543.856
a 9 17 0 1 13417879302689.172
a 9 18 0 1 17052872778590.396
a 9 19 0 1 21050638994517.543
a 9 20 0 1 22146487819993.89
a 9 21 0 1 15973907724474.684
a 9 22 0 1 19870702638011.95
a 9 23 0 1 14220952813807.756
a 9 24 0 1 8577474227376.2
a 9 25 0 1 17970856578303.293
a 9 26 0 1 19389337902889.57
a 9 27 0 1 13594240826272.316
a 9 28 0 1 10788976750708.516
a 9 29 0 1 9244333404432.512
a 9 30 0 1 18261666185748.99
a 9 31 0 1 9014440809032.14
a 9 32 0 1 9173082434994.594
a 9 33 0 1 13808683597722.664
a 9 34 0 1 6173148533912.233
a 9 35 0 1 18506553705891.848
a 9 36 0 1 21096192590316.09
a 9 37 0 1 19545958390105.754
a 9 38 0 1 18020104944808.883
a 9 39 0 1 13551644226958.67
a 9 40 0 1 18895768321638.31
a 9 41 0 1 12504994160294.271
a 9 42 0 1 16467689827765.238
a 9 43 0 1 21460804198669.38
a 9 44 0 1 20766948689540.336
a 9 45 0 1 10422453831124.51
a 9 46 0 1 6334244007043.0
a 9 47 0 1 14823943122931.693
a 9 48 0 1 4980006157931.68
a 9 49 0 1 8776277986945.067
a 9 50 0 1 15388102148962.148
a 9 51 0 1 13948767294370.395
a 9 52 0 1 15351626950876.64
a 9 53 0 1 14560720670454.578
a 9 54 0 1 16379011075518.475
a 9 55 0 1 7023543005861.007
a 9 56 0 1 8146094653719.988
a 9 57 0 1 16219141528314.09
a 9 58 0 1 18867068115810.035
a 9 59 0 1 22831182852098.906
a 9 60 0 1 5456296125914.58
a 9 61 0 1 23041485287554.547
a 9 62 0 1 7116527503398.964
a 9 63 0 1 21470925499153.156
a 9 64 0 1 13055502699226.318
a 9 65 0 1 9411052219266.445
a 9 66 0 1 20411230328888.703
a 9 67 0 1 10576381186296.809
a 9 68 0 1 5379881965604.484
a 9 69 0 1 8045462629855.758
a 9 70 0 1 19819709210925.926
a 9 71 0 1 7486189826875.951
a 9 72 0 1 6435917357971.691
a 9 73 0 1 19157776124296.656
a 9 74 0 1 15821180857492.717
a 9 75 0 1 13616420405020.535
a 9 76 0 1 10531009154270.504
a 9 77 0 1 14053230891775.652
a 9 78 0 1 10829174338033.465
a 9 79 0 1 19851767506463.04
a 9 80 0 1 11792058430082.793
a 9 81 0 1 18139152275267.387
a 10 15 0 1 10235478771335.494
a 10 16 0 1 6114513072818.075
a 10 17 0 1 15861394173272.105
a 10 18 0 1 20159890175627.043
a 10 19 0 1 24888135295866.418
a 10 20 0 1 26184358478006.633
a 10 21 0 1 18883910962720.184
a 10 22 0 1 23492516152980.094
a 10 23 0 1 16810997765531.945
a 10 24 0 1 10138479186318.002
a 10 25 0 1 21245539262823.52
a 10 26 0 1 22923181755635.38
a 10 27 0 1 16069932157968.627
a 10 28 0 1 12753041884097.166
a 10 29 0 1 10926852069755.877
a 10 30 0 1 21589472576879.14
a 10 31 0 1 10655066427450.602
a 10 32 0 1 10842616842813.12
a 10 33 0 1 16323501244847.62
a 10 34 0 1 7296225298240.247
a 10 35 0 1 21879098239743.777
a 10 36 0 1 24942017108810.43
a 10 37 0 1 23108423454790.508
a 10 38 0 1 21303783789206.516
a 10 39 0 1 16019563836386.29
a 10 40 0 1 22339424043704.977
a 10 41 0 1 14781981448508.266
a 10 42 0 1 19467848270366.32
a 10 43 0 1 25373291605354.297
a 10 44 0 1 24552582377322.332
a 10 45 0 1 12319701092038.326
a 10 46 0 1 7486654032564.316
a 10 47 0 1 17524031716060.336
a 10 48 0 1 5885868206046.794
a 10 49 0 1 10373506249921.281
a 10 50 0 1 18191164169836.58
a 10 51 0 1 16489145250204.906
a 10 52 0 1 18148030838422.176
a 10 53 0 1 17212769856338.578
a 10 54 0 1 19362977574470.04
a 10 55 0 1 8301479387950.029
a 10 56 0 1 9628506263695.76
a 10 57 0 1 19173918271686.36
a 10 58 0 1 22305479929133.367
a 10 59 0 1 26994279357105.207
a 10 60 0 1 6448859559891.868
a 10 61 0 1 27243049299192.273
a 10 62 0 1 8411398841043.314
a 10 63 0 1 25385263503951.664
a 10 64 0 1 15432908243116.787
a 10 65 0 1 11123953490698.262
a 10 66 0 1 24131839314442.855
a 10 67 0 1 12501688904578.688
a 10 68 0 1 6358534600320.988
a 10 69 0 1 9509541347907.143
a 10 70 0 1 23432203103742.152
a 10 71 0 1 8848390766510.152
a 10 72 0 1 7606841358821.1875
a 10 73 0 1 22649306046406.938
a 10 74 0 1 18703301534023.523
a 10 75 0 1 16096158422340.75
a 10 76 0 1 12448045576125.217
a 10 77 0 1 16612670385513.354
a 10 78 0 1 12800567978920.637
a 10 79 0 1 23470120398133.824
a 10 80 0 1 13939021485440.428
a 10 81 0 1 21444577899011.31
a 11 15 0 1 4463355393288.915
a 11 16 0 1 2667051276465.3594
a 11 17 0 1 6914105797728.623
a 11 18 0 1 8785400914684.919
a 11 19 0 1 10842573980461.404
a 11 20 0 1 11406316039067.678
a 11 21 0 1 8230028871994.379
a 11 22 0 1 10235497200426.387
a 11 23 0 1 7327593546700.334
a 11 24 0 1 4421084908168.843
a 11 25 0 1 9257858902144.377
a 11 26 0 1 9987812240576.81
a 11 27 0 1 7004914274030.237
a 11 28 0 1 5560272876797.646
a 11 29 0 1 4764626662589.257
a 11 30 0 1 9407519540930.752
a 11 31 0 1 4646197192129.687
a 11 32 0 1 4727921957761.252
a 11 33 0 1 7115328359305.624
a 11 34 0 1 3182250843630.094
a 11 35 0 1 9533543319551.04
a 11 36 0 1 10866009681709.367
a 11 37 0 1 10068402363486.531
a 11 38 0 1 9283204149660.34
a 11 39 0 1 6982981466333.851
a 11 40 0 1 9733833470971.709
a 11 41 0 1 6444033017166.836
a 11 42 0 1 8484199977889.035
a 11 43 0 1 11053585056539.566
a 11 44 0 1 10696622744783.473
a 11 45 0 1 5371489236820.97
a 11 46 0 1 3265266029471.871
a 11 47 0 1 7638037761493.902
a 11 48 0 1 2567358202185.359
a 11 49 0 1 4523504098089.3125
a 11 50 0 1 7928471099169.354
a 11 51 0 1 7187454394908.995
a 11 52 0 1 7909693944550.108
a 11 53 0 1 7502522587320.766
a 11 54 0 1 8438554203646.216
a 11 55 0 1 3620456451635.4824
a 11 56 0 1 4198840114270.9863
a 11 57 0 1 8356263120307.19
a 11 58 0 1 9719064619734.006
a 11 59 0 1 11758511485410.822
a 11 60 0 1 2812826736796.275
a 11 61 0 1 11866682058352.385
a 11 62 0 1 3668368549580.731
a 11 63 0 1 11058791876396.965
a 11 64 0 1 6727512618875.645
a 11 65 0 1 4850510176151.873
a 11 66 0 1 10513608418929.969
a 11 67 0 1 5450772986229.475
a 11 68 0 1 2773445572535.7363
a 11 69 0 1 4146993413870.352
a 11 70 0 1 10209259297610.834
a 11 71 0 1 3858839441329.778
a 11 72 0 1 3317659235796.667
a 11 73 0 1 9868657988198.94
a 11 74 0 1 8151410877332.119
a 11 75 0 1 7016334403416.144
a 11 76 0 1 5427403241379.829
a 11 77 0 1 7241239684820.627
a 11 78 0 1 5580976833169.854
a 11 79 0 1 10225754430042.398
a 11 80 0 1 6076887038225.791
a 11 81 0 1 9344470256448.637
a 12 15 0 1 11466362256102.027
a 12 16 0 1 6849432538147.171
a 12 17 0 1 17770216351004.11
a 12 18 0 1 22587356867840.438
a 12 19 0 1 27886763685708.984
a 12 20 0 1 29339689565913.117
a 12 21 0 1 21157361526433.266
a 12 22 0 1 26322484289771.42
a 12 23 0 1 18834346958764.04
a 12 24 0 1 11357682574228.057
a 12 25 0 1 23804088362937.527
a 12 26 0 1 25684363405204.32
a 12 27 0 1 18003902671096.71
a 12 28 0 1 14287177188309.297
a 12 29 0 1 12240994965952.479
a 12 30 0 1 24189556206226.55
a 12 31 0 1 11936477458770.152
a 12 32 0 1 12146614822054.982
a 12 33 0 1 18288052376844.062
a 12 34 0 1 8173311578154.84
a 12 35 0 1 24514160885426.164
a 12 36 0 1 27947158321444.88
a 12 37 0 1 25891984736259.96
a 12 38 0 1 23869366432475.832
a 12 39 0 1 17947460130977.23
a 12 40 0 1 25030087087148.086
a 12 41 0 1 16560655043342.496
a 12 42 0 1 21811776261973.082
a 12 43 0 1 28430565255194.113
a 12 44 0 1 27510653726605.027
a 12 45 0 1 13801624510548.281
a 12 46 0 1 8386654045298.721
a 12 47 0 1 19633394873142.457
a 12 48 0 1 6593285375048.227
a 12 49 0 1 11621010663477.033
a 12 50 0 1 20381018481086.1
a 12 51 0 1 18473674251860.52
a 12 52 0 1 20332680589273.47
a 12 53 0 1 19284583252819.38
a 12 54 0 1 21694247574082.36
a 12 55 0 1 9299537666982.48
a 12 56 0 1 10786306638515.295
a 12 57 0 1 21482369500381.445
a 12 58 0 1 24992042811139.676
a 12 59 0 1 30247549818835.25
a 12 60 0 1 7223998445065.908
a 12 61 0 1 30526406281695.176
a 12 62 0 1 9422686699431.086
a 12 63 0 1 28443984399008.332
a 12 64 0 1 17290062028880.389
a 12 65 0 1 12461835268930.787
a 12 66 0 1 27039061968238.18
a 12 67 0 1 14005538758230.168
a 12 68 0 1 7122807716150.831
a 12 69 0 1 10653018978600.996
a 12 70 0 1 26254883791682.273
a 12 71 0 1 9912277387368.668
a 12 72 0 1 8521303740525.728
a 12 73 0 1 25377401870913.414
a 12 74 0 1 20954955866819.39
a 12 75 0 1 18033291749525.11
a 12 76 0 1 13945432214357.988
a 12 77 0 1 18612097971119.977
a 12 78 0 1 14340429909863.87
a 12 79 0 1 26297382508310.43
a 12 80 0 1 15616081640983.967
a 12 81 0 1 24027163116461.516
a 13 15 0 1 5035578557112.164
a 13 16 0 1 3008900017583.5356
a 13 17 0 1 7800808994098.544
a 13 18 0 1 9912363359364.629
a 13 19 0 1 12233795742772.432
a 13 20 0 1 12869979361335.076
a 13 21 0 1 9285673821146.938
a 13 22 0 1 11548720702491.291
a 13 23 0 1 8267375192043.3
a 13 24 0 1 4987885684209.691
a 13 25 0 1 10445499626133.555
a 13 26 0 1 11269216290309.379
a 13 27 0 1 7903273852102.423
a 13 28 0 1 6273227622012.469
a 13 29 0 1 5375498130260.675
a 13 30 0 1 10614382892696.977
a 13 31 0 1 5241875684779.627
a 13 32 0 1 5334084634777.907
a 13 33 0 1 8027861309946.865
a 13 34 0 1 3590162481151.8145
a 13 35 0 1 10756593926518.697
a 13 36 0 1 12260242749557.252
a 13 37 0 1 11360159395117.975
a 13 38 0 1 10474100201131.574
a 13 39 0 1 7878525674341.85
a 13 40 0 1 10982611645240.1
a 13 41 0 1 7270401002981.542
a 13 42 0 1 9572482755400.914
a 13 43 0 1 12471920763542.668
a 13 44 0 1 12069091319917.402
a 13 45 0 1 6060220688288.962
a 13 46 0 1 3683823347090.985
a 13 47 0 1 8617674147854.417
a 13 48 0 1 2896424542747.2275
a 13 49 0 1 5103443140741.75
a 13 50 0 1 8945396146408.225
a 13 51 0 1 8109246068419.158
a 13 52 0 1 8924208112698.115
a 13 53 0 1 8464761178363.3955
a 13 54 0 1 9520975499387.516
a 13 55 0 1 4084565180192.855
a 13 56 0 1 4737132675992.973
a 13 57 0 1 9428117399146.674
a 13 58 0 1 10965945667410.115
a 13 59 0 1 13267437749306.24
a 13 60 0 1 3173367044519.4316
a 13 61 0 1 13389510861988.828
a 13 62 0 1 4138622088932.003
a 13 63 0 1 12477796654399.426
a 13 64 0 1 7590265155279.539
a 13 65 0 1 5472399684366.663
a 13 66 0 1 11862562597570.523
a 13 67 0 1 6149677386125.508
a 13 68 0 1 3128936293547.078
a 13 69 0 1 4678635632078.901
a 13 70 0 1 11519111986533.582
a 13 71 0 1 4353521963837.3433
a 13 72 0 1 3742935458138.5757
a 13 73 0 1 11134755325880.16
a 13 74 0 1 9196961013877.219
a 13 75 0 1 7916159914631.069
a 13 76 0 1 6123309032636.257
a 13 77 0 1 8169935817102.198
a 13 78 0 1 6296588226306.609
a 13 79 0 1 11537726264660.807
a 13 80 0 1 6856135893206.687
a 13 81 0 1 10543235376279.041
a 14 15 0 1 4020999929154.7197
a 14 16 0 1 2402773667188.5713
a 14 17 0 1 6228686450633.516
a 14 18 0 1 7914304488439.882
a 14 19 0 1 9767273777057.887
a 14 20 0 1 10275041182452.188
a 14 21 0 1 7414046110482.084
a 14 22 0 1 9220467090887.014
a 14 23 0 1 6601152561664.246
a 14 24 0 1 3982920720286.301
a 14 25 0 1 8339871986752.685
a 14 26 0 1 8997369914862.436
a 14 27 0 1 6310486225253.182
a 14 28 0 1 5009141101883.039
a 14 29 0 1 4292397964115.849
a 14 30 0 1 8474678154869.574
a 14 31 0 1 4185711858436.166
a 14 32 0 1 4259332897206.7466
a 14 33 0 1 6409946395718.736
a 14 34 0 1 2866905354001.454
a 14 35 0 1 8588193166600.444
a 14 36 0 1 9788382648627.295
a 14 37 0 1 9069959963055.158
a 14 38 0 1 8362701640421.425
a 14 39 0 1 6290729288588.174
a 14 40 0 1 8768602406468.386
a 14 41 0 1 5805244769980.943
a 14 42 0 1 7642994730405.946
a 14 43 0 1 9957334066153.816
a 14 44 0 1 9635813155419.873
a 14 45 0 1 4839080038895.641
a 14 46 0 1 2941691354710.9375
a 14 47 0 1 6880795655158.288
a 14 48 0 1 2312961791642.1323
a 14 49 0 1 4075184602193.0845
a 14 50 0 1 7142411480696.1
a 14 51 0 1 6474916846016.668
a 14 52 0 1 7125497494161.482
a 14 53 0 1 6758726036872.251
a 14 54 0 1 7601878679529.998
a 14 55 0 1 3261670621712.181
a 14 56 0 1 3782711722053.1055
a 14 57 0 1 7527753760610.913
a 14 58 0 1 8755299547801.964
a 14 59 0 1 10592263381373.0
a 14 60 0 1 2534100049912.0386
a 14 61 0 1 10689692030043.803
a 14 62 0 1 3304832842569.8057
a 14 63 0 1 9962023901681.814
a 14 64 0 1 6060603811701.103
a 14 65 0 1 4369765161630.6133
a 14 66 0 1 9470968593464.967
a 14 67 0 1 4910500928762.458
a 14 68 0 1 2498622339473.9043
a 14 69 0 1 3736005528201.8984
a 14 70 0 1 9196833894864.355
a 14 71 0 1 3476420493302.5034
a 14 72 0 1 2988890819127.2427
a 14 73 0 1 8890043702231.81
a 14 74 0 1 7343229446449.381
a 14 75 0 1 6320773402808.503
a 14 76 0 1 4889448860463.075
a 14 77 0 1 6523366056485.514
a 14 78 0 1 5027791703213.619
a 14 79 0 1 9211691513033.764
a 14 80 0 1 5474516416307.949
a 14 81 0 1 8417886842869.685
a 15 1 0 3 0
a 16 1 0 3 0
a 17 1 0 3 0
a 18 1 0 3 0
a 19 1 0 3 0
a 20 1 0 3 0
a 21 1 0 3 0
a 22 1 0 3 0
a 23 1 0 3 0
a 24 1 0 3 0
a 25 1 0 3 0
a 26 1 0 3 0
a 27 1 0 3 0
a 28 1 0 3 0
a 29 1 0 3 0
a 30 1 0 3 0
a 31 1 0 3 0
a 32 1 0 3 0
a 33 1 0 3 0
a 34 1 0 3 0
a 35 1 0 3 0
a 36 1 0 3 0
a 37 1 0 3 0
a 38 1 0 3 0
a 39 1 0 3 0
a 40 1 0 3 0
a 41 1 0 3 0
a 42 1 0 3 0
a 43 1 0 3 0
a 44 1 0 3 0
a 45 1 0 3 0
a 46 1 0 3 0
a 47 1 0 3 0
a 48 1 0 3 0
a 49 1 0 3 0
a 50 1 0 3 0
a 51 1 0 3 0
a 52 1 0 3 0
a 53 1 0 3 0
a 54 1 0 3 0
a 55 1 0 3 0
a 56 1 0 3 0
a 57 1 0 3 0
a 58 1 0 3 0
a 59 1 0 3 0
a 60 1 0 3 0
a 61 1 0 3 0
a 62 1 0 3 0
a 63 1 0 3 0
a 64 1 0 3 0
a 65 1 0 3 0
a 66 1 0 3 0
a 67 1 0 3 0
a 68 1 0 3 0
a 69 1 0 3 0
a 70 1 0 3 0
a 71 1 0 3 0
a 72 1 0 3 0
a 73 1 0 3 0
a 74 1 0 3 0
a 75 1 0 3 0
a 76 1 0 3 0
a 77 1 0 3 0
a 78 1 0 3 0
a 79 1 0 3 0
a 80 1 0 3 0
a 81 1 0 3 0
