p min 81 937
n 0 13
n 1 -13
a 0 2 0 1 0
a 0 3 0 1 0
a 0 4 0 1 0
a 0 5 0 1 0
a 0 6 0 1 0
a 0 7 0 1 0
a 0 8 0 1 0
a 0 9 0 1 0
a 0 10 0 1 0
a 0 11 0 1 0
a 0 12 0 1 0
a 0 13 0 1 0
a 0 14 0 1 0
a 2 15 0 1 20539660136462.785
a 2 16 0 1 9869849655617.516
a 2 17 0 1 5885407161864.161
a 2 18 0 1 11133084190313.443
a 2 19 0 1 17194098892767.627
a 2 20 0 1 7866674430649.14
a 2 21 0 1 7669238965714.754
a 2 22 0 1 11426800367959.451
a 2 23 0 1 10322347446680.818
a 2 24 0 1 9788153389062.58
a 2 25 0 1 8238858703121.097
a 2 26 0 1 16213909074902.057
a 2 27 0 1 16248389558475.268
a 2 28 0 1 21545596964170.336
a 2 29 0 1 9002123312401.91
a 2 30 0 1 13980401183547.203
a 2 31 0 1 12389130835840.617
a 2 32 0 1 12981455091675.604
a 2 33 0 1 11751282426970.861
a 2 34 0 1 5131730411132.082
a 2 35 0 1 10429892334067.957
a 2 36 0 1 20401348825136.85
a 2 37 0 1 15810901308464.877
a 2 38 0 1 15474283535185.291
a 2 39 0 1 18666398299652.277
a 2 40 0 1 5075285360365.744
a 2 41 0 1 9504779180358.64
a 2 42 0 1 9596129808664.742
a 2 43 0 1 19551656786131.582
a 2 44 0 1 15553270320981.21
a 2 45 0 1 10688001554800.283
a 2 46 0 1 13986043311196.016
a 2 47 0 1 16981955379690.51
a 2 48 0 1 13489232205884.32
a 2 49 0 1 19558932235369.68
a 2 50 0 1 15304179374324.379
a 2 51 0 1 19067581757347.008
a 2 52 0 1 5494285323066.963
a 2 53 0 1 7753403535694.553
a 2 54 0 1 20882730299632.14
a 2 55 0 1 15352507306444.055
a 2 56 0 1 7726857099876.472
a 2 57 0 1 7498477087451.83
a 2 58 0 1 9970789399575.775
a 2 59 0 1 20237327459854.035
a 2 60 0 1 19272290937309.207
a 2 61 0 1 20823149434449.207
a 2 62 0 1 10141874601568.611
a 2 63 0 1 13551361709319.674
a 2 64 0 1 12355574304201.596
a 2 65 0 1 15229021568818.543
a 2 66 0 1 6096769755268.516
a 2 67 0 1 9421336983035.926
a 2 68 0 1 9390592034059.314
a 2 69 0 1 16830907223218.902
a 2 70 0 1 16668043536493.635
a 2 71 0 1 8991546840991.447
a 2 72 0 1 11868263044285.492
a 2 73 0 1 9840772614001.008
a 2 74 0 1 11716594394681.844
a 2 75 0 1 14210810259313.44
a 2 76 0 1 11712541899867.393
a 2 77 0 1 16433374222830.285
a 2 78 0 1 15955062778298.738
a 2 79 0 1 8071607970636.73
a 2 80 0 1 11167194166869.28
a 3 15 0 1 16593882670485.96
a 3 16 0 1 7975680927014.317
a 3 17 0 1 4756330025640.694
a 3 18 0 1 8996231074058.256
a 3 19 0 1 13892049638248.406
a 3 20 0 1 6357225769694.533
a 3 21 0 1 6197701036254.585
a 3 22 0 1 9233512241729.816
a 3 23 0 1 8341254346112.963
a 3 24 0 1 7909677651586.318
a 3 25 0 1 6657940989313.981
a 3 26 0 1 13100384868594.656
a 3 27 0 1 13128234123104.717
a 3 28 0 1 17406186235364.719
a 3 29 0 1 7274623476228.69
a 3 30 0 1 11296330908603.48
a 3 31 0 1 10010917674649.08
a 3 32 0 1 10489402219387.338
a 3 33 0 1 9495644309298.918
a 3 34 0 1 4147310307542.2134
a 3 35 0 1 8428138892280.551
a 3 36 0 1 16482192137777.04
a 3 37 0 1 12774879730346.648
a 3 38 0 1 12502992639799.268
a 3 39 0 1 15081109395682.125
a 3 40 0 1 4101698227502.105
a 3 41 0 1 7680734791185.649
a 3 42 0 1 7754538836551.545
a 3 43 0 1 15796025307411.232
a 3 44 0 1 12566790845289.064
a 3 45 0 1 8636661321223.515
a 3 46 0 1 11300888405235.623
a 3 47 0 1 13720711713674.697
a 3 48 0 1 10899578882816.975
a 3 49 0 1 15801900689188.08
a 3 50 0 1 12365597505353.27
a 3 51 0 1 15405100091668.307
a 3 52 0 1 4440280733382.5625
a 3 53 0 1 6265704848110.808
a 3 54 0 1 16870919162837.666
a 3 55 0 1 12404632650632.273
a 3 56 0 1 6244255721383.322
a 3 57 0 1 6059727015999.283
a 3 58 0 1 8057230881419.722
a 3 59 0 1 16349739077956.258
a 3 60 0 1 15570418422239.486
a 3 61 0 1 16822806642484.076
a 3 62 0 1 8195451030779.022
a 3 63 0 1 10949765766605.424
a 3 64 0 1 9983810049117.535
a 3 65 0 1 12304891330929.557
a 3 66 0 1 4927121073441.35
a 3 67 0 1 7613319868759.694
a 3 68 0 1 7588480235451.635
a 3 69 0 1 13598716534965.0
a 3 70 0 1 13467177540096.05
a 3 71 0 1 7266078318931.915
a 3 72 0 1 9590145902690.557
a 3 73 0 1 7952189305743.651
a 3 74 0 1 9467621843718.523
a 3 75 0 1 11482445691599.295
a 3 76 0 1 9464348063504.627
a 3 77 0 1 13277642119468.477
a 3 78 0 1 12891318102022.19
a 3 79 0 1 6522807356318.378
a 3 80 0 1 9023787273416.744
a 4 15 0 1 14118164573242.852
a 4 16 0 1 6786756695104.237
a 4 17 0 1 4047533811999.7183
a 4 18 0 1 7655040662922.355
a 4 19 0 1 11819979193243.371
a 4 20 0 1 5409712788782.798
a 4 21 0 1 5273978864979.139
a 4 22 0 1 7856915095760.235
a 4 23 0 1 7097790024509.342
a 4 24 0 1 6730600066603.722
a 4 25 0 1 5665578655289.86
a 4 26 0 1 11146546864376.066
a 4 27 0 1 11170237238563.951
a 4 28 0 1 14809070082382.979
a 4 29 0 1 6190279445117.269
a 4 30 0 1 9611853743427.768
a 4 31 0 1 8518305742814.16
a 4 32 0 1 8925375671028.46
a 4 33 0 1 8079930301579.79
a 4 34 0 1 3529308105698.7407
a 4 35 0 1 7171711645273.501
a 4 36 0 1 14023164582479.824
a 4 37 0 1 10869649492879.049
a 4 38 0 1 10638360996731.95
a 4 39 0 1 12831422469328.355
a 4 40 0 1 3490495539742.9985
a 4 41 0 1 6535810880692.116
a 4 42 0 1 6598605012792.3545
a 4 43 0 1 13439527494232.986
a 4 44 0 1 10692632951169.95
a 4 45 0 1 7349122224909.055
a 4 46 0 1 9615730886368.29
a 4 47 0 1 11674231559541.568
a 4 48 0 1 9274327454386.873
a 4 49 0 1 13444525011878.623
a 4 50 0 1 10521481090632.139
a 4 51 0 1 13107009698286.127
a 4 52 0 1 3778603202278.2285
a 4 53 0 1 5331840981545.061
a 4 54 0 1 14353800374773.027
a 4 55 0 1 10554687738361.736
a 4 56 0 1 5313590668143.017
a 4 57 0 1 5156581077133.023
a 4 58 0 1 6856140507618.589
a 4 59 0 1 13910504252129.4
a 4 60 0 1 13247628665866.305
a 4 61 0 1 14312878012710.95
a 4 62 0 1 6973739650356.021
a 4 63 0 1 9317022872266.67
a 4 64 0 1 8495243775264.685
a 4 65 0 1 10469839115406.998
a 4 66 0 1 4192861005980.0854
a 4 67 0 1 6478452618138.931
a 4 68 0 1 6457318417948.649
a 4 69 0 1 11570456529309.426
a 4 70 0 1 11458562577256.021
a 4 71 0 1 6183008922515.464
a 4 72 0 1 8160329328547.058
a 4 73 0 1 6766769667539.66
a 4 74 0 1 8056089606120.376
a 4 75 0 1 9770184384930.316
a 4 76 0 1 8053304368010.93
a 4 77 0 1 11297332940610.605
a 4 78 0 1 10968700448322.422
a 4 79 0 1 5550599487159.189
a 4 80 0 1 7678485052606.154
a 5 15 0 1 26596387489741.37
a 5 16 0 1 12775638060897.42
a 5 17 0 1 7617104466520.285
a 5 18 0 1 14411399741687.797
a 5 19 0 1 22261757488922.2
a 5 20 0 1 10182015172334.902
a 5 21 0 1 9926403531579.445
a 5 22 0 1 14791752760143.36
a 5 23 0 1 13361561065212.068
a 5 24 0 1 12669854441925.822
a 5 25 0 1 10663876275874.648
a 5 26 0 1 20991975073609.94
a 5 27 0 1 21036641221536.008
a 5 28 0 1 27899908679739.633
a 5 29 0 1 11652100990671.125
a 5 30 0 1 18098903670702.8
a 5 31 0 1 16037992977249.69
a 5 32 0 1 16805107101244.607
a 5 33 0 1 15211955428950.068
a 5 34 0 1 6641499444032.582
a 5 35 0 1 13500819693244.217
a 5 36 0 1 26417166792671.66
a 5 37 0 1 20469925066514.055
a 5 38 0 1 20033886593484.816
a 5 39 0 1 24169200163674.656
a 5 40 0 1 6568435544079.651
a 5 41 0 1 12302934640996.568
a 5 42 0 1 12421216880019.184
a 5 43 0 1 25316191932181.7
a 5 44 0 1 20136201380421.957
a 5 45 0 1 13835046480418.107
a 5 46 0 1 18106211386973.023
a 5 47 0 1 21986929965608.83
a 5 48 0 1 17462749519162.252
a 5 49 0 1 25325618708715.36
a 5 50 0 1 19813545641561.688
a 5 51 0 1 24688987941578.72
a 5 52 0 1 7110806348715.355
a 5 53 0 1 10035367547572.875
a 5 54 0 1 27040937404963.246
a 5 55 0 1 19876145982571.83
a 5 56 0 1 10000999025144.291
a 5 57 0 1 9705327856490.143
a 5 58 0 1 12906339720381.02
a 5 59 0 1 26204633771991.023
a 5 60 0 1 24954222018826.242
a 5 61 0 1 26963731844345.305
a 5 62 0 1 13127871155139.531
a 5 63 0 1 17543217478400.6
a 5 64 0 1 15994535121552.055
a 5 65 0 1 19716192324460.492
a 5 66 0 1 7890714013574.216
a 5 67 0 1 12194893004533.055
a 5 68 0 1 12155084348562.078
a 5 69 0 1 21791252627809.242
a 5 70 0 1 21580270957479.562
a 5 71 0 1 11638406922746.83
a 5 72 0 1 15363447023795.715
a 5 73 0 1 12737987868118.238
a 5 74 0 1 15167034155799.926
a 5 75 0 1 18397333114239.633
a 5 76 0 1 15161786150221.748
a 5 77 0 1 21276272839146.582
a 5 78 0 1 20656667953714.594
a 5 79 0 1 10447337886648.56
a 5 80 0 1 14455570676600.262
a 6 15 0 1 28187665532973.074
a 6 16 0 1 13538723296749.566
a 6 17 0 1 8071785580934.434
a 6 18 0 1 15272360466825.967
a 6 19 0 1 23592986978737.133
a 6 20 0 1 10789991539065.152
a 6 21 0 1 10519098628569.896
a 6 22 0 1 15675477435034.508
a 6 23 0 1 14159700401782.057
a 6 24 0 1 13426611479963.242
a 6 25 0 1 11300662410735.951
a 6 26 0 1 22247078272140.062
a 6 27 0 1 22294421855053.18
a 6 28 0 1 29569443023201.137
a 6 29 0 1 12347982229820.686
a 6 30 0 1 19180648862044.89
a 6 31 0 1 16996319350163.834
a 6 32 0 1 17809365290851.383
a 6 33 0 1 16120831493243.875
a 6 34 0 1 7037897427796.503
a 6 35 0 1 14307291213220.02
a 6 36 0 1 27997687349917.69
a 6 37 0 1 21693737044310.094
a 6 38 0 1 21231565862149.094
a 6 39 0 1 25614829449019.863
a 6 40 0 1 6960469212454.045
a 6 41 0 1 13037743033426.225
a 6 42 0 1 13163100541155.67
a 6 43 0 1 26830638249035.637
a 6 44 0 1 21340012341235.066
a 6 45 0 1 14661516759717.686
a 6 46 0 1 19188394315547.777
a 6 47 0 1 23301680931125.023
a 6 48 0 1 18506391630967.63
a 6 49 0 1 26840630691645.145
a 6 50 0 1 20998020468026.12
a 6 51 0 1 26165800985133.676
a 6 52 0 1 7535239229167.911
a 6 53 0 1 10634576740408.197
a 6 54 0 1 28658901001956.6
a 6 55 0 1 21064372207341.457
a 6 56 0 1 10598153577420.355
a 6 57 0 1 10284807121324.574
a 6 58 0 1 13677244029081.14
a 6 59 0 1 27772397924849.703
a 6 60 0 1 26446948841219.777
a 6 61 0 1 28577060718818.72
a 6 62 0 1 13912028890617.773
a 6 63 0 1 18591678971080.52
a 6 64 0 1 16950259664078.568
a 6 65 0 1 20894833253946.934
a 6 66 0 1 8361743190240.805
a 6 67 0 1 12923238867116.111
a 6 68 0 1 12881049092210.457
a 6 69 0 1 23094271549195.383
a 6 70 0 1 22870640874829.582
a 6 71 0 1 12333469169425.107
a 6 72 0 1 16281391307259.008
a 6 73 0 1 13498820771797.09
a 6 74 0 1 16073221317202.05
a 6 75 0 1 19496955069653.492
a 6 76 0 1 16067659177806.36
a 6 77 0 1 22548418273884.31
a 6 78 0 1 21891672678810.555
a 6 79 0 1 11071177089926.252
a 6 80 0 1 15319174903033.531
a 7 15 0 1 24158574990635.664
a 7 16 0 1 11606321455923.979
a 7 17 0 1 6920309461800.327
a 7 18 0 1 13092140894154.98
a 7 19 0 1 20222180638704.05
a 7 20 0 1 9250338114215.684
a 7 21 0 1 9018139798699.205
a 7 22 0 1 13437621467333.125
a 7 23 0 1 12138541671478.72
a 7 24 0 1 11510232736072.945
a 7 25 0 1 9688058657921.727
a 7 26 0 1 19068988656189.367
a 7 27 0 1 19109554118516.52
a 7 28 0 1 25342267111612.08
a 7 29 0 1 10585743798422.047
a 7 30 0 1 16441441220298.678
a 7 31 0 1 14569581437585.898
a 7 32 0 1 15266336373133.725
a 7 33 0 1 13819294873437.549
a 7 34 0 1 6034012527073.996
a 7 35 0 1 12265035578207.244
a 7 36 0 1 23995826998845.082
a 7 37 0 1 18594863894448.168
a 7 38 0 1 18198850624308.938
a 7 39 0 1 21954425220485.504
a 7 40 0 1 5967636253133.717
a 7 41 0 1 11176938884453.467
a 7 42 0 1 11284381563592.574
a 7 43 0 1 22996032456963.582
a 7 44 0 1 18291773975716.965
a 7 45 0 1 12568624959972.275
a 7 46 0 1 16448078442101.428
a 7 47 0 1 19972590189832.56
a 7 48 0 1 15863651286198.459
a 7 49 0 1 23004593005354.418
a 7 50 0 1 17998734002555.137
a 7 51 0 1 22426458514700.62
a 7 52 0 1 6460360773468.555
a 7 53 0 1 9117123162753.572
a 7 54 0 1 24562262341287.363
a 7 55 0 1 18055588570605.695
a 7 56 0 1 9085902678996.004
a 7 57 0 1 8817313039601.693
a 7 58 0 1 11725044221568.89
a 7 59 0 1 23802827717750.4
a 7 60 0 1 22667322730693.48
a 7 61 0 1 24492153707827.99
a 7 62 0 1 11926271405392.46
a 7 63 0 1 15936737109252.547
a 7 64 0 1 14530109169167.373
a 7 65 0 1 17910316111244.203
a 7 66 0 1 7168869180624.855
a 7 67 0 1 11078798109517.648
a 7 68 0 1 11042637435094.838
a 7 69 0 1 19794880778053.344
a 7 70 0 1 19603271518974.24
a 7 71 0 1 10573304487060.969
a 7 72 0 1 13956895056246.006
a 7 73 0 1 11572121867550.44
a 7 74 0 1 13778492687543.467
a 7 75 0 1 16712488459202.633
a 7 76 0 1 13773725898947.01
a 7 77 0 1 19327185111941.055
a 7 78 0 1 18764464008364.55
a 7 79 0 1 9491356671504.16
a 7 80 0 1 13132262184963.385
a 8 15 0 1 34277580129774.277
a 8 16 0 1 16457751253323.316
a 8 17 0 1 9810778053791.375
a 8 18 0 1 18565970407441.336
a 8 19 0 1 28686943939391.945
a 8 20 0 1 13115481513926.076
a 8 21 0 1 12786118992184.44
a 8 22 0 1 19056213756726.004
a 8 23 0 1 17212880190149.803
a 8 24 0 1 16321422018641.293
a 8 25 0 1 13736387807165.113
a 8 26 0 1 27049534322687.19
a 8 27 0 1 27107129854714.082
a 8 28 0 1 35959127115878.234
a 8 29 0 1 15009835511436.158
a 8 30 0 1 23319378786919.27
a 8 31 0 1 20662600482180.316
a 8 32 0 1 21651466423262.61
a 8 33 0 1 19597834408322.555
a 8 34 0 1 8553928706273.433
a 8 35 0 1 17392358986019.486
a 8 36 0 1 34046396235406.457
a 8 37 0 1 26376380682549.46
a 8 38 0 1 25814151947741.504
a 8 39 0 1 31146889682230.35
a 8 40 0 1 8459805452509.538
a 8 41 0 1 15848559489452.965
a 8 42 0 1 16000992735853.389
a 8 43 0 1 32626265722068.93
a 8 44 0 1 25946075337887.64
a 8 45 0 1 17823122714132.348
a 8 46 0 1 23328800019434.543
a 8 47 0 1 28332536641870.418
a 8 48 0 1 22499255569925.688
a 8 49 0 1 32638424732978.066
a 8 50 0 1 25530050169625.156
a 8 51 0 1 31817291610813.746
a 8 52 0 1 9158515759234.855
a 8 53 0 1 12926521393873.354
a 8 54 0 1 34851034660278.684
a 8 55 0 1 25610764964466.086
a 8 56 0 1 12882236727929.467
a 8 57 0 1 12501261507999.88
a 8 58 0 1 16626195077330.14
a 8 59 0 1 33772245036891.18
a 8 60 0 1 32159389100207.594
a 8 61 0 1 34751440846505.848
a 8 62 0 1 16911700549421.057
a 8 63 0 1 22602992094342.715
a 8 64 0 1 20606581654208.918
a 8 65 0 1 25404526713715.8
a 8 66 0 1 10163277509712.63
a 8 67 0 1 15709324608281.979
a 8 68 0 1 15658022846981.674
a 8 69 0 1 28080202421785.11
a 8 70 0 1 27808136304299.812
a 8 71 0 1 14992188468370.967
a 8 72 0 1 19793103365300.84
a 8 73 0 1 16409229245444.117
a 8 74 0 1 19539932365345.445
a 8 75 0 1 23704122847627.688
a 8 76 0 1 19533167870127.285
a 8 77 0 1 27416129889789.4
a 8 78 0 1 26617172269567.793
a 8 79 0 1 13457362933161.564
a 8 80 0 1 18622902425535.375
a 9 15 0 1 6070511002756.657
a 9 16 0 1 2919565303463.8364
a 9 17 0 1 1741503830495.8264
a 9 18 0 1 3292901031387.093
a 9 19 0 1 5083106569755.31
a 9 20 0 1 2327391009575.6836
a 9 21 0 1 2269015151560.4966
a 9 22 0 1 3379694808573.821
a 9 23 0 1 3053305076793.1284
a 9 24 0 1 2895418194345.952
a 9 25 0 1 2437429865665.817
a 9 26 0 1 4793713108814.372
a 9 27 0 1 4803893986009.018
a 9 28 0 1 6367297010610.563
a 9 29 0 1 2663073552813.135
a 9 30 0 1 4134115219883.555
a 9 31 0 1 3664036611159.216
a 9 32 0 1 3839029833070.0
a 9 33 0 1 3475575163736.706
a 9 34 0 1 1518582127661.1836
a 9 35 0 1 3085089487389.593
a 9 36 0 1 6029700612811.09
a 9 37 0 1 4674714829377.713
a 9 38 0 1 4575313917026.156
a 9 39 0 1 5517705086965.6
a 9 40 0 1 1501885774357.5369
a 9 41 0 1 2811658301484.6377
a 9 42 0 1 2838660187195.6963
a 9 43 0 1 5778968812766.262
a 9 44 0 1 4598638658933.133
a 9 45 0 1 3161370251270.553
a 9 46 0 1 4135781749997.1665
a 9 47 0 1 5020476741839.902
a 9 48 0 1 3989031497309.999
a 9 49 0 1 5781115839119.881
a 9 50 0 1 4525081263645.687
a 9 51 0 1 5636109828599.786
a 9 52 0 1 1625821632090.6565
a 9 53 0 1 2293900367174.505
a 9 54 0 1 6171733961458.82
a 9 55 0 1 4539352897185.483
a 9 56 0 1 2286051331732.8877
a 9 57 0 1 2218524380874.017
a 9 58 0 1 2949399799116.7266
a 9 59 0 1 5981302979536.023
a 9 60 0 1 5696524447762.482
a 9 61 0 1 6154155013059.728
a 9 62 0 1 2999965888437.05
a 9 63 0 1 4007384230846.9253
a 9 64 0 1 3654122339277.321
a 9 65 0 1 4502886326745.046
a 9 66 0 1 1804015540866.5793
a 9 67 0 1 2786993680604.187
a 9 68 0 1 2777905718432.628
a 9 69 0 1 4975882407102.981
a 9 70 0 1 4927798518355.278
a 9 71 0 1 2659947024595.0854
a 9 72 0 1 3510140222760.2554
a 9 73 0 1 2910970987835.5015
a 9 74 0 1 3465325528701.835
a 9 75 0 1 4202170514919.6333
a 9 76 0 1 3464128091989.457
a 9 77 0 1 4858512495405.175
a 9 78 0 1 4717283059019.844
a 9 79 0 1 2387981850791.776
a 9 80 0 1 3302980816799.1353
a 10 15 0 1 16736811354153.43
a 10 16 0 1 8044309397846.384
a 10 17 0 1 4797241594998.161
a 10 18 0 1 9073650266420.797
a 10 19 0 1 14011668969272.9
a 10 20 0 1 6411917610887.925
a 10 21 0 1 6251019482489.188
a 10 22 0 1 9312975603462.459
a 10 23 0 1 8413031520337.965
a 10 24 0 1 7977737661170.264
a 10 25 0 1 6715221913906.462
a 10 26 0 1 13213177090635.31
a 10 27 0 1 13241266488499.457
a 10 28 0 1 17556125714236.139
a 10 29 0 1 7337214449612.687
a 10 30 0 1 11393570131859.8
a 10 31 0 1 10097079147515.191
a 10 32 0 1 10579686907690.16
a 10 33 0 1 9577366061043.633
a 10 34 0 1 4182980871107.719
a 10 35 0 1 8500664447061.614
a 10 36 0 1 16624156950952.494
a 10 37 0 1 12884865245728.125
a 10 38 0 1 12610633939123.26
a 10 39 0 1 15210985224464.236
a 10 40 0 1 4136976299662.8076
a 10 41 0 1 7746823070031.062
a 10 42 0 1 7821262728505.777
a 10 43 0 1 15932069164962.209
a 10 44 0 1 12674982200754.656
a 10 45 0 1 8710983046804.351
a 10 46 0 1 11398166911091.717
a 10 47 0 1 13838853365015.676
a 10 48 0 1 10993398526015.395
a 10 49 0 1 15937995241591.209
a 10 50 0 1 12472054237316.445
a 10 51 0 1 15537771064863.611
a 10 52 0 1 4478472403083.404
a 10 53 0 1 6319608752774.155
a 10 54 0 1 17016238732712.29
a 10 55 0 1 12511425924577.717
a 10 56 0 1 6297974965223.575
a 10 57 0 1 6111857644685.573
a 10 58 0 1 8126561723200.613
a 10 59 0 1 16490560875932.117
a 10 60 0 1 15704515716839.264
a 10 61 0 1 16967710979627.256
a 10 62 0 1 8265972361209.699
a 10 63 0 1 11044017949903.045
a 10 64 0 1 10069737942823.62
a 10 65 0 1 12410824689929.795
a 10 66 0 1 4969502542544.128
a 10 67 0 1 7678827568239.667
a 10 68 0 1 7653774017545.653
a 10 69 0 1 13715806091988.93
a 10 70 0 1 13583132729711.957
a 10 71 0 1 7328595707598.023
a 10 72 0 1 9672681863453.25
a 10 73 0 1 8020615451127.605
a 10 74 0 1 9549102162290.934
a 10 75 0 1 11581289134711.916
a 10 76 0 1 9545800176269.543
a 10 77 0 1 13391962852411.979
a 10 78 0 1 13002307596699.205
a 10 79 0 1 6578924791501.855
a 10 80 0 1 9101443855739.611
a 11 15 0 1 15714731607099.441
a 11 16 0 1 7553522950915.277
a 11 17 0 1 4504662762227.118
a 11 18 0 1 8520001710009.522
a 11 19 0 1 13156259750657.04
a 11 20 0 1 6020793067196.241
a 11 21 0 1 5869716297547.19
a 11 22 0 1 8744709383151.264
a 11 23 0 1 7899728727337.335
a 11 24 0 1 7491016285571.383
a 11 25 0 1 6305582488243.715
a 11 26 0 1 12406585278553.457
a 11 27 0 1 12432957517600.182
a 11 28 0 1 16483917253907.566
a 11 29 0 1 6889602366655.661
a 11 30 0 1 10698192173080.92
a 11 31 0 1 9480915657729.045
a 11 32 0 1 9934039098577.643
a 11 33 0 1 8992950354270.213
a 11 34 0 1 3927882111678.1753
a 11 35 0 1 7982010007045.391
a 11 36 0 1 15608969126847.197
a 11 37 0 1 12098342993835.203
a 11 38 0 1 11840874235870.408
a 11 39 0 1 14282237559810.992
a 11 40 0 1 3884684380349.0273
a 11 41 0 1 7274201583452.625
a 11 42 0 1 7344095954579.483
a 11 43 0 1 14959217909121.49
a 11 44 0 1 11901289261693.27
a 11 45 0 1 8179484266182.825
a 11 46 0 1 10702508053606.084
a 11 47 0 1 12994010290396.344
a 11 48 0 1 10322473072478.137
a 11 49 0 1 14964781501185.592
a 11 50 0 1 11710764921231.592
a 11 51 0 1 14589037079530.023
a 11 52 0 1 4205344389608.478
a 11 53 0 1 5934118862154.032
a 11 54 0 1 15977063572409.502
a 11 55 0 1 11747730124325.592
a 11 56 0 1 5913805612939.784
a 11 57 0 1 5739048741275.237
a 11 58 0 1 7630752620023.666
a 11 59 0 1 15483545917894.83
a 11 60 0 1 14745583034208.549
a 11 61 0 1 15931504829382.975
a 11 62 0 1 7761650082422.287
a 11 63 0 1 10369999510902.531
a 11 64 0 1 9455244737771.234
a 11 65 0 1 11653277817827.4
a 11 66 0 1 4666412046441.64
a 11 67 0 1 7210357824720.833
a 11 68 0 1 7186834005497.662
a 11 69 0 1 12878486027997.557
a 11 70 0 1 12753923983442.125
a 11 71 0 1 6881509833910.517
a 11 72 0 1 9082443854587.232
a 11 73 0 1 7531275834860.931
a 11 74 0 1 8966412913820.812
a 11 75 0 1 10874439868278.367
a 11 76 0 1 8963312624026.256
a 11 77 0 1 12574441345454.836
a 11 78 0 1 12208606308642.047
a 11 79 0 1 6177605625948.296
a 11 80 0 1 8546097743765.189
a 12 15 0 1 30493240438534.48
a 12 16 0 1 14644085980227.469
a 12 17 0 1 8730354005290.903
a 12 18 0 1 16519534536249.367
a 12 19 0 1 25521640649505.418
a 12 20 0 1 11670633661231.143
a 12 21 0 1 11377602425732.078
a 12 22 0 1 16955635217647.498
a 12 23 0 1 15315851925199.775
a 12 24 0 1 14522805533533.895
a 12 25 0 1 12223042421775.07
a 12 26 0 1 24065402947404.652
a 12 27 0 1 24116626826986.688
a 12 28 0 1 31988455496969.75
a 12 29 0 1 13355977856074.55
a 12 30 0 1 20747745361080.973
a 12 31 0 1 18384573864161.777
a 12 32 0 1 19264176573958.555
a 12 33 0 1 17437432750331.86
a 12 34 0 1 7612038068757.371
a 12 35 0 1 15475515136076.477
a 12 36 0 1 30287668975277.855
a 12 37 0 1 23466713071634.99
a 12 38 0 1 22966669802375.848
a 12 39 0 1 27709290391450.934
a 12 40 0 1 7528287904630.077
a 12 41 0 1 14102136974225.492
a 12 42 0 1 14237745383232.703
a 12 43 0 1 29024845469294.344
a 12 44 0 1 23084002412182.844
a 12 45 0 1 15858716873755.693
a 12 46 0 1 20756125146776.457
a 12 47 0 1 25206452056425.727
a 12 48 0 1 20018272933542.51
a 12 49 0 1 29035657827969.18
a 12 50 0 1 22713988457378.844
a 12 51 0 1 28305460488613.824
a 12 52 0 1 8149990317367.496
a 12 53 0 1 11502517633893.846
a 12 54 0 1 31003157780926.91
a 12 55 0 1 22785776729433.16
a 12 56 0 1 11463117869746.756
a 12 57 0 1 11124164993968.482
a 12 58 0 1 14793935446767.182
a 12 59 0 1 30043888903862.594
a 12 60 0 1 28609674501533.418
a 12 61 0 1 30914599223688.625
a 12 62 0 1 15047922769301.6
a 12 63 0 1 20110543975964.992
a 12 64 0 1 18334744088689.34
a 12 65 0 1 22602346772827.1
a 12 66 0 1 9043993590533.494
a 12 67 0 1 13978269700254.922
a 12 68 0 1 13932630097204.592
a 12 69 0 1 24982039401425.18
a 12 70 0 1 24740076628354.043
a 12 71 0 1 13340278238905.299
a 12 72 0 1 17611132220254.7
a 12 73 0 1 14600920152758.08
a 12 74 0 1 17385926424341.336
a 12 75 0 1 21089957207617.434
a 12 76 0 1 17379909113648.139
a 12 77 0 1 24391441662877.04
a 12 78 0 1 23680869648248.297
a 12 79 0 1 11974800268010.666
a 12 80 0 1 16570179238945.479
a 13 15 0 1 20017016289502.176
a 13 16 0 1 9619006119522.635
a 13 17 0 1 5735895635659.696
a 13 18 0 1 10850095258234.21
a 13 19 0 1 16756749150879.92
a 13 20 0 1 7666786805169.28
a 13 21 0 1 7474372378812.336
a 13 22 0 1 11136335965539.1
a 13 23 0 1 10059990294425.926
a 13 24 0 1 9539388455553.988
a 13 25 0 1 8029505346494.095
a 13 26 0 1 15801536859913.988
a 13 27 0 1 15835138793423.518
a 13 28 0 1 20997294528934.582
a 13 29 0 1 8773355438233.222
a 13 30 0 1 13624923451174.955
a 13 31 0 1 12074170381403.355
a 13 32 0 1 12651414436229.617
a 13 33 0 1 11452558948459.234
a 13 34 0 1 5001376141508.386
a 13 35 0 1 10164798575391.54
a 13 36 0 1 19882232453584.92
a 13 37 0 1 15408797079428.814
a 13 38 0 1 15080755070799.293
a 13 39 0 1 18191520603897.363
a 13 40 0 1 4946365703169.204
a 13 41 0 1 9263223857049.717
a 13 42 0 1 9352250391589.209
a 13 43 0 1 19054208458406.33
a 13 44 0 1 15157729626227.08
a 13 45 0 1 10416339633305.93
a 13 46 0 1 13630421891979.076
a 13 47 0 1 16550012016060.91
a 13 48 0 1 13146262270445.254
a 13 49 0 1 19061298393544.086
a 13 50 0 1 14914984282779.973
a 13 51 0 1 18582476006693.12
a 13 52 0 1 5354715892354.279
a 13 53 0 1 7556396562402.619
a 13 54 0 1 20351336359042.258
a 13 55 0 1 14962081086360.592
a 13 56 0 1 7530525232478.219
a 13 57 0 1 7307953016003.955
a 13 58 0 1 9717377595417.424
a 13 59 0 1 19722394128010.18
a 13 60 0 1 18781965831207.66
a 13 61 0 1 20293275167634.7
a 13 62 0 1 9884109645180.709
a 13 63 0 1 13206809699602.96
a 13 64 0 1 12041468117850.201
a 13 65 0 1 14841741056140.934
a 13 66 0 1 5941885148511.667
a 13 67 0 1 9181904509793.953
a 13 68 0 1 9151941731984.676
a 13 69 0 1 16402813094392.447
a 13 70 0 1 16244099597294.217
a 13 71 0 1 8763048014318.666
a 13 72 0 1 11566561898289.977
a 13 73 0 1 9590668891036.611
a 13 74 0 1 11418753863024.172
a 13 75 0 1 13849464600856.11
a 13 76 0 1 11414804519692.557
a 13 77 0 1 16015410000373.572
a 13 78 0 1 15549285654887.941
a 13 79 0 1 7866508385562.01
a 13 80 0 1 10883337115461.154
a 14 15 0 1 29234764035221.13
a 14 16 0 1 14040772007059.771
a 14 17 0 1 8370911574444.854
a 14 18 0 1 15838813960151.162
a 14 19 0 1 24468923908688.85
a 14 20 0 1 11189979245857.137
a 14 21 0 1 10909031649206.32
a 14 22 0 1 16256910582794.436
a 14 23 0 1 14684815404723.105
a 14 24 0 1 13924496143652.863
a 14 25 0 1 11719606370490.256
a 14 26 0 1 23072912791070.867
a 14 27 0 1 23122018499327.445
a 14 28 0 1 30668052431090.707
a 14 29 0 1 12805810242289.457
a 14 30 0 1 19892393487349.8
a 14 31 0 1 17626844524533.652
a 14 32 0 1 18470116826145.984
a 14 33 0 1 16718815484418.568
a 14 34 0 1 7298677165180.408
a 14 35 0 1 14837889003294.81
a 14 36 0 1 29037705036598.402
a 14 37 0 1 22498977712841.33
a 14 38 0 1 22019607866319.7
a 14 39 0 1 26566061181296.387
a 14 40 0 1 7218377567456.245
a 14 41 0 1 13521185245586.389
a 14 42 0 1 13651198345149.562
a 14 43 0 1 27827165044985.406
a 14 44 0 1 22132089767529.93
a 14 45 0 1 15205274309720.521
a 14 46 0 1 19900427013763.69
a 14 47 0 1 24166772420103.258
a 14 48 0 1 19193060974887.344
a 14 49 0 1 27837529811419.473
a 14 50 0 1 21777372325953.12
a 14 51 0 1 27137557580731.797
a 14 52 0 1 7814463876939.728
a 14 53 0 1 11028795862973.201
a 14 54 0 1 29723564652369.152
a 14 55 0 1 21846192942072.31
a 14 56 0 1 10991020799956.336
a 14 57 0 1 10666044508411.61
a 14 58 0 1 14184437817457.709
a 14 59 0 1 28804019101284.113
a 14 60 0 1 27429179834103.07
a 14 61 0 1 29638673657553.42
a 14 62 0 1 14427943686082.719
a 14 63 0 1 19281519884469.793
a 14 64 0 1 17579072667203.186
a 14 65 0 1 21670345704430.594
a 14 66 0 1 8671625227663.258
a 14 67 0 1 13402428686232.256
a 14 68 0 1 13358672119877.762
a 14 69 0 1 23951641563569.812
a 14 70 0 1 23719685953861.59
a 14 71 0 1 12790758286142.38
a 14 72 0 1 16885342668804.775
a 14 73 0 1 13999387413476.627
a 14 74 0 1 16669435871275.914
a 14 75 0 1 20220464352435.887
a 14 76 0 1 16663667015708.426
a 14 77 0 1 23385468989978.152
a 14 78 0 1 22704279658839.598
a 14 79 0 1 11481602201067.016
a 14 80 0 1 15887367926810.053
a 15 1 0 3 0
a 16 1 0 3 0
a 17 1 0 3 0
a 18 1 0 3 0
a 19 1 0 3 0
a 20 1 0 3 0
a 21 1 0 3 0
a 22 1 0 3 0
a 23 1 0 3 0
a 24 1 0 3 0
a 25 1 0 3 0
a 26 1 0 3 0
a 27 1 0 3 0
a 28 1 0 3 0
a 29 1 0 3 0
a 30 1 0 3 0
a 31 1 0 3 0
a 32 1 0 3 0
a 33 1 0 3 0
a 34 1 0 3 0
a 35 1 0 3 0
a 36 1 0 3 0
a 37 1 0 3 0
a 38 1 0 3 0
a 39 1 0 3 0
a 40 1 0 3 0
a 41 1 0 3 0
a 42 1 0 3 0
a 43 1 0 3 0
a 44 1 0 3 0
a 45 1 0 3 0
a 46 1 0 3 0
a 47 1 0 3 0
a 48 1 0 3 0
a 49 1 0 3 0
a 50 1 0 3 0
a 51 1 0 3 0
a 52 1 0 3 0
a 53 1 0 3 0
a 54 1 0 3 0
a 55 1 0 3 0
a 56 1 0 3 0
a 57 1 0 3 0
a 58 1 0 3 0
a 59 1 0 3 0
a 60 1 0 3 0
a 61 1 0 3 0
a 62 1 0 3 0
a 63 1 0 3 0
a 64 1 0 3 0
a 65 1 0 3 0
a 66 1 0 3 0
a 67 1 0 3 0
a 68 1 0 3 0
a 69 1 0 3 0
a 70 1 0 3 0
a 71 1 0 3 0
a 72 1 0 3 0
a 73 1 0 3 0
a 74 1 0 3 0
a 75 1 0 3 0
a 76 1 0 3 0
a 77 1 0 3 0
a 78 1 0 3 0
a 79 1 0 3 0
a 80 1 0 3 0
