p min 82 951
n 0 13
n 1 -13
a 0 2 0 1 0
a 0 3 0 1 0
a 0 4 0 1 0
a 0 5 0 1 0
a 0 6 0 1 0
a 0 7 0 1 0
a 0 8 0 1 0
a 0 9 0 1 0
a 0 10 0 1 0
a 0 11 0 1 0
a 0 12 0 1 0
a 0 13 0 1 0
a 0 14 0 1 0
a 2 15 0 1 4356040512010.9336
a 2 16 0 1 2779256108349.033
a 2 17 0 1 4070594034135.2515
a 2 18 0 1 4315150182120.0654
a 2 19 0 1 5680365715128.406
a 2 20 0 1 3676544431818.5425
a 2 21 0 1 3588546961771.1377
a 2 22 0 1 2104912786224.0486
a 2 23 0 1 3462153662112.7964
a 2 24 0 1 5020263092992.864
a 2 25 0 1 5716341205751.413
a 2 26 0 1 2852582097609.3945
a 2 27 0 1 4141847482670.3
a 2 28 0 1 2596131068890.937
a 2 29 0 1 3626238207333.4473
a 2 30 0 1 6496764630851.726
a 2 31 0 1 6664400827893.926
a 2 32 0 1 4689295251653.07
a 2 33 0 1 2930977233676.501
a 2 34 0 1 1447387692620.6475
a 2 35 0 1 5004973278481.174
a 2 36 0 1 2723529767984.983
a 2 37 0 1 4569385838306.884
a 2 38 0 1 6616950035696.982
a 2 39 0 1 3855154428063.925
a 2 40 0 1 5075166545486.21
a 2 41 0 1 4237157729710.618
a 2 42 0 1 4562437928392.731
a 2 43 0 1 4061131536405.241
a 2 44 0 1 2316015263483.9653
a 2 45 0 1 5679789519025.819
a 2 46 0 1 2444480099167.528
a 2 47 0 1 6159875529051.56
a 2 48 0 1 2713154722412.8003
a 2 49 0 1 5445853001197.139
a 2 50 0 1 3384031758822.57
a 2 51 0 1 6472176843844.36
a 2 52 0 1 4617703828860.705
a 2 53 0 1 5206068705262.461
a 2 54 0 1 6352140326549.867
a 2 55 0 1 4983554299713.106
a 2 56 0 1 6507902822605.32
a 2 57 0 1 1489371390670.2644
a 2 58 0 1 5518033315931.451
a 2 59 0 1 1798353486447.555
a 2 60 0 1 3562075728551.2754
a 2 61 0 1 5001873399480.502
a 2 62 0 1 1895430519416.9536
a 2 63 0 1 4422643216752.264
a 2 64 0 1 6201108011802.3125
a 2 65 0 1 6347995768200.308
a 2 66 0 1 3630901670322.08
a 2 67 0 1 3288799726492.5073
a 2 68 0 1 2091856603342.428
a 2 69 0 1 3442387325657.8105
a 2 70 0 1 2588678399539.827
a 2 71 0 1 4326375148925.587
a 2 72 0 1 5033682753911.19
a 2 73 0 1 3016645425174.6133
a 2 74 0 1 4688168249732.354
a 2 75 0 1 5188082836560.53
a 2 76 0 1 4889018303738.422
a 2 77 0 1 4626727291459.033
a 2 78 0 1 1537274836143.3691
a 2 79 0 1 1556838373145.017
a 2 80 0 1 1655671734600.008
a 2 81 0 1 2723674483926.2456
a 3 15 0 1 15645661978108.791
a 3 16 0 1 9977601779416.816
a 3 17 0 1 14619172820872.562
a 3 18 0 1 15498606219192.734
a 3 19 0 1 20410337962419.688
a 3 20 0 1 13202425554424.46
a 3 21 0 1 12886089185018.174
a 3 22 0 1 7555171676202.336
a 3 23 0 1 12431755248791.56
a 3 24 0 1 18034939593353.64
a 3 25 0 1 20539823769104.61
a 3 26 0 1 10241068060332.701
a 3 27 0 1 14875389715282.658
a 3 28 0 1 9319668894882.959
a 3 29 0 1 13021580950706.717
a 3 30 0 1 23349471471259.09
a 3 31 0 1 23953159608053.516
a 3 32 0 1 16844295262237.555
a 3 33 0 1 10522760959951.248
a 3 34 0 1 5194095800680.247
a 3 35 0 1 17979929869214.47
a 3 36 0 1 9777380191400.828
a 3 37 0 1 16412983823104.031
a 3 38 0 1 23782274609069.582
a 3 39 0 1 13844550132575.645
a 3 40 0 1 18232475487643.867
a 3 41 0 1 15218128371274.008
a 3 42 0 1 16387993296655.195
a 3 43 0 1 14585147895081.262
a 3 44 0 1 8313406070007.884
a 3 45 0 1 20408264094912.125
a 3 46 0 1 8774870704321.879
a 3 47 0 1 22136456408854.22
a 3 48 0 1 9740103975234.107
a 3 49 0 1 19566329729372.473
a 3 50 0 1 12150955050418.44
a 3 51 0 1 23260931518881.11
a 3 52 0 1 16586778818683.074
a 3 53 0 1 18703471593129.918
a 3 54 0 1 22828702002762.543
a 3 55 0 1 17902869472138.637
a 3 56 0 1 23389580225958.734
a 3 57 0 1 5344825407598.792
a 3 58 0 1 19826093133393.97
a 3 59 0 1 6454247090177.861
a 3 60 0 1 12790932728131.107
a 3 61 0 1 17968777179908.52
a 3 62 0 1 6802851140260.8
a 3 63 0 1 15885196020388.932
a 3 64 0 1 22284906433321.766
a 3 65 0 1 22813778762055.05
a 3 66 0 1 13038345290014.553
a 3 67 0 1 11808672183508.072
a 3 68 0 1 7508279830480.806
a 3 69 0 1 12360706186886.56
a 3 70 0 1 9292894417047.994
a 3 71 0 1 15538974721462.451
a 3 72 0 1 18083221289856.605
a 3 73 0 1 10830602805758.867
a 3 74 0 1 16840241317925.275
a 3 75 0 1 18638754859273.562
a 3 76 0 1 17562763212218.184
a 3 77 0 1 16619235870609.688
a 3 78 0 1 5516812664378.999
a 3 79 0 1 5587052847041.032
a 3 80 0 1 5941912936609.259
a 3 81 0 1 9777900138964.826
a 4 15 0 1 13064386176960.34
a 4 16 0 1 8332359366926.257
a 4 17 0 1 12207488870661.777
a 4 18 0 1 12941628352523.922
a 4 19 0 1 17041425897813.781
a 4 20 0 1 11024755160464.232
a 4 21 0 1 10760661467232.959
a 4 22 0 1 6309662611146.794
a 4 23 0 1 10381354827498.525
a 4 24 0 1 15058788648064.406
a 4 25 0 1 17149496672286.598
a 4 26 0 1 8552338963591.37
a 4 27 0 1 12421377913527.904
a 4 28 0 1 7783012619038.013
a 4 29 0 1 10873777274649.53
a 4 30 0 1 19494339058950.75
a 4 31 0 1 19998125172409.113
a 4 32 0 1 14064944390143.55
a 4 33 0 1 8787534330022.197
a 4 34 0 1 4338016688470.336
a 4 35 0 1 15012872402946.852
a 4 36 0 1 8165184075617.707
a 4 37 0 1 13704912753668.904
a 4 38 0 1 19855520449292.414
a 4 39 0 1 11560823653494.576
a 4 40 0 1 15223669732073.867
a 4 41 0 1 12707491786343.209
a 4 42 0 1 13684052054344.791
a 4 43 0 1 12179084814785.617
a 4 44 0 1 6942798210945.508
a 4 45 0 1 17039695012901.441
a 4 46 0 1 7328118266522.217
a 4 47 0 1 18482026150040.11
a 4 48 0 1 8134060107012.638
a 4 49 0 1 16336991053726.482
a 4 50 0 1 10146921826194.822
a 4 51 0 1 19420450267634.28
a 4 52 0 1 13849986585641.965
a 4 53 0 1 15616800107670.621
a 4 54 0 1 19059740412884.305
a 4 55 0 1 14948550448420.094
a 4 56 0 1 19527810729794.773
a 4 57 0 1 4463890613556.739
a 4 58 0 1 16553799872948.705
a 4 59 0 1 5390343773483.889
a 4 60 0 1 10681219394873.332
a 4 61 0 1 15003563316803.37
a 4 62 0 1 5681447136082.497
a 4 63 0 1 13264340683199.271
a 4 64 0 1 18605916551855.418
a 4 65 0 1 19047286367891.848
a 4 66 0 1 10887773005514.828
a 4 67 0 1 9861155111217.14
a 4 68 0 1 6270506710097.852
a 4 69 0 1 10322037994742.834
a 4 70 0 1 7760656746536.39
a 4 71 0 1 12975326859866.586
a 4 72 0 1 15099088974742.734
a 4 73 0 1 9044559496962.053
a 4 74 0 1 14061560440153.523
a 4 75 0 1 15562782851794.328
a 4 76 0 1 14664663083532.547
a 4 77 0 1 13877079715706.266
a 4 78 0 1 4607515869927.916
a 4 79 0 1 4666172645066.364
a 4 80 0 1 4962509865294.897
a 4 81 0 1 8165618208201.594
a 5 15 0 1 15836788726890.225
a 5 16 0 1 10099407220067.885
a 5 17 0 1 14797738646795.86
a 5 18 0 1 15687933294449.451
a 5 19 0 1 20659808372415.0
a 5 20 0 1 13363659889985.229
a 5 21 0 1 13043454465284.799
a 5 22 0 1 7647378320242.669
a 5 23 0 1 12583564148496.438
a 5 24 0 1 18255315049657.668
a 5 25 0 1 20790880642860.52
a 5 26 0 1 10366093707843.988
a 5 27 0 1 15057090529755.814
a 5 28 0 1 9433433638643.057
a 5 29 0 1 13180603372345.877
a 5 30 0 1 23634964021756.21
a 5 31 0 1 24246054040383.34
a 5 32 0 1 17050093227772.46
a 5 33 0 1 10651229807237.71
a 5 34 0 1 5257469390658.2705
a 5 35 0 1 18199631732356.703
a 5 36 0 1 9896738563343.371
a 5 37 0 1 16613502084198.451
a 5 38 0 1 24073073697310.344
a 5 39 0 1 14013639059822.754
a 5 40 0 1 18455269838892.594
a 5 41 0 1 15404023119827.545
a 5 42 0 1 16588205663758.48
a 5 43 0 1 14763297416899.057
a 5 44 0 1 8414875508958.158
a 5 45 0 1 20657709096213.91
a 5 46 0 1 8881978320470.418
a 5 47 0 1 22407079206439.047
a 5 48 0 1 9859006777232.736
a 5 49 0 1 19805460499749.656
a 5 50 0 1 12299330134203.314
a 5 51 0 1 23545338559565.613
a 5 52 0 1 16789424448980.973
a 5 53 0 1 18932033903001.35
a 5 54 0 1 23107810182375.594
a 5 55 0 1 18121627746518.098
a 5 56 0 1 23675564521690.793
a 5 57 0 1 5410039207620.292
a 5 58 0 1 20068405954617.477
a 5 59 0 1 6533007457463.811
a 5 60 0 1 12947134222079.451
a 5 61 0 1 18188342479607.484
a 5 62 0 1 6885868852368.422
a 5 63 0 1 16079254327233.62
a 5 64 0 1 22557348780719.52
a 5 65 0 1 23092704001689.152
a 5 66 0 1 13197572752697.17
a 5 67 0 1 11952861903379.984
a 5 68 0 1 7599913684890.394
a 5 69 0 1 12511646229073.371
a 5 70 0 1 9406331971990.936
a 5 71 0 1 15728795821720.727
a 5 72 0 1 18304187961850.6
a 5 73 0 1 10962834736176.535
a 5 74 0 1 17045989656458.229
a 5 75 0 1 18866524591216.715
a 5 76 0 1 17777357157632.246
a 5 77 0 1 16822278806894.637
a 5 78 0 1 5584126281328.788
a 5 79 0 1 5655224060599.312
a 5 80 0 1 6014417024515.252
a 5 81 0 1 9897264865456.545
a 6 15 0 1 9646264424832.94
a 6 16 0 1 6153186079675.738
a 6 17 0 1 9013795529285.742
a 6 18 0 1 9555659884072.324
a 6 19 0 1 12581256992206.547
a 6 20 0 1 8140775762509.219
a 6 21 0 1 7945829876605.553
a 6 22 0 1 4659771759799.353
a 6 23 0 1 7665831887552.914
a 6 24 0 1 11118190009482.746
a 6 25 0 1 12661001689797.932
a 6 26 0 1 6315592274255.377
a 6 27 0 1 9171668343892.064
a 6 28 0 1 5747605815434.767
a 6 29 0 1 8029328885521.467
a 6 30 0 1 14391117032382.256
a 6 31 0 1 14762797937263.354
a 6 32 0 1 10384726896558.836
a 6 33 0 1 6489229562137.184
a 6 34 0 1 3203874562843.2925
a 6 35 0 1 11084304509960.057
a 6 36 0 1 6029762725764.569
a 6 37 0 1 10119010506623.346
a 6 38 0 1 14657588855150.79
a 6 39 0 1 8536475581215.426
a 6 40 0 1 11239869000254.096
a 6 41 0 1 9382847564723.012
a 6 42 0 1 10103614377977.664
a 6 43 0 1 8992830168242.654
a 6 44 0 1 5127253279140.561
a 6 45 0 1 12579979779640.367
a 6 46 0 1 5411749173577.821
a 6 47 0 1 13644223482315.943
a 6 48 0 1 6006784165270.458
a 6 49 0 1 12061446514640.344
a 6 50 0 1 7492774059460.269
a 6 51 0 1 14336602763272.355
a 6 52 0 1 10226080944087.434
a 6 53 0 1 11529986586494.434
a 6 54 0 1 14070471842414.678
a 6 55 0 1 11036835715381.025
a 6 56 0 1 14415811951944.582
a 6 57 0 1 3296827196536.375
a 6 58 0 1 12221434560404.793
a 6 59 0 1 3980952461611.876
a 6 60 0 1 7887187561597.763
a 6 61 0 1 11077434532706.084
a 6 62 0 1 4195905436662.672
a 6 63 0 1 9793844507727.818
a 6 64 0 1 13735633384048.371
a 6 65 0 1 14061283172478.533
a 6 66 0 1 8039660113358.735
a 6 67 0 1 7281818510705.718
a 6 68 0 1 4630860053043.154
a 6 69 0 1 7622044587953.664
a 6 70 0 1 5731100289748.359
a 6 71 0 1 9580531993005.379
a 6 72 0 1 11147930968162.936
a 6 73 0 1 6678980285676.951
a 6 74 0 1 10382229445745.775
a 6 75 0 1 11490123994996.016
a 6 76 0 1 10827328205034.295
a 6 77 0 1 10246076681334.03
a 6 78 0 1 3402887585910.358
a 6 79 0 1 3446202547875.2114
a 6 80 0 1 3665029753765.166
a 6 81 0 1 6030083241842.64
a 7 15 0 1 11092623082414.15
a 7 16 0 1 7075366657243.299
a 7 17 0 1 10365208731359.178
a 7 18 0 1 10988416123112.8
a 7 19 0 1 14468421332325.822
a 7 20 0 1 9361158429501.45
a 7 21 0 1 9136957476494.916
a 7 22 0 1 5357995616536.409
a 7 23 0 1 8814943495047.984
a 7 24 0 1 12785573914005.006
a 7 25 0 1 14560147644967.805
a 7 26 0 1 7262133093002.448
a 7 27 0 1 10546779730101.129
a 7 28 0 1 6608955646158.355
a 7 29 0 1 9232986798893.104
a 7 30 0 1 16550274573197.523
a 7 31 0 1 16977829350718.486
a 7 32 0 1 11941962761215.844
a 7 33 0 1 7461816397285.289
a 7 34 0 1 3683853108047.3843
a 7 35 0 1 12746599178147.123
a 7 36 0 1 6933431023686.286
a 7 37 0 1 11636347613226.656
a 7 38 0 1 16856803888930.387
a 7 39 0 1 9816244626441.855
a 7 40 0 1 12925528152493.725
a 7 41 0 1 10789660473683.17
a 7 42 0 1 11618639758360.562
a 7 43 0 1 10341096348312.322
a 7 44 0 1 5895572491569.474
a 7 45 0 1 14466952221042.926
a 7 46 0 1 6222730663587.625
a 7 47 0 1 15691118991459.162
a 7 48 0 1 6907005973700.458
a 7 49 0 1 13870515699144.754
a 7 50 0 1 8615918479656.738
a 7 51 0 1 16487565771169.715
a 7 52 0 1 11759494920233.248
a 7 53 0 1 13259221542998.506
a 7 54 0 1 16181432002950.645
a 7 55 0 1 12692001159709.197
a 7 56 0 1 16578681648446.66
a 7 57 0 1 3790737231093.152
a 7 58 0 1 14054538843324.215
a 7 59 0 1 4577407889569.651
a 7 60 0 1 9069515143727.764
a 7 61 0 1 12738697410018.652
a 7 62 0 1 4824584584859.006
a 7 63 0 1 11262359994900.363
a 7 64 0 1 15796267089878.916
a 7 65 0 1 16170862209929.512
a 7 66 0 1 9244868405993.076
a 7 67 0 1 8373310830620.042
a 7 68 0 1 5324749100584.201
a 7 69 0 1 8764585834061.986
a 7 70 0 1 6589974686049.076
a 7 71 0 1 11017022237960.58
a 7 72 0 1 12819781681348.57
a 7 73 0 1 7680031561305.994
a 7 74 0 1 11939090291537.967
a 7 75 0 1 13213371372215.59
a 7 76 0 1 12451029292001.729
a 7 77 0 1 11782493113393.773
a 7 78 0 1 3912694083600.332
a 7 79 0 1 3962501274345.016
a 7 80 0 1 4214128361003.9336
a 7 81 0 1 6933799613215.201
a 8 15 0 1 8269582636876.181
a 8 16 0 1 5275327235812.529
a 8 17 0 1 7727457855161.563
a 8 18 0 1 8191921064089.884
a 8 19 0 1 10785182771515.45
a 8 20 0 1 6979124821086.324
a 8 21 0 1 6812018629957.557
a 8 22 0 1 3995072405361.0527
a 8 23 0 1 6572004522379.1
a 8 24 0 1 9531209450975.895
a 8 25 0 1 10853529050852.45
a 8 26 0 1 5414548920367.78
a 8 27 0 1 7862780609774.233
a 8 28 0 1 4927642870361.062
a 8 29 0 1 6883593502363.688
a 8 30 0 1 12336303804909.594
a 8 31 0 1 12654837478495.39
a 8 32 0 1 8902546222439.016
a 8 33 0 1 5563397566612.582
a 8 34 0 1 2746919284895.075
a 8 35 0 1 9502165969445.523
a 8 36 0 1 5169522848173.393
a 8 37 0 1 8674792616017.775
a 8 38 0 1 12564672802382.03
a 8 39 0 1 7318312524808.599
a 8 40 0 1 9635501036657.32
a 8 41 0 1 8043794551368.433
a 8 42 0 1 8661596064467.685
a 8 43 0 1 7709487067989.803
a 8 44 0 1 4395835646433.837
a 8 45 0 1 10784088117628.13
a 8 46 0 1 4639725689604.328
a 8 47 0 1 11696197940041.639
a 8 48 0 1 5149824482390.098
a 8 49 0 1 10339667725522.037
a 8 50 0 1 6423658351441.446
a 8 51 0 1 12289584288228.932
a 8 52 0 1 8766566186752.895
a 8 53 0 1 9884160381443.102
a 8 54 0 1 12061505038024.064
a 8 55 0 1 9461480103124.775
a 8 56 0 1 12357467680365.96
a 8 57 0 1 2826610157070.7866
a 8 58 0 1 10476789824188.848
a 8 59 0 1 3413122243688.611
a 8 60 0 1 6761750655788.209
a 8 61 0 1 9496277663412.334
a 8 62 0 1 3597402319742.553
a 8 63 0 1 8396080231323.508
a 8 64 0 1 11774539285363.426
a 8 65 0 1 12053630137803.35
a 8 66 0 1 6892449358058.306
a 8 67 0 1 6242824893618.816
a 8 68 0 1 3970286732926.0957
a 8 69 0 1 6534469875733.001
a 8 70 0 1 4913493382482.677
a 8 71 0 1 8213240185298.026
a 8 72 0 1 9556700592973.738
a 8 73 0 1 5726058305977.924
a 8 74 0 1 8900405590591.682
a 8 75 0 1 9849994355174.861
a 8 76 0 1 9281908857005.42
a 8 77 0 1 8783705150736.806
a 8 78 0 1 2917538374672.4253
a 8 79 0 1 2954673280985.876
a 8 80 0 1 3142278035309.0444
a 8 81 0 1 5169797610403.15
a 9 15 0 1 3542279714169.356
a 9 16 0 1 2260134262569.7866
a 9 17 0 1 3310178397785.915
a 9 18 0 1 3509031276398.6772
a 9 19 0 1 4619073438689.271
a 9 20 0 1 2989765376096.6167
a 9 21 0 1 2918211369891.997
a 9 22 0 1 1711772615812.8906
a 9 23 0 1 2815435816732.154
a 9 24 0 1 4082359193787.399
a 9 25 0 1 4648323843691.77
a 9 26 0 1 2319760438544.1562
a 9 27 0 1 3368116038286.2476
a 9 28 0 1 2111222448762.3762
a 9 29 0 1 2948859552573.859
a 9 30 0 1 5282847508489.253
a 9 31 0 1 5419141422937.71
a 9 32 0 1 3813251122403.4585
a 9 33 0 1 2383508462548.4434
a 9 34 0 1 1177071878581.2268
a 9 35 0 1 4069927216927.7065
a 9 36 0 1 2214819390801.8276
a 9 37 0 1 3715752513760.619
a 9 38 0 1 5380562419145.581
a 9 39 0 1 3134998954618.2715
a 9 40 0 1 4127000508396.1216
a 9 41 0 1 3445614477355.3755
a 9 42 0 1 3710103137454.2734
a 9 43 0 1 3302484233433.4756
a 9 44 0 1 1883438370714.926
a 9 45 0 1 4618604953553.119
a 9 46 0 1 1987903520630.412
a 9 47 0 1 5008942266848.708
a 9 48 0 1 2206382724674.7993
a 9 49 0 1 4428398296424.559
a 9 50 0 1 2751911427611.413
a 9 51 0 1 5262856720914.644
a 9 52 0 1 3755040039043.0405
a 9 53 0 1 4233435001437.3657
a 9 54 0 1 5165262253071.609
a 9 55 0 1 4052511671529.773
a 9 56 0 1 5291903266700.015
a 9 57 0 1 1211213558775.883
a 9 58 0 1 4487086116082.607
a 9 59 0 1 1462479854263.954
a 9 60 0 1 2896686575491.3247
a 9 61 0 1 4067406739048.3086
a 9 62 0 1 1541422853805.5938
a 9 63 0 1 3596435079709.775
a 9 64 0 1 5042466251335.037
a 9 65 0 1 5161892553109.91
a 9 66 0 1 2952651587919.3916
a 9 67 0 1 2674473743887.695
a 9 68 0 1 1701155448618.838
a 9 69 0 1 2799362950874.2485
a 9 70 0 1 2105162135747.715
a 9 71 0 1 3518158442883.7393
a 9 72 0 1 4093270562973.577
a 9 73 0 1 2453170420279.0444
a 9 74 0 1 3812334756995.3496
a 9 75 0 1 4218811009221.8413
a 9 76 0 1 3975645259944.825
a 9 77 0 1 3762377038646.957
a 9 78 0 1 1250169177982.6375
a 9 79 0 1 1266078442640.7612
a 9 80 0 1 1346450519574.2173
a 9 81 0 1 2214937069302.289
a 10 15 0 1 5501037394847.187
a 10 16 0 1 3509623511925.318
a 10 17 0 1 5140516132899.414
a 10 18 0 1 5449392187626.828
a 10 19 0 1 7173752621921.055
a 10 20 0 1 4642838466066.981
a 10 21 0 1 4531700842355.333
a 10 22 0 1 2658013649450.1157
a 10 23 0 1 4372071709868.3213
a 10 24 0 1 6339980133327.229
a 10 25 0 1 7219194051471.812
a 10 26 0 1 3602227007267.4126
a 10 27 0 1 5230509243929.919
a 10 28 0 1 3278356436200.1143
a 10 29 0 1 4579303450526.7
a 10 30 0 1 8204988341291.902
a 10 31 0 1 8416744610286.78
a 10 32 0 1 5921948772486.3
a 10 33 0 1 3701232789929.877
a 10 34 0 1 1827676537687.117
a 10 35 0 1 6320668036267.944
a 10 36 0 1 3439246912914.0474
a 10 37 0 1 5770498376018.969
a 10 38 0 1 8356805053760.245
a 10 39 0 1 4868418255680.515
a 10 40 0 1 6409327152336.168
a 10 41 0 1 5350886700457.632
a 10 42 0 1 5761722920954.793
a 10 43 0 1 5128565026740.549
a 10 44 0 1 2924605495695.3066
a 10 45 0 1 7173024816819.95
a 10 46 0 1 3086839639552.7505
a 10 47 0 1 7779440100588.458
a 10 48 0 1 3426144330610.1436
a 10 49 0 1 6877536907617.141
a 10 50 0 1 4273407821241.7246
a 10 51 0 1 8173929490006.708
a 10 52 0 1 5831525802944.62
a 10 53 0 1 6574666948583.506
a 10 54 0 1 8022302180029.995
a 10 55 0 1 6293614409379.052
a 10 56 0 1 8219057920453.888
a 10 57 0 1 1880693485099.576
a 10 58 0 1 6968708247508.275
a 10 59 0 1 2270879729753.742
a 10 60 0 1 4498268747547.064
a 10 61 0 1 6316752676094.298
a 10 62 0 1 2393471261265.4478
a 10 63 0 1 5585158058422.416
a 10 64 0 1 7831523273426.303
a 10 65 0 1 8017066890943.369
a 10 66 0 1 4585193234287.277
a 10 67 0 1 4153135363362.1616
a 10 68 0 1 2641525693773.3784
a 10 69 0 1 4347107813935.922
a 10 70 0 1 3268944576900.617
a 10 71 0 1 5463569505772.2295
a 10 72 0 1 6356930111321.649
a 10 73 0 1 3809424304018.586
a 10 74 0 1 5920525318755.153
a 10 75 0 1 6551949294100.015
a 10 76 0 1 6174209436406.003
a 10 77 0 1 5842922793055.839
a 10 78 0 1 1941186044700.7473
a 10 79 0 1 1965890965863.633
a 10 80 0 1 2090698619494.7236
a 10 81 0 1 3439429673859.5254
a 11 15 0 1 7686553122610.222
a 11 16 0 1 4903520577183.602
a 11 17 0 1 7182681321321.106
a 11 18 0 1 7614371716704.039
a 11 19 0 1 10024591379754.203
a 11 20 0 1 6487144280499.426
a 11 21 0 1 6331826521430.661
a 11 22 0 1 3713537075147.5894
a 11 23 0 1 6108743364895.883
a 11 24 0 1 8859140838483.832
a 11 25 0 1 10088112150775.533
a 11 26 0 1 5032924188611.062
a 11 27 0 1 7308455954308.311
a 11 28 0 1 4580354035085.755
a 11 29 0 1 6398352227857.613
a 11 30 0 1 11466179967743.754
a 11 31 0 1 11762215878918.377
a 11 32 0 1 8274848415592.236
a 11 33 0 1 5171275533741.194
a 11 34 0 1 2553367968289.971
a 11 35 0 1 8832147366084.84
a 11 36 0 1 4805177440866.684
a 11 37 0 1 8063168096912.767
a 11 38 0 1 11678419612790.277
a 11 39 0 1 6802402841874.272
a 11 40 0 1 8956070987376.166
a 11 41 0 1 7476697456853.221
a 11 42 0 1 8050902843465.2705
a 11 43 0 1 7165978498635.668
a 11 44 0 1 4086044984170.569
a 11 45 0 1 10023574012037.121
a 11 46 0 1 4312738665859.8936
a 11 47 0 1 10871279598556.51
a 11 48 0 1 4786868171386.856
a 11 49 0 1 9610529667844.0
a 11 50 0 1 5970861317952.641
a 11 51 0 1 11422760081828.707
a 11 52 0 1 8148465012593.82
a 11 53 0 1 9187178013157.234
a 11 54 0 1 11210788771874.215
a 11 55 0 1 8794333255173.173
a 11 56 0 1 11485849104239.508
a 11 57 0 1 2627442024732.3135
a 11 58 0 1 9737971274462.69
a 11 59 0 1 3172612297677.059
a 11 60 0 1 6285104596696.157
a 11 61 0 1 8826674679508.22
a 11 62 0 1 3343901846892.6636
a 11 63 0 1 7804124255137.83
a 11 64 0 1 10944088661367.56
a 11 65 0 1 11203470017026.693
a 11 66 0 1 6406583352153.073
a 11 67 0 1 5802783140963.684
a 11 68 0 1 3690498807267.365
a 11 69 0 1 6073856389245.385
a 11 70 0 1 4567202294722.495
a 11 71 0 1 7634186469234.748
a 11 72 0 1 8882832699675.42
a 11 73 0 1 5322464514891.296
a 11 74 0 1 8272858858508.01
a 11 75 0 1 9155423747269.543
a 11 76 0 1 8627436497530.588
a 11 77 0 1 8164394429531.411
a 11 78 0 1 2711961272843.5176
a 11 79 0 1 2746478732676.008
a 11 80 0 1 2920859885194.317
a 11 81 0 1 4805432827275.061
a 12 15 0 1 13599255177173.379
a 12 16 0 1 8673300983606.209
a 12 17 0 1 12707224291745.74
a 12 18 0 1 13471463725958.99
a 12 19 0 1 17739451695155.168
a 12 20 0 1 11476009262150.396
a 12 21 0 1 11201092007712.494
a 12 22 0 1 6567777381069.854
a 12 23 0 1 10806241141902.045
a 12 24 0 1 15675457936757.96
a 12 25 0 1 17851958210081.31
a 12 26 0 1 8902290884880.11
a 12 27 0 1 12929882306638.37
a 12 28 0 1 8101455216422.141
a 12 29 0 1 11318843646060.656
a 12 30 0 1 20293072421825.73
a 12 31 0 1 20817549465493.7
a 12 32 0 1 14640846332656.451
a 12 33 0 1 9147120315249.812
a 12 34 0 1 4515433716660.055
a 12 35 0 1 15627657999986.414
a 12 36 0 1 8499278555416.952
a 12 37 0 1 14266048647307.322
a 12 38 0 1 20669087589848.31
a 12 39 0 1 12034049982229.795
a 12 40 0 1 15847103358051.92
a 12 41 0 1 13227726910797.469
a 12 42 0 1 14244332423042.076
a 12 43 0 1 12677655766969.084
a 12 44 0 1 7226834757072.724
a 12 45 0 1 17737649767398.688
a 12 46 0 1 7627932474536.861
a 12 47 0 1 19239190502937.61
a 12 48 0 1 8466879846944.659
a 12 49 0 1 17006106297975.818
a 12 50 0 1 10562201634516.793
a 12 51 0 1 20216149164231.49
a 12 52 0 1 14417072267821.172
a 12 53 0 1 16256363202531.094
a 12 54 0 1 19840626441960.53
a 12 55 0 1 15560697303380.736
a 12 56 0 1 20327918725570.227
a 12 57 0 1 4646458411795.367
a 12 58 0 1 17231812599491.213
a 12 59 0 1 5610826882862.605
a 12 60 0 1 11118394231965.531
a 12 61 0 1 15617967015632.992
a 12 62 0 1 5913845456751.052
a 12 63 0 1 13807409040892.42
a 12 64 0 1 19368167724185.797
a 12 65 0 1 19827660983528.016
a 12 66 0 1 11333412973419.404
a 12 67 0 1 10264725610154.707
a 12 68 0 1 6527018492083.836
a 12 69 0 1 10744493595592.49
a 12 70 0 1 8078183800599.896
a 12 71 0 1 13506544009976.16
a 12 72 0 1 15717411581849.543
a 12 73 0 1 9414674358697.916
a 12 74 0 1 14637323590122.117
a 12 75 0 1 16200129620687.684
a 12 76 0 1 15265164237132.412
a 12 77 0 1 14445276568100.127
a 12 78 0 1 4795961013783.981
a 12 79 0 1 4857018164080.892
a 12 80 0 1 5165482726165.4795
a 12 81 0 1 8499730468774.134
a 13 15 0 1 8450692902786.29
a 13 16 0 1 5390820285388.596
a 13 17 0 1 7896684371096.7295
a 13 18 0 1 8371328841608.608
a 13 19 0 1 11021456573759.09
a 13 20 0 1 7131949849956.566
a 13 21 0 1 6961181526157.598
a 13 22 0 1 4082523585140.5874
a 13 23 0 1 6715907760643.27
a 13 24 0 1 9739981318518.822
a 13 25 0 1 11091302045563.287
a 13 26 0 1 5533091900539.167
a 13 27 0 1 8034973352063.618
a 13 28 0 1 5035519631977.673
a 13 29 0 1 7034324944473.716
a 13 30 0 1 12606607765432.432
a 13 31 0 1 12932131310068.605
a 13 32 0 1 9097533406094.336
a 13 33 0 1 5685201485825.746
a 13 34 0 1 2807039861085.3486
a 13 35 0 1 9710300956321.195
a 13 36 0 1 5282698106972.435
a 13 37 0 1 8864786354850.693
a 13 38 0 1 12839988016165.4
a 13 39 0 1 7478571295992.416
a 13 40 0 1 9846559900564.77
a 13 41 0 1 8219955202154.304
a 13 42 0 1 8851300480180.254
a 13 43 0 1 7878319677805.225
a 13 44 0 1 4492063975523.61
a 13 45 0 1 11020337908564.72
a 13 46 0 1 4741295880088.413
a 13 47 0 1 11952457065721.678
a 13 48 0 1 5262568227737.086
a 13 49 0 1 10566169636320.799
a 13 50 0 1 6564310887181.845
a 13 51 0 1 12558863084411.742
a 13 52 0 1 8958572007577.516
a 13 53 0 1 10100672289617.166
a 13 54 0 1 12325779262856.846
a 13 55 0 1 9668722916342.766
a 13 56 0 1 12628236042604.818
a 13 57 0 1 2888475471310.418
a 13 58 0 1 10706299251022.717
a 13 59 0 1 3487829557717.4053
a 13 60 0 1 6909811957360.148
a 13 61 0 1 9704283528961.145
a 13 62 0 1 3676144911757.9463
a 13 63 0 1 8579963630088.437
a 13 64 0 1 12032517218189.033
a 13 65 0 1 12317731574422.773
a 13 66 0 1 7043374875926.862
a 13 67 0 1 6379514987938.634
a 13 68 0 1 4057195106793.97
a 13 69 0 1 6677550608363.821
a 13 70 0 1 5021060202101.966
a 13 71 0 1 8393115315130.925
a 13 72 0 1 9766031447209.428
a 13 73 0 1 5851425886729.997
a 13 74 0 1 9095345840145.947
a 13 75 0 1 10065756991063.957
a 13 76 0 1 9485214072278.055
a 13 77 0 1 8976086738161.305
a 13 78 0 1 2981394495402.5273
a 13 79 0 1 3019342455445.452
a 13 80 0 1 3211054848465.211
a 13 81 0 1 5282978888172.384
a 14 15 0 1 9259279644780.742
a 14 16 0 1 5906430446704.5205
a 14 17 0 1 8652209152576.724
a 14 18 0 1 9172313778561.248
a 14 19 0 1 12076363616944.139
a 14 20 0 1 7814241891552.894
a 14 21 0 1 7627122329439.483
a 14 22 0 1 4472936009004.377
a 14 23 0 1 7358364587407.31
a 14 24 0 1 10672082552002.725
a 14 25 0 1 12152903632486.018
a 14 26 0 1 6062319266489.1
a 14 27 0 1 8803742513715.918
a 14 28 0 1 5517125132378.76
a 14 29 0 1 7707269217181.706
a 14 30 0 1 13813477315877.045
a 14 31 0 1 14170215106972.13
a 14 32 0 1 9968082777560.262
a 14 33 0 1 6228988216048.77
a 14 34 0 1 3075434368254.9194
a 14 35 0 1 10639558344013.557
a 14 36 0 1 5787959926335.808
a 14 37 0 1 9713039081886.453
a 14 38 0 1 14069235990825.977
a 14 39 0 1 8194054855131.781
a 14 40 0 1 10788873215034.215
a 14 41 0 1 9006441392658.998
a 14 42 0 1 9698261330864.549
a 14 43 0 1 8632085648342.969
a 14 44 0 1 4921663012984.573
a 14 45 0 1 12075137730969.295
a 14 46 0 1 5194744496771.897
a 14 47 0 1 13096608272652.656
a 14 48 0 1 5765903453440.019
a 14 49 0 1 11577441261049.475
a 14 50 0 1 7192253649740.617
a 14 51 0 1 13761154643246.406
a 14 52 0 1 9815809031863.191
a 14 53 0 1 11067335096602.334
a 14 54 0 1 13505722406126.787
a 14 55 0 1 10593996509286.725
a 14 56 0 1 13837179435326.143
a 14 57 0 1 3164659264014.557
a 14 58 0 1 11731000585127.803
a 14 59 0 1 3821346267067.8457
a 14 60 0 1 7570834210732.948
a 14 61 0 1 10632964355010.281
a 14 62 0 1 4027677250814.712
a 14 63 0 1 9400932761762.475
a 14 64 0 1 13184343837617.744
a 14 65 0 1 13496903117104.787
a 14 66 0 1 7717185686962.552
a 14 67 0 1 6989765923041.518
a 14 68 0 1 4445184124149.321
a 14 69 0 1 7316335023480.077
a 14 70 0 1 5501281902413.36
a 14 71 0 1 9196187031902.297
a 14 72 0 1 10700628710534.133
a 14 73 0 1 6411123637863.576
a 14 74 0 1 9965685641613.887
a 14 75 0 1 11029074060697.71
a 14 76 0 1 10392905287362.04
a 14 77 0 1 9835001628417.754
a 14 78 0 1 3266466153336.704
a 14 79 0 1 3308043961257.11
a 14 80 0 1 3518094809943.3657
a 14 81 0 1 5788267580657.6
a 15 1 0 4 0
a 16 1 0 4 0
a 17 1 0 4 0
a 18 1 0 4 0
a 19 1 0 4 0
a 20 1 0 4 0
a 21 1 0 4 0
a 22 1 0 4 0
a 23 1 0 4 0
a 24 1 0 4 0
a 25 1 0 4 0
a 26 1 0 4 0
a 27 1 0 4 0
a 28 1 0 4 0
a 29 1 0 4 0
a 30 1 0 4 0
a 31 1 0 4 0
a 32 1 0 4 0
a 33 1 0 4 0
a 34 1 0 4 0
a 35 1 0 4 0
a 36 1 0 4 0
a 37 1 0 4 0
a 38 1 0 4 0
a 39 1 0 4 0
a 40 1 0 4 0
a 41 1 0 4 0
a 42 1 0 4 0
a 43 1 0 4 0
a 44 1 0 4 0
a 45 1 0 4 0
a 46 1 0 4 0
a 47 1 0 4 0
a 48 1 0 4 0
a 49 1 0 4 0
a 50 1 0 4 0
a 51 1 0 4 0
a 52 1 0 4 0
a 53 1 0 4 0
a 54 1 0 4 0
a 55 1 0 4 0
a 56 1 0 4 0
a 57 1 0 4 0
a 58 1 0 4 0
a 59 1 0 4 0
a 60 1 0 4 0
a 61 1 0 4 0
a 62 1 0 4 0
a 63 1 0 4 0
a 64 1 0 4 0
a 65 1 0 4 0
a 66 1 0 4 0
a 67 1 0 4 0
a 68 1 0 4 0
a 69 1 0 4 0
a 70 1 0 4 0
a 71 1 0 4 0
a 72 1 0 4 0
a 73 1 0 4 0
a 74 1 0 4 0
a 75 1 0 4 0
a 76 1 0 4 0
a 77 1 0 4 0
a 78 1 0 4 0
a 79 1 0 4 0
a 80 1 0 4 0
a 81 1 0 4 0
