p min 82 951
n 0 13
n 1 -13
a 0 2 0 1 0
a 0 3 0 1 0
a 0 4 0 1 0
a 0 5 0 1 0
a 0 6 0 1 0
a 0 7 0 1 0
a 0 8 0 1 0
a 0 9 0 1 0
a 0 10 0 1 0
a 0 11 0 1 0
a 0 12 0 1 0
a 0 13 0 1 0
a 0 14 0 1 0
a 2 15 0 1 2512388569540.46
a 2 16 0 1 5644824249802.173
a 2 17 0 1 5687676201603.714
a 2 18 0 1 1879450531198.5632
a 2 19 0 1 1819761618103.3667
a 2 20 0 1 6593191212900.159
a 2 21 0 1 2555569509108.012
a 2 22 0 1 5985754091224.481
a 2 23 0 1 3698565860119.992
a 2 24 0 1 1851583265903.5635
a 2 25 0 1 5782285128192.731
a 2 26 0 1 8213236815611.5625
a 2 27 0 1 6606261647409.23
a 2 28 0 1 4610782516363.613
a 2 29 0 1 7053075351961.922
a 2 30 0 1 3654781043567.354
a 2 31 0 1 7955063653474.171
a 2 32 0 1 3181341369562.7246
a 2 33 0 1 7339079377867.357
a 2 34 0 1 2553469702739.021
a 2 35 0 1 4858688062780.895
a 2 36 0 1 1952600983637.7747
a 2 37 0 1 2265059952120.5015
a 2 38 0 1 8563474753350.514
a 2 39 0 1 8583444342753.897
a 2 40 0 1 2920689635615.9697
a 2 41 0 1 8049589116853.889
a 2 42 0 1 8221551954400.412
a 2 43 0 1 4308299486373.2964
a 2 44 0 1 8594310518759.943
a 2 45 0 1 6362423917765.147
a 2 46 0 1 5270805586468.925
a 2 47 0 1 7809958513060.8125
a 2 48 0 1 3941216501351.297
a 2 49 0 1 2444971357333.327
a 2 50 0 1 4366710376479.5015
a 2 51 0 1 7805641831625.985
a 2 52 0 1 8868620467723.285
a 2 53 0 1 7468668742354.15
a 2 54 0 1 4785582760440.29
a 2 55 0 1 1845659206590.4734
a 2 56 0 1 8834804056266.342
a 2 57 0 1 5829484037026.742
a 2 58 0 1 3140260268435.735
a 2 59 0 1 3825652964075.9883
a 2 60 0 1 7012525852833.9375
a 2 61 0 1 8780835169475.11
a 2 62 0 1 2876860532038.508
a 2 63 0 1 4407711663965.938
a 2 64 0 1 6723006355410.023
a 2 65 0 1 4033642039383.25
a 2 66 0 1 3831465869668.0938
a 2 67 0 1 3883913572792.6616
a 2 68 0 1 7610131570858.131
a 2 69 0 1 4015896372019.3213
a 2 70 0 1 7676277879652.682
a 2 71 0 1 8695606958258.221
a 2 72 0 1 5321432936109.055
a 2 73 0 1 3084687199498.995
a 2 74 0 1 3124863464354.5195
a 2 75 0 1 2854746972684.479
a 2 76 0 1 6502205792608.533
a 2 77 0 1 5021588124363.889
a 2 78 0 1 7683686902914.898
a 2 79 0 1 3680544106414.556
a 2 80 0 1 3681730360235.6704
a 2 81 0 1 5733026003007.715
a 3 15 0 1 2164506522758.8525
a 3 16 0 1 4862961397782.345
a 3 17 0 1 4899874590248.739
a 3 18 0 1 1619225637215.2378
a 3 19 0 1 1567802621297.4792
a 3 20 0 1 5679884430624.69
a 3 21 0 1 2201706826268.072
a 3 22 0 1 5156641112961.841
a 3 23 0 1 3186377546903.0254
a 3 24 0 1 1595217525397.8755
a 3 25 0 1 4981371691544.487
a 3 26 0 1 7075334052861.617
a 3 27 0 1 5691143126467.45
a 3 28 0 1 3972209968022.3457
a 3 29 0 1 6076019595118.009
a 3 30 0 1 3148658379173.815
a 3 31 0 1 6852957713796.97
a 3 32 0 1 2740802432974.4263
a 3 33 0 1 6322374912761.063
a 3 34 0 1 2199897847957.8223
a 3 35 0 1 4185765168221.87
a 3 36 0 1 1682245865233.4355
a 3 37 0 1 1951432366738.0667
a 3 38 0 1 7377007059080.002
a 3 39 0 1 7394207510017.231
a 3 40 0 1 2516255125272.4023
a 3 41 0 1 6934377026449.6875
a 3 42 0 1 7082496231305.188
a 3 43 0 1 3711637374494.101
a 3 44 0 1 7403566893000.662
a 3 45 0 1 5481103824327.16
a 3 46 0 1 4540775029274.934
a 3 47 0 1 6727971222705.474
a 3 48 0 1 3395412074019.7886
a 3 49 0 1 2106426610562.1113
a 3 50 0 1 3761955358889.9507
a 3 51 0 1 6724253034976.778
a 3 52 0 1 7639837700526.722
a 3 53 0 1 6433998576755.525
a 3 54 0 1 4122789675464.8457
a 3 55 0 1 1590113847174.8772
a 3 56 0 1 7610710794282.46
a 3 57 0 1 5022029224501.208
a 3 58 0 1 2705411844103.2993
a 3 59 0 1 3295858574890.975
a 3 60 0 1 6041091286782.149
a 3 61 0 1 7564226000625.295
a 3 62 0 1 2478496868899.092
a 3 63 0 1 3797275808014.758
a 3 64 0 1 5791705233619.758
a 3 65 0 1 3475032821292.3154
a 3 66 0 1 3300866176063.286
a 3 67 0 1 3346047872457.497
a 3 68 0 1 6555849092684.079
a 3 69 0 1 3459745686983.902
a 3 70 0 1 6612824732360.845
a 3 71 0 1 7490816581752.427
a 3 72 0 1 4584386559092.44
a 3 73 0 1 2657536626237.087
a 3 74 0 1 2692147777682.4585
a 3 75 0 1 2459446278006.5166
a 3 76 0 1 5601510687693.708
a 3 77 0 1 4326092513784.4775
a 3 78 0 1 6619206544918.971
a 3 79 0 1 3170852409995.0273
a 3 80 0 1 3171874328185.2812
a 3 81 0 1 4938939405767.824
a 4 15 0 1 6506227788335.256
a 4 16 0 1 14626557903528.041
a 4 17 0 1 14737709318078.998
a 4 18 0 1 4866570663764.198
a 4 19 0 1 4711963207548.519
a 4 20 0 1 17086885744468.21
a 4 21 0 1 6618103987776.705
a 4 22 0 1 15510926187428.99
a 4 23 0 1 9580102515204.273
a 4 24 0 1 4794387876768.928
a 4 25 0 1 14983116606175.387
a 4 26 0 1 21291717582748.316
a 4 27 0 1 17120800073940.203
a 4 28 0 1 11944941498773.451
a 4 29 0 1 18280261669723.69
a 4 30 0 1 9466614238629.625
a 4 31 0 1 20621460926550.35
a 4 32 0 1 8239596192979.933
a 4 33 0 1 19022529221503.445
a 4 34 0 1 6612663621583.986
a 4 35 0 1 12587750873823.69
a 4 36 0 1 5056051085654.332
a 4 37 0 1 5865465594515.701
a 4 38 0 1 22201090024928.016
a 4 39 0 1 22252943431012.69
a 4 40 0 1 7564153509210.982
a 4 41 0 1 20866855975453.24
a 4 42 0 1 21313306000439.027
a 4 43 0 1 11160694004336.863
a 4 44 0 1 22281158905020.637
a 4 45 0 1 16488132296352.662
a 4 46 0 1 13656484848608.963
a 4 47 0 1 20244773905810.54
a 4 48 0 1 10209075092148.58
a 4 49 0 1 6331562096135.465
a 4 50 0 1 11312129091889.508
a 4 51 0 1 20233568284681.176
a 4 52 0 1 22993478583367.5
a 4 53 0 1 19358878763716.46
a 4 54 0 1 12398185610374.213
a 4 55 0 1 4779043261444.368
a 4 56 0 1 22905661278819.418
a 4 57 0 1 15105549637214.654
a 4 58 0 1 8133135955586.114
a 4 59 0 1 9909516893282.229
a 4 60 0 1 18175029681338.145
a 4 61 0 1 22765512591391.973
a 4 62 0 1 7450582824138.197
a 4 63 0 1 11418430275224.621
a 4 64 0 1 17423729013251.236
a 4 65 0 1 10448665225578.527
a 4 66 0 1 9924584522224.068
a 4 67 0 1 10060535632465.334
a 4 68 0 1 19726064195766.195
a 4 69 0 1 10402663383362.006
a 4 70 0 1 19897762214108.383
a 4 71 0 1 22544194032000.465
a 4 72 0 1 13787786622087.822
a 4 73 0 1 7989122840609.446
a 4 74 0 1 8093236088962.622
a 4 75 0 1 7393282502174.525
a 4 76 0 1 16850807091609.41
a 4 77 0 1 13010176181282.627
a 4 78 0 1 19916994304691.375
a 4 79 0 1 9533390719028.56
a 4 80 0 1 9536465440648.68
a 4 81 0 1 14855341676664.635
a 5 15 0 1 3002876773002.013
a 5 16 0 1 6747326358574.68
a 5 17 0 1 6798554365177.484
a 5 18 0 1 2246339646676.3647
a 5 19 0 1 2174995892779.447
a 5 20 0 1 7881088931808.449
a 5 21 0 1 3054490799254.8433
a 5 22 0 1 7154898769889.23
a 5 23 0 1 4420746787783.27
a 5 24 0 1 2213031002974.2344
a 5 25 0 1 6911656371149.617
a 5 26 0 1 9817948124134.562
a 5 27 0 1 7896714834768.56
a 5 28 0 1 5511195658860.864
a 5 29 0 1 8430892934383.849
a 5 30 0 1 4368408259686.584
a 5 31 0 1 9509277556663.14
a 5 32 0 1 3802484969657.0054
a 5 33 0 1 8772824271527.227
a 5 34 0 1 3051980905716.4375
a 5 35 0 1 5807545628413.267
a 5 36 0 1 2333773697500.75
a 5 37 0 1 2707247671397.394
a 5 38 0 1 10236696623488.791
a 5 39 0 1 10260572692909.799
a 5 40 0 1 3490921617986.1177
a 5 41 0 1 9622291320986.527
a 5 42 0 1 9827889722982.953
a 5 43 0 1 5149607432679.769
a 5 44 0 1 10273564535035.24
a 5 45 0 1 7605204639935.35
a 5 46 0 1 6300204348682.368
a 5 47 0 1 9335792137316.775
a 5 48 0 1 4710803026989.736
a 5 49 0 1 2922293415097.7637
a 5 50 0 1 5219431429672.961
a 5 51 0 1 9330631198379.186
a 5 52 0 1 10601537728012.451
a 5 53 0 1 8927755934240.947
a 5 54 0 1 5720154121298.929
a 5 55 0 1 2205950213778.057
a 5 56 0 1 10561105594369.604
a 5 57 0 1 6968081367156.432
a 5 58 0 1 3753379488705.831
a 5 59 0 1 4572661950348.008
a 5 60 0 1 8382414447124.66
a 5 61 0 1 10496578554545.916
a 5 62 0 1 3438531984100.946
a 5 63 0 1 5268444210874.628
a 5 64 0 1 8036285314068.044
a 5 65 0 1 4821286172153.821
a 5 66 0 1 4579610500673.83
a 5 67 0 1 4642304789519.696
a 5 68 0 1 9096884049602.354
a 5 69 0 1 4800073415608.19
a 5 70 0 1 9175966681817.957
a 5 71 0 1 10394677120874.6
a 5 72 0 1 6360726562730.537
a 5 73 0 1 3686951465316.7715
a 5 74 0 1 3734975247132.874
a 5 75 0 1 3412099329402.435
a 5 76 0 1 7772314734795.149
a 5 77 0 1 6002280579595.099
a 5 78 0 1 9184824712488.525
a 5 79 0 1 4399204328923.894
a 5 80 0 1 4400622327132.806
a 5 81 0 1 6852768571050.098
a 6 15 0 1 4434971971552.828
a 6 16 0 1 9967228958190.795
a 6 17 0 1 10042931845716.729
a 6 18 0 1 3317498603354.007
a 6 19 0 1 3212122254840.1978
a 6 20 0 1 11642761889180.027
a 6 21 0 1 4511213914185.687
a 6 22 0 1 10569536470380.215
a 6 23 0 1 6529543687174.446
a 6 24 0 1 3268300875630.315
a 6 25 0 1 10210071392987.756
a 6 26 0 1 14505636236768.182
a 6 27 0 1 11665856116582.584
a 6 28 0 1 8140649233049.051
a 6 29 0 1 12455365931435.533
a 6 30 0 1 6452219936896.841
a 6 31 0 1 14049348935307.86
a 6 32 0 1 5616166154932.645
a 6 33 0 1 12960761348273.283
a 6 34 0 1 4507506401146.688
a 6 35 0 1 8578530819656.467
a 6 36 0 1 3446641812828.9463
a 6 37 0 1 3998290148615.4004
a 6 38 0 1 15124669264333.746
a 6 39 0 1 15159965953912.033
a 6 40 0 1 5155907382702.068
a 6 41 0 1 14216407914945.02
a 6 42 0 1 14520332503165.771
a 6 43 0 1 7606392053865.969
a 6 44 0 1 15179172211923.387
a 6 45 0 1 11235026579768.33
a 6 46 0 1 9306506402330.914
a 6 47 0 1 13792903712305.178
a 6 48 0 1 6958074238152.215
a 6 49 0 1 4315938685848.222
a 6 50 0 1 7709557396672.942
a 6 51 0 1 13785274914883.28
a 6 52 0 1 15664034634712.758
a 6 53 0 1 13189766078626.664
a 6 54 0 1 8449401157466.534
a 6 55 0 1 3257842390159.099
a 6 56 0 1 15604260442347.188
a 6 57 0 1 10293455733968.191
a 6 58 0 1 5543623751631.793
a 6 59 0 1 6753982210570.17
a 6 60 0 1 12383713303652.904
a 6 61 0 1 15508865293797.756
a 6 62 0 1 5078516039166.964
a 6 63 0 1 7781974525832.591
a 6 64 0 1 11872135390322.914
a 6 65 0 1 7121306187748.967
a 6 66 0 1 6764248045564.363
a 6 67 0 1 6856873364200.511
a 6 68 0 1 13439759066907.512
a 6 69 0 1 7089965510462.846
a 6 70 0 1 13556654910241.352
a 6 71 0 1 15358218164648.803
a 6 72 0 1 9395939578995.791
a 6 73 0 1 5445491775763.804
a 6 74 0 1 5516435687565.838
a 6 75 0 1 5039469196317.854
a 6 76 0 1 11482000693326.389
a 6 77 0 1 8866275583373.105
a 6 78 0 1 13569748454921.5
a 6 79 0 1 6497717294856.099
a 6 80 0 1 6499812214367.784
a 6 81 0 1 10123048094723.998
a 7 15 0 1 4015362187523.8926
a 7 16 0 1 9023646950398.264
a 7 17 0 1 9092175659459.709
a 7 18 0 1 3003653843623.7227
a 7 19 0 1 2908249734152.93
a 7 20 0 1 10540367224639.758
a 7 21 0 1 4084387193710.719
a 7 22 0 1 9568872112345.922
a 7 23 0 1 5911623486080.299
a 7 24 0 1 2959111945989.055
a 7 25 0 1 9243475397609.176
a 7 26 0 1 13131760321674.182
a 7 27 0 1 10561272115834.44
a 7 28 0 1 7370133427909.724
a 7 29 0 1 11275929943633.617
a 7 30 0 1 5841622153713.755
a 7 31 0 1 12718752780639.652
a 7 32 0 1 5084733601045.058
a 7 33 0 1 11733403275387.047
a 7 34 0 1 4081030630389.5073
a 7 35 0 1 7766532272437.906
a 7 36 0 1 3120575350075.893
a 7 37 0 1 3620013735315.251
a 7 38 0 1 13692070252154.066
a 7 39 0 1 13724018376839.01
a 7 40 0 1 4668050456717.517
a 7 41 0 1 12869966360522.246
a 7 42 0 1 13145062549479.01
a 7 43 0 1 6886484011372.573
a 7 44 0 1 13741402544241.451
a 7 45 0 1 10171283548025.844
a 7 46 0 1 8425534658154.319
a 7 47 0 1 12486630091825.9
a 7 48 0 1 6299570837001.166
a 7 49 0 1 3907596166834.613
a 7 50 0 1 6979877407614.311
a 7 51 0 1 12479724827397.691
a 7 52 0 1 14180263831684.36
a 7 53 0 1 11940691892490.764
a 7 54 0 1 7649636111283.7705
a 7 55 0 1 2949643193800.1416
a 7 56 0 1 14126160943976.957
a 7 57 0 1 9318957201149.01
a 7 58 0 1 5019059526408.441
a 7 59 0 1 6114807422790.503
a 7 60 0 1 11211071079158.83
a 7 61 0 1 14039816627919.488
a 7 62 0 1 4597985833740.535
a 7 63 0 1 7045434972821.582
a 7 64 0 1 10747995616148.59
a 7 65 0 1 6447343250658.177
a 7 66 0 1 6124101047603.824
a 7 67 0 1 6207954333225.41
a 7 68 0 1 12166977304786.514
a 7 69 0 1 6418970858616.223
a 7 70 0 1 12272787145000.59
a 7 71 0 1 13903462122598.574
a 7 72 0 1 8506493625281.744
a 7 73 0 1 4930218539565.859
a 7 74 0 1 4994445606706.749
a 7 75 0 1 4562635552046.16
a 7 76 0 1 10394845922163.873
a 7 77 0 1 8027015454659.637
a 7 78 0 1 12284638925735.797
a 7 79 0 1 5882811009271.753
a 7 80 0 1 5884707543406.431
a 7 81 0 1 9164699363176.844
a 8 15 0 1 1954956030336.4377
a 8 16 0 1 4392035601309.936
a 8 17 0 1 4425372324389.18
a 8 18 0 1 1462473838817.1604
a 8 19 0 1 1416029724047.5286
a 8 20 0 1 5129801644778.572
a 8 21 0 1 1988554068556.5833
a 8 22 0 1 4657260325675.834
a 8 23 0 1 2877864758821.586
a 8 24 0 1 1440790257253.9253
a 8 25 0 1 4498973184341.275
a 8 26 0 1 6390005964630.733
a 8 27 0 1 5139969318364.4
a 8 28 0 1 3587579551292.7046
a 8 29 0 1 5487547853567.1045
a 8 30 0 1 2843798848042.809
a 8 31 0 1 6189184702159.453
a 8 32 0 1 2475443602140.683
a 8 33 0 1 5710027595391.111
a 8 34 0 1 1986920262036.6868
a 8 35 0 1 3780447128781.1357
a 8 36 0 1 1519392222865.3032
a 8 37 0 1 1762514223774.3572
a 8 38 0 1 6662436025820.3125
a 8 39 0 1 6677969080248.9375
a 8 40 0 1 2272642189662.4907
a 8 41 0 1 6262712105951.7
a 8 42 0 1 6396473892103.399
a 8 43 0 1 3352248027785.045
a 8 44 0 1 6686421170414.251
a 8 45 0 1 4950283423073.553
a 8 46 0 1 4101064269613.1104
a 8 47 0 1 6076312791709.324
a 8 48 0 1 3066652910459.8184
a 8 49 0 1 1902500189966.2534
a 8 50 0 1 3397691930895.992
a 8 51 0 1 6072954992385.971
a 8 52 0 1 6899787446559.923
a 8 53 0 1 5810832826591.006
a 8 54 0 1 3723572323952.962
a 8 55 0 1 1436180729449.775
a 8 56 0 1 6873484217574.1045
a 8 57 0 1 4535691365283.389
a 8 58 0 1 2443480420982.4385
a 8 59 0 1 2976741935444.833
a 8 60 0 1 5456004530353.618
a 8 61 0 1 6831505807868.063
a 8 62 0 1 2238540466520.3853
a 8 63 0 1 3429591013384.9927
a 8 64 0 1 5230786356097.727
a 8 65 0 1 3138561630675.6934
a 8 66 0 1 2981264516595.207
a 8 67 0 1 3022070037451.6123
a 8 68 0 1 5920873448719.157
a 8 69 0 1 3124755210704.7217
a 8 70 0 1 5972326840424.991
a 8 71 0 1 6765212843160.359
a 8 72 0 1 4140450617328.4453
a 8 73 0 1 2400241646746.1797
a 8 74 0 1 2431500908875.3315
a 8 75 0 1 2221334735900.937
a 8 76 0 1 5059022627037.0
a 8 77 0 1 3907180115610.314
a 8 78 0 1 5978090104707.888
a 8 79 0 1 2863843298919.0366
a 8 80 0 1 2864766240039.4937
a 8 81 0 1 4460652172767.733
a 9 15 0 1 5939508665378.385
a 9 16 0 1 13351436611267.043
a 9 17 0 1 13452882997710.266
a 9 18 0 1 4442745458435.755
a 9 19 0 1 4301609293910.6494
a 9 20 0 1 15596891381289.23
a 9 21 0 1 6041633209350.761
a 9 22 0 1 14158581258799.129
a 9 23 0 1 8745366600376.029
a 9 24 0 1 4376852172774.4907
a 9 25 0 1 13676862093711.24
a 9 26 0 1 19434236378410.195
a 9 27 0 1 15627843021801.89
a 9 28 0 1 10903893041164.838
a 9 29 0 1 16686003636986.1
a 9 30 0 1 8641776654186.362
a 9 31 0 1 18822579445365.082
a 9 32 0 1 7521762781764.252
a 9 33 0 1 17363407068193.822
a 9 34 0 1 6036667056355.463
a 9 35 0 1 11490604915232.46
a 9 36 0 1 4615715432483.695
a 9 37 0 1 5354593899007.398
a 9 38 0 1 20264090299616.89
a 9 39 0 1 20311409015197.41
a 9 40 0 1 6905211438292.17
a 9 41 0 1 19046520861680.613
a 9 42 0 1 19453937209837.387
a 9 43 0 1 10188075985763.264
a 9 44 0 1 20337156965313.22
a 9 45 0 1 15050440377016.68
a 9 46 0 1 12466054486857.805
a 9 47 0 1 18478822089727.54
a 9 48 0 1 9319476557708.102
a 9 49 0 1 5780067197541.629
a 9 50 0 1 10326298305017.4
a 9 51 0 1 18468596014727.414
a 9 52 0 1 20987177403917.176
a 9 53 0 1 17670360889399.06
a 9 54 0 1 11317583660706.62
a 9 55 0 1 4362844567211.3525
a 9 56 0 1 20907041075246.113
a 9 57 0 1 13788604244571.107
a 9 58 0 1 7424585287546.907
a 9 59 0 1 9046048459003.441
a 9 60 0 1 16589966678856.137
a 9 61 0 1 20779150255576.74
a 9 62 0 1 6801542074906.267
a 9 63 0 1 10423324418957.877
a 9 64 0 1 15904307749581.248
a 9 65 0 1 9538166348832.31
a 9 66 0 1 9059801796149.912
a 9 67 0 1 9183894221452.691
a 9 68 0 1 18005453284163.203
a 9 69 0 1 9496177500784.564
a 9 70 0 1 18162143564132.938
a 9 71 0 1 20577188214332.98
a 9 72 0 1 12585894144926.098
a 9 73 0 1 7293128988194.22
a 9 74 0 1 7388164414836.349
a 9 75 0 1 6749237221027.186
a 9 76 0 1 15381435509062.521
a 9 77 0 1 11876161350336.412
a 9 78 0 1 18179694587127.105
a 9 79 0 1 8702728987455.348
a 9 80 0 1 8705535534375.725
a 9 81 0 1 13560244206839.654
a 10 15 0 1 3377501458029.948
a 10 16 0 1 7589499198536.667
a 10 17 0 1 7647126900257.04
a 10 18 0 1 2526554886541.8994
a 10 19 0 1 2446308989023.535
a 10 20 0 1 8864917726311.553
a 10 21 0 1 3435557153024.289
a 10 22 0 1 8047990232793.008
a 10 23 0 1 4972359508631.412
a 10 24 0 1 2489090030497.418
a 10 25 0 1 7774358555389.921
a 10 26 0 1 11043870618982.326
a 10 27 0 1 8882496270659.441
a 10 28 0 1 6198969736806.474
a 10 29 0 1 9483430995247.385
a 10 30 0 1 4913486579367.542
a 10 31 0 1 10696610276989.047
a 10 32 0 1 4276914116071.691
a 10 33 0 1 9868098588932.564
a 10 34 0 1 3432734011194.2275
a 10 35 0 1 6532330759972.276
a 10 36 0 1 2624899023240.1104
a 10 37 0 1 3044978138886.4175
a 10 38 0 1 11514975690204.705
a 10 39 0 1 11541837181221.838
a 10 40 0 1 3926459995242.113
a 10 41 0 1 10823752583591.166
a 10 42 0 1 11055055160729.215
a 10 43 0 1 5792226719545.304
a 10 44 0 1 11556453508123.027
a 10 45 0 1 8554559730780.034
a 10 46 0 1 7086523758892.905
a 10 47 0 1 10501437188505.951
a 10 48 0 1 5298630520045.394
a 10 49 0 1 3286861097231.5967
a 10 50 0 1 5870769940885.027
a 10 51 0 1 10495631087878.688
a 10 52 0 1 11925437897514.85
a 10 53 0 1 10042395617357.002
a 10 54 0 1 6434024659918.611
a 10 55 0 1 2481125713595.5635
a 10 56 0 1 11879949765495.686
a 10 57 0 1 7837832788899.09
a 10 58 0 1 4221678855016.7266
a 10 59 0 1 5143241594991.914
a 10 60 0 1 9428893735116.06
a 10 61 0 1 11807353792769.723
a 10 62 0 1 3867531154743.582
a 10 63 0 1 5925903254146.273
a 10 64 0 1 9039508082665.2
a 10 65 0 1 5422908677840.384
a 10 66 0 1 5151057704115.924
a 10 67 0 1 5221579736869.907
a 10 68 0 1 10232664442241.234
a 10 69 0 1 5399047249163.296
a 10 70 0 1 10321632578712.47
a 10 71 0 1 11692710133382.63
a 10 72 0 1 7154605887028.134
a 10 73 0 1 4146958822751.2246
a 10 74 0 1 4200977253447.375
a 10 75 0 1 3837799243813.992
a 10 76 0 1 8742551125876.056
a 10 77 0 1 6751387644193.427
a 10 78 0 1 10331597895456.953
a 10 79 0 1 4948127489426.5625
a 10 80 0 1 4949722523220.316
a 10 81 0 1 7708113946801.714
a 11 15 0 1 6988400980244.584
a 11 16 0 1 15711614160256.871
a 11 17 0 1 15831026267420.994
a 11 18 0 1 5227156571819.887
a 11 19 0 1 5061086883912.562
a 11 20 0 1 18354844924077.246
a 11 21 0 1 7108575054703.961
a 11 22 0 1 16661714340576.4
a 11 23 0 1 10290349007251.795
a 11 24 0 1 5149622268911.326
a 11 25 0 1 16094672851760.145
a 11 26 0 1 22872525461373.527
a 11 27 0 1 18391281252359.656
a 11 28 0 1 12830770791975.264
a 11 29 0 1 19636977560381.22
a 11 30 0 1 10168437120197.576
a 11 31 0 1 22152378436053.92
a 11 32 0 1 8850359372044.027
a 11 33 0 1 20434464092697.85
a 11 34 0 1 7102731170398.908
a 11 35 0 1 13521324754274.61
a 11 36 0 1 5430685222486.411
a 11 37 0 1 6300117778672.289
a 11 38 0 1 23849600017924.754
a 11 39 0 1 23905314331277.023
a 11 40 0 1 8124802396597.751
a 11 41 0 1 22416038437703.45
a 11 42 0 1 22895720944500.117
a 11 43 0 1 11988283691420.342
a 11 44 0 1 23935630697315.54
a 11 45 0 1 17711569371483.305
a 11 46 0 1 14669455619144.703
a 11 47 0 1 21747656451873.363
a 11 48 0 1 10966011045705.441
a 11 49 0 1 6800780765701.574
a 11 50 0 1 12150963736290.344
a 11 51 0 1 21735616891457.56
a 11 52 0 1 24700993745857.613
a 11 53 0 1 20795838785074.293
a 11 54 0 1 13317678764908.996
a 11 55 0 1 5133140040762.612
a 11 56 0 1 24606636560696.62
a 11 57 0 1 16226205832278.342
a 11 58 0 1 8735999789606.917
a 11 59 0 1 10644215341875.7
a 11 60 0 1 19523917944371.04
a 11 61 0 1 24456051093843.395
a 11 62 0 1 8002806186712.56
a 11 63 0 1 12265158667321.877
a 11 64 0 1 18716738080857.52
a 11 65 0 1 11223388180376.148
a 11 66 0 1 10660401466942.47
a 11 67 0 1 10806444651427.742
a 11 68 0 1 21190346003271.67
a 11 69 0 1 11173971112317.117
a 11 70 0 1 21374820697474.516
a 11 71 0 1 24218251825653.66
a 11 72 0 1 14810513328261.7
a 11 73 0 1 8581301238686.051
a 11 74 0 1 8693139408181.501
a 11 75 0 1 7941254987137.857
a 11 76 0 1 18101211149011.906
a 11 77 0 1 13975129783438.277
a 11 78 0 1 21395483951871.695
a 11 79 0 1 10240170022770.424
a 11 80 0 1 10243472964715.473
a 11 81 0 1 15957401225075.258
a 12 15 0 1 7434600716706.162
a 12 16 0 1 16715851928302.945
a 12 17 0 1 16842911298299.451
a 12 18 0 1 5560831283133.656
a 12 19 0 1 5384153990318.204
a 12 20 0 1 19528410005161.992
a 12 21 0 1 7562454422210.81
a 12 22 0 1 17726803603410.047
a 12 23 0 1 10947639430242.244
a 12 24 0 1 5478344467933.05
a 12 25 0 1 17123442848379.053
a 12 26 0 1 24335750499096.508
a 12 27 0 1 19567181237838.543
a 12 28 0 1 13650584451499.254
a 12 29 0 1 20892716509417.48
a 12 30 0 1 10817930785287.174
a 12 31 0 1 23569408348807.016
a 12 32 0 1 9415571505015.23
a 12 33 0 1 21741328213156.344
a 12 34 0 1 7556237083780.426
a 12 35 0 1 14385334024017.912
a 12 36 0 1 5777360796739.8
a 12 37 0 1 6702337666093.755
a 12 38 0 1 25375514292811.074
a 12 39 0 1 25434803696459.42
a 12 40 0 1 8643632024661.483
a 12 41 0 1 23849980349163.0
a 12 42 0 1 24360434033677.35
a 12 43 0 1 12754188110095.324
a 12 44 0 1 25467065431324.316
a 12 45 0 1 18843915649155.51
a 12 46 0 1 15606962077167.506
a 12 47 0 1 23138728323310.48
a 12 48 0 1 11666517008701.45
a 12 49 0 1 7234991229845.509
a 12 50 0 1 12927276892882.777
a 12 51 0 1 23125916609509.543
a 12 52 0 1 26281545797202.617
a 12 53 0 1 22125873160452.875
a 12 54 0 1 14168653867755.012
a 12 55 0 1 5460809447735.459
a 12 56 0 1 26181132724141.35
a 12 57 0 1 17263400126880.686
a 12 58 0 1 9293900737947.674
a 12 59 0 1 11324138266135.963
a 12 60 0 1 20772409689525.715
a 12 61 0 1 26020882902225.703
a 12 62 0 1 8513837802245.132
a 12 63 0 1 13048778592386.498
a 12 64 0 1 19913494840505.043
a 12 65 0 1 11940357941118.096
a 12 66 0 1 11341359666576.002
a 12 67 0 1 11496744056343.887
a 12 68 0 1 22545677333652.836
a 12 69 0 1 11887779701262.621
a 12 70 0 1 22741981923098.89
a 12 71 0 1 25767822750927.113
a 12 72 0 1 15757050971389.17
a 12 73 0 1 9129312395814.545
a 12 74 0 1 9248300278946.074
a 12 75 0 1 8448352330982.036
a 12 76 0 1 19258523506510.457
a 12 77 0 1 14868186749632.81
a 12 78 0 1 22763970293006.48
a 12 79 0 1 10894251268699.414
a 12 80 0 1 10897765447775.46
a 12 81 0 1 16977379669918.928
a 13 15 0 1 5956790844484.162
a 13 16 0 1 13390318539393.785
a 13 17 0 1 13492060816192.484
a 13 18 0 1 4455670273629.455
a 13 19 0 1 4314123312440.1675
a 13 20 0 1 15642324286143.477
a 13 21 0 1 6059212747422.478
a 13 22 0 1 14199817590925.227
a 13 23 0 1 8770821227641.706
a 13 24 0 1 4389585194623.684
a 13 25 0 1 13716693220278.994
a 13 26 0 1 19490872368190.562
a 13 27 0 1 15673366249908.42
a 13 28 0 1 10935638279115.422
a 13 29 0 1 16734615183720.6
a 13 30 0 1 8666929467296.584
a 13 31 0 1 18877429044540.73
a 13 32 0 1 7543652843057.367
a 13 33 0 1 17413996062288.28
a 13 34 0 1 6054232134175.101
a 13 35 0 1 11524060554297.701
a 13 36 0 1 4629143719383.444
a 13 37 0 1 5370173100095.954
a 13 38 0 1 20323150344346.836
a 13 39 0 1 20370607294840.383
a 13 40 0 1 6925305762281.682
a 13 41 0 1 19102024469518.848
a 13 42 0 1 19510630741590.137
a 13 43 0 1 10217734764887.54
a 13 44 0 1 20396430464572.914
a 13 45 0 1 15094278731778.348
a 13 46 0 1 12502354300512.943
a 13 47 0 1 18532667830143.6
a 13 48 0 1 9346604012086.143
a 13 49 0 1 5796885140368.418
a 13 50 0 1 10356359946776.146
a 13 51 0 1 18522411893629.5
a 13 52 0 1 21048350009849.8
a 13 53 0 1 17721846031915.184
a 13 54 0 1 11350534878614.965
a 13 55 0 1 4375536817975.221
a 13 56 0 1 20967979538616.848
a 13 57 0 1 13828761316201.996
a 13 58 0 1 7446192297447.121
a 13 59 0 1 9072379177822.86
a 13 60 0 1 16638297903611.982
a 13 61 0 1 20839715056148.066
a 13 62 0 1 6821334481683.63
a 13 63 0 1 10453668860612.883
a 13 64 0 1 15950637787252.438
a 13 65 0 1 9565931074341.184
a 13 66 0 1 9086172589287.137
a 13 67 0 1 9210626599436.2
a 13 68 0 1 18057916797895.875
a 13 69 0 1 9523819866550.596
a 13 70 0 1 18215064593367.395
a 13 71 0 1 20637162958261.69
a 13 72 0 1 12622543426178.098
a 13 73 0 1 7314353112050.028
a 13 74 0 1 7409665342358.666
a 13 75 0 1 6768877302656.087
a 13 76 0 1 15426239687263.59
a 13 77 0 1 11910741101971.793
a 13 78 0 1 18232666864126.03
a 13 79 0 1 8728059387166.339
a 13 80 0 1 8730874111112.145
a 13 81 0 1 13599735175088.139
a 14 15 0 1 10153663025622.871
a 14 16 0 1 22838290601143.207
a 14 17 0 1 23012010858565.555
a 14 18 0 1 7593999096391.871
a 14 19 0 1 7352669820433.976
a 14 20 0 1 26684160527373.832
a 14 21 0 1 10328332396553.299
a 14 22 0 1 24220552682413.28
a 14 23 0 1 14953741896643.283
a 14 24 0 1 7481327218391.119
a 14 25 0 1 23395570551638.598
a 14 26 0 1 33259800757470.59
a 14 27 0 1 26737182402956.637
a 14 28 0 1 18647909259486.227
a 14 29 0 1 28550032284750.97
a 14 30 0 1 14776487773974.193
a 14 31 0 1 32211393052007.16
a 14 32 0 1 12860209213695.912
a 14 33 0 1 29710731102663.406
a 14 34 0 1 10319838437329.787
a 14 35 0 1 19652251534370.676
a 14 36 0 1 7889768720090.878
a 14 37 0 1 9153306495722.115
a 14 38 0 1 34682376585243.035
a 14 39 0 1 34763498473232.86
a 14 40 0 1 11805475649609.178
a 14 41 0 1 32595226555127.176
a 14 42 0 1 33293570628191.832
a 14 43 0 1 17422693552093.1
a 14 44 0 1 34807640306999.23
a 14 45 0 1 25748104039428.805
a 14 46 0 1 21322254706822.84
a 14 47 0 1 31622223636985.188
a 14 48 0 1 15936163525029.129
a 14 49 0 1 9880967118437.365
a 14 50 0 1 17659268165118.117
a 14 51 0 1 31604697567388.324
a 14 52 0 1 35922085882722.17
a 14 53 0 1 30236724523069.63
a 14 54 0 1 19356061088142.6
a 14 55 0 1 7457375568347.443
a 14 56 0 1 35784687489824.69
a 14 57 0 1 23586932005395.65
a 14 58 0 1 12693960738530.861
a 14 59 0 1 15468259619074.898
a 14 60 0 1 28385487941534.746
a 14 61 0 1 35565414999200.86
a 14 62 0 1 11628139057675.498
a 14 63 0 1 17825336553029.895
a 14 64 0 1 27210793756556.184
a 14 65 0 1 16310411569333.924
a 14 66 0 1 15491794520455.13
a 14 67 0 1 15704145597492.527
a 14 68 0 1 30810966251371.816
a 14 69 0 1 16238554206525.133
a 14 70 0 1 31079494378557.668
a 14 71 0 1 35219154663122.2
a 14 72 0 1 21527442741551.867
a 14 73 0 1 12469073272263.318
a 14 74 0 1 12631653633297.453
a 14 75 0 1 11538667627848.531
a 14 76 0 1 26315080143124.164
a 14 77 0 1 20312305475578.914
a 14 78 0 1 31109572892788.81
a 14 79 0 1 14880783750962.596
a 14 80 0 1 14885586078704.67
a 14 81 0 1 23195863009239.89
a 15 1 0 5 0
a 16 1 0 5 0
a 17 1 0 5 0
a 18 1 0 5 0
a 19 1 0 5 0
a 20 1 0 5 0
a 21 1 0 5 0
a 22 1 0 5 0
a 23 1 0 5 0
a 24 1 0 5 0
a 25 1 0 5 0
a 26 1 0 5 0
a 27 1 0 5 0
a 28 1 0 5 0
a 29 1 0 5 0
a 30 1 0 5 0
a 31 1 0 5 0
a 32 1 0 5 0
a 33 1 0 5 0
a 34 1 0 5 0
a 35 1 0 5 0
a 36 1 0 5 0
a 37 1 0 5 0
a 38 1 0 5 0
a 39 1 0 5 0
a 40 1 0 5 0
a 41 1 0 5 0
a 42 1 0 5 0
a 43 1 0 5 0
a 44 1 0 5 0
a 45 1 0 5 0
a 46 1 0 5 0
a 47 1 0 5 0
a 48 1 0 5 0
a 49 1 0 5 0
a 50 1 0 5 0
a 51 1 0 5 0
a 52 1 0 5 0
a 53 1 0 5 0
a 54 1 0 5 0
a 55 1 0 5 0
a 56 1 0 5 0
a 57 1 0 5 0
a 58 1 0 5 0
a 59 1 0 5 0
a 60 1 0 5 0
a 61 1 0 5 0
a 62 1 0 5 0
a 63 1 0 5 0
a 64 1 0 5 0
a 65 1 0 5 0
a 66 1 0 5 0
a 67 1 0 5 0
a 68 1 0 5 0
a 69 1 0 5 0
a 70 1 0 5 0
a 71 1 0 5 0
a 72 1 0 5 0
a 73 1 0 5 0
a 74 1 0 5 0
a 75 1 0 5 0
a 76 1 0 5 0
a 77 1 0 5 0
a 78 1 0 5 0
a 79 1 0 5 0
a 80 1 0 5 0
a 81 1 0 5 0
