p min 81 937
n 0 13
n 1 -13
a 0 2 0 1 0
a 0 3 0 1 0
a 0 4 0 1 0
a 0 5 0 1 0
a 0 6 0 1 0
a 0 7 0 1 0
a 0 8 0 1 0
a 0 9 0 1 0
a 0 10 0 1 0
a 0 11 0 1 0
a 0 12 0 1 0
a 0 13 0 1 0
a 0 14 0 1 0
a 2 15 0 1 12343619340498.143
a 2 16 0 1 14505565456382.225
a 2 17 0 1 12517327639924.512
a 2 18 0 1 13110803151722.535
a 2 19 0 1 4687830915466.74
a 2 20 0 1 12377353773322.95
a 2 21 0 1 10385205320970.018
a 2 22 0 1 11177734278136.168
a 2 23 0 1 4527282589739.062
a 2 24 0 1 9431857857472.705
a 2 25 0 1 9865598532874.092
a 2 26 0 1 6645053830975.155
a 2 27 0 1 13206943600276.02
a 2 28 0 1 7412593280028.154
a 2 29 0 1 7632879224008.41
a 2 30 0 1 13684335025595.025
a 2 31 0 1 10439633335019.225
a 2 32 0 1 7022369131015.783
a 2 33 0 1 5995178165775.171
a 2 34 0 1 3234813418157.96
a 2 35 0 1 13075087133337.844
a 2 36 0 1 5735476056460.273
a 2 37 0 1 10301532829220.938
a 2 38 0 1 8495756872904.206
a 2 39 0 1 14287058248165.812
a 2 40 0 1 13113312437379.633
a 2 41 0 1 5233404396642.56
a 2 42 0 1 6611686852599.013
a 2 43 0 1 5312346039341.417
a 2 44 0 1 9393742028139.225
a 2 45 0 1 7886869856440.527
a 2 46 0 1 14266691655225.387
a 2 47 0 1 12815729799393.887
a 2 48 0 1 3665475855130.7554
a 2 49 0 1 11191742544016.736
a 2 50 0 1 3988570260843.118
a 2 51 0 1 14125342711102.361
a 2 52 0 1 3934371004117.7666
a 2 53 0 1 13284447312899.342
a 2 54 0 1 7092285283232.401
a 2 55 0 1 12624113534629.818
a 2 56 0 1 9660600886289.914
a 2 57 0 1 9730208674648.834
a 2 58 0 1 3076638507652.7407
a 2 59 0 1 8609715334157.448
a 2 60 0 1 12809356393384.07
a 2 61 0 1 7001497193642.952
a 2 62 0 1 7885607185890.615
a 2 63 0 1 13217687675751.768
a 2 64 0 1 6386781122886.179
a 2 65 0 1 9445851088666.15
a 2 66 0 1 9108076853570.494
a 2 67 0 1 10411200591984.06
a 2 68 0 1 11314618736107.68
a 2 69 0 1 14294726127978.303
a 2 70 0 1 12959476935019.645
a 2 71 0 1 5865926642824.193
a 2 72 0 1 10619282911767.146
a 2 73 0 1 4284408978392.2515
a 2 74 0 1 4374724206212.4404
a 2 75 0 1 6698479457496.918
a 2 76 0 1 5818755254207.505
a 2 77 0 1 9243426672058.893
a 2 78 0 1 6238474091201.993
a 2 79 0 1 6810651042549.739
a 2 80 0 1 5050991834893.611
a 3 15 0 1 5083667574767.07
a 3 16 0 1 5973181501996.545
a 3 17 0 1 5155147972769.219
a 3 18 0 1 5399348513971.141
a 3 19 0 1 1931664275020.029
a 3 20 0 1 5097549315371.0
a 3 21 0 1 4277670180010.6685
a 3 22 0 1 4603866133704.448
a 3 23 0 1 1865529118638.5989
a 3 24 0 1 3885236739222.654
a 3 25 0 1 4063786893506.935
a 3 26 0 1 2737793420903.628
a 3 27 0 1 5438906089807.733
a 3 28 0 1 3053864607569.6284
a 3 29 0 1 3144571843820.907
a 3 30 0 1 5635324079503.367
a 3 31 0 1 4300073255038.793
a 3 32 0 1 2893175201301.4717
a 3 33 0 1 2470150253544.7188
a 3 34 0 1 1333066015164.312
a 3 35 0 1 5384652808366.79
a 3 36 0 1 2363188599254.939
a 3 37 0 1 4243229484725.8296
a 3 38 0 1 3499853274930.2
a 3 39 0 1 5883290450501.048
a 3 40 0 1 5400380981459.943
a 3 41 0 1 2156393261709.2532
a 3 42 0 1 2724052221715.883
a 3 43 0 1 2188909001309.8042
a 3 44 0 1 3869545785819.129
a 3 45 0 1 3249154314687.695
a 3 46 0 1 5874911760818.7705
a 3 47 0 1 5277935559261.516
a 3 48 0 1 1510497896462.173
a 3 49 0 1 4609631462461.019
a 3 50 0 1 1643605217027.1584
a 3 51 0 1 5816761046961.962
a 3 52 0 1 1621276800367.5706
a 3 53 0 1 5470795091400.898
a 3 54 0 1 2921966419670.3237
a 3 55 0 1 5199089184653.091
a 3 56 0 1 3979400539221.205
a 3 57 0 1 4008054533335.783
a 3 58 0 1 1267895737281.15
a 3 59 0 1 3546771452435.4434
a 3 60 0 1 5275313059281.607
a 3 61 0 1 2884580160209.6064
a 3 62 0 1 3248634409900.291
a 3 63 0 1 5443326773388.2705
a 3 64 0 1 2631429855789.372
a 3 65 0 1 3890997242601.64
a 3 66 0 1 3751944848742.333
a 3 67 0 1 4288370095095.694
a 3 68 0 1 4660202680934.963
a 3 69 0 1 5886444962578.191
a 3 70 0 1 5337083372105.2705
a 3 71 0 1 2416916821462.5244
a 3 72 0 1 4374017513322.141
a 3 73 0 1 1765478726247.1895
a 3 74 0 1 1802683951063.3682
a 3 75 0 1 2759795049362.704
a 3 76 0 1 2397488617814.3926
a 3 77 0 1 3807665422912.501
a 3 78 0 1 2570351397126.343
a 3 79 0 1 2805988796141.1616
a 3 80 0 1 2081256944376.0195
a 4 15 0 1 17344178984072.314
a 4 16 0 1 20384014972839.574
a 4 17 0 1 17588401381995.672
a 4 18 0 1 18422818679752.84
a 4 19 0 1 6584580273319.676
a 4 20 0 1 17391607058666.172
a 4 21 0 1 14591052482375.992
a 4 22 0 1 15705124180012.598
a 4 23 0 1 6359024708528.295
a 4 24 0 1 13251024689147.691
a 4 25 0 1 13860676971897.959
a 4 26 0 1 9334569182949.93
a 4 27 0 1 18557995005675.156
a 4 28 0 1 10413134744367.719
a 4 29 0 1 10722700309473.646
a 4 30 0 1 19229239524698.824
a 4 31 0 1 14667560247815.568
a 4 32 0 1 9864772392888.598
a 4 33 0 1 8421408082799.458
a 4 34 0 1 4543347901592.009
a 4 35 0 1 18372601206708.062
a 4 36 0 1 8056507816053.96
a 4 37 0 1 14473437423376.24
a 4 38 0 1 11935354664144.533
a 4 39 0 1 20076751796221.137
a 4 40 0 1 18426346794467.188
a 4 41 0 1 7351085842021.879
a 4 42 0 1 9287682825274.486
a 4 43 0 1 7461998437118.91
a 4 44 0 1 13197451455820.287
a 4 45 0 1 11079638624938.492
a 4 46 0 1 20048112767832.426
a 4 47 0 1 18007944369903.992
a 4 48 0 1 5148323563424.807
a 4 49 0 1 15724816584158.086
a 4 50 0 1 5602208326174.574
a 4 51 0 1 19849352679538.28
a 4 52 0 1 5526067963989.727
a 4 53 0 1 18666968411951.12
a 4 54 0 1 9963020573547.658
a 4 55 0 1 17738537266332.293
a 4 56 0 1 13572535635086.426
a 4 57 0 1 13670374584586.643
a 4 58 0 1 4321156836478.567
a 4 59 0 1 12095514710972.025
a 4 60 0 1 17998983461905.566
a 4 61 0 1 9835442672600.451
a 4 62 0 1 11077864146840.178
a 4 63 0 1 18573101570359.055
a 4 64 0 1 8971655304629.855
a 4 65 0 1 13270692750335.695
a 4 66 0 1 12795944366092.727
a 4 67 0 1 14627593177292.066
a 4 68 0 1 15897553390331.332
a 4 69 0 1 20087534204262.74
a 4 70 0 1 18210051986118.37
a 4 71 0 1 8239799230044.793
a 4 72 0 1 14920090827623.082
a 4 73 0 1 6017816140037.399
a 4 74 0 1 6144697402612.832
a 4 75 0 1 9409641703676.805
a 4 76 0 1 8173520155803.823
a 4 77 0 1 12986179421616.064
a 4 78 0 1 8763264492704.648
a 4 79 0 1 9567263976799.709
a 4 80 0 1 7094800269914.454
a 5 15 0 1 30110149637903.684
a 5 16 0 1 35396555584591.53
a 5 17 0 1 30534761925147.273
a 5 18 0 1 31985637622223.805
a 5 19 0 1 11420661695623.963
a 5 20 0 1 30192608111781.87
a 5 21 0 1 25324701838980.38
a 5 22 0 1 27260896685956.51
a 5 23 0 1 11029235118001.434
a 5 24 0 1 22996293219174.63
a 5 25 0 1 24055548555266.043
a 5 26 0 1 16194164274145.084
a 5 27 0 1 32220700129528.14
a 5 28 0 1 18066974053728.75
a 5 29 0 1 18604563680772.426
a 5 30 0 1 33388029133409.926
a 5 31 0 1 25457656373808.73
a 5 32 0 1 17114760693163.887
a 5 33 0 1 14608828712259.953
a 5 34 0 1 7878874452047.894
a 5 35 0 1 31898314203187.824
a 5 36 0 1 13975395331884.775
a 5 37 0 1 25120314774101.996
a 5 38 0 1 20710723578482.945
a 5 39 0 1 34862087397881.754
a 5 40 0 1 31991772706879.133
a 5 41 0 1 12750958539875.264
a 5 42 0 1 16112759068128.756
a 5 43 0 1 12943465476787.738
a 5 44 0 1 22903216329987.117
a 5 45 0 1 19224455569094.984
a 5 46 0 1 34812272733964.863
a 5 47 0 1 31264232954696.297
a 5 48 0 1 8928453458352.67
a 5 49 0 1 27295124289590.86
a 5 50 0 1 9715973740583.43
a 5 51 0 1 34466556559213.5
a 5 52 0 1 9583860919581.197
a 5 53 0 1 32410201464169.344
a 5 54 0 1 17285358947603.17
a 5 55 0 1 30795801370195.883
a 5 56 0 1 23554896644414.227
a 5 57 0 1 23724891224397.15
a 5 58 0 1 7493419677009.648
a 5 59 0 1 20988924827779.938
a 5 60 0 1 31248651831328.87
a 5 61 0 1 17063833083801.969
a 5 62 0 1 19221373754486.312
a 5 63 0 1 32246969761781.08
a 5 64 0 1 15564081470040.469
a 5 65 0 1 23030464263567.527
a 5 66 0 1 22205674200755.047
a 5 67 0 1 25388201727833.945
a 5 68 0 1 27595365112156.85
a 5 69 0 1 34880842358002.0
a 5 70 0 1 31615661653492.605
a 5 71 0 1 14293567512324.379
a 5 72 0 1 25896514103033.3
a 5 73 0 1 10437134035873.818
a 5 74 0 1 10657307785105.242
a 5 75 0 1 16324508312256.861
a 5 76 0 1 14178513750844.555
a 5 77 0 1 22536165465528.645
a 5 78 0 1 15202295609632.283
a 5 79 0 1 16598184067660.316
a 5 80 0 1 12306146874277.83
a 6 15 0 1 7708588278916.962
a 6 16 0 1 9057876486118.543
a 6 17 0 1 7817010373658.251
a 6 18 0 1 8187422854384.841
a 6 19 0 1 2928518544547.5337
a 6 20 0 1 7729644152680.409
a 6 21 0 1 6486108180392.348
a 6 22 0 1 6980845113807.583
a 6 23 0 1 2828242578237.117
a 6 24 0 1 5890935199333.615
a 6 25 0 1 6161724751578.646
a 6 26 0 1 4150857382915.7466
a 6 27 0 1 8247426272611.41
a 6 28 0 1 4630150140837.847
a 6 29 0 1 4767702612331.105
a 6 30 0 1 8545369613038.418
a 6 31 0 1 6520086003297.718
a 6 32 0 1 4386477248672.065
a 6 33 0 1 3745015326669.7344
a 6 34 0 1 2020935908512.8875
a 6 35 0 1 8165131556089.086
a 6 36 0 1 3582827098668.0044
a 6 37 0 1 6433873570325.572
a 6 38 0 1 5306481401465.771
a 6 39 0 1 8921515824682.723
a 6 40 0 1 8188988962397.971
a 6 41 0 1 3269264784603.2183
a 6 42 0 1 4130020532251.125
a 6 43 0 1 3318567660843.0605
a 6 44 0 1 5867138540195.703
a 6 45 0 1 4926297945838.492
a 6 46 0 1 8908805805545.844
a 6 47 0 1 8003257814833.155
a 6 48 0 1 2289947823393.675
a 6 49 0 1 6989589481611.41
a 6 50 0 1 2491761137393.7354
a 6 51 0 1 8820594666623.855
a 6 52 0 1 2457907241090.302
a 6 53 0 1 8295797720914.774
a 6 54 0 1 4430136532724.468
a 6 55 0 1 7883661247044.04
a 6 56 0 1 6033743506415.023
a 6 57 0 1 6077200315526.651
a 6 58 0 1 1922129942040.8337
a 6 59 0 1 5377633792860.234
a 6 60 0 1 7999279909434.779
a 6 61 0 1 4373443673588.4087
a 6 62 0 1 4925509525153.004
a 6 63 0 1 8254131860967.736
a 6 64 0 1 3989570912302.809
a 6 65 0 1 5899671501502.142
a 6 66 0 1 5688788177572.924
a 6 67 0 1 6502336290432.1045
a 6 68 0 1 7066291927448.942
a 6 69 0 1 8926301052195.885
a 6 70 0 1 8092975744512.601
a 6 71 0 1 3664296085256.136
a 6 72 0 1 6632234862716.036
a 6 73 0 1 2676544884663.015
a 6 74 0 1 2732955715033.075
a 6 75 0 1 4184220236806.334
a 6 76 0 1 3634836720614.203
a 6 77 0 1 5773292164385.478
a 6 78 0 1 3896954319785.6196
a 6 79 0 1 4254267846032.8823
a 6 80 0 1 3155338024922.825
a 7 15 0 1 16514407566648.156
a 7 16 0 1 19408488031811.82
a 7 17 0 1 16746923459066.604
a 7 18 0 1 17541339242888.795
a 7 19 0 1 6269935623960.553
a 7 20 0 1 16559562282840.756
a 7 21 0 1 13893205508451.607
a 7 22 0 1 14953902657635.26
a 7 23 0 1 6055165763662.839
a 7 24 0 1 12617360425459.262
a 7 25 0 1 13197814804003.674
a 7 26 0 1 8888381582297.912
a 7 27 0 1 17670034600128.293
a 7 28 0 1 9915333389189.834
a 7 29 0 1 10210082726986.973
a 7 30 0 1 18309093755135.996
a 7 31 0 1 13966048246739.146
a 7 32 0 1 9393213934579.22
a 7 33 0 1 8018909419750.533
a 7 34 0 1 4326292277113.3667
a 7 35 0 1 17493529375276.607
a 7 36 0 1 7671464858885.333
a 7 37 0 1 13781224560054.09
a 7 38 0 1 11364688115880.084
a 7 39 0 1 19115962071390.04
a 7 40 0 1 17544698206157.346
a 7 41 0 1 6999784142240.875
a 7 42 0 1 8843738650982.23
a 7 43 0 1 7105391988312.805
a 7 44 0 1 12566352773304.766
a 7 45 0 1 10549936242940.85
a 7 46 0 1 19088696601716.535
a 7 47 0 1 17146354697668.215
a 7 48 0 1 4902349286503.111
a 7 49 0 1 14972651492520.508
a 7 50 0 1 5334535226924.823
a 7 51 0 1 18899469024207.027
a 7 52 0 1 5262035049967.703
a 7 53 0 1 17773783185203.246
a 7 54 0 1 9486760498416.412
a 7 55 0 1 16889862450140.717
a 7 56 0 1 12923473825015.656
a 7 57 0 1 13016626934012.521
a 7 58 0 1 4114721281466.461
a 7 59 0 1 11517180252889.506
a 7 60 0 1 17137823370549.475
a 7 61 0 1 9365287753541.643
a 7 62 0 1 10548246703279.963
a 7 63 0 1 17684416875372.68
a 7 64 0 1 8542831866951.662
a 7 65 0 1 12636086590677.232
a 7 66 0 1 12184072591910.006
a 7 67 0 1 13927995765990.434
a 7 68 0 1 15137111372366.496
a 7 69 0 1 19126227341268.95
a 7 70 0 1 17338773164489.54
a 7 71 0 1 7845988350218.112
a 7 72 0 1 14206481168114.72
a 7 73 0 1 5730272226674.316
a 7 74 0 1 5851086750750.654
a 7 75 0 1 8959861972353.818
a 7 76 0 1 7782879840480.197
a 7 77 0 1 12365198101521.975
a 7 78 0 1 8344411203939.439
a 7 79 0 1 9109942015121.332
a 7 80 0 1 6755755752586.603
a 8 15 0 1 19330500025929.434
a 8 16 0 1 22719381111760.47
a 8 17 0 1 19602754872854.305
a 8 18 0 1 20532961905640.54
a 8 19 0 1 7337630434793.994
a 8 20 0 1 19383371874368.023
a 8 21 0 1 16261484409884.91
a 8 22 0 1 17503355936132.57
a 8 23 0 1 7086257997642.957
a 8 24 0 1 14767784823819.068
a 8 25 0 1 15447344296960.361
a 8 26 0 1 10402500624974.943
a 8 27 0 1 20683658182931.016
a 8 28 0 1 11604625587160.346
a 8 29 0 1 11949660993677.248
a 8 30 0 1 21431978037060.83
a 8 31 0 1 16346767532802.475
a 8 32 0 1 10993439114744.523
a 8 33 0 1 9384755427315.246
a 8 34 0 1 5062814994084.769
a 8 35 0 1 20476978968937.105
a 8 36 0 1 8978070083351.396
a 8 37 0 1 16130379367623.926
a 8 38 0 1 13301287719118.68
a 8 39 0 1 22376824477027.645
a 8 40 0 1 20536895085688.887
a 8 41 0 1 8191880659829.399
a 8 42 0 1 10350243788329.469
a 8 43 0 1 8315491249067.555
a 8 44 0 1 14708069014501.887
a 8 45 0 1 12347500590585.588
a 8 46 0 1 22344895998916.613
a 8 47 0 1 20070458142015.375
a 8 48 0 1 5737006701155.548
a 8 49 0 1 17525307667110.379
a 8 50 0 1 6242828059933.832
a 8 51 0 1 22123307195004.195
a 8 52 0 1 6157974774963.289
a 8 53 0 1 20805143506161.688
a 8 54 0 1 11102942625147.744
a 8 55 0 1 19770124596422.902
a 8 56 0 1 15126161203454.35
a 8 57 0 1 15235219271498.467
a 8 58 0 1 4815205460551.359
a 8 59 0 1 13479805629120.816
a 8 60 0 1 20060468537068.234
a 8 61 0 1 10960749431282.152
a 8 62 0 1 12345522767167.799
a 8 63 0 1 20700499205700.984
a 8 64 0 1 9998019382180.576
a 8 65 0 1 14789707998026.941
a 8 66 0 1 14260528791624.066
a 8 67 0 1 16302216261265.377
a 8 68 0 1 17717863208291.523
a 8 69 0 1 22388845347775.16
a 8 70 0 1 20295767996264.066
a 8 71 0 1 9182349882697.143
a 8 72 0 1 16628264318571.588
a 8 73 0 1 6705997865460.765
a 8 74 0 1 6847400379573.877
a 8 75 0 1 10486172271829.842
a 8 76 0 1 9108481191425.06
a 8 77 0 1 14472573868538.588
a 8 78 0 1 9765761690632.115
a 8 79 0 1 10661849810254.506
a 8 80 0 1 7906255233515.001
a 9 15 0 1 14284269606259.87
a 9 16 0 1 16786771946004.97
a 9 17 0 1 14485333707494.506
a 9 18 0 1 15172280046126.979
a 9 19 0 1 5424094911980.971
a 9 20 0 1 14323316480966.361
a 9 21 0 1 12017529690366.096
a 9 22 0 1 12934812267610.08
a 9 23 0 1 5238315886166.994
a 9 24 0 1 10914148740929.527
a 9 25 0 1 11416144824174.918
a 9 26 0 1 7688988676146.1
a 9 27 0 1 15283563753184.49
a 9 28 0 1 8577227332317.44
a 9 29 0 1 8832158841893.113
a 9 30 0 1 15836155725589.744
a 9 31 0 1 12080524487899.238
a 9 32 0 1 8125635506112.172
a 9 33 0 1 6936936287599.28
a 9 34 0 1 3742770224491.908
a 9 35 0 1 15130938430988.01
a 9 36 0 1 6636407453233.59
a 9 37 0 1 11920687676589.148
a 9 38 0 1 9830765527330.701
a 9 39 0 1 16533835913005.627
a 9 40 0 1 15175184569042.324
a 9 41 0 1 6055415135180.873
a 9 42 0 1 7650375142554.445
a 9 43 0 1 6146764917401.136
a 9 44 0 1 10870035208229.326
a 9 45 0 1 9126098483488.412
a 9 46 0 1 16510260384563.133
a 9 47 0 1 14830731571513.41
a 9 48 0 1 4241091819127.468
a 9 49 0 1 12951025840550.414
a 9 50 0 1 4614951020271.253
a 9 51 0 1 16346641153458.45
a 9 52 0 1 4552235637318.996
a 9 53 0 1 15373275500323.695
a 9 54 0 1 8206546387298.54
a 9 55 0 1 14608937008012.459
a 9 56 0 1 11178886831167.613
a 9 57 0 1 11259448554329.947
a 9 58 0 1 3559747217597.013
a 9 59 0 1 9962651774073.244
a 9 60 0 1 14823354371284.934
a 9 61 0 1 8101481372688.07
a 9 62 0 1 9124637206653.4
a 9 63 0 1 15296000171812.984
a 9 64 0 1 7390106914213.481
a 9 65 0 1 10930343887547.797
a 9 66 0 1 10539421226455.627
a 9 67 0 1 12047616512735.385
a 9 68 0 1 13093246659529.35
a 9 69 0 1 16542711939106.83
a 9 70 0 1 14997118945340.334
a 9 71 0 1 6787365298953.632
a 9 72 0 1 12288451176318.652
a 9 73 0 1 4957275935251.272
a 9 74 0 1 5061783448421.845
a 9 75 0 1 7750814935702.76
a 9 76 0 1 6732778331301.279
a 9 77 0 1 10696067624251.797
a 9 78 0 1 7218482351036.64
a 9 79 0 1 7880624743733.449
a 9 80 0 1 5844331752411.12
a 10 15 0 1 9308372515566.96
a 10 16 0 1 10938034980201.965
a 10 17 0 1 9439320205133.41
a 10 18 0 1 9886694093414.496
a 10 19 0 1 3535878101998.3394
a 10 20 0 1 9333802869647.438
a 10 21 0 1 7831958971594.682
a 10 22 0 1 8429452213355.102
a 10 23 0 1 3414797243039.3823
a 10 24 0 1 7113187958806.635
a 10 25 0 1 7440209139894.117
a 10 26 0 1 5011869990871.605
a 10 27 0 1 9959165298644.295
a 10 28 0 1 5590646483936.536
a 10 29 0 1 5756752291547.171
a 10 30 0 1 10319019762060.072
a 10 31 0 1 7872993498254.695
a 10 32 0 1 5296394309798.912
a 10 33 0 1 4521800257614.158
a 10 34 0 1 2440014653624.425
a 10 35 0 1 9859771059343.719
a 10 36 0 1 4325954455841.031
a 10 37 0 1 7768876116439.101
a 10 38 0 1 6407382058875.281
a 10 39 0 1 10773334585565.29
a 10 40 0 1 9888585611929.766
a 10 41 0 1 3947325466718.9
a 10 42 0 1 4986708468969.606
a 10 43 0 1 4006858706216.768
a 10 44 0 1 7084449934364.863
a 10 45 0 1 5948270423662.151
a 10 46 0 1 10757983107513.936
a 10 47 0 1 9664263691685.166
a 10 48 0 1 2764828964643.125
a 10 49 0 1 8440012903728.184
a 10 50 0 1 3008508095631.0405
a 10 51 0 1 10651439751554.13
a 10 52 0 1 2967631104114.6357
a 10 53 0 1 10017587741052.514
a 10 54 0 1 5349115717315.391
a 10 55 0 1 9519818690676.38
a 10 56 0 1 7285651031960.345
a 10 57 0 1 7338132070191.537
a 10 58 0 1 2320713952646.455
a 10 59 0 1 6493307005597.503
a 10 60 0 1 9659459288439.795
a 10 61 0 1 5280655446751.177
a 10 62 0 1 5947318331168.398
a 10 63 0 1 9967264218002.357
a 10 64 0 1 4817109299406.452
a 10 65 0 1 7123738358299.492
a 10 66 0 1 6869066241992.094
a 10 67 0 1 7851557417714.237
a 10 68 0 1 8532647666439.782
a 10 69 0 1 10779114305100.6
a 10 70 0 1 9772622748882.64
a 10 71 0 1 4424329833784.253
a 10 72 0 1 8008434531478.9795
a 10 73 0 1 3231626966381.0547
a 10 74 0 1 3299741145605.158
a 10 75 0 1 5052157329853.364
a 10 76 0 1 4388757036660.283
a 10 77 0 1 6971116720607.516
a 10 78 0 1 4705271263032.404
a 10 79 0 1 5136743581389.979
a 10 80 0 1 3809759402843.9727
a 11 15 0 1 20629446042387.305
a 11 16 0 1 24246685181735.2
a 11 17 0 1 20920039620288.96
a 11 18 0 1 21912913443494.027
a 11 19 0 1 7829968675357.391
a 11 20 0 1 20685879173487.227
a 11 21 0 1 17353790397341.533
a 11 22 0 1 18679259658176.914
a 11 23 0 1 7561715033934.723
a 11 24 0 1 15759574830156.45
a 11 25 0 1 16484859531140.422
a 11 26 0 1 11100747621590.521
a 11 27 0 1 22073763273848.6
a 11 28 0 1 12383677916545.246
a 11 29 0 1 12751910579738.113
a 11 30 0 1 22872508692289.285
a 11 31 0 1 17444813616979.564
a 11 32 0 1 11731405272796.926
a 11 33 0 1 10014609524469.72
a 11 34 0 1 5402423366429.003
a 11 35 0 1 21853158606834.98
a 11 36 0 1 9580599539343.648
a 11 37 0 1 17213861386306.865
a 11 38 0 1 14194428178039.414
a 11 39 0 1 23881036897616.01
a 11 40 0 1 21917111626984.367
a 11 41 0 1 8741594847272.75
a 11 42 0 1 11044978687254.293
a 11 43 0 1 8873508772599.09
a 11 44 0 1 15695841313684.21
a 11 45 0 1 13176499981121.752
a 11 46 0 1 23846956228545.082
a 11 47 0 1 21419249635703.65
a 11 48 0 1 6121871036051.184
a 11 49 0 1 18702689319799.824
a 11 50 0 1 6661651209692.56
a 11 51 0 1 23610431336494.246
a 11 52 0 1 6571100921268.493
a 11 53 0 1 22203434260031.58
a 11 54 0 1 11848269552570.725
a 11 55 0 1 21098683758945.504
a 11 56 0 1 16142064176413.73
a 11 57 0 1 16258460519937.344
a 11 58 0 1 5138194615150.212
a 11 59 0 1 14384952878953.61
a 11 60 0 1 21408587044971.86
a 11 61 0 1 11696518244098.29
a 11 62 0 1 13174389167012.164
a 11 63 0 1 22091739027627.664
a 11 64 0 1 10669083023385.355
a 11 65 0 1 15782973020418.43
a 11 66 0 1 15218192255180.404
a 11 67 0 1 17397263746436.92
a 11 68 0 1 18908209270793.227
a 11 69 0 1 23893868059070.16
a 11 70 0 1 21659738740208.637
a 11 71 0 1 9798604282270.555
a 11 72 0 1 17745257781167.977
a 11 73 0 1 7155920078166.558
a 11 74 0 1 7306817624725.842
a 11 75 0 1 11190042798773.41
a 11 76 0 1 9719772496908.55
a 11 77 0 1 15444502520557.424
a 11 78 0 1 10421217563677.578
a 11 79 0 1 11377527914598.344
a 11 80 0 1 8436783971861.875
a 12 15 0 1 13217285323240.54
a 12 16 0 1 15532525121459.334
a 12 17 0 1 13403307462335.912
a 12 18 0 1 14038857265343.037
a 12 19 0 1 5019316633665.011
a 12 20 0 1 13253411082385.883
a 12 21 0 1 11120079673271.707
a 12 22 0 1 11968766610521.42
a 12 23 0 1 4847409284033.018
a 12 24 0 1 10099193295283.898
a 12 25 0 1 10563659911560.553
a 12 26 0 1 7115052030807.121
a 12 27 0 1 14141814145384.299
a 12 28 0 1 7936928422936.742
a 12 29 0 1 8172811119033.165
a 12 30 0 1 14653055382170.186
a 12 31 0 1 11178364062745.365
a 12 32 0 1 7519077584912.59
a 12 33 0 1 6419177313416.153
a 12 34 0 1 3463512445641.9883
a 12 35 0 1 14000608995049.049
a 12 36 0 1 6141095209182.487
a 12 37 0 1 11030478854852.777
a 12 38 0 1 9096790651272.11
a 12 39 0 1 15298520856726.895
a 12 40 0 1 14041544459223.951
a 12 41 0 1 5603493579949.407
a 12 42 0 1 7079323114422.009
a 12 43 0 1 5688021373140.437
a 12 44 0 1 10058377519512.541
a 12 45 0 1 8444785924633.128
a 12 46 0 1 15276709858592.434
a 12 47 0 1 13722863995242.26
a 12 48 0 1 3924636173051.7656
a 12 49 0 1 11983767589835.83
a 12 50 0 1 4270585571937.4805
a 12 51 0 1 15125336602655.885
a 12 52 0 1 4212552250982.323
a 12 53 0 1 14224813048278.906
a 12 54 0 1 7593943393698.352
a 12 55 0 1 13517663460860.305
a 12 56 0 1 10344139939646.482
a 12 57 0 1 10418678760590.35
a 12 58 0 1 3294150438828.8643
a 12 59 0 1 9218819683353.559
a 12 60 0 1 13716038748450.377
a 12 61 0 1 7496728052415.493
a 12 62 0 1 8443433846086.912
a 12 63 0 1 14153319994085.316
a 12 64 0 1 6838497559062.492
a 12 65 0 1 10114177747658.844
a 12 66 0 1 9752477972576.287
a 12 67 0 1 11147916774723.078
a 12 68 0 1 12115351705254.84
a 12 69 0 1 15306732546873.074
a 12 70 0 1 13876802231244.27
a 12 71 0 1 6280778076782.322
a 12 72 0 1 11370742676527.197
a 12 73 0 1 4587352871505.035
a 12 74 0 1 4684057593059.707
a 12 75 0 1 7172259521142.939
a 12 76 0 1 6230268228682.637
a 12 77 0 1 9897414776523.564
a 12 78 0 1 6679693180496.126
a 12 79 0 1 7292371608655.575
a 12 80 0 1 5408173366968.748
a 13 15 0 1 18576751117657.555
a 13 16 0 1 21833158020782.92
a 13 17 0 1 18838366965079.523
a 13 18 0 1 19732219130775.9
a 13 19 0 1 7051895795099.118
a 13 20 0 1 18627556924211.363
a 13 21 0 1 15627620195390.508
a 13 22 0 1 16820990406585.906
a 13 23 0 1 6810319727935.836
a 13 24 0 1 14192239421288.592
a 13 25 0 1 14845269107667.504
a 13 26 0 1 9997279450794.45
a 13 27 0 1 19877025108282.25
a 13 28 0 1 11152516433422.924
a 13 29 0 1 11484091689733.398
a 13 30 0 1 20596092304209.44
a 13 31 0 1 15709573010564.771
a 13 32 0 1 10565170388049.164
a 13 33 0 1 9019220890262.234
a 13 34 0 1 4865713561741.818
a 13 35 0 1 19678424361864.004
a 13 36 0 1 8628391607553.847
a 13 37 0 1 15501634685224.65
a 13 38 0 1 12782980308031.688
a 13 39 0 1 21503996723348.91
a 13 40 0 1 19735998576215.07
a 13 41 0 1 7872850503940.007
a 13 42 0 1 9947060569879.53
a 13 43 0 1 7991642688034.171
a 13 44 0 1 14134854707598.953
a 13 45 0 1 11866409920499.318
a 13 46 0 1 21473316724970.27
a 13 47 0 1 19287792130993.49
a 13 48 0 1 5513641515726.696
a 13 49 0 1 16842084692434.729
a 13 50 0 1 5999755569122.682
a 13 51 0 1 21260392329388.812
a 13 52 0 1 5918208406875.999
a 13 53 0 1 19993761763971.766
a 13 54 0 1 10670402754264.004
a 13 55 0 1 18999196004318.69
a 13 56 0 1 14536625397635.184
a 13 57 0 1 14641425804332.09
a 13 58 0 1 4627748899747.97
a 13 59 0 1 12954531582641.164
a 13 60 0 1 19278192945119.54
a 13 61 0 1 10533755733619.803
a 13 62 0 1 11864509263522.373
a 13 63 0 1 19893207849951.332
a 13 64 0 1 9608571890389.969
a 13 65 0 1 14213306783983.43
a 13 66 0 1 13704783904002.059
a 13 67 0 1 15666761474958.037
a 13 68 0 1 17027118743424.053
a 13 69 0 1 21515547547062.582
a 13 70 0 1 19504296076031.84
a 13 71 0 1 8824707017420.457
a 13 72 0 1 15980076894865.861
a 13 73 0 1 6444877881572.245
a 13 74 0 1 6580770253240.476
a 13 75 0 1 10077687951856.787
a 13 76 0 1 8753718334441.668
a 13 77 0 1 13908552165440.12
a 13 78 0 1 9385370987109.072
a 13 79 0 1 10246513971382.11
a 13 80 0 1 7598358401384.347
a 14 15 0 1 28879328880358.906
a 14 16 0 1 33948795141607.32
a 14 17 0 1 29286525588764.594
a 14 18 0 1 30677880933730.9
a 14 19 0 1 10954779413512.12
a 14 20 0 1 28958405427130.29
a 14 21 0 1 24290044552245.7
a 14 22 0 1 26146896516778.492
a 14 23 0 1 10579339729322.865
a 14 24 0 1 22057006335792.176
a 14 25 0 1 23072881205258.098
a 14 26 0 1 15533208325898.357
a 14 27 0 1 30903298502005.355
a 14 28 0 1 17329427788491.477
a 14 29 0 1 17845026330060.234
a 14 30 0 1 32022722969447.645
a 14 31 0 1 24417551858515.684
a 14 32 0 1 16416160047236.084
a 14 33 0 1 14012681800063.463
a 14 34 0 1 7557597787181.612
a 14 35 0 1 30594140387544.17
a 14 36 0 1 13405137039666.518
a 14 37 0 1 24094031038449.793
a 14 38 0 1 19865004755620.344
a 14 39 0 1 33436271580541.734
a 14 40 0 1 30683764293759.867
a 14 41 0 1 12230733096155.908
a 14 42 0 1 15455131543998.621
a 14 43 0 1 12415374724732.111
a 14 44 0 1 21967740808260.906
a 14 45 0 1 18439557167453.203
a 14 46 0 1 33388502115318.95
a 14 47 0 1 29986073369579.586
a 14 48 0 1 8564335922045.941
a 14 49 0 1 26179721210162.137
a 14 50 0 1 9319705313235.764
a 14 51 0 1 33056979098537.742
a 14 52 0 1 9192986451518.994
a 14 53 0 1 31085023970923.72
a 14 54 0 1 16579781418619.564
a 14 55 0 1 29536857625357.098
a 14 56 0 1 22592734126737.35
a 14 57 0 1 22755766617842.6
a 14 58 0 1 7187873701944.012
a 14 59 0 1 20131819354684.285
a 14 60 0 1 29971131441685.75
a 14 61 0 1 16367315151350.383
a 14 62 0 1 18436601444799.48
a 14 63 0 1 30928490223900.26
a 14 64 0 1 14928886229838.74
a 14 65 0 1 22089778106536.695
a 14 66 0 1 21298759509503.5
a 14 67 0 1 24350942831790.555
a 14 68 0 1 26467655401885.09
a 14 69 0 1 33454256528234.152
a 14 70 0 1 30323084575490.434
a 14 71 0 1 13710305876468.506
a 14 72 0 1 24838428183104.29
a 14 73 0 1 10011418990156.725
a 14 74 0 1 10222601608865.555
a 14 75 0 1 15658222847569.184
a 14 76 0 1 13599954339901.6
a 14 77 0 1 21615719373027.953
a 14 78 0 1 14581890233811.873
a 14 79 0 1 15920708029695.555
a 14 80 0 1 11804093942934.164
a 15 1 0 5 0
a 16 1 0 5 0
a 17 1 0 5 0
a 18 1 0 5 0
a 19 1 0 5 0
a 20 1 0 5 0
a 21 1 0 5 0
a 22 1 0 5 0
a 23 1 0 5 0
a 24 1 0 5 0
a 25 1 0 5 0
a 26 1 0 5 0
a 27 1 0 5 0
a 28 1 0 5 0
a 29 1 0 5 0
a 30 1 0 5 0
a 31 1 0 5 0
a 32 1 0 5 0
a 33 1 0 5 0
a 34 1 0 5 0
a 35 1 0 5 0
a 36 1 0 5 0
a 37 1 0 5 0
a 38 1 0 5 0
a 39 1 0 5 0
a 40 1 0 5 0
a 41 1 0 5 0
a 42 1 0 5 0
a 43 1 0 5 0
a 44 1 0 5 0
a 45 1 0 5 0
a 46 1 0 5 0
a 47 1 0 5 0
a 48 1 0 5 0
a 49 1 0 5 0
a 50 1 0 5 0
a 51 1 0 5 0
a 52 1 0 5 0
a 53 1 0 5 0
a 54 1 0 5 0
a 55 1 0 5 0
a 56 1 0 5 0
a 57 1 0 5 0
a 58 1 0 5 0
a 59 1 0 5 0
a 60 1 0 5 0
a 61 1 0 5 0
a 62 1 0 5 0
a 63 1 0 5 0
a 64 1 0 5 0
a 65 1 0 5 0
a 66 1 0 5 0
a 67 1 0 5 0
a 68 1 0 5 0
a 69 1 0 5 0
a 70 1 0 5 0
a 71 1 0 5 0
a 72 1 0 5 0
a 73 1 0 5 0
a 74 1 0 5 0
a 75 1 0 5 0
a 76 1 0 5 0
a 77 1 0 5 0
a 78 1 0 5 0
a 79 1 0 5 0
a 80 1 0 5 0
