p min 81 157
n 0 1
n 1 -1
a 0 2 0 1 0
a 2 3 0 1 87048403757110.8
a 2 4 0 1 98682054844129.45
a 2 5 0 1 127587876329191.36
a 2 6 0 1 134694297071941.9
a 2 7 0 1 251118701913390.16
a 2 8 0 1 170266967229677.7
a 2 9 0 1 330898827406430.7
a 2 10 0 1 350087918831810.06
a 2 11 0 1 82391569113103.19
a 2 12 0 1 255724634653938.88
a 2 13 0 1 190900299160560.84
a 2 14 0 1 437223423571580.6
a 2 15 0 1 5351768528621.594
a 2 16 0 1 218304357139709.88
a 2 17 0 1 65888436467404.58
a 2 18 0 1 73157673815702.12
a 2 19 0 1 214783504832054.28
a 2 20 0 1 17912669636354.55
a 2 21 0 1 267195388792254.2
a 2 22 0 1 391923847024961.7
a 2 23 0 1 418096019459896.4
a 2 24 0 1 430047391585696.44
a 2 25 0 1 286153050849852.56
a 2 26 0 1 415387135573160.44
a 2 27 0 1 324741971605436.6
a 2 28 0 1 228162866538895.25
a 2 29 0 1 413930737980638.06
a 2 30 0 1 125376831116356.7
a 2 31 0 1 50644856586139.75
a 2 32 0 1 78445993986744.83
a 2 33 0 1 352944249743832.2
a 2 34 0 1 354520300628207.94
a 2 35 0 1 276020332271722.16
a 2 36 0 1 296651976537974.75
a 2 37 0 1 270673555997749.1
a 2 38 0 1 319000374898513.7
a 2 39 0 1 49382158062163.81
a 2 40 0 1 12876135009766.795
a 2 41 0 1 280698756930812.75
a 2 42 0 1 364694918038613.3
a 2 43 0 1 160294995231770.7
a 2 44 0 1 178213700140648.78
a 2 45 0 1 87189186610645.38
a 2 46 0 1 163230394339242.16
a 2 47 0 1 446413109735799.5
a 2 48 0 1 288997046821880.7
a 2 49 0 1 135868906427049.33
a 2 50 0 1 250172997618811.0
a 2 51 0 1 456298156853550.7
a 2 52 0 1 391112569227675.56
a 2 53 0 1 99652723668436.3
a 2 54 0 1 369751782529473.56
a 2 55 0 1 363329203472903.94
a 2 56 0 1 54016957009395.41
a 2 57 0 1 301196988508013.94
a 2 58 0 1 407729354863858.9
a 2 59 0 1 237673914647511.28
a 2 60 0 1 183542423725812.47
a 2 61 0 1 192453314631761.7
a 2 62 0 1 237159102378707.3
a 2 63 0 1 434470951830485.3
a 2 64 0 1 308345521530420.8
a 2 65 0 1 391422524698074.4
a 2 66 0 1 254703497988052.12
a 2 67 0 1 168153534948093.16
a 2 68 0 1 291871777450133.9
a 2 69 0 1 391848263358372.5
a 2 70 0 1 139046352644034.6
a 2 71 0 1 6669080838303.312
a 2 72 0 1 235254008874594.4
a 2 73 0 1 315474355192155.94
a 2 74 0 1 409999407910593.56
a 2 75 0 1 364840512375431.0
a 2 76 0 1 99625313509281.7
a 2 77 0 1 141694703962354.84
a 2 78 0 1 29729246164523.695
a 2 79 0 1 129766468309787.42
a 2 80 0 1 240321372810736.94
a 3 1 0 1 0
a 4 1 0 1 0
a 5 1 0 1 0
a 6 1 0 1 0
a 7 1 0 1 0
a 8 1 0 1 0
a 9 1 0 1 0
a 10 1 0 1 0
a 11 1 0 1 0
a 12 1 0 1 0
a 13 1 0 1 0
a 14 1 0 1 0
a 15 1 0 1 0
a 16 1 0 1 0
a 17 1 0 1 0
a 18 1 0 1 0
a 19 1 0 1 0
a 20 1 0 1 0
a 21 1 0 1 0
a 22 1 0 1 0
a 23 1 0 1 0
a 24 1 0 1 0
a 25 1 0 1 0
a 26 1 0 1 0
a 27 1 0 1 0
a 28 1 0 1 0
a 29 1 0 1 0
a 30 1 0 1 0
a 31 1 0 1 0
a 32 1 0 1 0
a 33 1 0 1 0
a 34 1 0 1 0
a 35 1 0 1 0
a 36 1 0 1 0
a 37 1 0 1 0
a 38 1 0 1 0
a 39 1 0 1 0
a 40 1 0 1 0
a 41 1 0 1 0
a 42 1 0 1 0
a 43 1 0 1 0
a 44 1 0 1 0
a 45 1 0 1 0
a 46 1 0 1 0
a 47 1 0 1 0
a 48 1 0 1 0
a 49 1 0 1 0
a 50 1 0 1 0
a 51 1 0 1 0
a 52 1 0 1 0
a 53 1 0 1 0
a 54 1 0 1 0
a 55 1 0 1 0
a 56 1 0 1 0
a 57 1 0 1 0
a 58 1 0 1 0
a 59 1 0 1 0
a 60 1 0 1 0
a 61 1 0 1 0
a 62 1 0 1 0
a 63 1 0 1 0
a 64 1 0 1 0
a 65 1 0 1 0
a 66 1 0 1 0
a 67 1 0 1 0
a 68 1 0 1 0
a 69 1 0 1 0
a 70 1 0 1 0
a 71 1 0 1 0
a 72 1 0 1 0
a 73 1 0 1 0
a 74 1 0 1 0
a 75 1 0 1 0
a 76 1 0 1 0
a 77 1 0 1 0
a 78 1 0 1 0
a 79 1 0 1 0
a 80 1 0 1 0
