p min 82 159
n 0 1
n 1 -1
a 0 2 0 1 0
a 2 3 0 1 453678246509564.44
a 2 4 0 1 269988625520610.44
a 2 5 0 1 221383107914452.5
a 2 6 0 1 185526413459004.94
a 2 7 0 1 155855361589602.84
a 2 8 0 1 68583772747911.35
a 2 9 0 1 507388079180079.8
a 2 10 0 1 175317905065392.88
a 2 11 0 1 288964552263142.4
a 2 12 0 1 118308154403132.06
a 2 13 0 1 559748960622531.94
a 2 14 0 1 431365330681130.1
a 2 15 0 1 283080900054585.94
a 2 16 0 1 155703480742394.62
a 2 17 0 1 157651369659232.44
a 2 18 0 1 233252849991702.66
a 2 19 0 1 157195117199210.47
a 2 20 0 1 397909534475277.6
a 2 21 0 1 496230924287092.1
a 2 22 0 1 155971001757692.97
a 2 23 0 1 361032676922540.7
a 2 24 0 1 92803065145078.62
a 2 25 0 1 574245460102243.8
a 2 26 0 1 383136690148789.7
a 2 27 0 1 149967949260415.62
a 2 28 0 1 117302456878868.5
a 2 29 0 1 437432167382383.75
a 2 30 0 1 306161571524957.94
a 2 31 0 1 360229171758445.25
a 2 32 0 1 292908398234350.1
a 2 33 0 1 105969647498152.52
a 2 34 0 1 66095251178687.16
a 2 35 0 1 336941905388785.9
a 2 36 0 1 182986255556729.53
a 2 37 0 1 287167951199933.2
a 2 38 0 1 394682843368325.9
a 2 39 0 1 93651252995493.8
a 2 40 0 1 176762197471253.5
a 2 41 0 1 117282656770366.45
a 2 42 0 1 19562955166492.336
a 2 43 0 1 577419639484632.4
a 2 44 0 1 464916743017704.94
a 2 45 0 1 354499780532695.75
a 2 46 0 1 148236636067000.66
a 2 47 0 1 127369860080039.31
a 2 48 0 1 410333268396169.4
a 2 49 0 1 457642406924790.0
a 2 50 0 1 464780886396002.6
a 2 51 0 1 314599266393175.2
a 2 52 0 1 210934296505033.22
a 2 53 0 1 218248934328481.34
a 2 54 0 1 66996088456633.625
a 2 55 0 1 200803779288800.53
a 2 56 0 1 70793249932413.55
a 2 57 0 1 351249454974756.1
a 2 58 0 1 305647022298373.9
a 2 59 0 1 128524857948040.0
a 2 60 0 1 454688069805974.7
a 2 61 0 1 334403177483246.7
a 2 62 0 1 96051219655361.28
a 2 63 0 1 409173951838514.3
a 2 64 0 1 447096916623327.6
a 2 65 0 1 535110824230053.3
a 2 66 0 1 188446377214110.7
a 2 67 0 1 213705168590696.38
a 2 68 0 1 494460547991025.75
a 2 69 0 1 507530426670782.9
a 2 70 0 1 459370019254819.94
a 2 71 0 1 279657507798257.75
a 2 72 0 1 101984851527457.03
a 2 73 0 1 166073904471740.5
a 2 74 0 1 79504202011969.64
a 2 75 0 1 474971152691969.06
a 2 76 0 1 277490265860325.44
a 2 77 0 1 90976600159167.61
a 2 78 0 1 356854833246635.5
a 2 79 0 1 378676897016609.2
a 2 80 0 1 281563721948462.6
a 2 81 0 1 410816327337121.4
a 3 1 0 1 0
a 4 1 0 1 0
a 5 1 0 1 0
a 6 1 0 1 0
a 7 1 0 1 0
a 8 1 0 1 0
a 9 1 0 1 0
a 10 1 0 1 0
a 11 1 0 1 0
a 12 1 0 1 0
a 13 1 0 1 0
a 14 1 0 1 0
a 15 1 0 1 0
a 16 1 0 1 0
a 17 1 0 1 0
a 18 1 0 1 0
a 19 1 0 1 0
a 20 1 0 1 0
a 21 1 0 1 0
a 22 1 0 1 0
a 23 1 0 1 0
a 24 1 0 1 0
a 25 1 0 1 0
a 26 1 0 1 0
a 27 1 0 1 0
a 28 1 0 1 0
a 29 1 0 1 0
a 30 1 0 1 0
a 31 1 0 1 0
a 32 1 0 1 0
a 33 1 0 1 0
a 34 1 0 1 0
a 35 1 0 1 0
a 36 1 0 1 0
a 37 1 0 1 0
a 38 1 0 1 0
a 39 1 0 1 0
a 40 1 0 1 0
a 41 1 0 1 0
a 42 1 0 1 0
a 43 1 0 1 0
a 44 1 0 1 0
a 45 1 0 1 0
a 46 1 0 1 0
a 47 1 0 1 0
a 48 1 0 1 0
a 49 1 0 1 0
a 50 1 0 1 0
a 51 1 0 1 0
a 52 1 0 1 0
a 53 1 0 1 0
a 54 1 0 1 0
a 55 1 0 1 0
a 56 1 0 1 0
a 57 1 0 1 0
a 58 1 0 1 0
a 59 1 0 1 0
a 60 1 0 1 0
a 61 1 0 1 0
a 62 1 0 1 0
a 63 1 0 1 0
a 64 1 0 1 0
a 65 1 0 1 0
a 66 1 0 1 0
a 67 1 0 1 0
a 68 1 0 1 0
a 69 1 0 1 0
a 70 1 0 1 0
a 71 1 0 1 0
a 72 1 0 1 0
a 73 1 0 1 0
a 74 1 0 1 0
a 75 1 0 1 0
a 76 1 0 1 0
a 77 1 0 1 0
a 78 1 0 1 0
a 79 1 0 1 0
a 80 1 0 1 0
a 81 1 0 1 0
