p min 81 157
n 0 1
n 1 -1
a 0 2 0 1 0
a 2 3 0 1 19825751890730.15
a 2 4 0 1 588245271937594.8
a 2 5 0 1 126452967118717.84
a 2 6 0 1 78407205838861.66
a 2 7 0 1 520836762592211.9
a 2 8 0 1 250441556509317.28
a 2 9 0 1 69287615304243.8
a 2 10 0 1 109701120057319.86
a 2 11 0 1 493691188793926.06
a 2 12 0 1 93530996090741.58
a 2 13 0 1 613607294787855.5
a 2 14 0 1 674233740256761.5
a 2 15 0 1 319700508842389.8
a 2 16 0 1 590673723117267.8
a 2 17 0 1 144358902380564.03
a 2 18 0 1 77724930783293.8
a 2 19 0 1 688589059139528.2
a 2 20 0 1 477811862831264.0
a 2 21 0 1 528578086486575.4
a 2 22 0 1 413850589412362.4
a 2 23 0 1 402622923828911.75
a 2 24 0 1 139477554849205.72
a 2 25 0 1 43442878339569.336
a 2 26 0 1 430540551665179.7
a 2 27 0 1 492639847697526.2
a 2 28 0 1 424733653130797.5
a 2 29 0 1 261433904638354.1
a 2 30 0 1 398098081835022.3
a 2 31 0 1 361353150289366.06
a 2 32 0 1 516673748157324.2
a 2 33 0 1 487692703836479.0
a 2 34 0 1 566893468658378.0
a 2 35 0 1 161336296227378.28
a 2 36 0 1 466811913852935.8
a 2 37 0 1 17249127356547.693
a 2 38 0 1 536312612376617.6
a 2 39 0 1 419000573276964.0
a 2 40 0 1 271337480370854.28
a 2 41 0 1 565006693102668.4
a 2 42 0 1 365935998981047.75
a 2 43 0 1 391281014407339.06
a 2 44 0 1 201016828469246.16
a 2 45 0 1 669351582166301.8
a 2 46 0 1 175836089553884.4
a 2 47 0 1 527495110952035.75
a 2 48 0 1 558183150479535.44
a 2 49 0 1 74829143515298.53
a 2 50 0 1 138839061968931.89
a 2 51 0 1 464367961685739.8
a 2 52 0 1 371768742688804.4
a 2 53 0 1 535345929841514.4
a 2 54 0 1 612768160571340.6
a 2 55 0 1 627226362618343.0
a 2 56 0 1 85554721553958.08
a 2 57 0 1 68533020525227.05
a 2 58 0 1 50642776676537.83
a 2 59 0 1 118427060692943.5
a 2 60 0 1 69778505569569.63
a 2 61 0 1 140109808626394.4
a 2 62 0 1 130924968108928.89
a 2 63 0 1 452296698831517.44
a 2 64 0 1 363470988414651.5
a 2 65 0 1 65092366200749.18
a 2 66 0 1 364958843215021.5
a 2 67 0 1 297602533802759.94
a 2 68 0 1 129130984139865.88
a 2 69 0 1 527182841930094.1
a 2 70 0 1 581918039476111.2
a 2 71 0 1 318747497485804.9
a 2 72 0 1 499161394879020.56
a 2 73 0 1 73304374275809.77
a 2 74 0 1 239295048810195.0
a 2 75 0 1 595205170154288.2
a 2 76 0 1 378098495149666.56
a 2 77 0 1 36904087826118.62
a 2 78 0 1 56965488884031.586
a 2 79 0 1 385863938675099.8
a 2 80 0 1 460874264694474.1
a 3 1 0 1 0
a 4 1 0 1 0
a 5 1 0 1 0
a 6 1 0 1 0
a 7 1 0 1 0
a 8 1 0 1 0
a 9 1 0 1 0
a 10 1 0 1 0
a 11 1 0 1 0
a 12 1 0 1 0
a 13 1 0 1 0
a 14 1 0 1 0
a 15 1 0 1 0
a 16 1 0 1 0
a 17 1 0 1 0
a 18 1 0 1 0
a 19 1 0 1 0
a 20 1 0 1 0
a 21 1 0 1 0
a 22 1 0 1 0
a 23 1 0 1 0
a 24 1 0 1 0
a 25 1 0 1 0
a 26 1 0 1 0
a 27 1 0 1 0
a 28 1 0 1 0
a 29 1 0 1 0
a 30 1 0 1 0
a 31 1 0 1 0
a 32 1 0 1 0
a 33 1 0 1 0
a 34 1 0 1 0
a 35 1 0 1 0
a 36 1 0 1 0
a 37 1 0 1 0
a 38 1 0 1 0
a 39 1 0 1 0
a 40 1 0 1 0
a 41 1 0 1 0
a 42 1 0 1 0
a 43 1 0 1 0
a 44 1 0 1 0
a 45 1 0 1 0
a 46 1 0 1 0
a 47 1 0 1 0
a 48 1 0 1 0
a 49 1 0 1 0
a 50 1 0 1 0
a 51 1 0 1 0
a 52 1 0 1 0
a 53 1 0 1 0
a 54 1 0 1 0
a 55 1 0 1 0
a 56 1 0 1 0
a 57 1 0 1 0
a 58 1 0 1 0
a 59 1 0 1 0
a 60 1 0 1 0
a 61 1 0 1 0
a 62 1 0 1 0
a 63 1 0 1 0
a 64 1 0 1 0
a 65 1 0 1 0
a 66 1 0 1 0
a 67 1 0 1 0
a 68 1 0 1 0
a 69 1 0 1 0
a 70 1 0 1 0
a 71 1 0 1 0
a 72 1 0 1 0
a 73 1 0 1 0
a 74 1 0 1 0
a 75 1 0 1 0
a 76 1 0 1 0
a 77 1 0 1 0
a 78 1 0 1 0
a 79 1 0 1 0
a 80 1 0 1 0
