p min 81 157
n 0 1
n 1 -1
a 0 2 0 1 0
a 2 3 0 1 566152754691761.9
a 2 4 0 1 26134242422374.875
a 2 5 0 1 406995000594559.6
a 2 6 0 1 415808979174147.1
a 2 7 0 1 167845243840646.38
a 2 8 0 1 472197666861669.3
a 2 9 0 1 68390127349976.79
a 2 10 0 1 53429772600869.36
a 2 11 0 1 473154505901035.2
a 2 12 0 1 481388463138331.5
a 2 13 0 1 277188083848477.25
a 2 14 0 1 201581423224502.1
a 2 15 0 1 44982981595652.76
a 2 16 0 1 572234883420120.4
a 2 17 0 1 35838797344748.805
a 2 18 0 1 560553413426986.1
a 2 19 0 1 571269158930130.9
a 2 20 0 1 118227588082204.92
a 2 21 0 1 101878224753241.19
a 2 22 0 1 31215660703091.46
a 2 23 0 1 192630761695098.9
a 2 24 0 1 154962958949492.34
a 2 25 0 1 536131383223675.56
a 2 26 0 1 211818681032797.88
a 2 27 0 1 304521851682650.2
a 2 28 0 1 616624629348041.4
a 2 29 0 1 67616259607003.51
a 2 30 0 1 171171338958071.72
a 2 31 0 1 504661130672308.75
a 2 32 0 1 396026114958444.3
a 2 33 0 1 630512212963064.5
a 2 34 0 1 486933013791263.75
a 2 35 0 1 117092679420419.22
a 2 36 0 1 399542805975029.1
a 2 37 0 1 173305425777050.25
a 2 38 0 1 216677141363909.9
a 2 39 0 1 90733495416236.36
a 2 40 0 1 32174112581811.742
a 2 41 0 1 219211141092234.12
a 2 42 0 1 368583248651088.56
a 2 43 0 1 370943338236567.6
a 2 44 0 1 87734790838991.02
a 2 45 0 1 608160250553253.2
a 2 46 0 1 503542664675997.8
a 2 47 0 1 610809756289962.8
a 2 48 0 1 44930874605814.086
a 2 49 0 1 176127397672864.53
a 2 50 0 1 567536545895414.8
a 2 51 0 1 18542646308453.445
a 2 52 0 1 226750102727696.28
a 2 53 0 1 498029483355029.0
a 2 54 0 1 424629826799460.56
a 2 55 0 1 126439595183799.81
a 2 56 0 1 328990128229827.94
a 2 57 0 1 359886523093183.1
a 2 58 0 1 135003282809857.38
a 2 59 0 1 301578878887684.25
a 2 60 0 1 479361388027019.7
a 2 61 0 1 606760999206944.1
a 2 62 0 1 344115842173457.2
a 2 63 0 1 79489968937318.33
a 2 64 0 1 468872860554645.4
a 2 65 0 1 444063017182191.25
a 2 66 0 1 571991198293540.1
a 2 67 0 1 310318071616242.4
a 2 68 0 1 37398809265105.58
a 2 69 0 1 307594005636840.56
a 2 70 0 1 494138940896359.25
a 2 71 0 1 50478702565873.16
a 2 72 0 1 295584778980068.6
a 2 73 0 1 628524968886341.1
a 2 74 0 1 475845083937070.6
a 2 75 0 1 26469956637972.13
a 2 76 0 1 206881092401666.47
a 2 77 0 1 537131323886059.56
a 2 78 0 1 287235243085740.75
a 2 79 0 1 537318895026262.2
a 2 80 0 1 149711401148413.38
a 3 1 0 1 0
a 4 1 0 1 0
a 5 1 0 1 0
a 6 1 0 1 0
a 7 1 0 1 0
a 8 1 0 1 0
a 9 1 0 1 0
a 10 1 0 1 0
a 11 1 0 1 0
a 12 1 0 1 0
a 13 1 0 1 0
a 14 1 0 1 0
a 15 1 0 1 0
a 16 1 0 1 0
a 17 1 0 1 0
a 18 1 0 1 0
a 19 1 0 1 0
a 20 1 0 1 0
a 21 1 0 1 0
a 22 1 0 1 0
a 23 1 0 1 0
a 24 1 0 1 0
a 25 1 0 1 0
a 26 1 0 1 0
a 27 1 0 1 0
a 28 1 0 1 0
a 29 1 0 1 0
a 30 1 0 1 0
a 31 1 0 1 0
a 32 1 0 1 0
a 33 1 0 1 0
a 34 1 0 1 0
a 35 1 0 1 0
a 36 1 0 1 0
a 37 1 0 1 0
a 38 1 0 1 0
a 39 1 0 1 0
a 40 1 0 1 0
a 41 1 0 1 0
a 42 1 0 1 0
a 43 1 0 1 0
a 44 1 0 1 0
a 45 1 0 1 0
a 46 1 0 1 0
a 47 1 0 1 0
a 48 1 0 1 0
a 49 1 0 1 0
a 50 1 0 1 0
a 51 1 0 1 0
a 52 1 0 1 0
a 53 1 0 1 0
a 54 1 0 1 0
a 55 1 0 1 0
a 56 1 0 1 0
a 57 1 0 1 0
a 58 1 0 1 0
a 59 1 0 1 0
a 60 1 0 1 0
a 61 1 0 1 0
a 62 1 0 1 0
a 63 1 0 1 0
a 64 1 0 1 0
a 65 1 0 1 0
a 66 1 0 1 0
a 67 1 0 1 0
a 68 1 0 1 0
a 69 1 0 1 0
a 70 1 0 1 0
a 71 1 0 1 0
a 72 1 0 1 0
a 73 1 0 1 0
a 74 1 0 1 0
a 75 1 0 1 0
a 76 1 0 1 0
a 77 1 0 1 0
a 78 1 0 1 0
a 79 1 0 1 0
a 80 1 0 1 0
