p min 80 155
n 0 1
n 1 -1
a 0 2 0 1 0
a 2 3 0 1 233195133177443.56
a 2 4 0 1 258141115239824.78
a 2 5 0 1 39540253427867.97
a 2 6 0 1 260757019178867.84
a 2 7 0 1 24671335403720.99
a 2 8 0 1 179013627284722.97
a 2 9 0 1 704358573565172.5
a 2 10 0 1 211463879571425.0
a 2 11 0 1 329904508522941.1
a 2 12 0 1 191789272658283.44
a 2 13 0 1 116655582913758.25
a 2 14 0 1 27138510819926.715
a 2 15 0 1 547771445956105.06
a 2 16 0 1 516274855115094.3
a 2 17 0 1 462865879725294.3
a 2 18 0 1 8808678110686.344
a 2 19 0 1 549894375870250.56
a 2 20 0 1 227887164404271.4
a 2 21 0 1 191806227196229.9
a 2 22 0 1 313006646206530.5
a 2 23 0 1 682227774001606.4
a 2 24 0 1 488203414131358.5
a 2 25 0 1 118080141547428.58
a 2 26 0 1 534680908532936.6
a 2 27 0 1 269171834296867.1
a 2 28 0 1 328795976065182.9
a 2 29 0 1 169638497751559.7
a 2 30 0 1 255196036503324.22
a 2 31 0 1 55995499560119.43
a 2 32 0 1 106048922340636.69
a 2 33 0 1 185166050587356.34
a 2 34 0 1 557733257264138.3
a 2 35 0 1 455339671883912.4
a 2 36 0 1 571960608418194.2
a 2 37 0 1 594670837574028.5
a 2 38 0 1 579251302082072.2
a 2 39 0 1 481572240891468.75
a 2 40 0 1 422530969846422.25
a 2 41 0 1 515487050295416.7
a 2 42 0 1 36698030903885.51
a 2 43 0 1 342718238039221.56
a 2 44 0 1 94862272991652.98
a 2 45 0 1 444645479577289.94
a 2 46 0 1 169652660836357.2
a 2 47 0 1 201986286313259.56
a 2 48 0 1 87938487835102.48
a 2 49 0 1 96779894290705.1
a 2 50 0 1 65283889825544.33
a 2 51 0 1 409973161315896.8
a 2 52 0 1 122194842392635.69
a 2 53 0 1 87169424710803.2
a 2 54 0 1 141559678653668.75
a 2 55 0 1 619128291485588.1
a 2 56 0 1 91226904774570.42
a 2 57 0 1 30181018005588.637
a 2 58 0 1 693825394306459.1
a 2 59 0 1 489861739696233.5
a 2 60 0 1 267501911440596.7
a 2 61 0 1 222439544116028.4
a 2 62 0 1 203866230840447.53
a 2 63 0 1 708673417946814.9
a 2 64 0 1 327207384343245.06
a 2 65 0 1 53136010003952.44
a 2 66 0 1 70316180243713.54
a 2 67 0 1 393181738536150.6
a 2 68 0 1 393059161429291.5
a 2 69 0 1 7010370881692.328
a 2 70 0 1 81521202181729.31
a 2 71 0 1 159929891184944.3
a 2 72 0 1 303654928305930.75
a 2 73 0 1 484959254948631.44
a 2 74 0 1 443732696658090.56
a 2 75 0 1 372127118865337.3
a 2 76 0 1 453334306784010.44
a 2 77 0 1 691196872129565.6
a 2 78 0 1 200098829986017.34
a 2 79 0 1 584877683928952.2
a 3 1 0 1 0
a 4 1 0 1 0
a 5 1 0 1 0
a 6 1 0 1 0
a 7 1 0 1 0
a 8 1 0 1 0
a 9 1 0 1 0
a 10 1 0 1 0
a 11 1 0 1 0
a 12 1 0 1 0
a 13 1 0 1 0
a 14 1 0 1 0
a 15 1 0 1 0
a 16 1 0 1 0
a 17 1 0 1 0
a 18 1 0 1 0
a 19 1 0 1 0
a 20 1 0 1 0
a 21 1 0 1 0
a 22 1 0 1 0
a 23 1 0 1 0
a 24 1 0 1 0
a 25 1 0 1 0
a 26 1 0 1 0
a 27 1 0 1 0
a 28 1 0 1 0
a 29 1 0 1 0
a 30 1 0 1 0
a 31 1 0 1 0
a 32 1 0 1 0
a 33 1 0 1 0
a 34 1 0 1 0
a 35 1 0 1 0
a 36 1 0 1 0
a 37 1 0 1 0
a 38 1 0 1 0
a 39 1 0 1 0
a 40 1 0 1 0
a 41 1 0 1 0
a 42 1 0 1 0
a 43 1 0 1 0
a 44 1 0 1 0
a 45 1 0 1 0
a 46 1 0 1 0
a 47 1 0 1 0
a 48 1 0 1 0
a 49 1 0 1 0
a 50 1 0 1 0
a 51 1 0 1 0
a 52 1 0 1 0
a 53 1 0 1 0
a 54 1 0 1 0
a 55 1 0 1 0
a 56 1 0 1 0
a 57 1 0 1 0
a 58 1 0 1 0
a 59 1 0 1 0
a 60 1 0 1 0
a 61 1 0 1 0
a 62 1 0 1 0
a 63 1 0 1 0
a 64 1 0 1 0
a 65 1 0 1 0
a 66 1 0 1 0
a 67 1 0 1 0
a 68 1 0 1 0
a 69 1 0 1 0
a 70 1 0 1 0
a 71 1 0 1 0
a 72 1 0 1 0
a 73 1 0 1 0
a 74 1 0 1 0
a 75 1 0 1 0
a 76 1 0 1 0
a 77 1 0 1 0
a 78 1 0 1 0
a 79 1 0 1 0
