p min 81 157
n 0 1
n 1 -1
a 0 2 0 1 0
a 2 3 0 1 7667066469563.561
a 2 4 0 1 413648211648123.9
a 2 5 0 1 621365620641376.9
a 2 6 0 1 107116522742766.77
a 2 7 0 1 199724738620396.3
a 2 8 0 1 686559364146066.0
a 2 9 0 1 115149206391398.22
a 2 10 0 1 646550524791128.8
a 2 11 0 1 296062567617556.06
a 2 12 0 1 722879657599182.4
a 2 13 0 1 319170133931155.56
a 2 14 0 1 28873523379125.42
a 2 15 0 1 317394897722536.6
a 2 16 0 1 537731631846894.56
a 2 17 0 1 96333528781526.92
a 2 18 0 1 293607652456813.25
a 2 19 0 1 569022793754157.1
a 2 20 0 1 286972914403725.94
a 2 21 0 1 219937323063041.03
a 2 22 0 1 237730863580506.97
a 2 23 0 1 526637682088805.8
a 2 24 0 1 276488040131278.66
a 2 25 0 1 640701144279898.2
a 2 26 0 1 227942637789279.94
a 2 27 0 1 447288512442944.94
a 2 28 0 1 205670948790527.38
a 2 29 0 1 177850807954565.22
a 2 30 0 1 84673873040744.69
a 2 31 0 1 78656062942212.33
a 2 32 0 1 447108491409704.6
a 2 33 0 1 78395783910879.72
a 2 34 0 1 261257193359592.4
a 2 35 0 1 173554975610743.34
a 2 36 0 1 236816582272352.12
a 2 37 0 1 276805578466976.12
a 2 38 0 1 375027030520677.8
a 2 39 0 1 574477950552021.2
a 2 40 0 1 186583410293202.88
a 2 41 0 1 465923472619443.25
a 2 42 0 1 446480193155155.5
a 2 43 0 1 225478687971454.06
a 2 44 0 1 261551986228629.62
a 2 45 0 1 385676902993424.06
a 2 46 0 1 556902349161662.94
a 2 47 0 1 557710885545858.5
a 2 48 0 1 203489331060388.38
a 2 49 0 1 388241824124074.56
a 2 50 0 1 329628513399460.75
a 2 51 0 1 359125369409984.44
a 2 52 0 1 657528970342537.1
a 2 53 0 1 324386701379301.5
a 2 54 0 1 670639081107529.4
a 2 55 0 1 360958368670291.56
a 2 56 0 1 210216841142518.62
a 2 57 0 1 220666504098586.44
a 2 58 0 1 719735724641975.2
a 2 59 0 1 115982921112413.73
a 2 60 0 1 322220325716122.0
a 2 61 0 1 715827003905954.0
a 2 62 0 1 177398366647362.2
a 2 63 0 1 507740136493605.4
a 2 64 0 1 152251055803483.4
a 2 65 0 1 106824003304265.25
a 2 66 0 1 698521489800460.0
a 2 67 0 1 372937635201289.7
a 2 68 0 1 657999818901150.8
a 2 69 0 1 617019942569804.2
a 2 70 0 1 100719335580790.89
a 2 71 0 1 215658877448280.9
a 2 72 0 1 465220939298258.75
a 2 73 0 1 482276725621958.0
a 2 74 0 1 207626695834382.25
a 2 75 0 1 343396212694344.5
a 2 76 0 1 417113512303280.6
a 2 77 0 1 635891635018709.6
a 2 78 0 1 542239311714419.8
a 2 79 0 1 317340762022270.4
a 2 80 0 1 196035212050770.94
a 3 1 0 1 0
a 4 1 0 1 0
a 5 1 0 1 0
a 6 1 0 1 0
a 7 1 0 1 0
a 8 1 0 1 0
a 9 1 0 1 0
a 10 1 0 1 0
a 11 1 0 1 0
a 12 1 0 1 0
a 13 1 0 1 0
a 14 1 0 1 0
a 15 1 0 1 0
a 16 1 0 1 0
a 17 1 0 1 0
a 18 1 0 1 0
a 19 1 0 1 0
a 20 1 0 1 0
a 21 1 0 1 0
a 22 1 0 1 0
a 23 1 0 1 0
a 24 1 0 1 0
a 25 1 0 1 0
a 26 1 0 1 0
a 27 1 0 1 0
a 28 1 0 1 0
a 29 1 0 1 0
a 30 1 0 1 0
a 31 1 0 1 0
a 32 1 0 1 0
a 33 1 0 1 0
a 34 1 0 1 0
a 35 1 0 1 0
a 36 1 0 1 0
a 37 1 0 1 0
a 38 1 0 1 0
a 39 1 0 1 0
a 40 1 0 1 0
a 41 1 0 1 0
a 42 1 0 1 0
a 43 1 0 1 0
a 44 1 0 1 0
a 45 1 0 1 0
a 46 1 0 1 0
a 47 1 0 1 0
a 48 1 0 1 0
a 49 1 0 1 0
a 50 1 0 1 0
a 51 1 0 1 0
a 52 1 0 1 0
a 53 1 0 1 0
a 54 1 0 1 0
a 55 1 0 1 0
a 56 1 0 1 0
a 57 1 0 1 0
a 58 1 0 1 0
a 59 1 0 1 0
a 60 1 0 1 0
a 61 1 0 1 0
a 62 1 0 1 0
a 63 1 0 1 0
a 64 1 0 1 0
a 65 1 0 1 0
a 66 1 0 1 0
a 67 1 0 1 0
a 68 1 0 1 0
a 69 1 0 1 0
a 70 1 0 1 0
a 71 1 0 1 0
a 72 1 0 1 0
a 73 1 0 1 0
a 74 1 0 1 0
a 75 1 0 1 0
a 76 1 0 1 0
a 77 1 0 1 0
a 78 1 0 1 0
a 79 1 0 1 0
a 80 1 0 1 0
