p min 82 384
n 0 4
n 1 -4
a 0 2 0 1 0
a 0 3 0 1 0
a 0 4 0 1 0
a 0 5 0 1 0
a 2 6 0 1 214715191197727.66
a 2 7 0 1 84302297248085.27
a 2 8 0 1 695887420694918.2
a 2 9 0 1 547328614217645.0
a 2 10 0 1 282596917129591.44
a 2 11 0 1 432538866201798.6
a 2 12 0 1 160464093281367.88
a 2 13 0 1 446071143471744.5
a 2 14 0 1 644736954730408.6
a 2 15 0 1 439133851263147.44
a 2 16 0 1 681559998253987.0
a 2 17 0 1 127717908667322.34
a 2 18 0 1 58375749885371.45
a 2 19 0 1 658029150287777.8
a 2 20 0 1 553086287380093.44
a 2 21 0 1 625058719375422.6
a 2 22 0 1 662439752422923.0
a 2 23 0 1 632325444839247.5
a 2 24 0 1 434910209533576.3
a 2 25 0 1 15171409847926.156
a 2 26 0 1 44962815321852.32
a 2 27 0 1 117731673938156.34
a 2 28 0 1 300486820145807.5
a 2 29 0 1 477908477356890.1
a 2 30 0 1 236912279423357.25
a 2 31 0 1 171711139726616.38
a 2 32 0 1 243991178432579.16
a 2 33 0 1 570226090699980.0
a 2 34 0 1 383632748961053.8
a 2 35 0 1 116376832983433.1
a 2 36 0 1 251695435151400.78
a 2 37 0 1 541547775091398.3
a 2 38 0 1 658848085558181.5
a 2 39 0 1 599749244258017.9
a 2 40 0 1 325725320521406.4
a 2 41 0 1 390741408654048.8
a 2 42 0 1 622945244748077.5
a 2 43 0 1 336486203893306.25
a 2 44 0 1 305713495932685.3
a 2 45 0 1 394177588735034.75
a 2 46 0 1 320454384205730.2
a 2 47 0 1 16797020156241.953
a 2 48 0 1 256340325605294.66
a 2 49 0 1 281148145699779.8
a 2 50 0 1 432219959093327.25
a 2 51 0 1 245894809471747.1
a 2 52 0 1 86078400308810.25
a 2 53 0 1 390116930835305.06
a 2 54 0 1 643857487607841.8
a 2 55 0 1 466677756576021.75
a 2 56 0 1 667057716868202.9
a 2 57 0 1 289531369029680.3
a 2 58 0 1 397473119803817.56
a 2 59 0 1 652440086580934.9
a 2 60 0 1 505511862199264.0
a 2 61 0 1 288784901937586.0
a 2 62 0 1 262475216427177.47
a 2 63 0 1 100207991556847.89
a 2 64 0 1 419824455976762.8
a 2 65 0 1 599717432226076.9
a 2 66 0 1 181703906828717.84
a 2 67 0 1 381555206467173.2
a 2 68 0 1 640057529978135.1
a 2 69 0 1 364355800030544.7
a 2 70 0 1 372483414303657.0
a 2 71 0 1 558909697231592.9
a 2 72 0 1 199778221853157.1
a 2 73 0 1 626904556406427.8
a 2 74 0 1 173652488604692.6
a 2 75 0 1 96496566273448.64
a 2 76 0 1 308226491575054.7
a 2 77 0 1 477525885190101.06
a 2 78 0 1 697960621569281.6
a 2 79 0 1 539376429679104.7
a 2 80 0 1 671508914215056.2
a 2 81 0 1 487474804189981.4
a 3 6 0 1 242177226339458.72
a 3 7 0 1 94902369285807.55
a 3 8 0 1 790784236524094.9
a 3 9 0 1 620488393686750.0
a 3 10 0 1 319065055310373.8
a 3 11 0 1 489475641797181.06
a 3 12 0 1 180842107222057.9
a 3 13 0 1 504895072337307.0
a 3 14 0 1 732053032489477.4
a 3 15 0 1 496989498169884.4
a 3 16 0 1 774323075538033.2
a 3 17 0 1 143868118979197.22
a 3 18 0 1 65691145643367.32
a 3 19 0 1 747305346806459.6
a 3 20 0 1 627072756832079.8
a 3 21 0 1 709485574405900.0
a 3 22 0 1 752367876201406.2
a 3 23 0 1 717817476263956.9
a 3 24 0 1 492177198506157.44
a 3 25 0 1 17061997583866.287
a 3 26 0 1 50587554149916.61
a 3 27 0 1 132599722447348.42
a 3 28 0 1 339355155260146.0
a 3 29 0 1 541198829916517.1
a 3 30 0 1 267301754547540.3
a 3 31 0 1 193549566935343.44
a 3 32 0 1 275317814801519.16
a 3 33 0 1 646680936481152.8
a 3 34 0 1 433804847968718.06
a 3 35 0 1 131071185642866.03
a 3 36 0 1 284043990512018.0
a 3 37 0 1 613878798241163.1
a 3 38 0 1 748245270742164.9
a 3 39 0 1 680482075389227.8
a 3 40 0 1 367998908978234.94
a 3 41 0 1 441891398015813.8
a 3 42 0 1 707062684301216.0
a 3 43 0 1 380218527620134.94
a 3 44 0 1 345285187024394.25
a 3 45 0 1 445800923453731.25
a 3 46 0 1 362014945513560.4
a 3 47 0 1 18890624541859.8
a 3 48 0 1 289305988109102.1
a 3 49 0 1 317422399945295.56
a 3 50 0 1 489112342027815.44
a 3 51 0 1 277473759021074.72
a 3 52 0 1 96904299456887.06
a 3 53 0 1 441180942024000.94
a 3 54 0 1 731044118350399.5
a 3 55 0 1 528388299772998.06
a 3 56 0 1 757669232879780.8
a 3 57 0 1 326928536579275.0
a 3 58 0 1 449550825502995.1
a 3 59 0 1 740891259260178.8
a 3 60 0 1 572705010541976.1
a 3 61 0 1 326081982233790.2
a 3 62 0 1 296257090236544.56
a 3 63 0 1 112834146789611.7
a 3 64 0 1 474994227934621.75
a 3 65 0 1 680445635761962.9
a 3 66 0 1 204843471226313.97
a 3 67 0 1 431441855615641.7
a 3 68 0 1 726685198041549.2
a 3 69 0 1 411885242456137.25
a 3 70 0 1 421125436755100.8
a 3 71 0 1 633733571170162.6
a 3 72 0 1 225279818910983.6
a 3 73 0 1 711601785672136.1
a 3 74 0 1 195743430022331.4
a 3 75 0 1 108649207880127.45
a 3 76 0 1 348136699612727.3
a 3 77 0 1 540762342348291.94
a 3 78 0 1 793166863197174.5
a 3 79 0 1 611396488722579.2
a 3 80 0 1 762779933422866.8
a 3 81 0 1 552114518969014.9
a 4 6 0 1 87286246974480.5
a 4 7 0 1 34576127201033.203
a 4 8 0 1 273677251630516.84
a 4 9 0 1 217477929465028.38
a 4 10 0 1 114350147181809.48
a 4 11 0 1 173231975587997.3
a 4 12 0 1 65473643513389.56
a 4 13 0 1 178485418062731.88
a 4 14 0 1 254462044456049.28
a 4 15 0 1 175793503335141.47
a 4 16 0 1 268309248449803.1
a 4 17 0 1 52228546281766.79
a 4 18 0 1 23984640288314.64
a 4 19 0 1 259468987935133.62
a 4 20 0 1 219678329677902.78
a 4 21 0 1 247032041874661.44
a 4 22 0 1 261128276393936.7
a 4 23 0 1 249778213502262.6
a 4 24 0 1 174153292039961.25
a 4 25 0 1 6251694010194.09
a 4 26 0 1 18490517590479.06
a 4 27 0 1 48177499596506.82
a 4 28 0 1 121440390839316.5
a 4 29 0 1 190805700635031.1
a 4 30 0 1 96164042155294.47
a 4 31 0 1 70009105601193.93
a 4 32 0 1 98989545582588.16
a 4 33 0 1 226217954674533.7
a 4 34 0 1 154162276623166.3
a 4 35 0 1 47627464102606.445
a 4 36 0 1 102061512899773.05
a 4 37 0 1 215266862448119.84
a 4 38 0 1 259777154556435.62
a 4 39 0 1 237444998465702.75
a 4 40 0 1 131413112665032.81
a 4 41 0 1 156942257823450.72
a 4 42 0 1 246232801046752.1
a 4 43 0 1 135654504518928.69
a 4 44 0 1 123508533956395.39
a 4 45 0 1 158285050351900.22
a 4 46 0 1 129333254594902.36
a 4 47 0 1 6920798932492.077
a 4 48 0 1 103912016595534.45
a 4 49 0 1 113775188728825.19
a 4 50 0 1 173108050043744.78
a 4 51 0 1 99748897297549.77
a 4 52 0 1 35300330548978.6
a 4 53 0 1 156698154497991.3
a 4 54 0 1 254130427227208.56
a 4 55 0 1 186466001902588.8
a 4 56 0 1 262864449162872.75
a 4 57 0 1 117100547276875.03
a 4 58 0 1 159572271969908.9
a 4 59 0 1 257364846684680.4
a 4 60 0 1 201442768848077.9
a 4 61 0 1 116804604539792.02
a 4 62 0 1 106354305197698.75
a 4 63 0 1 41055403064785.23
a 4 64 0 1 168286914002597.94
a 4 65 0 1 237432926456795.38
a 4 66 0 1 74032890610383.2
a 4 67 0 1 153349289485586.3
a 4 68 0 1 252697111167191.66
a 4 69 0 1 146609696438861.2
a 4 70 0 1 149796527661262.3
a 4 71 0 1 221902019343960.8
a 4 72 0 1 81296827541084.38
a 4 73 0 1 247729873848284.38
a 4 74 0 1 70791260921916.02
a 4 75 0 1 39544790510181.49
a 4 76 0 1 124502365693009.38
a 4 77 0 1 190657975255378.0
a 4 78 0 1 274453093256568.47
a 4 79 0 1 214435892301185.62
a 4 80 0 1 264536833815313.53
a 4 81 0 1 194496826260447.72
a 5 6 0 1 219221053371619.06
a 5 7 0 1 86044337996207.1
a 5 8 0 1 711357088312396.0
a 5 9 0 1 559279751715233.75
a 5 10 0 1 288575284985651.25
a 5 11 0 1 441854386626122.56
a 5 12 0 1 163809915974482.0
a 5 13 0 1 455693678005063.06
a 5 14 0 1 658981219497754.2
a 5 15 0 1 448598873476077.2
a 5 16 0 1 696684934956706.8
a 5 17 0 1 130370655727126.9
a 5 18 0 1 59578359097028.71
a 5 19 0 1 672590434091698.2
a 5 20 0 1 565171509653669.4
a 5 21 0 1 638835478104745.5
a 5 22 0 1 677106448848320.8
a 5 23 0 1 646274590434712.0
a 5 24 0 1 444279459235644.4
a 5 25 0 1 15482373872083.98
a 5 26 0 1 45887640585526.94
a 5 27 0 1 120174121143482.4
a 5 28 0 1 306857191357389.25
a 5 29 0 1 488257193213661.06
a 5 30 0 1 241897060803510.84
a 5 31 0 1 175296240979163.97
a 5 32 0 1 249129219151059.66
a 5 33 0 1 582711543431725.4
a 5 34 0 1 391846830495239.56
a 5 35 0 1 118790786647299.55
a 5 36 0 1 257000564600443.0
a 5 37 0 1 553364471198843.5
a 5 38 0 1 673428933486366.6
a 5 39 0 1 612927891988341.0
a 5 40 0 1 332651531303223.5
a 5 41 0 1 399114801172855.06
a 5 42 0 1 636671921406316.0
a 5 43 0 1 343650412506794.8
a 5 44 0 1 312198705839666.2
a 5 45 0 1 402628084549061.56
a 5 46 0 1 327264237736680.8
a 5 47 0 1 17141369650961.723
a 5 48 0 1 261746339150971.72
a 5 49 0 1 287094840260611.1
a 5 50 0 1 441528256092123.2
a 5 51 0 1 251074107681352.8
a 5 52 0 1 87857515371116.67
a 5 53 0 1 398476317601824.3
a 5 54 0 1 658080812090645.6
a 5 55 0 1 476769687839842.3
a 5 56 0 1 681834899367267.4
a 5 57 0 1 295661488700193.5
a 5 58 0 1 405997621556894.94
a 5 59 0 1 666867950095946.6
a 5 60 0 1 516494609108800.0
a 5 61 0 1 294898674213610.75
a 5 62 0 1 268014645013008.1
a 5 63 0 1 102282599255826.72
a 5 64 0 1 428852407722346.4
a 5 65 0 1 612895330420501.4
a 5 66 0 1 185502133695366.12
a 5 67 0 1 389722778865774.7
a 5 68 0 1 654190426612530.8
a 5 69 0 1 372139208389046.4
a 5 70 0 1 380448166325227.1
a 5 71 0 1 571130720317709.4
a 5 72 0 1 203963212054161.88
a 5 73 0 1 640725075532729.9
a 5 74 0 1 177278955732707.75
a 5 75 0 1 98493461736273.92
a 5 76 0 1 314766966446210.0
a 5 77 0 1 487865842095936.7
a 5 78 0 1 713480268826683.1
a 5 79 0 1 551142675441031.0
a 5 80 0 1 686392706756598.9
a 5 81 0 1 498042785478657.56
a 6 1 0 1 0
a 7 1 0 1 0
a 8 1 0 1 0
a 9 1 0 1 0
a 10 1 0 1 0
a 11 1 0 1 0
a 12 1 0 1 0
a 13 1 0 1 0
a 14 1 0 1 0
a 15 1 0 1 0
a 16 1 0 1 0
a 17 1 0 1 0
a 18 1 0 1 0
a 19 1 0 1 0
a 20 1 0 1 0
a 21 1 0 1 0
a 22 1 0 1 0
a 23 1 0 1 0
a 24 1 0 1 0
a 25 1 0 1 0
a 26 1 0 1 0
a 27 1 0 1 0
a 28 1 0 1 0
a 29 1 0 1 0
a 30 1 0 1 0
a 31 1 0 1 0
a 32 1 0 1 0
a 33 1 0 1 0
a 34 1 0 1 0
a 35 1 0 1 0
a 36 1 0 1 0
a 37 1 0 1 0
a 38 1 0 1 0
a 39 1 0 1 0
a 40 1 0 1 0
a 41 1 0 1 0
a 42 1 0 1 0
a 43 1 0 1 0
a 44 1 0 1 0
a 45 1 0 1 0
a 46 1 0 1 0
a 47 1 0 1 0
a 48 1 0 1 0
a 49 1 0 1 0
a 50 1 0 1 0
a 51 1 0 1 0
a 52 1 0 1 0
a 53 1 0 1 0
a 54 1 0 1 0
a 55 1 0 1 0
a 56 1 0 1 0
a 57 1 0 1 0
a 58 1 0 1 0
a 59 1 0 1 0
a 60 1 0 1 0
a 61 1 0 1 0
a 62 1 0 1 0
a 63 1 0 1 0
a 64 1 0 1 0
a 65 1 0 1 0
a 66 1 0 1 0
a 67 1 0 1 0
a 68 1 0 1 0
a 69 1 0 1 0
a 70 1 0 1 0
a 71 1 0 1 0
a 72 1 0 1 0
a 73 1 0 1 0
a 74 1 0 1 0
a 75 1 0 1 0
a 76 1 0 1 0
a 77 1 0 1 0
a 78 1 0 1 0
a 79 1 0 1 0
a 80 1 0 1 0
a 81 1 0 1 0
