p min 81 379
n 0 4
n 1 -4
a 0 2 0 1 0
a 0 3 0 1 0
a 0 4 0 1 0
a 0 5 0 1 0
a 2 6 0 1 288197059368109.6
a 2 7 0 1 28850059042473.867
a 2 8 0 1 85023351166846.22
a 2 9 0 1 138938382958067.55
a 2 10 0 1 20492792387696.26
a 2 11 0 1 114269766286508.56
a 2 12 0 1 36408936584268.05
a 2 13 0 1 185573288610228.3
a 2 14 0 1 170782133099782.56
a 2 15 0 1 268069896391962.78
a 2 16 0 1 37883707909452.09
a 2 17 0 1 281294946956710.0
a 2 18 0 1 295408231373475.25
a 2 19 0 1 254502169613854.53
a 2 20 0 1 56582381274806.43
a 2 21 0 1 139642182467949.25
a 2 22 0 1 234936088555727.1
a 2 23 0 1 165974028155276.94
a 2 24 0 1 159588029559487.88
a 2 25 0 1 194792914334833.9
a 2 26 0 1 116207007791676.95
a 2 27 0 1 198569236698917.0
a 2 28 0 1 243841850443896.66
a 2 29 0 1 43497845540913.83
a 2 30 0 1 13539980346319.604
a 2 31 0 1 17801161467968.742
a 2 32 0 1 170082646851058.38
a 2 33 0 1 210572780809925.25
a 2 34 0 1 58904225753088.84
a 2 35 0 1 238283028277315.6
a 2 36 0 1 250032368550605.16
a 2 37 0 1 115187083352908.02
a 2 38 0 1 177804952989343.94
a 2 39 0 1 187350056742119.7
a 2 40 0 1 63512055363448.22
a 2 41 0 1 271815388578767.1
a 2 42 0 1 144079657923119.7
a 2 43 0 1 148772286244756.16
a 2 44 0 1 9953809807742.281
a 2 45 0 1 274796947294025.78
a 2 46 0 1 286572562425331.5
a 2 47 0 1 277590404672200.16
a 2 48 0 1 69467927727632.68
a 2 49 0 1 227621334859510.94
a 2 50 0 1 15397489473498.271
a 2 51 0 1 293801866700126.8
a 2 52 0 1 162292781435040.7
a 2 53 0 1 97278425070514.95
a 2 54 0 1 127541123222932.9
a 2 55 0 1 150330197402837.94
a 2 56 0 1 89823899507164.9
a 2 57 0 1 245055379332223.0
a 2 58 0 1 291876412460909.6
a 2 59 0 1 215446934742502.56
a 2 60 0 1 33332452190621.78
a 2 61 0 1 181005284901596.84
a 2 62 0 1 234726914398937.2
a 2 63 0 1 122044739397968.27
a 2 64 0 1 118806507904238.42
a 2 65 0 1 235483691789426.44
a 2 66 0 1 222088316595439.06
a 2 67 0 1 210022237702101.03
a 2 68 0 1 118720548882157.72
a 2 69 0 1 89797801716972.0
a 2 70 0 1 51504688621943.55
a 2 71 0 1 201077329364567.5
a 2 72 0 1 5592798671843.555
a 2 73 0 1 151502466629072.88
a 2 74 0 1 134893183210289.11
a 2 75 0 1 222037263587187.75
a 2 76 0 1 174142566040388.94
a 2 77 0 1 61480757268756.66
a 2 78 0 1 44485190517581.4
a 2 79 0 1 196521965755158.97
a 2 80 0 1 215253592004980.9
a 3 6 0 1 234486465947802.2
a 3 7 0 1 23603231295138.426
a 3 8 0 1 69478448350413.97
a 3 9 0 1 113406688657844.44
a 3 10 0 1 16768796983761.855
a 3 11 0 1 93320027439857.9
a 3 12 0 1 29782691038584.883
a 3 13 0 1 151321549942900.84
a 3 14 0 1 139304370873308.11
a 3 15 0 1 218205102862400.25
a 3 16 0 1 30988102804296.29
a 3 17 0 1 228904800013123.84
a 3 18 0 1 240316251459933.66
a 3 19 0 1 207221704879054.7
a 3 20 0 1 46265068173759.89
a 3 21 0 1 113979453131160.08
a 3 22 0 1 191371001814243.56
a 3 23 0 1 135396339815206.55
a 3 24 0 1 130204543970339.81
a 3 25 0 1 158808213728273.75
a 3 26 0 1 94898211573573.69
a 3 27 0 1 161873858955494.56
a 3 28 0 1 198587341348150.4
a 3 29 0 1 35576162227220.99
a 3 30 0 1 11081077189442.17
a 3 31 0 1 14567115743105.377
a 3 32 0 1 138735878309914.38
a 3 33 0 1 171615087207177.75
a 3 34 0 1 48161193085632.9
a 3 35 0 1 194083356560048.72
a 3 36 0 1 203601863953140.03
a 3 37 0 1 94067340948844.23
a 3 38 0 1 145011067654041.72
a 3 39 0 1 152764581171235.53
a 3 40 0 1 51923607913134.266
a 3 41 0 1 221236016243418.7
a 3 42 0 1 117590350972862.23
a 3 43 0 1 121408125926195.05
a 3 44 0 1 8146777423898.941
a 3 45 0 1 223648385614325.84
a 3 46 0 1 233172905025525.53
a 3 47 0 1 225908275876070.16
a 3 48 0 1 56785649738030.51
a 3 49 0 1 185441757787758.22
a 3 50 0 1 12600767202704.053
a 3 51 0 1 239017765749211.97
a 3 52 0 1 132403672620334.33
a 3 53 0 1 79472354515292.17
a 3 54 0 1 104128992835199.73
a 3 55 0 1 122675423417482.94
a 3 56 0 1 73393873639196.33
a 3 57 0 1 199570446520206.38
a 3 58 0 1 237461226516192.97
a 3 59 0 1 175569156794469.97
a 3 60 0 1 27267870426716.695
a 3 61 0 1 147611062298006.56
a 3 62 0 1 191201474245426.16
a 3 63 0 1 99653161520299.92
a 3 64 0 1 97015703172484.36
a 3 65 0 1 191814805739195.8
a 3 66 0 1 180955509269731.84
a 3 67 0 1 171168416381196.44
a 3 68 0 1 96945686733972.94
a 3 69 0 1 73372589905971.75
a 3 70 0 1 42117743470879.805
a 3 71 0 1 163909669041174.28
a 3 72 0 1 4577889269118.076
a 3 73 0 1 123628960932111.97
a 3 74 0 1 110114298603583.08
a 3 75 0 1 180914109743347.3
a 3 76 0 1 142035252127777.0
a 3 77 0 1 50265089528728.71
a 3 78 0 1 36382941176355.72
a 3 79 0 1 160211932172815.53
a 3 80 0 1 175412326938162.62
a 4 6 0 1 733358730638105.8
a 4 7 0 1 70147577438019.69
a 4 8 0 1 208685117754685.97
a 4 9 0 1 344187078485860.9
a 4 10 0 1 49758521971702.45
a 4 11 0 1 281872559550427.6
a 4 12 0 1 88637639326855.73
a 4 13 0 1 463493270469014.0
a 4 14 0 1 425436262042723.44
a 4 15 0 1 679603594582863.9
a 4 16 0 1 92250568683182.33
a 4 17 0 1 714877793515718.6
a 4 18 0 1 752720018196892.0
a 4 19 0 1 643600268034206.2
a 4 20 0 1 138214170499310.83
a 4 21 0 1 345972879003201.44
a 4 22 0 1 592004391005758.9
a 4 23 0 1 413108952973886.7
a 4 24 0 1 396769052143077.56
a 4 25 0 1 487318666703688.75
a 4 26 0 1 286746675837619.3
a 4 27 0 1 497100648674154.1
a 4 28 0 1 615441770757178.2
a 4 29 0 1 106020519772834.19
a 4 30 0 1 32838788986009.15
a 4 31 0 1 43203805506467.65
a 4 32 0 1 423641549709022.06
a 4 33 0 1 528284220455369.0
a 4 34 0 1 143941756033074.8
a 4 35 0 1 600803369916988.9
a 4 36 0 1 631779780957839.4
a 4 37 0 1 284180126331449.75
a 4 38 0 1 443480259387642.8
a 4 39 0 1 468078574967138.75
a 4 40 0 1 155321793401484.62
a 4 41 0 1 689575508522873.2
a 4 42 0 1 357242662250877.3
a 4 43 0 1 369179782924714.3
a 4 44 0 1 24126956961732.7
a 4 45 0 1 697523779760441.4
a 4 46 0 1 729004578652200.2
a 4 47 0 1 704978867957364.6
a 4 48 0 1 170057473659053.9
a 4 49 0 1 572812516436793.6
a 4 50 0 1 37355255412791.875
a 4 51 0 1 748402394760942.4
a 4 52 0 1 403685149189107.9
a 4 53 0 1 239262654646115.28
a 4 54 0 1 315329714787824.4
a 4 55 0 1 373147209680942.0
a 4 56 0 1 220647564600902.28
a 4 57 0 1 618641508843438.6
a 4 58 0 1 743230663663826.1
a 4 59 0 1 540986060939283.6
a 4 60 0 1 81106514835751.33
a 4 61 0 1 451718214021512.7
a 4 62 0 1 591454846518259.4
a 4 63 0 1 301454432458697.7
a 4 64 0 1 293292225052180.6
a 4 65 0 1 593443263840701.9
a 4 66 0 1 558330181023333.06
a 4 67 0 1 526850965822713.0
a 4 68 0 1 293075684855930.56
a 4 69 0 1 220582478362918.62
a 4 70 0 1 125704010692458.17
a 4 71 0 1 503604962888741.0
a 4 72 0 1 13546644989705.896
a 4 73 0 1 376134000458740.0
a 4 74 0 1 333931521425029.56
a 4 75 0 1 558196691734438.5
a 4 76 0 1 434064636807395.6
a 4 77 0 1 150302873657877.38
a 4 78 0 1 108444885032218.42
a 4 79 0 1 491795829546468.25
a 4 80 0 1 540481781517287.0
a 5 6 0 1 186035992465601.78
a 5 7 0 1 18819784916431.97
a 5 8 0 1 55338448047766.21
a 5 9 0 1 90233270254417.8
a 5 10 0 1 13372554116932.555
a 5 11 0 1 74286244007849.64
a 5 12 0 1 23743484640562.57
a 5 13 0 1 120292790576313.95
a 5 14 0 1 110771262287377.97
a 5 15 0 1 173186098184389.97
a 5 16 0 1 24703772461902.664
a 5 17 0 1 181631865280979.75
a 5 18 0 1 190634619147429.9
a 5 19 0 1 164511837061568.3
a 5 20 0 1 36869423319958.055
a 5 21 0 1 90687771406667.16
a 5 22 0 1 151985444416278.8
a 5 23 0 1 107673647612454.73
a 5 24 0 1 103557591325744.9
a 5 25 0 1 126221904128185.0
a 5 26 0 1 75539732155398.48
a 5 27 0 1 128649148585902.08
a 5 28 0 1 157689516165328.6
a 5 29 0 1 28358340949402.195
a 5 30 0 1 8837960136047.188
a 5 31 0 1 11617383595595.432
a 5 32 0 1 110320695116944.05
a 5 33 0 1 136359459799094.39
a 5 34 0 1 38378774203858.33
a 5 35 0 1 154129626679870.9
a 5 36 0 1 161652017213075.03
a 5 37 0 1 74879816735990.72
a 5 38 0 1 115293511032631.95
a 5 39 0 1 121435774240217.9
a 5 40 0 1 41373328683242.35
a 5 41 0 1 175578983572277.4
a 5 42 0 1 93552812902919.48
a 5 43 0 1 96581464318339.47
a 5 44 0 1 6498088339007.563
a 5 45 0 1 177483281400778.47
a 5 46 0 1 184999654984361.88
a 5 47 0 1 179267011765010.34
a 5 48 0 1 45242306047228.56
a 5 49 0 1 147297256559752.53
a 5 50 0 1 10049666728127.676
a 5 51 0 1 189610466009557.56
a 5 52 0 1 105301185211563.88
a 5 53 0 1 63283578549771.086
a 5 54 0 1 82869492281884.55
a 5 55 0 1 97586693244714.78
a 5 56 0 1 58451647940366.1
a 5 57 0 1 158466446469031.97
a 5 58 0 1 188382693367099.47
a 5 59 0 1 139488129037816.69
a 5 60 0 1 21739885553755.523
a 5 61 0 1 117353457189292.88
a 5 62 0 1 151851419444496.78
a 5 63 0 1 79315830863752.62
a 5 64 0 1 77221423274711.23
a 5 65 0 1 152336301385020.97
a 5 66 0 1 143749139311594.0
a 5 67 0 1 136005992813303.72
a 5 68 0 1 77165819601816.83
a 5 69 0 1 58434726552765.76
a 5 70 0 1 33567606871569.016
a 5 71 0 1 130260817228485.62
a 5 72 0 1 3651750986404.9575
a 5 73 0 1 98343005645339.77
a 5 74 0 1 87620446639462.05
a 5 75 0 1 143716393380799.97
a 5 76 0 1 112935491958122.05
a 5 77 0 1 40053357768996.3
a 5 78 0 1 29000890664988.926
a 5 79 0 1 127333351578395.12
a 5 80 0 1 139364048276236.31
a 6 1 0 1 0
a 7 1 0 1 0
a 8 1 0 1 0
a 9 1 0 1 0
a 10 1 0 1 0
a 11 1 0 1 0
a 12 1 0 1 0
a 13 1 0 1 0
a 14 1 0 1 0
a 15 1 0 1 0
a 16 1 0 1 0
a 17 1 0 1 0
a 18 1 0 1 0
a 19 1 0 1 0
a 20 1 0 1 0
a 21 1 0 1 0
a 22 1 0 1 0
a 23 1 0 1 0
a 24 1 0 1 0
a 25 1 0 1 0
a 26 1 0 1 0
a 27 1 0 1 0
a 28 1 0 1 0
a 29 1 0 1 0
a 30 1 0 1 0
a 31 1 0 1 0
a 32 1 0 1 0
a 33 1 0 1 0
a 34 1 0 1 0
a 35 1 0 1 0
a 36 1 0 1 0
a 37 1 0 1 0
a 38 1 0 1 0
a 39 1 0 1 0
a 40 1 0 1 0
a 41 1 0 1 0
a 42 1 0 1 0
a 43 1 0 1 0
a 44 1 0 1 0
a 45 1 0 1 0
a 46 1 0 1 0
a 47 1 0 1 0
a 48 1 0 1 0
a 49 1 0 1 0
a 50 1 0 1 0
a 51 1 0 1 0
a 52 1 0 1 0
a 53 1 0 1 0
a 54 1 0 1 0
a 55 1 0 1 0
a 56 1 0 1 0
a 57 1 0 1 0
a 58 1 0 1 0
a 59 1 0 1 0
a 60 1 0 1 0
a 61 1 0 1 0
a 62 1 0 1 0
a 63 1 0 1 0
a 64 1 0 1 0
a 65 1 0 1 0
a 66 1 0 1 0
a 67 1 0 1 0
a 68 1 0 1 0
a 69 1 0 1 0
a 70 1 0 1 0
a 71 1 0 1 0
a 72 1 0 1 0
a 73 1 0 1 0
a 74 1 0 1 0
a 75 1 0 1 0
a 76 1 0 1 0
a 77 1 0 1 0
a 78 1 0 1 0
a 79 1 0 1 0
a 80 1 0 1 0
