p min 80 374
n 0 4
n 1 -4
a 0 2 0 1 0
a 0 3 0 1 0
a 0 4 0 1 0
a 0 5 0 1 0
a 2 6 0 1 62790681199558.664
a 2 7 0 1 82773007852130.19
a 2 8 0 1 54056427997415.55
a 2 9 0 1 76641557497361.47
a 2 10 0 1 52538537561687.77
a 2 11 0 1 10608508861571.234
a 2 12 0 1 72612247410687.02
a 2 13 0 1 47141589591941.09
a 2 14 0 1 20957576237927.965
a 2 15 0 1 18898326166502.016
a 2 16 0 1 1963017063753.1018
a 2 17 0 1 8470405852771.22
a 2 18 0 1 53274870898141.1
a 2 19 0 1 74879156907291.5
a 2 20 0 1 68265164876320.81
a 2 21 0 1 6993236499656.59
a 2 22 0 1 69074916469331.14
a 2 23 0 1 33567390945098.18
a 2 24 0 1 31745057784077.445
a 2 25 0 1 55196834447898.64
a 2 26 0 1 55881636804060.86
a 2 27 0 1 69096380581389.89
a 2 28 0 1 47300989608912.5
a 2 29 0 1 105406331161850.95
a 2 30 0 1 80866797289221.4
a 2 31 0 1 112227254771743.67
a 2 32 0 1 87930742325192.84
a 2 33 0 1 101256040514187.89
a 2 34 0 1 30418857244530.496
a 2 35 0 1 62149129743408.4
a 2 36 0 1 111707173535385.55
a 2 37 0 1 66079768864833.26
a 2 38 0 1 16498756081128.49
a 2 39 0 1 110213846857357.55
a 2 40 0 1 118524543780470.52
a 2 41 0 1 41812698239777.12
a 2 42 0 1 109471477027312.19
a 2 43 0 1 17315371178438.656
a 2 44 0 1 91420334194609.86
a 2 45 0 1 26250885133015.42
a 2 46 0 1 3846909411994.655
a 2 47 0 1 109542294991243.4
a 2 48 0 1 44611988789567.34
a 2 49 0 1 11218342488274.588
a 2 50 0 1 4273872173265.8247
a 2 51 0 1 43825087201472.13
a 2 52 0 1 78726651571863.89
a 2 53 0 1 90715860315696.86
a 2 54 0 1 54019302628173.63
a 2 55 0 1 61334970472884.56
a 2 56 0 1 88958233129319.92
a 2 57 0 1 66379711535060.375
a 2 58 0 1 102447320107824.48
a 2 59 0 1 12379804703684.588
a 2 60 0 1 60450159896426.78
a 2 61 0 1 58704813288701.41
a 2 62 0 1 110085309122045.94
a 2 63 0 1 109242749072155.61
a 2 64 0 1 76308543880203.55
a 2 65 0 1 62633061781938.91
a 2 66 0 1 10333907875415.605
a 2 67 0 1 25425984954277.406
a 2 68 0 1 102430657226187.6
a 2 69 0 1 92948407734443.28
a 2 70 0 1 10886318342494.422
a 2 71 0 1 82022066721307.44
a 2 72 0 1 93658628912962.06
a 2 73 0 1 110704259489398.4
a 2 74 0 1 38311316176643.41
a 2 75 0 1 97957276250206.05
a 2 76 0 1 33862960568622.684
a 2 77 0 1 60609980643579.1
a 2 78 0 1 13310841346861.697
a 2 79 0 1 31339605461462.26
a 3 6 0 1 123286217977888.81
a 3 7 0 1 162884893704793.0
a 3 8 0 1 106033617709677.84
a 3 9 0 1 150715253243654.78
a 3 10 0 1 103038805125701.36
a 3 11 0 1 20709253085395.996
a 3 12 0 1 142727117578186.84
a 3 13 0 1 92398811118137.03
a 3 14 0 1 40958616342763.24
a 3 15 0 1 36925731149649.74
a 3 16 0 1 3828447485743.6567
a 3 17 0 1 16531506788236.418
a 3 18 0 1 104491470762336.39
a 3 19 0 1 147220385660572.5
a 3 20 0 1 134117149644698.84
a 3 21 0 1 13646337163067.293
a 3 22 0 1 135720328726111.75
a 3 23 0 1 65694077708170.98
a 3 24 0 1 62115108480778.484
a 3 25 0 1 108284321040944.23
a 3 26 0 1 109636121848627.5
a 3 27 0 1 135762828231760.58
a 3 28 0 1 92712881640827.48
a 3 29 0 1 207954653000721.44
a 3 30 0 1 159099653389147.66
a 3 31 0 1 221583013547927.6
a 3 32 0 1 173135040205833.34
a 3 33 0 1 199672713178191.7
a 3 34 0 1 59511428014270.86
a 3 35 0 1 122017821393954.44
a 3 36 0 1 220543126596562.12
a 3 37 0 1 129791874936879.48
a 3 38 0 1 32228665312796.113
a 3 39 0 1 217557955837752.06
a 3 40 0 1 234184147771450.03
a 3 41 0 1 81905570047806.11
a 3 42 0 1 216074334677171.4
a 3 43 0 1 33826878950357.69
a 3 44 0 1 180076854656050.9
a 3 45 0 1 51333582941457.96
a 3 46 0 1 7504126369606.982
a 3 47 0 1 216215852981254.88
a 3 48 0 1 87416160900571.22
a 3 49 0 1 21901197232312.31
a 3 50 0 1 8337388017103.309
a 3 51 0 1 85866744780808.9
a 3 52 0 1 154851828633891.4
a 3 53 0 1 178675006305719.9
a 3 54 0 1 105960356842953.73
a 3 55 0 1 120408429400403.34
a 3 56 0 1 175178445548803.8
a 3 57 0 1 130385386932004.61
a 3 58 0 1 202049115566718.0
a 3 59 0 1 24171763499010.777
a 3 60 0 1 118659711273062.52
a 3 61 0 1 115211269982622.36
a 3 62 0 1 217301055902389.34
a 3 63 0 1 215617274404108.0
a 3 64 0 1 150054775257768.06
a 3 65 0 1 122974575298673.73
a 3 66 0 1 20172586665157.832
a 3 67 0 1 49715967111609.805
a 3 68 0 1 202015871448482.25
a 3 69 0 1 183118376443055.75
a 3 70 0 1 21252222983973.92
a 3 71 0 1 161393523658226.06
a 3 72 0 1 184532382148113.25
a 3 73 0 1 218538181137304.7
a 3 74 0 1 75017702452212.45
a 3 75 0 1 193095614481062.44
a 3 76 0 1 66274697823595.164
a 3 77 0 1 118975551374927.62
a 3 78 0 1 25992284948480.27
a 3 79 0 1 61319017646603.78
a 4 6 0 1 266119509672338.97
a 4 7 0 1 353501354452604.4
a 4 8 0 1 228346233616008.44
a 4 9 0 1 326544243537226.6
a 4 10 0 1 221807441053773.75
a 4 11 0 1 44096714720169.18
a 4 12 0 1 308899346196503.5
a 4 13 0 1 198619386304368.8
a 4 14 0 1 87445562939428.31
a 4 15 0 1 78793743823955.19
a 4 16 0 1 8134143131033.819
a 4 17 0 1 35181788136016.582
a 4 18 0 1 224978485422134.38
a 4 19 0 1 318819644017562.56
a 4 20 0 1 289924680715768.2
a 4 21 0 1 29030770967545.582
a 4 22 0 1 293454341628543.8
a 4 23 0 1 140713648202097.12
a 4 24 0 1 132984595785817.89
a 4 25 0 1 233263873520713.94
a 4 26 0 1 236218922564342.97
a 4 27 0 1 293547932548173.06
a 4 28 0 1 199302891132406.78
a 4 29 0 1 454146249794480.94
a 4 30 0 1 345106784293241.5
a 4 31 0 1 484835691175375.7
a 4 32 0 1 376278092749341.44
a 4 33 0 1 435554966116289.44
a 4 34 0 1 127366388430907.22
a 4 35 0 1 263336360209444.56
a 4 36 0 1 482489734598628.75
a 4 37 0 1 280409681122086.72
a 4 38 0 1 68728626290356.25
a 4 39 0 1 475759186746207.1
a 4 40 0 1 513319778422738.8
a 4 41 0 1 175816505707338.72
a 4 42 0 1 472416281631808.9
a 4 43 0 1 72151965672244.81
a 4 44 0 1 391740854024001.06
a 4 45 0 1 109745578234106.34
a 4 46 0 1 15951303863576.791
a 4 47 0 1 472735089884484.1
a 4 48 0 1 187783521218596.06
a 4 49 0 1 46641998407258.164
a 4 50 0 1 17724460017250.504
a 4 51 0 1 184416949892637.03
a 4 52 0 1 335696927460969.6
a 4 53 0 1 388615817134290.1
a 4 54 0 1 228186214135405.66
a 4 55 0 1 259806386001437.84
a 4 56 0 1 380826590131226.25
a 4 57 0 1 281714651739779.7
a 4 58 0 1 440884997246553.5
a 4 59 0 1 51492773452910.555
a 4 60 0 1 255972588032822.94
a 4 61 0 1 248417793738328.3
a 4 62 0 1 475180235629824.75
a 4 63 0 1 471386718638312.0
a 4 64 0 1 325083832427463.9
a 4 65 0 1 265435605071285.12
a 4 66 0 1 42950973352685.11
a 4 67 0 1 106264632182291.86
a 4 68 0 1 440810409030585.6
a 4 69 0 1 398525361511888.56
a 4 70 0 1 45256077086705.78
a 4 71 0 1 350192862532920.06
a 4 72 0 1 401681476651289.56
a 4 73 0 1 477968622449651.8
a 4 74 0 1 160883496301682.75
a 4 75 0 1 420822057078771.6
a 4 76 0 1 141968237598240.97
a 4 77 0 1 256664883138937.97
a 4 78 0 1 55384168429599.58
a 4 79 0 1 131266381425367.47
a 5 6 0 1 96460510053635.77
a 5 7 0 1 127315980765104.4
a 5 8 0 1 82997807525710.34
a 5 9 0 1 117839954695173.77
a 5 10 0 1 80659672652710.81
a 5 11 0 1 16244712167229.14
a 5 12 0 1 111616710758119.44
a 5 13 0 1 72349870651392.28
a 5 14 0 1 32112509488795.59
a 5 15 0 1 28953538745417.16
a 5 16 0 1 3004361231962.5464
a 5 17 0 1 12968957497997.023
a 5 18 0 1 81793853947236.97
a 5 19 0 1 115117551303029.06
a 5 20 0 1 104906191184334.53
a 5 21 0 1 10706310105613.195
a 5 22 0 1 106155914647506.44
a 5 23 0 1 51473946361338.6
a 5 24 0 1 48674026751608.85
a 5 25 0 1 84754762536895.81
a 5 26 0 1 85809915852330.94
a 5 27 0 1 106189042830942.98
a 5 28 0 1 72595222594158.28
a 5 29 0 1 162358750294510.47
a 5 30 0 1 124369191035863.42
a 5 31 0 1 172939156736045.1
a 5 32 0 1 135292808421316.5
a 5 33 0 1 155925423825780.66
a 5 34 0 1 46636785061325.914
a 5 35 0 1 95471143786392.1
a 5 36 0 1 172132100051911.16
a 5 37 0 1 101534009887064.69
a 5 38 0 1 25273512277290.094
a 5 39 0 1 169815067472717.3
a 5 40 0 1 182715461346834.56
a 5 41 0 1 64150318437255.15
a 5 42 0 1 168663376450746.06
a 5 43 0 1 26525766986930.965
a 5 44 0 1 140692666581362.23
a 5 45 0 1 40236328381104.56
a 5 46 0 1 5888301271230.589
a 5 47 0 1 168773236702672.72
a 5 48 0 1 68456904263627.01
a 5 49 0 1 17179186188048.965
a 5 50 0 1 6542005789540.285
a 5 51 0 1 67246139616492.19
a 5 52 0 1 121061604481035.52
a 5 53 0 1 139602359462408.58
a 5 54 0 1 82940614914072.53
a 5 55 0 1 94215705059974.86
a 5 56 0 1 136882519761038.06
a 5 57 0 1 101996782693758.75
a 5 58 0 1 157771669111642.28
a 5 59 0 1 18959137427358.066
a 5 60 0 1 92851466192545.6
a 5 61 0 1 90160857369749.97
a 5 62 0 1 169615649987994.94
a 5 63 0 1 168308556407194.56
a 5 64 0 1 117325498060902.73
a 5 65 0 1 96217430494176.38
a 5 66 0 1 15823952195687.73
a 5 67 0 1 38969978013239.83
a 5 68 0 1 157745843055051.1
a 5 69 0 1 143057983618854.78
a 5 70 0 1 16670402795880.488
a 5 71 0 1 126155024925579.56
a 5 72 0 1 144157495818244.78
a 5 73 0 1 170575938951857.75
a 5 74 0 1 58765697954677.39
a 5 75 0 1 150814450591196.25
a 5 76 0 1 51928133044970.17
a 5 77 0 1 93097873525910.86
a 5 78 0 1 20386142499640.25
a 5 79 0 1 48051156154065.055
a 6 1 0 1 0
a 7 1 0 1 0
a 8 1 0 1 0
a 9 1 0 1 0
a 10 1 0 1 0
a 11 1 0 1 0
a 12 1 0 1 0
a 13 1 0 1 0
a 14 1 0 1 0
a 15 1 0 1 0
a 16 1 0 1 0
a 17 1 0 1 0
a 18 1 0 1 0
a 19 1 0 1 0
a 20 1 0 1 0
a 21 1 0 1 0
a 22 1 0 1 0
a 23 1 0 1 0
a 24 1 0 1 0
a 25 1 0 1 0
a 26 1 0 1 0
a 27 1 0 1 0
a 28 1 0 1 0
a 29 1 0 1 0
a 30 1 0 1 0
a 31 1 0 1 0
a 32 1 0 1 0
a 33 1 0 1 0
a 34 1 0 1 0
a 35 1 0 1 0
a 36 1 0 1 0
a 37 1 0 1 0
a 38 1 0 1 0
a 39 1 0 1 0
a 40 1 0 1 0
a 41 1 0 1 0
a 42 1 0 1 0
a 43 1 0 1 0
a 44 1 0 1 0
a 45 1 0 1 0
a 46 1 0 1 0
a 47 1 0 1 0
a 48 1 0 1 0
a 49 1 0 1 0
a 50 1 0 1 0
a 51 1 0 1 0
a 52 1 0 1 0
a 53 1 0 1 0
a 54 1 0 1 0
a 55 1 0 1 0
a 56 1 0 1 0
a 57 1 0 1 0
a 58 1 0 1 0
a 59 1 0 1 0
a 60 1 0 1 0
a 61 1 0 1 0
a 62 1 0 1 0
a 63 1 0 1 0
a 64 1 0 1 0
a 65 1 0 1 0
a 66 1 0 1 0
a 67 1 0 1 0
a 68 1 0 1 0
a 69 1 0 1 0
a 70 1 0 1 0
a 71 1 0 1 0
a 72 1 0 1 0
a 73 1 0 1 0
a 74 1 0 1 0
a 75 1 0 1 0
a 76 1 0 1 0
a 77 1 0 1 0
a 78 1 0 1 0
a 79 1 0 1 0
