p min 82 384
n 0 4
n 1 -4
a 0 2 0 1 0
a 0 3 0 1 0
a 0 4 0 1 0
a 0 5 0 1 0
a 2 6 0 1 164920428762394.1
a 2 7 0 1 190926546239329.03
a 2 8 0 1 190534133611199.75
a 2 9 0 1 370592065000597.56
a 2 10 0 1 109638667962183.44
a 2 11 0 1 99019168395263.75
a 2 12 0 1 251568852880946.7
a 2 13 0 1 55693026753228.33
a 2 14 0 1 306540474682640.3
a 2 15 0 1 54704963326184.17
a 2 16 0 1 212836832295701.44
a 2 17 0 1 208974123328594.7
a 2 18 0 1 261770300701375.62
a 2 19 0 1 345166544584710.3
a 2 20 0 1 324791783005847.44
a 2 21 0 1 249864743943843.72
a 2 22 0 1 146915615152074.44
a 2 23 0 1 217299903457706.6
a 2 24 0 1 48885795215558.98
a 2 25 0 1 209161322569520.12
a 2 26 0 1 204674899930052.8
a 2 27 0 1 296881106756019.44
a 2 28 0 1 58004529492863.46
a 2 29 0 1 177144200022636.56
a 2 30 0 1 308090809824734.75
a 2 31 0 1 266470796491381.47
a 2 32 0 1 44072863854207.445
a 2 33 0 1 172104418119684.78
a 2 34 0 1 234375219233231.78
a 2 35 0 1 264355592804203.5
a 2 36 0 1 142618494326759.0
a 2 37 0 1 66443289107819.125
a 2 38 0 1 11290668559721.059
a 2 39 0 1 258630482453650.94
a 2 40 0 1 163691388951414.06
a 2 41 0 1 350520744548197.06
a 2 42 0 1 125717612371986.16
a 2 43 0 1 137858614707532.45
a 2 44 0 1 130174799709456.25
a 2 45 0 1 91396761343288.98
a 2 46 0 1 174114379679874.88
a 2 47 0 1 100576709544228.55
a 2 48 0 1 259132893854151.5
a 2 49 0 1 217278228318070.3
a 2 50 0 1 33359769430766.99
a 2 51 0 1 81086101135227.56
a 2 52 0 1 217650566275083.72
a 2 53 0 1 48559195885278.66
a 2 54 0 1 263576067151952.2
a 2 55 0 1 350040431826559.1
a 2 56 0 1 168476456366512.5
a 2 57 0 1 62296420033484.305
a 2 58 0 1 221123493018752.12
a 2 59 0 1 237573513737375.53
a 2 60 0 1 372158582765694.8
a 2 61 0 1 343423527227975.0
a 2 62 0 1 269856842660722.78
a 2 63 0 1 326208968291175.56
a 2 64 0 1 348657289966476.56
a 2 65 0 1 118429618814304.47
a 2 66 0 1 376496842568890.8
a 2 67 0 1 237774183038621.66
a 2 68 0 1 250309708791801.22
a 2 69 0 1 239577029371104.16
a 2 70 0 1 144525808932639.47
a 2 71 0 1 174990737028308.22
a 2 72 0 1 96694600322598.6
a 2 73 0 1 195203202902684.06
a 2 74 0 1 253012634666832.88
a 2 75 0 1 338073653246560.06
a 2 76 0 1 246019183240981.3
a 2 77 0 1 375721427030049.6
a 2 78 0 1 16197820859813.932
a 2 79 0 1 19534561509777.95
a 2 80 0 1 51501062991570.836
a 2 81 0 1 58951042051523.586
a 3 6 0 1 252697737014214.12
a 3 7 0 1 293019668814860.06
a 3 8 0 1 292410251713969.06
a 3 9 0 1 575334852480038.1
a 3 10 0 1 167421305206028.94
a 3 11 0 1 151106923315889.5
a 3 12 0 1 387566813638544.7
a 3 13 0 1 84766406485513.98
a 3 14 0 1 473919598775822.4
a 3 15 0 1 83257579916458.44
a 3 16 0 1 327094848239986.9
a 3 17 0 1 321080571735707.25
a 3 18 0 1 403544853241012.9
a 3 19 0 1 534973140633451.06
a 3 20 0 1 502728887539924.0
a 3 21 0 1 384899818635609.2
a 3 22 0 1 224859133941561.53
a 3 23 0 1 334047608754209.6
a 3 24 0 1 74375060718728.94
a 3 25 0 1 321371974145213.56
a 3 26 0 1 314390138025514.8
a 3 27 0 1 458700753046808.4
a 3 28 0 1 88296903865413.17
a 3 29 0 1 271633881708898.75
a 3 30 0 1 476364050171734.3
a 3 31 0 1 410914178647151.56
a 3 32 0 1 67033213892127.98
a 3 33 0 1 263823085152229.8
a 3 34 0 1 360685167818120.0
a 3 35 0 1 407597452222710.75
a 3 36 0 1 218224328250647.0
a 3 37 0 1 101194355166655.02
a 3 38 0 1 17138985653843.674
a 3 39 0 1 398624841478204.9
a 3 40 0 1 250795418582807.28
a 3 41 0 1 543461135234043.56
a 3 42 0 1 192163705628068.0
a 3 43 0 1 210879181799129.25
a 3 44 0 1 199031213839520.7
a 3 45 0 1 139410035803885.83
a 3 46 0 1 266937583035192.88
a 3 47 0 1 153498383736868.34
a 3 48 0 1 399411971282891.9
a 3 49 0 1 334013832672265.6
a 3 50 0 1 50706328931593.78
a 3 51 0 1 123605339215487.2
a 3 52 0 1 334594055038840.25
a 3 53 0 1 73876717182979.61
a 3 54 0 1 406375355250885.4
a 3 55 0 1 542699446977766.3
a 3 56 0 1 258203449417751.6
a 3 57 0 1 94854797244092.92
a 3 58 0 1 340007331064400.8
a 3 59 0 1 365681053731696.75
a 3 60 0 1 577826169756006.8
a 3 61 0 1 532211261785063.0
a 3 62 0 1 416225549965620.9
a 3 63 0 1 504968818741559.4
a 3 64 0 1 540506312186588.25
a 3 65 0 1 180942769957047.62
a 3 66 0 1 584728308451027.1
a 3 67 0 1 365994577546818.06
a 3 68 0 1 385596148431242.7
a 3 69 0 1 368811693086735.75
a 3 70 0 1 221168803928634.97
a 3 71 0 1 268295774021072.94
a 3 72 0 1 147538617643732.2
a 3 73 0 1 299663295516638.4
a 3 74 0 1 389826849678198.75
a 3 75 0 1 523738220432863.6
a 3 76 0 1 378883541653676.5
a 3 77 0 1 583494329029037.9
a 3 78 0 1 24595141705837.066
a 3 79 0 1 29667642905742.277
a 3 80 0 1 78366293692739.17
a 3 81 0 1 89742855575081.53
a 4 6 0 1 193460267626625.75
a 4 7 0 1 224084153048312.25
a 4 8 0 1 223621819520338.88
a 4 9 0 1 436559623881434.94
a 4 10 0 1 128469832139581.7
a 4 11 0 1 116001887807378.53
a 4 12 0 1 295621859269158.5
a 4 13 0 1 65189052824090.9
a 4 14 0 1 360626520216654.6
a 4 15 0 1 64031272697845.64
a 4 16 0 1 249910297253778.5
a 4 17 0 1 245355543774856.88
a 4 18 0 1 307673876721504.75
a 4 19 0 1 406392810334389.8
a 4 20 0 1 382242297194880.5
a 4 21 0 1 293609120685875.9
a 4 22 0 1 172277449191854.16
a 4 23 0 1 255173878438831.28
a 4 24 0 1 57213480796774.55
a 4 25 0 1 245576264976207.25
a 4 26 0 1 240286922667998.1
a 4 27 0 1 349193295636995.75
a 4 28 0 1 67897772259025.53
a 4 29 0 1 207850493657189.8
a 4 30 0 1 362461995758866.3
a 4 31 0 1 313228784939444.8
a 4 32 0 1 51575788868750.84
a 4 33 0 1 201916626653987.7
a 4 34 0 1 275320849573802.16
a 4 35 0 1 310728963946227.4
a 4 36 0 1 167224137553329.12
a 4 37 0 1 77788783077519.9
a 4 38 0 1 13204301895434.012
a 4 39 0 1 303963939960053.2
a 4 40 0 1 192013798353958.25
a 4 41 0 1 412742714006487.4
a 4 42 0 1 147357622246663.56
a 4 43 0 1 161627658983835.38
a 4 44 0 1 152595605086642.1
a 4 45 0 1 107055981138445.22
a 4 46 0 1 204283020038157.34
a 4 47 0 1 117830204771077.9
a 4 48 0 1 304557544946875.6
a 4 49 0 1 255148313235175.28
a 4 50 0 1 39030700224759.48
a 4 51 0 1 94959384167679.42
a 4 52 0 1 255587478326239.8
a 4 53 0 1 56830880407051.16
a 4 54 0 1 309807749343717.4
a 4 55 0 1 412173019584609.6
a 4 56 0 1 197645800216174.12
a 4 57 0 1 72927853672037.2
a 4 58 0 1 259684050788824.25
a 4 59 0 1 279096067329186.94
a 4 60 0 1 438419341001177.7
a 4 61 0 1 404325963493181.4
a 4 62 0 1 317230992682066.2
a 4 63 0 1 383921429557894.75
a 4 64 0 1 410532553459613.1
a 4 65 0 1 138794968581212.92
a 4 66 0 1 443570232557457.75
a 4 67 0 1 279332951016284.88
a 4 68 0 1 294134658922219.2
a 4 69 0 1 281461242015288.1
a 4 70 0 1 169466985460021.6
a 4 71 0 1 205314844974964.16
a 4 72 0 1 113273409578376.19
a 4 73 0 1 229123316143650.2
a 4 74 0 1 297327235038067.4
a 4 75 0 1 397983115761649.44
a 4 76 0 1 289067619248702.0
a 4 77 0 1 442649497409178.5
a 4 78 0 1 18944973683996.844
a 4 79 0 1 22849116386164.883
a 4 80 0 1 60277359085109.984
a 4 81 0 1 69007008347242.28
a 5 6 0 1 277434110430070.38
a 5 7 0 1 321851566020329.6
a 5 8 0 1 321179937729695.4
a 5 9 0 1 634048576574945.4
a 5 10 0 1 183632734048265.94
a 5 11 0 1 165708298969661.62
a 5 12 0 1 426167937209504.94
a 5 13 0 1 92888674783589.02
a 5 14 0 1 521650845956743.9
a 5 15 0 1 91233749047127.44
a 5 16 0 1 359420602693859.75
a 5 17 0 1 352787460903009.3
a 5 18 0 1 443820246595329.5
a 5 19 0 1 589281925292860.2
a 5 20 0 1 553551111313698.7
a 5 21 0 1 423222141411918.4
a 5 22 0 1 246792257634969.8
a 5 23 0 1 367089976963155.9
a 5 24 0 1 81492266121040.83
a 5 25 0 1 353108826654256.5
a 5 26 0 1 345409695346048.0
a 5 27 0 1 504808295010867.7
a 5 28 0 1 96761246659733.9
a 5 29 0 1 298288395221293.5
a 5 30 0 1 524356684412209.6
a 5 31 0 1 451964068209745.9
a 5 32 0 1 73441895608157.62
a 5 33 0 1 289685286428974.25
a 5 34 0 1 396484785941575.8
a 5 35 0 1 448298583054556.56
a 5 36 0 1 239492263384935.78
a 5 37 0 1 110910944842998.53
a 5 38 0 1 18767254268750.746
a 5 39 0 1 438383962716725.25
a 5 40 0 1 275339604913690.12
a 5 41 0 1 598692504446846.9
a 5 42 0 1 210829661545533.94
a 5 43 0 1 231412014231276.9
a 5 44 0 1 218381179155073.1
a 5 45 0 1 152861137705568.56
a 5 46 0 1 293115524878848.6
a 5 47 0 1 168335355264659.94
a 5 48 0 1 439253645079009.75
a 5 49 0 1 367052716555874.9
a 5 50 0 1 55544086629202.56
a 5 51 0 1 135507599064485.31
a 5 52 0 1 367692798553650.75
a 5 53 0 1 80945788466350.34
a 5 54 0 1 446948054955031.4
a 5 55 0 1 597847944427710.9
a 5 56 0 1 283496575594765.75
a 5 57 0 1 103955353006081.92
a 5 58 0 1 373664969783908.6
a 5 59 0 1 401999877091366.6
a 5 60 0 1 636813278694012.9
a 5 61 0 1 586220280676830.6
a 5 62 0 1 457834551660797.75
a 5 63 0 1 556032319640923.0
a 5 64 0 1 595416286322283.0
a 5 65 0 1 198493667372901.22
a 5 66 0 1 644473733656084.2
a 5 67 0 1 402346006350907.4
a 5 68 0 1 423991245491887.7
a 5 69 0 1 405456209239525.06
a 5 70 0 1 242731806631265.4
a 5 71 0 1 294611484225377.8
a 5 72 0 1 161788724795851.1
a 5 73 0 1 329174019299912.56
a 5 74 0 1 428664379676592.3
a 5 75 0 1 576828919100978.1
a 5 76 0 1 416577632305619.25
a 5 77 0 1 643104082584880.6
a 5 78 0 1 26933973007146.355
a 5 79 0 1 32490641790028.04
a 5 80 0 1 85869223806813.72
a 5 81 0 1 98347386588087.95
a 6 1 0 1 0
a 7 1 0 1 0
a 8 1 0 1 0
a 9 1 0 1 0
a 10 1 0 1 0
a 11 1 0 1 0
a 12 1 0 1 0
a 13 1 0 1 0
a 14 1 0 1 0
a 15 1 0 1 0
a 16 1 0 1 0
a 17 1 0 1 0
a 18 1 0 1 0
a 19 1 0 1 0
a 20 1 0 1 0
a 21 1 0 1 0
a 22 1 0 1 0
a 23 1 0 1 0
a 24 1 0 1 0
a 25 1 0 1 0
a 26 1 0 1 0
a 27 1 0 1 0
a 28 1 0 1 0
a 29 1 0 1 0
a 30 1 0 1 0
a 31 1 0 1 0
a 32 1 0 1 0
a 33 1 0 1 0
a 34 1 0 1 0
a 35 1 0 1 0
a 36 1 0 1 0
a 37 1 0 1 0
a 38 1 0 1 0
a 39 1 0 1 0
a 40 1 0 1 0
a 41 1 0 1 0
a 42 1 0 1 0
a 43 1 0 1 0
a 44 1 0 1 0
a 45 1 0 1 0
a 46 1 0 1 0
a 47 1 0 1 0
a 48 1 0 1 0
a 49 1 0 1 0
a 50 1 0 1 0
a 51 1 0 1 0
a 52 1 0 1 0
a 53 1 0 1 0
a 54 1 0 1 0
a 55 1 0 1 0
a 56 1 0 1 0
a 57 1 0 1 0
a 58 1 0 1 0
a 59 1 0 1 0
a 60 1 0 1 0
a 61 1 0 1 0
a 62 1 0 1 0
a 63 1 0 1 0
a 64 1 0 1 0
a 65 1 0 1 0
a 66 1 0 1 0
a 67 1 0 1 0
a 68 1 0 1 0
a 69 1 0 1 0
a 70 1 0 1 0
a 71 1 0 1 0
a 72 1 0 1 0
a 73 1 0 1 0
a 74 1 0 1 0
a 75 1 0 1 0
a 76 1 0 1 0
a 77 1 0 1 0
a 78 1 0 1 0
a 79 1 0 1 0
a 80 1 0 1 0
a 81 1 0 1 0
