p min 80 374
n 0 4
n 1 -4
a 0 2 0 1 0
a 0 3 0 1 0
a 0 4 0 1 0
a 0 5 0 1 0
a 2 6 0 1 95891617809169.6
a 2 7 0 1 469146137215086.06
a 2 8 0 1 128657937068974.48
a 2 9 0 1 279347934610732.3
a 2 10 0 1 219632608739582.5
a 2 11 0 1 246251697317143.6
a 2 12 0 1 86068657874184.3
a 2 13 0 1 383217664716145.56
a 2 14 0 1 333620482379541.9
a 2 15 0 1 341045667673746.75
a 2 16 0 1 136512061455985.52
a 2 17 0 1 537084038106443.5
a 2 18 0 1 462054374511400.8
a 2 19 0 1 347668328643405.7
a 2 20 0 1 475841342391008.0
a 2 21 0 1 46146536024060.03
a 2 22 0 1 72245194938622.02
a 2 23 0 1 443937909555878.06
a 2 24 0 1 216813559054206.2
a 2 25 0 1 521720198729839.7
a 2 26 0 1 66352881898808.86
a 2 27 0 1 262450783036072.97
a 2 28 0 1 195706918138864.16
a 2 29 0 1 88357667368319.56
a 2 30 0 1 28913231709371.16
a 2 31 0 1 78928256387565.36
a 2 32 0 1 18014740371845.805
a 2 33 0 1 89718072908749.2
a 2 34 0 1 270649636325843.34
a 2 35 0 1 155500119747931.06
a 2 36 0 1 156471291451282.56
a 2 37 0 1 95883941640698.62
a 2 38 0 1 155432037513816.78
a 2 39 0 1 377469448069284.3
a 2 40 0 1 545246401383911.8
a 2 41 0 1 576268397975613.0
a 2 42 0 1 523100879872591.44
a 2 43 0 1 57726501276846.734
a 2 44 0 1 186500711903994.56
a 2 45 0 1 205292650812338.06
a 2 46 0 1 237883809373533.7
a 2 47 0 1 121576581926886.02
a 2 48 0 1 125816874155101.33
a 2 49 0 1 324116045423769.5
a 2 50 0 1 496842418799331.94
a 2 51 0 1 334149910571001.0
a 2 52 0 1 162253930678874.28
a 2 53 0 1 443878831582380.3
a 2 54 0 1 384208068221575.56
a 2 55 0 1 50309661846250.69
a 2 56 0 1 596680456905501.9
a 2 57 0 1 392355544828058.3
a 2 58 0 1 459165531986669.75
a 2 59 0 1 323474251779394.25
a 2 60 0 1 301126998143420.7
a 2 61 0 1 406954769981610.75
a 2 62 0 1 214242744043068.62
a 2 63 0 1 306201739190836.56
a 2 64 0 1 162479347135292.25
a 2 65 0 1 206340189980112.44
a 2 66 0 1 424313371404327.2
a 2 67 0 1 67853265707738.12
a 2 68 0 1 146329842395917.8
a 2 69 0 1 120132357745114.75
a 2 70 0 1 401687712848346.75
a 2 71 0 1 119609865726886.36
a 2 72 0 1 250707799993762.62
a 2 73 0 1 400067363956921.8
a 2 74 0 1 604601441434586.9
a 2 75 0 1 458390464278913.5
a 2 76 0 1 242882719462753.72
a 2 77 0 1 355370871358603.6
a 2 78 0 1 64966091863068.34
a 2 79 0 1 349612817647624.0
a 3 6 0 1 24165518474556.324
a 3 7 0 1 114489964101354.92
a 3 8 0 1 32331709280915.555
a 3 9 0 1 69295754686748.14
a 3 10 0 1 54763383908669.46
a 3 11 0 1 61260106080944.19
a 3 12 0 1 21708368555951.168
a 3 13 0 1 94215267326896.92
a 3 14 0 1 82372853216153.19
a 3 15 0 1 84152336090120.95
a 3 16 0 1 34282288286037.305
a 3 17 0 1 130303828418522.88
a 3 18 0 1 112828260192378.7
a 3 19 0 1 85737539039039.92
a 3 20 0 1 116056842930262.23
a 3 21 0 1 11679148060023.047
a 3 22 0 1 18243454732243.316
a 3 23 0 1 108573865650684.33
a 3 24 0 1 54073595657398.875
a 3 25 0 1 126744191711675.33
a 3 26 0 1 16764006317456.914
a 3 27 0 1 65198980055437.87
a 3 28 0 1 48898294715542.445
a 3 29 0 1 22281321930864.426
a 3 30 0 1 7328442128194.166
a 3 31 0 1 19919626382377.996
a 3 32 0 1 4570351414570.445
a 3 33 0 1 22621732687047.12
a 3 34 0 1 67188329309299.53
a 3 35 0 1 38987045897887.32
a 3 36 0 1 39227261759447.555
a 3 37 0 1 24163599957385.027
a 3 38 0 1 38970204483253.48
a 3 39 0 1 92848025040421.25
a 3 40 0 1 132191027497955.61
a 3 41 0 1 139338703887518.98
a 3 42 0 1 127064476482899.23
a 3 43 0 1 14595372637796.426
a 3 44 0 1 46635002788513.42
a 3 45 0 1 51251048061535.836
a 3 46 0 1 59221061519406.89
a 3 47 0 1 30570774247003.184
a 3 48 0 1 31625475492122.82
a 3 49 0 1 80091689833333.44
a 3 50 0 1 120959732491552.19
a 3 51 0 1 82499809935670.42
a 3 52 0 1 40656740109031.68
a 3 53 0 1 108559969805743.92
a 3 54 0 1 94450700521924.8
a 3 55 0 1 12728232936817.852
a 3 56 0 1 144020378420235.5
a 3 57 0 1 96385920539367.66
a 3 58 0 1 112150766358411.02
a 3 59 0 1 79937515928275.66
a 3 60 0 1 74558375816897.19
a 3 61 0 1 99846665761279.31
a 3 62 0 1 53444252629488.76
a 3 63 0 1 75781746287905.42
a 3 64 0 1 40712434431899.836
a 3 65 0 1 51507922028533.93
a 3 66 0 1 103949981579902.5
a 3 67 0 1 17140866992899.102
a 3 68 0 1 36716816429571.12
a 3 69 0 1 30211371171161.004
a 3 70 0 1 98599133643994.06
a 3 71 0 1 30081324063032.63
a 3 72 0 1 62344734524385.414
a 3 73 0 1 98215112610444.53
a 3 74 0 1 145832558236318.38
a 3 75 0 1 111968938114720.88
a 3 76 0 1 60439527942883.445
a 3 77 0 1 87578911088149.17
a 3 78 0 1 16415590983427.834
a 3 79 0 1 86202623640681.9
a 4 6 0 1 49985748293715.94
a 4 7 0 1 239517493797347.75
a 4 8 0 1 66944812475778.09
a 4 9 0 1 144143342123577.84
a 4 10 0 1 113707433502059.33
a 4 11 0 1 127300087610535.88
a 4 12 0 1 44889593459355.875
a 4 13 0 1 196595067170555.78
a 4 14 0 1 171627145648954.38
a 4 15 0 1 175374100939114.12
a 4 16 0 1 71000747764459.8
a 4 17 0 1 273152528505647.22
a 4 18 0 1 235991154805109.4
a 4 19 0 1 178713402578020.06
a 4 20 0 1 242843990092302.78
a 4 21 0 1 24120912372397.273
a 4 22 0 1 37708581942314.555
a 4 23 0 1 226969700691650.0
a 4 24 0 1 112265538962869.5
a 4 25 0 1 265569368263708.3
a 4 26 0 1 34644305113791.21
a 4 27 0 1 135551961634730.12
a 4 28 0 1 101455335261845.84
a 4 29 0 1 46077627988912.82
a 4 30 0 1 15127332228289.934
a 4 31 0 1 41181669614860.91
a 4 32 0 1 9430907010238.047
a 4 33 0 1 46783558716981.836
a 4 34 0 1 139722732178064.38
a 4 35 0 1 80791684484043.33
a 4 36 0 1 81291898723122.9
a 4 37 0 1 49981768060529.34
a 4 38 0 1 80756615835735.44
a 4 39 0 1 193708588186834.0
a 4 40 0 1 277175716061231.16
a 4 41 0 1 292431322580948.8
a 4 42 0 1 266251389345954.62
a 4 43 0 1 30154587100913.754
a 4 44 0 1 96732158777133.75
a 4 45 0 1 106368043693557.5
a 4 46 0 1 123031539974328.19
a 4 47 0 1 63284900912519.16
a 4 48 0 1 65476790296130.56
a 4 49 0 1 166826311243424.7
a 4 50 0 1 253261583076359.0
a 4 51 0 1 171894414928351.12
a 4 52 0 1 84269196931785.33
a 4 53 0 1 226940250734241.16
a 4 54 0 1 197092208268943.78
a 4 55 0 1 26290972433711.234
a 4 56 0 1 302439099507246.0
a 4 57 0 1 201179757612239.75
a 4 58 0 1 234553864318675.03
a 4 59 0 1 166501944193429.25
a 4 60 0 1 155192699387718.6
a 4 61 0 1 208494559706883.34
a 4 62 0 1 110950213507266.39
a 4 63 0 1 157763389297391.3
a 4 64 0 1 84385217795990.42
a 4 65 0 1 106904589347728.28
a 4 66 0 1 217175954120210.4
a 4 67 0 1 35424763833977.35
a 4 68 0 1 76065743169730.81
a 4 69 0 1 62538117369595.15
a 4 70 0 1 205856965852393.38
a 4 71 0 1 62267916170520.84
a 4 72 0 1 129571548330926.0
a 4 73 0 1 205045219558439.7
a 4 74 0 1 306316202178074.6
a 4 75 0 1 234168161896930.84
a 4 76 0 1 125582021110650.25
a 4 77 0 1 182594030376752.34
a 4 78 0 1 33922819721798.555
a 4 79 0 1 179693380286730.2
a 5 6 0 1 59913202808540.58
a 5 7 0 1 288360429049989.0
a 5 8 0 1 80271689442746.47
a 5 9 0 1 173147806491028.03
a 5 10 0 1 136490860620449.2
a 5 11 0 1 152855337706406.84
a 5 12 0 1 53798639567173.61
a 5 13 0 1 236444684266029.38
a 5 14 0 1 206294568700898.84
a 5 15 0 1 210816927646278.12
a 5 16 0 1 85142996202642.47
a 5 17 0 1 329118425387366.3
a 5 18 0 1 284091172887123.56
a 5 19 0 1 214847952976073.34
a 5 20 0 1 292388410106759.2
a 5 21 0 1 28894366251917.457
a 5 22 0 1 45185016003481.664
a 5 23 0 1 273172429530515.7
a 5 24 0 1 134755546181407.75
a 5 25 0 1 319923520899181.2
a 5 26 0 1 41510280154008.91
a 5 27 0 1 162795042563082.47
a 5 28 0 1 121749238143732.7
a 5 29 0 1 55223961093609.875
a 5 30 0 1 18117270103927.543
a 5 31 0 1 49350629998270.766
a 5 32 0 1 11293474265601.521
a 5 33 0 1 56070924767217.99
a 5 34 0 1 167820369699971.94
a 5 35 0 1 96905994749641.39
a 5 36 0 1 97507104175950.22
a 5 37 0 1 59908426611506.54
a 5 38 0 1 96863853140319.31
a 5 39 0 1 232957263708480.0
a 5 40 0 1 333998098148278.7
a 5 41 0 1 352510187937463.5
a 5 42 0 1 320750360879719.6
a 5 43 0 1 36127061855062.02
a 5 44 0 1 116068605644737.42
a 5 45 0 1 127659153249811.42
a 5 46 0 1 147715219770885.8
a 5 47 0 1 75876804221988.77
a 5 48 0 1 78508773635756.8
a 5 49 0 1 200501417614587.88
a 5 50 0 1 305007058642255.8
a 5 51 0 1 206617120569131.47
a 5 52 0 1 101085224217618.38
a 5 53 0 1 273136793801547.88
a 5 54 0 1 237045374842893.22
a 5 55 0 1 31495433978219.81
a 5 56 0 1 364661793423996.25
a 5 57 0 1 241984862756527.72
a 5 58 0 1 282351288324894.06
a 5 59 0 1 200110052686246.1
a 5 60 0 1 186468658292349.22
a 5 61 0 1 250826657516221.9
a 5 62 0 1 133172659373539.9
a 5 63 0 1 189568823030389.22
a 5 64 0 1 101224668233781.64
a 5 65 0 1 128304691907182.8
a 5 66 0 1 261324365605876.2
a 5 67 0 1 42446171257323.74
a 5 68 0 1 91227501278013.22
a 5 69 0 1 74980144941997.28
a 5 70 0 1 247638097519456.66
a 5 71 0 1 74655723331251.89
a 5 72 0 1 155591015702702.2
a 5 73 0 1 246656867185178.38
a 5 74 0 1 369371048174554.0
a 5 75 0 1 281884404249094.56
a 5 76 0 1 150786344999951.5
a 5 77 0 1 219533245214993.78
a 5 78 0 1 40645137012435.95
a 5 79 0 1 216031051248586.88
a 6 1 0 1 0
a 7 1 0 1 0
a 8 1 0 1 0
a 9 1 0 1 0
a 10 1 0 1 0
a 11 1 0 1 0
a 12 1 0 1 0
a 13 1 0 1 0
a 14 1 0 1 0
a 15 1 0 1 0
a 16 1 0 1 0
a 17 1 0 1 0
a 18 1 0 1 0
a 19 1 0 1 0
a 20 1 0 1 0
a 21 1 0 1 0
a 22 1 0 1 0
a 23 1 0 1 0
a 24 1 0 1 0
a 25 1 0 1 0
a 26 1 0 1 0
a 27 1 0 1 0
a 28 1 0 1 0
a 29 1 0 1 0
a 30 1 0 1 0
a 31 1 0 1 0
a 32 1 0 1 0
a 33 1 0 1 0
a 34 1 0 1 0
a 35 1 0 1 0
a 36 1 0 1 0
a 37 1 0 1 0
a 38 1 0 1 0
a 39 1 0 1 0
a 40 1 0 1 0
a 41 1 0 1 0
a 42 1 0 1 0
a 43 1 0 1 0
a 44 1 0 1 0
a 45 1 0 1 0
a 46 1 0 1 0
a 47 1 0 1 0
a 48 1 0 1 0
a 49 1 0 1 0
a 50 1 0 1 0
a 51 1 0 1 0
a 52 1 0 1 0
a 53 1 0 1 0
a 54 1 0 1 0
a 55 1 0 1 0
a 56 1 0 1 0
a 57 1 0 1 0
a 58 1 0 1 0
a 59 1 0 1 0
a 60 1 0 1 0
a 61 1 0 1 0
a 62 1 0 1 0
a 63 1 0 1 0
a 64 1 0 1 0
a 65 1 0 1 0
a 66 1 0 1 0
a 67 1 0 1 0
a 68 1 0 1 0
a 69 1 0 1 0
a 70 1 0 1 0
a 71 1 0 1 0
a 72 1 0 1 0
a 73 1 0 1 0
a 74 1 0 1 0
a 75 1 0 1 0
a 76 1 0 1 0
a 77 1 0 1 0
a 78 1 0 1 0
a 79 1 0 1 0
