p min 80 575
n 0 7
n 1 -7
a 0 2 0 1 0
a 0 3 0 1 0
a 0 4 0 1 0
a 0 5 0 1 0
a 0 6 0 1 0
a 0 7 0 1 0
a 0 8 0 1 0
a 2 9 0 1 376008138487308.3
a 2 10 0 1 185842872004780.7
a 2 11 0 1 247745313550060.0
a 2 12 0 1 323246777981017.06
a 2 13 0 1 160814028097483.97
a 2 14 0 1 68198166658590.69
a 2 15 0 1 656473463599498.8
a 2 16 0 1 385101722164545.56
a 2 17 0 1 797330596522519.4
a 2 18 0 1 365450985732780.44
a 2 19 0 1 514394492432048.94
a 2 20 0 1 113383115930195.72
a 2 21 0 1 128953232244313.94
a 2 22 0 1 134854370584437.55
a 2 23 0 1 69788563119824.97
a 2 24 0 1 534491502179558.6
a 2 25 0 1 209864266546774.72
a 2 26 0 1 785350359755463.4
a 2 27 0 1 327298198158412.2
a 2 28 0 1 668660254589127.4
a 2 29 0 1 138759204496006.64
a 2 30 0 1 392982556613943.7
a 2 31 0 1 161807134765968.4
a 2 32 0 1 158918058337140.66
a 2 33 0 1 185853115431570.5
a 2 34 0 1 391817766085525.0
a 2 35 0 1 64279438400161.18
a 2 36 0 1 585703236994263.9
a 2 37 0 1 412531594253808.6
a 2 38 0 1 182464492054397.47
a 2 39 0 1 679998678743666.4
a 2 40 0 1 605262768653557.6
a 2 41 0 1 769988509730098.8
a 2 42 0 1 82670379451263.33
a 2 43 0 1 296849824894626.7
a 2 44 0 1 172159732387235.12
a 2 45 0 1 483267723636441.8
a 2 46 0 1 703568527176228.8
a 2 47 0 1 815123797533231.0
a 2 48 0 1 509969432332185.8
a 2 49 0 1 824074005028058.8
a 2 50 0 1 367458829567719.94
a 2 51 0 1 79933670279361.5
a 2 52 0 1 365570007987273.2
a 2 53 0 1 502574486454177.7
a 2 54 0 1 610473191646278.4
a 2 55 0 1 403136063791517.7
a 2 56 0 1 621302683686968.1
a 2 57 0 1 777916142661276.1
a 2 58 0 1 430753245477738.2
a 2 59 0 1 185195472108737.62
a 2 60 0 1 471789672649159.3
a 2 61 0 1 715634263335522.9
a 2 62 0 1 279294974371601.3
a 2 63 0 1 413725274041388.8
a 2 64 0 1 679097576237423.6
a 2 65 0 1 66563440831342.93
a 2 66 0 1 217033226920586.3
a 2 67 0 1 84555569079081.58
a 2 68 0 1 116558633501347.48
a 2 69 0 1 213269398553795.06
a 2 70 0 1 502316767738337.75
a 2 71 0 1 139358826428245.56
a 2 72 0 1 807097066337050.4
a 2 73 0 1 19643159981588.92
a 2 74 0 1 304468080785489.0
a 2 75 0 1 791115295186297.9
a 2 76 0 1 247363828970435.84
a 2 77 0 1 109686397501048.73
a 2 78 0 1 231755447542069.56
a 2 79 0 1 638308421070067.2
a 3 9 0 1 263495927283104.97
a 3 10 0 1 131086505599672.33
a 3 11 0 1 174381420574054.0
a 3 12 0 1 226935652213252.94
a 3 13 0 1 113528618439827.9
a 3 14 0 1 48296212512991.18
a 3 15 0 1 455530647494434.3
a 3 16 0 1 269783410372753.22
a 3 17 0 1 550489018572750.9
a 3 18 0 1 256191410029360.97
a 3 19 0 1 358737758663300.4
a 3 20 0 1 80172843795877.28
a 3 21 0 1 91134439204842.62
a 3 22 0 1 95285888102390.67
a 3 23 0 1 49419847143542.53
a 3 24 0 1 372490269574721.25
a 3 25 0 1 147909224005467.25
a 3 26 0 1 542451690207007.2
a 3 27 0 1 229747860405173.22
a 3 28 0 1 463785927912126.0
a 3 29 0 1 98032017754287.67
a 3 30 0 1 275229087567003.66
a 3 31 0 1 114225864087287.02
a 3 32 0 1 112197353944212.75
a 3 33 0 1 131093685240612.78
a 3 34 0 1 274424406585340.84
a 3 35 0 1 45527067577228.24
a 3 36 0 1 407443799863403.2
a 3 37 0 1 288724332944600.94
a 3 38 0 1 128718315197054.33
a 3 39 0 1 471459814100995.2
a 3 40 0 1 420759185378435.0
a 3 41 0 1 532135026243818.7
a 3 42 0 1 58516556161296.44
a 3 43 0 1 208593132153659.0
a 3 44 0 1 121491441858916.03
a 3 45 0 1 337397904254048.7
a 3 46 0 1 487391235262665.25
a 3 47 0 1 562412686301090.25
a 3 48 0 1 355706964300943.6
a 3 49 0 1 568404348978138.5
a 3 50 0 1 257581062851276.9
a 3 51 0 1 56584646758319.58
a 3 52 0 1 256273792275750.4
a 3 53 0 1 350639876600112.2
a 3 54 0 1 424303012722708.7
a 3 55 0 1 282240684409757.75
a 3 56 0 1 431664252492721.0
a 3 57 0 1 537460538138747.8
a 3 58 0 1 301286293734216.5
a 3 59 0 1 130632731276700.89
a 3 60 0 1 329516668433429.44
a 3 61 0 1 495535902872722.1
a 3 62 0 1 196375930316324.03
a 3 63 0 1 289547753774465.9
a 3 64 0 1 470850181571744.9
a 3 65 0 1 47141132791035.31
a 3 66 0 1 152924400933745.5
a 3 67 0 1 59847148990106.32
a 3 68 0 1 82409399900704.0
a 3 69 0 1 150291656295789.44
a 3 70 0 1 350463236297946.1
a 3 71 0 1 98453645457539.28
a 3 72 0 1 557035768710975.75
a 3 73 0 1 13933470437547.469
a 3 74 0 1 213890341182619.53
a 3 75 0 1 546320193970751.4
a 3 76 0 1 174115176709968.0
a 3 77 0 1 77568590499481.19
a 3 78 0 1 163215796027628.78
a 3 79 0 1 443211862691700.25
a 4 9 0 1 305800680789907.5
a 4 10 0 1 151760405916901.25
a 4 11 0 1 202043904949602.56
a 4 12 0 1 263190889918080.78
a 4 13 0 1 131391327046719.39
a 4 14 0 1 55829196636935.195
a 4 15 0 1 530606787427752.4
a 4 16 0 1 313134530706070.1
a 4 17 0 1 642409451302514.0
a 4 18 0 1 297282757709584.3
a 4 19 0 1 417083856295455.8
a 4 20 0 1 92731124765789.56
a 4 21 0 1 105430690298385.45
a 4 22 0 1 110241683032450.27
a 4 23 0 1 57129245400257.414
a 4 24 0 1 433186844415757.56
a 4 25 0 1 171289008765116.16
a 4 26 0 1 632929545760445.5
a 4 27 0 1 266466321704255.1
a 4 28 0 1 540309299432756.2
a 4 29 0 1 113424494078868.66
a 4 30 0 1 319487910080742.4
a 4 31 0 1 132199957438330.0
a 4 32 0 1 129847451112879.02
a 4 33 0 1 151768737788740.53
a 4 34 0 1 318549018776818.06
a 4 35 0 1 52625512696928.37
a 4 36 0 1 474153767167612.44
a 4 37 0 1 335238316714922.6
a 4 38 0 1 149012275013238.12
a 4 39 0 1 549331396349413.1
a 4 40 0 1 489774894510556.7
a 4 41 0 1 620765806983676.1
a 4 42 0 1 67656112297703.82
a 4 43 0 1 241835565197103.66
a 4 44 0 1 140627443660555.55
a 4 45 0 1 392113956106600.4
a 4 46 0 1 568070740526517.0
a 4 47 0 1 656479045107012.5
a 4 48 0 1 413536231809423.8
a 4 49 0 1 663551666877056.8
a 4 50 0 1 298903072472389.56
a 4 51 0 1 65420183766277.42
a 4 52 0 1 297378811798377.7
a 4 53 0 1 407606014743227.9
a 4 54 0 1 493933783060868.3
a 4 55 0 1 327670178899512.5
a 4 56 0 1 502574512442265.25
a 4 57 0 1 627044141847797.8
a 4 58 0 1 349906844005812.06
a 4 59 0 1 151233811713138.28
a 4 60 0 1 382897339016804.44
a 4 61 0 1 577655599090878.2
a 4 62 0 1 227619859485633.88
a 4 63 0 1 336199602562420.06
a 4 64 0 1 548614556172859.7
a 4 65 0 1 54492820842074.78
a 4 66 0 1 177113219610503.56
a 4 67 0 1 69196187810786.52
a 4 68 0 1 95321876164798.44
a 4 69 0 1 174055632897781.62
a 4 70 0 1 407399306727787.5
a 4 71 0 1 113913196114465.14
a 4 72 0 1 650133572325965.0
a 4 73 0 1 16096809826877.463
a 4 74 0 1 248001333210090.38
a 4 75 0 1 637491993563430.1
a 4 76 0 1 201734436696820.25
a 4 77 0 1 89714711455692.94
a 4 78 0 1 189068194955789.44
a 4 79 0 1 516134400831552.44
a 5 9 0 1 145945449843548.1
a 5 10 0 1 73100109567398.38
a 5 11 0 1 97028814357469.39
a 5 12 0 1 125931600417496.48
a 5 13 0 1 63365624331686.125
a 5 14 0 1 27045816174957.613
a 5 15 0 1 249815297921748.5
a 5 16 0 1 149379662205317.12
a 5 17 0 1 300397427200818.7
a 5 18 0 1 141952902196577.75
a 5 19 0 1 197724452492197.3
a 5 20 0 1 44824153331224.586
a 5 21 0 1 50924351038953.06
a 5 22 0 1 53232875892638.73
a 5 23 0 1 27673474480366.73
a 5 24 0 1 205158286578931.75
a 5 25 0 1 82410547556919.66
a 5 26 0 1 296136153774114.2
a 5 27 0 1 127473767997225.56
a 5 28 0 1 254233203959985.97
a 5 29 0 1 54759396820755.58
a 5 30 0 1 152352258190007.66
a 5 31 0 1 63752527242835.266
a 5 32 0 1 62626826390389.86
a 5 33 0 1 73104086533850.08
a 5 34 0 1 151913118861498.06
a 5 35 0 1 25498675676249.25
a 5 36 0 1 224003508903945.66
a 5 37 0 1 159711522959936.97
a 5 38 0 1 71788155003989.88
a 5 39 0 1 258336469213542.28
a 5 40 0 1 231164120209025.28
a 5 41 0 1 290660980336935.0
a 5 42 0 1 32752224349201.35
a 5 43 0 1 115861809313382.72
a 5 44 0 1 67782564693967.15
a 5 45 0 1 186167918577883.28
a 5 46 0 1 266844306609392.62
a 5 47 0 1 306712354702965.75
a 5 48 0 1 196084721137263.25
a 5 49 0 1 309882537278550.5
a 5 50 0 1 142712701643932.1
a 5 51 0 1 31674020165535.516
a 5 52 0 1 141997948163573.88
a 5 53 0 1 193342133960802.28
a 5 54 0 1 233068173371469.4
a 5 55 0 1 156177139411384.9
a 5 56 0 1 237020975700710.44
a 5 57 0 1 293488053538767.0
a 5 58 0 1 166552501241936.66
a 5 59 0 1 72848747696335.44
a 5 60 0 1 181893277079451.56
a 5 61 0 1 271188175210344.06
a 5 62 0 1 109144092494228.94
a 5 63 0 1 160160216517567.3
a 5 64 0 1 258010619015655.06
a 5 65 0 1 26400518037200.3
a 5 66 0 1 85183052162341.7
a 5 67 0 1 33494708765552.293
a 5 68 0 1 46069365528149.06
a 5 69 0 1 83727789179095.28
a 5 70 0 1 193246500014564.94
a 5 71 0 1 54993733630940.97
a 5 72 0 1 303865679744248.2
a 5 73 0 1 7816306333909.756
a 5 74 0 1 118771873992587.52
a 5 75 0 1 298187640122750.56
a 5 76 0 1 96881989928675.98
a 5 77 0 1 43373865983836.01
a 5 78 0 1 90867887122380.69
a 5 79 0 1 243215503789465.9
a 6 9 0 1 220643414858782.9
a 6 10 0 1 110039931733326.34
a 6 11 0 1 146265825362148.0
a 6 12 0 1 190159677813548.16
a 6 13 0 1 95332055366050.84
a 6 14 0 1 40604008058774.664
a 6 15 0 1 380052851679597.3
a 6 16 0 1 225881576668874.56
a 6 17 0 1 458431730120472.0
a 6 18 0 1 214556363829506.06
a 6 19 0 1 299854031558036.7
a 6 20 0 1 67364090344779.84
a 6 21 0 1 76558934551544.86
a 6 22 0 1 80040290516684.23
a 6 23 0 1 41547822656686.945
a 6 24 0 1 311267470345742.06
a 6 25 0 1 124122906386564.27
a 6 26 0 1 451809312965786.3
a 6 27 0 1 192505993071597.28
a 6 28 0 1 386878633177721.94
a 6 29 0 1 82342867122412.02
a 6 30 0 1 230417398762577.5
a 6 31 0 1 95916307478921.52
a 6 32 0 1 94216489379025.92
a 6 33 0 1 110045943993905.16
a 6 34 0 1 229747222441352.22
a 6 35 0 1 38277854376082.76
a 6 36 0 1 340248264425403.94
a 6 37 0 1 241653781211454.4
a 6 38 0 1 108056711269345.06
a 6 39 0 1 393221679543104.1
a 6 40 0 1 351277863878877.8
a 6 41 0 1 443305660240832.2
a 6 42 0 1 49187307053368.734
a 6 43 0 1 174849757904151.94
a 6 44 0 1 102003542697738.2
a 6 45 0 1 282131577035176.2
a 6 46 0 1 406383989467403.75
a 6 47 0 1 468252348009392.44
a 6 48 0 1 297337898408961.8
a 6 49 0 1 473185428354918.4
a 6 50 0 1 215714530388461.9
a 6 51 0 1 47565089476784.73
a 6 52 0 1 214625024687322.16
a 6 53 0 1 293130590499706.9
a 6 54 0 1 354212361390648.2
a 6 55 0 1 236256109013033.16
a 6 56 0 1 360306584501345.6
a 6 57 0 1 447695730236061.1
a 6 58 0 1 252107837043683.0
a 6 59 0 1 109659935987392.33
a 6 60 0 1 275582590366692.7
a 6 61 0 1 413109751559655.25
a 6 62 0 1 164646521748346.44
a 6 63 0 1 242339186859539.3
a 6 64 0 1 392717843312178.06
a 6 65 0 1 39633739930457.65
a 6 66 0 1 128319592573587.12
a 6 67 0 1 50304533921293.75
a 6 68 0 1 69240469933066.31
a 6 69 0 1 126116617758720.14
a 6 70 0 1 292983907374689.25
a 6 71 0 1 82696372970822.75
a 6 72 0 1 463824378839598.9
a 6 73 0 1 11721644594874.799
a 6 74 0 1 179272267989942.4
a 6 75 0 1 454997065051966.06
a 6 76 0 1 146043233123943.94
a 6 77 0 1 65179031715171.38
a 6 78 0 1 136928925124356.11
a 6 79 0 1 369863035044259.3
a 7 9 0 1 360876317481885.3
a 7 10 0 1 178521039945662.38
a 7 11 0 1 237917094805029.3
a 7 12 0 1 310314806257886.9
a 7 13 0 1 154495903045547.56
a 7 14 0 1 65546193134129.52
a 7 15 0 1 629208495591236.5
a 7 16 0 1 369588156394767.9
a 7 17 0 1 763683623141543.1
a 7 18 0 1 350761389957603.4
a 7 19 0 1 493369641803995.75
a 7 20 0 1 108951898944375.23
a 7 21 0 1 123904781540886.75
a 7 22 0 1 129571429863586.7
a 7 23 0 1 67074266194316.34
a 7 24 0 1 512595798614193.2
a 7 25 0 1 201573892985974.2
a 7 26 0 1 752253911487034.2
a 7 27 0 1 314198211583803.8
a 7 28 0 1 640850900272544.6
a 7 29 0 1 133320931423234.56
a 7 30 0 1 377137536841691.7
a 7 31 0 1 155449289838605.56
a 7 32 0 1 152675739482411.7
a 7 33 0 1 178530871452733.9
a 7 34 0 1 376021771642212.94
a 7 35 0 1 61780935846000.83
a 7 36 0 1 561570898755369.06
a 7 37 0 1 395861885031230.5
a 7 38 0 1 175278464193626.12
a 7 39 0 1 651681522712857.6
a 7 40 0 1 580269504942891.6
a 7 41 0 1 737595864203917.4
a 7 42 0 1 79450469542279.89
a 7 43 0 1 285008879852404.0
a 7 44 0 1 165387309713745.62
a 7 45 0 1 463584084831093.2
a 7 46 0 1 674191713190982.0
a 7 47 0 1 780656498838494.0
a 7 48 0 1 489135813095149.25
a 7 49 0 1 789192858803393.6
a 7 50 0 1 352685207155130.56
a 7 51 0 1 76821297134069.81
a 7 52 0 1 350875432264960.7
a 7 53 0 1 482060028030621.1
a 7 54 0 1 585249961899163.9
a 7 55 0 1 386863155205863.2
a 7 56 0 1 595600641474806.6
a 7 57 0 1 745160589475184.2
a 7 58 0 1 413311635540993.3
a 7 59 0 1 177899672100259.28
a 7 60 0 1 452598291085282.9
a 7 61 0 1 685712866561189.8
a 7 62 0 1 268176086189355.56
a 7 63 0 1 397005093353978.0
a 7 64 0 1 650820823245803.2
a 7 65 0 1 63975505007682.95
a 7 66 0 1 208452803751703.53
a 7 67 0 1 81261544297773.88
a 7 68 0 1 112001704459581.23
a 7 69 0 1 204841313735690.3
a 7 70 0 1 481813422904257.25
a 7 71 0 1 133896688813142.64
a 7 72 0 1 773000223389024.1
a 7 73 0 1 18883410149194.195
a 7 74 0 1 292312913864847.56
a 7 75 0 1 757754112992320.9
a 7 76 0 1 237551161468834.8
a 7 77 0 1 105401414653561.58
a 7 78 0 1 222577934390410.6
a 7 79 0 1 611852184801810.2
a 8 9 0 1 55556455697244.91
a 8 10 0 1 27971252182865.1
a 8 11 0 1 37064330726454.41
a 8 12 0 1 48006208235749.91
a 8 13 0 1 24263186218794.168
a 8 14 0 1 10382776031858.56
a 8 15 0 1 94394186090857.8
a 8 16 0 1 56849838742782.81
a 8 17 0 1 113097092544332.66
a 8 18 0 1 54051992482850.76
a 8 19 0 1 74989715282828.67
a 8 20 0 1 17186117836933.016
a 8 21 0 1 19516556073584.805
a 8 22 0 1 20397946584056.066
a 8 23 0 1 10623258580045.871
a 8 24 0 1 77767845500705.25
a 8 25 0 1 31512976956656.52
a 8 26 0 1 111526766338159.81
a 8 27 0 1 48588763322359.49
a 8 28 0 1 96033195258104.58
a 8 29 0 1 20980610370103.344
a 8 30 0 1 57968854444283.09
a 8 31 0 1 24410663706299.58
a 8 32 0 1 23981552766334.094
a 8 33 0 1 27972766039909.867
a 8 34 0 1 57803573177121.52
a 8 35 0 1 9789909255163.021
a 8 36 0 1 84797236009165.23
a 8 37 0 1 60737150485088.86
a 8 38 0 1 27471801647473.805
a 8 39 0 1 97554535863957.14
a 8 40 0 1 87463178208078.25
a 8 41 0 1 109507676147772.69
a 8 42 0 1 12568354794412.195
a 8 43 0 1 44199171295942.16
a 8 44 0 1 25946327475052.957
a 8 45 0 1 70664957677664.44
a 8 46 0 1 100706049415890.55
a 8 47 0 1 115422423839225.19
a 8 48 0 1 74376523248614.05
a 8 49 0 1 116588967654702.27
a 8 50 0 1 54338364882793.84
a 8 51 0 1 12155533735547.834
a 8 52 0 1 54068971414797.15
a 8 53 0 1 73350584560079.17
a 8 54 0 1 88171605273690.75
a 8 55 0 1 59408005185924.65
a 8 56 0 1 89641672731117.64
a 8 57 0 1 110550421976860.42
a 8 58 0 1 63307861434064.13
a 8 59 0 1 27875567979306.027
a 8 60 0 1 69063450015147.484
a 8 61 0 1 102313627225336.52
a 8 62 0 1 41656383257013.59
a 8 63 0 1 60905838545319.75
a 8 64 0 1 97433755593719.95
a 8 65 0 1 10135512563093.951
a 8 66 0 1 32566738963186.258
a 8 67 0 1 12852599243354.615
a 8 68 0 1 17661986431633.324
a 8 69 0 1 32013680667642.387
a 8 70 0 1 73314802786587.92
a 8 71 0 1 21070044098801.363
a 8 72 0 1 114374463665876.61
a 8 73 0 1 3004740640605.376
a 8 74 0 1 45299929338375.25
a 8 75 0 1 112282883116573.58
a 8 76 0 1 37008631088090.43
a 8 77 0 1 16631771731165.195
a 8 78 0 1 34726103328843.734
a 8 79 0 1 91943759313443.2
a 9 1 0 1 0
a 10 1 0 1 0
a 11 1 0 1 0
a 12 1 0 1 0
a 13 1 0 1 0
a 14 1 0 1 0
a 15 1 0 1 0
a 16 1 0 1 0
a 17 1 0 1 0
a 18 1 0 1 0
a 19 1 0 1 0
a 20 1 0 1 0
a 21 1 0 1 0
a 22 1 0 1 0
a 23 1 0 1 0
a 24 1 0 1 0
a 25 1 0 1 0
a 26 1 0 1 0
a 27 1 0 1 0
a 28 1 0 1 0
a 29 1 0 1 0
a 30 1 0 1 0
a 31 1 0 1 0
a 32 1 0 1 0
a 33 1 0 1 0
a 34 1 0 1 0
a 35 1 0 1 0
a 36 1 0 1 0
a 37 1 0 1 0
a 38 1 0 1 0
a 39 1 0 1 0
a 40 1 0 1 0
a 41 1 0 1 0
a 42 1 0 1 0
a 43 1 0 1 0
a 44 1 0 1 0
a 45 1 0 1 0
a 46 1 0 1 0
a 47 1 0 1 0
a 48 1 0 1 0
a 49 1 0 1 0
a 50 1 0 1 0
a 51 1 0 1 0
a 52 1 0 1 0
a 53 1 0 1 0
a 54 1 0 1 0
a 55 1 0 1 0
a 56 1 0 1 0
a 57 1 0 1 0
a 58 1 0 1 0
a 59 1 0 1 0
a 60 1 0 1 0
a 61 1 0 1 0
a 62 1 0 1 0
a 63 1 0 1 0
a 64 1 0 1 0
a 65 1 0 1 0
a 66 1 0 1 0
a 67 1 0 1 0
a 68 1 0 1 0
a 69 1 0 1 0
a 70 1 0 1 0
a 71 1 0 1 0
a 72 1 0 1 0
a 73 1 0 1 0
a 74 1 0 1 0
a 75 1 0 1 0
a 76 1 0 1 0
a 77 1 0 1 0
a 78 1 0 1 0
a 79 1 0 1 0
