p min 81 583
n 0 7
n 1 -7
a 0 2 0 1 0
a 0 3 0 1 0
a 0 4 0 1 0
a 0 5 0 1 0
a 0 6 0 1 0
a 0 7 0 1 0
a 0 8 0 1 0
a 2 9 0 1 26565864699345.49
a 2 10 0 1 170410605085508.16
a 2 11 0 1 169064746787534.2
a 2 12 0 1 142589907584852.2
a 2 13 0 1 55493009410735.12
a 2 14 0 1 52685703428502.91
a 2 15 0 1 263216601114226.38
a 2 16 0 1 43817975364425.36
a 2 17 0 1 18066781660478.18
a 2 18 0 1 262120736950771.22
a 2 19 0 1 142809407017225.94
a 2 20 0 1 77681414118269.98
a 2 21 0 1 271506887622306.44
a 2 22 0 1 101540196700504.6
a 2 23 0 1 219294862135116.88
a 2 24 0 1 285247444847758.5
a 2 25 0 1 211886021487035.03
a 2 26 0 1 25373499393105.227
a 2 27 0 1 192975611940659.7
a 2 28 0 1 199923463521827.9
a 2 29 0 1 255144164922642.7
a 2 30 0 1 216055531680186.1
a 2 31 0 1 233217531541009.9
a 2 32 0 1 220319118300236.16
a 2 33 0 1 30826072302796.973
a 2 34 0 1 279732969054880.03
a 2 35 0 1 284052685328369.94
a 2 36 0 1 256428017525088.12
a 2 37 0 1 62205886813293.26
a 2 38 0 1 163553181988009.75
a 2 39 0 1 114614270231274.36
a 2 40 0 1 171089196519438.94
a 2 41 0 1 89932321110907.33
a 2 42 0 1 57487090135964.66
a 2 43 0 1 228231508543202.47
a 2 44 0 1 30761250410525.586
a 2 45 0 1 16714025445144.633
a 2 46 0 1 100212324356010.6
a 2 47 0 1 125952553378419.55
a 2 48 0 1 124601195479340.31
a 2 49 0 1 202606950452752.0
a 2 50 0 1 128995984447852.61
a 2 51 0 1 229773862444118.53
a 2 52 0 1 143118852589898.44
a 2 53 0 1 232219682654322.6
a 2 54 0 1 97031059937003.72
a 2 55 0 1 230527448503815.47
a 2 56 0 1 251129417963281.56
a 2 57 0 1 107724710253479.67
a 2 58 0 1 198896098559036.53
a 2 59 0 1 97105663613241.48
a 2 60 0 1 85397905289792.03
a 2 61 0 1 41387993473001.016
a 2 62 0 1 51517798119601.305
a 2 63 0 1 132771936138491.1
a 2 64 0 1 172415645830632.1
a 2 65 0 1 49066850415735.41
a 2 66 0 1 84109123822640.27
a 2 67 0 1 275465610732659.44
a 2 68 0 1 108537895800992.61
a 2 69 0 1 46012980820777.45
a 2 70 0 1 260075623653917.5
a 2 71 0 1 32848036063331.375
a 2 72 0 1 209144128072641.94
a 2 73 0 1 52656827893139.055
a 2 74 0 1 216980455550057.72
a 2 75 0 1 34103961111767.76
a 2 76 0 1 90735062011957.83
a 2 77 0 1 205482326838659.0
a 2 78 0 1 105827643134529.73
a 2 79 0 1 71732400468507.55
a 2 80 0 1 13730099238748.291
a 3 9 0 1 11022827851286.082
a 3 10 0 1 70023868168902.29
a 3 11 0 1 69477171683223.48
a 3 12 0 1 58702456458701.36
a 3 13 0 1 22980568222238.008
a 3 14 0 1 21822146701049.637
a 3 15 0 1 107479958541924.39
a 3 16 0 1 18160031399187.285
a 3 17 0 1 7500641492336.055
a 3 18 0 1 107040455849873.69
a 3 19 0 1 58791948376654.88
a 3 20 0 1 32121037424430.51
a 3 21 0 1 110802674460694.8
a 3 22 0 1 41918989574970.88
a 3 23 0 1 89812836691888.31
a 3 24 0 1 116301470962459.95
a 3 25 0 1 86822165525018.55
a 3 26 0 1 10528931734334.531
a 3 27 0 1 79174944280446.95
a 3 28 0 1 81986905777349.2
a 3 29 0 1 104240903427581.47
a 3 30 0 1 88505614761344.1
a 3 31 0 1 95424667668381.64
a 3 32 0 1 90226051134653.39
a 3 33 0 1 12786822742480.154
a 3 34 0 1 114095901364110.64
a 3 35 0 1 115823757571497.3
a 3 36 0 1 104756288786981.02
a 3 37 0 1 25748822221936.625
a 3 38 0 1 67237288194201.805
a 3 39 0 1 47274596264574.84
a 3 40 0 1 70299478320819.69
a 3 41 0 1 37156010909672.99
a 3 42 0 1 23803149043235.33
a 3 43 0 1 93416178253008.5
a 3 44 0 1 12759989982925.402
a 3 45 0 1 6939660464334.893
a 3 46 0 1 41374513205113.01
a 3 47 0 1 51911456677852.27
a 3 48 0 1 51359186120831.43
a 3 49 0 1 83072260218486.16
a 3 50 0 1 53154868597808.44
a 3 51 0 1 94037622424837.17
a 3 52 0 1 58918107604764.695
a 3 53 0 1 95022820463959.42
a 3 54 0 1 40069678568909.3
a 3 55 0 1 94341208880769.72
a 3 56 0 1 102628648737265.17
a 3 57 0 1 44453573164594.72
a 3 58 0 1 81571275342069.9
a 3 59 0 1 40100284637726.45
a 3 60 0 1 35293396411529.63
a 3 61 0 1 17155752836359.334
a 3 62 0 1 21340086552758.08
a 3 63 0 1 54696839895677.43
a 3 64 0 1 70838142329363.69
a 3 65 0 1 20328195185196.88
a 3 66 0 1 34763790954702.855
a 3 67 0 1 112387975361488.53
a 3 68 0 1 44786680498208.336
a 3 69 0 1 19066913994720.777
a 3 70 0 1 106220073621247.7
a 3 71 0 1 13623688601546.443
a 3 72 0 1 85714594553410.06
a 3 73 0 1 21810229062846.47
a 3 74 0 1 88878924290241.23
a 3 75 0 1 14143385514455.312
a 3 76 0 1 37485635622959.21
a 3 77 0 1 84234782422014.31
a 3 78 0 1 43676329417658.62
a 3 79 0 1 29673047269574.523
a 3 80 0 1 5701880022032.279
a 4 9 0 1 42477833129186.06
a 4 10 0 1 275256732869419.6
a 4 11 0 1 273056416766361.03
a 4 12 0 1 229860847926030.78
a 4 13 0 1 88909532714968.88
a 4 14 0 1 84395238133176.58
a 4 15 0 1 428044812953931.44
a 4 16 0 1 70147102715980.875
a 4 17 0 1 28871169909798.16
a 4 18 0 1 426228262923097.75
a 4 19 0 1 230218294588598.1
a 4 20 0 1 124652331063125.9
a 4 21 0 1 441796918285471.0
a 4 22 0 1 163211116428105.0
a 4 23 0 1 355472581870758.3
a 4 24 0 1 464628259367920.4
a 4 25 0 1 343277843292998.6
a 4 26 0 1 40567942476776.51
a 4 27 0 1 312212536800888.25
a 4 28 0 1 323616105574968.94
a 4 29 0 1 414670665687373.4
a 4 30 0 1 350139083655219.1
a 4 31 0 1 378425363385276.7
a 4 32 0 1 357159536279201.06
a 4 33 0 1 49304270306502.89
a 4 34 0 1 455459651228762.0
a 4 35 0 1 462641145224612.4
a 4 36 0 1 416796619239425.75
a 4 37 0 1 99711394157544.4
a 4 38 0 1 264050184222887.78
a 4 39 0 1 184396051890985.25
a 4 40 0 1 276366312277087.28
a 4 41 0 1 144435030205826.84
a 4 42 0 1 92117197045209.6
a 4 43 0 1 370199965704009.5
a 4 44 0 1 49200371292931.02
a 4 45 0 1 26706940700753.227
a 4 46 0 1 161061672153659.34
a 4 47 0 1 202800484620421.1
a 4 48 0 1 200605371827820.2
a 4 49 0 1 328023671274081.56
a 4 50 0 1 207745722559572.5
a 4 51 0 1 372743717900536.9
a 4 52 0 1 230722234482810.8
a 4 53 0 1 376778729785229.0
a 4 54 0 1 155913770885055.6
a 4 55 0 1 373986795295065.9
a 4 56 0 1 408025235185353.94
a 4 57 0 1 173227432528533.3
a 4 58 0 1 321929145179432.5
a 4 59 0 1 156034467379946.88
a 4 60 0 1 137108879471952.3
a 4 61 0 1 66245830721468.97
a 4 62 0 1 82517707824833.25
a 4 63 0 1 213884238140381.6
a 4 64 0 1 278535536071873.7
a 4 65 0 1 78578549199247.9
a 4 66 0 1 135027484025718.52
a 4 67 0 1 448369843134499.7
a 4 68 0 1 174545109636182.3
a 4 69 0 1 73672263019954.34
a 4 70 0 1 422839003873159.1
a 4 71 0 1 52545620870708.28
a 4 72 0 1 338768168725460.0
a 4 73 0 1 84348813981694.89
a 4 74 0 1 351661691556855.4
a 4 75 0 1 54559415718685.8
a 4 76 0 1 145732491022942.3
a 4 77 0 1 332748354320640.8
a 4 78 0 1 170154040215705.22
a 4 79 0 1 115058245158545.08
a 4 80 0 1 21934486337436.67
a 5 9 0 1 27141039760935.82
a 5 10 0 1 174163366862259.56
a 5 11 0 1 172787276678865.78
a 5 12 0 1 145719679081184.12
a 5 13 0 1 56698585212412.516
a 5 14 0 1 53829912279179.57
a 5 15 0 1 269077334186188.06
a 5 16 0 1 44768604105977.055
a 5 17 0 1 18457552681099.203
a 5 18 0 1 267956309088022.8
a 5 19 0 1 145944077823917.9
a 5 20 0 1 79373451465224.22
a 5 21 0 1 277558175428757.72
a 5 22 0 1 103758158990330.17
a 5 23 0 1 224152224964232.84
a 5 24 0 1 291615384166602.8
a 5 25 0 1 216575153699069.47
a 5 26 0 1 25922781543255.73
a 5 27 0 1 197236678648444.62
a 5 28 0 1 204341583814649.53
a 5 29 0 1 260819707838457.62
a 5 30 0 1 220839303763708.7
a 5 31 0 1 238391827954183.62
a 5 32 0 1 225199761749749.47
a 5 33 0 1 31493819628549.64
a 5 34 0 1 285973703989299.0
a 5 35 0 1 290393050678083.25
a 5 36 0 1 262132989824423.0
a 5 37 0 1 63558368762213.31
a 5 38 0 1 167152006019151.66
a 5 39 0 1 117121682446266.1
a 5 40 0 1 174857205063228.94
a 5 41 0 1 91894039317378.6
a 5 42 0 1 58736280633183.984
a 5 43 0 1 233292184412387.62
a 5 44 0 1 31427588492462.35
a 5 45 0 1 17075479801476.49
a 5 46 0 1 102400938366435.84
a 5 47 0 1 128711708622523.97
a 5 48 0 1 127330311351399.22
a 5 49 0 1 207085798779776.2
a 5 50 0 1 131822827206614.03
a 5 51 0 1 234869670929695.78
a 5 52 0 1 146260430768839.78
a 5 53 0 1 237371229596964.9
a 5 54 0 1 99149399788386.33
a 5 55 0 1 235640427243557.56
a 5 56 0 1 256712989395826.38
a 5 57 0 1 110079481908191.67
a 5 58 0 1 203290979460903.66
a 5 59 0 1 99225650858108.62
a 5 60 0 1 87259716152204.62
a 5 61 0 1 42285646830015.016
a 5 62 0 1 52636488812614.0
a 5 63 0 1 135682825485405.75
a 5 64 0 1 176213464414242.4
a 5 65 0 1 50132011898249.83
a 5 66 0 1 85942558254828.25
a 5 67 0 1 281608022337354.9
a 5 68 0 1 110910670979713.44
a 5 69 0 1 47011488331330.445
a 5 70 0 1 265864257554846.28
a 5 71 0 1 33559752168784.355
a 5 72 0 1 213771075197204.16
a 5 73 0 1 53800405742996.39
a 5 74 0 1 221785234224482.62
a 5 75 0 1 34842998571550.016
a 5 76 0 1 92714478218013.05
a 5 77 0 1 210026288311282.03
a 5 78 0 1 108140428058687.72
a 5 79 0 1 73293761547602.75
a 5 80 0 1 14026919515351.473
a 6 9 0 1 39845183765382.96
a 6 10 0 1 257760881853529.66
a 6 11 0 1 255704576541821.53
a 6 12 0 1 215322391684872.12
a 6 13 0 1 83371428347744.75
a 6 14 0 1 79140894444173.23
a 6 15 0 1 400380494041327.7
a 6 16 0 1 65786560946551.836
a 6 17 0 1 27084451616299.086
a 6 18 0 1 398686811621521.56
a 6 19 0 1 215656664567338.56
a 6 20 0 1 116857713326292.94
a 6 21 0 1 413200880008856.6
a 6 22 0 1 152962623530824.25
a 6 23 0 1 332679790938895.3
a 6 24 0 1 434479288478749.94
a 6 25 0 1 321296215335797.0
a 6 26 0 1 38054181697680.05
a 6 27 0 1 292287710640505.7
a 6 28 0 1 302937856419933.3
a 6 29 0 1 387909824542076.06
a 6 30 0 1 327701325066945.6
a 6 31 0 1 354100033580319.9
a 6 32 0 1 334254365939779.44
a 6 33 0 1 46246281754531.85
a 6 34 0 1 425935221260883.5
a 6 35 0 1 432627635513003.0
a 6 36 0 1 389892334695580.06
a 6 37 0 1 93493180626913.48
a 6 38 0 1 247287092072419.44
a 6 39 0 1 172790646254534.44
a 6 40 0 1 258797813370991.9
a 6 41 0 1 135383992912497.92
a 6 42 0 1 86377296450501.6
a 6 43 0 1 346424708341600.06
a 6 44 0 1 46148861142514.7
a 6 45 0 1 25054544327117.0
a 6 46 0 1 150950507078732.44
a 6 47 0 1 190011221197005.1
a 6 48 0 1 187957554826466.66
a 6 49 0 1 307053723029027.7
a 6 50 0 1 194637557801450.03
a 6 51 0 1 348798451250373.44
a 6 52 0 1 216127930284906.1
a 6 53 0 1 352563596236282.2
a 6 54 0 1 146131246250717.75
a 6 55 0 1 349958414929702.94
a 6 56 0 1 381712355812011.7
a 6 57 0 1 162338158316917.97
a 6 58 0 1 301362468376311.8
a 6 59 0 1 146244241692567.44
a 6 60 0 1 128523758549992.58
a 6 61 0 1 62129541291419.0
a 6 62 0 1 77381301047685.2
a 6 63 0 1 200379748858881.9
a 6 64 0 1 260824960686990.62
a 6 65 0 1 73689425104462.19
a 6 66 0 1 126574598038183.52
a 6 67 0 1 419327510075275.06
a 6 68 0 1 163571435673748.22
a 6 69 0 1 69090839703663.28
a 6 70 0 1 395526666837410.9
a 6 71 0 1 49285451810917.26
a 6 72 0 1 317085974700791.0
a 6 73 0 1 79097386998126.25
a 6 74 0 1 329122619785375.0
a 6 75 0 1 51173564144008.234
a 6 76 0 1 136598863232954.72
a 6 77 0 1 311465412560406.06
a 6 78 0 1 159461529566224.44
a 6 79 0 1 107871030250368.73
a 6 80 0 1 20578068432338.48
a 7 9 0 1 60698671877638.555
a 7 10 0 1 398019543099439.94
a 7 11 0 1 394792404577440.56
a 7 12 0 1 331592252838408.8
a 7 13 0 1 127341377129343.28
a 7 14 0 1 120848432153123.58
a 7 15 0 1 624018956583754.4
a 7 16 0 1 100374585021157.78
a 7 17 0 1 41227687285205.82
a 7 18 0 1 621309340780710.0
a 7 19 0 1 332114048182992.25
a 7 20 0 1 178855531930797.75
a 7 21 0 1 644550090166150.6
a 7 22 0 1 234639701293895.53
a 7 23 0 1 516197076141972.4
a 7 24 0 1 678707112201727.9
a 7 25 0 1 498164387957328.4
a 7 26 0 1 57964052148776.55
a 7 27 0 1 452336202707068.44
a 7 28 0 1 469140898639393.6
a 7 29 0 1 604082737486084.9
a 7 30 0 1 508307305954497.3
a 7 31 0 1 550204009584045.6
a 7 32 0 1 518693531834572.1
a 7 33 0 1 70477151444202.42
a 7 34 0 1 664979631276313.9
a 7 35 0 1 675730729119319.2
a 7 36 0 1 607249785329825.1
a 7 37 0 1 142889808854287.12
a 7 38 0 1 381591171116854.44
a 7 39 0 1 265383325137772.72
a 7 40 0 1 399647219881393.25
a 7 41 0 1 207448125298374.53
a 7 42 0 1 131956784843144.02
a 7 43 0 1 538007270877624.3
a 7 44 0 1 70328272232972.195
a 7 45 0 1 38133119643686.91
a 7 46 0 1 231524197125448.06
a 7 47 0 1 292147037935949.94
a 7 48 0 1 288952198031058.0
a 7 49 0 1 475641649273792.6
a 7 50 0 1 299347198202402.44
a 7 51 0 1 541777992479093.8
a 7 52 0 1 332849725724434.1
a 7 53 0 1 547761464240311.0
a 7 54 0 1 224065405323758.2
a 7 55 0 1 543621051272425.56
a 7 56 0 1 594187883253550.2
a 7 57 0 1 249166968252943.72
a 7 58 0 1 466653617122103.06
a 7 59 0 1 224240237001025.88
a 7 60 0 1 196852630763360.4
a 7 61 0 1 94773765462133.42
a 7 62 0 1 118148836223228.3
a 7 63 0 1 308289952057886.94
a 7 64 0 1 402829883304419.4
a 7 65 0 1 112486599676572.77
a 7 66 0 1 193843852400309.25
a 7 67 0 1 654374446366238.5
a 7 68 0 1 251079198907878.3
a 7 69 0 1 105437330349419.2
a 7 70 0 1 616255317754359.1
a 7 71 0 1 75122529657805.58
a 7 72 0 1 491501940585307.2
a 7 73 0 1 120781675297373.11
a 7 74 0 1 510559205219626.9
a 7 75 0 1 78009379272915.89
a 7 76 0 1 209325418668191.8
a 7 77 0 1 482613601638764.06
a 7 78 0 1 244707837028411.0
a 7 79 0 1 165009706997649.66
a 7 80 0 1 31311468356017.06
a 8 9 0 1 18707644055871.51
a 8 10 0 1 119412169415810.7
a 8 11 0 1 118474590960192.19
a 8 12 0 1 100013258315389.9
a 8 13 0 1 39039550461311.766
a 8 14 0 1 37068154257371.88
a 8 15 0 1 183851325095686.28
a 8 16 0 1 30838409396253.03
a 8 17 0 1 12726284869881.11
a 8 18 0 1 183092878894694.12
a 8 19 0 1 100166458797871.08
a 8 20 0 1 54607724300012.945
a 8 21 0 1 189587112329446.62
a 8 22 0 1 71321387415244.67
a 8 23 0 1 153407056451270.75
a 8 24 0 1 199086335850122.84
a 8 25 0 1 148262328463653.03
a 8 26 0 1 17868707937034.777
a 8 27 0 1 135118714540451.06
a 8 28 0 1 139949822480910.97
a 8 29 0 1 178263020833590.0
a 8 30 0 1 151157982668944.06
a 8 31 0 1 163067752973515.0
a 8 32 0 1 154118092888905.53
a 8 33 0 1 21704525032441.387
a 8 34 0 1 195275142215356.84
a 8 35 0 1 198260734188016.7
a 8 36 0 1 179152007035493.1
a 8 37 0 1 43752047433078.72
a 8 38 0 1 114634096154186.47
a 8 39 0 1 80468425463684.5
a 8 40 0 1 119884869790574.94
a 8 41 0 1 63193220254339.9
a 8 42 0 1 40439638687336.32
a 8 43 0 1 159609128635926.16
a 8 44 0 1 21658932026843.566
a 8 45 0 1 11773942248493.273
a 8 46 0 1 70391903076193.9
a 8 47 0 1 88394348854570.95
a 8 48 0 1 87450021374456.34
a 8 49 0 1 141815123494002.53
a 8 50 0 1 90520771139025.4
a 8 51 0 1 160679133848510.28
a 8 52 0 1 100382433566081.58
a 8 53 0 1 162375678549620.16
a 8 54 0 1 68164734209041.84
a 8 55 0 1 161201890483062.34
a 8 56 0 1 175482542621189.75
a 8 57 0 1 75649300841849.58
a 8 58 0 1 139235604539459.48
a 8 59 0 1 68216969039458.37
a 8 60 0 1 60016324010228.76
a 8 61 0 1 29130641262489.695
a 8 62 0 1 36247895318119.305
a 8 63 0 1 93158375845267.2
a 8 64 0 1 120808797116760.27
a 8 65 0 1 34526299352000.406
a 8 66 0 1 59113198480600.77
a 8 67 0 1 192324837306960.75
a 8 68 0 1 76218229236327.75
a 8 69 0 1 32380794173505.938
a 8 70 0 1 181677300984752.06
a 8 71 0 1 23126588341142.387
a 8 72 0 1 146357667083627.78
a 8 73 0 1 37047874795279.88
a 8 74 0 1 151800211517263.56
a 8 75 0 1 24009791580952.64
a 8 76 0 1 63755532021437.086
a 8 77 0 1 143813417475904.88
a 8 78 0 1 74321932810318.66
a 8 79 0 1 50436013533798.25
a 8 80 0 1 9672942829064.865
a 9 1 0 1 0
a 10 1 0 1 0
a 11 1 0 1 0
a 12 1 0 1 0
a 13 1 0 1 0
a 14 1 0 1 0
a 15 1 0 1 0
a 16 1 0 1 0
a 17 1 0 1 0
a 18 1 0 1 0
a 19 1 0 1 0
a 20 1 0 1 0
a 21 1 0 1 0
a 22 1 0 1 0
a 23 1 0 1 0
a 24 1 0 1 0
a 25 1 0 1 0
a 26 1 0 1 0
a 27 1 0 1 0
a 28 1 0 1 0
a 29 1 0 1 0
a 30 1 0 1 0
a 31 1 0 1 0
a 32 1 0 1 0
a 33 1 0 1 0
a 34 1 0 1 0
a 35 1 0 1 0
a 36 1 0 1 0
a 37 1 0 1 0
a 38 1 0 1 0
a 39 1 0 1 0
a 40 1 0 1 0
a 41 1 0 1 0
a 42 1 0 1 0
a 43 1 0 1 0
a 44 1 0 1 0
a 45 1 0 1 0
a 46 1 0 1 0
a 47 1 0 1 0
a 48 1 0 1 0
a 49 1 0 1 0
a 50 1 0 1 0
a 51 1 0 1 0
a 52 1 0 1 0
a 53 1 0 1 0
a 54 1 0 1 0
a 55 1 0 1 0
a 56 1 0 1 0
a 57 1 0 1 0
a 58 1 0 1 0
a 59 1 0 1 0
a 60 1 0 1 0
a 61 1 0 1 0
a 62 1 0 1 0
a 63 1 0 1 0
a 64 1 0 1 0
a 65 1 0 1 0
a 66 1 0 1 0
a 67 1 0 1 0
a 68 1 0 1 0
a 69 1 0 1 0
a 70 1 0 1 0
a 71 1 0 1 0
a 72 1 0 1 0
a 73 1 0 1 0
a 74 1 0 1 0
a 75 1 0 1 0
a 76 1 0 1 0
a 77 1 0 1 0
a 78 1 0 1 0
a 79 1 0 1 0
a 80 1 0 1 0
