p min 80 575
n 0 7
n 1 -7
a 0 2 0 1 0
a 0 3 0 1 0
a 0 4 0 1 0
a 0 5 0 1 0
a 0 6 0 1 0
a 0 7 0 1 0
a 0 8 0 1 0
a 2 9 0 1 74149159302839.05
a 2 10 0 1 274184369891467.5
a 2 11 0 1 512215488713155.0
a 2 12 0 1 57564869217743.805
a 2 13 0 1 152127867762844.78
a 2 14 0 1 560556821761501.44
a 2 15 0 1 441538793175180.94
a 2 16 0 1 514539214524960.1
a 2 17 0 1 507311428943990.0
a 2 18 0 1 366493518884056.1
a 2 19 0 1 385545717471937.75
a 2 20 0 1 430728620090876.25
a 2 21 0 1 393751672818167.8
a 2 22 0 1 13227324824952.602
a 2 23 0 1 170040928425018.2
a 2 24 0 1 352694311932971.06
a 2 25 0 1 496895096892520.5
a 2 26 0 1 24255781895487.08
a 2 27 0 1 443761782893372.9
a 2 28 0 1 289533757200907.4
a 2 29 0 1 295798747171252.8
a 2 30 0 1 299515349758728.6
a 2 31 0 1 106246917482389.89
a 2 32 0 1 50826545337049.984
a 2 33 0 1 533561636573053.1
a 2 34 0 1 141111056302642.34
a 2 35 0 1 299626563547570.56
a 2 36 0 1 314563732076200.9
a 2 37 0 1 444172124628468.06
a 2 38 0 1 566183406513414.9
a 2 39 0 1 341751169944063.75
a 2 40 0 1 324638392918946.1
a 2 41 0 1 387834772481919.0
a 2 42 0 1 67304243791596.01
a 2 43 0 1 227296604529301.97
a 2 44 0 1 235950140630966.12
a 2 45 0 1 453903082567888.44
a 2 46 0 1 269093841618166.56
a 2 47 0 1 290086577134804.25
a 2 48 0 1 288718576503576.4
a 2 49 0 1 277651279737541.1
a 2 50 0 1 278172042681024.66
a 2 51 0 1 193643840796750.25
a 2 52 0 1 370369302226825.4
a 2 53 0 1 349658423234199.1
a 2 54 0 1 157362378675208.56
a 2 55 0 1 217918842559846.34
a 2 56 0 1 72824365263654.47
a 2 57 0 1 27667896158481.633
a 2 58 0 1 94982318904115.38
a 2 59 0 1 436509607087236.56
a 2 60 0 1 178814101878358.8
a 2 61 0 1 542003991509698.06
a 2 62 0 1 80492471688676.98
a 2 63 0 1 231025994548317.1
a 2 64 0 1 331986664842232.25
a 2 65 0 1 553451660330246.56
a 2 66 0 1 94088248448722.36
a 2 67 0 1 77919299964022.42
a 2 68 0 1 355873809476930.5
a 2 69 0 1 498067226033175.6
a 2 70 0 1 231957506094113.9
a 2 71 0 1 98019615289477.66
a 2 72 0 1 190011082972538.66
a 2 73 0 1 316590254072833.7
a 2 74 0 1 428682418420814.5
a 2 75 0 1 99703235500641.69
a 2 76 0 1 322116983591916.8
a 2 77 0 1 515602826594864.44
a 2 78 0 1 401344713613768.94
a 2 79 0 1 450446330321713.2
a 3 9 0 1 21733423717847.504
a 3 10 0 1 79066186224431.05
a 3 11 0 1 144861996442985.97
a 3 12 0 1 16895257992475.844
a 3 13 0 1 44307368156906.23
a 3 14 0 1 157907427604718.53
a 3 15 0 1 125597670289200.3
a 3 16 0 1 145491506550649.53
a 3 17 0 1 143532653472535.5
a 3 18 0 1 104892009717383.67
a 3 19 0 1 110173233888674.53
a 3 20 0 1 122631004010633.28
a 3 21 0 1 112442748689778.69
a 3 22 0 1 3896220235202.8438
a 3 23 0 1 49452393379294.336
a 3 24 0 1 101056437112189.83
a 3 25 0 1 140705467529419.84
a 3 26 0 1 7138349434295.847
a 3 27 0 1 126207067619446.73
a 3 28 0 1 83387998876346.23
a 3 29 0 1 85148833267555.23
a 3 30 0 1 86192556576726.03
a 3 31 0 1 31060238790256.945
a 3 32 0 1 14925733974991.139
a 3 33 0 1 150635558268886.7
a 3 34 0 1 41135580491610.0
a 3 35 0 1 86223778542151.92
a 3 36 0 1 90411990309115.89
a 3 37 0 1 126319531536591.14
a 3 38 0 1 159418941280538.25
a 3 39 0 1 98008464978845.05
a 3 40 0 1 93230960260861.84
a 3 41 0 1 110806628090813.64
a 3 42 0 1 19738129604328.812
a 3 43 0 1 65796262399356.63
a 3 44 0 1 68253073050167.62
a 3 45 0 1 128984272450487.11
a 3 46 0 1 77630459847316.23
a 3 47 0 1 83543447589556.73
a 3 48 0 1 83158750383263.83
a 3 49 0 1 80043297739689.44
a 3 50 0 1 80190020826043.4
a 3 51 0 1 56208597724759.44
a 3 52 0 1 105967724734920.42
a 3 53 0 1 100211412243669.14
a 3 54 0 1 45812399312938.0
a 3 55 0 1 63129878377938.73
a 3 56 0 1 21347419888022.316
a 3 57 0 1 8140260570363.778
a 3 58 0 1 27792593611427.082
a 3 59 0 1 124218163061015.72
a 3 60 0 1 51966726804602.8
a 3 61 0 1 152913280243257.4
a 3 62 0 1 23580511904611.723
a 3 63 0 1 66855496991191.12
a 3 64 0 1 95284095927313.84
a 3 65 0 1 155996665339875.66
a 3 66 0 1 27532983038397.02
a 3 67 0 1 22831469046408.78
a 3 68 0 1 101940977868278.12
a 3 69 0 1 141023851866911.78
a 3 70 0 1 67119966568984.7
a 3 71 0 1 28674247865865.88
a 3 72 0 1 55170446680207.586
a 3 73 0 1 90979405654722.77
a 3 74 0 1 122068855893516.02
a 3 75 0 1 29162773910927.457
a 3 76 0 1 92525891756240.64
a 3 77 0 1 145779562991452.6
a 3 78 0 1 114539987967111.8
a 3 79 0 1 128038166451111.45
a 4 9 0 1 55868806317696.34
a 4 10 0 1 205404640626254.03
a 4 11 0 1 381049774822922.7
a 4 12 0 1 43393554660718.336
a 4 13 0 1 114368216390719.06
a 4 14 0 1 416411137542038.0
a 4 15 0 1 329160673163521.8
a 4 16 0 1 382751980895520.7
a 4 17 0 1 377456589343495.25
a 4 18 0 1 273819532393165.0
a 4 19 0 1 287893087741681.8
a 4 20 0 1 321204348843005.75
a 4 21 0 1 293949721991358.3
a 4 22 0 1 9983545471441.148
a 4 23 0 1 127769403525296.5
a 4 24 0 1 263616212452763.62
a 4 25 0 1 369820986783175.0
a 4 26 0 1 18301754226914.586
a 4 27 0 1 330796152897862.6
a 4 28 0 1 216806894720006.28
a 4 29 0 1 221457847253354.12
a 4 30 0 1 224216131527132.0
a 4 31 0 1 79980220166053.58
a 4 32 0 1 38321394300064.62
a 4 33 0 1 396677368665464.75
a 4 34 0 1 106119368417189.28
a 4 35 0 1 224298659690251.44
a 4 36 0 1 235378094296884.2
a 4 37 0 1 331098021957802.6
a 4 38 0 1 420520073066716.56
a 4 39 0 1 255518703136756.84
a 4 40 0 1 242845271180362.3
a 4 41 0 1 289582890072039.8
a 4 42 0 1 50721264977044.1
a 4 43 0 1 170510133819962.7
a 4 44 0 1 176957459111961.5
a 4 45 0 1 338254418498856.3
a 4 46 0 1 201620867152838.88
a 4 47 0 1 217217362232360.2
a 4 48 0 1 216201600406125.47
a 4 49 0 1 207980931814131.53
a 4 50 0 1 208367869692036.62
a 4 51 0 1 145406019605673.56
a 4 52 0 1 276683818676966.3
a 4 53 0 1 261370301997892.2
a 4 54 0 1 118285718183148.61
a 4 55 0 1 163519527397422.2
a 4 56 0 1 54872686310907.19
a 4 57 0 1 20874288014879.27
a 4 58 0 1 71523452617975.16
a 4 59 0 1 325459825405078.1
a 4 60 0 1 134327740878001.34
a 4 61 0 1 402852365544662.8
a 4 62 0 1 60637333251551.26
a 4 63 0 1 173289120986984.88
a 4 64 0 1 248288863524515.25
a 4 65 0 1 411220388615489.06
a 4 66 0 1 70852005387133.1
a 4 67 0 1 58703183443968.03
a 4 68 0 1 265967924789368.5
a 4 69 0 1 370680450046153.44
a 4 70 0 1 173983149925670.94
a 4 71 0 1 73804206179712.61
a 4 72 0 1 142693121004473.88
a 4 73 0 1 236880480032880.88
a 4 74 0 1 319697749103634.9
a 4 75 0 1 75068291862708.12
a 4 76 0 1 240976863714256.38
a 4 77 0 1 383531030666916.25
a 4 78 0 1 299551306455543.56
a 4 79 0 1 335712719934473.4
a 5 9 0 1 68440229567167.68
a 5 10 0 1 252618523456463.66
a 5 11 0 1 470885220223864.06
a 5 12 0 1 53140626696885.49
a 5 13 0 1 140317377446702.83
a 5 14 0 1 515089979070269.0
a 5 15 0 1 406181015869848.1
a 5 16 0 1 473011066486188.75
a 5 17 0 1 466398453524758.3
a 5 18 0 1 337380677853450.94
a 5 19 0 1 354856795452368.7
a 5 20 0 1 396276527102347.5
a 5 21 0 1 362381962060718.0
a 5 22 0 1 12215502699150.71
a 5 23 0 1 156814488143686.88
a 5 24 0 1 324719047127612.4
a 5 25 0 1 456867032088414.3
a 5 26 0 1 22398161548356.902
a 5 27 0 1 408217505691126.5
a 5 28 0 1 266723168131212.47
a 5 29 0 1 272478942461269.44
a 5 30 0 1 275893142147391.53
a 5 31 0 1 98038673644182.06
a 5 32 0 1 46922989315460.516
a 5 33 0 1 490409965627379.94
a 5 34 0 1 130168729539453.73
a 5 35 0 1 275995303316657.03
a 5 36 0 1 289714673993090.9
a 5 37 0 1 408593411842605.25
a 5 38 0 1 520232355529387.9
a 5 39 0 1 314675678426873.7
a 5 40 0 1 298965792810373.4
a 5 41 0 1 356956062750917.75
a 5 42 0 1 62126097861920.086
a 5 43 0 1 209508125028489.6
a 5 44 0 1 217467334750920.47
a 5 45 0 1 417506880793396.6
a 5 46 0 1 247939914360811.66
a 5 47 0 1 267231082246392.03
a 5 48 0 1 265974195357441.34
a 5 49 0 1 255804641173786.9
a 5 50 0 1 256283208661995.75
a 5 51 0 1 178543462446385.62
a 5 52 0 1 340936353165939.06
a 5 53 0 1 321932985598166.56
a 5 54 0 1 145138678999838.56
a 5 55 0 1 200881363124102.8
a 5 56 0 1 67218225914975.62
a 5 57 0 1 25548190847168.21
a 5 58 0 1 87653141389806.44
a 5 59 0 1 401573435666057.94
a 5 60 0 1 164892215721653.3
a 5 61 0 1 498129697416067.94
a 5 62 0 1 74290965203162.12
a 5 63 0 1 212938439189759.1
a 5 64 0 1 305712281081761.2
a 5 65 0 1 508595449527713.1
a 5 66 0 1 86828752363758.88
a 5 67 0 1 71917687783300.67
a 5 68 0 1 327636727875762.2
a 5 69 0 1 457939680946206.7
a 5 70 0 1 213795211932746.12
a 5 71 0 1 90453620308225.62
a 5 72 0 1 175199735891809.06
a 5 73 0 1 291575681105311.6
a 5 74 0 1 394401525350436.56
a 5 75 0 1 92005903147748.88
a 5 76 0 1 296650657912972.6
a 5 77 0 1 473984073125960.9
a 5 78 0 1 369344011662580.8
a 5 79 0 1 414340719344438.56
a 6 9 0 1 82229324427197.42
a 6 10 0 1 304843045740264.9
a 6 11 0 1 571298592206937.4
a 6 12 0 1 63824507175519.34
a 6 13 0 1 168872347412683.1
a 6 14 0 1 625629066272490.4
a 6 15 0 1 491999198726896.94
a 6 16 0 1 573908500185797.2
a 6 17 0 1 565791129264898.9
a 6 18 0 1 407968793696403.25
a 6 19 0 1 429285665230579.1
a 6 20 0 1 479883984379999.3
a 6 21 0 1 438470466521147.06
a 6 22 0 1 14657543313391.682
a 6 23 0 1 188800296764024.28
a 6 24 0 1 392536245661367.0
a 6 25 0 1 554095691067934.56
a 6 26 0 1 26882160131148.316
a 6 27 0 1 494491007032769.1
a 6 28 0 1 321973291538216.4
a 6 29 0 1 328967176165502.06
a 6 30 0 1 333116738638246.3
a 6 31 0 1 117872587580081.77
a 6 32 0 1 56348690280865.21
a 6 33 0 1 595280138033229.1
a 6 34 0 1 156620930979235.4
a 6 35 0 1 333240914481654.3
a 6 36 0 1 349922394267674.06
a 6 37 0 1 494950986864072.5
a 6 38 0 1 631957625878962.5
a 6 39 0 1 380301939748756.0
a 6 40 0 1 361177329118221.25
a 6 41 0 1 431847561610875.2
a 6 42 0 1 74632078651936.84
a 6 43 0 1 252558571098283.22
a 6 44 0 1 262203233720407.03
a 6 45 0 1 505860618498461.3
a 6 46 0 1 299163456115249.7
a 6 47 0 1 322590381606017.5
a 6 48 0 1 321063355642208.7
a 6 49 0 1 308711577699619.44
a 6 50 0 1 309292699028432.5
a 6 51 0 1 215072261385563.78
a 6 52 0 1 412304378652561.6
a 6 53 0 1 389141792633841.1
a 6 54 0 1 174694688415430.34
a 6 55 0 1 242109215793704.44
a 6 56 0 1 80758818461473.03
a 6 57 0 1 30665038995449.414
a 6 58 0 1 105360390584294.45
a 6 59 0 1 486362419114803.0
a 6 60 0 1 198563668829109.5
a 6 61 0 1 604768810370453.4
a 6 62 0 1 89271011485104.61
a 6 63 0 1 256714834242588.25
a 6 64 0 1 369388402524312.06
a 6 65 0 1 617638922259694.6
a 6 66 0 1 104367452194024.95
a 6 67 0 1 86414406786427.27
a 6 68 0 1 396091569550233.0
a 6 69 0 1 555411583548694.94
a 6 70 0 1 257753032164265.12
a 6 71 0 1 108733725606229.53
a 6 72 0 1 211027653835536.16
a 6 73 0 1 352186083163754.56
a 6 74 0 1 477591167690593.3
a 6 75 0 1 110603729690475.69
a 6 76 0 1 358360242775798.94
a 6 77 0 1 575103160488040.9
a 6 78 0 1 446971087890732.06
a 6 79 0 1 501984823953789.9
a 7 9 0 1 90389023703467.34
a 7 10 0 1 335966255928174.06
a 7 11 0 1 631676509416354.4
a 7 12 0 1 70143095362968.62
a 7 13 0 1 185815645974540.4
a 7 14 0 1 692220861370487.0
a 7 15 0 1 543461439959803.75
a 7 16 0 1 634582941313700.4
a 7 17 0 1 625543968504809.5
a 7 18 0 1 450178798594659.6
a 7 19 0 1 473824005819441.94
a 7 20 0 1 529999975140878.6
a 7 21 0 1 484015932160263.56
a 7 22 0 1 16099618578498.78
a 7 23 0 1 207791288539361.4
a 7 24 0 1 433068521659158.9
a 7 25 0 1 612524061954213.0
a 7 26 0 1 29531044246939.168
a 7 27 0 1 546230657425081.9
a 7 28 0 1 354918003684198.6
a 7 29 0 1 362657854012877.25
a 7 30 0 1 367250636440042.75
a 7 31 0 1 129622339261427.2
a 7 32 0 1 61921888550037.45
a 7 33 0 1 658390193106477.8
a 7 34 0 1 172310469838814.75
a 7 35 0 1 367388082885039.25
a 7 36 0 1 385856126777663.6
a 7 37 0 1 546741865441770.3
a 7 38 0 1 699278880933534.6
a 7 39 0 1 419508867818420.06
a 7 40 0 1 398320749999734.2
a 7 41 0 1 476666579733650.4
a 7 42 0 1 82030753186313.73
a 7 43 0 1 278171119371444.22
a 7 44 0 1 288826799279379.2
a 7 45 0 1 558868277638047.25
a 7 46 0 1 329684493576480.6
a 7 47 0 1 355600858938553.2
a 7 48 0 1 353911111984453.7
a 7 49 0 1 340245444050340.8
a 7 50 0 1 340888288099534.94
a 7 51 0 1 236778712238397.9
a 7 52 0 1 454986911564372.1
a 7 53 0 1 429305931102284.5
a 7 54 0 1 192235189684888.94
a 7 55 0 1 266629189285224.0
a 7 56 0 1 88771101149595.56
a 7 57 0 1 33688124127830.766
a 7 58 0 1 115846195725710.66
a 7 59 0 1 537197778632541.25
a 7 60 0 1 218561683014588.53
a 7 61 0 1 668964527920139.0
a 7 62 0 1 98137393762946.38
a 7 63 0 1 282762765351045.4
a 7 64 0 1 407416548651498.3
a 7 65 0 1 683311426717450.8
a 7 66 0 1 114753125119850.5
a 7 67 0 1 94993956617247.83
a 7 68 0 1 437009772095391.06
a 7 69 0 1 613988776595584.2
a 7 70 0 1 283909789942744.7
a 7 71 0 1 119559900804592.4
a 7 72 0 1 232314874411828.25
a 7 73 0 1 388362839721566.2
a 7 74 0 1 527452848393457.0
a 7 75 0 1 121618714042553.53
a 7 76 0 1 395200555386192.44
a 7 77 0 1 635913398813489.5
a 7 78 0 1 493450765940399.44
a 7 79 0 1 554559816142999.25
a 8 9 0 1 57814540099697.0
a 8 10 0 1 212687557698288.22
a 8 11 0 1 394849919130266.0
a 8 12 0 1 44902565881346.63
a 8 13 0 1 118379257873811.72
a 8 14 0 1 431556741979406.06
a 8 15 0 1 341006964477962.2
a 8 16 0 1 396616632043913.8
a 8 17 0 1 391120652339483.9
a 8 18 0 1 283608502402190.3
a 8 19 0 1 298202670599901.06
a 8 20 0 1 332753185444248.2
a 8 21 0 1 304483892576818.2
a 8 22 0 1 10329342830232.174
a 8 23 0 1 132257639693021.8
a 8 24 0 1 273028830850229.38
a 8 25 0 1 383196261524996.06
a 8 26 0 1 18936295920704.18
a 8 27 0 1 342703658247591.25
a 8 28 0 1 224504642366781.9
a 8 29 0 1 229325127696377.44
a 8 30 0 1 232184043667509.78
a 8 31 0 1 82773714015619.45
a 8 32 0 1 39653214749564.58
a 8 33 0 1 411070723282719.94
a 8 34 0 1 109837438984583.4
a 8 35 0 1 232269583762674.4
a 8 36 0 1 243753910372807.53
a 8 37 0 1 343016828517283.2
a 8 38 0 1 435822756684465.9
a 8 39 0 1 264633294998706.94
a 8 40 0 1 251494575854747.4
a 8 41 0 1 299955100290259.3
a 8 42 0 1 52486640831432.016
a 8 43 0 1 176530527468773.0
a 8 44 0 1 183210333498052.8
a 8 45 0 1 350441381148938.4
a 8 46 0 1 208766374285707.03
a 8 47 0 1 224930064342516.72
a 8 48 0 1 223877298184574.0
a 8 49 0 1 215357479423349.84
a 8 50 0 1 215758484815145.72
a 8 51 0 1 150524595936553.1
a 8 52 0 1 286578603407985.5
a 8 53 0 1 270700202552136.88
a 8 54 0 1 122436097898077.7
a 8 55 0 1 169288254119112.6
a 8 56 0 1 56783501086742.23
a 8 57 0 1 21598244245186.723
a 8 58 0 1 74019050647885.06
a 8 59 0 1 337167686701821.7
a 8 60 0 1 139050065227169.62
a 8 61 0 1 417480729251695.06
a 8 62 0 1 62750342717675.5
a 8 63 0 1 179409676838730.72
a 8 64 0 1 257137849571391.0
a 8 65 0 1 426167778022439.1
a 8 66 0 1 73323976919374.31
a 8 67 0 1 60748321737177.26
a 8 68 0 1 275467205307717.44
a 8 69 0 1 384088204476119.56
a 8 70 0 1 180128730819075.6
a 8 71 0 1 76380086292664.56
a 8 72 0 1 147714564551586.78
a 8 73 0 1 245311282475283.2
a 8 74 0 1 331190323677928.8
a 8 75 0 1 77688686348758.17
a 8 76 0 1 249557691421110.47
a 8 77 0 1 397425213458066.44
a 8 78 0 1 310293480279356.9
a 8 79 0 1 347804390539542.3
a 9 1 0 1 0
a 10 1 0 1 0
a 11 1 0 1 0
a 12 1 0 1 0
a 13 1 0 1 0
a 14 1 0 1 0
a 15 1 0 1 0
a 16 1 0 1 0
a 17 1 0 1 0
a 18 1 0 1 0
a 19 1 0 1 0
a 20 1 0 1 0
a 21 1 0 1 0
a 22 1 0 1 0
a 23 1 0 1 0
a 24 1 0 1 0
a 25 1 0 1 0
a 26 1 0 1 0
a 27 1 0 1 0
a 28 1 0 1 0
a 29 1 0 1 0
a 30 1 0 1 0
a 31 1 0 1 0
a 32 1 0 1 0
a 33 1 0 1 0
a 34 1 0 1 0
a 35 1 0 1 0
a 36 1 0 1 0
a 37 1 0 1 0
a 38 1 0 1 0
a 39 1 0 1 0
a 40 1 0 1 0
a 41 1 0 1 0
a 42 1 0 1 0
a 43 1 0 1 0
a 44 1 0 1 0
a 45 1 0 1 0
a 46 1 0 1 0
a 47 1 0 1 0
a 48 1 0 1 0
a 49 1 0 1 0
a 50 1 0 1 0
a 51 1 0 1 0
a 52 1 0 1 0
a 53 1 0 1 0
a 54 1 0 1 0
a 55 1 0 1 0
a 56 1 0 1 0
a 57 1 0 1 0
a 58 1 0 1 0
a 59 1 0 1 0
a 60 1 0 1 0
a 61 1 0 1 0
a 62 1 0 1 0
a 63 1 0 1 0
a 64 1 0 1 0
a 65 1 0 1 0
a 66 1 0 1 0
a 67 1 0 1 0
a 68 1 0 1 0
a 69 1 0 1 0
a 70 1 0 1 0
a 71 1 0 1 0
a 72 1 0 1 0
a 73 1 0 1 0
a 74 1 0 1 0
a 75 1 0 1 0
a 76 1 0 1 0
a 77 1 0 1 0
a 78 1 0 1 0
a 79 1 0 1 0
