p min 81 583
n 0 7
n 1 -7
a 0 2 0 1 0
a 0 3 0 1 0
a 0 4 0 1 0
a 0 5 0 1 0
a 0 6 0 1 0
a 0 7 0 1 0
a 0 8 0 1 0
a 2 9 0 1 364145698991837.8
a 2 10 0 1 329265075964043.94
a 2 11 0 1 150184407776656.25
a 2 12 0 1 213671174430125.7
a 2 13 0 1 182953392523763.3
a 2 14 0 1 469514284098838.3
a 2 15 0 1 267348815412095.0
a 2 16 0 1 360823364769786.3
a 2 17 0 1 243723775426691.1
a 2 18 0 1 247571692458123.34
a 2 19 0 1 268713969382616.97
a 2 20 0 1 420388673796167.8
a 2 21 0 1 177273713567701.44
a 2 22 0 1 121958567878017.06
a 2 23 0 1 318131396219509.1
a 2 24 0 1 450962996570157.44
a 2 25 0 1 200830159028886.2
a 2 26 0 1 72742382864540.66
a 2 27 0 1 262222868459373.84
a 2 28 0 1 147116406303326.7
a 2 29 0 1 184048053166700.12
a 2 30 0 1 412181088908887.94
a 2 31 0 1 313257560136771.8
a 2 32 0 1 249768682686881.34
a 2 33 0 1 204512547014766.1
a 2 34 0 1 117803311310905.27
a 2 35 0 1 218594087856476.2
a 2 36 0 1 436195743499227.6
a 2 37 0 1 233585391248415.9
a 2 38 0 1 272462115148848.03
a 2 39 0 1 429348829362348.94
a 2 40 0 1 16069483909615.002
a 2 41 0 1 265694374165006.38
a 2 42 0 1 469165471804562.94
a 2 43 0 1 331123285503202.56
a 2 44 0 1 343252725813823.8
a 2 45 0 1 396402830828378.06
a 2 46 0 1 170827971812936.84
a 2 47 0 1 63932626714679.8
a 2 48 0 1 99904171849018.73
a 2 49 0 1 450148591886298.44
a 2 50 0 1 393358920812749.94
a 2 51 0 1 361784636174656.06
a 2 52 0 1 387164630302484.6
a 2 53 0 1 45007733042988.14
a 2 54 0 1 460684228833955.8
a 2 55 0 1 125755962846535.69
a 2 56 0 1 239047458350580.72
a 2 57 0 1 37566315437039.31
a 2 58 0 1 282103257874594.9
a 2 59 0 1 358847835790261.06
a 2 60 0 1 299738422017713.06
a 2 61 0 1 159924484230587.2
a 2 62 0 1 207688421740779.3
a 2 63 0 1 350301965345557.94
a 2 64 0 1 210586222032359.9
a 2 65 0 1 430189469079663.25
a 2 66 0 1 454754935684458.6
a 2 67 0 1 97266324975729.36
a 2 68 0 1 65662267157188.23
a 2 69 0 1 120781267321293.69
a 2 70 0 1 32683583772763.98
a 2 71 0 1 408622194457876.3
a 2 72 0 1 465483263969719.5
a 2 73 0 1 146693553052296.38
a 2 74 0 1 97691352542776.3
a 2 75 0 1 436275240786384.8
a 2 76 0 1 269247052457684.5
a 2 77 0 1 279511078066272.1
a 2 78 0 1 388387840771873.06
a 2 79 0 1 53182524879525.66
a 2 80 0 1 264713358834956.72
a 3 9 0 1 372576246696669.06
a 3 10 0 1 336856392353222.0
a 3 11 0 1 153574018498908.6
a 3 12 0 1 218530106976643.0
a 3 13 0 1 187098656050582.28
a 3 14 0 1 480522347819260.8
a 3 15 0 1 273467313306020.12
a 3 16 0 1 369173679023056.94
a 3 17 0 1 249285939581169.5
a 3 18 0 1 253224258161647.34
a 3 19 0 1 274864709344453.7
a 3 20 0 1 430187057818596.6
a 3 21 0 1 181287585440481.62
a 3 22 0 1 124701950133370.98
a 3 23 0 1 325456285061524.2
a 3 24 0 1 461512600994761.06
a 3 25 0 1 205390126687351.75
a 3 26 0 1 74369188641164.55
a 3 27 0 1 268220394825105.34
a 3 28 0 1 150435567073657.22
a 3 29 0 1 188218660393559.94
a 3 30 0 1 421778730866901.6
a 3 31 0 1 320466038598829.0
a 3 32 0 1 255472900449217.72
a 3 33 0 1 209158155651787.4
a 3 34 0 1 120451921531812.36
a 3 35 0 1 223567875895837.6
a 3 36 0 1 446381835467346.56
a 3 37 0 1 238909760097419.03
a 3 38 0 1 278701431799582.44
a 3 39 0 1 439366806120392.8
a 3 40 0 1 16426467414395.531
a 3 41 0 1 271773811535677.06
a 3 42 0 1 480164896777192.8
a 3 43 0 1 338759136754688.1
a 3 44 0 1 351179757705388.44
a 3 45 0 1 405615656306644.1
a 3 46 0 1 174692943027713.8
a 3 47 0 1 65360925815568.27
a 3 48 0 1 102145601557884.86
a 3 49 0 1 460678115814337.25
a 3 50 0 1 402497672915833.94
a 3 51 0 1 370158158403845.06
a 3 52 0 1 396152808824399.06
a 3 53 0 1 46010994851297.266
a 3 54 0 1 471473824493441.4
a 3 55 0 1 128586036265579.55
a 3 56 0 1 244499869123235.25
a 3 57 0 1 38402967240285.47
a 3 58 0 1 288570775166613.9
a 3 59 0 1 367150471358952.56
a 3 60 0 1 306624698380205.25
a 3 61 0 1 163538092215590.8
a 3 62 0 1 212407951121413.94
a 3 63 0 1 358398605061280.06
a 3 64 0 1 215373248055269.97
a 3 65 0 1 440228071803756.5
a 3 66 0 1 465398087472675.1
a 3 67 0 1 99447892313964.66
a 3 68 0 1 67129507070220.82
a 3 69 0 1 123497788588415.48
a 3 70 0 1 33411071879951.375
a 3 71 0 1 418132913286912.9
a 3 72 0 1 476391538080067.5
a 3 73 0 1 150003007912808.2
a 3 74 0 1 99882562794510.05
a 3 75 0 1 446463286280585.0
a 3 76 0 1 275410385538258.12
a 3 77 0 1 285917188881983.25
a 3 78 0 1 397405736211873.06
a 3 79 0 1 54369153368333.46
a 3 80 0 1 270769642120984.94
a 4 9 0 1 424175587701174.6
a 4 10 0 1 383287125188313.0
a 4 11 0 1 174234540479063.22
a 4 12 0 1 248182172817320.7
a 4 13 0 1 212380705168428.22
a 4 14 0 1 548040781523675.1
a 4 15 0 1 310844590029403.75
a 4 16 0 1 420278573778229.7
a 4 17 0 1 283249119738659.9
a 4 18 0 1 287742000196494.3
a 4 19 0 1 312439944193239.44
a 4 20 0 1 490225899968434.2
a 4 21 0 1 205765640021188.56
a 4 22 0 1 141414712124356.53
a 4 23 0 1 370247653888395.5
a 4 24 0 1 526194565738226.44
a 4 25 0 1 233210915165540.34
a 4 26 0 1 84270697646216.48
a 4 27 0 1 304855030552333.75
a 4 28 0 1 170665512854877.97
a 4 29 0 1 213655809272870.2
a 4 30 0 1 480577807825356.0
a 4 31 0 1 364541344703707.9
a 4 32 0 1 290307535342156.7
a 4 33 0 1 237503436964971.12
a 4 34 0 1 136586079424309.44
a 4 35 0 1 253923715637478.22
a 4 36 0 1 508816292164186.8
a 4 37 0 1 271414594980531.12
a 4 38 0 1 316820559084503.75
a 4 39 0 1 500762304642596.2
a 4 40 0 1 18596987837073.945
a 4 41 0 1 308911280601186.4
a 4 42 0 1 547629863004013.44
a 4 43 0 1 385463968688263.25
a 4 44 0 1 399677217363189.2
a 4 45 0 1 462039289942546.4
a 4 46 0 1 198260073546055.75
a 4 47 0 1 74052820562579.62
a 4 48 0 1 115794853205169.98
a 4 49 0 1 525235892524826.4
a 4 50 0 1 458464230382563.25
a 4 51 0 1 421406067784732.75
a 4 52 0 1 451190411262523.2
a 4 53 0 1 52114213459104.375
a 4 54 0 1 537640336808488.3
a 4 55 0 1 145828145438605.7
a 4 56 0 1 277789885631836.62
a 4 57 0 1 43491942802111.57
a 4 58 0 1 328091500711700.2
a 4 59 0 1 417961572691333.25
a 4 60 0 1 348718792589675.4
a 4 61 0 1 185567971388122.3
a 4 62 0 1 241206006045952.3
a 4 63 0 1 407940636758283.5
a 4 64 0 1 244584776148336.7
a 4 65 0 1 501751024013965.3
a 4 66 0 1 530658651208757.2
a 4 67 0 1 112731960514039.27
a 4 68 0 1 76058659448839.4
a 4 69 0 1 140046549232597.86
a 4 70 0 1 37835659910993.13
a 4 71 0 1 476395288264349.6
a 4 72 0 1 543292394286972.0
a 4 73 0 1 170173636982239.5
a 4 74 0 1 113225454054789.81
a 4 75 0 1 508909817537778.0
a 4 76 0 1 313062941794028.9
a 4 77 0 1 325060706833371.06
a 4 78 0 1 452626657174767.1
a 4 79 0 1 61588940609078.45
a 4 80 0 1 307764966575619.4
a 5 9 0 1 512839483589741.06
a 5 10 0 1 462939764221857.06
a 5 11 0 1 209392683421770.72
a 5 12 0 1 298783334253593.6
a 5 13 0 1 255465489740052.8
a 5 14 0 1 664645010675391.9
a 5 15 0 1 374783520203893.1
a 5 16 0 1 508079149267756.7
a 5 17 0 1 341285549170660.7
a 5 18 0 1 346736329413466.5
a 5 19 0 1 376721505217731.4
a 5 20 0 1 593667204581467.6
a 5 21 0 1 247469801827590.78
a 5 22 0 1 169819928524467.28
a 5 23 0 1 447048265876851.0
a 5 24 0 1 637799681500665.8
a 5 25 0 1 280659796892719.56
a 5 26 0 1 101063780121232.19
a 5 27 0 1 367508959215168.5
a 5 28 0 1 205086315498225.7
a 5 29 0 1 257007011725748.16
a 5 30 0 1 581843351603216.1
a 5 31 0 1 440097136285895.06
a 5 32 0 1 349849386289256.56
a 5 33 0 1 285854787822406.06
a 5 34 0 1 164002948851780.78
a 5 35 0 1 305737285006249.0
a 5 36 0 1 616466700827646.9
a 5 37 0 1 326933602498953.56
a 5 38 0 1 382043722286082.25
a 5 39 0 1 606586473645919.0
a 5 40 0 1 22269392206147.473
a 5 41 0 1 372435202833229.6
a 5 42 0 1 664139775356438.6
a 5 43 0 1 465593750096107.9
a 5 44 0 1 482929580436610.3
a 5 45 0 1 559140757899590.44
a 5 46 0 1 238400831567563.8
a 5 47 0 1 88788840471663.69
a 5 48 0 1 138971161712593.83
a 5 49 0 1 636622340004402.6
a 5 50 0 1 554765177412289.56
a 5 51 0 1 509456324056715.94
a 5 52 0 1 545865105110073.06
a 5 53 0 1 62453139948936.914
a 5 54 0 1 651860757282366.8
a 5 55 0 1 175137882678460.66
a 5 56 0 1 334664001453863.44
a 5 57 0 1 52110015482435.48
a 5 58 0 1 395742636251831.1
a 5 59 0 1 505249302426066.5
a 5 60 0 1 420833324963274.7
a 5 61 0 1 223072389113339.7
a 5 62 0 1 290336660813054.94
a 5 63 0 1 493014172588589.56
a 5 64 0 1 294427284949051.94
a 5 65 0 1 607799161251312.4
a 5 66 0 1 643282782359328.8
a 5 67 0 1 135285626566999.08
a 5 68 0 1 91198036261060.19
a 5 69 0 1 168171589275414.0
a 5 70 0 1 45327061619155.6
a 5 71 0 1 576719462294981.0
a 5 72 0 1 658807410302510.9
a 5 73 0 1 204492878248716.1
a 5 74 0 1 135879404610238.72
a 5 75 0 1 616581457470561.9
a 5 76 0 1 377478344217324.1
a 5 77 0 1 392058199468519.56
a 5 78 0 1 547622197497527.8
a 5 79 0 1 73823589452730.6
a 5 80 0 1 371042924769999.3
a 6 9 0 1 275978068010889.38
a 6 10 0 1 249786827229500.84
a 6 11 0 1 114499419017375.33
a 6 12 0 1 162616747681878.8
a 6 13 0 1 139356662256667.12
a 6 14 0 1 354777712320841.1
a 6 15 0 1 203166330165643.84
a 6 16 0 1 273485645406976.25
a 6 17 0 1 185334422153158.7
a 6 18 0 1 188240406681790.38
a 6 19 0 1 204196005333661.78
a 6 20 0 1 318099234211713.9
a 6 21 0 1 135051530178664.3
a 6 22 0 1 93052186863879.83
a 6 23 0 1 241415723857658.44
a 6 24 0 1 340939187135944.9
a 6 25 0 1 152898147028513.62
a 6 26 0 1 55575698133044.29
a 6 27 0 1 199299345567467.7
a 6 28 0 1 112169839097044.31
a 6 29 0 1 140186245940708.48
a 6 30 0 1 311960998528824.56
a 6 31 0 1 237749547360734.53
a 6 32 0 1 189899312456630.1
a 6 33 0 1 155685841919032.22
a 6 34 0 1 89892015800181.62
a 6 35 0 1 166340754305377.53
a 6 36 0 1 329912676752883.3
a 6 37 0 1 177674798817957.38
a 6 38 0 1 207022656600363.44
a 6 39 0 1 324796956601283.9
a 6 40 0 1 12296088674179.236
a 6 41 0 1 201918351821619.1
a 6 42 0 1 354517650745766.56
a 6 43 0 1 251183444494763.84
a 6 44 0 1 260296198127996.2
a 6 45 0 1 300152647060175.25
a 6 46 0 1 130164081169776.97
a 6 47 0 1 48856686209315.07
a 6 48 0 1 76271025502790.69
a 6 49 0 1 340331329559976.0
a 6 50 0 1 297873361963588.7
a 6 51 0 1 274206842342385.34
a 6 52 0 1 293233827637227.56
a 6 53 0 1 34412148741991.36
a 6 54 0 1 348192713902311.44
a 6 55 0 1 95939562328824.55
a 6 56 0 1 181801973626579.75
a 6 57 0 1 28728363668087.312
a 6 58 0 1 214290734541700.75
a 6 59 0 1 272003373349299.0
a 6 60 0 1 227574905554039.6
a 6 61 0 1 121892580363472.16
a 6 62 0 1 158089627449959.8
a 6 63 0 1 265589326842194.88
a 6 64 0 1 160282568499929.62
a 6 65 0 1 325425156295260.9
a 6 66 0 1 343769044206638.6
a 6 67 0 1 74262527698770.58
a 6 68 0 1 50176101010538.36
a 6 69 0 1 92156895414498.55
a 6 70 0 1 24997663916962.594
a 6 71 0 1 309298486688189.06
a 6 72 0 1 351772008338069.75
a 6 73 0 1 111848729172238.47
a 6 74 0 1 74586169995550.48
a 6 75 0 1 329972061733732.0
a 6 76 0 1 204598064688289.88
a 6 77 0 1 212336982613531.1
a 6 78 0 1 294150145999783.6
a 6 79 0 1 40653435258328.555
a 6 80 0 1 201178297047473.3
a 7 9 0 1 455276243315933.1
a 7 10 0 1 411245703583135.1
a 7 11 0 1 186616301830330.8
a 7 12 0 1 265982043824366.97
a 7 13 0 1 227545053299920.84
a 7 14 0 1 588856798293061.0
a 7 15 0 1 333313893180644.3
a 7 16 0 1 451078387657662.75
a 7 17 0 1 303653160383676.0
a 7 18 0 1 308481330369121.4
a 7 19 0 1 335029076539752.3
a 7 20 0 1 526470008037520.25
a 7 21 0 1 220445568136182.3
a 7 22 0 1 151423309781396.44
a 7 23 0 1 397210892514863.9
a 7 24 0 1 565275294120645.5
a 7 25 0 1 249905839612363.28
a 7 26 0 1 90192874797086.94
a 7 27 0 1 326874871956025.56
a 7 28 0 1 182788268977306.16
a 7 29 0 1 228913624115413.6
a 7 30 0 1 516065332718024.2
a 7 31 0 1 391070015316018.56
a 7 32 0 1 311238490594050.8
a 7 33 0 1 254514750821469.78
a 7 34 0 1 146247144042575.88
a 7 35 0 1 272148424829446.25
a 7 36 0 1 546523341634903.75
a 7 37 0 1 290937244125233.75
a 7 38 0 1 339738968795784.2
a 7 39 0 1 537834728933508.6
a 7 40 0 1 19893348924263.016
a 7 41 0 1 331235433692164.25
a 7 42 0 1 588413152668063.9
a 7 43 0 1 413589025267172.44
a 7 44 0 1 428891469731118.8
a 7 45 0 1 496078140076175.06
a 7 46 0 1 212391328450342.53
a 7 47 0 1 79250359359083.92
a 7 48 0 1 123964224772722.75
a 7 49 0 1 564240687170133.2
a 7 50 0 1 492224476863394.3
a 7 51 0 1 452292892068905.1
a 7 52 0 1 484384573089319.9
a 7 53 0 1 55762049119037.72
a 7 54 0 1 577629050410516.0
a 7 55 0 1 156154755362396.0
a 7 56 0 1 297787022109567.44
a 7 57 0 1 46533007404810.2
a 7 58 0 1 351858755803736.06
a 7 59 0 1 448582656479750.1
a 7 60 0 1 374045694357844.8
a 7 61 0 1 198773717930812.34
a 7 62 0 1 258490495453137.7
a 7 63 0 1 437789901679178.3
a 7 64 0 1 262118769547413.75
a 7 65 0 1 538901287480279.9
a 7 66 0 1 570093205252260.8
a 7 67 0 1 120682226977457.22
a 7 68 0 1 81398305701506.67
a 7 69 0 1 149956633516973.28
a 7 70 0 1 40479377316965.445
a 7 71 0 1 511555391489980.94
a 7 72 0 1 583730435344331.6
a 7 73 0 1 182260715445581.28
a 7 74 0 1 121211011563050.62
a 7 75 0 1 546624243930854.8
a 7 76 0 1 335698881177972.7
a 7 77 0 1 348599471659437.0
a 7 78 0 1 485932513824405.1
a 7 79 0 1 65905025600971.734
a 7 80 0 1 330003088875742.75
a 8 9 0 1 486038876715947.5
a 8 10 0 1 438880454223394.9
a 8 11 0 1 198811027616449.72
a 8 12 0 1 283534798215689.5
a 8 13 0 1 242489849288969.1
a 8 14 0 1 629319545590133.8
a 8 15 0 1 355494984868922.56
a 8 16 0 1 481541342845385.8
a 8 17 0 1 323785943403373.2
a 8 18 0 1 328946518610426.2
a 8 19 0 1 357329073305504.94
a 8 20 0 1 562362619541350.5
a 8 21 0 1 234911352995540.16
a 8 22 0 1 161275369784376.0
a 8 23 0 1 423855741139539.8
a 8 24 0 1 604002293047302.4
a 8 25 0 1 266364820541417.44
a 8 26 0 1 96016983752670.1
a 8 27 0 1 348610026357846.44
a 8 28 0 1 194727194362122.53
a 8 29 0 1 243950855425004.22
a 8 30 0 1 551202581521068.6
a 8 31 0 1 417282811944098.4
a 8 32 0 1 331893678424504.25
a 8 33 0 1 271286865289342.94
a 8 34 0 1 155756350673298.84
a 8 35 0 1 290121868907044.44
a 8 36 0 1 583877280774212.5
a 8 37 0 1 310196461444006.0
a 8 38 0 1 362365737213778.56
a 8 39 0 1 574554622103537.6
a 8 40 0 1 21166896762860.89
a 8 41 0 1 353272503464991.25
a 8 42 0 1 628843151347077.1
a 8 43 0 1 441389388764226.4
a 8 44 0 1 457775680101354.75
a 8 45 0 1 529769784557362.9
a 8 46 0 1 226314694733984.22
a 8 47 0 1 84360983357938.6
a 8 48 0 1 132002443366088.94
a 8 49 0 1 602891763905281.1
a 8 50 0 1 525638218615557.4
a 8 51 0 1 482842516884326.8
a 8 52 0 1 517233764037682.1
a 8 53 0 1 59347615079982.09
a 8 54 0 1 617264102206195.4
a 8 55 0 1 166320593234209.16
a 8 56 0 1 317516469962893.9
a 8 57 0 1 49521745903514.18
a 8 58 0 1 375328137816322.6
a 8 59 0 1 478867592446077.9
a 8 60 0 1 399064128752646.3
a 8 61 0 1 211782434965086.72
a 8 62 0 1 275533010819374.2
a 8 63 0 1 467306256450766.4
a 8 64 0 1 279408284260778.0
a 8 65 0 1 575698938818210.9
a 8 66 0 1 609174011049631.4
a 8 67 0 1 128504466195472.84
a 8 68 0 1 86648831262321.08
a 8 69 0 1 159711501132715.44
a 8 70 0 1 43077369843176.125
a 8 71 0 1 546365828317440.5
a 8 72 0 1 623814988546953.1
a 8 73 0 1 194164407008464.66
a 8 74 0 1 129068036905984.19
a 8 75 0 1 583985554348837.5
a 8 76 0 1 358045325782500.9
a 8 77 0 1 371842008583130.3
a 8 78 0 1 518893085311437.2
a 8 79 0 1 70148081243662.27
a 8 80 0 1 351954801037985.4
a 9 1 0 1 0
a 10 1 0 1 0
a 11 1 0 1 0
a 12 1 0 1 0
a 13 1 0 1 0
a 14 1 0 1 0
a 15 1 0 1 0
a 16 1 0 1 0
a 17 1 0 1 0
a 18 1 0 1 0
a 19 1 0 1 0
a 20 1 0 1 0
a 21 1 0 1 0
a 22 1 0 1 0
a 23 1 0 1 0
a 24 1 0 1 0
a 25 1 0 1 0
a 26 1 0 1 0
a 27 1 0 1 0
a 28 1 0 1 0
a 29 1 0 1 0
a 30 1 0 1 0
a 31 1 0 1 0
a 32 1 0 1 0
a 33 1 0 1 0
a 34 1 0 1 0
a 35 1 0 1 0
a 36 1 0 1 0
a 37 1 0 1 0
a 38 1 0 1 0
a 39 1 0 1 0
a 40 1 0 1 0
a 41 1 0 1 0
a 42 1 0 1 0
a 43 1 0 1 0
a 44 1 0 1 0
a 45 1 0 1 0
a 46 1 0 1 0
a 47 1 0 1 0
a 48 1 0 1 0
a 49 1 0 1 0
a 50 1 0 1 0
a 51 1 0 1 0
a 52 1 0 1 0
a 53 1 0 1 0
a 54 1 0 1 0
a 55 1 0 1 0
a 56 1 0 1 0
a 57 1 0 1 0
a 58 1 0 1 0
a 59 1 0 1 0
a 60 1 0 1 0
a 61 1 0 1 0
a 62 1 0 1 0
a 63 1 0 1 0
a 64 1 0 1 0
a 65 1 0 1 0
a 66 1 0 1 0
a 67 1 0 1 0
a 68 1 0 1 0
a 69 1 0 1 0
a 70 1 0 1 0
a 71 1 0 1 0
a 72 1 0 1 0
a 73 1 0 1 0
a 74 1 0 1 0
a 75 1 0 1 0
a 76 1 0 1 0
a 77 1 0 1 0
a 78 1 0 1 0
a 79 1 0 1 0
a 80 1 0 1 0
