p min 81 583
n 0 7
n 1 -7
a 0 2 0 1 0
a 0 3 0 1 0
a 0 4 0 1 0
a 0 5 0 1 0
a 0 6 0 1 0
a 0 7 0 1 0
a 0 8 0 1 0
a 2 9 0 1 395354300993942.44
a 2 10 0 1 28046337304557.555
a 2 11 0 1 299086284799354.9
a 2 12 0 1 350839208102675.06
a 2 13 0 1 126461029318448.28
a 2 14 0 1 78544092412996.66
a 2 15 0 1 525004447233137.94
a 2 16 0 1 73097923393240.3
a 2 17 0 1 729549589209223.8
a 2 18 0 1 355985473485570.9
a 2 19 0 1 221427444627359.28
a 2 20 0 1 428365513910447.3
a 2 21 0 1 322026750736334.2
a 2 22 0 1 203258796693873.56
a 2 23 0 1 821545891034741.6
a 2 24 0 1 659046673142859.2
a 2 25 0 1 704096613705731.9
a 2 26 0 1 395528119989392.94
a 2 27 0 1 745505900498345.0
a 2 28 0 1 148472667472123.16
a 2 29 0 1 737966422280610.6
a 2 30 0 1 523528699924638.9
a 2 31 0 1 175709109375129.1
a 2 32 0 1 211632470251931.03
a 2 33 0 1 779512022185060.9
a 2 34 0 1 742410207058878.6
a 2 35 0 1 691197641299683.1
a 2 36 0 1 79818556735908.72
a 2 37 0 1 488741525999039.9
a 2 38 0 1 80846376458201.81
a 2 39 0 1 605650433919859.0
a 2 40 0 1 803374098258136.4
a 2 41 0 1 190551485266937.38
a 2 42 0 1 708611065833298.9
a 2 43 0 1 458441851535695.2
a 2 44 0 1 312496523267696.94
a 2 45 0 1 605927178068681.6
a 2 46 0 1 365773042425217.5
a 2 47 0 1 199325870627015.56
a 2 48 0 1 769747128213109.9
a 2 49 0 1 204331045282262.06
a 2 50 0 1 493842162691229.3
a 2 51 0 1 70522737242677.56
a 2 52 0 1 734555507576781.0
a 2 53 0 1 122110038350828.05
a 2 54 0 1 23743792420886.05
a 2 55 0 1 195677264008129.34
a 2 56 0 1 738530448316260.8
a 2 57 0 1 159476068613852.7
a 2 58 0 1 194284992479286.75
a 2 59 0 1 781668496823178.1
a 2 60 0 1 464688929025277.8
a 2 61 0 1 191894198568878.56
a 2 62 0 1 280821460466362.84
a 2 63 0 1 337990352084488.7
a 2 64 0 1 10282442824342.574
a 2 65 0 1 407233451748018.3
a 2 66 0 1 379552308073618.8
a 2 67 0 1 47060362701598.96
a 2 68 0 1 527884025972818.06
a 2 69 0 1 793023801086053.6
a 2 70 0 1 419557122617991.3
a 2 71 0 1 371219482003089.1
a 2 72 0 1 731461776861722.6
a 2 73 0 1 141210319032956.28
a 2 74 0 1 330575028499424.2
a 2 75 0 1 605835042970102.2
a 2 76 0 1 118088986024145.0
a 2 77 0 1 781983281353971.8
a 2 78 0 1 89573822164107.2
a 2 79 0 1 272298962805264.06
a 2 80 0 1 156357023707868.47
a 3 9 0 1 206459524017353.9
a 3 10 0 1 14941892523312.336
a 3 11 0 1 157014297931103.97
a 3 12 0 1 183661919243285.38
a 3 13 0 1 67016175713225.83
a 3 14 0 1 41731237941524.08
a 3 15 0 1 272207828497923.44
a 3 16 0 1 38849050731440.89
a 3 17 0 1 373969605213288.06
a 3 18 0 1 186303314305332.88
a 3 19 0 1 116738770727533.44
a 3 20 0 1 223291999009930.06
a 3 21 0 1 168845369289908.75
a 3 22 0 1 107266089820643.81
a 3 23 0 1 418952980604669.9
a 3 24 0 1 339166194952122.56
a 3 25 0 1 361437869389471.7
a 3 26 0 1 206548318839956.3
a 3 27 0 1 381806659615915.94
a 3 28 0 1 78587160441146.25
a 3 29 0 1 378105417825691.2
a 3 30 0 1 271464889566085.3
a 3 31 0 1 92866187073587.8
a 3 32 0 1 111634271238150.64
a 3 33 0 1 398460121523692.5
a 3 34 0 1 380287333562509.94
a 3 35 0 1 355072843206908.56
a 3 36 0 1 42405456220915.15
a 3 37 0 1 253915594981618.75
a 3 38 0 1 42949126468965.51
a 3 39 0 1 312617011321498.7
a 3 40 0 1 410106121512013.5
a 3 41 0 1 100629542568324.86
a 3 42 0 1 363663273454960.9
a 3 43 0 1 238573381039725.06
a 3 44 0 1 163934026197615.9
a 3 45 0 1 312755034589568.75
a 3 46 0 1 191322721339114.2
a 3 47 0 1 105213062850715.17
a 3 48 0 1 393684872428638.1
a 3 49 0 1 107825660199073.36
a 3 50 0 1 256493101645879.78
a 3 51 0 1 37485634465440.71
a 3 52 0 1 376429874458487.4
a 3 53 0 1 64725672681124.836
a 3 54 0 1 12652607969989.04
a 3 55 0 1 103307658873435.61
a 3 56 0 1 378382419782699.8
a 3 57 0 1 84360952463336.73
a 3 58 0 1 102580374310550.8
a 3 59 0 1 399513945736582.75
a 3 60 0 1 241740907367734.12
a 3 61 0 1 101331229170290.0
a 3 62 0 1 147572953388942.06
a 3 63 0 1 177060408192880.3
a 3 64 0 1 5483281660827.497
a 3 65 0 1 212523946050405.16
a 3 66 0 1 198379869030663.2
a 3 67 0 1 25046106172951.453
a 3 68 0 1 273657140625482.62
a 3 69 0 1 405058632555703.75
a 3 70 0 1 218806718642627.97
a 3 71 0 1 194113459113719.28
a 3 72 0 1 374909562327761.0
a 3 73 0 1 74772594786065.45
a 3 74 0 1 173246226776050.28
a 3 75 0 1 312709083656251.6
a 3 76 0 1 62607893863340.35
a 3 77 0 1 399667751997769.2
a 3 78 0 1 47563109015186.555
a 3 79 0 1 143160991473241.94
a 3 80 0 1 82725008532782.72
a 4 9 0 1 284753650277475.1
a 4 10 0 1 20437924537203.87
a 4 11 0 1 216086806057566.9
a 4 12 0 1 253055806279645.16
a 4 13 0 1 91870298319083.44
a 4 14 0 1 57146168884827.58
a 4 15 0 1 376537950923245.9
a 4 16 0 1 53192805988605.19
a 4 17 0 1 519702225595813.7
a 4 18 0 1 256725085034208.6
a 4 19 0 1 160376965457202.47
a 4 20 0 1 308199413102871.4
a 4 21 0 1 232489544214238.8
a 4 22 0 1 147302825049787.56
a 4 23 0 1 583428282874037.0
a 4 24 0 1 470584892008885.9
a 4 25 0 1 501997782277913.6
a 4 26 0 1 284877238009982.1
a 4 27 0 1 530784908669706.75
a 4 28 0 1 107786133335210.42
a 4 29 0 1 525549806717714.44
a 4 30 0 1 375497724617004.8
a 4 31 0 1 127448875272463.73
a 4 32 0 1 153330417254373.84
a 4 33 0 1 554362795286006.06
a 4 34 0 1 528635723263284.0
a 4 35 0 1 493013533813282.3
a 4 36 0 1 58071103684214.266
a 4 37 0 1 350946726799034.7
a 4 38 0 1 58816983423242.26
a 4 39 0 1 433224760283754.06
a 4 40 0 1 570873542440662.6
a 4 41 0 1 138149549049778.89
a 4 42 0 1 505140224371434.2
a 4 43 0 1 329515696017250.9
a 4 44 0 1 225678303277844.88
a 4 45 0 1 433418747203625.1
a 4 46 0 1 263700160663499.38
a 4 47 0 1 144470677103105.2
a 4 48 0 1 547598175745328.7
a 4 49 0 1 148074839767792.6
a 4 50 0 1 354550112625143.7
a 4 51 0 1 51323010558592.37
a 4 52 0 1 523180496164786.9
a 4 53 0 1 88721608082795.2
a 4 54 0 1 17304900277181.098
a 4 55 0 1 141842629294394.2
a 4 56 0 1 525941539196536.0
a 4 57 0 1 115733921305986.33
a 4 58 0 1 140839629951877.38
a 4 59 0 1 555856060606449.44
a 4 60 0 1 333937848921701.94
a 4 61 0 1 139117080396875.28
a 4 62 0 1 203009575140562.16
a 4 63 0 1 243889148560982.1
a 4 64 0 1 7497177492007.576
a 4 65 0 1 293196601708343.6
a 4 66 0 1 273512243828991.28
a 4 67 0 1 34273434485361.41
a 4 68 0 1 378567410998479.06
a 4 69 0 1 563715353987984.5
a 4 70 0 1 301948426024669.9
a 4 71 0 1 267579589328199.6
a 4 72 0 1 521031018530831.4
a 4 73 0 1 102537456406493.08
a 4 74 0 1 238595357521229.22
a 4 75 0 1 433354164481767.4
a 4 76 0 1 85810910321056.77
a 4 77 0 1 556074016191488.6
a 4 78 0 1 65148462234700.35
a 4 79 0 1 196902303985421.5
a 4 80 0 1 113481594226882.22
a 5 9 0 1 252843467861080.8
a 5 10 0 1 18209034522072.46
a 5 11 0 1 192042313924596.72
a 5 12 0 1 224790253149942.34
a 5 13 0 1 81777467359951.3
a 5 14 0 1 50890471394432.6
a 5 15 0 1 333940749383597.4
a 5 16 0 1 47372240307001.7
a 5 17 0 1 460032658095672.06
a 5 18 0 1 228038840950655.72
a 5 19 0 1 142633475717031.94
a 5 20 0 1 273578246569472.44
a 5 21 0 1 206576141472056.75
a 5 22 0 1 131027711607661.17
a 5 23 0 1 515998684398878.25
a 5 24 0 1 416828504807722.75
a 5 25 0 1 444466415763814.75
a 5 26 0 1 252952799314876.4
a 5 27 0 1 469772958580179.5
a 5 28 0 1 95925410043783.86
a 5 29 0 1 465172330049616.56
a 5 30 0 1 333022764109673.3
a 5 31 0 1 113396096607197.34
a 5 32 0 1 136378823403957.81
a 5 33 0 1 490484956656516.5
a 5 34 0 1 467884327177643.25
a 5 35 0 1 436564284661200.7
a 5 36 0 1 51713551201321.89
a 5 37 0 1 311349358997170.1
a 5 38 0 1 52377279657059.766
a 5 39 0 1 383926870170416.56
a 5 40 0 1 504980674974607.06
a 5 41 0 1 122900120665066.36
a 5 42 0 1 447229898087174.3
a 5 43 0 1 292418517492639.9
a 5 44 0 1 200541725511109.44
a 5 45 0 1 384097794149694.44
a 5 46 0 1 234213340562857.62
a 5 47 0 1 128513129651477.88
a 5 48 0 1 484543974148508.44
a 5 49 0 1 131713129171058.11
a 5 50 0 1 314531295063520.8
a 5 51 0 1 45708123480620.33
a 5 52 0 1 463089949595424.56
a 5 53 0 1 78977844058224.3
a 5 54 0 1 15418293895253.732
a 5 55 0 1 126179597850032.72
a 5 56 0 1 465516609380537.5
a 5 57 0 1 102988218916128.69
a 5 58 0 1 125288959373273.23
a 5 59 0 1 491796255225661.5
a 5 60 0 1 296325664760388.9
a 5 61 0 1 123759324438093.42
a 5 62 0 1 180450613602294.0
a 5 63 0 1 216673198923571.66
a 5 64 0 1 6680646115263.5625
a 5 65 0 1 260311669581171.3
a 5 66 0 1 242897297118611.66
a 5 67 0 1 30530379053348.242
a 5 68 0 1 335731645333924.3
a 5 69 0 1 498696922576034.9
a 5 70 0 1 268051313755905.38
a 5 71 0 1 237647008501800.72
a 5 72 0 1 461200660681754.5
a 5 73 0 1 91260379979682.8
a 5 74 0 1 211984666128509.44
a 5 75 0 1 384040889713727.94
a 5 76 0 1 76389629049947.1
a 5 77 0 1 491987646521665.2
a 5 78 0 1 58010902809438.18
a 5 79 0 1 175035751210514.84
a 5 80 0 1 100986832600712.38
a 6 9 0 1 337236192435319.2
a 6 10 0 1 24070790081013.74
a 6 11 0 1 255537717922979.25
a 6 12 0 1 299492243509051.7
a 6 13 0 1 108359877130434.55
a 6 14 0 1 67354776184258.95
a 6 15 0 1 446827378552326.1
a 6 16 0 1 62690072773903.055
a 6 17 0 1 618682119867654.8
a 6 18 0 1 303858721451539.1
a 6 19 0 1 189433655901398.6
a 6 20 0 1 365187991603105.0
a 6 21 0 1 275031133286025.4
a 6 22 0 1 173942993561686.6
a 6 23 0 1 695549557019627.8
a 6 24 0 1 559593311877162.25
a 6 25 0 1 597367789071131.6
a 6 26 0 1 337383456528776.94
a 6 27 0 1 632033567435978.4
a 6 28 0 1 127174490352838.98
a 6 29 0 1 625725905108885.8
a 6 30 0 1 445582810571328.1
a 6 31 0 1 150435832157326.47
a 6 32 0 1 181083607979469.2
a 6 33 0 1 660461420572810.8
a 6 34 0 1 629443871428128.2
a 6 35 0 1 586558440269086.1
a 6 36 0 1 68446247615538.63
a 6 37 0 1 416225978938301.94
a 6 38 0 1 69326455200790.164
a 6 39 0 1 514738814201054.06
a 6 40 0 1 680387382519060.6
a 6 41 0 1 163103018739124.88
a 6 42 0 1 601149674067365.0
a 6 43 0 1 390626305158055.1
a 6 44 0 1 266934803402336.25
a 6 45 0 1 514971514989325.8
a 6 46 0 1 312161064888318.5
a 6 47 0 1 170588508213112.12
a 6 48 0 1 652302070853830.9
a 6 49 0 1 174857462135531.78
a 6 50 0 1 420532691808425.56
a 6 51 0 1 60484105441569.95
a 6 52 0 1 622871685294372.0
a 6 53 0 1 104639196802245.66
a 6 54 0 1 20379559320142.79
a 6 55 0 1 167476126239494.25
a 6 56 0 1 626197841282149.9
a 6 57 0 1 136574531676607.64
a 6 58 0 1 166288371352763.78
a 6 59 0 1 662262920788690.9
a 6 60 0 1 395906619558996.06
a 6 61 0 1 164248640783405.94
a 6 62 0 1 240006333302939.22
a 6 63 0 1 288586889789784.9
a 6 64 0 1 8827472079523.22
a 6 65 0 1 347298452735719.44
a 6 66 0 1 323844563443367.25
a 6 67 0 1 40377036043203.58
a 6 68 0 1 449255673637616.7
a 6 69 0 1 671746612895338.5
a 6 70 0 1 357732791606140.6
a 6 71 0 1 316779798195022.8
a 6 72 0 1 620282565581451.9
a 6 73 0 1 120968474712069.38
a 6 74 0 1 282290979696596.8
a 6 75 0 1 514894043297017.06
a 6 76 0 1 101200178258850.05
a 6 77 0 1 662525876739900.0
a 6 78 0 1 76799287283124.95
a 6 79 0 1 232755936533602.72
a 6 80 0 1 133910330659933.5
a 7 9 0 1 254332473329279.9
a 7 10 0 1 18313379008536.1
a 7 11 0 1 193165255533129.06
a 7 12 0 1 226109718648923.34
a 7 13 0 1 82249551216489.5
a 7 14 0 1 51183199699422.555
a 7 15 0 1 335926109547431.2
a 7 16 0 1 47644620113688.04
a 7 17 0 1 462808525411375.0
a 7 18 0 1 229377882974439.66
a 7 19 0 1 143462716625026.97
a 7 20 0 1 275193272974608.1
a 7 21 0 1 207786118168781.5
a 7 22 0 1 131788450551152.03
a 7 23 0 1 519132888297148.56
a 7 24 0 1 419330907683685.1
a 7 25 0 1 447143439556214.44
a 7 26 0 1 254442467686816.47
a 7 27 0 1 472610857071886.6
a 7 28 0 1 96480078024030.38
a 7 29 0 1 467980911956491.4
a 7 30 0 1 335002453415892.5
a 7 31 0 1 114053118282230.42
a 7 32 0 1 137171123919749.48
a 7 33 0 1 493455225984459.44
a 7 34 0 1 470710186961875.6
a 7 35 0 1 439191267263973.2
a 7 36 0 1 52011042371175.34
a 7 37 0 1 313195510540221.4
a 7 38 0 1 52678612244497.78
a 7 39 0 1 386222847804893.1
a 7 40 0 1 508043965409220.3
a 7 41 0 1 123612996756583.75
a 7 42 0 1 449924443597805.1
a 7 43 0 1 294148576561447.6
a 7 44 0 1 201715529838175.0
a 7 45 0 1 386394840102008.0
a 7 46 0 1 235589631772044.47
a 7 47 0 1 129259050759246.02
a 7 48 0 1 487476209522267.94
a 7 49 0 1 132477908614881.77
a 7 50 0 1 316397009707011.4
a 7 51 0 1 45970884259295.73
a 7 52 0 1 465885272220775.7
a 7 53 0 1 79433618049803.06
a 7 54 0 1 15506617844258.39
a 7 55 0 1 126911775726049.45
a 7 56 0 1 468327384056826.4
a 7 57 0 1 103584215174937.77
a 7 58 0 1 126015893831814.45
a 7 59 0 1 494774926495935.06
a 7 60 0 1 298079642542110.3
a 7 61 0 1 124477256066555.84
a 7 62 0 1 181504348636316.06
a 7 63 0 1 217943814060501.78
a 7 64 0 1 6718877590235.436
a 7 65 0 1 261845995228375.84
a 7 66 0 1 244326066669018.03
a 7 67 0 1 30705579403272.832
a 7 68 0 1 337728072236723.9
a 7 69 0 1 501719850897793.6
a 7 70 0 1 269632689615270.75
a 7 71 0 1 239044037220002.1
a 7 72 0 1 463983959044823.25
a 7 73 0 1 91787787419534.66
a 7 74 0 1 213227106382200.9
a 7 75 0 1 386337579994313.7
a 7 76 0 1 76830334189960.53
a 7 77 0 1 494967544315531.25
a 7 78 0 1 58344864534560.17
a 7 79 0 1 176057221210273.53
a 7 80 0 1 101571110810898.44
a 8 9 0 1 283388349693971.2
a 8 10 0 1 20342871476643.508
a 8 11 0 1 215058937070013.16
a 8 12 0 1 251846929996451.78
a 8 13 0 1 91439506974658.56
a 8 14 0 1 56879270474958.836
a 8 15 0 1 374713247860468.94
a 8 16 0 1 52944484325211.27
a 8 17 0 1 517141385236712.4
a 8 18 0 1 255498159476796.44
a 8 19 0 1 159618982595265.34
a 8 20 0 1 306717677943481.7
a 8 21 0 1 231381553480791.06
a 8 22 0 1 146607682221849.94
a 8 23 0 1 580531924085232.0
a 8 24 0 1 468279333478515.2
a 8 25 0 1 499529290000763.1
a 8 26 0 1 283511325312752.75
a 8 27 0 1 528166069087790.8
a 8 28 0 1 107279784521090.88
a 8 29 0 1 522958382445868.25
a 8 30 0 1 373678282443721.7
a 8 31 0 1 126848799904530.77
a 8 32 0 1 152606326572855.28
a 8 33 0 1 551620074195669.3
a 8 34 0 1 526028142565956.44
a 8 35 0 1 490591761193976.0
a 8 36 0 1 57799856600403.375
a 8 37 0 1 349251086712175.25
a 8 38 0 1 58542228839392.55
a 8 39 0 1 431111462687100.25
a 8 40 0 1 568043672443264.8
a 8 41 0 1 137498288958765.94
a 8 42 0 1 502655368138572.7
a 8 43 0 1 327927557350741.25
a 8 44 0 1 224603619682332.44
a 8 45 0 1 431304455564333.94
a 8 46 0 1 262438882666134.28
a 8 47 0 1 143789122025356.53
a 8 48 0 1 544891065374295.1
a 8 49 0 1 147375991527598.72
a 8 50 0 1 352836345497186.2
a 8 51 0 1 51083469152934.38
a 8 52 0 1 520601468754638.44
a 8 53 0 1 88305731934835.38
a 8 54 0 1 17224447251811.607
a 8 55 0 1 141173674873284.38
a 8 56 0 1 523348064628178.2
a 8 57 0 1 115189738551168.97
a 8 58 0 1 140175482594461.31
a 8 59 0 1 553105471141507.44
a 8 60 0 1 332327571239928.25
a 8 61 0 1 138461186105692.75
a 8 62 0 1 202045368543382.5
a 8 63 0 1 242725297045050.2
a 8 64 0 1 7462361182528.872
a 8 65 0 1 291789444421650.8
a 8 66 0 1 272202548020284.94
a 8 67 0 1 34113781805783.676
a 8 68 0 1 376732440439052.1
a 8 69 0 1 560923307628328.8
a 8 70 0 1 300497795218974.56
a 8 71 0 1 266299181265312.9
a 8 72 0 1 518463231939282.0
a 8 73 0 1 102056055172682.53
a 8 74 0 1 237457464991580.44
a 8 75 0 1 431240203787113.4
a 8 76 0 1 85408812440741.23
a 8 77 0 1 553322278040994.1
a 8 78 0 1 64843909708702.7
a 8 79 0 1 195967763434142.47
a 8 80 0 1 112948140246792.19
a 9 1 0 1 0
a 10 1 0 1 0
a 11 1 0 1 0
a 12 1 0 1 0
a 13 1 0 1 0
a 14 1 0 1 0
a 15 1 0 1 0
a 16 1 0 1 0
a 17 1 0 1 0
a 18 1 0 1 0
a 19 1 0 1 0
a 20 1 0 1 0
a 21 1 0 1 0
a 22 1 0 1 0
a 23 1 0 1 0
a 24 1 0 1 0
a 25 1 0 1 0
a 26 1 0 1 0
a 27 1 0 1 0
a 28 1 0 1 0
a 29 1 0 1 0
a 30 1 0 1 0
a 31 1 0 1 0
a 32 1 0 1 0
a 33 1 0 1 0
a 34 1 0 1 0
a 35 1 0 1 0
a 36 1 0 1 0
a 37 1 0 1 0
a 38 1 0 1 0
a 39 1 0 1 0
a 40 1 0 1 0
a 41 1 0 1 0
a 42 1 0 1 0
a 43 1 0 1 0
a 44 1 0 1 0
a 45 1 0 1 0
a 46 1 0 1 0
a 47 1 0 1 0
a 48 1 0 1 0
a 49 1 0 1 0
a 50 1 0 1 0
a 51 1 0 1 0
a 52 1 0 1 0
a 53 1 0 1 0
a 54 1 0 1 0
a 55 1 0 1 0
a 56 1 0 1 0
a 57 1 0 1 0
a 58 1 0 1 0
a 59 1 0 1 0
a 60 1 0 1 0
a 61 1 0 1 0
a 62 1 0 1 0
a 63 1 0 1 0
a 64 1 0 1 0
a 65 1 0 1 0
a 66 1 0 1 0
a 67 1 0 1 0
a 68 1 0 1 0
a 69 1 0 1 0
a 70 1 0 1 0
a 71 1 0 1 0
a 72 1 0 1 0
a 73 1 0 1 0
a 74 1 0 1 0
a 75 1 0 1 0
a 76 1 0 1 0
a 77 1 0 1 0
a 78 1 0 1 0
a 79 1 0 1 0
a 80 1 0 1 0
