p min 80 758
n 0 10
n 1 -10
a 0 2 0 1 0
a 0 3 0 1 0
a 0 4 0 1 0
a 0 5 0 1 0
a 0 6 0 1 0
a 0 7 0 1 0
a 0 8 0 1 0
a 0 9 0 1 0
a 0 10 0 1 0
a 0 11 0 1 0
a 2 12 0 1 200974804775150.56
a 2 13 0 1 183563135088845.97
a 2 14 0 1 162163131637322.8
a 2 15 0 1 36578825975836.74
a 2 16 0 1 155745271816487.06
a 2 17 0 1 113637871561879.69
a 2 18 0 1 156250546085140.78
a 2 19 0 1 118978627300124.36
a 2 20 0 1 99910980492679.98
a 2 21 0 1 34431798409296.914
a 2 22 0 1 33662257713310.125
a 2 23 0 1 10465431048859.566
a 2 24 0 1 45270860514549.94
a 2 25 0 1 18276823784972.785
a 2 26 0 1 154970590935010.16
a 2 27 0 1 66177349839849.5
a 2 28 0 1 59889370605233.5
a 2 29 0 1 151723311147410.28
a 2 30 0 1 232694964627955.7
a 2 31 0 1 26078862608820.414
a 2 32 0 1 37281361489778.3
a 2 33 0 1 162849140541054.47
a 2 34 0 1 11776512115523.363
a 2 35 0 1 119641903560009.88
a 2 36 0 1 225186250560375.8
a 2 37 0 1 251891238426201.5
a 2 38 0 1 48336904276060.8
a 2 39 0 1 68932086367368.6
a 2 40 0 1 194313156149673.47
a 2 41 0 1 239323665530645.6
a 2 42 0 1 241403402773839.47
a 2 43 0 1 15250621061989.766
a 2 44 0 1 32654332796762.12
a 2 45 0 1 32711646408711.977
a 2 46 0 1 80635493605895.84
a 2 47 0 1 113580274342027.98
a 2 48 0 1 102964219749091.72
a 2 49 0 1 71475865160622.17
a 2 50 0 1 136325112382703.31
a 2 51 0 1 237614219643018.1
a 2 52 0 1 4645236194366.855
a 2 53 0 1 255574408563247.4
a 2 54 0 1 17469433909317.049
a 2 55 0 1 112952017028153.44
a 2 56 0 1 179399524631403.94
a 2 57 0 1 109348767289408.3
a 2 58 0 1 247817951530584.44
a 2 59 0 1 219339660647680.28
a 2 60 0 1 195726109618439.8
a 2 61 0 1 10344649775099.29
a 2 62 0 1 72795358321882.62
a 2 63 0 1 32379974979311.96
a 2 64 0 1 239554235000481.1
a 2 65 0 1 126149889815457.34
a 2 66 0 1 71478876938987.05
a 2 67 0 1 252051514121911.97
a 2 68 0 1 12383772614649.83
a 2 69 0 1 25452301251392.848
a 2 70 0 1 187075662126149.4
a 2 71 0 1 187542260847662.22
a 2 72 0 1 57620168932762.5
a 2 73 0 1 81100909491785.36
a 2 74 0 1 243027065532185.28
a 2 75 0 1 154078526868119.0
a 2 76 0 1 64138037002938.57
a 2 77 0 1 247268711469659.56
a 2 78 0 1 94077119122060.81
a 2 79 0 1 35860318927606.77
a 3 12 0 1 312877694603696.1
a 3 13 0 1 285447911143861.2
a 3 14 0 1 251821280672654.3
a 3 15 0 1 56352043233616.36
a 3 16 0 1 241755057070353.66
a 3 17 0 1 175919043475984.56
a 3 18 0 1 242547258303069.94
a 3 19 0 1 184249586089826.7
a 3 20 0 1 154533999577606.06
a 3 21 0 1 53037302557253.97
a 3 22 0 1 51849445361757.49
a 3 23 0 1 16096503116821.059
a 3 24 0 1 69780573940059.27
a 3 25 0 1 28124556327658.94
a 3 26 0 1 240540564583885.1
a 3 27 0 1 102139726345099.58
a 3 28 0 1 92398186470701.86
a 3 29 0 1 235451035661375.47
a 3 30 0 1 363012339313700.75
a 3 31 0 1 40149885457323.21
a 3 32 0 1 57436863339395.0
a 3 33 0 1 252897765957940.8
a 3 34 0 1 18114502382411.83
a 3 35 0 1 185284568910224.38
a 3 36 0 1 351125365201855.4
a 3 37 0 1 393456467184024.1
a 3 38 0 1 74520876127010.58
a 3 39 0 1 106409895449698.36
a 3 40 0 1 302375672307387.4
a 3 41 0 1 373516149374462.0
a 3 42 0 1 376813625085964.4
a 3 43 0 1 23463396033998.562
a 3 44 0 1 50293793118295.37
a 3 45 0 1 50382246876357.15
a 3 46 0 1 124568215482127.22
a 3 47 0 1 175829234233168.1
a 3 48 0 1 159287364317141.06
a 3 49 0 1 110354379070761.1
a 3 50 0 1 211346428913324.38
a 3 51 0 1 370806471921806.7
a 3 52 0 1 7142095009236.236
a 3 53 0 1 399306787544856.4
a 3 54 0 1 26880788668553.5
a 3 55 0 1 174849658788721.56
a 3 56 0 1 278898047810370.7
a 3 57 0 1 169233020606872.97
a 3 58 0 1 386989884408921.3
a 3 59 0 1 341877969068048.0
a 3 60 0 1 304602403561234.6
a 3 61 0 1 15910614641882.613
a 3 62 0 1 112400938465912.64
a 3 63 0 1 49870377533121.195
a 3 64 0 1 373881677504267.75
a 3 65 0 1 195444398756555.6
a 3 66 0 1 110359050007127.39
a 3 67 0 1 393710987183087.0
a 3 68 0 1 19049301330189.96
a 3 69 0 1 39183730612568.625
a 3 70 0 1 290976342714836.2
a 3 71 0 1 291710924268771.1
a 3 72 0 1 88884566750117.05
a 3 73 0 1 125290886011821.0
a 3 74 0 1 379388626204253.8
a 3 75 0 1 239142198975403.5
a 3 76 0 1 98979508311576.1
a 3 77 0 1 386118206008138.9
a 3 78 0 1 145456856031785.5
a 3 79 0 1 55242659440214.28
a 4 12 0 1 617583064277604.0
a 4 13 0 1 561655845470086.9
a 4 14 0 1 493588905509219.94
a 4 15 0 1 108105208240249.14
a 4 16 0 1 473317203089406.3
a 4 17 0 1 341890011981955.75
a 4 18 0 1 474910839545042.94
a 4 19 0 1 358411044041508.3
a 4 20 0 1 299621277951142.56
a 4 21 0 1 101710388613821.75
a 4 22 0 1 99419869805668.69
a 4 23 0 1 30748287019518.285
a 4 24 0 1 134058175527446.27
a 4 25 0 1 53792847604640.0
a 4 26 0 1 470874632652697.2
a 4 27 0 1 196908005038868.72
a 4 28 0 1 177940929791950.8
a 4 29 0 1 460646144943121.25
a 4 30 0 1 720766641365168.4
a 4 31 0 1 76890855170428.73
a 4 32 0 1 110199035970048.25
a 4 33 0 1 495759591605297.9
a 4 34 0 1 34610496628097.56
a 4 35 0 1 360465788081882.8
a 4 36 0 1 696187362020515.1
a 4 37 0 1 784047932365609.2
a 4 38 0 1 143237551121608.12
a 4 39 0 1 205234881968513.72
a 4 40 0 1 596126860478193.0
a 4 41 0 1 742545903950204.4
a 4 42 0 1 749394784219723.2
a 4 43 0 1 44855586129991.34
a 4 44 0 1 96421019044654.17
a 4 45 0 1 96591505770759.77
a 4 46 0 1 240731062366298.78
a 4 47 0 1 341712072966685.9
a 4 48 0 1 308999024309059.9
a 4 49 0 1 212933588811269.22
a 4 50 0 1 412366221314077.7
a 4 51 0 1 736922072454482.9
a 4 52 0 1 13630361205255.768
a 4 53 0 1 796263521182976.8
a 4 54 0 1 51407199141382.84
a 4 55 0 1 339771474975137.44
a 4 56 0 1 548355196813193.0
a 4 57 0 1 328652854664989.0
a 4 58 0 1 770566359557631.9
a 4 59 0 1 677115564279171.8
a 4 60 0 1 600671676114089.8
a 4 61 0 1 30392601151369.883
a 4 62 0 1 216930617302599.25
a 4 63 0 1 95604967882605.23
a 4 64 0 1 743304832528696.5
a 4 65 0 1 380661702704642.94
a 4 66 0 1 212942709330257.8
a 4 67 0 1 784579003069344.0
a 4 68 0 1 36400146246738.24
a 4 69 0 1 75032906556063.83
a 4 70 0 1 572898420761367.0
a 4 71 0 1 574393374318813.9
a 4 72 0 1 171109673596490.5
a 4 73 0 1 242146689027618.56
a 4 74 0 1 754746978061920.0
a 4 75 0 1 468063114218208.94
a 4 76 0 1 190750547244150.72
a 4 77 0 1 768750742766291.9
a 4 78 0 1 281740969644982.0
a 4 79 0 1 105964472693987.48
a 5 12 0 1 527857464439657.6
a 5 13 0 1 480510784099849.25
a 5 14 0 1 422761336422589.8
a 5 15 0 1 93177728868451.28
a 5 16 0 1 405535953493927.06
a 5 17 0 1 293568035398166.56
a 5 18 0 1 406890544456304.25
a 5 19 0 1 307670438039719.6
a 5 20 0 1 257451663358870.62
a 5 21 0 1 87674860134025.55
a 5 22 0 1 85703548589069.27
a 5 23 0 1 26535024260445.863
a 5 24 0 1 115499150788918.4
a 5 25 0 1 46405007520937.62
a 5 26 0 1 403459623970137.3
a 5 27 0 1 169476876860521.84
a 5 28 0 1 153198886244514.72
a 5 29 0 1 394762902979151.1
a 5 30 0 1 614963059107902.1
a 5 31 0 1 66306471929324.03
a 5 32 0 1 94979263353837.0
a 5 33 0 1 424605107157252.75
a 5 34 0 1 29866195511222.785
a 5 35 0 1 309423824289201.4
a 5 36 0 1 594243003798342.6
a 5 37 0 1 668223412069013.5
a 5 38 0 1 123389601422033.27
a 5 39 0 1 176620011856738.88
a 5 40 0 1 509704205909754.25
a 5 41 0 1 633307318771402.2
a 5 42 0 1 639072999141889.2
a 5 43 0 1 38700651572780.66
a 5 44 0 1 83122399425686.22
a 5 45 0 1 83269146184004.33
a 5 46 0 1 207048197058334.3
a 5 47 0 1 293416103389432.4
a 5 48 0 1 265468859525007.9
a 5 49 0 1 183222543573310.72
a 5 50 0 1 353671846794550.7
a 5 51 0 1 628571862146533.5
a 5 52 0 1 11765846516574.6
a 5 53 0 1 678490412034807.5
a 5 54 0 1 44348676030998.33
a 5 55 0 1 291759078031882.6
a 5 56 0 1 469237026258906.56
a 5 57 0 1 282263097437799.25
a 5 58 0 1 656887031567170.2
a 5 59 0 1 578153028309423.5
a 5 60 0 1 513550549539931.5
a 5 61 0 1 26228223294421.523
a 5 62 0 1 186649800392486.8
a 5 63 0 1 82419970801061.28
a 5 64 0 1 633946288148735.0
a 5 65 0 1 326651234908750.3
a 5 66 0 1 183230364484902.94
a 5 67 0 1 668669863948717.4
a 5 68 0 1 31409637343235.51
a 5 69 0 1 64706187651469.5
a 5 70 0 1 490035991894801.44
a 5 71 0 1 491302298932850.75
a 5 72 0 1 147333674748943.6
a 5 73 0 1 208260969441828.38
a 5 74 0 1 643577703392772.1
a 5 75 0 1 401069450078657.3
a 5 76 0 1 164193506698612.47
a 5 77 0 1 655359888669663.5
a 5 78 0 1 242158529957443.1
a 5 79 0 1 91335709451884.45
a 6 12 0 1 283267098023337.94
a 6 13 0 1 258511109708465.5
a 6 14 0 1 228141594946073.44
a 6 15 0 1 51160615117443.53
a 6 16 0 1 219045975560803.56
a 6 17 0 1 159508089864352.78
a 6 18 0 1 219761864934699.78
a 6 19 0 1 167046464633319.16
a 6 20 0 1 140150306783861.45
a 6 21 0 1 48152940186603.33
a 6 22 0 1 47075070093438.05
a 6 23 0 1 14619848584318.205
a 6 24 0 1 63342996820361.805
a 6 25 0 1 25541227919592.086
a 6 26 0 1 217948449355152.94
a 6 27 0 1 92684868958575.34
a 6 28 0 1 83853809822611.45
a 6 29 0 1 213348765340674.0
a 6 30 0 1 328475185077498.7
a 6 31 0 1 36457348613177.09
a 6 32 0 1 52144895165977.17
a 6 33 0 1 229114163132762.47
a 6 34 0 1 16452370558753.428
a 6 35 0 1 167982932822083.47
a 6 36 0 1 317760944606532.0
a 6 37 0 1 355902562186008.9
a 6 38 0 1 67642570184232.24
a 6 39 0 1 96555348113379.77
a 6 40 0 1 273790590807266.3
a 6 41 0 1 337940310125354.75
a 6 42 0 1 340911242881392.75
a 6 43 0 1 21309260704031.785
a 6 44 0 1 45663418871263.8
a 6 45 0 1 45743686044423.164
a 6 46 0 1 113010057380562.31
a 6 47 0 1 159426813271029.34
a 6 48 0 1 144453842477271.25
a 6 49 0 1 100130309495565.66
a 6 50 0 1 191557086100998.47
a 6 51 0 1 335498799890257.3
a 6 52 0 1 6487509822424.792
a 6 53 0 1 361170981037046.0
a 6 54 0 1 24412025548152.008
a 6 55 0 1 158540295538948.44
a 6 56 0 1 252597461271297.3
a 6 57 0 1 153456860206496.0
a 6 58 0 1 350078356514088.9
a 6 59 0 1 309423870202961.3
a 6 60 0 1 275800070218586.7
a 6 61 0 1 14451041457146.22
a 6 62 0 1 101985025761461.42
a 6 63 0 1 45279189210464.19
a 6 64 0 1 338269651684436.1
a 6 65 0 1 177174572799637.84
a 6 66 0 1 100134542674710.3
a 6 67 0 1 356131781064512.4
a 6 68 0 1 17301224228416.217
a 6 69 0 1 35580414288578.14
a 6 70 0 1 263501867643280.2
a 6 71 0 1 264164960153724.9
a 6 72 0 1 80668132064042.52
a 6 73 0 1 113664793436815.45
a 6 74 0 1 343231091004478.6
a 6 75 0 1 216684722016041.6
a 6 76 0 1 89820219621881.12
a 6 77 0 1 349293202990053.44
a 6 78 0 1 131930930505508.77
a 6 79 0 1 50154024356006.516
a 7 12 0 1 443221434738378.25
a 7 13 0 1 403822811187487.0
a 7 14 0 1 355670523564188.1
a 7 15 0 1 78859794474377.4
a 7 16 0 1 341287206729247.9
a 7 17 0 1 247565178774182.5
a 7 18 0 1 342418640651439.3
a 7 19 0 1 259391130784912.06
a 7 20 0 1 217250613386534.03
a 7 21 0 1 74209750466393.58
a 7 22 0 1 72543727156132.03
a 7 23 0 1 22484031424584.105
a 7 24 0 1 97712505831868.17
a 7 25 0 1 39306789585286.42
a 7 26 0 1 339552821537593.1
a 7 27 0 1 143239738855264.7
a 7 28 0 1 129519486663082.7
a 7 29 0 1 332286853715040.2
a 7 30 0 1 515515255363007.56
a 7 31 0 1 56144350463646.74
a 7 32 0 1 80381931924117.8
a 7 33 0 1 357209527223237.6
a 7 34 0 1 25305163476842.074
a 7 35 0 1 260861046884805.97
a 7 36 0 1 498340893971490.94
a 7 37 0 1 559596945515638.5
a 7 38 0 1 104373188219402.55
a 7 39 0 1 149257929825452.72
a 7 40 0 1 428124077347010.1
a 7 41 0 1 530708657086786.56
a 7 42 0 1 535481730675686.7
a 7 43 0 1 32785361134776.543
a 7 44 0 1 70362132033298.05
a 7 45 0 1 70486168220484.38
a 7 46 0 1 174876605730282.4
a 7 47 0 1 247437738331194.03
a 7 48 0 1 223983406302306.53
a 7 49 0 1 154819267866274.03
a 7 50 0 1 297923651103856.25
a 7 51 0 1 526787630574843.3
a 7 52 0 1 9972190978364.44
a 7 53 0 1 568083843748884.4
a 7 54 0 1 37566361213341.92
a 7 55 0 1 246047780176445.88
a 7 56 0 1 394430962410407.44
a 7 57 0 1 238080644552206.5
a 7 58 0 1 550222039249765.75
a 7 59 0 1 484994636814357.06
a 7 60 0 1 431323818127066.75
a 7 61 0 1 22224188422563.406
a 7 62 0 1 157705533704325.6
a 7 63 0 1 69768402484857.05
a 7 64 0 1 531237676653192.4
a 7 65 0 1 275298193032064.7
a 7 66 0 1 154825854659665.75
a 7 67 0 1 559966063492009.0
a 7 68 0 1 26612174939496.184
a 7 69 0 1 54790875205418.05
a 7 70 0 1 411754818058752.6
a 7 71 0 1 412809101429111.56
a 7 72 0 1 124573889016277.6
a 7 73 0 1 175897097672471.56
a 7 74 0 1 539210155598448.3
a 7 75 0 1 337556108993450.75
a 7 76 0 1 138787423275025.94
a 7 77 0 1 548958806351763.44
a 7 78 0 1 204402016066031.62
a 7 79 0 1 77303349599761.2
a 8 12 0 1 485358769345749.5
a 8 13 0 1 442020627615044.25
a 8 14 0 1 389106584369704.94
a 8 15 0 1 86017173762882.98
a 8 16 0 1 373312122037087.7
a 8 17 0 1 270519552372223.66
a 8 18 0 1 374554374936317.25
a 8 19 0 1 283478237897139.8
a 8 20 0 1 237316731215480.06
a 8 21 0 1 80941142490977.34
a 8 22 0 1 79122617061229.5
a 8 23 0 1 24510275667252.434
a 8 24 0 1 106602079936454.9
a 8 25 0 1 42856586346618.914
a 8 26 0 1 371407922968466.06
a 8 27 0 1 156346397108228.25
a 8 28 0 1 141350180046024.94
a 8 29 0 1 363431352042963.1
a 8 30 0 1 564984462686739.2
a 8 31 0 1 61225499712817.36
a 8 32 0 1 87678861357136.03
a 8 33 0 1 390796883679422.9
a 8 34 0 1 27586454517010.895
a 8 35 0 1 285089184331308.1
a 8 36 0 1 546056121759672.44
a 8 37 0 1 613603281394809.8
a 8 38 0 1 113876714188010.69
a 8 39 0 1 162925663465297.22
a 8 40 0 1 468747160273781.9
a 8 41 0 1 581735919734484.4
a 8 42 0 1 586999705176455.6
a 8 43 0 1 35743780925772.58
a 8 44 0 1 76741422655830.3
a 8 45 0 1 76876804272334.75
a 8 46 0 1 190942301484655.16
a 8 47 0 1 270379923608849.84
a 8 48 0 1 244689092838585.53
a 8 49 0 1 169006240780211.38
a 8 50 0 1 325725089268467.2
a 8 51 0 1 577412223647893.9
a 8 52 0 1 10869466397632.615
a 8 53 0 1 622969544918739.4
a 8 54 0 1 40958237473394.76
a 8 55 0 1 268857056208767.66
a 8 56 0 1 431695463087665.6
a 8 57 0 1 260128993244692.97
a 8 58 0 1 603259201123816.5
a 8 59 0 1 531352108746243.8
a 8 60 0 1 472267348745062.5
a 8 61 0 1 24226950426345.688
a 8 62 0 1 172162272099982.88
a 8 63 0 1 76093390332892.3
a 8 64 0 1 582319297631629.1
a 8 65 0 1 300914278939182.06
a 8 66 0 1 169013442986565.78
a 8 67 0 1 614010605893281.4
a 8 68 0 1 29011688692444.777
a 8 69 0 1 59748688230706.18
a 8 70 0 1 450742608706240.0
a 8 71 0 1 451902011072466.9
a 8 72 0 1 135945727666861.25
a 8 73 0 1 192058634406229.28
a 8 74 0 1 591111857320775.2
a 8 75 0 1 369215804218625.6
a 8 76 0 1 151479539210848.12
a 8 77 0 1 601865552103855.9
a 8 78 0 1 223250614584593.06
a 8 79 0 1 84318088627379.67
a 9 12 0 1 368751753301365.25
a 9 13 0 1 336231248376970.94
a 9 14 0 1 296415569923021.5
a 9 15 0 1 66068841246080.38
a 9 16 0 1 284507641872293.56
a 9 17 0 1 206749946173099.66
a 9 18 0 1 285444600325611.44
a 9 19 0 1 216577230364247.5
a 9 20 0 1 181538134710806.62
a 9 21 0 1 62178436609350.305
a 9 22 0 1 60784412255081.24
a 9 23 0 1 18856964886492.508
a 9 24 0 1 81834760725982.55
a 9 25 0 1 32955603810800.312
a 9 26 0 1 283071288424951.6
a 9 27 0 1 119861393549680.44
a 9 28 0 1 108408466382053.7
a 9 29 0 1 277052812526894.4
a 9 30 0 1 428290113280530.06
a 9 31 0 1 47057781764436.97
a 9 32 0 1 67342171783035.85
a 9 33 0 1 297689306770752.0
a 9 34 0 1 21221886326310.01
a 9 35 0 1 217798404334109.9
a 9 36 0 1 414161833165933.9
a 9 37 0 1 464507903800397.4
a 9 38 0 1 87402195261656.89
a 9 39 0 1 124883167252424.95
a 9 40 0 1 356296144968816.8
a 9 41 0 1 440780510401962.44
a 9 42 0 1 444702817577975.25
a 9 43 0 1 27491243867835.18
a 9 44 0 1 58958857581577.28
a 9 45 0 1 59062654840927.62
a 9 46 0 1 146247310767569.88
a 9 47 0 1 206644019424211.88
a 9 48 0 1 187140175968816.4
a 9 49 0 1 129522703316842.9
a 9 50 0 1 248566041628114.97
a 9 51 0 1 437557804286867.9
a 9 52 0 1 8365445927565.35
a 9 53 0 1 471473252351180.1
a 9 54 0 1 31497414310137.44
a 9 55 0 1 205488671194456.3
a 9 56 0 1 328471415271909.1
a 9 57 0 1 198865098387442.03
a 9 58 0 1 456810916470621.0
a 9 59 0 1 403175861612174.6
a 9 60 0 1 358936624841683.94
a 9 61 0 1 18639129095482.31
a 9 62 0 1 131930177029147.89
a 9 63 0 1 58461999912401.36
a 9 64 0 1 441215273851650.56
a 9 65 0 1 229788747938395.97
a 9 66 0 1 129528197753212.55
a 9 67 0 1 464810896248457.56
a 9 68 0 1 22317454267289.45
a 9 69 0 1 45924516718868.93
a 9 70 0 1 342782642582391.8
a 9 71 0 1 343653264856954.2
a 9 72 0 1 104278682784041.78
a 9 73 0 1 147097894306096.6
a 9 74 0 1 447766142601901.75
a 9 75 0 1 281417563158442.78
a 9 76 0 1 116145495843536.39
a 9 77 0 1 455773549473742.2
a 9 78 0 1 170843375050011.5
a 9 79 0 1 64766735713390.4
a 10 12 0 1 554290340049876.4
a 10 13 0 1 504432499459541.56
a 10 14 0 1 443658909617167.7
a 10 15 0 1 97602055089909.25
a 10 16 0 1 425539653924616.8
a 10 17 0 1 307851396926159.0
a 10 18 0 1 426964403336986.8
a 10 19 0 1 322665776243434.0
a 10 20 0 1 269922680706629.1
a 10 21 0 1 91835123297430.3
a 10 22 0 1 89769300809230.27
a 10 23 0 1 27784868847829.57
a 10 24 0 1 120998205975728.55
a 10 25 0 1 48596012258825.92
a 10 26 0 1 423355829549121.75
a 10 27 0 1 177598905146614.44
a 10 28 0 1 160526304733877.44
a 10 29 0 1 414209452466862.75
a 10 30 0 1 646091836712031.8
a 10 31 0 1 69444660015124.63
a 10 32 0 1 99490115011777.0
a 10 33 0 1 445598579864964.7
a 10 34 0 1 31273509616023.65
a 10 35 0 1 324507854174288.6
a 10 36 0 1 624245738838215.2
a 10 37 0 1 702272786385427.4
a 10 38 0 1 129269952286156.92
a 10 39 0 1 185091719540309.34
a 10 40 0 1 535170864739950.25
a 10 41 0 1 665437763911239.9
a 10 42 0 1 671519195510968.0
a 10 43 0 1 40526196929979.15
a 10 44 0 1 87064471096609.02
a 10 45 0 1 87218247433012.53
a 10 46 0 1 217016240113732.1
a 10 47 0 1 307691807663532.56
a 10 48 0 1 278340819612718.8
a 10 49 0 1 192018003384554.38
a 10 50 0 1 371006579052702.0
a 10 51 0 1 660443305627802.9
a 10 52 0 1 12319051229252.066
a 10 53 0 1 713107147071599.5
a 10 54 0 1 46442071369222.13
a 10 55 0 1 305951287796204.6
a 10 56 0 1 492565043998470.6
a 10 57 0 1 295977466709221.9
a 10 58 0 1 690311592442513.5
a 10 59 0 1 607285243282844.6
a 10 60 0 1 539221577043024.44
a 10 61 0 1 27463571295278.434
a 10 62 0 1 195613517863347.22
a 10 63 0 1 86328397633143.75
a 10 64 0 1 666111703972512.2
a 10 65 0 1 342608683971599.5
a 10 66 0 1 192026208097228.47
a 10 67 0 1 702743880046306.1
a 10 68 0 1 32889955177929.78
a 10 69 0 1 67768044134172.414
a 10 70 0 1 514460588925987.56
a 10 71 0 1 515793837912762.94
a 10 72 0 1 154375547679429.4
a 10 73 0 1 218288880002841.56
a 10 74 0 1 676270902868142.5
a 10 75 0 1 420841979495102.75
a 10 76 0 1 172057284894042.34
a 10 77 0 1 688700411317022.1
a 10 78 0 1 253866884114172.5
a 10 79 0 1 95671604681263.19
a 11 12 0 1 209678499571172.84
a 11 13 0 1 191496034915057.53
a 11 14 0 1 169153086873561.25
a 11 15 0 1 38131846056400.414
a 11 16 0 1 162453382253717.53
a 11 17 0 1 118507549841126.67
a 11 18 0 1 162980830230577.3
a 11 19 0 1 124080457124522.08
a 11 20 0 1 104185344289924.5
a 11 21 0 1 35893285359177.05
a 11 22 0 1 35090948711410.87
a 11 23 0 1 10908368170523.258
a 11 24 0 1 47194926198145.8
a 11 25 0 1 19051094858382.04
a 11 26 0 1 161644710118898.78
a 11 27 0 1 68997049506214.97
a 11 28 0 1 62439220294640.445
a 11 29 0 1 158255015853793.78
a 11 30 0 1 242811197783964.28
a 11 31 0 1 27184691589538.734
a 11 32 0 1 38864342654759.11
a 11 33 0 1 169869248067525.4
a 11 34 0 1 12275017670413.781
a 11 35 0 1 124772585425424.7
a 11 36 0 1 234967137066151.8
a 11 37 0 1 262867555171617.9
a 11 38 0 1 50392038101233.15
a 11 39 0 1 71870134564120.1
a 11 40 0 1 202721566070417.47
a 11 41 0 1 249736446880223.66
a 11 42 0 1 251909322828768.62
a 11 43 0 1 15896456706836.54
a 11 44 0 1 34040077651571.375
a 11 45 0 1 34099833030462.742
a 11 46 0 1 84077215475843.73
a 11 47 0 1 118447450613203.5
a 11 48 0 1 107370828189866.56
a 11 49 0 1 74523268309273.78
a 11 50 0 1 142183016346721.44
a 11 51 0 1 247950480255972.72
a 11 52 0 1 4841703071591.4795
a 11 53 0 1 266716203367150.1
a 11 54 0 1 18209429327852.535
a 11 55 0 1 117791904215438.72
a 11 56 0 1 187148583711754.47
a 11 57 0 1 114032222685647.02
a 11 58 0 1 258611433669887.03
a 11 59 0 1 228859851704122.78
a 11 60 0 1 204197110732396.38
a 11 61 0 1 10782468622163.957
a 11 62 0 1 75899511712751.0
a 11 63 0 1 33754031665186.77
a 11 64 0 1 249977339849188.4
a 11 65 0 1 131563908443531.62
a 11 66 0 1 74526409601105.56
a 11 67 0 1 263035028708098.78
a 11 68 0 1 12908022026855.688
a 11 69 0 1 26531480745264.82
a 11 70 0 1 195163797834692.06
a 11 71 0 1 195651027719719.22
a 11 72 0 1 60072735358298.06
a 11 73 0 1 84562690516698.56
a 11 74 0 1 253605731905640.0
a 11 75 0 1 160713512128392.88
a 11 76 0 1 66870174471592.74
a 11 77 0 1 258037553984097.0
a 11 78 0 1 98099071038264.25
a 11 79 0 1 37382702011049.8
a 12 1 0 1 0
a 13 1 0 1 0
a 14 1 0 1 0
a 15 1 0 1 0
a 16 1 0 1 0
a 17 1 0 1 0
a 18 1 0 1 0
a 19 1 0 1 0
a 20 1 0 1 0
a 21 1 0 1 0
a 22 1 0 1 0
a 23 1 0 1 0
a 24 1 0 1 0
a 25 1 0 1 0
a 26 1 0 1 0
a 27 1 0 1 0
a 28 1 0 1 0
a 29 1 0 1 0
a 30 1 0 1 0
a 31 1 0 1 0
a 32 1 0 1 0
a 33 1 0 1 0
a 34 1 0 1 0
a 35 1 0 1 0
a 36 1 0 1 0
a 37 1 0 1 0
a 38 1 0 1 0
a 39 1 0 1 0
a 40 1 0 1 0
a 41 1 0 1 0
a 42 1 0 1 0
a 43 1 0 1 0
a 44 1 0 1 0
a 45 1 0 1 0
a 46 1 0 1 0
a 47 1 0 1 0
a 48 1 0 1 0
a 49 1 0 1 0
a 50 1 0 1 0
a 51 1 0 1 0
a 52 1 0 1 0
a 53 1 0 1 0
a 54 1 0 1 0
a 55 1 0 1 0
a 56 1 0 1 0
a 57 1 0 1 0
a 58 1 0 1 0
a 59 1 0 1 0
a 60 1 0 1 0
a 61 1 0 1 0
a 62 1 0 1 0
a 63 1 0 1 0
a 64 1 0 1 0
a 65 1 0 1 0
a 66 1 0 1 0
a 67 1 0 1 0
a 68 1 0 1 0
a 69 1 0 1 0
a 70 1 0 1 0
a 71 1 0 1 0
a 72 1 0 1 0
a 73 1 0 1 0
a 74 1 0 1 0
a 75 1 0 1 0
a 76 1 0 1 0
a 77 1 0 1 0
a 78 1 0 1 0
a 79 1 0 1 0
