p min 82 780
n 0 10
n 1 -10
a 0 2 0 1 0
a 0 3 0 1 0
a 0 4 0 1 0
a 0 5 0 1 0
a 0 6 0 1 0
a 0 7 0 1 0
a 0 8 0 1 0
a 0 9 0 1 0
a 0 10 0 1 0
a 0 11 0 1 0
a 2 12 0 1 469748235112827.56
a 2 13 0 1 214112109242909.56
a 2 14 0 1 74990862441004.38
a 2 15 0 1 463421226164259.0
a 2 16 0 1 152606968617184.28
a 2 17 0 1 389504802956746.0
a 2 18 0 1 304470325780187.06
a 2 19 0 1 182790926424739.8
a 2 20 0 1 135923621406097.53
a 2 21 0 1 243403858795845.2
a 2 22 0 1 219098070489421.8
a 2 23 0 1 108327665086834.5
a 2 24 0 1 402663788369515.2
a 2 25 0 1 517746426658799.5
a 2 26 0 1 30052650436407.99
a 2 27 0 1 220148779710360.16
a 2 28 0 1 243681131876785.84
a 2 29 0 1 277100474476785.4
a 2 30 0 1 265831435462876.03
a 2 31 0 1 278567816519269.6
a 2 32 0 1 335444402809679.06
a 2 33 0 1 389639308930193.56
a 2 34 0 1 500258181516660.94
a 2 35 0 1 197046159110761.12
a 2 36 0 1 38551945765218.93
a 2 37 0 1 424602689281345.44
a 2 38 0 1 260661505493926.12
a 2 39 0 1 428175989731854.2
a 2 40 0 1 15155826322038.469
a 2 41 0 1 292664510925271.3
a 2 42 0 1 468369018180349.0
a 2 43 0 1 440995743540860.06
a 2 44 0 1 347138763843864.06
a 2 45 0 1 445170074773587.94
a 2 46 0 1 224590718772893.3
a 2 47 0 1 207338730549779.94
a 2 48 0 1 114377415063845.58
a 2 49 0 1 397559874413064.3
a 2 50 0 1 144366826576178.72
a 2 51 0 1 326798795836183.6
a 2 52 0 1 410495129166757.9
a 2 53 0 1 171424522146308.34
a 2 54 0 1 222425102064728.84
a 2 55 0 1 166796417144096.38
a 2 56 0 1 314988553970325.4
a 2 57 0 1 183016929767656.38
a 2 58 0 1 446213055686315.5
a 2 59 0 1 218750419103918.16
a 2 60 0 1 460479646568096.5
a 2 61 0 1 332681830529827.44
a 2 62 0 1 339566187542954.9
a 2 63 0 1 216120320901420.3
a 2 64 0 1 154165184871678.38
a 2 65 0 1 191892250268848.22
a 2 66 0 1 515887082606227.3
a 2 67 0 1 102931965720392.22
a 2 68 0 1 125403785909362.98
a 2 69 0 1 37831453952623.89
a 2 70 0 1 107980680263425.77
a 2 71 0 1 390019699698505.4
a 2 72 0 1 101136653186207.27
a 2 73 0 1 47417043805757.81
a 2 74 0 1 62765002459240.484
a 2 75 0 1 441219029379998.06
a 2 76 0 1 430277798292953.4
a 2 77 0 1 127361300482652.77
a 2 78 0 1 44129263363720.93
a 2 79 0 1 163079551239764.12
a 2 80 0 1 67451922064519.44
a 2 81 0 1 465005284186256.8
a 3 12 0 1 475204145154111.56
a 3 13 0 1 216525022094826.78
a 3 14 0 1 75822310334764.88
a 3 15 0 1 468799613511987.06
a 3 16 0 1 154314397426868.06
a 3 17 0 1 393985935813218.4
a 3 18 0 1 307938181211598.25
a 3 19 0 1 184843312362571.7
a 3 20 0 1 137441422669541.16
a 3 21 0 1 246156326844658.9
a 3 22 0 1 221568618007703.66
a 3 23 0 1 109533415693998.62
a 3 24 0 1 407303526353600.8
a 3 25 0 1 523794180605530.6
a 3 26 0 1 30384111890159.38
a 3 27 0 1 222631481326498.47
a 3 28 0 1 246436825206500.4
a 3 29 0 1 280246436141842.66
a 3 30 0 1 268845458556332.97
a 3 31 0 1 281730983411575.9
a 3 32 0 1 339279025309296.6
a 3 33 0 1 394122060526860.94
a 3 34 0 1 506089528669846.6
a 3 35 0 1 199262305853950.4
a 3 36 0 1 38977570428420.09
a 3 37 0 1 429507940443275.3
a 3 38 0 1 263615114545330.47
a 3 39 0 1 433124615081344.75
a 3 40 0 1 15322695510547.904
a 3 41 0 1 295993267726474.25
a 3 42 0 1 473808019398969.8
a 3 43 0 1 446100277919203.2
a 3 44 0 1 351112550177885.3
a 3 45 0 1 450325476417324.9
a 3 46 0 1 227124835480181.5
a 3 47 0 1 209673454429537.38
a 3 48 0 1 115651403764047.28
a 3 49 0 1 402138037226170.0
a 3 50 0 1 145980503570232.66
a 3 51 0 1 330530778433579.7
a 3 52 0 1 415229489344503.8
a 3 53 0 1 173346722497760.03
a 3 54 0 1 224934145285596.72
a 3 55 0 1 168665707950802.8
a 3 56 0 1 318580660093595.7
a 3 57 0 1 185071907740139.4
a 3 58 0 1 451381174540939.25
a 3 59 0 1 221216945813399.16
a 3 60 0 1 465822030651912.7
a 3 61 0 1 336483633528794.8
a 3 62 0 1 343449816345889.5
a 3 63 0 1 218556439403458.16
a 3 64 0 1 155890362446789.28
a 3 65 0 1 194049127342067.2
a 3 66 0 1 521911786324211.5
a 3 67 0 1 104076936639257.25
a 3 68 0 1 126802393987874.11
a 3 69 0 1 38249089098138.96
a 3 70 0 1 109182519972892.0
a 3 71 0 1 394507029461873.2
a 3 72 0 1 102261417788035.88
a 3 73 0 1 47941083113896.79
a 3 74 0 1 63459905966381.445
a 3 75 0 1 446326283406280.2
a 3 76 0 1 435251953134166.8
a 3 77 0 1 128782065737276.6
a 3 78 0 1 44616780138857.414
a 3 79 0 1 164906391264925.1
a 3 80 0 1 68199125447250.94
a 3 81 0 1 470403069732558.56
a 4 12 0 1 521106344800600.5
a 4 13 0 1 236758659406658.03
a 4 14 0 1 82782562285897.95
a 4 15 0 1 514045776103005.75
a 4 16 0 1 168621230455324.4
a 4 17 0 1 431647120605922.75
a 4 18 0 1 337051359389442.7
a 4 19 0 1 202047015464552.28
a 4 20 0 1 150156728094425.56
a 4 21 0 1 269245812778045.25
a 4 22 0 1 242286846977467.62
a 4 23 0 1 119631126999551.14
a 4 24 0 1 446304408664912.8
a 4 25 0 1 574708524374235.5
a 4 26 0 1 33157359472415.195
a 4 27 0 1 243451909546099.75
a 4 28 0 1 269553447627995.03
a 4 29 0 1 306648053349198.06
a 4 30 0 1 294136201825270.25
a 4 31 0 1 308277485697180.3
a 4 32 0 1 371484077180217.2
a 4 33 0 1 431796916075536.56
a 4 34 0 1 555170439670957.94
a 4 35 0 1 217841991561518.3
a 4 36 0 1 42539017637772.734
a 4 37 0 1 470752580605741.2
a 4 38 0 1 288397300030985.75
a 4 39 0 1 474735918362520.0
a 4 40 0 1 16718596691604.123
a 4 41 0 1 323934477816914.56
a 4 42 0 1 519567118409479.94
a 4 43 0 1 489029842037139.7
a 4 44 0 1 384491408211009.06
a 4 45 0 1 493685236406173.1
a 4 46 0 1 248377623687375.4
a 4 47 0 1 229249776401542.34
a 4 48 0 1 126321370122716.48
a 4 49 0 1 440618754706914.5
a 4 50 0 1 159500404133555.06
a 4 51 0 1 361870320139266.9
a 4 52 0 1 455029841638846.25
a 4 53 0 1 189456903133405.0
a 4 54 0 1 245976079415149.72
a 4 55 0 1 184331551273534.56
a 4 56 0 1 348741005091473.3
a 4 57 0 1 202297386336030.03
a 4 58 0 1 494848494280565.6
a 4 59 0 1 241901365902532.25
a 4 60 0 1 510763552714006.6
a 4 61 0 1 368411914235314.0
a 4 62 0 1 376068181545705.0
a 4 63 0 1 238985182297180.84
a 4 64 0 1 170346192740473.44
a 4 65 0 1 212130749672040.0
a 4 66 0 1 572630803706953.2
a 4 67 0 1 113665011264981.8
a 4 68 0 1 138517655302233.25
a 4 69 0 1 41743653282050.195
a 4 70 0 1 119247436450957.38
a 4 71 0 1 432220549288931.4
a 4 72 0 1 111680077604825.61
a 4 73 0 1 52326488066038.72
a 4 74 0 1 69276254437314.45
a 4 75 0 1 489278846991017.4
a 4 76 0 1 477079085820185.9
a 4 77 0 1 140683208728884.44
a 4 78 0 1 48696386765792.73
a 4 79 0 1 180215767332733.22
a 4 80 0 1 74453577380113.67
a 4 81 0 1 515813379500168.9
a 5 12 0 1 694151367108234.2
a 5 13 0 1 311963502839573.25
a 5 14 0 1 108466496179395.33
a 5 15 0 1 684555270073093.0
a 5 16 0 1 221625582359389.4
a 5 17 0 1 572975908681814.6
a 5 18 0 1 445788159003449.2
a 5 19 0 1 265884435835168.2
a 5 20 0 1 197223987825158.03
a 5 21 0 1 355199558764907.75
a 5 22 0 1 319313236000915.7
a 5 23 0 1 156955953527939.28
a 5 24 0 1 592769308639236.5
a 5 25 0 1 767186784405611.9
a 5 26 0 1 43367757974724.54
a 5 27 0 1 320862581818322.75
a 5 28 0 1 355609492145812.0
a 5 29 0 1 405110370969080.6
a 5 30 0 1 388398120390481.44
a 5 31 0 1 407288016743355.56
a 5 32 0 1 491974014617905.8
a 5 33 0 1 573178076227532.2
a 5 34 0 1 740527364553636.2
a 5 35 0 1 286837023983961.7
a 5 36 0 1 55656946970331.22
a 5 37 0 1 625836753029577.9
a 5 38 0 1 380737990015002.25
a 5 39 0 1 631230658466951.8
a 5 40 0 1 21854137483485.11
a 5 41 0 1 428226757054792.56
a 5 42 0 1 692058909817136.6
a 5 43 0 1 650600757459090.0
a 5 44 0 1 509453874417317.3
a 5 45 0 1 656914308873763.4
a 5 46 0 1 327414505451718.7
a 5 47 0 1 301985363131123.44
a 5 48 0 1 165773707748731.9
a 5 49 0 1 585088545091741.4
a 5 50 0 1 209567868325021.2
a 5 51 0 1 479066143455706.7
a 5 52 0 1 604563389781673.8
a 5 53 0 1 249200987227816.0
a 5 54 0 1 324219792184598.06
a 5 55 0 1 242413762269821.4
a 5 56 0 1 461453901786164.1
a 5 57 0 1 266216367652467.25
a 5 58 0 1 658492272198732.2
a 5 59 0 1 318800638355495.06
a 5 60 0 1 680096269785558.8
a 5 61 0 1 487848123058604.5
a 5 62 0 1 498132294820989.2
a 5 63 0 1 314923297424612.2
a 5 64 0 1 223906896630593.0
a 5 65 0 1 279257989087319.8
a 5 66 0 1 764349686808255.2
a 5 67 0 1 149096240054168.78
a 5 68 0 1 181859573526157.16
a 5 69 0 1 54614766720937.74
a 5 70 0 1 156450379503632.84
a 5 71 0 1 573749834934308.4
a 5 72 0 1 146482063489201.53
a 5 73 0 1 68486500898476.81
a 5 74 0 1 90725808332117.5
a 5 75 0 1 650938391924761.4
a 5 76 0 1 634404400239985.4
a 5 77 0 1 184717262509790.38
a 5 78 0 1 63727064446186.445
a 5 79 0 1 236965331869823.0
a 5 80 0 1 97524236453676.19
a 5 81 0 1 686957113810656.0
a 6 12 0 1 556450215133958.7
a 6 13 0 1 252256749846018.1
a 6 14 0 1 88099435662294.98
a 6 15 0 1 548879831956271.75
a 6 16 0 1 179566429726864.66
a 6 17 0 1 460596719817558.9
a 6 18 0 1 359391200753978.3
a 6 19 0 1 215216178704139.84
a 6 20 0 1 159881206836289.78
a 6 21 0 1 286941654389929.44
a 6 22 0 1 258157680380893.9
a 6 23 0 1 127349598074627.19
a 6 24 0 1 476292024237789.06
a 6 25 0 1 613951915419494.4
a 6 26 0 1 35274017132224.57
a 6 27 0 1 259401362967067.72
a 6 28 0 1 287270184705729.4
a 6 29 0 1 326895989574644.2
a 6 30 0 1 313527792877454.7
a 6 31 0 1 328637138835543.5
a 6 32 0 1 396212051662569.1
a 6 33 0 1 460757104710339.94
a 6 34 0 1 592986465185175.9
a 6 35 0 1 232068433239290.7
a 6 36 0 1 45257697083946.74
a 6 37 0 1 502479964804709.56
a 6 38 0 1 307396985909332.1
a 6 39 0 1 506747758148159.94
a 6 40 0 1 17783708519078.36
a 6 41 0 1 345369889618093.8
a 6 42 0 1 554799771804279.7
a 6 43 0 1 522064735008277.25
a 6 44 0 1 410126808719179.7
a 6 45 0 1 527054107772325.94
a 6 46 0 1 264659719975447.72
a 6 47 0 1 244242384158119.47
a 6 48 0 1 134478209624748.23
a 6 49 0 1 470203271806592.5
a 6 50 0 1 169841918083319.25
a 6 51 0 1 385929479258204.7
a 6 52 0 1 485637168564986.2
a 6 53 0 1 201786247149937.3
a 6 54 0 1 262095944526051.06
a 6 55 0 1 196319753484199.5
a 6 56 0 1 371889330473597.7
a 6 57 0 1 215483276831765.22
a 6 58 0 1 528300877800668.06
a 6 59 0 1 257746191471712.78
a 6 60 0 1 545360915184197.7
a 6 61 0 1 392925990536708.9
a 6 62 0 1 401115623638952.9
a 6 63 0 1 254633337112658.0
a 6 64 0 1 181405715152900.25
a 6 65 0 1 225974420671554.53
a 6 66 0 1 611722078086612.4
a 6 67 0 1 120993167755353.28
a 6 68 0 1 147475492619353.7
a 6 69 0 1 44411240422152.02
a 6 70 0 1 126940788571814.42
a 6 71 0 1 461210687751235.0
a 6 72 0 1 118878502571980.03
a 6 73 0 1 55674707191063.94
a 6 74 0 1 73718277729749.52
a 6 75 0 1 522331593888441.94
a 6 76 0 1 509258385022125.3
a 6 77 0 1 149783520759204.44
a 6 78 0 1 51810938035297.36
a 6 79 0 1 191930334936404.03
a 6 80 0 1 79230611357773.97
a 6 81 0 1 550774983309893.44
a 7 12 0 1 533561310858431.75
a 7 13 0 1 242228174215413.16
a 7 14 0 1 84660392090205.92
a 7 15 0 1 526321553036911.5
a 7 16 0 1 172485269927166.2
a 7 17 0 1 441853646570250.6
a 7 18 0 1 344931416291390.3
a 7 19 0 1 206695422261485.28
a 7 20 0 1 153590122499867.56
a 7 21 0 1 275489925545104.34
a 7 22 0 1 247887753013140.25
a 7 23 0 1 122356673045132.84
a 7 24 0 1 456876081924221.9
a 7 25 0 1 588533639197822.2
a 7 26 0 1 33905105336237.92
a 7 27 0 1 249080528064596.2
a 7 28 0 1 275804923789185.94
a 7 29 0 1 313791334019360.25
a 7 30 0 1 300977808440077.7
a 7 31 0 1 315460119261837.25
a 7 32 0 1 380204961821884.9
a 7 33 0 1 442007167410541.75
a 7 34 0 1 568494123108309.6
a 7 35 0 1 222863197510132.28
a 7 36 0 1 43499395042453.44
a 7 37 0 1 481936132581896.25
a 7 38 0 1 295100833083778.06
a 7 39 0 1 486019498595806.2
a 7 40 0 1 17094895294827.914
a 7 41 0 1 331496019706513.56
a 7 42 0 1 531982995203535.3
a 7 43 0 1 500673141834873.7
a 7 44 0 1 393531706127022.06
a 7 45 0 1 505445955703392.6
a 7 46 0 1 254123490680350.84
a 7 47 0 1 234541097804902.16
a 7 48 0 1 129201618774465.47
a 7 49 0 1 451048635073373.56
a 7 50 0 1 163151485646444.47
a 7 51 0 1 370355754594271.7
a 7 52 0 1 465819486346713.94
a 7 53 0 1 193809145595827.34
a 7 54 0 1 251664764612663.97
a 7 55 0 1 188563478642136.97
a 7 56 0 1 356905751270807.0
a 7 57 0 1 206951691664815.84
a 7 58 0 1 506638573709599.5
a 7 59 0 1 247493104460201.56
a 7 60 0 1 522956132238649.75
a 7 61 0 1 377057500580507.7
a 7 62 0 1 384901523477254.75
a 7 63 0 1 244507595407710.5
a 7 64 0 1 174250559050308.4
a 7 65 0 1 217016996460339.75
a 7 66 0 1 586402485261835.9
a 7 67 0 1 116252804663174.98
a 7 68 0 1 141680554347342.66
a 7 69 0 1 42685985841311.766
a 7 70 0 1 121964117574650.0
a 7 71 0 1 442441336974199.94
a 7 72 0 1 114222083441322.17
a 7 73 0 1 53509195823196.82
a 7 74 0 1 70845204182818.62
a 7 75 0 1 500928423986898.7
a 7 76 0 1 488421550847067.8
a 7 77 0 1 143896379700231.7
a 7 78 0 1 49796574029209.93
a 7 79 0 1 184351183862611.28
a 7 80 0 1 76140812855577.42
a 7 81 0 1 528133988151868.2
a 8 12 0 1 438114211665906.4
a 8 13 0 1 200088419890100.72
a 8 14 0 1 70152546915595.83
a 8 15 0 1 432234801375626.56
a 8 16 0 1 142678017929652.2
a 8 17 0 1 363502866259577.94
a 8 18 0 1 284332018742361.25
a 8 19 0 1 170859225665303.5
a 8 20 0 1 127096070528276.17
a 8 21 0 1 227410950800021.7
a 8 22 0 1 204740060500214.16
a 8 23 0 1 101313288208371.48
a 8 24 0 1 375744876036870.5
a 8 25 0 1 482697011868770.75
a 8 26 0 1 28123071121927.246
a 8 27 0 1 205720271460890.5
a 8 28 0 1 227669524183924.16
a 8 29 0 1 258826845817165.03
a 8 30 0 1 248322376891329.5
a 8 31 0 1 260194497016564.1
a 8 32 0 1 313182617309547.75
a 8 33 0 1 363628012338511.0
a 8 34 0 1 466457233748687.1
a 8 35 0 1 184164075681767.1
a 8 36 0 1 36074385198568.79
a 8 37 0 1 396149220497011.7
a 8 38 0 1 243502592602539.6
a 8 39 0 1 399471896495372.6
a 8 40 0 1 14184283624180.703
a 8 41 0 1 273331864502994.0
a 8 42 0 1 436832617871096.7
a 8 43 0 1 411390917829265.5
a 8 44 0 1 324071577321955.7
a 8 45 0 1 415271421264726.1
a 8 46 0 1 209863998831232.44
a 8 47 0 1 193768639156764.84
a 8 48 0 1 106966464139881.03
a 8 49 0 1 370996931997995.5
a 8 50 0 1 134982366782001.84
a 8 51 0 1 305131143899053.4
a 8 52 0 1 383029266706792.2
a 8 53 0 1 160248524912378.16
a 8 54 0 1 207843807375622.4
a 8 55 0 1 155927594203983.06
a 8 56 0 1 294130733890848.75
a 8 57 0 1 171070184286050.56
a 8 58 0 1 416240946593011.8
a 8 59 0 1 204415731587373.16
a 8 60 0 1 429501114961660.5
a 8 61 0 1 310610011138496.5
a 8 62 0 1 317020761485567.7
a 8 63 0 1 201962019216512.94
a 8 64 0 1 144133162082802.3
a 8 65 0 1 179354109072357.53
a 8 66 0 1 480970626278157.56
a 8 67 0 1 96270853195918.88
a 8 68 0 1 117268703705544.45
a 8 69 0 1 35400385107464.34
a 8 70 0 1 100989033332559.66
a 8 71 0 1 363981931317104.7
a 8 72 0 1 94592991493507.06
a 8 73 0 1 44366847409639.664
a 8 74 0 1 58720825097942.94
a 8 75 0 1 411598493404156.7
a 8 76 0 1 401426198642805.4
a 8 77 0 1 119097483421681.16
a 8 78 0 1 41291566792807.586
a 8 79 0 1 152457201091517.5
a 8 80 0 1 63103550045747.47
a 8 81 0 1 433706853469588.4
a 9 12 0 1 271624091050104.12
a 9 13 0 1 125343009134529.8
a 9 14 0 1 44191662759829.96
a 9 15 0 1 268048136043414.0
a 9 16 0 1 89599808488616.55
a 9 17 0 1 226103713384758.8
a 9 18 0 1 177468814591173.78
a 9 19 0 1 107167458243489.08
a 9 20 0 1 79867885750671.48
a 9 21 0 1 142291077156471.12
a 9 22 0 1 128231264253980.47
a 9 23 0 1 63736116610265.72
a 9 24 0 1 233593464387343.9
a 9 25 0 1 298678322609946.7
a 9 26 0 1 17747472744815.78
a 9 27 0 1 128839738476704.98
a 9 28 0 1 142451275864389.9
a 9 29 0 1 161728164654661.38
a 9 30 0 1 155234991883148.0
a 9 31 0 1 162573115499794.47
a 9 32 0 1 195231421294572.16
a 9 33 0 1 226180320128167.22
a 9 34 0 1 288836164002544.5
a 9 35 0 1 115446531352643.16
a 9 36 0 1 22757573046524.688
a 9 37 0 1 246058769115734.78
a 9 38 0 1 152253710980468.1
a 9 39 0 1 248086481266651.25
a 9 40 0 1 8956497922277.033
a 9 41 0 1 170684352707769.8
a 9 42 0 1 270844766074920.12
a 9 43 0 1 255355264627697.06
a 9 44 0 1 201923693783264.94
a 9 45 0 1 257720099541752.12
a 9 46 0 1 131411416682644.23
a 9 47 0 1 121417108683012.25
a 9 48 0 1 67276263214062.81
a 9 49 0 1 230689610472017.53
a 9 50 0 1 84795020542423.84
a 9 51 0 1 190278888897391.16
a 9 52 0 1 238046217688754.34
a 9 53 0 1 100557980977388.23
a 9 54 0 1 130157762664410.72
a 9 55 0 1 97864699545629.83
a 9 56 0 1 183506728626575.56
a 9 57 0 1 107298804051344.58
a 9 58 0 1 258310813431964.66
a 9 59 0 1 128029922878065.31
a 9 60 0 1 266384816666993.5
a 9 61 0 1 193649372714342.62
a 9 62 0 1 197591053658436.66
a 9 63 0 1 126506488733686.67
a 9 64 0 1 90507969693846.2
a 9 65 0 1 112454588335741.5
a 9 66 0 1 297632731044819.2
a 9 67 0 1 60576976641914.375
a 9 68 0 1 73723327841960.89
a 9 69 0 1 22333019138796.574
a 9 70 0 1 63533008646811.47
a 9 71 0 1 226396962955559.34
a 9 72 0 1 59525474433206.19
a 9 73 0 1 27979014403117.27
a 9 74 0 1 37008426423364.484
a 9 75 0 1 255481785077537.38
a 9 76 0 1 249278840636655.75
a 9 77 0 1 74867166339964.0
a 9 78 0 1 26043060396000.047
a 9 79 0 1 95700836286994.55
a 9 80 0 1 39763185895049.055
a 9 81 0 1 268943640564516.66
a 10 12 0 1 228101336860627.72
a 10 13 0 1 105542971559982.66
a 10 14 0 1 37265710270886.375
a 10 15 0 1 225113313507136.66
a 10 16 0 1 75495123175075.06
a 10 17 0 1 190034946653085.2
a 10 18 0 1 149292112454950.7
a 10 19 0 1 90268452641690.98
a 10 20 0 1 67307078169211.086
a 10 21 0 1 119776722974859.25
a 10 22 0 1 107969287046665.88
a 10 23 0 1 53728057652303.5
a 10 24 0 1 196302733776750.0
a 10 25 0 1 250694388646842.72
a 10 26 0 1 14973133779099.568
a 10 27 0 1 108480410649328.77
a 10 28 0 1 119911222609751.5
a 10 29 0 1 136089897504447.28
a 10 30 0 1 130641607642298.67
a 10 31 0 1 136798782251280.66
a 10 32 0 1 164180931343295.25
a 10 33 0 1 190099063818816.88
a 10 34 0 1 242477865315276.7
a 10 35 0 1 97227353425896.14
a 10 36 0 1 19198307442253.98
a 10 37 0 1 206730392424823.72
a 10 38 0 1 128139636221926.27
a 10 39 0 1 208426180932763.3
a 10 40 0 1 7557586436011.503
a 10 41 0 1 143602701310951.53
a 10 42 0 1 227450177115929.56
a 10 43 0 1 214504044980925.62
a 10 44 0 1 169787912955662.62
a 10 45 0 1 216481065306853.53
a 10 46 0 1 110640515994884.78
a 10 47 0 1 102244555209119.78
a 10 48 0 1 56708682280699.625
a 10 49 0 1 193872857228447.53
a 10 50 0 1 71452933299160.66
a 10 51 0 1 160030653109392.06
a 10 52 0 1 200028177594354.38
a 10 53 0 1 84711398055721.02
a 10 54 0 1 109587523060016.06
a 10 55 0 1 82446579989546.73
a 10 56 0 1 154354265771686.06
a 10 57 0 1 90378870694930.69
a 10 58 0 1 216974879139987.97
a 10 59 0 1 107800156029106.31
a 10 60 0 1 223723326794341.47
a 10 61 0 1 162855240056915.38
a 10 62 0 1 166158060261976.6
a 10 63 0 1 106520398451547.92
a 10 64 0 1 76259064640336.03
a 10 65 0 1 94712746622256.7
a 10 66 0 1 249821644113482.47
a 10 67 0 1 51067897211430.45
a 10 68 0 1 62135798184779.54
a 10 69 0 1 18840297522610.39
a 10 70 0 1 53557039359417.83
a 10 71 0 1 190280385292504.94
a 10 72 0 1 50182409784118.27
a 10 73 0 1 23600898630346.258
a 10 74 0 1 31212317085438.22
a 10 75 0 1 214609821527768.38
a 10 76 0 1 209423298101089.28
a 10 77 0 1 63098544176213.21
a 10 78 0 1 21968646564853.48
a 10 79 0 1 80626795232469.39
a 10 80 0 1 33533969701070.375
a 10 81 0 1 225861623867175.06
a 11 12 0 1 728404274138000.4
a 11 13 0 1 326649092101532.7
a 11 14 0 1 113447779437569.17
a 11 15 0 1 718294380029395.6
a 11 16 0 1 231944308842880.8
a 11 17 0 1 600827749857152.9
a 11 18 0 1 467120412274354.2
a 11 19 0 1 278330702443293.5
a 11 20 0 1 206379400357490.9
a 11 21 0 1 372009090465955.5
a 11 22 0 1 334358312907415.0
a 11 23 0 1 164206549079105.62
a 11 24 0 1 621653927471020.8
a 11 25 0 1 805389629513876.1
a 11 26 0 1 45343808006003.44
a 11 27 0 1 335983521274104.94
a 11 28 0 1 372439267909712.9
a 11 29 0 1 424399490093469.4
a 11 30 0 1 406853635424769.0
a 11 31 0 1 426686004681465.3
a 11 32 0 1 515650559092279.9
a 11 33 0 1 601040441063224.8
a 11 34 0 1 777280280301510.1
a 11 35 0 1 300298443653111.7
a 11 36 0 1 58196715606728.766
a 11 37 0 1 656457849685420.6
a 11 38 0 1 398812543187024.56
a 11 39 0 1 662136329005719.0
a 11 40 0 1 22847341505975.953
a 11 41 0 1 448674483114912.2
a 11 42 0 1 726199679886761.6
a 11 43 0 1 682531436722501.5
a 11 44 0 1 534024514508037.94
a 11 45 0 1 689180124314975.6
a 11 46 0 1 342856568968223.5
a 11 47 0 1 316183925098553.5
a 11 48 0 1 173439833274631.53
a 11 49 0 1 613571809814667.6
a 11 50 0 1 219310903259634.28
a 11 51 0 1 502084873300939.44
a 11 52 0 1 634065757829998.0
a 11 53 0 1 260842604357392.12
a 11 54 0 1 339505212352452.6
a 11 55 0 1 253728954829582.34
a 11 56 0 1 483578379322577.4
a 11 57 0 1 278678676364582.7
a 11 58 0 1 690841929322400.9
a 11 59 0 1 333820622554241.9
a 11 60 0 1 713597041316909.1
a 11 61 0 1 511314179195933.75
a 11 62 0 1 522123404118064.9
a 11 63 0 1 329753578409400.8
a 11 64 0 1 234334732233038.5
a 11 65 0 1 292351611539241.56
a 11 66 0 1 802397783708398.1
a 11 67 0 1 155977196479011.84
a 11 68 0 1 190286012995553.72
a 11 69 0 1 57106664634738.914
a 11 70 0 1 163677177029958.2
a 11 71 0 1 601641964975274.2
a 11 72 0 1 153240231392682.66
a 11 73 0 1 71616558075737.36
a 11 74 0 1 94883429095994.84
a 11 75 0 1 682886980531763.0
a 11 76 0 1 665477686315867.4
a 11 77 0 1 193279082193651.6
a 11 78 0 1 66637926820454.22
a 11 79 0 1 248018874391742.66
a 11 80 0 1 101997077790700.44
a 11 81 0 1 720824711800875.8
a 12 1 0 1 0
a 13 1 0 1 0
a 14 1 0 1 0
a 15 1 0 1 0
a 16 1 0 1 0
a 17 1 0 1 0
a 18 1 0 1 0
a 19 1 0 1 0
a 20 1 0 1 0
a 21 1 0 1 0
a 22 1 0 1 0
a 23 1 0 1 0
a 24 1 0 1 0
a 25 1 0 1 0
a 26 1 0 1 0
a 27 1 0 1 0
a 28 1 0 1 0
a 29 1 0 1 0
a 30 1 0 1 0
a 31 1 0 1 0
a 32 1 0 1 0
a 33 1 0 1 0
a 34 1 0 1 0
a 35 1 0 1 0
a 36 1 0 1 0
a 37 1 0 1 0
a 38 1 0 1 0
a 39 1 0 1 0
a 40 1 0 1 0
a 41 1 0 1 0
a 42 1 0 1 0
a 43 1 0 1 0
a 44 1 0 1 0
a 45 1 0 1 0
a 46 1 0 1 0
a 47 1 0 1 0
a 48 1 0 1 0
a 49 1 0 1 0
a 50 1 0 1 0
a 51 1 0 1 0
a 52 1 0 1 0
a 53 1 0 1 0
a 54 1 0 1 0
a 55 1 0 1 0
a 56 1 0 1 0
a 57 1 0 1 0
a 58 1 0 1 0
a 59 1 0 1 0
a 60 1 0 1 0
a 61 1 0 1 0
a 62 1 0 1 0
a 63 1 0 1 0
a 64 1 0 1 0
a 65 1 0 1 0
a 66 1 0 1 0
a 67 1 0 1 0
a 68 1 0 1 0
a 69 1 0 1 0
a 70 1 0 1 0
a 71 1 0 1 0
a 72 1 0 1 0
a 73 1 0 1 0
a 74 1 0 1 0
a 75 1 0 1 0
a 76 1 0 1 0
a 77 1 0 1 0
a 78 1 0 1 0
a 79 1 0 1 0
a 80 1 0 1 0
a 81 1 0 1 0
