p min 80 758
n 0 10
n 1 -10
a 0 2 0 1 0
a 0 3 0 1 0
a 0 4 0 1 0
a 0 5 0 1 0
a 0 6 0 1 0
a 0 7 0 1 0
a 0 8 0 1 0
a 0 9 0 1 0
a 0 10 0 1 0
a 0 11 0 1 0
a 2 12 0 1 83236703525791.02
a 2 13 0 1 157346857467441.97
a 2 14 0 1 242902910040096.7
a 2 15 0 1 362786990235778.1
a 2 16 0 1 202931859815617.22
a 2 17 0 1 178185167847653.16
a 2 18 0 1 148189193985376.25
a 2 19 0 1 63175400916147.13
a 2 20 0 1 72000186363606.64
a 2 21 0 1 229903926730968.44
a 2 22 0 1 17911188636948.0
a 2 23 0 1 377751551957308.75
a 2 24 0 1 210995442327740.5
a 2 25 0 1 259202797808481.12
a 2 26 0 1 163657521145886.1
a 2 27 0 1 96024271367189.14
a 2 28 0 1 47261450074250.0
a 2 29 0 1 54939542666844.695
a 2 30 0 1 108386222542164.2
a 2 31 0 1 178218849249475.53
a 2 32 0 1 58225105872014.18
a 2 33 0 1 357582447124858.2
a 2 34 0 1 185290268640843.78
a 2 35 0 1 221967754773081.0
a 2 36 0 1 32444121666472.33
a 2 37 0 1 103624842305193.97
a 2 38 0 1 120849714997590.06
a 2 39 0 1 296838598611278.4
a 2 40 0 1 336946088340085.3
a 2 41 0 1 117831923948759.81
a 2 42 0 1 91283694225168.66
a 2 43 0 1 251078772437450.22
a 2 44 0 1 150485674790491.78
a 2 45 0 1 366882730788757.06
a 2 46 0 1 163417011615992.78
a 2 47 0 1 379885033826488.56
a 2 48 0 1 376121012800792.06
a 2 49 0 1 219315478104535.94
a 2 50 0 1 353634924631190.4
a 2 51 0 1 154471041000670.8
a 2 52 0 1 144864068459186.8
a 2 53 0 1 71172752144353.1
a 2 54 0 1 377666337005242.0
a 2 55 0 1 325649286649098.2
a 2 56 0 1 323058120811913.9
a 2 57 0 1 420710249203429.25
a 2 58 0 1 43132629607863.34
a 2 59 0 1 360828025859928.1
a 2 60 0 1 246532494809174.84
a 2 61 0 1 300103476506058.2
a 2 62 0 1 88948186142895.42
a 2 63 0 1 119031767653150.95
a 2 64 0 1 187409840967776.22
a 2 65 0 1 385901516705760.75
a 2 66 0 1 79815173643417.67
a 2 67 0 1 205550174415151.8
a 2 68 0 1 323154380818188.7
a 2 69 0 1 73705650950525.05
a 2 70 0 1 274388499605996.1
a 2 71 0 1 91591043482345.77
a 2 72 0 1 208159577882205.2
a 2 73 0 1 29409532165773.324
a 2 74 0 1 201425850835946.22
a 2 75 0 1 150709039989593.9
a 2 76 0 1 359312769618542.2
a 2 77 0 1 379253633234536.75
a 2 78 0 1 227594189259764.78
a 2 79 0 1 29986559449860.66
a 3 12 0 1 49462097638579.7
a 3 13 0 1 93176646325756.62
a 3 14 0 1 143261552532077.28
a 3 15 0 1 212752618452849.0
a 3 16 0 1 119913231375897.89
a 3 17 0 1 105413161498659.75
a 3 18 0 1 87791488626051.75
a 3 19 0 1 37576178354848.28
a 3 20 0 1 42807443035548.09
a 3 21 0 1 135678252658854.86
a 3 22 0 1 10675910662552.342
a 3 23 0 1 221370200914289.28
a 3 24 0 1 124630612782813.66
a 3 25 0 1 152757154920937.2
a 3 26 0 1 96884904883291.16
a 3 27 0 1 57026794636836.57
a 3 28 0 1 28131573269044.43
a 3 29 0 1 32690120987913.055
a 3 30 0 1 64331060560281.73
a 3 31 0 1 105432920015903.95
a 3 32 0 1 34639786836673.684
a 3 33 0 1 209752547662001.53
a 3 34 0 1 109579823201972.6
a 3 35 0 1 131043829158248.84
a 3 36 0 1 19325147295035.605
a 3 37 0 1 61518726518372.97
a 3 38 0 1 71686710157267.7
a 3 39 0 1 174625262463951.1
a 3 40 0 1 197842082156470.88
a 3 41 0 1 69906477196447.92
a 3 42 0 1 54223489088475.39
a 3 43 0 1 148026312349267.06
a 3 44 0 1 89142372014288.33
a 3 45 0 1 215112467948279.97
a 3 46 0 1 96743617924338.52
a 3 47 0 1 222597774733185.78
a 3 48 0 1 220431840244274.75
a 3 49 0 1 129494214704768.62
a 3 50 0 1 207476049661608.3
a 3 51 0 1 91486028286524.25
a 3 52 0 1 85834993360189.55
a 3 53 0 1 42317130328945.13
a 3 54 0 1 221321164176980.94
a 3 55 0 1 191311895348820.88
a 3 56 0 1 189813045326765.44
a 3 57 0 1 246038643405875.5
a 3 58 0 1 25678904404954.32
a 3 59 0 1 211623585315550.97
a 3 60 0 1 145377277503511.78
a 3 61 0 1 176518561118279.2
a 3 62 0 1 52841943742701.31
a 3 63 0 1 70614340865553.48
a 3 64 0 1 110822263219213.23
a 3 65 0 1 226058190384999.0
a 3 66 0 1 47436492599131.14
a 3 67 0 1 121445404183079.69
a 3 68 0 1 189868733303338.4
a 3 69 0 1 43817930134281.234
a 3 70 0 1 161590290769863.16
a 3 71 0 1 54405275726475.37
a 3 72 0 1 122971981164567.36
a 3 73 0 1 17520087370698.395
a 3 74 0 1 119031778667941.67
a 3 75 0 1 89273748811055.53
a 3 76 0 1 210750131758771.97
a 3 77 0 1 222234502876130.34
a 3 78 0 1 134329817059356.77
a 3 79 0 1 17863358916133.01
a 4 12 0 1 153581144198271.25
a 4 13 0 1 292467479470743.1
a 4 14 0 1 455448630675113.9
a 4 15 0 1 688889681920111.4
a 4 16 0 1 378943400392292.94
a 4 17 0 1 331897304722085.6
a 4 18 0 1 275192701745693.25
a 4 19 0 1 116337232794371.0
a 4 20 0 1 132702343954710.86
a 4 21 0 1 430497644828994.9
a 4 22 0 1 32839146854781.223
a 4 23 0 1 718464764072455.2
a 4 24 0 1 394325539640851.9
a 4 25 0 1 486833079872264.0
a 4 26 0 1 304390585568111.6
a 4 27 0 1 177398595648387.62
a 4 28 0 1 86897145936686.98
a 4 29 0 1 101089822120519.27
a 4 30 0 1 200481045661307.16
a 4 31 0 1 331961172920902.94
a 4 32 0 1 107169580581499.5
a 4 33 0 1 678626980745883.6
a 4 34 0 1 345380164126017.94
a 4 35 0 1 415298158845355.6
a 4 36 0 1 59567805124041.79
a 4 37 0 1 191583765110404.72
a 4 38 0 1 223811004607522.78
a 4 39 0 1 559719186816678.1
a 4 40 0 1 638051731640821.9
a 4 41 0 1 218156751610308.78
a 4 42 0 1 168561987793034.1
a 4 43 0 1 471177133742093.94
a 4 44 0 1 279521691620532.66
a 4 45 0 1 696974381669893.1
a 4 46 0 1 303935894237700.8
a 4 47 0 1 722689373932148.0
a 4 48 0 1 715237425761698.1
a 4 49 0 1 410224134496519.5
a 4 50 0 1 670850924666930.0
a 4 51 0 1 287039135383214.9
a 4 52 0 1 268928248255472.75
a 4 53 0 1 131166701648341.17
a 4 54 0 1 718296068090669.4
a 4 55 0 1 615918456384397.1
a 4 56 0 1 610849483074497.2
a 4 57 0 1 803924992811553.2
a 4 58 0 1 79273958509864.25
a 4 59 0 1 685025448783266.9
a 4 60 0 1 462427751958528.3
a 4 61 0 1 566070025168978.2
a 4 62 0 1 164211577349349.25
a 4 63 0 1 220404415323863.47
a 4 64 0 1 349406169290456.4
a 4 65 0 1 734613874685730.9
a 4 66 0 1 147218619356735.0
a 4 67 0 1 383935272255561.2
a 4 68 0 1 611037740193717.2
a 4 69 0 1 135868320750152.69
a 4 70 0 1 516170821533419.1
a 4 71 0 1 169134645420094.8
a 4 72 0 1 388912871460289.5
a 4 73 0 1 53980447795809.88
a 4 74 0 1 376073397747258.06
a 4 75 0 1 279942855180745.03
a 4 76 0 1 682037631904055.8
a 4 77 0 1 721438895370110.8
a 4 78 0 1 426071374458495.8
a 4 79 0 1 55042631133267.055
a 5 12 0 1 89260515141413.06
a 5 13 0 1 168839252179595.2
a 5 14 0 1 260834450837015.22
a 5 15 0 1 389974087191396.2
a 5 16 0 1 217838106636944.1
a 5 17 0 1 191233361311427.7
a 5 18 0 1 159000405989744.72
a 5 19 0 1 67736037734413.88
a 5 20 0 1 77203567255956.03
a 5 21 0 1 246848323420753.72
a 5 22 0 1 19196982754161.152
a 5 23 0 1 406113425986189.75
a 5 24 0 1 226509589441671.44
a 5 25 0 1 278376655221884.78
a 5 26 0 1 175620226622142.7
a 5 27 0 1 102984538668457.28
a 5 28 0 1 50666546171934.305
a 5 29 0 1 58901591933772.76
a 5 30 0 1 116254594698827.19
a 5 31 0 1 191269563883513.62
a 5 32 0 1 62425806039605.195
a 5 33 0 1 384361989000091.1
a 5 34 0 1 198870769339812.44
a 5 35 0 1 238311038672583.97
a 5 36 0 1 34777379681150.8
a 5 37 0 1 111143116450824.98
a 5 38 0 1 129636464849927.6
a 5 39 0 1 318900163681750.4
a 5 40 0 1 362114820694821.2
a 5 41 0 1 126396046884366.7
a 5 42 0 1 97896455643986.17
a 5 43 0 1 269632819707924.84
a 5 44 0 1 161467563045769.44
a 5 45 0 1 394390925726350.94
a 5 46 0 1 175361779330100.03
a 5 47 0 1 408414750471795.0
a 5 48 0 1 404354671040061.94
a 5 49 0 1 235458132794770.12
a 5 50 0 1 380105696658563.94
a 5 51 0 1 165749355032775.4
a 5 52 0 1 155428326293879.0
a 5 53 0 1 76315808177316.89
a 5 54 0 1 406021508956985.9
a 5 55 0 1 349939714267438.0
a 5 56 0 1 347147437143645.0
a 5 57 0 1 452468914421893.4
a 5 58 0 1 46238665830856.65
a 5 59 0 1 387861659279577.5
a 5 60 0 1 264740234898711.22
a 5 61 0 1 322416820674986.2
a 5 62 0 1 95389893823970.05
a 5 63 0 1 127684384944398.66
a 5 64 0 1 201149319334233.47
a 5 65 0 1 414905033922544.06
a 5 66 0 1 85588922112476.48
a 5 67 0 1 220653678631901.9
a 5 68 0 1 347251165981856.4
a 5 69 0 1 79033409229928.9
a 5 70 0 1 294724279101093.56
a 5 71 0 1 98226322660754.58
a 5 72 0 1 223459795427281.2
a 5 73 0 1 31523761045467.35
a 5 74 0 1 216218696555257.06
a 5 75 0 1 161707534095841.22
a 5 76 0 1 386227750392759.56
a 5 77 0 1 407733667856184.5
a 5 78 0 1 244363516612001.5
a 5 79 0 1 32142424092732.47
a 6 12 0 1 113091477826240.0
a 6 13 0 1 214447318985339.84
a 6 14 0 1 332260873110597.44
a 6 15 0 1 498850378288207.44
a 6 16 0 1 277110444355914.72
a 6 17 0 1 243061998737492.75
a 6 18 0 1 201888393483362.88
a 6 19 0 1 85763416114030.67
a 6 20 0 1 97779150854163.67
a 6 21 0 1 314304234424835.75
a 6 22 0 1 24270011565895.605
a 6 23 0 1 519772025833664.2
a 6 24 0 1 288220751486088.5
a 6 25 0 1 354806398024856.75
a 6 26 0 1 223107568778090.66
a 6 27 0 1 130534991987515.23
a 6 28 0 1 64117404069304.836
a 6 29 0 1 74557509508396.73
a 6 30 0 1 147415744430869.28
a 6 31 0 1 243108290782198.78
a 6 32 0 1 79027007047582.02
a 6 33 0 1 491580727307863.8
a 6 34 0 1 252830297517439.1
a 6 35 0 1 303351360163005.56
a 6 36 0 1 43988615293310.34
a 6 37 0 1 140911803894069.0
a 6 38 0 1 164452981115667.56
a 6 39 0 1 406987763293821.4
a 6 40 0 1 462789996802012.06
a 6 41 0 1 160326100341875.3
a 6 42 0 1 124066191568779.1
a 6 43 0 1 343565432450123.75
a 6 44 0 1 205036890076663.72
a 6 45 0 1 504573698336180.9
a 6 46 0 1 222777426834126.28
a 6 47 0 1 522757143627017.4
a 6 48 0 1 517491008186038.56
a 6 49 0 1 299692593220435.8
a 6 50 0 1 486069172667618.6
a 6 51 0 1 210502331422191.84
a 6 52 0 1 197330709393716.7
a 6 53 0 1 96652149892111.92
a 6 54 0 1 519652807226700.25
a 6 55 0 1 447052138906371.2
a 6 56 0 1 443444587231206.56
a 6 57 0 1 579992255788186.9
a 6 58 0 1 58506080054692.03
a 6 59 0 1 496113711761405.75
a 6 60 0 1 337278403569733.7
a 6 61 0 1 411522721052063.0
a 6 62 0 1 120880197322589.86
a 6 63 0 1 161966780882110.8
a 6 64 0 1 255745507976039.16
a 6 65 0 1 531178421431757.1
a 6 66 0 1 108427337950377.66
a 6 67 0 1 280717202272565.22
a 6 68 0 1 443578590166360.3
a 6 69 0 1 100102312218653.14
a 6 70 0 1 375840080566098.0
a 6 71 0 1 124485509956834.88
a 6 72 0 1 284312502138018.5
a 6 73 0 1 39869271425810.695
a 6 74 0 1 275036271715430.72
a 6 75 0 1 205343158814057.34
a 6 76 0 1 493997239997135.5
a 6 77 0 1 521873641738956.8
a 6 78 0 1 311115733115647.1
a 6 79 0 1 40652485572853.25
a 7 12 0 1 97561224974686.5
a 7 13 0 1 184699344082021.12
a 7 14 0 1 285624710382593.4
a 7 15 0 1 427656030429517.3
a 7 16 0 1 238428783204156.4
a 7 17 0 1 209248227826349.38
a 7 18 0 1 173917642005034.66
a 7 19 0 1 74017999043052.75
a 7 20 0 1 84372125986247.9
a 7 21 0 1 270267503958664.8
a 7 22 0 1 20966487998768.637
a 7 23 0 1 445436377648545.5
a 7 24 0 1 247943566320199.5
a 7 25 0 1 304893470383955.06
a 7 26 0 1 192131502789862.16
a 7 27 0 1 112578130252112.9
a 7 28 0 1 55355346232525.27
a 7 29 0 1 64358145769230.77
a 7 30 0 1 127102560627482.89
a 7 31 0 1 209287923702901.38
a 7 32 0 1 68211409181073.766
a 7 33 0 1 421474880124415.0
a 7 34 0 1 217623301961894.7
a 7 35 0 1 260895677207836.03
a 7 36 0 1 37989321558686.695
a 7 37 0 1 121507414501857.83
a 7 38 0 1 141753630580803.88
a 7 39 0 1 349434842720528.8
a 7 40 0 1 396979857551535.8
a 7 41 0 1 138205483065448.86
a 7 42 0 1 107010199066527.2
a 7 43 0 1 295288083189233.7
a 7 44 0 1 176621006700614.72
a 7 45 0 1 432521294785983.25
a 7 46 0 1 191848216093507.88
a 7 47 0 1 447972242986353.8
a 7 48 0 1 443498470446345.6
a 7 49 0 1 257764293481797.7
a 7 50 0 1 416787550543235.8
a 7 51 0 1 181313090161209.25
a 7 52 0 1 170003828907275.88
a 7 53 0 1 83401141871756.73
a 7 54 0 1 445335095684554.4
a 7 55 0 1 383579934418816.8
a 7 56 0 1 380507286294646.1
a 7 57 0 1 496542727490013.1
a 7 58 0 1 50515311784253.54
a 7 59 0 1 425329312780059.8
a 7 60 0 1 289914250636198.1
a 7 61 0 1 353302120028005.0
a 7 62 0 1 104267473889111.69
a 7 63 0 1 139616139337470.34
a 7 64 0 1 220122203474315.4
a 7 65 0 1 455124725797752.9
a 7 66 0 1 93544504068430.75
a 7 67 0 1 241517966597901.12
a 7 68 0 1 380621426940930.8
a 7 69 0 1 86373569459481.19
a 7 70 0 1 322856987332748.9
a 7 71 0 1 107371156616135.98
a 7 72 0 1 244596969673832.53
a 7 73 0 1 34434014928327.426
a 7 74 0 1 236652090374149.5
a 7 75 0 1 176883960623029.6
a 7 76 0 1 423529734991083.8
a 7 77 0 1 447221733163002.06
a 7 78 0 1 267539614929505.16
a 7 79 0 1 35110023771293.938
a 8 12 0 1 27180013199640.1
a 8 13 0 1 51085534741890.66
a 8 14 0 1 78340620653063.2
a 8 15 0 1 115918659035683.42
a 8 16 0 1 65652813816305.88
a 8 17 0 1 57757597442106.72
a 8 18 0 1 48146523548242.055
a 8 19 0 1 20661288781658.816
a 8 20 0 1 23531320924115.0
a 8 21 0 1 74223163708116.66
a 8 22 0 1 5878340344380.226
a 8 23 0 1 120559459138333.44
a 8 24 0 1 68218815836635.77
a 8 25 0 1 83491754849266.84
a 8 26 0 1 53108396641490.414
a 8 27 0 1 31324606882040.145
a 8 28 0 1 15475737597118.086
a 8 29 0 1 17979238671216.867
a 8 30 0 1 35323416416476.55
a 8 31 0 1 57768364026352.84
a 8 32 0 1 19049610653852.918
a 8 33 0 1 114302042993088.47
a 8 34 0 1 60027553549775.25
a 8 35 0 1 71705222148091.53
a 8 36 0 1 10635996939859.182
a 8 37 0 1 33784130145849.246
a 8 38 0 1 39347280601596.21
a 8 39 0 1 95335071591402.56
a 8 40 0 1 107878897693417.55
a 8 41 0 1 38373697946570.54
a 8 42 0 1 29789094893854.33
a 8 43 0 1 80926031502520.03
a 8 44 0 1 48883939097943.23
a 8 45 0 1 117189924014501.16
a 8 46 0 1 53031338729513.766
a 8 47 0 1 121220194881537.86
a 8 48 0 1 120054332835596.8
a 8 49 0 1 70863023056138.38
a 8 50 0 1 113074987237042.34
a 8 51 0 1 50163038948925.73
a 8 52 0 1 47078334007033.15
a 8 53 0 1 23262386619188.047
a 8 54 0 1 120533063557506.16
a 8 55 0 1 104353816133606.88
a 8 56 0 1 103544372817507.4
a 8 57 0 1 133820582150401.88
a 8 58 0 1 14128270413560.635
a 8 59 0 1 115310329465506.67
a 8 60 0 1 79488796331423.98
a 8 61 0 1 96359157163503.42
a 8 62 0 1 29032187867886.39
a 8 63 0 1 38760839606527.336
a 8 64 0 1 60704230706135.23
a 8 65 0 1 123082282876532.11
a 8 66 0 1 26069658016239.504
a 8 67 0 1 66486372879871.05
a 8 68 0 1 103574449012297.23
a 8 69 0 1 24085525294320.57
a 8 70 0 1 88278890358816.02
a 8 71 0 1 29888682205117.375
a 8 72 0 1 67316754249714.5
a 8 73 0 1 9643445701735.908
a 8 74 0 1 65173209960232.15
a 8 75 0 1 48955649051419.66
a 8 76 0 1 114839657609424.44
a 8 77 0 1 121024674524146.03
a 8 78 0 1 73490667977640.19
a 8 79 0 1 9832215283999.47
a 9 12 0 1 139428346182295.81
a 9 13 0 1 265119486700535.72
a 9 14 0 1 412122165453015.9
a 9 15 0 1 621716343259020.5
a 9 16 0 1 343184786468279.06
a 9 17 0 1 300733126112102.8
a 9 18 0 1 249506799298935.75
a 9 19 0 1 105658368232489.73
a 9 20 0 1 120500346822083.5
a 9 21 0 1 389652527116701.44
a 9 22 0 1 29851040858251.082
a 9 23 0 1 648187348100997.6
a 9 24 0 1 357054968486391.4
a 9 25 0 1 440367187069089.0
a 9 26 0 1 275891923118921.2
a 9 27 0 1 161010021572293.44
a 9 28 0 1 78945253179224.94
a 9 29 0 1 91825386264311.88
a 9 30 0 1 181915066565060.03
a 9 31 0 1 300790787458499.94
a 9 32 0 1 97341694872023.19
a 9 33 0 1 612526357381320.4
a 9 34 0 1 312903862410633.3
a 9 35 0 1 375958331279366.56
a 9 36 0 1 54132397127088.89
a 9 37 0 1 173858322528910.5
a 9 38 0 1 203033599159245.97
a 9 39 0 1 505883202623903.25
a 9 40 0 1 576170094768873.4
a 9 41 0 1 197916295507309.94
a 9 42 0 1 153004214550865.16
a 9 43 0 1 426279877956340.9
a 9 44 0 1 253419836926725.9
a 9 45 0 1 628954384944690.8
a 9 46 0 1 275481165296629.53
a 9 47 0 1 651967014428163.9
a 9 48 0 1 645299658061680.9
a 9 49 0 1 371385760042785.2
a 9 50 0 1 605561588072206.2
a 9 51 0 1 260214073903938.6
a 9 52 0 1 243843604409455.03
a 9 53 0 1 119107851115169.2
a 9 54 0 1 648036411445284.6
a 9 55 0 1 556323373071726.25
a 9 56 0 1 551776598216836.6
a 9 57 0 1 724571055060173.6
a 9 58 0 1 72025455029622.52
a 9 59 0 1 618256287983222.2
a 9 60 0 1 418404920507650.3
a 9 61 0 1 511586577698897.44
a 9 62 0 1 149062259025242.97
a 9 63 0 1 199950588296598.5
a 9 64 0 1 316537351941610.94
a 9 65 0 1 662633514368608.8
a 9 66 0 1 133661201779811.89
a 9 67 0 1 347686521235831.5
a 9 68 0 1 551945471127789.3
a 9 69 0 1 123371058690562.88
a 9 70 0 1 466751720990704.3
a 9 71 0 1 153523078409456.25
a 9 72 0 1 352174878620635.0
a 9 73 0 1 49057755407761.43
a 9 74 0 1 340596350929051.1
a 9 75 0 1 253800512856420.97
a 9 76 0 1 615580759892167.6
a 9 77 0 1 650848278873143.8
a 9 78 0 1 385665105019398.6
a 9 79 0 1 50022515172035.65
a 10 12 0 1 60631079935048.164
a 10 13 0 1 114347562041153.9
a 10 14 0 1 176045244892237.12
a 10 15 0 1 261924808416939.3
a 10 16 0 1 147262808468207.84
a 10 17 0 1 129406050253717.72
a 10 18 0 1 107723581227261.31
a 10 19 0 1 46046960900121.0
a 10 20 0 1 52464648670412.6
a 10 21 0 1 166693048254851.12
a 10 22 0 1 13073451415343.14
a 10 23 0 1 272597424432465.62
a 10 24 0 1 153075217821795.0
a 10 25 0 1 187761191025053.2
a 10 26 0 1 118909982483361.38
a 10 27 0 1 69917749868986.516
a 10 28 0 1 34464803446921.633
a 10 29 0 1 40054353794915.266
a 10 30 0 1 78888204600212.22
a 10 31 0 1 129430373378700.39
a 10 32 0 1 42445379129687.82
a 10 33 0 1 258210495326934.38
a 10 34 0 1 134535859104691.12
a 10 35 0 1 160979462731666.38
a 10 36 0 1 23670389238854.89
a 10 37 0 1 75433936661742.67
a 10 38 0 1 87925246460893.88
a 10 39 0 1 214765538010495.03
a 10 40 0 1 243470461383446.97
a 10 41 0 1 85737757696969.3
a 10 42 0 1 66475890634297.38
a 10 43 0 1 181923393274618.47
a 10 44 0 1 109385049692603.58
a 10 45 0 1 264846908848644.12
a 10 46 0 1 118736134978770.12
a 10 47 0 1 274118148784324.1
a 10 48 0 1 271435047930880.16
a 10 49 0 1 159069324934201.72
a 10 50 0 1 255392427182132.22
a 10 51 0 1 112267823994801.14
a 10 52 0 1 105317473698093.9
a 10 53 0 1 51863061163237.12
a 10 54 0 1 272536679618365.8
a 10 55 0 1 235392968944981.88
a 10 56 0 1 233539377348964.75
a 10 57 0 1 303176558117985.94
a 10 58 0 1 31457965423882.434
a 10 59 0 1 260526908858492.62
a 10 60 0 1 178655168482516.03
a 10 61 0 1 217105026783670.25
a 10 62 0 1 64779834735138.734
a 10 63 0 1 86607531554578.66
a 10 64 0 1 136065716353409.92
a 10 65 0 1 278405481113008.44
a 10 66 0 1 58145005397501.53
a 10 67 0 1 149150478084860.78
a 10 68 0 1 233608242615714.97
a 10 69 0 1 53704511002080.625
a 10 70 0 1 198665152774781.97
a 10 71 0 1 66699070376473.445
a 10 72 0 1 151031407236292.88
a 10 73 0 1 21458459603730.867
a 10 74 0 1 146176909912960.2
a 10 75 0 1 109546638007124.27
a 10 76 0 1 259445511619537.84
a 10 77 0 1 273668115166328.72
a 10 78 0 1 165030472338140.88
a 10 79 0 1 21879090349804.19
a 11 12 0 1 104088477312887.23
a 11 13 0 1 197190340741174.66
a 11 14 0 1 305184877644431.5
a 11 15 0 1 457467419590300.3
a 11 16 0 1 254661293117025.0
a 11 17 0 1 223442573381436.06
a 11 18 0 1 185663787008422.78
a 11 19 0 1 78955759351535.19
a 11 20 0 1 90007799488473.34
a 11 21 0 1 288740624112109.56
a 11 22 0 1 22356068003337.176
a 11 23 0 1 476556591209744.9
a 11 24 0 1 264843826205346.28
a 11 25 0 1 325823396696245.9
a 11 26 0 1 205137100943275.16
a 11 27 0 1 120124046514433.64
a 11 28 0 1 59039638913049.36
a 11 29 0 1 68646389306612.44
a 11 30 0 1 135637319157356.4
a 11 31 0 1 223485031943304.5
a 11 32 0 1 72758556624851.67
a 11 33 0 1 450832616077972.6
a 11 34 0 1 232401120235806.0
a 11 35 0 1 278707439711016.06
a 11 36 0 1 40512385044458.86
a 11 37 0 1 129660829825541.05
a 11 38 0 1 151289438552566.25
a 11 39 0 1 373556116604117.6
a 11 40 0 1 424546628822074.5
a 11 41 0 1 147498529029322.3
a 11 42 0 1 114177978800143.44
a 11 43 0 1 315534377324445.7
a 11 44 0 1 188553727440039.62
a 11 45 0 1 462690248115413.7
a 11 46 0 1 204834182254079.3
a 11 47 0 1 479279592678348.9
a 11 48 0 1 474475753728817.56
a 11 49 0 1 275355418608156.47
a 11 50 0 1 445801731022899.5
a 11 51 0 1 193569935188593.97
a 11 52 0 1 181480077609229.1
a 11 53 0 1 88971291325455.92
a 11 54 0 1 476447837501834.3
a 11 55 0 1 410171540858926.56
a 11 56 0 1 406875738648254.4
a 11 57 0 1 531457118899026.56
a 11 58 0 1 53875463535244.05
a 11 59 0 1 454969855790954.7
a 11 60 0 1 309778785618295.3
a 11 61 0 1 377702139424363.94
a 11 62 0 1 111249176363248.39
a 11 63 0 1 149005676135160.5
a 11 64 0 1 235074347907633.8
a 11 65 0 1 486960531109678.8
a 11 66 0 1 99799921180258.72
a 11 67 0 1 257967104597286.75
a 11 68 0 1 406998165842827.94
a 11 69 0 1 92144353922820.62
a 11 70 0 1 345069763936332.44
a 11 71 0 1 114563434474599.06
a 11 72 0 1 261262186015507.3
a 11 73 0 1 36719952873087.94
a 11 74 0 1 252760084887997.88
a 11 75 0 1 188834836047738.6
a 11 76 0 1 453038206026613.5
a 11 77 0 1 478473686181256.1
a 11 78 0 1 285820073828279.94
a 11 79 0 1 37441033014508.92
a 12 1 0 1 0
a 13 1 0 1 0
a 14 1 0 1 0
a 15 1 0 1 0
a 16 1 0 1 0
a 17 1 0 1 0
a 18 1 0 1 0
a 19 1 0 1 0
a 20 1 0 1 0
a 21 1 0 1 0
a 22 1 0 1 0
a 23 1 0 1 0
a 24 1 0 1 0
a 25 1 0 1 0
a 26 1 0 1 0
a 27 1 0 1 0
a 28 1 0 1 0
a 29 1 0 1 0
a 30 1 0 1 0
a 31 1 0 1 0
a 32 1 0 1 0
a 33 1 0 1 0
a 34 1 0 1 0
a 35 1 0 1 0
a 36 1 0 1 0
a 37 1 0 1 0
a 38 1 0 1 0
a 39 1 0 1 0
a 40 1 0 1 0
a 41 1 0 1 0
a 42 1 0 1 0
a 43 1 0 1 0
a 44 1 0 1 0
a 45 1 0 1 0
a 46 1 0 1 0
a 47 1 0 1 0
a 48 1 0 1 0
a 49 1 0 1 0
a 50 1 0 1 0
a 51 1 0 1 0
a 52 1 0 1 0
a 53 1 0 1 0
a 54 1 0 1 0
a 55 1 0 1 0
a 56 1 0 1 0
a 57 1 0 1 0
a 58 1 0 1 0
a 59 1 0 1 0
a 60 1 0 1 0
a 61 1 0 1 0
a 62 1 0 1 0
a 63 1 0 1 0
a 64 1 0 1 0
a 65 1 0 1 0
a 66 1 0 1 0
a 67 1 0 1 0
a 68 1 0 1 0
a 69 1 0 1 0
a 70 1 0 1 0
a 71 1 0 1 0
a 72 1 0 1 0
a 73 1 0 1 0
a 74 1 0 1 0
a 75 1 0 1 0
a 76 1 0 1 0
a 77 1 0 1 0
a 78 1 0 1 0
a 79 1 0 1 0
