p min 81 769
n 0 10
n 1 -10
a 0 2 0 1 0
a 0 3 0 1 0
a 0 4 0 1 0
a 0 5 0 1 0
a 0 6 0 1 0
a 0 7 0 1 0
a 0 8 0 1 0
a 0 9 0 1 0
a 0 10 0 1 0
a 0 11 0 1 0
a 2 12 0 1 347583459768431.94
a 2 13 0 1 149057733220070.72
a 2 14 0 1 316350400444313.25
a 2 15 0 1 303062725551249.6
a 2 16 0 1 112049510111048.48
a 2 17 0 1 334576593679806.56
a 2 18 0 1 505758623704055.0
a 2 19 0 1 520142491629141.7
a 2 20 0 1 443773345138996.94
a 2 21 0 1 357268843402087.6
a 2 22 0 1 84239908751642.06
a 2 23 0 1 358547004180318.44
a 2 24 0 1 592789992613500.0
a 2 25 0 1 591988662208535.8
a 2 26 0 1 381374871986386.5
a 2 27 0 1 101422661493269.66
a 2 28 0 1 207778214563450.75
a 2 29 0 1 41471885529460.23
a 2 30 0 1 148011744813581.28
a 2 31 0 1 127188383072039.66
a 2 32 0 1 41143046561109.33
a 2 33 0 1 466515157150335.6
a 2 34 0 1 52712801463901.35
a 2 35 0 1 285994490774967.75
a 2 36 0 1 103409072371170.38
a 2 37 0 1 362216602516894.3
a 2 38 0 1 60650649280435.35
a 2 39 0 1 394957289528169.75
a 2 40 0 1 373819827368440.3
a 2 41 0 1 475938940373363.5
a 2 42 0 1 492670206005651.6
a 2 43 0 1 193505678680738.5
a 2 44 0 1 14727802731480.133
a 2 45 0 1 533992927606077.0
a 2 46 0 1 243955532701915.53
a 2 47 0 1 255523922645786.72
a 2 48 0 1 37384597137211.53
a 2 49 0 1 280690407483140.12
a 2 50 0 1 53978293242405.32
a 2 51 0 1 353024878479964.1
a 2 52 0 1 298093197890367.44
a 2 53 0 1 472234882968754.0
a 2 54 0 1 382390992197289.1
a 2 55 0 1 50189526586176.34
a 2 56 0 1 577109562210388.5
a 2 57 0 1 261159422769651.9
a 2 58 0 1 119133684175637.06
a 2 59 0 1 41201198535666.625
a 2 60 0 1 578350667745130.6
a 2 61 0 1 210472759955174.8
a 2 62 0 1 272316597325691.0
a 2 63 0 1 491189590298016.25
a 2 64 0 1 445417607296687.9
a 2 65 0 1 477647578734699.4
a 2 66 0 1 148258145591126.56
a 2 67 0 1 283474751234846.0
a 2 68 0 1 588762733327646.5
a 2 69 0 1 416755459629197.2
a 2 70 0 1 341077350859052.75
a 2 71 0 1 547510855838768.2
a 2 72 0 1 438893215226289.4
a 2 73 0 1 37336471043091.66
a 2 74 0 1 258849134085377.78
a 2 75 0 1 154777493392144.38
a 2 76 0 1 133771681344474.83
a 2 77 0 1 549946634414234.44
a 2 78 0 1 289927171979709.2
a 2 79 0 1 279802440358752.75
a 2 80 0 1 67179630448835.88
a 3 12 0 1 348761253816911.1
a 3 13 0 1 149551258813481.12
a 3 14 0 1 317418450505494.6
a 3 15 0 1 304084326160924.0
a 3 16 0 1 112418912109850.25
a 3 17 0 1 335708589085146.25
a 3 18 0 1 507504527019608.1
a 3 19 0 1 521941094197090.44
a 3 20 0 1 445294141731980.75
a 3 21 0 1 358480830301257.25
a 3 22 0 1 84516734715519.48
a 3 23 0 1 359763509160285.2
a 3 24 0 1 594857452559035.9
a 3 25 0 1 594053131863171.6
a 3 26 0 1 382672294740360.4
a 3 27 0 1 101756617293439.19
a 3 28 0 1 208470876400114.56
a 3 29 0 1 41607495647510.305
a 3 30 0 1 148501747624652.56
a 3 31 0 1 127608431801921.81
a 3 32 0 1 41277576281042.586
a 3 33 0 1 468118169009083.9
a 3 34 0 1 52885392931325.71
a 3 35 0 1 286956635174408.1
a 3 36 0 1 103749647297973.69
a 3 37 0 1 363446086319898.56
a 3 38 0 1 60849413286955.734
a 3 39 0 1 396303060704791.94
a 3 40 0 1 375090422541576.2
a 3 41 0 1 477576147528826.4
a 3 42 0 1 494368308292761.1
a 3 43 0 1 194149689866475.8
a 3 44 0 1 14775812901644.355
a 3 45 0 1 535842440876898.2
a 3 46 0 1 244772232913631.7
a 3 47 0 1 256380505779821.88
a 3 48 0 1 37506784326046.72
a 3 49 0 1 281634123119438.4
a 3 50 0 1 54155054052976.28
a 3 51 0 1 354221873253043.9
a 3 52 0 1 299097463233905.9
a 3 53 0 1 473858640636293.75
a 3 54 0 1 383692026717174.7
a 3 55 0 1 50353808401951.9
a 3 56 0 1 579118608645531.1
a 3 57 0 1 262035473376692.75
a 3 58 0 1 119526764055989.69
a 3 59 0 1 41335919307528.85
a 3 60 0 1 580364329897012.5
a 3 61 0 1 211174624678512.44
a 3 62 0 1 273231264527258.72
a 3 63 0 1 492882294233457.94
a 3 64 0 1 446944333679163.56
a 3 65 0 1 479290993862893.25
a 3 66 0 1 148748978178254.22
a 3 67 0 1 284428138113359.75
a 3 68 0 1 590815170520198.2
a 3 69 0 1 418179142184829.25
a 3 70 0 1 342232218958045.25
a 3 71 0 1 549410214985567.94
a 3 72 0 1 440396425610576.9
a 3 73 0 1 37458500258090.27
a 3 74 0 1 259717200882696.34
a 3 75 0 1 155290297617696.53
a 3 76 0 1 134213809662799.2
a 3 77 0 1 551854991796638.2
a 3 78 0 1 290902994865046.75
a 3 79 0 1 280743073005622.94
a 3 80 0 1 67399957705128.07
a 4 12 0 1 397622498911491.0
a 4 13 0 1 169956876643861.7
a 4 14 0 1 361703065508994.5
a 4 15 0 1 346433356098729.06
a 4 16 0 1 127683188207955.22
a 4 17 0 1 382659302661116.56
a 4 18 0 1 580136785861726.9
a 4 19 0 1 596785179265902.2
a 4 20 0 1 508491470076497.75
a 4 21 0 1 408769022190145.1
a 4 22 0 1 95950459499454.03
a 4 23 0 1 410240286931311.06
a 4 24 0 1 681003664159320.8
a 4 25 0 1 680073472987366.5
a 4 26 0 1 436528022385555.5
a 4 27 0 1 115553814671538.16
a 4 28 0 1 237137990321061.0
a 4 29 0 1 47204739371257.87
a 4 30 0 1 168761361789337.97
a 4 31 0 1 144969800856719.1
a 4 32 0 1 46830197871371.42
a 4 33 0 1 534758965434416.25
a 4 34 0 1 60010307466227.85
a 4 35 0 1 326829366556187.56
a 4 36 0 1 117820764424047.31
a 4 37 0 1 414464650228291.5
a 4 38 0 1 69055827766802.39
a 4 39 0 1 452178998553827.4
a 4 40 0 1 427825590567726.06
a 4 41 0 1 545649988295816.7
a 4 42 0 1 564995319965755.4
a 4 43 0 1 220796964962445.03
a 4 44 0 1 16756565302357.371
a 4 45 0 1 612824381246662.2
a 4 46 0 1 278593430187004.53
a 4 47 0 1 291860263076442.56
a 4 48 0 1 42549673383563.2
a 4 49 0 1 320739606257834.9
a 4 50 0 1 61452235442332.41
a 4 51 0 1 403884349920958.9
a 4 52 0 1 340724345337283.9
a 4 53 0 1 541368787279013.44
a 4 54 0 1 437698636610317.0
a 4 55 0 1 57135409739363.54
a 4 56 0 1 662806693048992.9
a 4 57 0 1 298325035180265.7
a 4 58 0 1 135771324167102.8
a 4 59 0 1 46896431607435.89
a 4 60 0 1 664246598689622.4
a 4 61 0 1 240223924914615.94
a 4 62 0 1 311127650347117.1
a 4 63 0 1 563282905289777.4
a 4 64 0 1 510389929202840.8
a 4 65 0 1 547625048078059.3
a 4 66 0 1 169042982418686.44
a 4 67 0 1 323936248632904.8
a 4 68 0 1 676329066315207.0
a 4 69 0 1 477312586858844.75
a 4 70 0 1 390136979908361.8
a 4 71 0 1 628486340558281.8
a 4 72 0 1 502857543711068.6
a 4 73 0 1 42494865572464.69
a 4 74 0 1 295674634874044.6
a 4 75 0 1 176495018079382.56
a 4 76 0 1 152489737149707.6
a 4 77 0 1 631309272308893.5
a 4 78 0 1 331345295042335.1
a 4 79 0 1 319720215003140.0
a 4 80 0 1 76497614672635.34
a 5 12 0 1 127392708693883.67
a 5 13 0 1 55422459084153.84
a 5 14 0 1 116208805526882.08
a 5 15 0 1 111435102984041.94
a 5 16 0 1 41773533062854.75
a 5 17 0 1 122741496086333.75
a 5 18 0 1 183242121985528.84
a 5 19 0 1 188255729947060.4
a 5 20 0 1 161512728316335.72
a 5 21 0 1 130850359395151.77
a 5 22 0 1 31468776855160.43
a 5 23 0 1 131306288378868.97
a 5 24 0 1 213412599715037.2
a 5 25 0 1 213136608776560.1
a 5 26 0 1 139434619941366.47
a 5 27 0 1 37840692290151.07
a 5 28 0 1 76928620514067.19
a 5 29 0 1 15540081166134.098
a 5 30 0 1 55037698053608.78
a 5 31 0 1 47365743131386.17
a 5 32 0 1 15417225534426.338
a 5 33 0 1 169508434127603.9
a 5 34 0 1 19736231692791.312
a 5 35 0 1 105289466155327.7
a 5 36 0 1 38576294498253.5
a 5 37 0 1 132614780428218.36
a 5 38 0 1 22695272106028.438
a 5 39 0 1 144257871594143.78
a 5 40 0 1 136747536654692.11
a 5 41 0 1 172813753584513.16
a 5 42 0 1 178670648962257.03
a 5 43 0 1 71718303621726.44
a 5 44 0 1 5529334802007.203
a 5 45 0 1 193073188138818.94
a 5 46 0 1 90086812428247.08
a 5 47 0 1 94279688793139.58
a 5 48 0 1 14012638980326.562
a 5 49 0 1 103376514095463.45
a 5 50 0 1 20208204165811.85
a 5 51 0 1 129335887910900.16
a 5 52 0 1 109647355674420.62
a 5 53 0 1 171515139385377.8
a 5 54 0 1 139795791040943.42
a 5 55 0 1 18794904330319.55
a 5 56 0 1 208005942823837.88
a 5 57 0 1 96319654954816.39
a 5 58 0 1 44391915332093.47
a 5 59 0 1 15438951782594.11
a 5 60 0 1 208434345712031.72
a 5 61 0 1 77911068619034.52
a 5 62 0 1 100353403827019.48
a 5 63 0 1 178152940555330.47
a 5 64 0 1 162091738781338.0
a 5 65 0 1 173412546726447.34
a 5 66 0 1 55128340486749.26
a 5 67 0 1 104380891986142.42
a 5 68 0 1 212025209801088.34
a 5 69 0 1 151978297875317.97
a 5 70 0 1 125067264102868.4
a 5 71 0 1 197765336127414.9
a 5 72 0 1 159793403010211.72
a 5 73 0 1 13994648630825.854
a 5 74 0 1 95483569511374.03
a 5 75 0 1 57525405233991.734
a 5 76 0 1 49793740505335.26
a 5 77 0 1 198609794734797.7
a 5 78 0 1 106706848966184.12
a 5 79 0 1 103056117014803.28
a 5 80 0 1 25126578561638.914
a 6 12 0 1 239527400029069.53
a 6 13 0 1 103448245101405.3
a 6 14 0 1 218248695703114.12
a 6 15 0 1 209181187383562.7
a 6 16 0 1 77865491675621.56
a 6 17 0 1 230671906718285.06
a 6 18 0 1 346537680147794.06
a 6 19 0 1 356206110427080.5
a 6 20 0 1 304753051469497.9
a 6 21 0 1 246116020213259.34
a 6 22 0 1 58597260134669.7
a 6 23 0 1 246985156324363.3
a 6 24 0 1 404876972735346.0
a 6 25 0 1 404341581006718.0
a 6 26 0 1 262494075278875.03
a 6 27 0 1 70507020246417.77
a 6 28 0 1 143901650148386.12
a 6 29 0 1 28891070246035.348
a 6 30 0 1 102726107173003.47
a 6 31 0 1 88338706579058.61
a 6 32 0 1 28662316486475.344
a 6 33 0 1 320106003872357.25
a 6 34 0 1 36707537254316.695
a 6 35 0 1 197520905714423.7
a 6 36 0 1 71882914438478.33
a 6 37 0 1 249479990328556.03
a 6 38 0 1 42223473250680.84
a 6 39 0 1 271709360402045.47
a 6 40 0 1 257364182575496.53
a 6 41 0 1 326460322468048.5
a 6 42 0 1 337730897777208.56
a 6 43 0 1 134084749123679.88
a 6 44 0 1 10269592131388.666
a 6 45 0 1 365506056347955.75
a 6 46 0 1 168739869723103.03
a 6 47 0 1 176668670070378.88
a 6 48 0 1 26047411806850.19
a 6 49 0 1 193894428842282.44
a 6 50 0 1 37587121713771.4
a 6 51 0 1 243229580910045.44
a 6 52 0 1 205787718942565.47
a 6 53 0 1 323963266683198.06
a 6 54 0 1 263183804668109.47
a 6 55 0 1 34953493015063.66
a 6 56 0 1 394394475779640.0
a 6 57 0 1 180528749347048.94
a 6 58 0 1 82767790648640.22
a 6 59 0 1 28702769748590.2
a 6 60 0 1 395224622195459.7
a 6 61 0 1 145753875293925.28
a 6 62 0 1 188166285561692.12
a 6 63 0 1 336734091753363.0
a 6 64 0 1 305863965385204.5
a 6 65 0 1 327611951176008.8
a 6 66 0 1 102896224181331.28
a 6 67 0 1 195798298772699.9
a 6 68 0 1 402185914173646.56
a 6 69 0 1 286479415852542.1
a 6 70 0 1 235098889666674.97
a 6 71 0 1 374573336908914.2
a 6 72 0 1 301455082879457.1
a 6 73 0 1 26013924079888.164
a 6 74 0 1 178946490151279.94
a 6 75 0 1 107396146838753.08
a 6 76 0 1 92889582616925.25
a 6 77 0 1 376206170592324.06
a 6 78 0 1 200208831012441.47
a 6 79 0 1 193287176266204.03
a 6 80 0 1 46758094743534.414
a 7 12 0 1 209744741178168.53
a 7 13 0 1 90761851831227.86
a 7 14 0 1 191170357595716.78
a 7 15 0 1 183251732749058.62
a 7 16 0 1 68341156836326.016
a 7 17 0 1 202016102028273.66
a 7 18 0 1 302978508347023.0
a 7 19 0 1 311387603837742.7
a 7 20 0 1 266608454739403.3
a 7 21 0 1 215493663068596.7
a 7 22 0 1 51443743696942.17
a 7 23 0 1 216251947593254.9
a 7 24 0 1 353681830782725.06
a 7 25 0 1 353216921900174.3
a 7 26 0 1 229779566881700.5
a 7 27 0 1 61889181659967.15
a 7 28 0 1 126181750237123.73
a 7 29 0 1 25374656337684.18
a 7 30 0 1 90129195050517.89
a 7 31 0 1 77521843305641.9
a 7 32 0 1 25173825605473.94
a 7 33 0 1 279977194348728.06
a 7 34 0 1 32236223247721.547
a 7 35 0 1 173065771504858.44
a 7 36 0 1 63095680644421.625
a 7 37 0 1 218428477287579.7
a 7 38 0 1 37077395460036.67
a 7 39 0 1 237814652562256.5
a 7 40 0 1 225305712799976.7
a 7 41 0 1 285508493405892.06
a 7 42 0 1 295316708704725.2
a 7 43 0 1 117590113946695.36
a 7 44 0 1 9022004005987.434
a 7 45 0 1 319473908261716.4
a 7 46 0 1 147909024185585.5
a 7 47 0 1 154841474582288.28
a 7 48 0 1 22878019819281.434
a 7 49 0 1 169897120056659.03
a 7 50 0 1 33008258649488.09
a 7 51 0 1 212975227917729.88
a 7 52 0 1 180287689614039.6
a 7 53 0 1 283334984534865.2
a 7 54 0 1 230381038368949.0
a 7 55 0 1 30696593445223.21
a 7 56 0 1 344577954145443.5
a 7 57 0 1 158215912188066.0
a 7 58 0 1 72638789667708.58
a 7 59 0 1 25209340998816.305
a 7 60 0 1 345299028031990.5
a 7 61 0 1 127802523973155.9
a 7 62 0 1 164891447360081.12
a 7 63 0 1 294449371681577.94
a 7 64 0 1 267575999255039.44
a 7 65 0 1 286510849448308.9
a 7 66 0 1 90278233789720.95
a 7 67 0 1 171560677130921.16
a 7 68 0 1 351344966329171.4
a 7 69 0 1 250688550858771.1
a 7 70 0 1 205880005743849.06
a 7 71 0 1 327355732791161.56
a 7 72 0 1 263735918568386.4
a 7 73 0 1 22848617532341.004
a 7 74 0 1 156832764747949.66
a 7 75 0 1 94220332911547.36
a 7 76 0 1 81510231078599.73
a 7 77 0 1 328774861161231.7
a 7 78 0 1 175414143441185.44
a 7 79 0 1 169366497579154.34
a 7 80 0 1 41056733662116.55
a 8 12 0 1 187129868025247.9
a 8 13 0 1 81095317581015.78
a 8 14 0 1 170597720701851.47
a 8 15 0 1 163547380156478.3
a 8 16 0 1 61079335005097.29
a 8 17 0 1 180251930071196.8
a 8 18 0 1 269994499600414.94
a 8 19 0 1 277458605831162.88
a 8 20 0 1 237692947047725.38
a 8 21 0 1 192245124426447.5
a 8 22 0 1 45986927961054.234
a 8 23 0 1 192919772556220.44
a 8 24 0 1 314975237638925.4
a 8 25 0 1 314563069910081.0
a 8 26 0 1 204953152876338.97
a 8 27 0 1 55317309521708.6
a 8 28 0 1 112693637224631.98
a 8 29 0 1 22690300031348.965
a 8 30 0 1 80530667912390.86
a 8 31 0 1 69276694611308.74
a 8 32 0 1 22510770058761.297
a 8 33 0 1 249569721663206.4
a 8 34 0 1 28823577678133.945
a 8 35 0 1 154476247675897.1
a 8 36 0 1 56394859667028.06
a 8 37 0 1 194856165702033.06
a 8 38 0 1 33150286928834.598
a 8 39 0 1 212098734293711.88
a 8 40 0 1 200973931757159.97
a 8 41 0 1 254482527921480.78
a 8 42 0 1 263192297277661.2
a 8 43 0 1 105031538784629.53
a 8 44 0 1 8069182791362.017
a 8 45 0 1 284634662369738.6
a 8 46 0 1 132062886309062.67
a 8 47 0 1 138240753970175.9
a 8 48 0 1 20458402331198.527
a 8 49 0 1 151653922831177.44
a 8 50 0 1 29513604566128.625
a 8 51 0 1 190004371525392.72
a 8 52 0 1 160907984595803.3
a 8 53 0 1 252552137558001.72
a 8 54 0 1 205488090618005.22
a 8 55 0 1 27447454265320.117
a 8 56 0 1 306903231586416.2
a 8 57 0 1 141247502529628.0
a 8 58 0 1 64916887148939.734
a 8 59 0 1 22542518638245.316
a 8 60 0 1 307542645933066.6
a 8 61 0 1 114138873874588.05
a 8 62 0 1 147194900673211.56
a 8 63 0 1 262422184252541.25
a 8 64 0 1 238552649521409.12
a 8 65 0 1 255372728704865.53
a 8 66 0 1 80663686605845.23
a 8 67 0 1 153135684855091.0
a 8 68 0 1 312903425943031.3
a 8 69 0 1 223544405540269.84
a 8 70 0 1 183690697370342.25
a 8 71 0 1 291627808118126.94
a 8 72 0 1 235140456616269.84
a 8 73 0 1 20432116999055.258
a 8 74 0 1 140015097853919.55
a 8 75 0 1 84181874714950.5
a 8 76 0 1 72837314714497.02
a 8 77 0 1 292886777144827.56
a 8 78 0 1 156567802501474.78
a 8 79 0 1 151181274220607.44
a 8 80 0 1 36706363827522.46
a 9 12 0 1 476846052837007.5
a 9 13 0 1 202758759488495.2
a 9 14 0 1 433406258405981.56
a 9 15 0 1 414962271965472.3
a 9 16 0 1 152182468175108.84
a 9 17 0 1 458740906084977.56
a 9 18 0 1 698760963792917.0
a 9 19 0 1 719104755731015.6
a 9 20 0 1 611408534660477.6
a 9 21 0 1 490341637357843.6
a 9 22 0 1 114280566969424.89
a 9 23 0 1 492123507855355.8
a 9 24 0 1 822285006752167.6
a 9 25 0 1 821142911644096.0
a 9 26 0 1 523982517383191.25
a 9 27 0 1 137688659109991.92
a 9 28 0 1 283335142975068.44
a 9 29 0 1 56162329674809.92
a 9 30 0 1 201327112721135.28
a 9 31 0 1 172852511939334.56
a 9 32 0 1 55716257999774.875
a 9 33 0 1 643398124721942.6
a 9 34 0 1 71417939200918.38
a 9 35 0 1 391302697711470.2
a 9 36 0 1 140396916649877.1
a 9 37 0 1 497240405393290.06
a 9 38 0 1 82199300348774.36
a 9 39 0 1 542969944091186.4
a 9 40 0 1 513431213763305.1
a 9 41 0 1 656674034546756.8
a 9 42 0 1 680273580055453.2
a 9 43 0 1 263712957918997.88
a 9 44 0 1 19923045883765.78
a 9 45 0 1 738720551928782.5
a 9 46 0 1 333181401778697.56
a 9 47 0 1 349153934414977.6
a 9 48 0 1 50618757759134.984
a 9 49 0 1 383957605234878.75
a 9 50 0 1 73136285415355.03
a 9 51 0 1 484426651849132.56
a 9 52 0 1 408069925645321.94
a 9 53 0 1 651454477874400.0
a 9 54 0 1 525402176963364.56
a 9 55 0 1 67992248578147.67
a 9 56 0 1 799952738628463.4
a 9 57 0 1 356940773342772.94
a 9 58 0 1 161851654201897.28
a 9 59 0 1 55795140562373.266
a 9 60 0 1 801719091538303.4
a 9 61 0 1 287042377084669.7
a 9 62 0 1 372368572353301.44
a 9 63 0 1 678183656458176.5
a 9 64 0 1 613719141649461.6
a 9 65 0 1 659082369181408.9
a 9 66 0 1 201664350592826.66
a 9 67 0 1 387812932956669.0
a 9 68 0 1 816546066806538.8
a 9 69 0 1 573492103167952.0
a 9 70 0 1 467787097988899.25
a 9 71 0 1 757890613842819.0
a 9 72 0 1 604552795480784.0
a 9 73 0 1 50553495611319.51
a 9 74 0 1 353748070875194.75
a 9 75 0 1 210589658778437.28
a 9 76 0 1 181849326565265.84
a 9 77 0 1 761347499532938.9
a 9 78 0 1 396750903623292.5
a 9 79 0 1 382728285862064.25
a 9 80 0 1 91072405739349.27
a 10 12 0 1 111247072917028.36
a 10 13 0 1 48449067540252.62
a 10 14 0 1 101497217579137.17
a 10 15 0 1 97334639788166.17
a 10 16 0 1 36524709228541.06
a 10 17 0 1 107192649713730.58
a 10 18 0 1 159886886351824.47
a 10 19 0 1 164249330719316.12
a 10 20 0 1 140972139520618.4
a 10 21 0 1 114260717019838.25
a 10 22 0 1 27518844611844.73
a 10 23 0 1 114658075892572.44
a 10 24 0 1 186128954666564.53
a 10 25 0 1 185889007366735.47
a 10 26 0 1 121741315876517.1
a 10 27 0 1 33087912129260.844
a 10 28 0 1 67228260540896.49
a 10 29 0 1 13592632368043.557
a 10 30 0 1 48112986679884.234
a 10 31 0 1 41410905492208.3
a 10 32 0 1 13485196647315.012
a 10 33 0 1 147933572639786.66
a 10 34 0 1 17261884704101.295
a 10 35 0 1 91974899379854.27
a 10 36 0 1 33730763708226.375
a 10 37 0 1 115798445061753.58
a 10 38 0 1 19849099455433.527
a 10 39 0 1 125943616865003.11
a 10 40 0 1 119399910081102.84
a 10 41 0 1 150810852863528.78
a 10 42 0 1 155908582894166.9
a 10 43 0 1 62679691388646.85
a 10 44 0 1 4837109168695.052
a 10 45 0 1 168440484641078.62
a 10 46 0 1 78712179325036.75
a 10 47 0 1 82370615489056.67
a 10 48 0 1 12256876080478.656
a 10 49 0 1 90306375379087.95
a 10 50 0 1 17674565136396.46
a 10 51 0 1 112940760976609.81
a 10 52 0 1 95775607429009.83
a 10 53 0 1 149680443167818.12
a 10 54 0 1 122056010224798.3
a 10 55 0 1 16438795763195.39
a 10 56 0 1 181428029421534.34
a 10 57 0 1 84150396849381.42
a 10 58 0 1 38812620896944.8
a 10 59 0 1 13504196008671.473
a 10 60 0 1 181800540686289.12
a 10 61 0 1 68085852986786.49
a 10 62 0 1 87669352564414.34
a 10 63 0 1 155458015278205.88
a 10 64 0 1 141476308613422.75
a 10 65 0 1 151332071883278.97
a 10 66 0 1 48192161323382.48
a 10 67 0 1 91182430273693.95
a 10 68 0 1 184922733810045.1
a 10 69 0 1 132668855752710.42
a 10 70 0 1 109220071921786.58
a 10 71 0 1 172522038318519.78
a 10 72 0 1 139474998490569.39
a 10 73 0 1 12241143073211.584
a 10 74 0 1 83420961719463.53
a 10 75 0 1 50285881254164.82
a 10 76 0 1 43532121995775.94
a 10 77 0 1 173256545668013.94
a 10 78 0 1 93211115075120.1
a 10 79 0 1 90026907956843.62
a 10 80 0 1 21974728176635.074
a 11 12 0 1 394122041685355.06
a 11 13 0 1 168499447388624.7
a 11 14 0 1 358532035500182.06
a 11 15 0 1 343401553176129.5
a 11 16 0 1 126593568134221.52
a 11 17 0 1 379296405245165.8
a 11 18 0 1 574920092714400.4
a 11 19 0 1 591408351556428.1
a 11 20 0 1 503957009798316.56
a 11 21 0 1 405165787003193.6
a 11 22 0 1 95134612575546.31
a 11 23 0 1 406623466221713.44
a 11 24 0 1 674807389064018.4
a 11 25 0 1 673886334878060.9
a 11 26 0 1 432667692991038.8
a 11 27 0 1 114569074603637.11
a 11 28 0 1 235088690157032.06
a 11 29 0 1 46805600448742.336
a 11 30 0 1 167314383146206.06
a 11 31 0 1 143730204552196.6
a 11 32 0 1 46434242838427.125
a 11 33 0 1 529975669839595.2
a 11 34 0 1 59502147470395.41
a 11 35 0 1 323975600420282.8
a 11 36 0 1 116816444602027.7
a 11 37 0 1 410808796786698.75
a 11 38 0 1 68470465811994.44
a 11 39 0 1 448172995926482.44
a 11 40 0 1 424046035332622.44
a 11 41 0 1 540763082675672.1
a 11 42 0 1 559923739842626.75
a 11 43 0 1 218892466837215.7
a 11 44 0 1 16615372648881.967
a 11 45 0 1 607292702501380.4
a 11 46 0 1 276174350900833.97
a 11 47 0 1 289322103931994.6
a 11 48 0 1 42190086757625.97
a 11 49 0 1 317940983341880.44
a 11 50 0 1 60931779518111.64
a 11 51 0 1 400326186659418.3
a 11 52 0 1 337744471928063.94
a 11 53 0 1 536522640889944.1
a 11 54 0 1 433827429577508.8
a 11 55 0 1 56651753132900.09
a 11 56 0 1 656788809919780.8
a 11 57 0 1 295728719054005.44
a 11 58 0 1 134611606223112.16
a 11 59 0 1 46499913556828.89
a 11 60 0 1 658214626557281.9
a 11 61 0 1 238147218818305.75
a 11 62 0 1 308415908621420.7
a 11 63 0 1 558227705116773.75
a 11 64 0 1 505837534516861.3
a 11 65 0 1 542719325456024.5
a 11 66 0 1 167593542241096.53
a 11 67 0 1 321108689443198.5
a 11 68 0 1 670178688784112.5
a 11 69 0 1 473071559595093.25
a 11 70 0 1 386705397331715.56
a 11 71 0 1 622802905360489.0
a 11 72 0 1 498376260443471.06
a 11 73 0 1 42135744376994.414
a 11 74 0 1 293102172081444.2
a 11 75 0 1 174980385086974.9
a 11 76 0 1 151184713993862.12
a 11 77 0 1 625598426639263.9
a 11 78 0 1 328450587341060.4
a 11 79 0 1 316930815264397.06
a 11 80 0 1 75848618707216.11
a 12 1 0 1 0
a 13 1 0 1 0
a 14 1 0 1 0
a 15 1 0 1 0
a 16 1 0 1 0
a 17 1 0 1 0
a 18 1 0 1 0
a 19 1 0 1 0
a 20 1 0 1 0
a 21 1 0 1 0
a 22 1 0 1 0
a 23 1 0 1 0
a 24 1 0 1 0
a 25 1 0 1 0
a 26 1 0 1 0
a 27 1 0 1 0
a 28 1 0 1 0
a 29 1 0 1 0
a 30 1 0 1 0
a 31 1 0 1 0
a 32 1 0 1 0
a 33 1 0 1 0
a 34 1 0 1 0
a 35 1 0 1 0
a 36 1 0 1 0
a 37 1 0 1 0
a 38 1 0 1 0
a 39 1 0 1 0
a 40 1 0 1 0
a 41 1 0 1 0
a 42 1 0 1 0
a 43 1 0 1 0
a 44 1 0 1 0
a 45 1 0 1 0
a 46 1 0 1 0
a 47 1 0 1 0
a 48 1 0 1 0
a 49 1 0 1 0
a 50 1 0 1 0
a 51 1 0 1 0
a 52 1 0 1 0
a 53 1 0 1 0
a 54 1 0 1 0
a 55 1 0 1 0
a 56 1 0 1 0
a 57 1 0 1 0
a 58 1 0 1 0
a 59 1 0 1 0
a 60 1 0 1 0
a 61 1 0 1 0
a 62 1 0 1 0
a 63 1 0 1 0
a 64 1 0 1 0
a 65 1 0 1 0
a 66 1 0 1 0
a 67 1 0 1 0
a 68 1 0 1 0
a 69 1 0 1 0
a 70 1 0 1 0
a 71 1 0 1 0
a 72 1 0 1 0
a 73 1 0 1 0
a 74 1 0 1 0
a 75 1 0 1 0
a 76 1 0 1 0
a 77 1 0 1 0
a 78 1 0 1 0
a 79 1 0 1 0
a 80 1 0 1 0
