p min 81 769
n 0 10
n 1 -10
a 0 2 0 1 0
a 0 3 0 1 0
a 0 4 0 1 0
a 0 5 0 1 0
a 0 6 0 1 0
a 0 7 0 1 0
a 0 8 0 1 0
a 0 9 0 1 0
a 0 10 0 1 0
a 0 11 0 1 0
a 2 12 0 1 129614319607085.88
a 2 13 0 1 51050141621872.484
a 2 14 0 1 45320307512437.63
a 2 15 0 1 250496392614545.16
a 2 16 0 1 38551563025868.266
a 2 17 0 1 117914133205255.94
a 2 18 0 1 151201824775105.78
a 2 19 0 1 247430721921650.22
a 2 20 0 1 245363611731126.2
a 2 21 0 1 48120238881931.41
a 2 22 0 1 154941630342701.75
a 2 23 0 1 125232779110351.2
a 2 24 0 1 195713972972692.47
a 2 25 0 1 194736194134109.0
a 2 26 0 1 24929734782216.402
a 2 27 0 1 17628141603814.375
a 2 28 0 1 60435995403529.055
a 2 29 0 1 11167472467679.295
a 2 30 0 1 168961286921995.47
a 2 31 0 1 109460634374097.27
a 2 32 0 1 153394502222213.84
a 2 33 0 1 76348654526832.48
a 2 34 0 1 114437127559040.67
a 2 35 0 1 27507011013226.3
a 2 36 0 1 13862880543697.281
a 2 37 0 1 77606024206946.39
a 2 38 0 1 186276408825732.72
a 2 39 0 1 33164672747087.355
a 2 40 0 1 80916806765054.53
a 2 41 0 1 94177136003206.6
a 2 42 0 1 112026755865013.02
a 2 43 0 1 6283670809981.408
a 2 44 0 1 188055388613353.7
a 2 45 0 1 115813003935429.72
a 2 46 0 1 235513169602939.47
a 2 47 0 1 180984680772809.34
a 2 48 0 1 218086390020792.62
a 2 49 0 1 189008915196445.56
a 2 50 0 1 14336884209566.742
a 2 51 0 1 21334538808378.406
a 2 52 0 1 46778174666347.586
a 2 53 0 1 26053160894423.035
a 2 54 0 1 35803165547771.836
a 2 55 0 1 193448463305296.75
a 2 56 0 1 225485591406849.88
a 2 57 0 1 47279043980160.9
a 2 58 0 1 159819012262868.4
a 2 59 0 1 45225361975017.69
a 2 60 0 1 66674393516940.37
a 2 61 0 1 194128916031839.0
a 2 62 0 1 20362592854996.27
a 2 63 0 1 84685458428832.48
a 2 64 0 1 157275869569712.22
a 2 65 0 1 46991667858665.055
a 2 66 0 1 50556820671552.03
a 2 67 0 1 72165349408160.94
a 2 68 0 1 49487334197603.07
a 2 69 0 1 27465923722247.316
a 2 70 0 1 161026747880257.4
a 2 71 0 1 89802434904022.56
a 2 72 0 1 31258606019771.664
a 2 73 0 1 98539391146113.14
a 2 74 0 1 235538088106740.97
a 2 75 0 1 196349073049186.94
a 2 76 0 1 35553513010252.99
a 2 77 0 1 26033978546129.3
a 2 78 0 1 101374649827504.81
a 2 79 0 1 162270819093508.47
a 2 80 0 1 64600535006049.72
a 3 12 0 1 229172078170586.28
a 3 13 0 1 89636764885903.7
a 3 14 0 1 79536164116669.11
a 3 15 0 1 447816833305259.06
a 3 16 0 1 67617235902876.77
a 3 17 0 1 208266936230527.2
a 3 18 0 1 267860175416859.0
a 3 19 0 1 442210284837637.44
a 3 20 0 1 438431770241655.4
a 3 21 0 1 84470637183893.64
a 3 22 0 1 274578002637871.0
a 3 23 0 1 221338231808551.78
a 3 24 0 1 348118953127146.6
a 3 25 0 1 346348817220546.0
a 3 26 0 1 43673572244971.52
a 3 27 0 1 30862616209104.47
a 3 28 0 1 106204244648481.7
a 3 29 0 1 19540622778650.434
a 3 30 0 1 299802698726005.4
a 3 31 0 1 193190261383893.62
a 3 32 0 1 271798331711806.84
a 3 33 0 1 134355391427907.86
a 3 34 0 1 202062970322575.28
a 3 35 0 1 48199398381780.875
a 3 36 0 1 24262647500208.062
a 3 37 0 1 136583196947632.53
a 3 38 0 1 331046984660733.4
a 3 39 0 1 58141666768257.4
a 3 40 0 1 142451618927178.1
a 3 41 0 1 165990534683026.44
a 3 42 0 1 197764466830817.1
a 3 43 0 1 10990407201708.047
a 3 44 0 1 334262754841043.06
a 3 45 0 1 204517458952280.06
a 3 46 0 1 420446346552900.56
a 3 47 0 1 321487681497410.2
a 3 48 0 1 388709819984058.9
a 3 49 0 1 335986833861352.9
a 3 50 0 1 25093271752715.832
a 3 51 0 1 37363616861689.99
a 3 52 0 1 82105140950084.39
a 3 53 0 1 45646115116098.98
a 3 54 0 1 62781675250222.05
a 3 55 0 1 344018047864711.7
a 3 56 0 1 402171997654956.5
a 3 57 0 1 82987898245331.86
a 3 58 0 1 283346193414265.4
a 3 59 0 1 79368878876012.31
a 3 60 0 1 117231168058740.16
a 3 61 0 1 345249585164746.75
a 3 62 0 1 35658424183200.055
a 3 63 0 1 149135832644031.03
a 3 64 0 1 278773342450844.8
a 3 65 0 1 82481402608937.2
a 3 66 0 1 88766734370063.1
a 3 67 0 1 126946998216315.7
a 3 68 0 1 86880826104212.1
a 3 69 0 1 48127231109218.65
a 3 70 0 1 285518584048454.56
a 3 71 0 1 158218675423563.94
a 3 72 0 1 54791019868452.07
a 3 73 0 1 173746344324175.84
a 3 74 0 1 420491801526136.06
a 3 75 0 1 349268888686109.44
a 3 76 0 1 62342548937019.2
a 3 77 0 1 45612430977762.805
a 3 78 0 1 178790505003295.72
a 3 79 0 1 287756837331182.06
a 3 80 0 1 113564089357523.0
a 4 12 0 1 259896011611701.8
a 4 13 0 1 101435524578242.12
a 4 14 0 1 89991572856737.8
a 4 15 0 1 509624333644429.8
a 4 16 0 1 76492006900878.08
a 4 17 0 1 236111318973570.1
a 4 18 0 1 303954948155110.75
a 4 19 0 1 503198174576661.44
a 4 20 0 1 498867969798272.56
a 4 21 0 1 95581874459135.69
a 4 22 0 1 311610937720278.75
a 4 23 0 1 250981254585233.03
a 4 24 0 1 395531049339072.0
a 4 25 0 1 393508722519452.1
a 4 26 0 1 49387841989809.19
a 4 27 0 1 34893953769128.348
a 4 28 0 1 120214112667217.34
a 4 29 0 1 22089295417348.188
a 4 30 0 1 340373134840930.56
a 4 31 0 1 218967691305536.84
a 4 32 0 1 308442877801268.94
a 4 33 0 1 152144335141598.8
a 4 34 0 1 229055825666036.84
a 4 35 0 1 54509554680947.88
a 4 36 0 1 27429158729193.418
a 4 37 0 1 154672394762080.6
a 4 38 0 1 376031728404218.06
a 4 39 0 1 65763328369264.22
a 4 40 0 1 161332574716930.62
a 4 41 0 1 188059557280974.8
a 4 42 0 1 224168140364244.34
a 4 43 0 1 12422284628193.734
a 4 44 0 1 379703895420908.6
a 4 45 0 1 231847040569408.25
a 4 46 0 1 478264071243135.7
a 4 47 0 1 365118001248980.06
a 4 48 0 1 441937242920052.6
a 4 49 0 1 381672822596617.56
a 4 50 0 1 28368542011283.65
a 4 51 0 1 42248267086151.32
a 4 52 0 1 92901880662190.22
a 4 53 0 1 51620010559417.734
a 4 54 0 1 71016574232804.7
a 4 55 0 1 390846067972150.8
a 4 56 0 1 457341872497031.94
a 4 57 0 1 93901979647711.98
a 4 58 0 1 321606120540066.3
a 4 59 0 1 89802068942008.56
a 4 60 0 1 132718006877709.8
a 4 61 0 1 392252942183824.7
a 4 62 0 1 40319113271632.16
a 4 63 0 1 168920092225978.88
a 4 64 0 1 316393007389197.94
a 4 65 0 1 93328154099477.88
a 4 66 0 1 100449643118824.83
a 4 67 0 1 143738726337283.1
a 4 68 0 1 98312702604882.44
a 4 69 0 1 54427880090947.67
a 4 70 0 1 324082945213681.06
a 4 71 0 1 179232921537057.78
a 4 72 0 1 61970310940341.78
a 4 73 0 1 196870104724589.34
a 4 74 0 1 478316128303432.75
a 4 75 0 1 396844878927210.6
a 4 76 0 1 70519379889916.19
a 4 77 0 1 51581891801521.516
a 4 78 0 1 202601386593284.06
a 4 79 0 1 326635044039065.0
a 4 80 0 1 128559279427518.06
a 5 12 0 1 285147353873248.56
a 5 13 0 1 111094206566196.05
a 5 14 0 1 98548153442864.9
a 5 15 0 1 560756940798143.2
a 5 16 0 1 83752607450350.66
a 5 17 0 1 258982163064647.53
a 5 18 0 1 333654028637471.6
a 5 19 0 1 553643974510728.2
a 5 20 0 1 548851605292102.6
a 5 21 0 1 104676427194922.84
a 5 22 0 1 342087968379154.2
a 5 23 0 1 275338679873816.97
a 5 24 0 1 434635326323025.06
a 5 25 0 1 432402928285479.44
a 5 26 0 1 54059689393681.984
a 5 27 0 1 38188715934447.57
a 5 28 0 1 131688166873461.84
a 5 29 0 1 24171647708503.223
a 5 30 0 1 373786326419180.4
a 5 31 0 1 240131580728414.44
a 5 32 0 1 338597808270366.2
a 5 33 0 1 166725000286392.2
a 5 34 0 1 251223271968511.47
a 5 35 0 1 59669228124338.03
a 5 36 0 1 30016640688614.695
a 5 37 0 1 169500096829243.78
a 5 38 0 1 413114985165940.5
a 5 39 0 1 71997102289922.14
a 5 40 0 1 176811852513249.34
a 5 41 0 1 206164641637958.06
a 5 42 0 1 245849044853244.3
a 5 43 0 1 13591903893558.852
a 5 44 0 1 417166991426219.7
a 5 45 0 1 254292606968758.1
a 5 46 0 1 526055616327410.6
a 5 47 0 1 401074460256284.8
a 5 48 0 1 485891809200860.8
a 5 49 0 1 419339725222662.6
a 5 50 0 1 31044956204886.938
a 5 51 0 1 46241144248997.31
a 5 52 0 1 101738434510009.36
a 5 53 0 1 56504387107075.484
a 5 54 0 1 77752781600809.89
a 5 55 0 1 429463852463175.06
a 5 56 0 1 502919202651234.6
a 5 57 0 1 102834791076719.03
a 5 58 0 1 353101071050911.6
a 5 59 0 1 98340426274899.61
a 5 60 0 1 145405627150442.44
a 5 61 0 1 431016756846824.44
a 5 62 0 1 44128738465777.92
a 5 63 0 1 185143006695424.06
a 5 64 0 1 347356726958662.6
a 5 65 0 1 102205732964782.7
a 5 66 0 1 110013255134200.6
a 5 67 0 1 157499146194584.94
a 5 68 0 1 107670327573253.7
a 5 69 0 1 59579769357236.36
a 5 70 0 1 355830537489656.7
a 5 71 0 1 196468864870310.12
a 5 72 0 1 67841724996437.12
a 5 73 0 1 215844683361878.34
a 5 74 0 1 526113197358524.4
a 5 75 0 1 436085689147880.5
a 5 76 0 1 77208005825355.06
a 5 77 0 1 56462637983379.6
a 5 78 0 1 222142614664621.16
a 5 79 0 1 358643122366225.94
a 5 80 0 1 140842848692233.38
a 6 12 0 1 260916798688717.25
a 6 13 0 1 101826650131592.27
a 6 14 0 1 90338111303754.11
a 6 15 0 1 511685478336387.5
a 6 16 0 1 76786100709204.88
a 6 17 0 1 237036117233589.25
a 6 18 0 1 305154946109951.06
a 6 19 0 1 505231788249902.8
a 6 20 0 1 500883055020984.4
a 6 21 0 1 95950178703976.95
a 6 22 0 1 312842263205279.5
a 6 23 0 1 251966002172432.22
a 6 24 0 1 397109427423133.5
a 6 25 0 1 395078657819934.1
a 6 26 0 1 49577131328473.28
a 6 27 0 1 35027468022079.348
a 6 28 0 1 120678658062755.69
a 6 29 0 1 22173690263000.15
a 6 30 0 1 341722649039309.8
a 6 31 0 1 219823628949708.97
a 6 32 0 1 309661233181666.1
a 6 33 0 1 152734454177759.12
a 6 34 0 1 229952251154741.56
a 6 35 0 1 54718598014241.66
a 6 36 0 1 27534019927836.953
a 6 37 0 1 155272495683485.2
a 6 38 0 1 377528865223881.5
a 6 39 0 1 66015858750668.484
a 6 40 0 1 161959000887375.34
a 6 41 0 1 188792034037907.16
a 6 42 0 1 225044937763646.5
a 6 43 0 1 12469692451531.3
a 6 44 0 1 381216303842814.3
a 6 45 0 1 232754685042324.38
a 6 46 0 1 480191248459147.6
a 6 47 0 1 366569827131114.5
a 6 48 0 1 443710445658410.3
a 6 49 0 1 383193424624034.44
a 6 50 0 1 28477006243312.734
a 6 51 0 1 42410058705795.055
a 6 52 0 1 93259746861205.69
a 6 53 0 1 51817906300571.63
a 6 54 0 1 71289443067669.38
a 6 55 0 1 392404893276280.06
a 6 56 0 1 459180211211742.8
a 6 57 0 1 94263740278225.52
a 6 58 0 1 322878428839515.75
a 6 59 0 1 90147870049707.78
a 6 60 0 1 133231616601995.97
a 6 61 0 1 393817636855477.44
a 6 62 0 1 40473482635029.14
a 6 63 0 1 169576558501447.75
a 6 64 0 1 317643928770732.75
a 6 65 0 1 93687680116797.36
a 6 66 0 1 100836922906790.58
a 6 67 0 1 144295698264416.7
a 6 68 0 1 98691649538839.1
a 6 69 0 1 54636608229016.93
a 6 70 0 1 325365423780517.25
a 6 71 0 1 179930302400503.12
a 6 72 0 1 62208171630920.8
a 6 73 0 1 197637684895985.22
a 6 74 0 1 480243527097265.1
a 6 75 0 1 398428744085756.94
a 6 76 0 1 70790322730139.47
a 6 77 0 1 51779640533810.9
a 6 78 0 1 203391840030802.2
a 6 79 0 1 327928008055877.75
a 6 80 0 1 129056554879497.73
a 7 12 0 1 147058747964419.53
a 7 13 0 1 57850423627274.39
a 7 14 0 1 51352808738583.95
a 7 15 0 1 284752116595421.3
a 7 16 0 1 43678551175942.96
a 7 17 0 1 133759486626723.98
a 7 18 0 1 171609523659770.44
a 7 19 0 1 281253472932033.0
a 7 20 0 1 278894615988549.06
a 7 21 0 1 54527779095801.414
a 7 22 0 1 175864389113355.16
a 7 23 0 1 142077804801333.78
a 7 24 0 1 222284926847018.66
a 7 25 0 1 221170988358778.34
a 7 26 0 1 28239256242325.91
a 7 27 0 1 19966118009260.867
a 7 28 0 1 68496438903212.12
a 7 29 0 1 12647338390298.414
a 7 30 0 1 191819383335214.9
a 7 31 0 1 124153683402820.03
a 7 32 0 1 174104123573779.84
a 7 33 0 1 86552632371239.03
a 7 34 0 1 129808218479394.89
a 7 35 0 1 31159905303116.473
a 7 36 0 1 15700576609826.045
a 7 37 0 1 87979757842673.58
a 7 38 0 1 211534600776872.7
a 7 39 0 1 37572152797697.88
a 7 40 0 1 91737791628220.83
a 7 41 0 1 106793334028948.6
a 7 42 0 1 127069325966981.27
a 7 43 0 1 7115825850878.963
a 7 44 0 1 213560787573981.16
a 7 45 0 1 131371712382703.2
a 7 46 0 1 267656081561636.53
a 7 47 0 1 205508215625559.44
a 7 48 0 1 247782356232317.5
a 7 49 0 1 214646863684372.94
a 7 50 0 1 16237532865448.451
a 7 51 0 1 24165454629528.21
a 7 52 0 1 53005916829982.164
a 7 53 0 1 29512329035608.383
a 7 54 0 1 40562933451630.05
a 7 55 0 1 219703989090405.5
a 7 56 0 1 256219133740057.78
a 7 57 0 1 53573880873853.875
a 7 58 0 1 181414260852324.56
a 7 59 0 1 51245150452824.95
a 7 60 0 1 75574126238919.08
a 7 61 0 1 220479161908978.75
a 7 62 0 1 23064196745999.094
a 7 63 0 1 96016018976054.6
a 7 64 0 1 178520364297801.4
a 7 65 0 1 53248007762878.734
a 7 66 0 1 57290953929775.8
a 7 67 0 1 81804946190954.53
a 7 68 0 1 56078090701667.67
a 7 69 0 1 31113342103861.547
a 7 70 0 1 182788650958599.66
a 7 71 0 1 101825688014544.42
a 7 72 0 1 35411741604123.09
a 7 73 0 1 111747522943951.12
a 7 74 0 1 267684506970316.78
a 7 75 0 1 223008485883856.53
a 7 76 0 1 40279937265309.43
a 7 77 0 1 29490591122423.887
a 7 78 0 1 114967872707093.19
a 7 79 0 1 184204445735320.06
a 7 80 0 1 73221107281856.58
a 8 12 0 1 306442001243029.25
a 8 13 0 1 119212509459761.94
a 8 14 0 1 105738438644492.22
a 8 15 0 1 604116188928024.8
a 8 16 0 1 89852175426300.55
a 8 17 0 1 278259554169449.6
a 8 18 0 1 358723210898099.6
a 8 19 0 1 596414543331897.6
a 8 20 0 1 591226138937041.9
a 8 21 0 1 112319654334256.58
a 8 22 0 1 367818086114367.9
a 8 23 0 1 295875574169039.5
a 8 24 0 1 467709737448998.56
a 8 25 0 1 465298186665534.5
a 8 26 0 1 57982315252515.914
a 8 27 0 1 40954291938440.18
a 8 28 0 1 141336039000820.72
a 8 29 0 1 25919095480836.56
a 8 30 0 1 402012939219496.44
a 8 31 0 1 257963739361746.34
a 8 32 0 1 364054247673270.56
a 8 33 0 1 178993129558814.78
a 8 34 0 1 269904988068848.16
a 8 35 0 1 64001895496377.52
a 8 36 0 1 32188210487480.598
a 8 37 0 1 181976736651317.5
a 8 38 0 1 444466497203954.7
a 8 39 0 1 77232902250793.17
a 8 40 0 1 189838557222578.03
a 8 41 0 1 221409614484317.5
a 8 42 0 1 264118835460155.16
a 8 43 0 1 14573223709274.22
a 8 44 0 1 448842199211912.75
a 8 45 0 1 273209828798775.8
a 8 46 0 1 566552782385612.4
a 8 47 0 1 431466033327579.56
a 8 48 0 1 523107109287940.8
a 8 49 0 1 451188636881483.7
a 8 50 0 1 33291205571717.7
a 8 51 0 1 49593203674293.39
a 8 52 0 1 109164428369879.1
a 8 53 0 1 60605643627215.914
a 8 54 0 1 83411182308564.5
a 8 55 0 1 462123397963520.06
a 8 56 0 1 541521837700586.8
a 8 57 0 1 110341830374336.81
a 8 58 0 1 379696329918292.9
a 8 59 0 1 105515370343819.23
a 8 60 0 1 156076664952708.44
a 8 61 0 1 463800823279961.56
a 8 62 0 1 47326831904241.914
a 8 63 0 1 198797680811037.94
a 8 64 0 1 373500440082555.7
a 8 65 0 1 109666268016274.47
a 8 66 0 1 118051487845290.1
a 8 67 0 1 169075107477039.47
a 8 68 0 1 115535084191886.23
a 8 69 0 1 63905893084219.53
a 8 70 0 1 382640577449564.0
a 8 71 0 1 210979317793293.38
a 8 72 0 1 72772797070615.72
a 8 73 0 1 231824746137131.72
a 8 74 0 1 566615092089562.6
a 8 75 0 1 469276547034545.0
a 8 76 0 1 82826381555087.8
a 8 77 0 1 60560843047432.66
a 8 78 0 1 238601881759697.47
a 8 79 0 1 385674636373088.0
a 8 80 0 1 151173169865562.34
a 9 12 0 1 262437672714416.88
a 9 13 0 1 102409284200670.16
a 9 14 0 1 90854320289034.84
a 9 15 0 1 514757300866003.3
a 9 16 0 1 77224180770793.38
a 9 17 0 1 238413939286621.94
a 9 18 0 1 306942918880000.25
a 9 19 0 1 508262556054576.5
a 9 20 0 1 503886193249029.06
a 9 21 0 1 96498813778443.44
a 9 22 0 1 314676929843470.06
a 9 23 0 1 253433165683862.6
a 9 24 0 1 399461434131377.0
a 9 25 0 1 397418077922065.94
a 9 26 0 1 49859086921421.195
a 9 27 0 1 35226340757399.125
a 9 28 0 1 121370675416455.89
a 9 29 0 1 22299396673655.88
a 9 30 0 1 343733484203094.94
a 9 31 0 1 221098832992787.6
a 9 32 0 1 311476567700828.1
a 9 33 0 1 153613565924639.38
a 9 34 0 1 231287790821970.5
a 9 35 0 1 55029979897317.914
a 9 36 0 1 27690211957357.934
a 9 37 0 1 156166480196065.03
a 9 38 0 1 379759758979389.7
a 9 39 0 1 66392021743337.0
a 9 40 0 1 162892209787579.66
a 9 41 0 1 189883263368148.2
a 9 42 0 1 226351227167861.9
a 9 43 0 1 12540305817623.65
a 9 44 0 1 383469963785736.3
a 9 45 0 1 234106943664516.34
a 9 46 0 1 483063302500751.56
a 9 47 0 1 368733174642366.5
a 9 48 0 1 446352916300490.5
a 9 49 0 1 385459299291444.44
a 9 50 0 1 28638565201683.215
a 9 51 0 1 42651053221553.16
a 9 52 0 1 93792831570524.62
a 9 53 0 1 52112682271987.51
a 9 54 0 1 71695904085703.27
a 9 55 0 1 394727750551403.5
a 9 56 0 1 461919800273098.94
a 9 57 0 1 94802626812836.17
a 9 58 0 1 324774181870461.9
a 9 59 0 1 90662980574163.89
a 9 60 0 1 133996734165563.58
a 9 61 0 1 396149244194035.3
a 9 62 0 1 40703420940349.484
a 9 63 0 1 170554527614998.1
a 9 64 0 1 319507803634552.56
a 9 65 0 1 94223237579752.44
a 9 66 0 1 101413827555587.6
a 9 67 0 1 145125422237450.25
a 9 68 0 1 99256139947216.75
a 9 69 0 1 54947520582864.74
a 9 70 0 1 327276336191527.56
a 9 71 0 1 180969236112448.2
a 9 72 0 1 62562481526175.12
a 9 73 0 1 198781222104045.84
a 9 74 0 1 483115911536734.75
a 9 75 0 1 400788931025139.25
a 9 76 0 1 71193914594795.4
a 9 77 0 1 52074197515484.77
a 9 78 0 1 204569461441624.2
a 9 79 0 1 329854549737659.7
a 9 80 0 1 129797336026627.72
a 10 12 0 1 302331159962671.44
a 10 13 0 1 117647223788718.36
a 10 14 0 1 104352203151420.86
a 10 15 0 1 595728685449825.2
a 10 16 0 1 88676341616218.78
a 10 17 0 1 274538833367034.22
a 10 18 0 1 353882013461985.6
a 10 19 0 1 588141367924596.6
a 10 20 0 1 583029870940868.8
a 10 21 0 1 110846032840518.8
a 10 22 0 1 362848947849899.7
a 10 23 0 1 291911293131473.25
a 10 24 0 1 461317867869190.9
a 10 25 0 1 458941045515643.56
a 10 26 0 1 57226290737326.67
a 10 27 0 1 40421327928304.43
a 10 28 0 1 139475573410295.98
a 10 29 0 1 25582370458427.246
a 10 30 0 1 396560399317352.75
a 10 31 0 1 254522424564152.6
a 10 32 0 1 359138088697717.8
a 10 33 0 1 176626805496183.12
a 10 34 0 1 266299437876143.44
a 10 35 0 1 63166810093914.56
a 10 36 0 1 31769742635610.92
a 10 37 0 1 179570147628586.56
a 10 38 0 1 438408560591600.6
a 10 39 0 1 76223660877479.97
a 10 40 0 1 187325739034937.75
a 10 41 0 1 218468291616637.44
a 10 42 0 1 260592921429191.12
a 10 43 0 1 14384141430151.15
a 10 44 0 1 442721531912064.6
a 10 45 0 1 269558746342614.8
a 10 46 0 1 558721009870753.5
a 10 47 0 1 425594106131693.6
a 10 48 0 1 515912214099541.94
a 10 49 0 1 445034305047778.2
a 10 50 0 1 32858343744041.332
a 10 51 0 1 48947181137945.34
a 10 52 0 1 107732718568749.56
a 10 53 0 1 59815177733749.51
a 10 54 0 1 82320438493830.34
a 10 55 0 1 455811947562000.1
a 10 56 0 1 534057764285149.1
a 10 57 0 1 108894484347950.14
a 10 58 0 1 374559697910532.6
a 10 59 0 1 104132094483739.55
a 10 60 0 1 154018699574062.1
a 10 61 0 1 457465235903411.7
a 10 62 0 1 46710491140015.73
a 10 63 0 1 196163575175926.97
a 10 64 0 1 368451231950651.06
a 10 65 0 1 108227894156882.11
a 10 66 0 1 116501651998233.1
a 10 67 0 1 166842435091657.62
a 10 68 0 1 114018720379888.06
a 10 69 0 1 63072069421767.58
a 10 70 0 1 377462359052315.94
a 10 71 0 1 208179902299194.16
a 10 72 0 1 71822321301370.56
a 10 73 0 1 228741386384867.56
a 10 74 0 1 558782401650874.2
a 10 75 0 1 462862103845296.4
a 10 76 0 1 81743357199970.89
a 10 77 0 1 59770965507989.97
a 10 78 0 1 235425917874015.6
a 10 79 0 1 380453533944935.4
a 10 80 0 1 149180976561013.03
a 11 12 0 1 173947775806828.7
a 11 13 0 1 68299825553154.34
a 11 14 0 1 60620348557468.5
a 11 15 0 1 337816075302578.4
a 11 16 0 1 51552896078644.305
a 11 17 0 1 158172230320392.66
a 11 18 0 1 203093542190961.25
a 11 19 0 1 333640040795016.4
a 11 20 0 1 330824840586094.9
a 11 21 0 1 64372558522451.24
a 11 22 0 1 208147900733037.88
a 11 23 0 1 168038341622749.9
a 11 24 0 1 263351661921607.06
a 11 25 0 1 262025644822767.38
a 11 26 0 1 33319525889970.844
a 11 27 0 1 23554002867017.984
a 11 28 0 1 80886786208695.2
a 11 29 0 1 14917788534598.658
a 11 30 0 1 227109154917118.88
a 11 31 0 1 146783439392816.84
a 11 32 0 1 206056766850451.4
a 11 33 0 1 102247816532049.17
a 11 34 0 1 153486978715925.5
a 11 35 0 1 36767830542934.44
a 11 36 0 1 18520313850902.867
a 11 37 0 1 103936843624059.6
a 11 38 0 1 250557321284875.03
a 11 39 0 1 44340009957903.586
a 11 40 0 1 108385027549168.17
a 11 41 0 1 126212570356248.33
a 11 42 0 1 150239776820214.3
a 11 43 0 1 8392299242079.486
a 11 44 0 1 252968297002954.75
a 11 45 0 1 155340810951019.47
a 11 46 0 1 317416161719764.75
a 11 47 0 1 243387739427909.38
a 11 48 0 1 293721205236667.9
a 11 49 0 1 254260715526835.03
a 11 50 0 1 19153917336573.5
a 11 51 0 1 28510435084830.137
a 11 52 0 1 62573945084084.15
a 11 53 0 1 34822545358908.168
a 11 54 0 1 47872494545822.74
a 11 55 0 1 260279447783111.3
a 11 56 0 1 303777622381532.0
a 11 57 0 1 63245180177920.49
a 11 58 0 1 214741997896705.66
a 11 59 0 1 60493125718823.46
a 11 60 0 1 89257970619204.27
a 11 61 0 1 261202136697198.22
a 11 62 0 1 27210548559018.027
a 11 63 0 1 113449797789725.44
a 11 64 0 1 211303407990989.38
a 11 65 0 1 62860052670107.84
a 11 66 0 1 67638510722749.945
a 11 67 0 1 96629582418660.1
a 11 68 0 1 66204912700902.266
a 11 69 0 1 36712851771688.44
a 11 70 0 1 216375228769087.2
a 11 71 0 1 120329031768466.36
a 11 72 0 1 41788569153797.24
a 11 73 0 1 132081407458936.7
a 11 74 0 1 317450067586045.06
a 11 75 0 1 264213011370679.03
a 11 76 0 1 47538221913995.13
a 11 77 0 1 34796880403104.258
a 11 78 0 1 135896965228754.66
a 11 79 0 1 218057763916605.84
a 11 80 0 1 86474644221966.33
a 12 1 0 1 0
a 13 1 0 1 0
a 14 1 0 1 0
a 15 1 0 1 0
a 16 1 0 1 0
a 17 1 0 1 0
a 18 1 0 1 0
a 19 1 0 1 0
a 20 1 0 1 0
a 21 1 0 1 0
a 22 1 0 1 0
a 23 1 0 1 0
a 24 1 0 1 0
a 25 1 0 1 0
a 26 1 0 1 0
a 27 1 0 1 0
a 28 1 0 1 0
a 29 1 0 1 0
a 30 1 0 1 0
a 31 1 0 1 0
a 32 1 0 1 0
a 33 1 0 1 0
a 34 1 0 1 0
a 35 1 0 1 0
a 36 1 0 1 0
a 37 1 0 1 0
a 38 1 0 1 0
a 39 1 0 1 0
a 40 1 0 1 0
a 41 1 0 1 0
a 42 1 0 1 0
a 43 1 0 1 0
a 44 1 0 1 0
a 45 1 0 1 0
a 46 1 0 1 0
a 47 1 0 1 0
a 48 1 0 1 0
a 49 1 0 1 0
a 50 1 0 1 0
a 51 1 0 1 0
a 52 1 0 1 0
a 53 1 0 1 0
a 54 1 0 1 0
a 55 1 0 1 0
a 56 1 0 1 0
a 57 1 0 1 0
a 58 1 0 1 0
a 59 1 0 1 0
a 60 1 0 1 0
a 61 1 0 1 0
a 62 1 0 1 0
a 63 1 0 1 0
a 64 1 0 1 0
a 65 1 0 1 0
a 66 1 0 1 0
a 67 1 0 1 0
a 68 1 0 1 0
a 69 1 0 1 0
a 70 1 0 1 0
a 71 1 0 1 0
a 72 1 0 1 0
a 73 1 0 1 0
a 74 1 0 1 0
a 75 1 0 1 0
a 76 1 0 1 0
a 77 1 0 1 0
a 78 1 0 1 0
a 79 1 0 1 0
a 80 1 0 1 0
