p min 82 780
n 0 10
n 1 -10
a 0 2 0 1 0
a 0 3 0 1 0
a 0 4 0 1 0
a 0 5 0 1 0
a 0 6 0 1 0
a 0 7 0 1 0
a 0 8 0 1 0
a 0 9 0 1 0
a 0 10 0 1 0
a 0 11 0 1 0
a 2 12 0 1 487527162286175.06
a 2 13 0 1 55849892961556.23
a 2 14 0 1 268046223031711.8
a 2 15 0 1 71867688042421.0
a 2 16 0 1 201040298777995.78
a 2 17 0 1 209025855426438.6
a 2 18 0 1 329327706543663.1
a 2 19 0 1 497207122860683.1
a 2 20 0 1 221306165615839.16
a 2 21 0 1 127432048007162.66
a 2 22 0 1 246687610901824.9
a 2 23 0 1 204881836830361.4
a 2 24 0 1 390593963160992.7
a 2 25 0 1 259716129306126.72
a 2 26 0 1 441196307908732.8
a 2 27 0 1 188048097920725.75
a 2 28 0 1 304301397914521.56
a 2 29 0 1 77073558019006.06
a 2 30 0 1 144713190462834.0
a 2 31 0 1 253055683139847.78
a 2 32 0 1 45164792295176.39
a 2 33 0 1 458277823873415.4
a 2 34 0 1 133979610016632.89
a 2 35 0 1 78349581136879.53
a 2 36 0 1 365826718337524.8
a 2 37 0 1 203975559932354.38
a 2 38 0 1 223739189599229.47
a 2 39 0 1 288269107258659.56
a 2 40 0 1 12050945513281.754
a 2 41 0 1 381471013562149.75
a 2 42 0 1 352966326209451.25
a 2 43 0 1 107513289457074.89
a 2 44 0 1 319320849534265.25
a 2 45 0 1 242258049415282.97
a 2 46 0 1 47406500073783.87
a 2 47 0 1 229988893492475.78
a 2 48 0 1 489462246855189.4
a 2 49 0 1 296674411588417.7
a 2 50 0 1 293532372201091.56
a 2 51 0 1 27250920236532.25
a 2 52 0 1 116795803349693.47
a 2 53 0 1 68599762588341.63
a 2 54 0 1 422535641009066.56
a 2 55 0 1 457447174649674.44
a 2 56 0 1 250427671621900.5
a 2 57 0 1 259545404248898.06
a 2 58 0 1 230268993409948.56
a 2 59 0 1 377183327962670.4
a 2 60 0 1 286712059253017.9
a 2 61 0 1 330566621429502.1
a 2 62 0 1 349879736558960.2
a 2 63 0 1 385983779292109.3
a 2 64 0 1 312659768046197.3
a 2 65 0 1 94982670435277.42
a 2 66 0 1 104376810542336.45
a 2 67 0 1 187508997808598.53
a 2 68 0 1 198773585948080.66
a 2 69 0 1 435232122121564.5
a 2 70 0 1 434863650410448.8
a 2 71 0 1 324390939811325.44
a 2 72 0 1 374175212958487.9
a 2 73 0 1 487275561720326.75
a 2 74 0 1 210145102047452.7
a 2 75 0 1 36959749034257.64
a 2 76 0 1 156173001159113.03
a 2 77 0 1 80719839584041.53
a 2 78 0 1 361977901861747.3
a 2 79 0 1 464937607866174.75
a 2 80 0 1 194183779487917.4
a 2 81 0 1 328484695716476.94
a 3 12 0 1 459225689944720.5
a 3 13 0 1 52757569666434.92
a 3 14 0 1 252856742443924.56
a 3 15 0 1 67881531265240.64
a 3 16 0 1 189731147415370.28
a 3 17 0 1 197257213751914.53
a 3 18 0 1 310539702249475.4
a 3 19 0 1 468312899522981.3
a 3 20 0 1 208829357251917.3
a 3 21 0 1 120321027509877.55
a 3 22 0 1 232741141521800.12
a 3 23 0 1 193351742093063.16
a 3 24 0 1 368160253085714.7
a 3 25 0 1 245012121719730.44
a 3 26 0 1 415714783369580.56
a 3 27 0 1 177484820390391.72
a 3 28 0 1 286988745119441.94
a 3 29 0 1 72796229706899.53
a 3 30 0 1 136622586149036.47
a 3 31 0 1 238739212056968.3
a 3 32 0 1 42666996079564.9
a 3 33 0 1 431759911968693.94
a 3 34 0 1 126497872699232.45
a 3 35 0 1 74000832785877.95
a 3 36 0 1 344872633099845.3
a 3 37 0 1 192497605679595.66
a 3 38 0 1 211121852337123.5
a 3 39 0 1 271897394213262.22
a 3 40 0 1 11386877914370.656
a 3 41 0 1 359583242606348.94
a 3 42 0 1 332777412067742.3
a 3 43 0 1 101526813661692.6
a 3 44 0 1 301123729806354.8
a 3 45 0 1 228568647981425.8
a 3 46 0 1 44784088020010.03
a 3 47 0 1 217010239752321.1
a 3 48 0 1 461042379055745.7
a 3 49 0 1 279809796572180.8
a 3 50 0 1 276852117064131.47
a 3 51 0 1 25746771073179.082
a 3 52 0 1 110285874172736.02
a 3 53 0 1 64796217142954.45
a 3 54 0 1 398181947437414.0
a 3 55 0 1 430979749369139.3
a 3 56 0 1 236263956833354.5
a 3 57 0 1 244851337251661.62
a 3 58 0 1 217274134675414.66
a 3 59 0 1 355551770139156.8
a 3 60 0 1 270431555720744.2
a 3 61 0 1 311705372569078.44
a 3 62 0 1 329874152260889.44
a 3 63 0 1 363826088401860.4
a 3 64 0 1 294855261994546.06
a 3 65 0 1 89701140491086.72
a 3 66 0 1 98566966490447.08
a 3 67 0 1 176976624241589.22
a 3 68 0 1 187594716606168.25
a 3 69 0 1 410111561839400.44
a 3 70 0 1 409765375489778.06
a 3 71 0 1 305894601668074.5
a 3 72 0 1 352723264873802.4
a 3 73 0 1 458989479571552.3
a 3 74 0 1 198311995083234.06
a 3 75 0 1 34917550863838.64
a 3 76 0 1 147430765567637.72
a 3 77 0 1 76238373378106.3
a 3 78 0 1 341253038037301.75
a 3 79 0 1 438014588170329.56
a 3 80 0 1 183268518542804.28
a 3 81 0 1 309746518928198.2
a 4 12 0 1 502461163704801.4
a 4 13 0 1 57474414865420.336
a 4 14 0 1 276042857035941.53
a 4 15 0 1 73962105483968.67
a 4 16 0 1 206990037307745.84
a 4 17 0 1 215217831896392.97
a 4 18 0 1 339225080844835.56
a 4 19 0 1 512455497849271.4
a 4 20 0 1 227871555973874.78
a 4 21 0 1 131170392023305.0
a 4 22 0 1 254028245362851.12
a 4 23 0 1 210948049248269.34
a 4 24 0 1 402419455802231.0
a 4 25 0 1 267456520647535.75
a 4 26 0 1 454635610408121.9
a 4 27 0 1 193604703776408.44
a 4 28 0 1 313419200406259.56
a 4 29 0 1 79321078572269.0
a 4 30 0 1 148967245169050.47
a 4 31 0 1 260591556129375.66
a 4 32 0 1 46476848171466.19
a 4 33 0 1 472266285620180.06
a 4 34 0 1 137913100346239.88
a 4 35 0 1 80634657994205.66
a 4 36 0 1 376869377767145.25
a 4 37 0 1 210014284831266.88
a 4 38 0 1 230378691426576.2
a 4 39 0 1 296889931026950.6
a 4 40 0 1 12399658210038.023
a 4 41 0 1 393007615727437.56
a 4 42 0 1 363604312321831.75
a 4 43 0 1 110659825688065.08
a 4 44 0 1 328905953408316.5
a 4 45 0 1 249463051980038.47
a 4 46 0 1 48784044980966.59
a 4 47 0 1 236818961521081.16
a 4 48 0 1 504459035670827.2
a 4 49 0 1 305555552218402.06
a 4 50 0 1 302316141359280.8
a 4 51 0 1 28040889955772.61
a 4 52 0 1 120217785337493.89
a 4 53 0 1 70598167772542.94
a 4 54 0 1 435377558020453.8
a 4 55 0 1 471408879980537.44
a 4 56 0 1 257882936729241.62
a 4 57 0 1 267280549199528.47
a 4 58 0 1 237107608873910.88
a 4 59 0 1 388584370906773.1
a 4 60 0 1 295284717390457.94
a 4 61 0 1 340502708512283.7
a 4 62 0 1 360420781854468.2
a 4 63 0 1 397663206007531.56
a 4 64 0 1 322037419515575.0
a 4 65 0 1 97758338036093.72
a 4 66 0 1 107430413034600.42
a 4 67 0 1 193049317131454.12
a 4 68 0 1 204654648435836.25
a 4 69 0 1 448480204537313.56
a 4 70 0 1 448099927997933.75
a 4 71 0 1 334134166391579.56
a 4 72 0 1 385481233886575.5
a 4 73 0 1 502201401615042.4
a 4 74 0 1 216371066998241.1
a 4 75 0 1 38032400075258.7
a 4 76 0 1 160770211360431.44
a 4 77 0 1 83074708770539.42
a 4 78 0 1 372899322341020.94
a 4 79 0 1 479140781977464.56
a 4 80 0 1 199925894732080.75
a 4 81 0 1 338355734691001.0
a 5 12 0 1 377573846926186.06
a 5 13 0 1 43734811338229.44
a 5 14 0 1 208777098261529.16
a 5 15 0 1 56255435268340.26
a 5 16 0 1 156855062261549.84
a 5 17 0 1 163052423259246.03
a 5 18 0 1 256104823684508.94
a 5 19 0 1 384972859337033.0
a 5 20 0 1 172577836270319.12
a 5 21 0 1 99610043981559.58
a 5 22 0 1 192246172128769.4
a 5 23 0 1 159836688040888.66
a 5 24 0 1 303268200182617.25
a 5 25 0 1 202332041257958.03
a 5 26 0 1 342106515352403.44
a 5 27 0 1 146766739474699.34
a 5 28 0 1 236795364855181.44
a 5 29 0 1 60322533594125.77
a 5 30 0 1 113068918935331.39
a 5 31 0 1 197176791632131.1
a 5 32 0 1 35376991112570.33
a 5 33 0 1 355193129914042.3
a 5 34 0 1 104710800632733.28
a 5 35 0 1 61319266933789.9
a 5 36 0 1 284220574357242.2
a 5 37 0 1 159133330659072.9
a 5 38 0 1 174464331632132.78
a 5 39 0 1 224412046689228.56
a 5 40 0 1 9447143131992.012
a 5 41 0 1 296254975912603.25
a 5 42 0 1 274320210148754.47
a 5 43 0 1 84082267382651.06
a 5 44 0 1 248386919169455.47
a 5 45 0 1 188815524974159.66
a 5 46 0 1 37130812391864.48
a 5 47 0 1 179309080071838.12
a 5 48 0 1 379053266448544.9
a 5 49 0 1 230905589148075.62
a 5 50 0 1 228478531988845.0
a 5 51 0 1 21354831646584.543
a 5 52 0 1 91320454910076.5
a 5 53 0 1 53701816015470.055
a 5 54 0 1 327796326942193.25
a 5 55 0 1 354557025468774.1
a 5 56 0 1 195142193893880.47
a 5 57 0 1 202199920730969.75
a 5 58 0 1 179526175840189.25
a 5 59 0 1 292957661480303.3
a 5 60 0 1 223208830967471.97
a 5 61 0 1 257060068103041.44
a 5 62 0 1 271943045474135.16
a 5 63 0 1 299724568994302.6
a 5 64 0 1 243247228886593.3
a 5 65 0 1 74305918195463.64
a 5 66 0 1 81635778299515.64
a 5 67 0 1 146347987553342.72
a 5 68 0 1 155095466748505.2
a 5 69 0 1 337534356524631.25
a 5 70 0 1 337251837185850.1
a 5 71 0 1 252297793469048.2
a 5 72 0 1 290643913247754.56
a 5 73 0 1 377381480732133.75
a 5 74 0 1 163920834459931.4
a 5 75 0 1 28956018278107.164
a 5 76 0 1 121987494848430.36
a 5 77 0 1 63170564518450.51
a 5 78 0 1 281258333061342.25
a 5 79 0 1 360292108171013.9
a 5 80 0 1 151531879560668.28
a 5 81 0 1 255454798740298.5
a 6 12 0 1 549264708244157.56
a 6 13 0 1 62533561875293.125
a 6 14 0 1 301021740654790.56
a 6 15 0 1 80486071573579.53
a 6 16 0 1 225557005163394.62
a 6 17 0 1 234542960719159.75
a 6 18 0 1 370169249099794.8
a 6 19 0 1 560251478795459.2
a 6 20 0 1 248365744970940.7
a 6 21 0 1 142824158720429.3
a 6 22 0 1 276950845260039.1
a 6 23 0 1 229879537522447.53
a 6 24 0 1 439425888737865.6
a 6 25 0 1 291632038028670.3
a 6 26 0 1 496724666638331.75
a 6 27 0 1 210941609024756.38
a 6 28 0 1 341915452907692.3
a 6 29 0 1 86322458439500.84
a 6 30 0 1 162231914308572.84
a 6 31 0 1 284126012797229.44
a 6 32 0 1 50562296839055.44
a 6 33 0 1 516086683298222.06
a 6 34 0 1 150176344097664.06
a 6 35 0 1 87753158393581.08
a 6 36 0 1 411413132193025.56
a 6 37 0 1 228859743644177.88
a 6 38 0 1 251104953231702.5
a 6 39 0 1 323826580976547.0
a 6 40 0 1 13484976264357.512
a 6 41 0 1 429105027305340.6
a 6 42 0 1 396875745071308.4
a 6 43 0 1 120465960379768.8
a 6 44 0 1 358869349964831.6
a 6 45 0 1 271960662874161.62
a 6 46 0 1 53073544944704.1
a 6 47 0 1 258142037857056.03
a 6 48 0 1 551460767979120.5
a 6 49 0 1 333309028012407.1
a 6 50 0 1 329764059886767.56
a 6 51 0 1 30500070777869.688
a 6 52 0 1 130883736346333.33
a 6 53 0 1 76822778999575.31
a 6 54 0 1 475584261206299.6
a 6 55 0 1 515144901289273.4
a 6 56 0 1 281164763090787.62
a 6 57 0 1 291439620261699.06
a 6 58 0 1 258457456572214.0
a 6 59 0 1 424255318920989.06
a 6 60 0 1 322070254766197.2
a 6 61 0 1 371568485318433.8
a 6 62 0 1 393387498714934.3
a 6 63 0 1 434209997277993.5
a 6 64 0 1 351349415783088.06
a 6 65 0 1 106407144561392.9
a 6 66 0 1 116946501583887.48
a 6 67 0 1 210335273786812.3
a 6 68 0 1 223006704464926.8
a 6 69 0 1 489966612083557.2
a 6 70 0 1 489549135090298.1
a 6 71 0 1 364594154572755.25
a 6 72 0 1 420853279564446.75
a 6 73 0 1 548979185263258.5
a 6 74 0 1 235802587594815.38
a 6 75 0 1 41372016812411.34
a 6 76 0 1 175107217201753.38
a 6 77 0 1 90410869853677.06
a 6 78 0 1 407061841339574.0
a 6 79 0 1 523638353384167.06
a 6 80 0 1 217843178199603.7
a 6 81 0 1 369217178288545.94
a 7 12 0 1 393241399805372.44
a 7 13 0 1 45477836451649.2
a 7 14 0 1 217264768681022.34
a 7 15 0 1 58500832719716.21
a 7 16 0 1 163192042761251.84
a 7 17 0 1 169644702887125.78
a 7 18 0 1 266576351710473.6
a 7 19 0 1 400961840902499.75
a 7 20 0 1 179563253843048.3
a 7 21 0 1 103606671114839.75
a 7 22 0 1 200046198547537.6
a 7 23 0 1 166296448710718.34
a 7 24 0 1 315739237663531.3
a 7 25 0 1 210551289578178.4
a 7 26 0 1 356241201097353.7
a 7 27 0 1 152688943821316.62
a 7 28 0 1 246454768257637.22
a 7 29 0 1 62731442041736.13
a 7 30 0 1 117612902938570.25
a 7 31 0 1 205181633903263.2
a 7 32 0 1 36785507907254.83
a 7 33 0 1 369891887984438.9
a 7 34 0 1 108914661932725.1
a 7 35 0 1 63768271712434.375
a 7 36 0 1 295881354652456.06
a 7 37 0 1 165564119911600.7
a 7 38 0 1 181527716228714.75
a 7 39 0 1 233552604405840.22
a 7 40 0 1 9822109528640.479
a 7 41 0 1 308427250427997.0
a 7 42 0 1 285561304850633.4
a 7 43 0 1 87449586909602.7
a 7 44 0 1 258533393125167.62
a 7 45 0 1 196473186568682.47
a 7 46 0 1 38609467569647.086
a 7 47 0 1 186572855083842.9
a 7 48 0 1 394785042733513.6
a 7 49 0 1 240318026024715.16
a 7 50 0 1 237789300453658.88
a 7 51 0 1 22203635678017.406
a 7 52 0 1 94980831413621.12
a 7 53 0 1 55844630776091.08
a 7 54 0 1 341316226526925.3
a 7 55 0 1 369228324514669.1
a 7 56 0 1 203062490483245.7
a 7 57 0 1 210413670867966.7
a 7 58 0 1 186798935904524.84
a 7 59 0 1 304989644326772.56
a 7 60 0 1 232299057546609.66
a 7 61 0 1 267571869926664.25
a 7 62 0 1 283083518353902.8
a 7 63 0 1 312044585113608.94
a 7 64 0 1 253177568795212.66
a 7 65 0 1 77278222483528.72
a 7 66 0 1 84904160165614.9
a 7 67 0 1 152252996805222.28
a 7 68 0 1 161360030150486.06
a 7 69 0 1 351472386056941.7
a 7 70 0 1 351177722170330.3
a 7 71 0 1 262608906019307.06
a 7 72 0 1 302577518742737.44
a 7 73 0 1 393040684437168.5
a 7 74 0 1 170548918435112.75
a 7 75 0 1 30108000318167.17
a 7 76 0 1 126895160725203.2
a 7 77 0 1 65694068224116.91
a 7 78 0 1 292793436634999.94
a 7 79 0 1 375211127947471.25
a 7 80 0 1 157649875165952.2
a 7 81 0 1 265898926521014.94
a 8 12 0 1 135195447618683.77
a 8 13 0 1 16047387005317.607
a 8 14 0 1 75687568682032.72
a 8 15 0 1 20622690897776.723
a 8 16 0 1 57080814011520.96
a 8 17 0 1 59309201982199.336
a 8 18 0 1 92523759223925.22
a 8 19 0 1 137769720473569.36
a 8 20 0 1 62730289661001.73
a 8 21 0 1 36400786655732.55
a 8 22 0 1 69779038845426.195
a 8 23 0 1 58153172777038.164
a 8 24 0 1 109184079654956.0
a 8 25 0 1 73385677151204.6
a 8 26 0 1 122815865797850.88
a 8 27 0 1 53448994086468.34
a 8 28 0 1 85668957559495.72
a 8 29 0 1 22107094941404.805
a 8 30 0 1 41278528133489.34
a 8 31 0 1 71542867155225.64
a 8 32 0 1 12988600645946.248
a 8 33 0 1 127391303894648.08
a 8 34 0 1 38250527991920.33
a 8 35 0 1 22470746656515.992
a 8 36 0 1 102469648028238.45
a 8 37 0 1 57900248759043.086
a 8 38 0 1 63407261130492.086
a 8 39 0 1 81262564671656.48
a 8 40 0 1 3475056076579.5645
a 8 41 0 1 106714082973014.34
a 8 42 0 1 98972160640262.45
a 8 43 0 1 30761257922050.777
a 8 44 0 1 89786283866765.89
a 8 45 0 1 68551036111704.53
a 8 46 0 1 13630771762775.4
a 8 47 0 1 65144942091819.43
a 8 48 0 1 135710397705748.47
a 8 49 0 1 83574190445139.88
a 8 50 0 1 82710446755885.0
a 8 51 0 1 7848398766949.505
a 8 52 0 1 33391690882137.945
a 8 53 0 1 19690223224359.066
a 8 54 0 1 117802364338835.12
a 8 55 0 1 127169111701320.67
a 8 56 0 1 70815187276285.86
a 8 57 0 1 73338466525267.3
a 8 58 0 1 65222779404518.164
a 8 59 0 1 105551904324734.28
a 8 60 0 1 80833989374301.64
a 8 61 0 1 92862358030425.83
a 8 62 0 1 98131615288616.7
a 8 63 0 1 107936366477296.78
a 8 64 0 1 87961537501719.7
a 8 65 0 1 27203998893127.52
a 8 66 0 1 29871547091641.844
a 8 67 0 1 53298125686440.76
a 8 68 0 1 56447744203314.43
a 8 69 0 1 121215199916462.14
a 8 70 0 1 121116256865830.28
a 8 71 0 1 91173830194720.98
a 8 72 0 1 104736054403700.55
a 8 73 0 1 135128481206010.88
a 8 74 0 1 59621294337673.336
a 8 75 0 1 10636124086773.197
a 8 76 0 1 44505474975119.48
a 8 77 0 1 23146039950952.324
a 8 78 0 1 101423721894123.89
a 8 79 0 1 129171619170719.27
a 8 80 0 1 55165128573416.41
a 8 81 0 1 92293321939798.66
a 9 12 0 1 231796077567721.44
a 9 13 0 1 27246568560306.527
a 9 14 0 1 129132118093071.92
a 9 15 0 1 35027796118696.69
a 9 16 0 1 97238916719006.8
a 9 17 0 1 101053384096788.81
a 9 18 0 1 158074953995916.28
a 9 19 0 1 236260416156130.8
a 9 20 0 1 106912181514351.67
a 9 21 0 1 61905838581509.91
a 9 22 0 1 118993930230839.4
a 9 23 0 1 99074364627217.61
a 9 24 0 1 186795251739014.44
a 9 25 0 1 125181228943090.39
a 9 26 0 1 210354307784577.7
a 9 27 0 1 91025092159960.4
a 9 28 0 1 146281229641720.78
a 9 29 0 1 37553559705477.4
a 9 30 0 1 70229022801542.055
a 9 31 0 1 122019372481033.19
a 9 32 0 1 22047685656314.543
a 9 33 0 1 218273879381051.22
a 9 34 0 1 65061386545136.16
a 9 35 0 1 38172417750980.71
a 9 36 0 1 175210818741112.78
a 9 37 0 1 98641431133919.61
a 9 38 0 1 108071921650473.34
a 9 39 0 1 138707077664800.8
a 9 40 0 1 5894279845679.87
a 9 41 0 1 182532246958048.16
a 9 42 0 1 169181730147422.34
a 9 43 0 1 52290989110509.13
a 9 44 0 1 153363503637527.6
a 9 45 0 1 116888092402842.98
a 9 46 0 1 23138942863314.504
a 9 47 0 1 111049385430161.45
a 9 48 0 1 232688955500062.84
a 9 49 0 1 142679843989718.78
a 9 50 0 1 141195233917738.8
a 9 51 0 1 13316876383594.22
a 9 52 0 1 56774527039620.17
a 9 53 0 1 33441480515974.06
a 9 54 0 1 201683489781505.34
a 9 55 0 1 217889148611500.2
a 9 56 0 1 120771098319798.44
a 9 57 0 1 125100213909182.2
a 9 58 0 1 111182777204780.86
a 9 59 0 1 180527033785026.78
a 9 60 0 1 137970693924854.11
a 9 61 0 1 158657862984614.97
a 9 62 0 1 167733292826621.06
a 9 63 0 1 184641584642110.28
a 9 64 0 1 150224133763615.44
a 9 65 0 1 46230728718601.914
a 9 66 0 1 50774921652860.76
a 9 67 0 1 90767045328887.36
a 9 68 0 1 96155506595954.88
a 9 69 0 1 207585172978552.16
a 9 70 0 1 207414027008129.25
a 9 71 0 1 155751332622082.12
a 9 72 0 1 179119605731802.88
a 9 73 0 1 231679969436426.72
a 9 74 0 1 101587722829346.19
a 9 75 0 1 18051027637003.016
a 9 76 0 1 75738989666709.1
a 9 77 0 1 39321720111343.805
a 9 78 0 1 173407447033060.34
a 9 79 0 1 221357055315589.25
a 9 80 0 1 93960834242085.33
a 9 81 0 1 157678267378274.53
a 10 12 0 1 683709412969380.2
a 10 13 0 1 76798211318849.12
a 10 14 0 1 372075687314959.94
a 10 15 0 1 98892762853349.73
a 10 16 0 1 278221511025753.38
a 10 17 0 1 289376412409037.56
a 10 18 0 1 458426442389108.5
a 10 19 0 1 697608513148337.9
a 10 20 0 1 306546509611912.6
a 10 21 0 1 175778573345602.8
a 10 22 0 1 342095903118831.5
a 10 23 0 1 283586680424658.94
a 10 24 0 1 545260478009759.4
a 10 25 0 1 360376160208837.6
a 10 26 0 1 617370253280579.6
a 10 27 0 1 260090260804590.5
a 10 28 0 1 423102011203304.7
a 10 29 0 1 106080279990477.98
a 10 30 0 1 199768354114141.8
a 10 31 0 1 351028155631294.4
a 10 32 0 1 62076593610822.41
a 10 33 0 1 641793004481029.5
a 10 34 0 1 184863577218792.12
a 10 35 0 1 107842530053709.36
a 10 36 0 1 510095699670614.56
a 10 37 0 1 282320786188922.06
a 10 38 0 1 309950614890953.56
a 10 39 0 1 400516405573084.25
a 10 40 0 1 16539769427825.291
a 10 41 0 1 532297825751775.2
a 10 42 0 1 491869477175807.9
a 10 43 0 1 148173033765756.22
a 10 44 0 1 444291791302058.4
a 10 45 0 1 335885832624454.06
a 10 46 0 1 65164018995289.55
a 10 47 0 1 318698225714244.7
a 10 48 0 1 686486850493828.8
a 10 49 0 1 412353188676718.06
a 10 50 0 1 407927311969888.6
a 10 51 0 1 37425990650755.24
a 10 52 0 1 161031652566488.5
a 10 53 0 1 94382555223856.36
a 10 54 0 1 590736671674399.1
a 10 55 0 1 640604405664483.8
a 10 56 0 1 347341304743292.25
a 10 57 0 1 360136473566271.8
a 10 58 0 1 319090394955147.94
a 10 59 0 1 526209476283404.44
a 10 60 0 1 398324716168302.25
a 10 61 0 1 460177340815837.94
a 10 62 0 1 487498394841655.3
a 10 63 0 1 538708509547072.4
a 10 64 0 1 434890472137712.56
a 10 65 0 1 130831726310202.12
a 10 66 0 1 143830611518471.9
a 10 67 0 1 259338383441930.4
a 10 68 0 1 275056656717834.66
a 10 69 0 1 608852503962255.8
a 10 70 0 1 608326435436106.6
a 10 71 0 1 451451597350390.1
a 10 72 0 1 521939573741634.75
a 10 73 0 1 683348328861647.0
a 10 74 0 1 290940521714056.4
a 10 75 0 1 50781196865300.375
a 10 76 0 1 215697420248758.44
a 10 77 0 1 111116496230731.98
a 10 78 0 1 504638652782822.75
a 10 79 0 1 651326217517036.1
a 10 80 0 1 268650230336405.7
a 10 81 0 1 457235173986593.6
a 11 12 0 1 112009624037997.73
a 11 13 0 1 13326479064854.078
a 11 14 0 1 62780967305358.08
a 11 15 0 1 17124488678861.361
a 11 16 0 1 47364436664052.81
a 11 17 0 1 49211352730517.516
a 11 18 0 1 76720733837239.2
a 11 19 0 1 114136590760862.4
a 11 20 0 1 52046477583113.805
a 11 21 0 1 30216839018267.27
a 11 22 0 1 57886712669991.266
a 11 23 0 1 48253241389095.92
a 11 24 0 1 90505722987939.39
a 11 25 0 1 60874361001920.23
a 11 26 0 1 101778062902597.86
a 11 27 0 1 44353990912359.28
a 11 28 0 1 71046324146941.97
a 11 29 0 1 18356562575247.32
a 11 30 0 1 34262652511668.68
a 11 31 0 1 59347876818397.93
a 11 32 0 1 10786968146971.92
a 11 33 0 1 105560191647570.48
a 11 34 0 1 31751187126434.1
a 11 35 0 1 18658387123563.668
a 11 36 0 1 84951203522308.11
a 11 37 0 1 48043613380884.09
a 11 38 0 1 52607452249347.734
a 11 39 0 1 67397894954361.63
a 11 40 0 1 2886552490215.171
a 11 41 0 1 88462588555662.61
a 11 42 0 1 82057316580683.47
a 11 43 0 1 25538200017772.926
a 11 44 0 1 74454834770168.02
a 11 45 0 1 56869368974403.8
a 11 46 0 1 11320146144455.74
a 11 47 0 1 54047318777110.42
a 11 48 0 1 112435113829058.89
a 11 49 0 1 69311966859342.81
a 11 50 0 1 68596790488189.74
a 11 51 0 1 6518709964356.717
a 11 52 0 1 27720576107795.164
a 11 53 0 1 16350492258638.473
a 11 54 0 1 97633031164714.36
a 11 55 0 1 105376540064800.73
a 11 56 0 1 58745075525383.44
a 11 57 0 1 60835255659244.91
a 11 58 0 1 54111813542601.5
a 11 59 0 1 87501186944053.42
a 11 60 0 1 67043006871234.836
a 11 61 0 1 77000986189756.64
a 11 62 0 1 81361773586708.89
a 11 63 0 1 89473663399366.4
a 11 64 0 1 72944295092868.12
a 11 65 0 1 22586511467768.203
a 11 66 0 1 24799987831184.78
a 11 67 0 1 44228925523374.69
a 11 68 0 1 46839710831423.62
a 11 69 0 1 100454764340697.05
a 11 70 0 1 100372963611751.89
a 11 71 0 1 75603383595467.06
a 11 72 0 1 86826256040454.28
a 11 73 0 1 111954290798370.55
a 11 74 0 1 49470005860300.75
a 11 75 0 1 8833653687709.17
a 11 76 0 1 36938798186956.15
a 11 77 0 1 19218857320673.75
a 11 78 0 1 84085826694840.28
a 11 79 0 1 107031641373852.31
a 11 80 0 1 45776562744156.625
a 11 81 0 1 76530002745520.55
a 12 1 0 1 0
a 13 1 0 1 0
a 14 1 0 1 0
a 15 1 0 1 0
a 16 1 0 1 0
a 17 1 0 1 0
a 18 1 0 1 0
a 19 1 0 1 0
a 20 1 0 1 0
a 21 1 0 1 0
a 22 1 0 1 0
a 23 1 0 1 0
a 24 1 0 1 0
a 25 1 0 1 0
a 26 1 0 1 0
a 27 1 0 1 0
a 28 1 0 1 0
a 29 1 0 1 0
a 30 1 0 1 0
a 31 1 0 1 0
a 32 1 0 1 0
a 33 1 0 1 0
a 34 1 0 1 0
a 35 1 0 1 0
a 36 1 0 1 0
a 37 1 0 1 0
a 38 1 0 1 0
a 39 1 0 1 0
a 40 1 0 1 0
a 41 1 0 1 0
a 42 1 0 1 0
a 43 1 0 1 0
a 44 1 0 1 0
a 45 1 0 1 0
a 46 1 0 1 0
a 47 1 0 1 0
a 48 1 0 1 0
a 49 1 0 1 0
a 50 1 0 1 0
a 51 1 0 1 0
a 52 1 0 1 0
a 53 1 0 1 0
a 54 1 0 1 0
a 55 1 0 1 0
a 56 1 0 1 0
a 57 1 0 1 0
a 58 1 0 1 0
a 59 1 0 1 0
a 60 1 0 1 0
a 61 1 0 1 0
a 62 1 0 1 0
a 63 1 0 1 0
a 64 1 0 1 0
a 65 1 0 1 0
a 66 1 0 1 0
a 67 1 0 1 0
a 68 1 0 1 0
a 69 1 0 1 0
a 70 1 0 1 0
a 71 1 0 1 0
a 72 1 0 1 0
a 73 1 0 1 0
a 74 1 0 1 0
a 75 1 0 1 0
a 76 1 0 1 0
a 77 1 0 1 0
a 78 1 0 1 0
a 79 1 0 1 0
a 80 1 0 1 0
a 81 1 0 1 0
