p min 81 769
n 0 10
n 1 -10
a 0 2 0 1 0
a 0 3 0 1 0
a 0 4 0 1 0
a 0 5 0 1 0
a 0 6 0 1 0
a 0 7 0 1 0
a 0 8 0 1 0
a 0 9 0 1 0
a 0 10 0 1 0
a 0 11 0 1 0
a 2 12 0 1 127866059661396.64
a 2 13 0 1 293563943401365.1
a 2 14 0 1 474102455233647.6
a 2 15 0 1 80357968795950.58
a 2 16 0 1 244271778293835.62
a 2 17 0 1 39580390956027.99
a 2 18 0 1 375767811880040.9
a 2 19 0 1 201032580633492.06
a 2 20 0 1 201834772697760.84
a 2 21 0 1 43218853623682.36
a 2 22 0 1 394695686795726.25
a 2 23 0 1 392675325599135.6
a 2 24 0 1 218618627114565.62
a 2 25 0 1 36066271810280.99
a 2 26 0 1 410863322496883.75
a 2 27 0 1 65496721004679.74
a 2 28 0 1 140348240808901.16
a 2 29 0 1 398597573686836.6
a 2 30 0 1 104934356789118.56
a 2 31 0 1 75967528462574.31
a 2 32 0 1 70287906146652.32
a 2 33 0 1 405136647977342.25
a 2 34 0 1 36125333865440.56
a 2 35 0 1 463931785687883.9
a 2 36 0 1 10612088922994.21
a 2 37 0 1 218225282648347.66
a 2 38 0 1 401487779562623.9
a 2 39 0 1 177241397660939.9
a 2 40 0 1 257851967572042.88
a 2 41 0 1 267328663401803.12
a 2 42 0 1 89663654070150.12
a 2 43 0 1 339079037787791.56
a 2 44 0 1 349816108954537.8
a 2 45 0 1 365628729814679.3
a 2 46 0 1 59293047836282.695
a 2 47 0 1 429508476072060.4
a 2 48 0 1 356977635489573.75
a 2 49 0 1 141373119250226.38
a 2 50 0 1 58128595175603.99
a 2 51 0 1 114726173998465.55
a 2 52 0 1 210330043047667.38
a 2 53 0 1 492940961126563.75
a 2 54 0 1 393862603255851.2
a 2 55 0 1 240382509333035.62
a 2 56 0 1 246478852547850.62
a 2 57 0 1 117786736928101.72
a 2 58 0 1 416706003695305.25
a 2 59 0 1 359071830912930.5
a 2 60 0 1 423171353413856.3
a 2 61 0 1 201204211666096.66
a 2 62 0 1 344943747457386.8
a 2 63 0 1 434485215891387.5
a 2 64 0 1 284195206145115.8
a 2 65 0 1 398926545295633.75
a 2 66 0 1 157505306485833.47
a 2 67 0 1 408997910306057.3
a 2 68 0 1 176934611138551.56
a 2 69 0 1 445916692750599.9
a 2 70 0 1 423292131740458.2
a 2 71 0 1 316357651070045.56
a 2 72 0 1 371120817540035.9
a 2 73 0 1 294822967317113.8
a 2 74 0 1 173873272881093.2
a 2 75 0 1 446778697871161.1
a 2 76 0 1 174546199120492.56
a 2 77 0 1 429587387735218.25
a 2 78 0 1 222820983121177.72
a 2 79 0 1 387455310089548.9
a 2 80 0 1 54702703863597.71
a 3 12 0 1 80857882708994.14
a 3 13 0 1 184331366492625.78
a 3 14 0 1 295376479209213.7
a 3 15 0 1 50917693568625.484
a 3 16 0 1 153704862191844.22
a 3 17 0 1 25122691799290.004
a 3 18 0 1 235113388942361.84
a 3 19 0 1 126730985048319.75
a 3 20 0 1 127232335301356.78
a 3 21 0 1 27427918161415.723
a 3 22 0 1 246754122529936.0
a 3 23 0 1 245512522023122.66
a 3 24 0 1 137713863014398.5
a 3 25 0 1 22895574210918.348
a 3 26 0 1 256681821413970.03
a 3 27 0 1 41527101253535.875
a 3 28 0 1 88704203121739.0
a 3 29 0 1 249151372793222.6
a 3 30 0 1 66421159825007.37
a 3 31 0 1 48144673501536.59
a 3 32 0 1 44555868931650.59
a 3 33 0 1 253167001802693.8
a 3 34 0 1 22933010990480.7
a 3 35 0 1 289168029065534.25
a 3 36 0 1 6743969807019.246
a 3 37 0 1 137468393230408.4
a 3 38 0 1 250926528652970.7
a 3 39 0 1 111846301313945.31
a 3 40 0 1 162155721115159.66
a 3 41 0 1 168047089524618.25
a 3 42 0 1 56791787426234.69
a 3 43 0 1 212494039578142.94
a 3 44 0 1 219121238171916.03
a 3 45 0 1 228869774034837.06
a 3 46 0 1 37603597643144.15
a 3 47 0 1 268113115779136.97
a 3 48 0 1 223538030609001.94
a 3 49 0 1 89348071330820.6
a 3 50 0 1 36866911739125.19
a 3 51 0 1 72589082450850.6
a 3 52 0 1 132539538032728.66
a 3 53 0 1 306861041638076.1
a 3 54 0 1 246242183155658.5
a 3 55 0 1 151282758500532.8
a 3 56 0 1 155078988602682.56
a 3 57 0 1 74515892934706.38
a 3 58 0 1 260265996472676.16
a 3 59 0 1 224829074981767.47
a 3 60 0 1 264229972828539.9
a 3 61 0 1 126838253130503.34
a 3 62 0 1 216114667632950.7
a 3 63 0 1 271161130482227.6
a 3 64 0 1 178520460848913.3
a 3 65 0 1 249353449163427.9
a 3 66 0 1 99475489444328.33
a 3 67 0 1 255537097447831.44
a 3 68 0 1 111654164503155.94
a 3 69 0 1 278157235519012.22
a 3 70 0 1 264304001611729.25
a 3 71 0 1 198449143097156.34
a 3 72 0 1 232252479594939.75
a 3 73 0 1 185111905977037.56
a 3 74 0 1 109736606334412.6
a 3 75 0 1 278684496024320.22
a 3 76 0 1 110158156540772.75
a 3 77 0 1 268161455953271.12
a 3 78 0 1 140335855456013.5
a 3 79 0 1 242303563080786.75
a 3 80 0 1 34699115781081.637
a 4 12 0 1 67810742933029.31
a 4 13 0 1 154288476843231.9
a 4 14 0 1 246714544549012.06
a 4 15 0 1 42725433677659.766
a 4 16 0 1 128727741977273.11
a 4 17 0 1 21090718939954.746
a 4 18 0 1 196604984455738.44
a 4 19 0 1 106190832732827.7
a 4 20 0 1 106609925093019.6
a 4 21 0 1 23024995048967.48
a 4 22 0 1 206293529742913.53
a 4 23 0 1 205260357149425.53
a 4 24 0 1 115369901443348.16
a 4 25 0 1 19221825685007.535
a 4 26 0 1 214552878064588.44
a 4 27 0 1 34851780768195.305
a 4 28 0 1 74380119076904.05
a 4 29 0 1 208288212450107.56
a 4 30 0 1 55718473311370.54
a 4 31 0 1 40400648468474.805
a 4 32 0 1 37391587196517.29
a 4 33 0 1 211629086995259.2
a 4 34 0 1 19253242158943.207
a 4 35 0 1 241557555341586.22
a 4 36 0 1 5663543523798.11
a 4 37 0 1 115164788864150.95
a 4 38 0 1 209765149203102.97
a 4 39 0 1 93744705927073.7
a 4 40 0 1 135783766025720.1
a 4 41 0 1 140701408412966.27
a 4 42 0 1 47649237990842.82
a 4 43 0 1 177766537480308.84
a 4 44 0 1 183287675173310.56
a 4 45 0 1 191406650486352.6
a 4 46 0 1 31561258671499.535
a 4 47 0 1 224059209199868.38
a 4 48 0 1 186966536155481.9
a 4 49 0 1 74919115600463.1
a 4 50 0 1 30943369335856.277
a 4 51 0 1 60885554085898.3
a 4 52 0 1 111045873799167.2
a 4 53 0 1 256250792103076.34
a 4 54 0 1 205867535818757.22
a 4 55 0 1 126704994712404.05
a 4 56 0 1 129875219736142.8
a 4 57 0 1 62499465293406.664
a 4 58 0 1 217533952370571.78
a 4 59 0 1 188041762416129.03
a 4 60 0 1 220830437451628.22
a 4 61 0 1 106280501717951.97
a 4 62 0 1 180783067103270.75
a 4 63 0 1 226593244172137.78
a 4 64 0 1 149441015547446.94
a 4 65 0 1 208456345910994.25
a 4 66 0 1 83395291206185.8
a 4 67 0 1 213600686912494.56
a 4 68 0 1 93584001210440.72
a 4 69 0 1 232408477395231.75
a 4 70 0 1 220891995758662.94
a 4 71 0 1 166061051363617.1
a 4 72 0 1 194223192368747.34
a 4 73 0 1 154939521452471.56
a 4 74 0 1 91980076984705.03
a 4 75 0 1 232846677569892.38
a 4 76 0 1 92332688783329.36
a 4 77 0 1 224099400221510.6
a 4 78 0 1 117560698329753.83
a 4 79 0 1 202589857633757.66
a 4 80 0 1 29125050001397.188
a 5 12 0 1 68281442987602.82
a 5 13 0 1 155370289619109.38
a 5 14 0 1 248463197272206.53
a 5 15 0 1 43021144044946.69
a 5 16 0 1 129627647036833.61
a 5 17 0 1 21236325482564.934
a 5 18 0 1 197990330871323.78
a 5 19 0 1 106931241699029.55
a 5 20 0 1 107353292420663.58
a 5 21 0 1 23183991165265.98
a 5 22 0 1 207748791564241.9
a 5 23 0 1 206708155806700.8
a 5 24 0 1 116175171057787.61
a 5 25 0 1 19354500953921.68
a 5 26 0 1 216067865956459.72
a 5 27 0 1 35092775772573.242
a 5 28 0 1 74896814102105.52
a 5 29 0 1 209757888002776.34
a 5 30 0 1 56104693244065.984
a 5 31 0 1 40680193111436.78
a 5 32 0 1 37650220838464.3
a 5 33 0 1 213122918907255.88
a 5 34 0 1 19386134758885.72
a 5 35 0 1 243268623450150.3
a 5 36 0 1 5702573713702.521
a 5 37 0 1 115968607614448.45
a 5 38 0 1 211245501512123.66
a 5 39 0 1 94397388946476.78
a 5 40 0 1 136733778896656.27
a 5 41 0 1 141686392057358.25
a 5 42 0 1 47979215516223.69
a 5 43 0 1 179016388968647.2
a 5 44 0 1 184577175963835.7
a 5 45 0 1 192754548894878.94
a 5 46 0 1 31779416852443.266
a 5 47 0 1 225643082277631.9
a 5 48 0 1 188282484385697.53
a 5 49 0 1 75439587478361.88
a 5 50 0 1 31157241194779.3
a 5 51 0 1 61307843771376.84
a 5 52 0 1 111820571999387.9
a 5 53 0 1 258069064419165.97
a 5 54 0 1 207319720239067.06
a 5 55 0 1 127590550502247.23
a 5 56 0 1 130783267939165.78
a 5 57 0 1 62933030041080.91
a 5 58 0 1 219070525507920.66
a 5 59 0 1 189365444741710.12
a 5 60 0 1 222390897030667.0
a 5 61 0 1 107021543630878.78
a 5 62 0 1 182054575098802.75
a 5 63 0 1 228195505135892.28
a 5 64 0 1 150488247561067.1
a 5 65 0 1 209927236713779.84
a 5 66 0 1 83975219402999.55
a 5 67 0 1 215108783360268.88
a 5 68 0 1 94235553164923.34
a 5 69 0 1 234052976700385.16
a 5 70 0 1 222452901564985.3
a 5 71 0 1 167227009215813.78
a 5 72 0 1 195591375112535.53
a 5 73 0 1 156025981604487.22
a 5 74 0 1 92620342578978.83
a 5 75 0 1 234494362005143.66
a 5 76 0 1 92975435246940.75
a 5 77 0 1 225683564855714.8
a 5 78 0 1 118381468854888.89
a 5 79 0 1 204018374112510.22
a 5 80 0 1 29326311671195.098
a 6 12 0 1 131261446960363.83
a 6 13 0 1 301514844723403.44
a 6 14 0 1 487224580730152.1
a 6 15 0 1 82479817543973.55
a 6 16 0 1 250848784133074.7
a 6 17 0 1 40620473711136.41
a 6 18 0 1 386045904378219.25
a 6 19 0 1 206417526720720.94
a 6 20 0 1 207241723543911.2
a 6 21 0 1 44355036072125.84
a 6 22 0 1 405516074281178.06
a 6 23 0 1 403437712549201.1
a 6 24 0 1 224486931330380.2
a 6 25 0 1 37013617470080.15
a 6 26 0 1 422148851710503.1
a 6 27 0 1 67223115796822.82
a 6 28 0 1 144080615012038.0
a 6 29 0 1 409530055151718.5
a 6 30 0 1 107713233081458.67
a 6 31 0 1 77972404110674.45
a 6 32 0 1 72141641424944.12
a 6 33 0 1 416257217389364.1
a 6 34 0 1 37074237528055.57
a 6 35 0 1 476756673413163.6
a 6 36 0 1 10889996750140.328
a 6 37 0 1 224082753662705.75
a 6 38 0 1 412503358104745.56
a 6 39 0 1 181975627684659.84
a 6 40 0 1 264805888934297.03
a 6 41 0 1 274546327148803.16
a 6 42 0 1 92033832948348.28
a 6 43 0 1 348312872504358.44
a 6 44 0 1 359354610103255.0
a 6 45 0 1 375617329898100.5
a 6 46 0 1 60854775037674.69
a 6 47 0 1 441332641641461.1
a 6 48 0 1 366719777377269.6
a 6 49 0 1 145133206759558.1
a 6 50 0 1 59659440560356.67
a 6 51 0 1 117767891064024.9
a 6 52 0 1 215970282304330.0
a 6 53 0 1 506615538040092.8
a 6 54 0 1 404659071213495.06
a 6 55 0 1 246851792204101.47
a 6 56 0 1 253117032901480.8
a 6 57 0 1 120910733285327.89
a 6 58 0 1 428160065135663.5
a 6 59 0 1 368873587336754.8
a 6 60 0 1 434812180057155.2
a 6 61 0 1 206593865376318.8
a 6 62 0 1 354343898422067.7
a 6 63 0 1 446453556328217.6
a 6 64 0 1 291883742186549.1
a 6 65 0 1 409868482241729.44
a 6 66 0 1 161702503831273.06
a 6 67 0 1 420229680785885.3
a 6 68 0 1 181660474092856.53
a 6 69 0 1 458216844567794.4
a 6 70 0 1 434936450042006.1
a 6 71 0 1 324949310293485.06
a 6 72 0 1 381266142147113.3
a 6 73 0 1 302809171140030.9
a 6 74 0 1 178515676403189.28
a 6 75 0 1 459103906809595.6
a 6 76 0 1 179206943046033.1
a 6 77 0 1 441413838028973.1
a 6 78 0 1 228805088454274.3
a 6 79 0 1 398067969256656.44
a 6 80 0 1 56142742318739.23
a 7 12 0 1 126919973252354.0
a 7 13 0 1 291349998927138.7
a 7 14 0 1 470451351053317.44
a 7 15 0 1 79766628717261.22
a 7 16 0 1 242440027555362.25
a 7 17 0 1 39290483126467.3
a 7 18 0 1 372906835915165.44
a 7 19 0 1 199532565348107.2
a 7 20 0 1 200328632706188.9
a 7 21 0 1 42902163892767.62
a 7 22 0 1 391683999612551.0
a 7 23 0 1 389679756412132.56
a 7 24 0 1 216984085223710.1
a 7 25 0 1 35802209482389.766
a 7 26 0 1 407722385203333.6
a 7 27 0 1 65015562363637.07
a 7 28 0 1 139308308374808.39
a 7 29 0 1 395554737047763.06
a 7 30 0 1 104159983961390.25
a 7 31 0 1 75408778109654.17
a 7 32 0 1 69771266480855.09
a 7 33 0 1 402041546457448.94
a 7 34 0 1 35860837321826.45
a 7 35 0 1 460363229061731.0
a 7 36 0 1 10534617495716.533
a 7 37 0 1 216593755607946.78
a 7 38 0 1 398421851991946.5
a 7 39 0 1 175922517707800.2
a 7 40 0 1 255915350132338.06
a 7 41 0 1 265318673588863.6
a 7 42 0 1 89003130771850.38
a 7 43 0 1 336508343142532.06
a 7 44 0 1 347160714343871.7
a 7 45 0 1 362848217610623.94
a 7 46 0 1 58857772685995.46
a 7 47 0 1 426217888630786.44
a 7 48 0 1 354265631184600.25
a 7 49 0 1 140325469471669.97
a 7 50 0 1 57701925278677.24
a 7 51 0 1 113878589695848.0
a 7 52 0 1 208758973042837.4
a 7 53 0 1 489136451766531.6
a 7 54 0 1 390857563130707.1
a 7 55 0 1 238580731777744.78
a 7 56 0 1 244630080839914.75
a 7 57 0 1 116916235776561.75
a 7 58 0 1 413518240290588.25
a 7 59 0 1 356343255120499.7
a 7 60 0 1 419931700639325.44
a 7 61 0 1 199702886078645.56
a 7 62 0 1 342326814481501.44
a 7 63 0 1 431154576153706.1
a 7 64 0 1 282054235173662.4
a 7 65 0 1 395881081148557.2
a 7 66 0 1 156335942741824.97
a 7 67 0 1 405871910183979.2
a 7 68 0 1 175618060494618.34
a 7 69 0 1 442493881073106.94
a 7 70 0 1 420051508898311.2
a 7 71 0 1 313965511771456.7
a 7 72 0 1 368296743258773.4
a 7 73 0 1 292599204339838.4
a 7 74 0 1 172579956830010.2
a 7 75 0 1 443348926088136.9
a 7 76 0 1 173247777164904.62
a 7 77 0 1 426296165576057.06
a 7 78 0 1 221154214695441.0
a 7 79 0 1 384501350614815.25
a 7 80 0 1 54301337874260.65
a 8 12 0 1 128815628225049.12
a 8 13 0 1 295786686655886.0
a 8 14 0 1 477769285977190.56
a 8 15 0 1 80951436783070.77
a 8 16 0 1 246110646687566.3
a 8 17 0 1 39871321774328.375
a 8 18 0 1 378640587052606.2
a 8 19 0 1 202538309283036.84
a 8 20 0 1 203346651518288.1
a 8 21 0 1 43536662811174.64
a 8 22 0 1 397719899947286.5
a 8 23 0 1 395683342527067.1
a 8 24 0 1 220259445695454.94
a 8 25 0 1 36331264346848.516
a 8 26 0 1 414017417422282.6
a 8 27 0 1 65979598798030.086
a 8 28 0 1 141392023405103.7
a 8 29 0 1 401653087817285.4
a 8 30 0 1 105711548975516.19
a 8 31 0 1 76528285235573.23
a 8 32 0 1 70806395980196.69
a 8 33 0 1 408244682236383.8
a 8 34 0 1 36390762173922.984
a 8 35 0 1 467515645021604.8
a 8 36 0 1 10689829911726.617
a 8 37 0 1 219863073662322.53
a 8 38 0 1 404566497238390.6
a 8 39 0 1 178565245727471.12
a 8 40 0 1 259796157195204.1
a 8 41 0 1 269346546450169.2
a 8 42 0 1 90326564809227.64
a 8 43 0 1 341660161530996.9
a 8 44 0 1 352482328403903.3
a 8 45 0 1 368420657527475.1
a 8 46 0 1 59729873576196.414
a 8 47 0 1 432812962187947.3
a 8 48 0 1 359700730983712.1
a 8 49 0 1 142424649635203.22
a 8 50 0 1 58556784157505.44
a 8 51 0 1 115576858578036.75
a 8 52 0 1 211907122911038.2
a 8 53 0 1 496761993136206.7
a 8 54 0 1 396880137073794.2
a 8 55 0 1 242191275566190.56
a 8 56 0 1 248334815339229.12
a 8 57 0 1 118660426800559.47
a 8 58 0 1 419907155490121.75
a 8 59 0 1 361811576145133.7
a 8 60 0 1 426424651476591.7
a 8 61 0 1 202711256064109.88
a 8 62 0 1 347571325156622.8
a 8 63 0 1 437829954398596.3
a 8 64 0 1 286344649683919.44
a 8 65 0 1 401984699735883.75
a 8 66 0 1 158679034637194.78
a 8 67 0 1 412136994663866.0
a 8 68 0 1 178256120411332.03
a 8 69 0 1 449354066501382.3
a 8 70 0 1 426546404685392.6
a 8 71 0 1 318759396107395.75
a 8 72 0 1 373956514687070.75
a 8 73 0 1 297055573154703.5
a 8 74 0 1 175171453091385.9
a 8 75 0 1 450223066872631.2
a 8 76 0 1 175849505973966.97
a 8 77 0 1 432892511734136.94
a 8 78 0 1 224494164429727.9
a 8 79 0 1 390421515912783.4
a 8 80 0 1 55105496496545.375
a 9 12 0 1 97853695958636.17
a 9 13 0 1 223644120552839.4
a 9 14 0 1 359371348403129.3
a 9 15 0 1 61575572566226.42
a 9 16 0 1 186344654578195.8
a 9 17 0 1 30362383980999.082
a 9 18 0 1 285617850493095.7
a 9 19 0 1 153540902695916.56
a 9 20 0 1 154150208927769.0
a 9 21 0 1 33150235680744.145
a 9 22 0 1 299846645647839.7
a 9 23 0 1 298328598351980.94
a 9 24 0 1 166892201256076.8
a 9 25 0 1 27669288148014.418
a 9 26 0 1 311988261539045.0
a 9 27 0 1 50207996267862.1
a 9 28 0 1 107369753764160.31
a 9 29 0 1 302777925737790.0
a 9 30 0 1 80354303696778.61
a 9 31 0 1 58218215193157.97
a 9 32 0 1 53873839539283.445
a 9 33 0 1 307688915069661.94
a 9 34 0 1 27714555411091.227
a 9 35 0 1 351762470118658.7
a 9 36 0 1 8146925353716.692
a 9 37 0 1 166593717146429.44
a 9 38 0 1 304948761263829.06
a 9 39 0 1 135457981813116.4
a 9 40 0 1 196631082055636.06
a 9 41 0 1 203804659715083.94
a 9 42 0 1 68688962415458.125
a 9 43 0 1 257993754903179.62
a 9 44 0 1 266083988839380.78
a 9 45 0 1 277989593837508.3
a 9 46 0 1 45460015977198.414
a 9 47 0 1 325976461353382.8
a 9 48 0 1 271477357127422.97
a 9 49 0 1 108150802957875.11
a 9 50 0 1 44568624949374.016
a 9 51 0 1 87829206595507.81
a 9 52 0 1 160601143406288.62
a 9 53 0 1 373452939193409.8
a 9 54 0 1 299220709435244.9
a 9 55 0 1 183397258946142.03
a 9 56 0 1 188016952175934.4
a 9 57 0 1 90164768813311.06
a 9 58 0 1 316373244233486.8
a 9 59 0 1 273054087295997.66
a 9 60 0 1 321223828962524.4
a 9 61 0 1 153671267589588.28
a 9 62 0 1 262413343229171.84
a 9 63 0 1 329707635657282.06
a 9 64 0 1 216562713645861.78
a 9 65 0 1 303025034662719.7
a 9 66 0 1 120439193566504.28
a 9 67 0 1 310587943668653.5
a 9 68 0 1 135224648000155.5
a 9 69 0 1 338274017997843.3
a 9 70 0 1 321314424919531.8
a 9 71 0 1 240857266393617.44
a 9 72 0 1 282122177551277.0
a 9 73 0 1 224595475728470.47
a 9 74 0 1 132896057967113.89
a 9 75 0 1 338919747806658.0
a 9 76 0 1 133407949281304.2
a 9 77 0 1 326035631559028.75
a 9 78 0 1 170080695103154.66
a 9 79 0 1 294405600653228.3
a 9 80 0 1 41945772795884.39
a 10 12 0 1 173966689232928.88
a 10 13 0 1 402237917634103.56
a 10 14 0 1 654835626307977.0
a 10 15 0 1 109114046444264.36
a 10 16 0 1 333986086903239.06
a 10 17 0 1 53653941672999.04
a 10 18 0 1 516733112388248.75
a 10 19 0 1 274358510754030.0
a 10 20 0 1 275462704259488.16
a 10 21 0 1 58594881056492.4
a 10 22 0 1 543217810915052.8
a 10 23 0 1 540388635202201.56
a 10 24 0 1 298582830573457.6
a 10 25 0 1 48883263352524.43
a 10 26 0 1 565876886699692.2
a 10 27 0 1 88880071841568.47
a 10 28 0 1 191049115711429.53
a 10 29 0 1 548683239019794.2
a 10 30 0 1 142630596313268.62
a 10 31 0 1 103133741736871.05
a 10 32 0 1 95400661552086.16
a 10 33 0 1 557847029874827.56
a 10 34 0 1 48963433086761.43
a 10 35 0 1 640492847793423.1
a 10 36 0 1 14368377820851.264
a 10 37 0 1 298040603553573.44
a 10 38 0 1 552732860614655.0
a 10 39 0 1 241645449488426.62
a 10 40 0 1 352760048097511.75
a 10 41 0 1 365874456096608.94
a 10 42 0 1 121796751192679.25
a 10 43 0 1 465527003637364.44
a 10 44 0 1 480494914922561.25
a 10 45 0 1 502564975113652.5
a 10 46 0 1 80441002062086.56
a 10 47 0 1 592050431897745.9
a 10 48 0 1 490486492771497.9
a 10 49 0 1 192452512585112.88
a 10 50 0 1 78857441012648.66
a 10 51 0 1 156003663883703.0
a 10 52 0 1 287160908959397.1
a 10 53 0 1 681438391514605.9
a 10 54 0 1 542051153834045.06
a 10 55 0 1 328613488689363.2
a 10 56 0 1 337035734340283.06
a 10 57 0 1 160185858811318.94
a 10 58 0 1 574073800364413.5
a 10 59 0 1 493409491743177.9
a 10 60 0 1 583149464433533.2
a 10 61 0 1 274594749306712.6
a 10 62 0 1 473700838769294.9
a 10 63 0 1 599044326792485.8
a 10 64 0 1 389242621348945.6
a 10 65 0 1 549144124169997.4
a 10 66 0 1 214558953166533.62
a 10 67 0 1 563260766085571.2
a 10 68 0 1 241224053802073.06
a 10 69 0 1 615121494758705.1
a 10 70 0 1 583319057617766.5
a 10 71 0 1 433900364913458.7
a 10 72 0 1 510237869801612.1
a 10 73 0 1 403985126881467.25
a 10 74 0 1 237019671130443.97
a 10 75 0 1 616334512101956.1
a 10 76 0 1 237943760118846.94
a 10 77 0 1 592161302428043.6
a 10 78 0 1 304376957029717.3
a 10 79 0 1 533081319535137.7
a 10 80 0 1 74199392767866.67
a 11 12 0 1 65287151675901.74
a 11 13 0 1 148491085727392.0
a 11 14 0 1 237348154892634.75
a 11 15 0 1 41139821516055.8
a 11 16 0 1 123904544953508.86
a 11 17 0 1 20309884333202.258
a 11 18 0 1 189182617279409.9
a 11 19 0 1 102222019339923.06
a 11 20 0 1 102625262627444.36
a 11 21 0 1 22172365420321.277
a 11 22 0 1 198496970658659.16
a 11 23 0 1 197503739591989.9
a 11 24 0 1 111053620516469.89
a 11 25 0 1 18510330027988.684
a 11 26 0 1 206436691376537.25
a 11 27 0 1 33559503035985.664
a 11 28 0 1 71610025632199.16
a 11 29 0 1 200414514873017.44
a 11 30 0 1 53647682089887.71
a 11 31 0 1 38901699894498.516
a 11 32 0 1 36004744429854.44
a 11 33 0 1 203626114593270.38
a 11 34 0 1 18540581137559.312
a 11 35 0 1 232392230008130.94
a 11 36 0 1 5454222556630.298
a 11 37 0 1 110856280058022.33
a 11 38 0 1 201834313487190.34
a 11 39 0 1 90245905149306.39
a 11 40 0 1 130692194231831.97
a 11 41 0 1 135422546678348.67
a 11 42 0 1 45879928203295.61
a 11 43 0 1 171069457130332.7
a 11 44 0 1 176378342356725.34
a 11 45 0 1 184184723275343.22
a 11 46 0 1 30391418344323.977
a 11 47 0 1 215574414026498.0
a 11 48 0 1 179915630533854.72
a 11 49 0 1 72128781496529.02
a 11 50 0 1 29796510163311.766
a 11 51 0 1 58621427865505.97
a 11 52 0 1 106893364089711.53
a 11 53 0 1 246511991567536.8
a 11 54 0 1 198087446384671.38
a 11 55 0 1 121958655238419.28
a 11 56 0 1 125008407130190.6
a 11 57 0 1 60174906483334.58
a 11 58 0 1 209302257831027.16
a 11 59 0 1 180949457316351.7
a 11 60 0 1 212470925054856.06
a 11 61 0 1 102308297381819.62
a 11 62 0 1 173970052617972.44
a 11 63 0 1 218010060670222.94
a 11 64 0 1 143828799330174.84
a 11 65 0 1 200576144709767.3
a 11 66 0 1 80286337479605.98
a 11 67 0 1 205521378770832.62
a 11 68 0 1 90091260776027.27
a 11 69 0 1 223599298604441.72
a 11 70 0 1 212530095614017.4
a 11 71 0 1 159813114869000.78
a 11 72 0 1 186892692157124.28
a 11 73 0 1 149117245034797.72
a 11 74 0 1 88547810390989.66
a 11 75 0 1 224020457378616.84
a 11 76 0 1 88887129271312.45
a 11 77 0 1 215613044992214.2
a 11 78 0 1 113161381747410.53
a 11 79 0 1 194936436885139.94
a 11 80 0 1 28045801309583.477
a 12 1 0 1 0
a 13 1 0 1 0
a 14 1 0 1 0
a 15 1 0 1 0
a 16 1 0 1 0
a 17 1 0 1 0
a 18 1 0 1 0
a 19 1 0 1 0
a 20 1 0 1 0
a 21 1 0 1 0
a 22 1 0 1 0
a 23 1 0 1 0
a 24 1 0 1 0
a 25 1 0 1 0
a 26 1 0 1 0
a 27 1 0 1 0
a 28 1 0 1 0
a 29 1 0 1 0
a 30 1 0 1 0
a 31 1 0 1 0
a 32 1 0 1 0
a 33 1 0 1 0
a 34 1 0 1 0
a 35 1 0 1 0
a 36 1 0 1 0
a 37 1 0 1 0
a 38 1 0 1 0
a 39 1 0 1 0
a 40 1 0 1 0
a 41 1 0 1 0
a 42 1 0 1 0
a 43 1 0 1 0
a 44 1 0 1 0
a 45 1 0 1 0
a 46 1 0 1 0
a 47 1 0 1 0
a 48 1 0 1 0
a 49 1 0 1 0
a 50 1 0 1 0
a 51 1 0 1 0
a 52 1 0 1 0
a 53 1 0 1 0
a 54 1 0 1 0
a 55 1 0 1 0
a 56 1 0 1 0
a 57 1 0 1 0
a 58 1 0 1 0
a 59 1 0 1 0
a 60 1 0 1 0
a 61 1 0 1 0
a 62 1 0 1 0
a 63 1 0 1 0
a 64 1 0 1 0
a 65 1 0 1 0
a 66 1 0 1 0
a 67 1 0 1 0
a 68 1 0 1 0
a 69 1 0 1 0
a 70 1 0 1 0
a 71 1 0 1 0
a 72 1 0 1 0
a 73 1 0 1 0
a 74 1 0 1 0
a 75 1 0 1 0
a 76 1 0 1 0
a 77 1 0 1 0
a 78 1 0 1 0
a 79 1 0 1 0
a 80 1 0 1 0
