p min 81 769
n 0 10
n 1 -10
a 0 2 0 1 0
a 0 3 0 1 0
a 0 4 0 1 0
a 0 5 0 1 0
a 0 6 0 1 0
a 0 7 0 1 0
a 0 8 0 1 0
a 0 9 0 1 0
a 0 10 0 1 0
a 0 11 0 1 0
a 2 12 0 1 231445394886145.06
a 2 13 0 1 92227999492262.14
a 2 14 0 1 298274708954135.0
a 2 15 0 1 275599455293086.94
a 2 16 0 1 308371234639688.5
a 2 17 0 1 37323577016203.47
a 2 18 0 1 107981266860303.42
a 2 19 0 1 324027266157298.0
a 2 20 0 1 132906105230010.34
a 2 21 0 1 284463037306865.5
a 2 22 0 1 181433066367859.0
a 2 23 0 1 277555681996760.62
a 2 24 0 1 212044360807260.7
a 2 25 0 1 303861496612777.5
a 2 26 0 1 280404403477522.44
a 2 27 0 1 115202913787176.67
a 2 28 0 1 199042219343134.3
a 2 29 0 1 278538901021534.06
a 2 30 0 1 19926040467840.156
a 2 31 0 1 292521868823165.4
a 2 32 0 1 109756523272325.47
a 2 33 0 1 301893679178362.2
a 2 34 0 1 178703239726127.66
a 2 35 0 1 46784348833456.47
a 2 36 0 1 157427045499261.62
a 2 37 0 1 242249418521114.1
a 2 38 0 1 75941496411356.53
a 2 39 0 1 43531898345450.71
a 2 40 0 1 218870301160817.7
a 2 41 0 1 25236455073022.79
a 2 42 0 1 51418325552171.27
a 2 43 0 1 330670724751860.0
a 2 44 0 1 216588568832077.97
a 2 45 0 1 328463270901848.0
a 2 46 0 1 314590091968157.94
a 2 47 0 1 27986375418369.53
a 2 48 0 1 185966170408987.94
a 2 49 0 1 7918674590840.5
a 2 50 0 1 146869557520677.25
a 2 51 0 1 292696203928578.4
a 2 52 0 1 103021625850621.73
a 2 53 0 1 123888400598761.23
a 2 54 0 1 288122898034030.5
a 2 55 0 1 53792965430194.71
a 2 56 0 1 99820518265669.53
a 2 57 0 1 148706196293257.75
a 2 58 0 1 333562154627233.7
a 2 59 0 1 326222278233579.56
a 2 60 0 1 221661169809818.53
a 2 61 0 1 39897977443524.75
a 2 62 0 1 69761590423971.79
a 2 63 0 1 240508115977290.53
a 2 64 0 1 185941623488832.2
a 2 65 0 1 26382350992601.445
a 2 66 0 1 139073053781307.81
a 2 67 0 1 256794961305977.16
a 2 68 0 1 291470685015768.56
a 2 69 0 1 137763255660516.4
a 2 70 0 1 346027469368924.75
a 2 71 0 1 125724715233441.73
a 2 72 0 1 140341907593985.73
a 2 73 0 1 155010705492363.88
a 2 74 0 1 133204594065260.3
a 2 75 0 1 47109312330258.06
a 2 76 0 1 176309916599862.47
a 2 77 0 1 321692385428485.94
a 2 78 0 1 255112884133095.28
a 2 79 0 1 265169670925570.9
a 2 80 0 1 233285864558561.88
a 3 12 0 1 278118008442104.44
a 3 13 0 1 110469159926044.9
a 3 14 0 1 358991132060122.94
a 3 15 0 1 331521452291522.06
a 3 16 0 1 371232234485189.2
a 3 17 0 1 44649720245539.62
a 3 18 0 1 129384864776642.84
a 3 19 0 1 390225703825205.06
a 3 20 0 1 159341552359807.97
a 3 21 0 1 342255529357279.3
a 3 22 0 1 217765408986774.72
a 3 23 0 1 333890106992712.44
a 3 24 0 1 254688654643882.22
a 3 25 0 1 365763847704537.9
a 3 26 0 1 337339822104095.2
a 3 27 0 1 138060855090891.33
a 3 28 0 1 238998955475499.94
a 3 29 0 1 335080701395028.06
a 3 30 0 1 23827895629306.207
a 3 31 0 1 352019046265578.6
a 3 32 0 1 131517364889202.55
a 3 33 0 1 363378103413793.0
a 3 34 0 1 214475301873616.88
a 3 35 0 1 55979522989522.836
a 3 36 0 1 188846807449438.53
a 3 37 0 1 291174759501680.7
a 3 38 0 1 90927617038651.2
a 3 39 0 1 52083981764553.89
a 3 40 0 1 262929417017334.16
a 3 41 0 1 30181797888883.7
a 3 42 0 1 61530749783456.836
a 3 43 0 1 398289784048557.1
a 3 44 0 1 260174448150304.44
a 3 45 0 1 395610000773950.9
a 3 46 0 1 378775035056552.0
a 3 47 0 1 33472673334463.223
a 3 48 0 1 223229843565614.66
a 3 49 0 1 9466722030757.725
a 3 50 0 1 176139171383816.44
a 3 51 0 1 352230300860822.7
a 3 52 0 1 123428099494212.19
a 3 53 0 1 148499336667865.22
a 3 54 0 1 346689085773639.3
a 3 55 0 1 64375880822149.56
a 3 56 0 1 119584142473515.58
a 3 57 0 1 178349409887977.78
a 3 58 0 1 401800334948950.0
a 3 59 0 1 392889800386224.06
a 3 60 0 1 266299526575443.4
a 3 61 0 1 47732225800056.47
a 3 62 0 1 83516415018353.67
a 3 63 0 1 289069923115741.44
a 3 64 0 1 223200250301023.03
a 3 65 0 1 31553060792162.777
a 3 66 0 1 166758857122228.9
a 3 67 0 1 308763887276457.3
a 3 68 0 1 350745288035732.5
a 3 69 0 1 165183317216131.06
a 3 70 0 1 416940495839709.06
a 3 71 0 1 150706815246751.4
a 3 72 0 1 168285237580073.75
a 3 73 0 1 185937797967242.12
a 3 74 0 1 159700511000267.3
a 3 75 0 1 56368771593048.695
a 3 76 0 1 211591112649235.75
a 3 77 0 1 387392163737751.56
a 3 78 0 1 306729212830027.5
a 3 79 0 1 318896565924580.94
a 3 80 0 1 280341752708008.62
a 4 12 0 1 379086319029522.06
a 4 13 0 1 149523084801799.03
a 4 14 0 1 491023077510071.56
a 4 15 0 1 452912256326527.56
a 4 16 0 1 508036294469180.1
a 4 17 0 1 60272967470461.89
a 4 18 0 1 175262166007899.34
a 4 19 0 1 534471379071133.44
a 4 20 0 1 216108161794767.53
a 4 21 0 1 467793364759167.2
a 4 22 0 1 296066728658006.2
a 4 23 0 1 456194801917854.75
a 4 24 0 1 346805959700549.1
a 4 25 0 1 500433782021587.0
a 4 26 0 1 460976746554540.94
a 4 27 0 1 187081367310515.6
a 4 28 0 1 325225740454307.6
a 4 29 0 1 457845020708362.94
a 4 30 0 1 32138456341830.18
a 4 31 0 1 481341310393105.44
a 4 32 0 1 178166453608554.34
a 4 33 0 1 497118132416442.44
a 4 34 0 1 291553334756285.2
a 4 35 0 1 75601788873193.11
a 4 36 0 1 256439334241430.06
a 4 37 0 1 397104216304358.3
a 4 38 0 1 122974716514847.6
a 4 39 0 1 70329667106636.97
a 4 40 0 1 358152372716061.4
a 4 41 0 1 40718848172643.0
a 4 42 0 1 83117561657706.69
a 4 43 0 1 545708686227450.4
a 4 44 0 1 354358250913066.8
a 4 45 0 1 541973493394220.2
a 4 46 0 1 518528933061788.1
a 4 47 0 1 45164619582946.0
a 4 48 0 1 303565693305781.3
a 4 49 0 1 12761111890704.113
a 4 50 0 1 239056748471980.03
a 4 51 0 1 481634579781758.1
a 4 52 0 1 167152279532339.38
a 4 53 0 1 201312949580481.38
a 4 54 0 1 473943945140803.6
a 4 55 0 1 86970886302652.58
a 4 56 0 1 161921025544271.12
a 4 57 0 1 242078757272461.03
a 4 58 0 1 550603211714415.2
a 4 59 0 1 538182893353406.94
a 4 60 0 1 362794896829595.1
a 4 61 0 1 64442090949883.52
a 4 62 0 1 112917327466784.23
a 4 63 0 1 394198217250368.8
a 4 64 0 1 303525072348587.8
a 4 65 0 1 42571196797260.2
a 4 66 0 1 226237535281368.94
a 4 67 0 1 421409294309086.6
a 4 68 0 1 479573161837227.94
a 4 69 0 1 224085384549557.1
a 4 70 0 1 571730032332661.0
a 4 71 0 1 204324168180606.7
a 4 72 0 1 228322807944146.2
a 4 73 0 1 252458491395975.53
a 4 74 0 1 216598224744643.75
a 4 75 0 1 76128679428662.75
a 4 76 0 1 287597827163853.8
a 4 77 0 1 530524784529212.8
a 4 78 0 1 418595808237598.1
a 4 79 0 1 435427978836304.06
a 4 80 0 1 382153561330936.75
a 5 12 0 1 212395756464044.44
a 5 13 0 1 84748445878930.06
a 5 14 0 1 273549155769711.78
a 5 15 0 1 252808710217142.94
a 5 16 0 1 282781199502921.56
a 5 17 0 1 34314261935138.137
a 5 18 0 1 99209494196821.19
a 5 19 0 1 297093095689455.0
a 5 20 0 1 122080973842104.39
a 5 21 0 1 260917090469742.0
a 5 22 0 1 166579042272629.3
a 5 23 0 1 254598382216821.1
a 5 24 0 1 194627562888676.34
a 5 25 0 1 278657820131668.0
a 5 26 0 1 257204438496957.2
a 5 27 0 1 105837319506186.14
a 5 28 0 1 182715981480887.75
a 5 29 0 1 255497863267769.5
a 5 30 0 1 18322407896730.766
a 5 31 0 1 268288062457983.5
a 5 32 0 1 100838858812307.66
a 5 33 0 1 276858474795223.7
a 5 34 0 1 164076953491508.53
a 5 35 0 1 43008449046352.91
a 5 36 0 1 144571252001736.44
a 5 37 0 1 222287586195037.75
a 5 38 0 1 69793385715592.96
a 5 39 0 1 40019710304114.79
a 5 40 0 1 200879776277268.03
a 5 41 0 1 23204301458663.473
a 5 42 0 1 47266384962064.18
a 5 43 0 1 303164845936479.3
a 5 44 0 1 198789917691270.53
a 5 45 0 1 301147445035843.6
a 5 46 0 1 288466672338139.3
a 5 47 0 1 25732129093420.023
a 5 48 0 1 170733678715510.06
a 5 49 0 1 7282195666127.024
a 5 50 0 1 134889354629822.3
a 5 51 0 1 268447504330233.22
a 5 52 0 1 94657149951262.03
a 5 53 0 1 113807414719363.38
a 5 54 0 1 264264709410155.4
a 5 55 0 1 49448183184099.055
a 5 56 0 1 91718697826969.06
a 5 57 0 1 136573811057552.14
a 5 58 0 1 305807201673813.6
a 5 59 0 1 299099302587977.2
a 5 60 0 1 203435831704897.16
a 5 61 0 1 36680216542356.7
a 5 62 0 1 64117496293648.87
a 5 63 0 1 220693443946488.7
a 5 64 0 1 170711182186012.9
a 5 65 0 1 24257666723695.617
a 5 66 0 1 127738205905299.75
a 5 67 0 1 235601749358143.75
a 5 68 0 1 267326668400433.53
a 5 69 0 1 126536722003544.45
a 5 70 0 1 317196990280941.94
a 5 71 0 1 115492310677291.61
a 5 72 0 1 128902102824566.28
a 5 73 0 1 142355484661496.9
a 5 74 0 1 122354806982745.16
a 5 75 0 1 43307054223754.16
a 5 76 0 1 161883187248116.03
a 5 77 0 1 294958955307453.5
a 5 78 0 1 234062264619230.8
a 5 79 0 1 243265768393116.8
a 5 80 0 1 214080980333757.0
a 6 12 0 1 348489970315150.3
a 6 13 0 1 137747378662567.56
a 6 14 0 1 450913567437234.44
a 6 15 0 1 416066885959007.1
a 6 16 0 1 466461150577734.3
a 6 17 0 1 55571054173435.516
a 6 18 0 1 161421449965850.1
a 6 19 0 1 490608504594091.0
a 6 20 0 1 198967243634045.5
a 6 21 0 1 429676563701723.56
a 6 22 0 1 272382333218901.78
a 6 23 0 1 419069315745999.2
a 6 24 0 1 318911574349655.0
a 6 25 0 1 459514218572583.94
a 6 26 0 1 423442846779105.75
a 6 27 0 1 172288636265291.12
a 6 28 0 1 299127445840041.8
a 6 29 0 1 420578640064466.56
a 6 30 0 1 29638813471879.734
a 6 31 0 1 442063513533310.75
a 6 32 0 1 164092023243804.16
a 6 33 0 1 456484156065390.1
a 6 34 0 1 268241249112041.44
a 6 35 0 1 69694444762456.97
a 6 36 0 1 236011706197859.97
a 6 37 0 1 364991695405895.6
a 6 38 0 1 113317184992685.75
a 6 39 0 1 64837355465384.84
a 6 40 0 1 329310355113969.4
a 6 41 0 1 37548955638552.63
a 6 42 0 1 76617757141149.27
a 6 43 0 1 500869460029720.4
a 6 44 0 1 325833364162955.8
a 6 45 0 1 497459054835578.7
a 6 46 0 1 476047263168418.5
a 6 47 0 1 41646969177052.92
a 6 48 0 1 279261922971599.47
a 6 49 0 1 11770628427741.697
a 6 50 0 1 220049118438547.25
a 6 51 0 1 442331614469317.2
a 6 52 0 1 153963423151932.8
a 6 53 0 1 185370725419921.78
a 6 54 0 1 435300478410870.44
a 6 55 0 1 80166961860275.22
a 6 56 0 1 149152055393600.03
a 6 57 0 1 222824631482864.34
a 6 58 0 1 505338003744513.06
a 6 59 0 1 493997799620707.06
a 6 60 0 1 333564489301634.06
a 6 61 0 1 59412713331489.734
a 6 62 0 1 104059122400999.31
a 6 63 0 1 362330620506728.5
a 6 64 0 1 279224659734639.84
a 6 65 0 1 39256449417956.82
a 6 66 0 1 208273778326406.38
a 6 67 0 1 387242400345549.44
a 6 68 0 1 440447075012491.0
a 6 69 0 1 206296600673560.1
a 6 70 0 1 524621072172371.8
a 6 71 0 1 188138282040013.3
a 6 72 0 1 210189439198022.4
a 6 73 0 1 232356522652505.1
a 6 74 0 1 199417537907703.75
a 6 75 0 1 70179831872280.4
a 6 76 0 1 264611739502172.4
a 6 77 0 1 487004262304754.0
a 6 78 0 1 384667261601036.56
a 6 79 0 1 400071369251769.06
a 6 80 0 1 351299516666033.56
a 7 12 0 1 108605519730345.06
a 7 13 0 1 43646085466749.2
a 7 14 0 1 139394097480957.36
a 7 15 0 1 128976139060978.81
a 7 16 0 1 144023403412604.44
a 7 17 0 1 17721867353047.01
a 7 18 0 1 51052372887020.15
a 7 19 0 1 151190246618006.22
a 7 20 0 1 62741535905117.305
a 7 21 0 1 133051939193944.3
a 7 22 0 1 85397373472846.22
a 7 23 0 1 129876070268454.19
a 7 24 0 1 99619503504683.89
a 7 25 0 1 141956386855205.72
a 7 26 0 1 131186188161390.97
a 7 27 0 1 54442821091598.54
a 7 28 0 1 93585213283741.61
a 7 29 0 1 130328302004564.98
a 7 30 0 1 9471174373014.281
a 7 31 0 1 136753785973291.08
a 7 32 0 1 51886104750364.81
a 7 33 0 1 141054082934397.97
a 7 34 0 1 84126478318822.22
a 7 35 0 1 22201296477156.215
a 7 36 0 1 74206523482955.61
a 7 37 0 1 113600300567775.05
a 7 38 0 1 35974133893042.27
a 7 39 0 1 20661925396200.09
a 7 40 0 1 102783545334042.22
a 7 41 0 1 11991454007133.422
a 7 42 0 1 24393489251753.062
a 7 43 0 1 154227181716705.62
a 7 44 0 1 101726186213814.83
a 7 45 0 1 153218364496484.7
a 7 46 0 1 146871879601778.12
a 7 47 0 1 13295907557783.201
a 7 48 0 1 87506857420327.33
a 7 49 0 1 3766606161505.2173
a 7 50 0 1 69274499576096.83
a 7 51 0 1 136833826253168.23
a 7 52 0 1 48722167960699.29
a 7 53 0 1 58516557248770.06
a 7 54 0 1 134733566770288.77
a 7 55 0 1 25516381187355.3
a 7 56 0 1 47217431571231.734
a 7 57 0 1 70132960653492.97
a 7 58 0 1 155548158139525.62
a 7 59 0 1 152193935058386.9
a 7 60 0 1 104076433919660.88
a 7 61 0 1 18941287754519.605
a 7 62 0 1 33059032441307.246
a 7 63 0 1 112795735014533.08
a 7 64 0 1 87495437659508.06
a 7 65 0 1 12535074516230.164
a 7 66 0 1 65628192720178.23
a 7 67 0 1 120314262490926.47
a 7 68 0 1 136271132368358.88
a 7 69 0 1 65015278079809.47
a 7 70 0 1 161237584039495.9
a 7 71 0 1 59377286192392.81
a 7 72 0 1 66221853854212.52
a 7 73 0 1 73078272620917.33
a 7 74 0 1 62881304297942.43
a 7 75 0 1 22355066963318.53
a 7 76 0 1 83011894136781.81
a 7 77 0 1 150122299808917.1
a 7 78 0 1 119538464882844.02
a 7 79 0 1 124174386742644.56
a 7 80 0 1 109456854746467.73
a 8 12 0 1 196725314785776.56
a 8 13 0 1 78580738998528.4
a 8 14 0 1 253233794317441.88
a 8 15 0 1 234075471047061.75
a 8 16 0 1 261759351850088.12
a 8 17 0 1 31830423182038.53
a 8 18 0 1 91978173392599.47
a 8 19 0 1 274973278992352.97
a 8 20 0 1 113160738017475.53
a 8 21 0 1 241566158778331.88
a 8 22 0 1 154349213077019.03
a 8 23 0 1 235728898302930.28
a 8 24 0 1 180295412669197.22
a 8 25 0 1 257951687288012.5
a 8 26 0 1 238136467085268.72
a 8 27 0 1 98117422885382.81
a 8 28 0 1 169278174709305.7
a 8 29 0 1 236559883773450.12
a 8 30 0 1 16998405169711.78
a 8 31 0 1 248374688503989.53
a 8 32 0 1 93487492017922.2
a 8 33 0 1 256290025706950.47
a 8 34 0 1 152034053852845.88
a 8 35 0 1 39892385843859.25
a 8 36 0 1 133982199819521.52
a 8 37 0 1 205869900273416.6
a 8 38 0 1 64722181308555.13
a 8 39 0 1 37121114785213.74
a 8 40 0 1 186077289695150.12
a 8 41 0 1 21526651165388.793
a 8 42 0 1 43840264529929.42
a 8 43 0 1 280578211231959.25
a 8 44 0 1 184144714946330.4
a 8 45 0 1 278715982209082.4
a 8 46 0 1 267009050869379.22
a 8 47 0 1 23871216366921.625
a 8 48 0 1 158193238930989.34
a 8 49 0 1 6756594505090.81
a 8 50 0 1 125019696347263.36
a 8 51 0 1 248521954413530.03
a 8 52 0 1 87761009200827.06
a 8 53 0 1 105499080401532.08
a 8 54 0 1 244658446834626.78
a 8 55 0 1 45863077863378.66
a 8 56 0 1 85038736675300.92
a 8 57 0 1 126579099285255.53
a 8 58 0 1 283017224938795.3
a 8 59 0 1 276825308126375.38
a 8 60 0 1 188440879896955.53
a 8 61 0 1 34024446369844.91
a 8 62 0 1 59461531935988.9
a 8 63 0 1 204396288390864.0
a 8 64 0 1 158172425036422.25
a 8 65 0 1 22503661585102.16
a 8 66 0 1 118398946850318.53
a 8 67 0 1 218175803708643.16
a 8 68 0 1 247486703664077.16
a 8 69 0 1 117286497448026.53
a 8 70 0 1 293529206220673.9
a 8 71 0 1 107059451199178.95
a 8 72 0 1 119476572857887.0
a 8 73 0 1 131931201637576.8
a 8 74 0 1 113414300359871.42
a 8 75 0 1 40169256178261.52
a 8 76 0 1 150004100605540.34
a 8 77 0 1 273003075955364.53
a 8 78 0 1 216753047743841.9
a 8 79 0 1 225258142357727.9
a 8 80 0 1 198283345386482.34
a 9 12 0 1 93454473508619.14
a 9 13 0 1 37596385789727.32
a 9 14 0 1 119888287881667.34
a 9 15 0 1 110946822427871.12
a 9 16 0 1 123860525917209.16
a 9 17 0 1 15271787316955.803
a 9 18 0 1 43970896114392.92
a 9 19 0 1 130008945814728.17
a 9 20 0 1 54028546573848.22
a 9 21 0 1 114445338710858.17
a 9 22 0 1 73511424787600.5
a 9 23 0 1 111719330136528.4
a 9 24 0 1 85734457050647.03
a 9 25 0 1 122086968904446.48
a 9 26 0 1 112843904656846.89
a 9 27 0 1 46888512166914.99
a 9 28 0 1 80549048797915.25
a 9 29 0 1 112107520698721.45
a 9 30 0 1 8162839360020.769
a 9 31 0 1 117622464125633.44
a 9 32 0 1 44688385122365.01
a 9 33 0 1 121312729771757.05
a 9 34 0 1 72418896074400.97
a 9 35 0 1 19130562223693.496
a 9 36 0 1 63889636962045.02
a 9 37 0 1 97744588344221.31
a 9 38 0 1 30991625363066.324
a 9 39 0 1 17804543274269.1
a 9 40 0 1 88452987806643.25
a 9 41 0 1 10334556615317.66
a 9 42 0 1 21018811316268.613
a 9 43 0 1 132613891039885.25
a 9 44 0 1 87544540549818.44
a 9 45 0 1 131748602111950.45
a 9 46 0 1 126304400360450.95
a 9 47 0 1 11458531787502.678
a 9 48 0 1 75324749729701.16
a 9 49 0 1 3246586863979.9067
a 9 50 0 1 59648026093240.91
a 9 51 0 1 117691154789076.94
a 9 52 0 1 41965477595179.33
a 9 53 0 1 50393704522316.08
a 9 54 0 1 115888650162708.52
a 9 55 0 1 21985965067278.363
a 9 56 0 1 40670393261110.375
a 9 57 0 1 60386363323045.766
a 9 58 0 1 133746883841327.89
a 9 59 0 1 130869892914816.53
a 9 60 0 1 89563751694150.4
a 9 61 0 1 16322303666689.86
a 9 62 0 1 28481597798872.055
a 9 63 0 1 97053578310547.27
a 9 64 0 1 75314933568327.58
a 9 65 0 1 10802969890707.543
a 9 66 0 1 56511716821355.86
a 9 67 0 1 103510244126274.92
a 9 68 0 1 117208246422604.48
a 9 69 0 1 55984492490428.35
a 9 70 0 1 138626106398881.12
a 9 71 0 1 51134248620133.34
a 9 72 0 1 57022369520176.73
a 9 73 0 1 62919384624558.52
a 9 74 0 1 54148783954849.54
a 9 75 0 1 19263017011220.062
a 9 76 0 1 71460703614349.23
a 9 77 0 1 129092847894477.75
a 9 78 0 1 102844087536003.23
a 9 79 0 1 106824579169456.23
a 9 80 0 1 94185750992121.42
a 10 12 0 1 104437440622494.62
a 10 13 0 1 41983066661609.555
a 10 14 0 1 134026064383650.9
a 10 15 0 1 124015050912844.33
a 10 16 0 1 138474239725499.7
a 10 17 0 1 17048560408941.156
a 10 18 0 1 49105558304770.75
a 10 19 0 1 145360300090883.4
a 10 20 0 1 60345865358378.27
a 10 21 0 1 127931754365281.44
a 10 22 0 1 82128419512996.94
a 10 23 0 1 124879866128264.94
a 10 24 0 1 95800106804590.12
a 10 25 0 1 136488122132233.14
a 10 26 0 1 126138849734917.56
a 10 27 0 1 52365935178785.9
a 10 28 0 1 89999574913632.34
a 10 29 0 1 125314448802104.89
a 10 30 0 1 9111664861708.268
a 10 31 0 1 131488977143648.95
a 10 32 0 1 49907313888942.336
a 10 33 0 1 135621121014533.1
a 10 34 0 1 80906627849005.78
a 10 35 0 1 21357383702690.277
a 10 36 0 1 71369475259281.45
a 10 37 0 1 109238110024392.44
a 10 38 0 1 34604600267851.387
a 10 39 0 1 19876660986972.117
a 10 40 0 1 98841454107979.17
a 10 41 0 1 11536151885025.076
a 10 42 0 1 23466021793499.336
a 10 43 0 1 148278119677051.28
a 10 44 0 1 97825106589160.83
a 10 45 0 1 147308879443162.88
a 10 46 0 1 141211171519001.7
a 10 47 0 1 12791003815575.775
a 10 48 0 1 84156368971861.22
a 10 49 0 1 3623722590645.1504
a 10 50 0 1 66627461119807.914
a 10 51 0 1 131565889095936.38
a 10 52 0 1 46864692878318.71
a 10 53 0 1 56283257107667.016
a 10 54 0 1 129547698684739.67
a 10 55 0 1 24546099369426.254
a 10 56 0 1 45417623232055.695
a 10 57 0 1 67452864278362.2
a 10 58 0 1 149547259414903.25
a 10 59 0 1 146324630437780.88
a 10 60 0 1 100084182608133.72
a 10 61 0 1 18221554107020.812
a 10 62 0 1 31800883336499.92
a 10 63 0 1 108464826683894.08
a 10 64 0 1 84145390703185.33
a 10 65 0 1 12059103060316.494
a 10 66 0 1 63121497523031.91
a 10 67 0 1 115690809948108.48
a 10 68 0 1 131025186598700.02
a 10 69 0 1 62532162326738.24
a 10 70 0 1 155013252279689.53
a 10 71 0 1 57110919644836.12
a 10 72 0 1 63692316864065.57
a 10 73 0 1 70284709376530.21
a 10 74 0 1 60480259707911.94
a 10 75 0 1 21505294601883.496
a 10 76 0 1 79835096411863.98
a 10 77 0 1 144334221572669.78
a 10 78 0 1 114945220976396.02
a 10 79 0 1 119400548427867.25
a 10 80 0 1 105255705498292.12
a 11 12 0 1 390461833918554.56
a 11 13 0 1 153888205025061.78
a 11 14 0 1 505958001009351.0
a 11 15 0 1 466624673958473.7
a 11 16 0 1 523520547269553.2
a 11 17 0 1 62013967884852.85
a 11 18 0 1 180394435590686.75
a 11 19 0 1 550813598115682.9
a 11 20 0 1 222467492802718.34
a 11 21 0 1 481981816352730.94
a 11 22 0 1 304862802872883.4
a 11 23 0 1 470012080728333.25
a 11 24 0 1 357172469878421.0
a 11 25 0 1 515672287407839.0
a 11 26 0 1 474946931403231.2
a 11 27 0 1 192567478158131.16
a 11 28 0 1 334922006311840.5
a 11 29 0 1 471715046791210.8
a 11 30 0 1 33063689753344.574
a 11 31 0 1 495964615579231.56
a 11 32 0 1 183385579376208.97
a 11 33 0 1 512249600081868.25
a 11 34 0 1 300210628279219.0
a 11 35 0 1 77789546204139.42
a 11 36 0 1 264021982218031.34
a 11 37 0 1 409046299065891.2
a 11 38 0 1 126553456281003.55
a 11 39 0 1 72363585867259.7
a 11 40 0 1 368872662739274.4
a 11 41 0 1 41892296062473.2
a 11 42 0 1 85524959042327.78
a 11 43 0 1 562417255136462.3
a 11 44 0 1 364960134573046.25
a 11 45 0 1 558560181857870.2
a 11 46 0 1 534353085436823.44
a 11 47 0 1 46466873808541.414
a 11 48 0 1 312592679388279.7
a 11 49 0 1 13127648345356.113
a 11 50 0 1 246110715786586.5
a 11 51 0 1 496267313638192.3
a 11 52 0 1 172042329786610.56
a 11 53 0 1 207226441414881.7
a 11 54 0 1 488329640746266.4
a 11 55 0 1 89491044587445.5
a 11 56 0 1 166655080028305.84
a 11 57 0 1 249224480616693.88
a 11 58 0 1 567471654380977.9
a 11 59 0 1 554646004032348.44
a 11 60 0 1 373660215218294.25
a 11 61 0 1 66304439417882.77
a 11 62 0 1 116199450865357.77
a 11 63 0 1 406048757600338.4
a 11 64 0 1 312550806502815.5
a 11 65 0 1 43798295879628.03
a 11 66 0 1 232903008580141.28
a 11 67 0 1 434119495163199.44
a 11 68 0 1 494139634611659.9
a 11 69 0 1 230685751363617.84
a 11 70 0 1 589290696062000.6
a 11 71 0 1 210328273357029.2
a 11 72 0 1 235051396258514.78
a 11 73 0 1 259919871918346.72
a 11 74 0 1 222972350105762.8
a 11 75 0 1 78331821798633.23
a 11 76 0 1 296133616408726.44
a 11 77 0 1 546738571867013.5
a 11 78 0 1 431216866816448.56
a 11 79 0 1 448583235738399.25
a 11 80 0 1 393625353668655.7
a 12 1 0 1 0
a 13 1 0 1 0
a 14 1 0 1 0
a 15 1 0 1 0
a 16 1 0 1 0
a 17 1 0 1 0
a 18 1 0 1 0
a 19 1 0 1 0
a 20 1 0 1 0
a 21 1 0 1 0
a 22 1 0 1 0
a 23 1 0 1 0
a 24 1 0 1 0
a 25 1 0 1 0
a 26 1 0 1 0
a 27 1 0 1 0
a 28 1 0 1 0
a 29 1 0 1 0
a 30 1 0 1 0
a 31 1 0 1 0
a 32 1 0 1 0
a 33 1 0 1 0
a 34 1 0 1 0
a 35 1 0 1 0
a 36 1 0 1 0
a 37 1 0 1 0
a 38 1 0 1 0
a 39 1 0 1 0
a 40 1 0 1 0
a 41 1 0 1 0
a 42 1 0 1 0
a 43 1 0 1 0
a 44 1 0 1 0
a 45 1 0 1 0
a 46 1 0 1 0
a 47 1 0 1 0
a 48 1 0 1 0
a 49 1 0 1 0
a 50 1 0 1 0
a 51 1 0 1 0
a 52 1 0 1 0
a 53 1 0 1 0
a 54 1 0 1 0
a 55 1 0 1 0
a 56 1 0 1 0
a 57 1 0 1 0
a 58 1 0 1 0
a 59 1 0 1 0
a 60 1 0 1 0
a 61 1 0 1 0
a 62 1 0 1 0
a 63 1 0 1 0
a 64 1 0 1 0
a 65 1 0 1 0
a 66 1 0 1 0
a 67 1 0 1 0
a 68 1 0 1 0
a 69 1 0 1 0
a 70 1 0 1 0
a 71 1 0 1 0
a 72 1 0 1 0
a 73 1 0 1 0
a 74 1 0 1 0
a 75 1 0 1 0
a 76 1 0 1 0
a 77 1 0 1 0
a 78 1 0 1 0
a 79 1 0 1 0
a 80 1 0 1 0
