p min 81 937
n 0 13
n 1 -13
a 0 2 0 1 0
a 0 3 0 1 0
a 0 4 0 1 0
a 0 5 0 1 0
a 0 6 0 1 0
a 0 7 0 1 0
a 0 8 0 1 0
a 0 9 0 1 0
a 0 10 0 1 0
a 0 11 0 1 0
a 0 12 0 1 0
a 0 13 0 1 0
a 0 14 0 1 0
a 2 15 0 1 450779966145916.56
a 2 16 0 1 39970177399852.02
a 2 17 0 1 377834373553373.0
a 2 18 0 1 454951015223140.56
a 2 19 0 1 4606016424277.293
a 2 20 0 1 124699763601306.56
a 2 21 0 1 422783716294085.3
a 2 22 0 1 312116087580875.0
a 2 23 0 1 439872590409380.06
a 2 24 0 1 295516925232677.9
a 2 25 0 1 234278590218026.34
a 2 26 0 1 235644834165979.9
a 2 27 0 1 244331255152152.3
a 2 28 0 1 42781134531611.65
a 2 29 0 1 373351932345640.8
a 2 30 0 1 238984681012395.22
a 2 31 0 1 216889347297982.9
a 2 32 0 1 182715093535833.3
a 2 33 0 1 452278139727351.2
a 2 34 0 1 9366656426032.316
a 2 35 0 1 421102379229796.94
a 2 36 0 1 154479595200935.6
a 2 37 0 1 71858579480766.48
a 2 38 0 1 394521303064007.7
a 2 39 0 1 248155211505421.56
a 2 40 0 1 213635031012717.84
a 2 41 0 1 139034991742195.23
a 2 42 0 1 25083273412049.664
a 2 43 0 1 50489999324260.195
a 2 44 0 1 390319754019042.7
a 2 45 0 1 408017651917709.7
a 2 46 0 1 239450478647072.38
a 2 47 0 1 8280421366500.926
a 2 48 0 1 317090931204594.0
a 2 49 0 1 29367763360036.8
a 2 50 0 1 202239353452972.28
a 2 51 0 1 342064087100766.06
a 2 52 0 1 430491947736911.44
a 2 53 0 1 9520412961344.084
a 2 54 0 1 129016906515320.92
a 2 55 0 1 322486228971551.0
a 2 56 0 1 244639416411553.44
a 2 57 0 1 128750251191276.7
a 2 58 0 1 36675013999923.06
a 2 59 0 1 331864751949314.5
a 2 60 0 1 19029155934881.805
a 2 61 0 1 416035863236926.56
a 2 62 0 1 175646846806316.56
a 2 63 0 1 320949201905409.25
a 2 64 0 1 59776665805555.375
a 2 65 0 1 35670245828132.9
a 2 66 0 1 372281647264831.1
a 2 67 0 1 158450484723869.78
a 2 68 0 1 166064455078598.16
a 2 69 0 1 318292394178418.1
a 2 70 0 1 234194823168461.97
a 2 71 0 1 20688329282321.297
a 2 72 0 1 36824901700609.88
a 2 73 0 1 134395793214547.17
a 2 74 0 1 273585882290924.72
a 2 75 0 1 227225913752921.56
a 2 76 0 1 254384849218640.38
a 2 77 0 1 411920560496987.1
a 2 78 0 1 152910006871305.0
a 2 79 0 1 281221425128835.3
a 2 80 0 1 309669400206916.1
a 3 15 0 1 754144323060140.4
a 3 16 0 1 64810866759274.38
a 3 17 0 1 628437288582545.5
a 3 18 0 1 761378799221157.6
a 3 19 0 1 7449718301949.097
a 3 20 0 1 203446581380737.66
a 3 21 0 1 705717554638220.4
a 3 22 0 1 516468157210511.6
a 3 23 0 1 735250086229574.5
a 3 24 0 1 488373848787867.5
a 3 25 0 1 385362271186657.4
a 3 26 0 1 387649738482992.94
a 3 27 0 1 402204559514731.44
a 3 28 0 1 69382785928895.12
a 3 29 0 1 620762128598412.6
a 3 30 0 1 393243602961198.94
a 3 31 0 1 356290158403804.0
a 3 32 0 1 299382244210364.25
a 3 33 0 1 756742243038553.1
a 3 34 0 1 15154655582647.129
a 3 35 0 1 702816476710334.6
a 3 36 0 1 252586641263073.12
a 3 37 0 1 116785536707730.39
a 3 38 0 1 657059632204561.5
a 3 39 0 1 408618160396987.8
a 3 40 0 1 350858115985179.75
a 3 41 0 1 227073972854917.0
a 3 42 0 1 40628680587781.76
a 3 43 0 1 81930501299548.25
a 3 44 0 1 649845487918768.9
a 3 45 0 1 680267089408359.5
a 3 46 0 1 394023991920960.25
a 3 47 0 1 13396160259393.604
a 3 48 0 1 524902666020125.44
a 3 49 0 1 47583075549006.195
a 3 50 0 1 331858088108839.4
a 3 51 0 1 567344989077555.5
a 3 52 0 1 719028238109893.0
a 3 53 0 1 15403592530015.441
a 3 54 0 1 210556799883651.0
a 3 55 0 1 534057632096418.25
a 3 56 0 1 402721270880597.8
a 3 57 0 1 210117493178054.72
a 3 58 0 1 59453762156889.97
a 3 59 0 1 549990404667390.94
a 3 60 0 1 30809182840175.426
a 3 61 0 1 694079333301265.0
a 3 62 0 1 287649021894526.75
a 3 63 0 1 531448733048932.8
a 3 64 0 1 97065011506275.23
a 3 65 0 1 57820768311758.96
a 3 66 0 1 618930343040536.2
a 3 67 0 1 259155661590932.75
a 3 68 0 1 271762420814637.7
a 3 69 0 1 526940672713567.9
a 3 70 0 1 385222037942758.1
a 3 71 0 1 33499438363518.586
a 3 72 0 1 59697386552998.805
a 3 73 0 1 219422088413211.5
a 3 74 0 1 451368659124634.1
a 3 75 0 1 373561861822229.75
a 3 76 0 1 419074810720797.0
a 3 77 0 1 686987973551059.5
a 3 78 0 1 249991163075176.28
a 3 79 0 1 464237872236808.25
a 3 80 0 1 512322427905586.0
a 4 15 0 1 361193409893875.2
a 4 16 0 1 32325042856948.086
a 4 17 0 1 303253564395591.75
a 4 18 0 1 364500364288420.75
a 4 19 0 1 3727917943275.5815
a 4 20 0 1 100659220004955.25
a 4 21 0 1 338979992085189.7
a 4 22 0 1 250883653133948.72
a 4 23 0 1 352542550635739.1
a 4 24 0 1 237630625859965.7
a 4 25 0 1 188648950735963.56
a 4 26 0 1 189743250865616.06
a 4 27 0 1 196699081063114.28
a 4 28 0 1 34596201554918.36
a 4 29 0 1 299686696155524.2
a 4 30 0 1 192418029861500.78
a 4 31 0 1 174714965782910.78
a 4 32 0 1 147298929130376.25
a 4 33 0 1 362381290317122.4
a 4 34 0 1 7580189381469.897
a 4 35 0 1 337645006755933.25
a 4 36 0 1 124615095409865.11
a 4 37 0 1 58073210718496.766
a 4 38 0 1 316525444697899.1
a 4 39 0 1 199760313722451.3
a 4 40 0 1 172106054234290.9
a 4 41 0 1 112194958692497.97
a 4 42 0 1 20292223084279.367
a 4 43 0 1 40823255449738.06
a 4 44 0 1 313184743288982.6
a 4 45 0 1 327252068452758.94
a 4 46 0 1 192791040084393.94
a 4 47 0 1 6701287697830.996
a 4 48 0 1 254853655056146.7
a 4 49 0 1 23756110429701.56
a 4 50 0 1 162967343991516.12
a 4 51 0 1 274768722158234.6
a 4 52 0 1 345098981368887.8
a 4 53 0 1 7704594494442.428
a 4 54 0 1 104134061688531.62
a 4 55 0 1 259158147211595.84
a 4 56 0 1 196945796606065.1
a 4 57 0 1 103919451993668.36
a 4 58 0 1 29662302463710.176
a 4 59 0 1 266637973199598.4
a 4 60 0 1 15396527198230.496
a 4 61 0 1 333621538287896.44
a 4 62 0 1 141623163085498.1
a 4 63 0 1 257931981941579.62
a 4 64 0 1 48322000132940.4
a 4 65 0 1 28850296915416.332
a 4 66 0 1 298834913811677.75
a 4 67 0 1 127806979922655.19
a 4 68 0 1 133925647312285.94
a 4 69 0 1 255812303305692.1
a 4 70 0 1 188581854856679.16
a 4 71 0 1 16738356877405.172
a 4 72 0 1 29783431440433.83
a 4 73 0 1 108462551123757.14
a 4 74 0 1 220104906691945.4
a 4 75 0 1 182998983750897.94
a 4 76 0 1 204746240415751.38
a 4 77 0 1 330352745069071.3
a 4 78 0 1 123353269444468.92
a 4 79 0 1 226208702734829.53
a 4 80 0 1 248930821991622.22
a 5 15 0 1 669968479857500.5
a 5 16 0 1 58077201124152.94
a 5 17 0 1 559207590764544.3
a 5 18 0 1 676331153754845.2
a 5 19 0 1 6680287108027.649
a 5 20 0 1 182003573009469.03
a 5 21 0 1 627344666870036.9
a 5 22 0 1 460233513787416.44
a 5 23 0 1 653345107641107.1
a 5 24 0 1 435353563909300.1
a 5 25 0 1 343971410425167.2
a 5 26 0 1 346003284398280.0
a 5 27 0 1 358928998632508.25
a 5 28 0 1 62170703044271.15
a 5 29 0 1 552432685439572.75
a 5 30 0 1 350971606715529.56
a 5 31 0 1 318137311499371.5
a 5 32 0 1 267512209594870.34
a 5 33 0 1 672253480251059.0
a 5 34 0 1 13588187431753.049
a 5 35 0 1 624789418395635.8
a 5 36 0 1 225828361561175.9
a 5 37 0 1 104586453394438.75
a 5 38 0 1 584460280992121.1
a 5 39 0 1 364623191204830.75
a 5 40 0 1 313308149702939.0
a 5 41 0 1 203081984321322.66
a 5 42 0 1 36418012028845.66
a 5 43 0 1 73403074353826.03
a 5 44 0 1 578097291644772.0
a 5 45 0 1 604921153405592.8
a 5 46 0 1 351664670633432.1
a 5 47 0 1 12011711260530.518
a 5 48 0 1 467699404941854.1
a 5 49 0 1 42648123516220.195
a 5 50 0 1 296411592389440.25
a 5 51 0 1 505242317716179.0
a 5 52 0 1 639066009920861.2
a 5 53 0 1 13811351958662.422
a 5 54 0 1 188348024866128.75
a 5 55 0 1 475801130115143.8
a 5 56 0 1 359387785840921.75
a 5 57 0 1 187956063682440.47
a 5 58 0 1 53280104082143.56
a 5 59 0 1 489896212332452.2
a 5 60 0 1 27619423462223.96
a 5 61 0 1 617092577163817.9
a 5 62 0 1 257065287002215.34
a 5 63 0 1 473492574290840.44
a 5 64 0 1 86946541476965.23
a 5 65 0 1 51817693065586.46
a 5 66 0 1 550815550882110.7
a 5 67 0 1 231682766977108.3
a 5 68 0 1 242915391242857.56
a 5 69 0 1 469503117397703.6
a 5 70 0 1 343846842446927.2
a 5 71 0 1 30030185370962.86
a 5 72 0 1 53498274506027.74
a 5 73 0 1 196256958534618.44
a 5 74 0 1 402554237929764.9
a 5 75 0 1 333487637981185.6
a 5 76 0 1 373904903488670.8
a 5 77 0 1 610844207128811.6
a 5 78 0 1 223514968655623.03
a 5 79 0 1 413964388351689.25
a 5 80 0 1 456563269315261.44
a 6 15 0 1 583593915328597.4
a 6 16 0 1 51041791878497.17
a 6 17 0 1 487923478743632.2
a 6 18 0 1 589079584796719.9
a 6 19 0 1 5875247327669.327
a 6 20 0 1 159676927812947.66
a 6 21 0 1 546816696481888.25
a 6 22 0 1 402155150543385.1
a 6 23 0 1 569256617323792.2
a 6 24 0 1 380553993296277.8
a 6 25 0 1 301075462303814.56
a 6 26 0 1 302845022437619.0
a 6 27 0 1 314099529295539.44
a 6 28 0 1 54636286007229.64
a 6 29 0 1 482060859185499.25
a 6 30 0 1 307171486664150.75
a 6 31 0 1 278567227414002.84
a 6 32 0 1 234409761768134.12
a 6 33 0 1 585564088271407.9
a 6 34 0 1 11949532201758.926
a 6 35 0 1 544610373665196.44
a 6 36 0 1 198002079659277.78
a 6 37 0 1 91857079668041.23
a 6 38 0 1 509764859835128.94
a 6 39 0 1 319056126174472.5
a 6 40 0 1 274357858295128.06
a 6 41 0 1 178116235998998.78
a 6 42 0 1 32016045868498.535
a 6 43 0 1 64497280960437.31
a 6 44 0 1 504263044742746.2
a 6 45 0 1 527449130137599.44
a 6 46 0 1 307774962751331.25
a 6 47 0 1 10563401028323.87
a 6 48 0 1 408633968019543.8
a 6 49 0 1 37489847851265.86
a 6 50 0 1 259625145511271.44
a 6 51 0 1 441190919007385.4
a 6 52 0 1 556935187217989.5
a 6 53 0 1 12145746755631.889
a 6 54 0 1 165228206875564.22
a 6 55 0 1 415662888115870.5
a 6 56 0 1 314498918803509.75
a 6 57 0 1 164885277413579.28
a 6 58 0 1 46828947190946.35
a 6 59 0 1 427887401372154.0
a 6 60 0 1 24283946574167.9
a 6 61 0 1 537963485014055.44
a 6 62 0 1 225289322645814.1
a 6 63 0 1 413660200929302.75
a 6 64 0 1 76383061369376.73
a 6 65 0 1 45544534753119.24
a 6 66 0 1 480661300472011.4
a 6 67 0 1 203118126632663.25
a 6 68 0 1 212931653354325.78
a 6 69 0 1 410198988750018.56
a 6 70 0 1 300966972507783.25
a 6 71 0 1 26402685477446.38
a 6 72 0 1 47020558306592.914
a 6 73 0 1 172146958243745.84
a 6 74 0 1 352052254090242.4
a 6 75 0 1 291943441929386.25
a 6 76 0 1 327133728676630.7
a 6 77 0 1 532566295497884.6
a 6 78 0 1 195980212507899.8
a 6 79 0 1 361970568652430.6
a 6 80 0 1 398969613474007.25
a 7 15 0 1 721920985809154.9
a 7 16 0 1 62247329080122.7
a 7 17 0 1 601963641292829.0
a 7 18 0 1 728819709156998.9
a 7 19 0 1 7156916843641.987
a 7 20 0 1 195274564484057.38
a 7 21 0 1 675728024503421.2
a 7 22 0 1 494983735814405.7
a 7 23 0 1 703901121070234.6
a 7 24 0 1 468122106056245.44
a 7 25 0 1 369565614243753.8
a 7 26 0 1 371755246049480.94
a 7 27 0 1 385686397388292.5
a 7 28 0 1 66637018924772.31
a 7 29 0 1 594634415016294.1
a 7 30 0 1 377109651783339.8
a 7 31 0 1 341732634115599.8
a 7 32 0 1 287227418313281.8
a 7 33 0 1 724398397412414.9
a 7 34 0 1 14558513608004.95
a 7 35 0 1 672960013245978.9
a 7 36 0 1 242385089754132.2
a 7 37 0 1 112139479160051.8
a 7 38 0 1 629290763007934.1
a 7 39 0 1 391824541785042.1
a 7 40 0 1 336531240847851.6
a 7 41 0 1 217928868290155.28
a 7 42 0 1 39025947942550.06
a 7 43 0 1 78683655149333.92
a 7 44 0 1 622403842677315.4
a 7 45 0 1 651442034715841.5
a 7 46 0 1 377856610855537.56
a 7 47 0 1 12869295129051.795
a 7 48 0 1 503046677851262.5
a 7 49 0 1 45704557416171.39
a 7 50 0 1 318335800731339.5
a 7 51 0 1 543608778909057.2
a 7 52 0 1 688427085034347.2
a 7 53 0 1 14797641376527.752
a 7 54 0 1 202092484320877.78
a 7 55 0 1 511797557264422.0
a 7 56 0 1 386180931035657.5
a 7 57 0 1 201671250667556.5
a 7 58 0 1 57103515797565.766
a 7 59 0 1 527025136466082.2
a 7 60 0 1 29595133517675.27
a 7 61 0 1 664623113236772.0
a 7 62 0 1 275985843208521.8
a 7 63 0 1 509303894127732.5
a 7 64 0 1 93211933358929.06
a 7 65 0 1 55535488828778.49
a 7 66 0 1 592885105174570.4
a 7 67 0 1 248681130953073.75
a 7 68 0 1 260762899854667.34
a 7 69 0 1 504994800383626.9
a 7 70 0 1 369431377202688.9
a 7 71 0 1 32178985096021.87
a 7 72 0 1 57337445852291.3
a 7 73 0 1 210592680533519.53
a 7 74 0 1 432728979301208.6
a 7 75 0 1 358269128167806.6
a 7 76 0 1 401831255878669.6
a 7 77 0 1 657856040090985.0
a 7 78 0 1 239897359015502.88
a 7 79 0 1 445039058237118.94
a 7 80 0 1 491020386273503.75
a 8 15 0 1 651506492681668.4
a 8 16 0 1 56584211993104.58
a 8 17 0 1 543991925903420.8
a 8 18 0 1 657680229340664.0
a 8 19 0 1 6509545577053.112
a 8 20 0 1 177259043547083.9
a 8 21 0 1 610141474553343.1
a 8 22 0 1 447851468498054.3
a 8 23 0 1 635375479618244.5
a 8 24 0 1 423674016295856.1
a 8 25 0 1 334838772563446.1
a 8 26 0 1 336814580744492.9
a 8 27 0 1 349383036031408.6
a 8 28 0 1 60571746743365.25
a 8 29 0 1 537412991684384.1
a 8 30 0 1 341645703942425.75
a 8 31 0 1 309715298151087.44
a 8 32 0 1 260470886311283.6
a 8 33 0 1 653723671743155.1
a 8 34 0 1 13240617451107.977
a 8 35 0 1 607661309111663.8
a 8 36 0 1 219912179783954.66
a 8 37 0 1 101883748465057.69
a 8 38 0 1 568511535139274.9
a 8 39 0 1 354919516206806.25
a 8 40 0 1 305018517761602.4
a 8 41 0 1 197775361383668.9
a 8 42 0 1 35484090828408.9
a 8 43 0 1 71512849012308.6
a 8 44 0 1 562333652440314.1
a 8 45 0 1 588375389562890.1
a 8 46 0 1 342319616921067.44
a 8 47 0 1 11704520059874.943
a 8 48 0 1 455105792571764.75
a 8 49 0 1 41553668596882.33
a 8 50 0 1 288584019145424.6
a 8 51 0 1 491579448349619.1
a 8 52 0 1 621517849455768.5
a 8 53 0 1 13458064840749.262
a 8 54 0 1 183434588520014.53
a 8 55 0 1 462977532349143.2
a 8 56 0 1 349829123628425.0
a 8 57 0 1 183053069391090.75
a 8 58 0 1 51911172106398.82
a 8 59 0 1 476671499681434.4
a 8 60 0 1 26911837098177.52
a 8 61 0 1 600190371760798.1
a 8 62 0 1 250306937302780.44
a 8 63 0 1 460734552463114.56
a 8 64 0 1 84704140419476.47
a 8 65 0 1 50486553784736.03
a 8 66 0 1 535842590535973.06
a 8 67 0 1 225609195097264.47
a 8 68 0 1 236539262297914.38
a 8 69 0 1 456858338724760.2
a 8 70 0 1 334717640977683.5
a 8 71 0 1 29260629010264.01
a 8 72 0 1 52123703347880.695
a 8 73 0 1 191132627871461.12
a 8 74 0 1 391794838803075.9
a 8 75 0 1 324643875377606.94
a 8 76 0 1 363943720998419.7
a 8 77 0 1 594125107093345.9
a 8 78 0 1 217660923349197.9
a 8 79 0 1 402885656047506.7
a 8 80 0 1 444285101255300.06
a 9 15 0 1 421738133165499.44
a 9 16 0 1 37507591635739.88
a 9 17 0 1 353685298087478.2
a 9 18 0 1 425627089469846.8
a 9 19 0 1 4323320172197.377
a 9 20 0 1 116946113849277.19
a 9 21 0 1 395628776590155.3
a 9 22 0 1 292309798728202.0
a 9 23 0 1 411567242653796.06
a 9 24 0 1 276797863310052.16
a 9 25 0 1 219537137292422.72
a 9 26 0 1 220815210547719.94
a 9 27 0 1 228940445168757.47
a 9 28 0 1 40144562400406.94
a 9 29 0 1 349501018897848.25
a 9 30 0 1 223939410763955.62
a 9 31 0 1 203267846849724.1
a 9 32 0 1 171282392936482.6
a 9 33 0 1 423135012640848.56
a 9 34 0 1 8791477943968.253
a 9 35 0 1 394060397691349.6
a 9 36 0 1 144843202919396.88
a 9 37 0 1 67416025165023.664
a 9 38 0 1 369259721678420.75
a 9 39 0 1 232517021743645.4
a 9 40 0 1 200222658801869.12
a 9 41 0 1 130376548805272.14
a 9 42 0 1 23540364761919.95
a 9 43 0 1 47375738586878.664
a 9 44 0 1 365338662874563.1
a 9 45 0 1 381853355851289.5
a 9 46 0 1 224375120532521.94
a 9 47 0 1 7772005043561.423
a 9 48 0 1 296958038553226.75
a 9 49 0 1 27560472292144.71
a 9 50 0 1 189558133285875.7
a 9 51 0 1 320286388653725.75
a 9 52 0 1 402818619298687.4
a 9 53 0 1 8935783031711.172
a 9 54 0 1 120991067064637.97
a 9 55 0 1 301998733923093.9
a 9 56 0 1 229228678374734.4
a 9 57 0 1 120741231324837.4
a 9 58 0 1 34416250461595.734
a 9 59 0 1 310759879335623.06
a 9 60 0 1 17859410863986.08
a 9 61 0 1 389334021571755.06
a 9 62 0 1 164664846139244.75
a 9 63 0 1 300562768877023.0
a 9 64 0 1 56085889028372.06
a 9 65 0 1 33473603333724.824
a 9 66 0 1 348501884324204.4
a 9 67 0 1 148562129617731.12
a 9 68 0 1 155692370727812.94
a 9 69 0 1 298080571780990.44
a 9 70 0 1 219458775313780.56
a 9 71 0 1 19416364668113.53
a 9 72 0 1 34556870012672.094
a 9 73 0 1 126030467753064.58
a 9 74 0 1 256297336919425.56
a 9 75 0 1 212939193550482.75
a 9 76 0 1 238343214564212.44
a 9 77 0 1 385494726803238.25
a 9 78 0 1 143373149393199.1
a 9 79 0 1 263435595166017.5
a 9 80 0 1 290023610800817.75
a 10 15 0 1 240719325807522.84
a 10 16 0 1 21814205114513.457
a 10 17 0 1 202556031690171.78
a 10 18 0 1 242892274049829.6
a 10 19 0 1 2518437378877.0327
a 10 20 0 1 67754621966116.26
a 10 21 0 1 226108537247728.6
a 10 22 0 1 167912261376673.56
a 10 23 0 1 235032298031277.56
a 10 24 0 1 159122714231551.0
a 10 25 0 1 126559271239207.95
a 10 26 0 1 127288115082486.58
a 10 27 0 1 131919517750965.42
a 10 28 0 1 23344885988845.973
a 10 29 0 1 200200965110467.47
a 10 30 0 1 129069357368529.84
a 10 31 0 1 117273367958067.88
a 10 32 0 1 98973750463320.95
a 10 33 0 1 241499928837183.4
a 10 34 0 1 5120146211002.786
a 10 35 0 1 225229641360875.53
a 10 36 0 1 83803764410343.47
a 10 37 0 1 39152259823349.164
a 10 38 0 1 211313172648774.9
a 10 39 0 1 133956993638829.48
a 10 40 0 1 115533629609052.58
a 10 41 0 1 75486591082843.92
a 10 42 0 1 13700156201177.363
a 10 43 0 1 27540361721241.086
a 10 44 0 1 209109746080040.34
a 10 45 0 1 218384230388621.6
a 10 46 0 1 129317730672438.8
a 10 47 0 1 4526628284714.3125
a 10 48 0 1 170543449648398.9
a 10 49 0 1 16036697547364.588
a 10 50 0 1 109436785623221.23
a 10 51 0 1 183730262220056.5
a 10 52 0 1 230135830567124.0
a 10 53 0 1 5204153212737.176
a 10 54 0 1 70084389529616.03
a 10 55 0 1 173395410518514.6
a 10 56 0 1 132083742916708.98
a 10 57 0 1 69940518554943.664
a 10 58 0 1 20019279661372.45
a 10 59 0 1 178348933871776.25
a 10 60 0 1 10396764052756.77
a 10 61 0 1 222580207667065.7
a 10 62 0 1 95180501134987.52
a 10 63 0 1 172583106297165.28
a 10 64 0 1 32590033289940.26
a 10 65 0 1 19471843852274.77
a 10 66 0 1 199638468636837.0
a 10 67 0 1 85939947809682.81
a 10 68 0 1 90033442039844.95
a 10 69 0 1 171178688968278.56
a 10 70 0 1 126514580938184.72
a 10 71 0 1 11302289964017.004
a 10 72 0 1 20100939224404.66
a 10 73 0 1 72985640652884.12
a 10 74 0 1 147485609802604.7
a 10 75 0 1 122795211274428.02
a 10 76 0 1 137274466864604.77
a 10 77 0 1 220427106756172.9
a 10 78 0 1 82959138370420.81
a 10 79 0 1 151540330358942.22
a 10 80 0 1 166617690754902.6
a 11 15 0 1 284188656986027.7
a 11 16 0 1 25637435720244.484
a 11 17 0 1 238942439455938.3
a 11 18 0 1 286767119331168.44
a 11 19 0 1 2958675740637.0845
a 11 20 0 1 79703776290162.08
a 11 21 0 1 266857454767907.22
a 11 22 0 1 197932490853871.78
a 11 23 0 1 277441458814548.2
a 11 24 0 1 187537301232471.22
a 11 25 0 1 149058652069718.2
a 11 26 0 1 149919319211989.56
a 11 27 0 1 155388997363763.47
a 11 28 0 1 27437237341237.15
a 11 29 0 1 236152695798362.03
a 11 30 0 1 152022838188274.8
a 11 31 0 1 138095526086167.45
a 11 32 0 1 116502989681028.75
a 11 33 0 1 285114907906150.06
a 11 34 0 1 6015494379179.608
a 11 35 0 1 265815261260728.9
a 11 36 0 1 98615625262814.05
a 11 37 0 1 46030361077318.65
a 11 38 0 1 249318347026288.34
a 11 39 0 1 157795587235192.88
a 11 40 0 1 136042026271817.27
a 11 41 0 1 88813350722918.52
a 11 42 0 1 16098654492823.137
a 11 43 0 1 32370923925672.805
a 11 44 0 1 246707250551173.28
a 11 45 0 1 257699322738523.78
a 11 46 0 1 152316161591114.38
a 11 47 0 1 5318125781292.514
a 11 48 0 1 201045083017719.8
a 11 49 0 1 18845144481792.316
a 11 50 0 1 128846787798852.3
a 11 51 0 1 216649768807229.3
a 11 52 0 1 271633514944019.06
a 11 53 0 1 6114201835237.691
a 11 54 0 1 82448334536407.47
a 11 55 0 1 204419230307641.1
a 11 56 0 1 155582966373496.8
a 11 57 0 1 82278841248744.08
a 11 58 0 1 23527072687252.758
a 11 59 0 1 210280695483033.06
a 11 60 0 1 12216120868502.559
a 11 61 0 1 262673803550012.1
a 11 62 0 1 112029211096480.42
a 11 63 0 1 203458154029431.72
a 11 64 0 1 38310218490780.51
a 11 65 0 1 22883461806911.742
a 11 66 0 1 235486420069979.6
a 11 67 0 1 101133783537531.03
a 11 68 0 1 105959862170238.05
a 11 69 0 1 201796597845160.38
a 11 70 0 1 149005879648703.06
a 11 71 0 1 13280349544904.176
a 11 72 0 1 23623079654918.61
a 11 73 0 1 85866489618198.75
a 11 74 0 1 173780275576636.0
a 11 75 0 1 144614216117701.62
a 11 76 0 1 161714499657919.1
a 11 77 0 1 260121114193044.47
a 11 78 0 1 97620031175635.75
a 11 79 0 1 178572878936624.88
a 11 80 0 1 196401191364707.2
a 12 15 0 1 350962846200906.7
a 12 16 0 1 31442778375320.03
a 12 17 0 1 294720271943065.8
a 12 18 0 1 354172263118499.44
a 12 19 0 1 3626495462733.538
a 12 20 0 1 97890721099731.55
a 12 21 0 1 329402740464254.3
a 12 22 0 1 243865666565601.3
a 12 23 0 1 342566800391752.6
a 12 24 0 1 230993305875177.38
a 12 25 0 1 183408779297870.6
a 12 26 0 1 184472032613648.22
a 12 27 0 1 191230338442531.38
a 12 28 0 1 33651708655803.965
a 12 29 0 1 291257173865531.0
a 12 30 0 1 187070892413050.88
a 12 31 0 1 169869456952231.25
a 12 32 0 1 143226361984012.94
a 12 33 0 1 352115698796894.94
a 12 34 0 1 7373872221752.401
a 12 35 0 1 328106914759901.8
a 12 36 0 1 121178479382925.03
a 12 37 0 1 56483603608064.02
a 12 38 0 1 307605308615540.9
a 12 39 0 1 194204543976818.75
a 12 40 0 1 167334302887892.5
a 12 41 0 1 109105181128576.72
a 12 42 0 1 19739123254629.81
a 12 43 0 1 39707982478780.26
a 12 44 0 1 304362088792630.56
a 12 45 0 1 318018437173820.0
a 12 46 0 1 187433311745136.62
a 12 47 0 1 6518910391256.287
a 12 48 0 1 247721418376438.9
a 12 49 0 1 23108344891518.348
a 12 50 0 1 158453617135686.47
a 12 51 0 1 267061829588657.38
a 12 52 0 1 335342089553847.2
a 12 53 0 1 7494888360907.064
a 12 54 0 1 101268873228735.84
a 12 55 0 1 251901919677959.22
a 12 56 0 1 191470042370256.06
a 12 57 0 1 101060237356702.98
a 12 58 0 1 28852955212657.496
a 12 59 0 1 259166005260797.0
a 12 60 0 1 14977098250038.879
a 12 61 0 1 324201397550330.6
a 12 62 0 1 137710021473465.23
a 12 63 0 1 250711086244144.53
a 12 64 0 1 47000754015498.336
a 12 65 0 1 28063177201761.17
a 12 66 0 1 290430160012585.3
a 12 67 0 1 124281073098071.9
a 12 68 0 1 130228396487931.12
a 12 69 0 1 248652463102336.9
a 12 70 0 1 183343586774529.8
a 12 71 0 1 16282305519994.635
a 12 72 0 1 28970768103418.71
a 12 73 0 1 105476814608329.52
a 12 74 0 1 213969248257633.44
a 12 75 0 1 177918988840478.78
a 12 76 0 1 199048599184814.4
a 12 77 0 1 321028353605967.06
a 12 78 0 1 119951934550886.31
a 12 79 0 1 219898550506893.2
a 12 80 0 1 241968997476244.53
a 13 15 0 1 117677248716597.98
a 13 16 0 1 10801409772052.9
a 13 17 0 1 99243208713306.2
a 13 18 0 1 118724329596478.75
a 13 19 0 1 1248415077037.4229
a 13 20 0 1 33459453499727.027
a 13 21 0 1 110629683369859.94
a 13 22 0 1 82436682550055.78
a 13 23 0 1 114935549696073.67
a 13 24 0 1 78161683023593.64
a 13 25 0 1 62284967213729.27
a 13 26 0 1 62640991613964.57
a 13 27 0 1 64902617159440.836
a 13 28 0 1 11558305464460.402
a 13 29 0 1 98102895927469.03
a 13 30 0 1 63510961195612.92
a 13 31 0 1 57746329718400.42
a 13 32 0 1 48787568934035.75
a 13 33 0 1 118053429969969.14
a 13 34 0 1 2537725278447.569
a 13 35 0 1 110205353484078.7
a 13 36 0 1 41346342606902.59
a 13 37 0 1 19366896056323.4
a 13 38 0 1 103480579526148.08
a 13 39 0 1 65897174872626.63
a 13 40 0 1 56895452250830.805
a 13 41 0 1 37260957562930.67
a 13 42 0 1 6786898225484.086
a 13 43 0 1 13632205572547.637
a 13 44 0 1 102414809372629.47
a 13 45 0 1 106898877109169.3
a 13 46 0 1 63632253728628.03
a 13 47 0 1 2243634155864.3994
a 13 48 0 1 83715557560185.75
a 13 49 0 1 7943315278532.416
a 13 50 0 1 53912211407151.84
a 13 51 0 1 90118938590786.0
a 13 52 0 1 112573487760261.92
a 13 53 0 1 2579349532962.882
a 13 54 0 1 34605270414109.426
a 13 55 0 1 85101288177637.7
a 13 56 0 1 64982789610483.414
a 13 57 0 1 34534521419123.51
a 13 58 0 1 9913677836565.064
a 13 59 0 1 87507028660246.36
a 13 60 0 1 5151424561135.237
a 13 61 0 1 108925941314104.02
a 13 62 0 1 46928134720853.55
a 13 63 0 1 84706647792274.14
a 13 64 0 1 16127006729373.768
a 13 65 0 1 9642890831046.646
a 13 66 0 1 97830490443156.25
a 13 67 0 1 42394990684613.48
a 13 68 0 1 44403744927137.1
a 13 69 0 1 84024252564256.58
a 13 70 0 1 62263135977076.32
a 13 71 0 1 5599803119408.923
a 13 72 0 1 9954068945139.35
a 13 73 0 1 36031715379273.37
a 13 74 0 1 72494871254856.1
a 13 75 0 1 60445819108848.07
a 13 76 0 1 67516029558451.02
a 13 77 0 1 107885911091187.4
a 13 78 0 1 40931644964521.83
a 13 79 0 1 74470244851537.1
a 13 80 0 1 81807317248223.16
a 14 15 0 1 216636650664926.06
a 14 16 0 1 19681008943056.23
a 14 17 0 1 182371919632326.56
a 14 18 0 1 218586695116485.47
a 14 19 0 1 2272654460948.5874
a 14 20 0 1 61097215865446.805
a 14 21 0 1 203522058812170.78
a 14 22 0 1 151240628980254.28
a 14 23 0 1 211532531860476.7
a 14 24 0 1 143338242785391.38
a 14 25 0 1 114047509711088.7
a 14 26 0 1 114703344128494.17
a 14 27 0 1 118870554256219.12
a 14 28 0 1 21061642342530.16
a 14 29 0 1 180256428061380.4
a 14 30 0 1 116306110188982.45
a 14 31 0 1 105690825373717.83
a 14 32 0 1 89217182054312.1
a 14 33 0 1 217337189963375.3
a 14 34 0 1 4620318529894.092
a 14 35 0 1 202733020995491.53
a 14 36 0 1 75555646080149.47
a 14 37 0 1 35316680001827.25
a 14 38 0 1 190237194259345.75
a 14 39 0 1 120703678519827.19
a 14 40 0 1 104124979836674.23
a 14 41 0 1 68063491230045.766
a 14 42 0 1 12361556648672.215
a 14 43 0 1 24845605137877.58
a 14 44 0 1 188258326585832.72
a 14 45 0 1 196586924419657.34
a 14 46 0 1 116529591847800.33
a 14 47 0 1 4084766959086.608
a 14 48 0 1 153605927768964.38
a 14 49 0 1 14469421290254.621
a 14 50 0 1 98637041661953.88
a 14 51 0 1 165457989832044.2
a 14 52 0 1 207137393933112.4
a 14 53 0 1 4696120349844.782
a 14 54 0 1 63196396767841.62
a 14 55 0 1 156169525832689.9
a 14 56 0 1 119018311414592.89
a 14 57 0 1 63066768523273.81
a 14 58 0 1 18061973214501.84
a 14 59 0 1 160621791892809.4
a 14 60 0 1 9381277316643.404
a 14 61 0 1 200354365897410.78
a 14 62 0 1 85801565119418.2
a 14 63 0 1 155439371325412.8
a 14 64 0 1 29399504344154.523
a 14 65 0 1 17568169111193.883
a 14 66 0 1 179751135678000.2
a 14 67 0 1 77479701865018.56
a 14 68 0 1 81166440621273.73
a 14 69 0 1 154176952542752.0
a 14 70 0 1 114007295748569.8
a 14 71 0 1 10198253596069.059
a 14 72 0 1 18135632154052.473
a 14 73 0 1 65810343299273.3
a 14 74 0 1 132873232604040.9
a 14 75 0 1 110660326056495.8
a 14 76 0 1 123688236308792.58
a 14 77 0 1 198421207947939.47
a 14 78 0 1 74794867303785.5
a 14 79 0 1 136519880498791.17
a 14 80 0 1 150076825467351.1
a 15 1 0 1 0
a 16 1 0 1 0
a 17 1 0 1 0
a 18 1 0 1 0
a 19 1 0 1 0
a 20 1 0 1 0
a 21 1 0 1 0
a 22 1 0 1 0
a 23 1 0 1 0
a 24 1 0 1 0
a 25 1 0 1 0
a 26 1 0 1 0
a 27 1 0 1 0
a 28 1 0 1 0
a 29 1 0 1 0
a 30 1 0 1 0
a 31 1 0 1 0
a 32 1 0 1 0
a 33 1 0 1 0
a 34 1 0 1 0
a 35 1 0 1 0
a 36 1 0 1 0
a 37 1 0 1 0
a 38 1 0 1 0
a 39 1 0 1 0
a 40 1 0 1 0
a 41 1 0 1 0
a 42 1 0 1 0
a 43 1 0 1 0
a 44 1 0 1 0
a 45 1 0 1 0
a 46 1 0 1 0
a 47 1 0 1 0
a 48 1 0 1 0
a 49 1 0 1 0
a 50 1 0 1 0
a 51 1 0 1 0
a 52 1 0 1 0
a 53 1 0 1 0
a 54 1 0 1 0
a 55 1 0 1 0
a 56 1 0 1 0
a 57 1 0 1 0
a 58 1 0 1 0
a 59 1 0 1 0
a 60 1 0 1 0
a 61 1 0 1 0
a 62 1 0 1 0
a 63 1 0 1 0
a 64 1 0 1 0
a 65 1 0 1 0
a 66 1 0 1 0
a 67 1 0 1 0
a 68 1 0 1 0
a 69 1 0 1 0
a 70 1 0 1 0
a 71 1 0 1 0
a 72 1 0 1 0
a 73 1 0 1 0
a 74 1 0 1 0
a 75 1 0 1 0
a 76 1 0 1 0
a 77 1 0 1 0
a 78 1 0 1 0
a 79 1 0 1 0
a 80 1 0 1 0
