p min 82 951
n 0 13
n 1 -13
a 0 2 0 1 0
a 0 3 0 1 0
a 0 4 0 1 0
a 0 5 0 1 0
a 0 6 0 1 0
a 0 7 0 1 0
a 0 8 0 1 0
a 0 9 0 1 0
a 0 10 0 1 0
a 0 11 0 1 0
a 0 12 0 1 0
a 0 13 0 1 0
a 0 14 0 1 0
a 2 15 0 1 232289381842395.34
a 2 16 0 1 281209934513513.3
a 2 17 0 1 114015031563461.19
a 2 18 0 1 259433814843709.34
a 2 19 0 1 134656677233376.42
a 2 20 0 1 86340858858860.12
a 2 21 0 1 69154543224787.78
a 2 22 0 1 245292985892500.47
a 2 23 0 1 27884273834524.504
a 2 24 0 1 237542529438564.7
a 2 25 0 1 175179504980199.66
a 2 26 0 1 348298187513952.75
a 2 27 0 1 145633704358298.8
a 2 28 0 1 165185336864268.0
a 2 29 0 1 73321537126857.44
a 2 30 0 1 153337723297446.16
a 2 31 0 1 102876410506897.23
a 2 32 0 1 337747829457842.2
a 2 33 0 1 29835987180382.39
a 2 34 0 1 33365727226135.527
a 2 35 0 1 12111425212798.725
a 2 36 0 1 252851788325928.53
a 2 37 0 1 39739124426531.02
a 2 38 0 1 251395747030813.16
a 2 39 0 1 114518998805917.14
a 2 40 0 1 224728115943472.4
a 2 41 0 1 398202752754499.9
a 2 42 0 1 250448461056740.94
a 2 43 0 1 160581705213696.0
a 2 44 0 1 369003434107524.7
a 2 45 0 1 149331890680142.78
a 2 46 0 1 110876887903915.69
a 2 47 0 1 175499248127517.28
a 2 48 0 1 173859333766826.9
a 2 49 0 1 55091307077929.23
a 2 50 0 1 42423596980197.336
a 2 51 0 1 309326015683683.2
a 2 52 0 1 318346754774210.9
a 2 53 0 1 176370760316124.4
a 2 54 0 1 171869295750812.8
a 2 55 0 1 236662307892743.47
a 2 56 0 1 392573154808332.94
a 2 57 0 1 221624961435244.25
a 2 58 0 1 27241169918413.18
a 2 59 0 1 214944441119173.06
a 2 60 0 1 161562607598042.47
a 2 61 0 1 207840418196138.2
a 2 62 0 1 22210145532457.45
a 2 63 0 1 79338977336799.06
a 2 64 0 1 323717367877069.8
a 2 65 0 1 224897843246263.9
a 2 66 0 1 215035508608891.5
a 2 67 0 1 381386242491868.75
a 2 68 0 1 234271245823625.75
a 2 69 0 1 289514291214090.25
a 2 70 0 1 97133884736374.4
a 2 71 0 1 37299664881213.79
a 2 72 0 1 389551242069824.44
a 2 73 0 1 263040088343942.66
a 2 74 0 1 126230976804687.92
a 2 75 0 1 265811351238511.66
a 2 76 0 1 386270315869428.3
a 2 77 0 1 195438481925849.53
a 2 78 0 1 94740380357664.44
a 2 79 0 1 231980590344295.03
a 2 80 0 1 310871946417491.44
a 2 81 0 1 50302446436867.89
a 3 15 0 1 349773224126506.0
a 3 16 0 1 424673645028788.94
a 3 17 0 1 170498066395311.8
a 3 18 0 1 391277689749745.75
a 3 19 0 1 201605487153683.97
a 3 20 0 1 128909407731240.42
a 3 21 0 1 103148617955937.94
a 3 22 0 1 369638912622711.8
a 3 23 0 1 41494213980876.875
a 3 24 0 1 357794712924567.2
a 3 25 0 1 262894058137920.97
a 3 26 0 1 528129215890022.8
a 3 27 0 1 218178745264907.06
a 3 28 0 1 247751154557196.25
a 3 29 0 1 109389911064358.44
a 3 30 0 1 229823153004323.03
a 3 31 0 1 153742953059295.25
a 3 32 0 1 511802083054831.56
a 3 33 0 1 44403413504621.24
a 3 34 0 1 49666429937976.164
a 3 35 0 1 18006879828629.367
a 3 36 0 1 381201001137658.56
a 3 37 0 1 59174806411903.87
a 3 38 0 1 378972983502126.06
a 3 39 0 1 171256664852885.6
a 3 40 0 1 338236230630509.7
a 3 41 0 1 605655631829394.5
a 3 42 0 1 377523669993313.6
a 3 43 0 1 240781881946014.94
a 3 44 0 1 560234873143058.56
a 3 45 0 1 223767131281885.0
a 3 46 0 1 165775364894351.0
a 3 47 0 1 263378821248789.4
a 3 48 0 1 260892739377434.7
a 3 49 0 1 82106758149218.22
a 3 50 0 1 63181787247068.46
a 3 51 0 1 467925578653430.7
a 3 52 0 1 481834549416072.25
a 3 53 0 1 264700215849521.9
a 3 54 0 1 257876526346731.3
a 3 55 0 1 356450269246714.6
a 3 56 0 1 596885336835852.1
a 3 57 0 1 333504485087526.0
a 3 58 0 1 40535751776196.15
a 3 59 0 1 323323922111262.6
a 3 60 0 1 242266516640561.97
a 3 61 0 1 312506962611054.0
a 3 62 0 1 33040068455093.12
a 3 63 0 1 118408056299059.12
a 3 64 0 1 490122880792579.44
a 3 65 0 1 338495085053216.7
a 3 66 0 1 323462646336629.75
a 3 67 0 1 579476138247567.5
a 3 68 0 1 352798904351977.5
a 3 69 0 1 437432850489291.5
a 3 70 0 1 145113290332075.1
a 3 71 0 1 55534602127689.45
a 3 72 0 1 592180142417821.9
a 3 73 0 1 396802120719503.5
a 3 74 0 1 188898711376010.03
a 3 75 0 1 401049062585589.06
a 3 76 0 1 587073720748784.0
a 3 77 0 1 293645230243298.8
a 3 78 0 1 141518109925011.97
a 3 79 0 1 349301862523433.1
a 3 80 0 1 470308119895172.1
a 3 81 0 1 74949216316366.16
a 4 15 0 1 200244195219847.94
a 4 16 0 1 242225896847155.12
a 4 17 0 1 98470832522520.17
a 4 18 0 1 223546768787925.5
a 4 19 0 1 116260463622031.73
a 4 20 0 1 74602052400905.3
a 4 21 0 1 59768466510233.58
a 4 22 0 1 211409919670182.7
a 4 23 0 1 24115185759755.684
a 4 24 0 1 204755451877067.0
a 4 25 0 1 151150258569940.34
a 4 26 0 1 299688791614740.4
a 4 27 0 1 125716053192563.27
a 4 28 0 1 142549575112135.28
a 4 29 0 1 63365755390439.0
a 4 30 0 1 132350300269488.97
a 4 31 0 1 88866365128518.36
a 4 32 0 1 290660575760877.5
a 4 33 0 1 25802303659573.44
a 4 34 0 1 28853252717647.86
a 4 35 0 1 10476907276421.922
a 4 36 0 1 217898216585963.9
a 4 37 0 1 34361279180524.863
a 4 38 0 1 216648509617919.8
a 4 39 0 1 98905306683280.4
a 4 40 0 1 193749438755123.8
a 4 41 0 1 342350414460405.9
a 4 42 0 1 215835430826716.6
a 4 43 0 1 138586898943390.12
a 4 44 0 1 317397598216451.75
a 4 45 0 1 128900917246062.19
a 4 46 0 1 95765257561802.86
a 4 47 0 1 151425374430588.9
a 4 48 0 1 150014316759411.12
a 4 49 0 1 47624453882222.88
a 4 50 0 1 36680929296748.98
a 4 51 0 1 266323575286064.88
a 4 52 0 1 274050323100131.8
a 4 53 0 1 152175233303062.94
a 4 54 0 1 148301896757120.16
a 4 55 0 1 203999595912322.06
a 4 56 0 1 337541437194418.4
a 4 57 0 1 191083519843913.8
a 4 58 0 1 23559245478259.1
a 4 59 0 1 185343376815244.3
a 4 60 0 1 139431281052411.48
a 4 61 0 1 179237982320068.34
a 4 62 0 1 19209720291561.473
a 4 63 0 1 68559667269399.77
a 4 64 0 1 278649447913784.62
a 4 65 0 1 193895243677117.4
a 4 66 0 1 185421633628258.28
a 4 67 0 1 327982534643078.2
a 4 68 0 1 201946255260604.53
a 4 69 0 1 249345698915747.06
a 4 70 0 1 83913448976418.86
a 4 71 0 1 32253175608620.184
a 4 72 0 1 334959650874347.2
a 4 73 0 1 226641079352651.0
a 4 74 0 1 109000336454986.69
a 4 75 0 1 229018673283424.6
a 4 76 0 1 332156278934076.0
a 4 77 0 1 168576052254946.25
a 4 78 0 1 81848790776012.83
a 4 79 0 1 199978989715189.44
a 4 80 0 1 267647911475878.66
a 4 81 0 1 43487909636306.945
a 5 15 0 1 266807831712053.47
a 5 16 0 1 323272850999948.44
a 5 17 0 1 130692874179326.23
a 5 18 0 1 298126328518862.06
a 5 19 0 1 154408001843023.06
a 5 20 0 1 98924331001071.06
a 5 21 0 1 79210343438518.81
a 5 22 0 1 281807275023583.44
a 5 23 0 1 31916889423913.21
a 5 24 0 1 272866421271646.22
a 5 25 0 1 201013625925682.3
a 5 26 0 1 400868344324636.6
a 5 27 0 1 167026327109210.66
a 5 28 0 1 189513183754851.9
a 5 29 0 1 83989143389292.4
a 5 30 0 1 175885111760702.2
a 5 31 0 1 117902701187500.05
a 5 32 0 1 388653139421221.6
a 5 33 0 1 34151970498532.395
a 5 34 0 1 38194561266281.88
a 5 35 0 1 13859336018495.016
a 5 36 0 1 290529401736869.8
a 5 37 0 1 45495186218641.305
a 5 38 0 1 288849089229975.8
a 5 39 0 1 131271681020006.4
a 5 40 0 1 258089200860994.9
a 5 41 0 1 458711666712280.75
a 5 42 0 1 287755941220285.0
a 5 43 0 1 184217054923216.6
a 5 44 0 1 424854527701997.3
a 5 45 0 1 171278545565843.28
a 5 46 0 1 127088937654804.92
a 5 47 0 1 201381625139574.3
a 5 48 0 1 199494255982333.03
a 5 49 0 1 63087277918114.98
a 5 50 0 1 48570673556800.695
a 5 51 0 1 355769582221808.56
a 5 52 0 1 366202766899802.9
a 5 53 0 1 202384687885562.34
a 5 54 0 1 197204075667854.12
a 5 55 0 1 271851160858803.66
a 5 56 0 1 452181217767614.75
a 5 57 0 1 254511734075158.62
a 5 58 0 1 31180445693581.81
a 5 59 0 1 246811431623010.56
a 5 60 0 1 185345437884057.4
a 5 61 0 1 238624960476846.28
a 5 62 0 1 25419766635617.836
a 5 63 0 1 90891264698657.31
a 5 64 0 1 372415910710785.06
a 5 65 0 1 258284881985962.53
a 5 66 0 1 246916388422601.56
a 5 67 0 1 439208185045830.7
a 5 68 0 1 269093434178397.3
a 5 69 0 1 332867666063855.06
a 5 70 0 1 111310614430779.03
a 5 71 0 1 42700640036853.95
a 5 72 0 1 448676295482702.1
a 5 73 0 1 302289416307061.25
a 5 74 0 1 144725711189317.2
a 5 75 0 1 305488929389523.4
a 5 76 0 1 444871401278644.06
a 5 77 0 1 224338209295971.66
a 5 78 0 1 108563390682113.78
a 5 79 0 1 266451729530335.53
a 5 80 0 1 357557330212274.2
a 5 81 0 1 57598740543888.24
a 6 15 0 1 291163626749145.2
a 6 16 0 1 352996100005050.75
a 6 17 0 1 142419335116747.47
a 6 18 0 1 325449757575729.0
a 6 19 0 1 168303864560113.16
a 6 20 0 1 107764865212349.11
a 6 21 0 1 86271555851611.89
a 6 22 0 1 307581443005307.5
a 6 23 0 1 34745262027638.773
a 6 24 0 1 297794481463597.6
a 6 25 0 1 219210731396534.62
a 6 26 0 1 438093549696504.56
a 6 27 0 1 182081765193953.84
a 6 28 0 1 206644220404247.28
a 6 29 0 1 91480866872730.72
a 6 30 0 1 191756838911964.53
a 6 31 0 1 128464503636688.2
a 6 32 0 1 424687602481644.2
a 6 33 0 1 37179258014322.61
a 6 34 0 1 41581909450943.37
a 6 35 0 1 15084726982894.838
a 6 36 0 1 317130818064127.8
a 6 37 0 1 49533703377681.12
a 6 38 0 1 315290995164824.75
a 6 39 0 1 143050936009841.8
a 6 40 0 1 281623007809791.94
a 6 41 0 1 501625665982308.75
a 6 42 0 1 314094111977482.6
a 6 43 0 1 200858186971569.1
a 6 44 0 1 464428639066383.75
a 6 45 0 1 186725575625113.22
a 6 46 0 1 138486849489878.3
a 6 47 0 1 219612894389323.0
a 6 48 0 1 217550341873205.9
a 6 49 0 1 68699804327010.03
a 6 50 0 1 52883861622305.85
a 6 51 0 1 388616745839946.0
a 6 52 0 1 400058320637799.75
a 6 53 0 1 220709094089526.22
a 6 54 0 1 215047701442550.12
a 6 55 0 1 296683263496368.06
a 6 56 0 1 494448782381332.75
a 6 57 0 1 277708781379658.53
a 6 58 0 1 33943301625422.45
a 6 59 0 1 269284650989419.88
a 6 60 0 1 202090893349740.06
a 6 61 0 1 260330190185820.62
a 6 62 0 1 27670549146434.27
a 6 63 0 1 99005696678935.95
a 6 64 0 1 406873241817437.7
a 6 65 0 1 281837117850012.94
a 6 66 0 1 269399464286495.6
a 6 67 0 1 480194742137921.4
a 6 68 0 1 293665013575102.4
a 6 69 0 1 363510601673765.5
a 6 70 0 1 121273608745326.7
a 6 71 0 1 46489760726062.14
a 6 72 0 1 490597355865794.1
a 6 73 0 1 330009092702458.2
a 6 74 0 1 157734299522928.06
a 6 75 0 1 333513421852455.25
a 6 76 0 1 486416649240839.56
a 6 77 0 1 244706956239585.88
a 6 78 0 1 118277126824338.39
a 6 79 0 1 290773916051004.94
a 6 80 0 1 390577095035567.1
a 6 81 0 1 62719447788718.65
a 7 15 0 1 222424779498920.3
a 7 16 0 1 269202676762406.28
a 7 17 0 1 109236288417969.69
a 7 18 0 1 248383172900244.12
a 7 19 0 1 128999854571806.77
a 7 20 0 1 82733100254755.92
a 7 21 0 1 66270404607287.98
a 7 22 0 1 234861093057036.5
a 7 23 0 1 26726633293811.05
a 7 24 0 1 227448950745096.8
a 7 25 0 1 167787208839732.8
a 7 26 0 1 333314785509023.5
a 7 27 0 1 139508297570408.58
a 7 28 0 1 158222502527609.06
a 7 29 0 1 70262201445347.73
a 7 30 0 1 146882771860582.47
a 7 31 0 1 98569838205412.75
a 7 32 0 1 323235374551367.2
a 7 33 0 1 28597052445244.043
a 7 34 0 1 31979680225777.965
a 7 35 0 1 11609483626904.64
a 7 36 0 1 242089390603770.03
a 7 37 0 1 38087157012280.1
a 7 38 0 1 240697056774302.6
a 7 39 0 1 109718864843123.92
a 7 40 0 1 215192632443357.72
a 7 41 0 1 380976839892691.5
a 7 42 0 1 239791207278113.4
a 7 43 0 1 153816376672394.25
a 7 44 0 1 353092607741818.8
a 7 45 0 1 143048361292523.97
a 7 46 0 1 106231289347433.61
a 7 47 0 1 168093196607513.4
a 7 48 0 1 166523821252658.28
a 7 49 0 1 52797255605699.62
a 7 50 0 1 40659512010399.41
a 7 51 0 1 296076828748433.0
a 7 52 0 1 304697477350291.56
a 7 53 0 1 168927211340610.28
a 7 54 0 1 164619348176061.9
a 7 55 0 1 226607115133162.56
a 7 56 0 1 375601446681829.44
a 7 57 0 1 212224390243235.88
a 7 58 0 1 26110308745107.375
a 7 59 0 1 205833998541148.3
a 7 60 0 1 154755213011685.8
a 7 61 0 1 199038028528244.12
a 7 62 0 1 21288649178431.46
a 7 63 0 1 76026360103366.92
a 7 64 0 1 309829514011786.0
a 7 65 0 1 215354978045956.78
a 7 66 0 1 205921113926242.8
a 7 67 0 1 364918746943726.25
a 7 68 0 1 224320288296130.9
a 7 69 0 1 277141017052058.56
a 7 70 0 1 93070287833216.0
a 7 71 0 1 35749524425540.98
a 7 72 0 1 372715858817475.9
a 7 73 0 1 251831340997743.88
a 7 74 0 1 120933059581980.1
a 7 75 0 1 254481021505630.53
a 7 76 0 1 369582839613877.25
a 7 77 0 1 187172725401838.2
a 7 78 0 1 90777965616880.86
a 7 79 0 1 222129439489719.84
a 7 80 0 1 297554250281713.1
a 7 81 0 1 48208915955304.266
a 8 15 0 1 206517338513820.72
a 8 16 0 1 249852486948767.94
a 8 17 0 1 101518403280313.36
a 8 18 0 1 230569495073764.56
a 8 19 0 1 119866244173621.58
a 8 20 0 1 76904354459263.11
a 8 21 0 1 61609734478020.21
a 8 22 0 1 218041717189986.8
a 8 23 0 1 24854952651595.74
a 8 24 0 1 211173386670488.47
a 8 25 0 1 155857697025675.97
a 8 26 0 1 309189960775605.2
a 8 27 0 1 129619496130800.84
a 8 28 0 1 146984595365052.34
a 8 29 0 1 65318679527081.75
a 8 30 0 1 136462989023424.8
a 8 31 0 1 91613542099210.12
a 8 32 0 1 299865523978656.75
a 8 33 0 1 26593983877698.004
a 8 34 0 1 29738864722105.35
a 8 35 0 1 10797780936764.799
a 8 36 0 1 224738862316551.28
a 8 37 0 1 35416643144619.28
a 8 38 0 1 223448904174210.66
a 8 39 0 1 101966482460661.12
a 8 40 0 1 199814401345390.53
a 8 41 0 1 353259972499255.5
a 8 42 0 1 222609643761826.8
a 8 43 0 1 142896592488477.72
a 8 44 0 1 327481654083112.9
a 8 45 0 1 132904770445337.9
a 8 46 0 1 98728138174088.53
a 8 47 0 1 156141536101075.1
a 8 48 0 1 154685743464686.94
a 8 49 0 1 49089487636310.8
a 8 50 0 1 37807849035356.51
a 8 51 0 1 274733173061396.62
a 8 52 0 1 282711937984105.06
a 8 53 0 1 156915173960277.1
a 8 54 0 1 152919054501173.66
a 8 55 0 1 210393260226530.28
a 8 56 0 1 348291520716535.8
a 8 57 0 1 197063122947964.2
a 8 58 0 1 24281910407197.074
a 8 59 0 1 191139370970500.03
a 8 60 0 1 143767669799440.6
a 8 61 0 1 184838958942914.3
a 8 62 0 1 19798661986627.77
a 8 63 0 1 70673973449186.05
a 8 64 0 1 287461288710508.8
a 8 65 0 1 199964876323754.16
a 8 66 0 1 191220129286965.47
a 8 67 0 1 338416168616849.8
a 8 68 0 1 208274008962425.56
a 8 69 0 1 257203166578192.97
a 8 70 0 1 86505983771997.14
a 8 71 0 1 33243543677230.59
a 8 72 0 1 345624192857108.44
a 8 73 0 1 233763654137507.8
a 8 74 0 1 112378021113635.62
a 8 75 0 1 236218019165299.16
a 8 76 0 1 342727997123352.06
a 8 77 0 1 173837144880217.88
a 8 78 0 1 84376915573181.5
a 8 79 0 1 206243625908801.75
a 8 80 0 1 276100671187056.78
a 8 81 0 1 44825036367508.61
a 9 15 0 1 379588236156124.0
a 9 16 0 1 461219702066192.8
a 9 17 0 1 184706132230616.47
a 9 18 0 1 424806931193242.5
a 9 19 0 1 218471683597564.84
a 9 20 0 1 139595840036937.61
a 9 21 0 1 111671954751089.62
a 9 22 0 1 401226877775629.8
a 9 23 0 1 44896622950746.87
a 9 24 0 1 388324555632304.75
a 9 25 0 1 285058255994338.7
a 9 26 0 1 574183219000924.8
a 9 27 0 1 236469590191429.3
a 9 28 0 1 268598780070557.06
a 9 29 0 1 118436044172773.94
a 9 30 0 1 249118496767745.53
a 9 31 0 1 166527832327390.44
a 9 32 0 1 556339074938824.56
a 9 33 0 1 48045690926303.43
a 9 34 0 1 53743094232314.76
a 9 35 0 1 19479074459418.16
a 9 36 0 1 413824922761749.8
a 9 37 0 1 64037697780694.11
a 9 38 0 1 411397042206485.2
a 9 39 0 1 185529307444760.38
a 9 40 0 1 367025647484727.56
a 9 41 0 1 658998619239440.5
a 9 42 0 1 409817778907147.75
a 9 43 0 1 261025251139862.4
a 9 44 0 1 609290171465648.2
a 9 45 0 1 242539690345092.4
a 9 46 0 1 179581679320143.47
a 9 47 0 1 285585248439941.6
a 9 48 0 1 282882649904116.8
a 9 49 0 1 88873529563273.23
a 9 50 0 1 68376565809052.34
a 9 51 0 1 508416586776408.94
a 9 52 0 1 523603315730727.56
a 9 53 0 1 287021780165861.8
a 9 54 0 1 279603931105687.0
a 9 55 0 1 386860202244253.06
a 9 56 0 1 649396586262175.0
a 9 57 0 1 361874124697514.5
a 9 58 0 1 43859171988451.2
a 9 59 0 1 350792078383325.75
a 9 60 0 1 262638519692796.12
a 9 61 0 1 339019799896074.44
a 9 62 0 1 35746404984186.26
a 9 63 0 1 128211026060946.22
a 9 64 0 1 532655188520344.94
a 9 65 0 1 367307480569939.8
a 9 66 0 1 350943071111493.4
a 9 67 0 1 630341809616083.2
a 9 68 0 1 382883379366903.8
a 9 69 0 1 475138203110737.8
a 9 70 0 1 157167482971887.2
a 9 71 0 1 60096272689198.41
a 9 72 0 1 644245928246270.9
a 9 73 0 1 430828666057897.1
a 9 74 0 1 204676615822326.16
a 9 75 0 1 435458382590088.5
a 9 76 0 1 638656654250189.4
a 9 77 0 1 318498441147786.25
a 9 78 0 1 153268357572079.5
a 9 79 0 1 379074914129783.0
a 9 80 0 1 511017684980786.7
a 9 81 0 1 81120577695819.55
a 10 15 0 1 382611729911946.9
a 10 16 0 1 464928950131986.5
a 10 17 0 1 186144098741774.72
a 10 18 0 1 428208683305146.1
a 10 19 0 1 220179249328240.28
a 10 20 0 1 140676906861768.66
a 10 21 0 1 112533960780522.58
a 10 22 0 1 404430885202207.8
a 10 23 0 1 45240501556925.016
a 10 24 0 1 391420820285689.6
a 10 25 0 1 287303710628373.3
a 10 26 0 1 578863128052774.0
a 10 27 0 1 238321724822125.88
a 10 28 0 1 270710499884742.9
a 10 29 0 1 119350983768547.23
a 10 30 0 1 251072596223409.97
a 10 31 0 1 167821527724291.78
a 10 32 0 1 560863956076424.1
a 10 33 0 1 48413824030169.38
a 10 34 0 1 54155154480093.805
a 10 35 0 1 19627831522983.223
a 10 36 0 1 417134443947763.44
a 10 37 0 1 64529277131606.73
a 10 38 0 1 414686204887705.5
a 10 39 0 1 186973821458910.7
a 10 40 0 1 369944757071219.5
a 10 41 0 1 664424244373357.6
a 10 42 0 1 413093705152360.44
a 10 43 0 1 263075606740487.28
a 10 44 0 1 614276967765004.0
a 10 45 0 1 244440719647884.97
a 10 46 0 1 180978914256068.16
a 10 47 0 1 287834993385705.06
a 10 48 0 1 285110398210379.0
a 10 49 0 1 89557733259423.86
a 10 50 0 1 68901717029918.16
a 10 51 0 1 512528288478676.0
a 10 52 0 1 527845457398137.5
a 10 53 0 1 289283222762578.6
a 10 54 0 1 281805012208444.9
a 10 55 0 1 389944258977600.3
a 10 56 0 1 654737048804333.0
a 10 57 0 1 364750517560075.4
a 10 58 0 1 44195063903655.36
a 10 59 0 1 353576751262859.7
a 10 60 0 1 264701937696216.38
a 10 61 0 1 341707298259581.94
a 10 62 0 1 36019907997924.73
a 10 63 0 1 129202608437969.08
a 10 64 0 1 536975296515977.06
a 10 65 0 1 370228928606940.4
a 10 66 0 1 353728992089475.25
a 10 67 0 1 635513832528359.1
a 10 68 0 1 385934303332567.6
a 10 69 0 1 478965677696775.06
a 10 70 0 1 158387127510159.34
a 10 71 0 1 60557384657352.234
a 10 72 0 1 649540786660409.1
a 10 73 0 1 434281090826786.1
a 10 74 0 1 206273780250759.88
a 10 75 0 1 438949814443404.3
a 10 76 0 1 643902086706161.6
a 10 77 0 1 321017179220860.6
a 10 78 0 1 154457203086122.0
a 10 79 0 1 382094136657977.94
a 10 80 0 1 515151695075633.5
a 10 81 0 1 81744531013098.62
a 11 15 0 1 114965413665821.89
a 11 16 0 1 138781502778902.17
a 11 17 0 1 56816769029855.5
a 11 18 0 1 128197192826836.53
a 11 19 0 1 67023061133837.02
a 11 20 0 1 43094752360936.75
a 11 21 0 1 34550865914412.277
a 11 22 0 1 121309417603535.6
a 11 23 0 1 13964612040765.328
a 11 24 0 1 117529411943397.8
a 11 25 0 1 86988306678912.72
a 11 26 0 1 171218402688468.4
a 11 27 0 1 72440680049757.95
a 11 28 0 1 82073046527328.39
a 11 29 0 1 36623977962669.05
a 11 30 0 1 76238791873652.22
a 11 31 0 1 51299073920238.67
a 11 32 0 1 166134495834108.62
a 11 33 0 1 14940365793899.47
a 11 34 0 1 16704492799631.135
a 11 35 0 1 6070972904030.844
a 11 36 0 1 124992622330293.5
a 11 37 0 1 19888033145840.07
a 11 38 0 1 124283387464026.92
a 11 39 0 1 57066248445444.45
a 11 40 0 1 111272063275183.22
a 11 41 0 1 195179235558305.2
a 11 42 0 1 123821900835814.67
a 11 43 0 1 79806987636368.55
a 11 44 0 1 181177050526224.34
a 11 45 0 1 74264326848004.83
a 11 46 0 1 55262961653806.74
a 11 47 0 1 87145465570282.02
a 11 48 0 1 86339359033159.75
a 11 49 0 1 27546917016806.008
a 11 50 0 1 21228239309020.023
a 11 51 0 1 152407018755756.22
a 11 52 0 1 156768985028647.3
a 11 53 0 1 87573797932829.23
a 11 54 0 1 85360939939613.31
a 11 55 0 1 117099897097979.92
a 11 56 0 1 192483441563834.28
a 11 57 0 1 109755354903178.73
a 11 58 0 1 13643045965424.129
a 11 59 0 1 106488280738971.8
a 11 60 0 1 80289922302060.69
a 11 61 0 1 103011277574796.03
a 11 62 0 1 11126601693063.172
a 11 63 0 1 39615937665665.16
a 11 64 0 1 159363715650362.7
a 11 65 0 1 111355003789693.5
a 11 66 0 1 106532834090931.72
a 11 67 0 1 187121062116249.06
a 11 68 0 1 115932924179680.97
a 11 69 0 1 142810661749815.47
a 11 70 0 1 48451631457539.47
a 11 71 0 1 18669788430004.215
a 11 72 0 1 191035614738063.0
a 11 73 0 1 129951911065266.83
a 11 74 0 1 62859923279538.69
a 11 75 0 1 131299826689451.53
a 11 76 0 1 189463097961829.22
a 11 77 0 1 96934296258269.58
a 11 78 0 1 47264247242560.88
a 11 79 0 1 114814646837405.5
a 11 80 0 1 153154883723456.3
a 11 81 0 1 25159310260335.48
a 12 15 0 1 238772655296002.94
a 12 16 0 1 289104647041051.4
a 12 17 0 1 117152698426389.62
a 12 18 0 1 266698229681858.16
a 12 19 0 1 138371503212152.86
a 12 20 0 1 88709141819768.17
a 12 21 0 1 71047550580593.0
a 12 22 0 1 252149840230669.34
a 12 23 0 1 28643842252037.234
a 12 24 0 1 244176582189023.16
a 12 25 0 1 180035621705514.7
a 12 26 0 1 358155304025903.44
a 12 27 0 1 149656608474947.16
a 12 28 0 1 169758958373605.97
a 12 29 0 1 75329602360984.9
a 12 30 0 1 157577324822525.78
a 12 31 0 1 105703800790245.58
a 12 32 0 1 347294265175952.8
a 12 33 0 1 30648908161858.836
a 12 34 0 1 34275200716140.41
a 12 35 0 1 12440725455511.615
a 12 36 0 1 259926329155484.38
a 12 37 0 1 40823140163831.41
a 12 38 0 1 258428324906736.84
a 12 39 0 1 117670723492852.52
a 12 40 0 1 230994690073892.7
a 12 41 0 1 409540006730866.6
a 12 42 0 1 257453746023266.34
a 12 43 0 1 165025425144409.94
a 12 44 0 1 379472530059606.25
a 12 45 0 1 153458767465663.7
a 12 46 0 1 113927056099128.19
a 12 47 0 1 180364413754514.7
a 12 48 0 1 178678096195072.12
a 12 49 0 1 56596840670531.016
a 12 50 0 1 43581208650355.38
a 12 51 0 1 318039357669429.56
a 12 52 0 1 327323902951923.56
a 12 53 0 1 181260593681775.8
a 12 54 0 1 176631772035732.0
a 12 55 0 1 243271082859051.6
a 12 56 0 1 403742560788682.44
a 12 57 0 1 227802714106908.16
a 12 58 0 1 27983163668030.797
a 12 59 0 1 220931198944105.75
a 12 60 0 1 166033993975422.84
a 12 61 0 1 213624404571982.25
a 12 62 0 1 22814744270755.55
a 12 63 0 1 81513394786895.75
a 12 64 0 1 332851844519348.9
a 12 65 0 1 231169277357222.44
a 12 66 0 1 221024868005470.56
a 12 67 0 1 392222771890713.8
a 12 68 0 1 240811382002788.66
a 12 69 0 1 297650226582183.7
a 12 70 0 1 99801630917773.58
a 12 71 0 1 38316842341282.27
a 12 72 0 1 400630641273216.4
a 12 73 0 1 270408660224567.6
a 12 74 0 1 129709871911443.62
a 12 75 0 1 273260023723074.3
a 12 76 0 1 397252066650809.7
a 12 77 0 1 200869294118174.6
a 12 78 0 1 97341650364743.33
a 12 79 0 1 238455006498206.3
a 12 80 0 1 319630458201035.44
a 12 81 0 1 51676330139147.98
a 13 15 0 1 242990831419658.72
a 13 16 0 1 294242518772709.9
a 13 17 0 1 119192843264014.62
a 13 18 0 1 271425337583919.78
a 13 19 0 1 140787188090750.75
a 13 20 0 1 90248799823959.25
a 13 21 0 1 72278113305204.64
a 13 22 0 1 256611394127209.16
a 13 23 0 1 29137498722537.676
a 13 24 0 1 248492982757408.84
a 13 25 0 1 183194152651033.12
a 13 26 0 1 364572701558379.4
a 13 27 0 1 152272784238940.6
a 13 28 0 1 172733588139058.12
a 13 29 0 1 76634987804573.62
a 13 30 0 1 160334536847459.16
a 13 31 0 1 107542092053815.75
a 13 32 0 1 353509029105966.94
a 13 33 0 1 31177244728505.086
a 13 34 0 1 34866299882844.37
a 13 35 0 1 12654725808378.979
a 13 36 0 1 264529715817185.53
a 13 37 0 1 41527703906530.164
a 13 38 0 1 263004369859850.03
a 13 39 0 1 119720014354061.19
a 13 40 0 1 235071708332705.4
a 13 41 0 1 416923115022469.3
a 13 42 0 1 262012008030138.22
a 13 43 0 1 167915497084651.9
a 13 44 0 1 386289145594312.4
a 13 45 0 1 156142611792917.47
a 13 46 0 1 115910275381702.86
a 13 47 0 1 183528835758796.88
a 13 48 0 1 181812308783965.0
a 13 49 0 1 57575451308170.8
a 13 50 0 1 44333617113136.414
a 13 51 0 1 323710875715969.5
a 13 52 0 1 333167425785990.75
a 13 53 0 1 184441075096848.12
a 13 54 0 1 179729341928854.72
a 13 55 0 1 247571015944102.03
a 13 56 0 1 411016129871181.4
a 13 57 0 1 231821877458628.38
a 13 58 0 1 28465396452113.723
a 13 59 0 1 224825962162715.56
a 13 60 0 1 168942074696828.72
a 13 61 0 1 217387107122841.25
a 13 62 0 1 23207671735985.496
a 13 63 0 1 82926965700441.98
a 13 64 0 1 338797955607966.6
a 13 65 0 1 235249461278191.62
a 13 66 0 1 224921325637690.97
a 13 67 0 1 399279123224030.75
a 13 68 0 1 245066600412935.47
a 13 69 0 1 302945328845137.8
a 13 70 0 1 101536073366341.72
a 13 71 0 1 38977955675419.24
a 13 72 0 1 407845473953073.9
a 13 73 0 1 275203640286057.6
a 13 74 0 1 131972033727648.81
a 13 75 0 1 278107201805141.88
a 13 76 0 1 404403178437031.5
a 13 77 0 1 204402006255503.75
a 13 78 0 1 99032851783880.52
a 13 79 0 1 242667412751878.6
a 13 80 0 1 325331426270488.3
a 13 81 0 1 52569344804919.75
a 14 15 0 1 122009000729342.8
a 14 16 0 1 147309146542472.66
a 14 17 0 1 60273032716657.79
a 14 18 0 1 136064226926020.47
a 14 19 0 1 71105290622603.8
a 14 20 0 1 45711882727847.32
a 14 21 0 1 36646937071748.516
a 14 22 0 1 128747475506275.75
a 14 23 0 1 14809663473245.025
a 14 24 0 1 124732354999975.52
a 14 25 0 1 92299555960276.7
a 14 26 0 1 181781252872515.66
a 14 27 0 1 76855814397465.66
a 14 28 0 1 87081165636730.61
a 14 29 0 1 38846380442770.33
a 14 30 0 1 80887577697090.11
a 14 31 0 1 54417579441918.445
a 14 32 0 1 176377295057620.62
a 14 33 0 1 15844571556542.621
a 14 34 0 1 17715683210226.797
a 14 35 0 1 6437996366051.561
a 14 36 0 1 132659983289203.88
a 14 37 0 1 21092404538782.13
a 14 38 0 1 131906577954611.38
a 14 39 0 1 60537794437049.22
a 14 40 0 1 118086279138891.67
a 14 41 0 1 207255883693936.62
a 14 42 0 1 131416354495898.42
a 14 43 0 1 84675478710430.08
a 14 44 0 1 192367990205247.06
a 14 45 0 1 78791620860158.89
a 14 46 0 1 58624065077570.81
a 14 47 0 1 92466413045322.8
a 14 48 0 1 91610566037522.88
a 14 49 0 1 29216654346736.67
a 14 50 0 1 22513980929356.59
a 14 51 0 1 161787608585141.38
a 14 52 0 1 166423231794829.75
a 14 53 0 1 92921179467560.14
a 14 54 0 1 90571787165712.89
a 14 55 0 1 124276138252304.45
a 14 56 0 1 204389331106716.1
a 14 57 0 1 116475437361537.08
a 14 58 0 1 14468605786851.158
a 14 59 0 1 113005713173615.48
a 14 60 0 1 85188163937221.75
a 14 61 0 1 109313216277774.0
a 14 62 0 1 11799681004624.424
a 14 63 0 1 42020777054277.68
a 14 64 0 1 169180886800464.28
a 14 65 0 1 118174368303229.95
a 14 66 0 1 113053028991429.22
a 14 67 0 1 198687619504470.2
a 14 68 0 1 123036631603352.5
a 14 69 0 1 151590231509923.97
a 14 70 0 1 51396012735782.414
a 14 71 0 1 19800217555060.7
a 14 72 0 1 202849841679714.6
a 14 73 0 1 137928345995132.17
a 14 74 0 1 66686633295589.445
a 14 75 0 1 139360331559983.77
a 14 76 0 1 201177804925799.22
a 14 77 0 1 102860042405555.1
a 14 78 0 1 50136054451730.29
a 14 79 0 1 121848866647064.8
a 14 80 0 1 162582371657064.1
a 14 81 0 1 26683879411207.94
a 15 1 0 1 0
a 16 1 0 1 0
a 17 1 0 1 0
a 18 1 0 1 0
a 19 1 0 1 0
a 20 1 0 1 0
a 21 1 0 1 0
a 22 1 0 1 0
a 23 1 0 1 0
a 24 1 0 1 0
a 25 1 0 1 0
a 26 1 0 1 0
a 27 1 0 1 0
a 28 1 0 1 0
a 29 1 0 1 0
a 30 1 0 1 0
a 31 1 0 1 0
a 32 1 0 1 0
a 33 1 0 1 0
a 34 1 0 1 0
a 35 1 0 1 0
a 36 1 0 1 0
a 37 1 0 1 0
a 38 1 0 1 0
a 39 1 0 1 0
a 40 1 0 1 0
a 41 1 0 1 0
a 42 1 0 1 0
a 43 1 0 1 0
a 44 1 0 1 0
a 45 1 0 1 0
a 46 1 0 1 0
a 47 1 0 1 0
a 48 1 0 1 0
a 49 1 0 1 0
a 50 1 0 1 0
a 51 1 0 1 0
a 52 1 0 1 0
a 53 1 0 1 0
a 54 1 0 1 0
a 55 1 0 1 0
a 56 1 0 1 0
a 57 1 0 1 0
a 58 1 0 1 0
a 59 1 0 1 0
a 60 1 0 1 0
a 61 1 0 1 0
a 62 1 0 1 0
a 63 1 0 1 0
a 64 1 0 1 0
a 65 1 0 1 0
a 66 1 0 1 0
a 67 1 0 1 0
a 68 1 0 1 0
a 69 1 0 1 0
a 70 1 0 1 0
a 71 1 0 1 0
a 72 1 0 1 0
a 73 1 0 1 0
a 74 1 0 1 0
a 75 1 0 1 0
a 76 1 0 1 0
a 77 1 0 1 0
a 78 1 0 1 0
a 79 1 0 1 0
a 80 1 0 1 0
a 81 1 0 1 0
