p min 81 937
n 0 13
n 1 -13
a 0 2 0 1 0
a 0 3 0 1 0
a 0 4 0 1 0
a 0 5 0 1 0
a 0 6 0 1 0
a 0 7 0 1 0
a 0 8 0 1 0
a 0 9 0 1 0
a 0 10 0 1 0
a 0 11 0 1 0
a 0 12 0 1 0
a 0 13 0 1 0
a 0 14 0 1 0
a 2 15 0 1 463114777368604.4
a 2 16 0 1 705294289330353.9
a 2 17 0 1 737985286174997.2
a 2 18 0 1 525527329363683.6
a 2 19 0 1 150905635454519.22
a 2 20 0 1 188837643407366.1
a 2 21 0 1 231869360207518.78
a 2 22 0 1 366212068647414.8
a 2 23 0 1 452453566851362.6
a 2 24 0 1 41637762937763.445
a 2 25 0 1 445768843847637.5
a 2 26 0 1 63159035557774.84
a 2 27 0 1 10012636420476.564
a 2 28 0 1 381744905614313.25
a 2 29 0 1 105410187414940.08
a 2 30 0 1 102652783296605.48
a 2 31 0 1 340104090633014.7
a 2 32 0 1 237917567786069.4
a 2 33 0 1 131386312352196.97
a 2 34 0 1 669073832855108.1
a 2 35 0 1 382204777249286.56
a 2 36 0 1 586835474447354.2
a 2 37 0 1 506266174614780.1
a 2 38 0 1 741970748112805.9
a 2 39 0 1 124849101063525.2
a 2 40 0 1 286003663711659.94
a 2 41 0 1 584261222320603.9
a 2 42 0 1 148179260209432.75
a 2 43 0 1 458472732796308.56
a 2 44 0 1 201549173834209.2
a 2 45 0 1 442636512401373.0
a 2 46 0 1 504079680532958.4
a 2 47 0 1 110537892819633.77
a 2 48 0 1 417128278523495.44
a 2 49 0 1 303855559347790.6
a 2 50 0 1 259153294244336.16
a 2 51 0 1 218564781457962.6
a 2 52 0 1 339099552765265.94
a 2 53 0 1 292630448264068.44
a 2 54 0 1 538823794367854.56
a 2 55 0 1 666241579829658.4
a 2 56 0 1 412565234361684.44
a 2 57 0 1 122771242716716.9
a 2 58 0 1 177808202697037.72
a 2 59 0 1 248446109829943.3
a 2 60 0 1 110872611865873.84
a 2 61 0 1 244198697018783.12
a 2 62 0 1 369985224358037.44
a 2 63 0 1 739451684247664.5
a 2 64 0 1 723507331737065.6
a 2 65 0 1 573779512754268.5
a 2 66 0 1 410384071378131.44
a 2 67 0 1 210208642098778.6
a 2 68 0 1 546656443799971.4
a 2 69 0 1 409395948124786.1
a 2 70 0 1 500615477733676.8
a 2 71 0 1 445065648902801.1
a 2 72 0 1 180035636368103.16
a 2 73 0 1 62150536462137.4
a 2 74 0 1 441899713157252.7
a 2 75 0 1 513463157626426.25
a 2 76 0 1 95993252475090.77
a 2 77 0 1 366258225290492.5
a 2 78 0 1 437796117862576.1
a 2 79 0 1 710471297172808.6
a 2 80 0 1 614298404510991.9
a 3 15 0 1 364858831762917.4
a 3 16 0 1 552301521235938.25
a 3 17 0 1 577421643297877.2
a 3 18 0 1 413390448511450.25
a 3 19 0 1 119792286273142.56
a 3 20 0 1 149767906599352.97
a 3 21 0 1 183706881141702.3
a 3 22 0 1 289202178682226.44
a 3 23 0 1 356553256244492.9
a 3 24 0 1 33138589675095.848
a 3 25 0 1 351343251485503.75
a 3 26 0 1 50241430589374.43
a 3 27 0 1 7974759046326.749
a 3 28 0 1 301354292565270.56
a 3 29 0 1 83767462448373.1
a 3 30 0 1 81581535187386.19
a 3 31 0 1 268755322581438.4
a 3 32 0 1 188471380253400.0
a 3 33 0 1 104345854106591.27
a 3 34 0 1 524418296500253.7
a 3 35 0 1 301713928874683.56
a 3 36 0 1 460911666564546.2
a 3 37 0 1 398429650010197.25
a 3 38 0 1 580481118875769.6
a 3 39 0 1 99169457849498.64
a 3 40 0 1 226301168649512.6
a 3 41 0 1 458919348003714.7
a 3 42 0 1 117635665582202.9
a 3 43 0 1 361243018332084.9
a 3 44 0 1 159800841137505.8
a 3 45 0 1 348901335836558.0
a 3 46 0 1 396730389364144.0
a 3 47 0 1 87831676854355.05
a 3 48 0 1 329001087387650.3
a 3 49 0 1 240322642555275.34
a 3 50 0 1 205188741693548.47
a 3 51 0 1 173221194576340.0
a 3 52 0 1 267968071468882.84
a 3 53 0 1 231507509268356.66
a 3 54 0 1 423709616718117.06
a 3 55 0 1 522235717537342.5
a 3 56 0 1 325438520993794.3
a 3 57 0 1 97523796131405.12
a 3 58 0 1 141057598849502.1
a 3 59 0 1 196761918735933.94
a 3 60 0 1 88096940243022.47
a 3 61 0 1 193417872983145.06
a 3 62 0 1 292154976483081.44
a 3 63 0 1 578547412772604.2
a 3 64 0 1 566302026448589.4
a 3 65 0 1 450804370960808.5
a 3 66 0 1 323735302638966.4
a 3 67 0 1 166632025193965.84
a 3 68 0 1 429785094241923.25
a 3 69 0 1 322963638979162.9
a 3 70 0 1 394037751526708.94
a 3 71 0 1 350795085712969.5
a 3 72 0 1 142817050370426.34
a 3 73 0 1 49440370477001.93
a 3 74 0 1 348326882503273.4
a 3 75 0 1 404021526517486.75
a 3 76 0 1 76301018040235.2
a 3 77 0 1 289238303337149.6
a 3 78 0 1 345127078198874.56
a 3 79 0 1 556282508038272.25
a 3 80 0 1 482149710701013.94
a 4 15 0 1 291037698673878.5
a 4 16 0 1 438599572789723.1
a 4 17 0 1 458271566189269.56
a 4 18 0 1 329373336075496.2
a 4 19 0 1 96098825519937.11
a 4 20 0 1 120063281689720.84
a 4 21 0 1 147156172209906.5
a 4 22 0 1 231096993848244.34
a 4 23 0 1 284468030566159.7
a 4 24 0 1 26636569104898.85
a 4 25 0 1 280345603528539.72
a 4 26 0 1 40368088018696.266
a 4 27 0 1 6413698349458.422
a 4 28 0 1 240739387789002.8
a 4 29 0 1 67254460610169.91
a 4 30 0 1 65502698583669.25
a 4 31 0 1 214860372085651.16
a 4 32 0 1 150956166586327.84
a 4 33 0 1 83737013347454.25
a 4 34 0 1 416734898567379.25
a 4 35 0 1 241024665154839.28
a 4 36 0 1 366823360541253.8
a 4 37 0 1 317565242925372.4
a 4 38 0 1 460665806379087.94
a 4 39 0 1 79592369482255.64
a 4 40 0 1 181097848229037.94
a 4 41 0 1 365255020817871.94
a 4 42 0 1 94373404935471.95
a 4 43 0 1 288177931352911.2
a 4 44 0 1 128076843189184.16
a 4 45 0 1 278413077479231.72
a 4 46 0 1 316223527450207.0
a 4 47 0 1 70510981913354.31
a 4 48 0 1 262655627176448.56
a 4 49 0 1 192256179221822.22
a 4 50 0 1 164282655945442.06
a 4 51 0 1 138790192318583.8
a 4 52 0 1 214234910171688.22
a 4 53 0 1 185241928262033.84
a 4 54 0 1 337512935499981.1
a 4 55 0 1 415022148039417.75
a 4 56 0 1 259833124123751.88
a 4 57 0 1 78274512624998.38
a 4 58 0 1 113103116255262.25
a 4 59 0 1 157566391220396.5
a 4 60 0 1 70723507683562.33
a 4 61 0 1 154900419382459.34
a 4 62 0 1 233440476373188.28
a 4 63 0 1 459152597242881.5
a 4 64 0 1 449566650122324.8
a 4 65 0 1 358865384415079.44
a 4 66 0 1 258483550865743.12
a 4 67 0 1 133530951289173.95
a 4 68 0 1 342303266225840.8
a 4 69 0 1 257872074220049.2
a 4 70 0 1 314097227302305.25
a 4 71 0 1 279911806212908.88
a 4 72 0 1 114509271220690.58
a 4 73 0 1 39725171370099.36
a 4 74 0 1 277958423590698.34
a 4 75 0 1 321979740323553.2
a 4 76 0 1 61270266682026.28
a 4 77 0 1 231125666100437.28
a 4 78 0 1 275425693433328.75
a 4 79 0 1 441718795990476.3
a 4 80 0 1 383532280896092.1
a 5 15 0 1 122429107270857.27
a 5 16 0 1 182694063655705.28
a 5 17 0 1 190636809219334.12
a 5 18 0 1 138202090852839.25
a 5 19 0 1 40951228473810.02
a 5 20 0 1 51082421520115.95
a 5 21 0 1 62497342778121.516
a 5 22 0 1 97602434116894.67
a 5 23 0 1 119717826413330.44
a 5 24 0 1 11402921696673.826
a 5 25 0 1 118015283966138.86
a 5 26 0 1 17265665375065.635
a 5 27 0 1 2749313891417.162
a 5 28 0 1 101609742061217.12
a 5 29 0 1 28714192811461.523
a 5 30 0 1 27969511558762.637
a 5 31 0 1 90842861117537.42
a 5 32 0 1 64095082207074.15
a 5 33 0 1 35712539189144.91
a 5 34 0 1 173840820381534.94
a 5 35 0 1 101728222047310.8
a 5 36 0 1 153531628637343.72
a 5 37 0 1 133352449045615.31
a 5 38 0 1 191602041367880.78
a 5 39 0 1 33954198267376.87
a 5 40 0 1 76739714922845.72
a 5 41 0 1 152891221223301.53
a 5 42 0 1 40220545584119.9
a 5 43 0 1 121249186566130.58
a 5 44 0 1 54463029983709.56
a 5 45 0 1 117216833434021.77
a 5 46 0 1 132800908247942.27
a 5 47 0 1 30098094557690.21
a 5 48 0 1 110698636689555.28
a 5 49 0 1 81407791755768.16
a 5 50 0 1 69691914441745.01
a 5 51 0 1 58976940845131.57
a 5 52 0 1 90582175938381.27
a 5 53 0 1 78474201079354.56
a 5 54 0 1 141540540932069.78
a 5 55 0 1 173146188689552.53
a 5 56 0 1 109529620878274.03
a 5 57 0 1 33394902753036.098
a 5 58 0 1 48143272889467.65
a 5 59 0 1 66872476162816.23
a 5 60 0 1 30188389449449.445
a 5 61 0 1 65752619442691.69
a 5 62 0 1 98576846506758.55
a 5 63 0 1 190992031692731.62
a 5 64 0 1 187124766417924.2
a 5 65 0 1 150280696941475.84
a 5 66 0 1 108970501401469.48
a 5 67 0 1 56761842758839.8
a 5 68 0 1 143503566223595.12
a 5 69 0 1 108717137079520.97
a 5 70 0 1 131926641630220.42
a 5 71 0 1 117836072603946.12
a 5 72 0 1 48737285381269.55
a 5 73 0 1 16991405770015.213
a 5 74 0 1 117028956437977.64
a 5 75 0 1 135166414274243.34
a 5 76 0 1 26169574649982.703
a 5 77 0 1 97614357801988.44
a 5 78 0 1 115982143072444.17
a 5 79 0 1 183954909448735.06
a 5 80 0 1 160345966979257.75
a 6 15 0 1 310929374139172.56
a 6 16 0 1 469134955656020.3
a 6 17 0 1 490255430796798.8
a 6 18 0 1 351993015381417.44
a 6 19 0 1 102510141391649.34
a 6 20 0 1 128097129507553.61
a 6 21 0 1 157035917018631.97
a 6 22 0 1 246774565415470.22
a 6 23 0 1 303894784729114.6
a 6 24 0 1 28398519411035.188
a 6 25 0 1 299481006666613.44
a 6 26 0 1 43042859266468.21
a 6 27 0 1 6836897883561.433
a 6 28 0 1 257090669346811.16
a 6 29 0 1 71725478985465.27
a 6 30 0 1 69856322130046.81
a 6 31 0 1 229407107262678.03
a 6 32 0 1 161095798253873.4
a 6 33 0 1 89315092664102.52
a 6 34 0 1 445668591629857.0
a 6 35 0 1 257395903306136.12
a 6 36 0 1 392133053686572.8
a 6 37 0 1 339341895364402.9
a 6 38 0 1 492826444251177.56
a 6 39 0 1 84891649075178.9
a 6 40 0 1 193307541545746.03
a 6 41 0 1 390451561466212.2
a 6 42 0 1 100668268347850.84
a 6 43 0 1 307867134666204.25
a 6 44 0 1 136655391825834.16
a 6 45 0 1 297412001948701.94
a 6 46 0 1 337904544744579.56
a 6 47 0 1 75200371303624.61
a 6 48 0 1 280544153424751.22
a 6 49 0 1 205236104094619.47
a 6 50 0 1 175335627163118.5
a 6 51 0 1 148098631664062.0
a 6 52 0 1 228738174021433.38
a 6 53 0 1 197737430095195.3
a 6 54 0 1 360715164892495.9
a 6 55 0 1 443830739219105.6
a 6 56 0 1 277523208844018.56
a 6 57 0 1 83485202799329.47
a 6 58 0 1 120664735274909.2
a 6 59 0 1 168158684588500.12
a 6 60 0 1 75427154388721.64
a 6 61 0 1 165310061029832.8
a 6 62 0 1 249281638900548.78
a 6 63 0 1 491201498600297.9
a 6 64 0 1 480908688247172.56
a 6 65 0 1 383601378444677.1
a 6 66 0 1 276078799999871.8
a 6 67 0 1 142480843016760.9
a 6 68 0 1 365848886286865.9
a 6 69 0 1 275424364785814.7
a 6 70 0 1 335626750431945.5
a 6 71 0 1 299016568099047.56
a 6 72 0 1 122166229000841.34
a 6 73 0 1 42357135159920.45
a 6 74 0 1 296925248983574.0
a 6 75 0 1 344071273945847.06
a 6 76 0 1 65340461021229.79
a 6 77 0 1 246805238614567.6
a 6 78 0 1 294213771050936.44
a 6 79 0 1 472483382831773.4
a 6 80 0 1 410050212304750.56
a 7 15 0 1 426265234680314.94
a 7 16 0 1 647690031703552.1
a 7 17 0 1 677497565998501.5
a 7 18 0 1 483429879295269.75
a 7 19 0 1 139293352786404.3
a 7 20 0 1 174247461492875.22
a 7 21 0 1 213871785855689.7
a 7 22 0 1 337374741380269.5
a 7 23 0 1 416493574077084.2
a 7 24 0 1 38470833858016.92
a 7 25 0 1 410365590747722.6
a 7 26 0 1 58344191139110.5
a 7 27 0 1 9253644804750.754
a 7 28 0 1 351634288665879.06
a 7 29 0 1 97338100257578.5
a 7 30 0 1 94794164145859.66
a 7 31 0 1 313397541622014.2
a 7 32 0 1 219438580232779.62
a 7 33 0 1 121297101540617.6
a 7 34 0 1 614641314575399.2
a 7 35 0 1 352056399003063.0
a 7 36 0 1 539515328094364.8
a 7 37 0 1 465795657683841.0
a 7 38 0 1 681130140805579.9
a 7 39 0 1 115268572521986.44
a 7 40 0 1 263675186429025.62
a 7 41 0 1 537161729403111.6
a 7 42 0 1 136780093054131.2
a 7 43 0 1 422010758972594.7
a 7 44 0 1 185955684770318.38
a 7 45 0 1 407493866523554.4
a 7 46 0 1 463793433128369.56
a 7 47 0 1 102068505103484.9
a 7 48 0 1 384101490716215.44
a 7 49 0 1 280087956943315.3
a 7 50 0 1 238979133043949.9
a 7 51 0 1 201624029098191.7
a 7 52 0 1 312474753363014.8
a 7 53 0 1 269768389404626.97
a 7 54 0 1 495599371121210.8
a 7 55 0 1 612056059119572.8
a 7 56 0 1 379915741778376.3
a 7 57 0 1 113352251444360.1
a 7 58 0 1 164086373269473.66
a 7 59 0 1 229127618980529.62
a 7 60 0 1 102377274681122.22
a 7 61 0 1 225219103056865.3
a 7 62 0 1 340838980536630.7
a 7 63 0 1 678834158233641.4
a 7 64 0 1 664299060594425.6
a 7 65 0 1 527577231537701.1
a 7 66 0 1 377914799798722.0
a 7 67 0 1 193930120275057.9
a 7 68 0 1 502766666504934.75
a 7 69 0 1 377008293996808.56
a 7 70 0 1 460621006483460.8
a 7 71 0 1 409720916005358.4
a 7 72 0 1 166138603839715.84
a 7 73 0 1 57413082807116.55
a 7 74 0 1 406818343297694.2
a 7 75 0 1 472385505598210.25
a 7 76 0 1 88649674109867.73
a 7 77 0 1 337417120566055.4
a 7 78 0 1 403055849796676.5
a 7 79 0 1 652411726923209.9
a 7 80 0 1 564616801657940.1
a 8 15 0 1 384603352306633.44
a 8 16 0 1 582891329063568.1
a 8 17 0 1 609502892833889.6
a 8 18 0 1 435895649799996.9
a 8 19 0 1 126083159966394.47
a 8 20 0 1 157661732256114.44
a 8 21 0 1 193429727475773.4
a 8 22 0 1 304707514254031.56
a 8 23 0 1 375828579365085.56
a 8 24 0 1 34860626077974.035
a 8 25 0 1 370324735201056.94
a 8 26 0 1 52857634065173.734
a 8 27 0 1 8387902856295.527
a 8 28 0 1 317535288335688.56
a 8 29 0 1 88147256208337.12
a 8 30 0 1 85845904024448.06
a 8 31 0 1 283128302231642.44
a 8 32 0 1 198452200382583.06
a 8 33 0 1 109815265653880.28
a 8 34 0 1 553363275545505.44
a 8 35 0 1 317914950924393.8
a 8 36 0 1 486151861508143.1
a 8 37 0 1 420080339602591.7
a 8 38 0 1 612744641940262.6
a 8 39 0 1 104364269265088.12
a 8 40 0 1 238340907301297.56
a 8 41 0 1 484044242016260.4
a 8 42 0 1 123811662367518.86
a 8 43 0 1 380783158319960.75
a 8 44 0 1 168233788820064.78
a 8 45 0 1 367745225903824.3
a 8 46 0 1 418284219404868.2
a 8 47 0 1 92426238591031.56
a 8 48 0 1 346726707393050.3
a 8 49 0 1 253130328903934.72
a 8 50 0 1 216077087012299.53
a 8 51 0 1 182377343073692.0
a 8 52 0 1 282297565185192.7
a 8 53 0 1 243832090872192.97
a 8 54 0 1 446806031179288.9
a 8 55 0 1 551052417756074.1
a 8 56 0 1 342964517453823.5
a 8 57 0 1 102631379815932.78
a 8 58 0 1 148484437168457.78
a 8 59 0 1 207192341923366.2
a 8 60 0 1 92705526826498.44
a 8 61 0 1 203666836798086.6
a 8 62 0 1 307824304760970.94
a 8 63 0 1 610695716144096.1
a 8 64 0 1 597721950273477.5
a 8 65 0 1 475460206694912.9
a 8 66 0 1 341165922665646.4
a 8 67 0 1 175432799859801.22
a 8 68 0 1 453230284623859.75
a 8 69 0 1 340351060560002.25
a 8 70 0 1 415438180530420.75
a 8 71 0 1 369745675036021.1
a 8 72 0 1 150338138971980.84
a 8 73 0 1 52014610332926.52
a 8 74 0 1 367138415949648.5
a 8 75 0 1 425991241615034.3
a 8 76 0 1 80286808538800.19
a 8 77 0 1 304745644491722.3
a 8 78 0 1 363758462379531.6
a 8 79 0 1 587108067627787.5
a 8 80 0 1 508622493522730.8
a 9 15 0 1 195095141261306.8
a 9 16 0 1 292353318439939.0
a 9 17 0 1 305233855529189.06
a 9 18 0 1 220470418490607.3
a 9 19 0 1 64895159612452.15
a 9 20 0 1 81005488093328.45
a 9 21 0 1 99183810852715.55
a 9 22 0 1 155267484482731.47
a 9 23 0 1 190738924730702.44
a 9 24 0 1 18034251698408.668
a 9 25 0 1 188004291702894.94
a 9 26 0 1 27317193029171.18
a 9 27 0 1 4345649926052.8105
a 9 28 0 1 161686824876636.34
a 9 29 0 1 45465670418202.56
a 9 30 0 1 44284331966492.78
a 9 31 0 1 144447334626935.06
a 9 32 0 1 101730480709073.75
a 9 33 0 1 56573432944222.59
a 9 34 0 1 278013472785882.7
a 9 35 0 1 161876673248347.4
a 9 36 0 1 245186262930395.34
a 9 37 0 1 212662430298227.62
a 9 38 0 1 306800145401615.75
a 9 39 0 1 53781608537402.055
a 9 40 0 1 121904693916672.67
a 9 41 0 1 244152662313878.0
a 9 42 0 1 63734105618241.234
a 9 43 0 1 193199159192713.3
a 9 44 0 1 86386175641076.1
a 9 45 0 1 186722039866185.03
a 9 46 0 1 211774778902186.53
a 9 47 0 1 47661363316881.92
a 9 48 0 1 176259639946814.6
a 9 49 0 1 129361356572208.94
a 9 50 0 1 110655780476985.56
a 9 51 0 1 93574531866402.39
a 9 52 0 1 144030254426412.47
a 9 53 0 1 124674757358390.06
a 9 54 0 1 225848461700993.56
a 9 55 0 1 276889124200501.44
a 9 56 0 1 174384249194666.66
a 9 57 0 1 52893720402190.3
a 9 58 0 1 76329454702354.94
a 9 59 0 1 106158751432730.23
a 9 60 0 1 47804639090813.53
a 9 61 0 1 104373051840533.06
a 9 62 0 1 156828075904841.9
a 9 63 0 1 305810252649636.3
a 9 64 0 1 299536663823638.94
a 9 65 0 1 239940312936161.94
a 9 66 0 1 173487390956130.38
a 9 67 0 1 90046457990903.38
a 9 68 0 1 229011957850626.75
a 9 69 0 1 173081003679993.2
a 9 70 0 1 210367872340059.72
a 9 71 0 1 187716479225987.97
a 9 72 0 1 77274347079075.64
a 9 73 0 1 26882773244160.543
a 9 74 0 1 186420344220080.03
a 9 75 0 1 215582316007144.9
a 9 76 0 1 41429460115200.375
a 9 77 0 1 155286579847847.12
a 9 78 0 1 184739500638774.1
a 9 79 0 1 294397020792916.94
a 9 80 0 1 256190227202779.3
a 10 15 0 1 305981282347161.2
a 10 16 0 1 461532223533855.9
a 10 17 0 1 482291056159267.1
a 10 18 0 1 346364999241062.2
a 10 19 0 1 100917173669786.25
a 10 20 0 1 126100744134420.25
a 10 21 0 1 154580439990404.44
a 10 22 0 1 242876161641063.62
a 10 23 0 1 299062537377947.06
a 10 24 0 1 27960917990683.664
a 10 25 0 1 294721350504482.25
a 10 26 0 1 42378495375124.67
a 10 27 0 1 6731803396806.879
a 10 28 0 1 253024503010566.34
a 10 29 0 1 70614787771646.94
a 10 30 0 1 68774805148495.516
a 10 31 0 1 225790252544834.5
a 10 32 0 1 158575673186610.88
a 10 33 0 1 87929252408190.55
a 10 34 0 1 438465648130220.06
a 10 35 0 1 253324767220157.78
a 10 36 0 1 385834267753258.56
a 10 37 0 1 333924028445764.56
a 10 38 0 1 484817928426379.25
a 10 39 0 1 83575106697124.02
a 10 40 0 1 190272375443205.94
a 10 41 0 1 384180997016026.1
a 10 42 0 1 99104250386254.73
a 10 43 0 1 302969494004829.4
a 10 44 0 1 134523549567749.98
a 10 45 0 1 292686348695739.8
a 10 46 0 1 332510515762250.94
a 10 47 0 1 74035410307716.19
a 10 48 0 1 276095119959660.47
a 10 49 0 1 202009253695532.84
a 10 50 0 1 172588281670328.3
a 10 51 0 1 145785259253802.72
a 10 52 0 1 225132141442478.88
a 10 53 0 1 194631139005679.06
a 10 54 0 1 354941913129560.3
a 10 55 0 1 436659017026063.0
a 10 56 0 1 273123605071400.2
a 10 57 0 1 82190679322531.64
a 10 58 0 1 118785774023845.03
a 10 59 0 1 165525950923249.72
a 10 60 0 1 74258650079407.66
a 10 61 0 1 162722766672769.1
a 10 62 0 1 245342500643182.3
a 10 63 0 1 483220884110804.25
a 10 64 0 1 473104569628946.0
a 10 65 0 1 377445673715974.7
a 10 66 0 1 271702818172983.38
a 10 67 0 1 140256647374232.38
a 10 68 0 1 359990016909477.44
a 10 69 0 1 271059083086624.5
a 10 70 0 1 330270481952056.7
a 10 71 0 1 294264546106046.5
a 10 72 0 1 120263561645193.25
a 10 73 0 1 41703406274058.555
a 10 74 0 1 292207592922344.25
a 10 75 0 1 338574917221470.4
a 10 76 0 1 64329377659714.33
a 10 77 0 1 242906336607259.28
a 10 78 0 1 289540647553493.7
a 10 79 0 1 464823431367939.3
a 10 80 0 1 403450043985134.06
a 11 15 0 1 147327579772735.75
a 11 16 0 1 220162978615406.84
a 11 17 0 1 229778260768712.8
a 11 18 0 1 166370255232426.5
a 11 19 0 1 49185697878342.72
a 11 20 0 1 61368507752049.92
a 11 21 0 1 75101914690882.11
a 11 22 0 1 117383351881583.11
a 11 23 0 1 144055700926049.6
a 11 24 0 1 13686460742110.838
a 11 25 0 1 142001348089489.03
a 11 26 0 1 20726076941678.242
a 11 27 0 1 3299230899513.794
a 11 28 0 1 122214305595258.38
a 11 29 0 1 34478261420527.31
a 11 30 0 1 33583514492507.35
a 11 31 0 1 109236517952879.77
a 11 32 0 1 77024756497495.94
a 11 33 0 1 42888402894394.8
a 11 34 0 1 209449829461077.9
a 11 35 0 1 122357151423391.25
a 11 36 0 1 184891332432270.7
a 11 37 0 1 160513770453398.62
a 11 38 0 1 230946998299203.53
a 11 39 0 1 40775089955833.75
a 11 40 0 1 92247359033682.88
a 11 41 0 1 184117322500863.53
a 11 42 0 1 48307270447506.43
a 11 43 0 1 145903640855588.22
a 11 44 0 1 65434987967903.914
a 11 45 0 1 141037964451273.6
a 11 46 0 1 159847809224770.6
a 11 47 0 1 36141124548436.13
a 11 48 0 1 133174694276520.66
a 11 49 0 1 97869443199200.67
a 11 50 0 1 83761548410644.05
a 11 51 0 1 70865701540286.03
a 11 52 0 1 108922384689517.36
a 11 53 0 1 94336175149572.98
a 11 54 0 1 170402596538138.66
a 11 55 0 1 208609462248800.8
a 11 56 0 1 131764701676183.3
a 11 57 0 1 40102920655049.67
a 11 58 0 1 57833574186135.875
a 11 59 0 1 80367627484572.75
a 11 60 0 1 36249624435708.45
a 11 61 0 1 79019715718532.12
a 11 62 0 1 118557956733524.1
a 11 63 0 1 230208370447249.72
a 11 64 0 1 225526215969521.66
a 11 65 0 1 180962433978832.0
a 11 66 0 1 131090354940352.44
a 11 67 0 1 68200560323973.62
a 11 68 0 1 172773934241877.44
a 11 69 0 1 130784781414311.22
a 11 70 0 1 158792206722763.94
a 11 71 0 1 141785114484799.84
a 11 72 0 1 58547957856300.16
a 11 73 0 1 20396720604210.117
a 11 74 0 1 140811283684749.3
a 11 75 0 1 162704177372804.38
a 11 76 0 1 31420987963366.754
a 11 77 0 1 117397724953677.55
a 11 78 0 1 139548300481643.47
a 11 79 0 1 221689078709736.53
a 11 80 0 1 193128761529680.84
a 12 15 0 1 83957982123058.48
a 12 16 0 1 125011680443440.62
a 12 17 0 1 130408879249079.61
a 12 18 0 1 94720393435885.45
a 12 19 0 1 28165778381131.047
a 12 20 0 1 35121089347287.47
a 12 21 0 1 42951614360054.32
a 12 22 0 1 66992818488867.695
a 12 23 0 1 82106738187158.4
a 12 24 0 1 7851124527449.472
a 12 25 0 1 80944066538182.06
a 12 26 0 1 11885232899917.238
a 12 27 0 1 1893541333398.6973
a 12 28 0 1 69733267140658.336
a 12 29 0 1 19757976564531.17
a 12 30 0 1 19246082979964.82
a 12 31 0 1 62368387216941.95
a 12 32 0 1 44047132361419.2
a 12 33 0 1 24567296106954.348
a 12 34 0 1 118992059709652.02
a 12 35 0 1 69814279022693.36
a 12 36 0 1 105168321619859.53
a 12 37 0 1 91412649756922.62
a 12 38 0 1 131064551427194.89
a 12 39 0 1 23359178204552.77
a 12 40 0 1 52712675706785.05
a 12 41 0 1 104732083636415.66
a 12 42 0 1 27663950156870.652
a 12 43 0 1 83152385430723.56
a 12 44 0 1 37440827425720.805
a 12 45 0 1 80398752349258.56
a 12 46 0 1 91036391815334.66
a 12 47 0 1 20709197172526.695
a 12 48 0 1 75945860042242.22
a 12 49 0 1 55909766732784.92
a 12 50 0 1 47883698989043.35
a 12 51 0 1 40537342131430.164
a 12 52 0 1 62189998962354.04
a 12 53 0 1 53900723909530.54
a 12 54 0 1 96996732046818.25
a 12 55 0 1 118519589887743.52
a 12 56 0 1 75147025445906.67
a 12 57 0 1 22974866305270.54
a 12 58 0 1 33103815949100.2
a 12 59 0 1 45951199582550.99
a 12 60 0 1 20771257795141.586
a 12 61 0 1 45183517878658.05
a 12 62 0 1 67659256386485.54
a 12 63 0 1 130650183622448.38
a 12 64 0 1 128022790685886.55
a 12 65 0 1 102953613088199.53
a 12 66 0 1 74764932991720.61
a 12 67 0 1 39017924937786.88
a 12 68 0 1 98334970561614.17
a 12 69 0 1 74591783125382.34
a 12 70 0 1 90439941072914.34
a 12 71 0 1 80821674122068.11
a 12 72 0 1 33511548671147.758
a 12 73 0 1 11696554871208.143
a 12 74 0 1 80270434218207.77
a 12 75 0 1 92650019231403.38
a 12 76 0 1 18008693792703.562
a 12 77 0 1 67000973838708.58
a 12 78 0 1 79555438820671.23
a 12 79 0 1 125868652755507.36
a 12 80 0 1 109808898224605.14
a 13 15 0 1 167788977989094.75
a 13 16 0 1 251036280299642.78
a 13 17 0 1 262041058668528.22
a 13 18 0 1 189534590097523.78
a 13 19 0 1 55929098347441.37
a 13 20 0 1 69795648980758.87
a 13 21 0 1 85433557372963.28
a 13 22 0 1 133621703454563.0
a 13 23 0 1 164054046084129.72
a 13 24 0 1 15554174951269.588
a 13 25 0 1 161709154151038.88
a 13 26 0 1 23557056575201.297
a 13 27 0 1 3748846679751.711
a 13 28 0 1 139131723113462.0
a 13 29 0 1 39196149852647.19
a 13 30 0 1 38178429766246.94
a 13 31 0 1 124331654364653.84
a 13 32 0 1 87623600007240.88
a 13 33 0 1 48763582754558.95
a 13 34 0 1 238779123625604.72
a 13 35 0 1 139294661269726.23
a 13 36 0 1 210697586642123.94
a 13 37 0 1 182845388316943.9
a 13 38 0 1 263378929596425.1
a 13 39 0 1 46359224014861.37
a 13 40 0 1 104966320399401.03
a 13 41 0 1 209812910907547.75
a 13 42 0 1 54929474382556.07
a 13 43 0 1 166163466997387.06
a 13 44 0 1 74425340173324.75
a 13 45 0 1 160609576948728.84
a 13 46 0 1 182084817132813.97
a 13 47 0 1 41087631852119.11
a 13 48 0 1 151635964398333.34
a 13 49 0 1 111373560193468.0
a 13 50 0 1 95297609913728.62
a 13 51 0 1 80609149209461.17
a 13 52 0 1 123973488883035.27
a 13 53 0 1 107346716190023.03
a 13 54 0 1 194141024681869.38
a 13 55 0 1 237817824665606.88
a 13 56 0 1 150027114574687.66
a 13 57 0 1 45594517218270.266
a 13 58 0 1 65771611642198.555
a 13 59 0 1 91431321977953.72
a 13 60 0 1 41211052315861.086
a 13 61 0 1 89895924053707.23
a 13 62 0 1 134961338088318.88
a 13 63 0 1 262533405443102.47
a 13 64 0 1 257174120246168.94
a 13 65 0 1 206207178261730.4
a 13 66 0 1 149257687902605.66
a 13 67 0 1 77574289830595.25
a 13 68 0 1 196850259402542.44
a 13 69 0 1 148909035393416.88
a 13 70 0 1 180879284127567.94
a 13 71 0 1 161462348596037.25
a 13 72 0 1 66584802996753.414
a 13 73 0 1 23182593191512.297
a 13 74 0 1 160350855328732.38
a 13 75 0 1 185347092865391.6
a 13 76 0 1 35718806630191.57
a 13 77 0 1 133638095608742.31
a 13 78 0 1 158909387024340.84
a 13 79 0 1 252782680827149.38
a 13 80 0 1 220114178413225.0
a 14 15 0 1 261965372558758.44
a 14 16 0 1 394104910938385.9
a 14 17 0 1 411685249306803.25
a 14 18 0 1 296339405273246.2
a 14 19 0 1 86692645161916.78
a 14 20 0 1 108282073660863.31
a 14 21 0 1 132675635686591.66
a 14 22 0 1 208156399655945.06
a 14 23 0 1 256071471680966.56
a 14 24 0 1 24048158432087.68
a 14 25 0 1 252372616418277.7
a 14 26 0 1 36439707681894.125
a 14 27 0 1 5791756226768.348
a 14 28 0 1 216817530491805.28
a 14 29 0 1 60691319036274.266
a 14 30 0 1 59111671357225.34
a 14 31 0 1 193567689615273.84
a 14 32 0 1 136095813976605.44
a 14 33 0 1 75551356923677.06
a 14 34 0 1 374555115636057.06
a 14 35 0 1 217073746647553.4
a 14 36 0 1 329888962185421.94
a 14 37 0 1 285754903570478.3
a 14 38 0 1 413824339823707.25
a 14 39 0 1 71815227467097.94
a 14 40 0 1 163214164914662.75
a 14 41 0 1 328484572165698.25
a 14 42 0 1 85137769311013.61
a 14 43 0 1 259399878486529.9
a 14 44 0 1 115498803661375.3
a 14 45 0 1 250638529689784.84
a 14 46 0 1 284552032247142.75
a 14 47 0 1 63627713785463.43
a 14 48 0 1 236496161959083.38
a 14 49 0 1 173248475219736.88
a 14 50 0 1 148087931314461.5
a 14 51 0 1 125144796629191.98
a 14 52 0 1 193005597357173.2
a 14 53 0 1 166941099289010.38
a 14 54 0 1 303633816214159.56
a 14 55 0 1 373023259392940.5
a 14 56 0 1 233962400381206.62
a 14 57 0 1 70627190781088.84
a 14 58 0 1 102012921154388.69
a 14 59 0 1 142044622002257.5
a 14 60 0 1 63819340061939.31
a 14 61 0 1 139645515328219.0
a 14 62 0 1 210261576476755.53
a 14 63 0 1 412472405152023.2
a 14 64 0 1 403906941321783.44
a 14 65 0 1 322762342128501.06
a 14 66 0 1 232750828665998.12
a 14 67 0 1 120409822750221.05
a 14 68 0 1 307926071268860.0
a 14 69 0 1 232201866313326.6
a 14 70 0 1 282645688332671.9
a 14 71 0 1 251983370001852.56
a 14 72 0 1 103279551892931.9
a 14 73 0 1 35859614435664.375
a 14 74 0 1 250230549925548.78
a 14 75 0 1 289712305981431.25
a 14 76 0 1 55294826629383.27
a 14 77 0 1 208182156961894.06
a 14 78 0 1 247957746027563.94
a 14 79 0 1 396893042530581.25
a 14 80 0 1 344847885514266.1
a 15 1 0 1 0
a 16 1 0 1 0
a 17 1 0 1 0
a 18 1 0 1 0
a 19 1 0 1 0
a 20 1 0 1 0
a 21 1 0 1 0
a 22 1 0 1 0
a 23 1 0 1 0
a 24 1 0 1 0
a 25 1 0 1 0
a 26 1 0 1 0
a 27 1 0 1 0
a 28 1 0 1 0
a 29 1 0 1 0
a 30 1 0 1 0
a 31 1 0 1 0
a 32 1 0 1 0
a 33 1 0 1 0
a 34 1 0 1 0
a 35 1 0 1 0
a 36 1 0 1 0
a 37 1 0 1 0
a 38 1 0 1 0
a 39 1 0 1 0
a 40 1 0 1 0
a 41 1 0 1 0
a 42 1 0 1 0
a 43 1 0 1 0
a 44 1 0 1 0
a 45 1 0 1 0
a 46 1 0 1 0
a 47 1 0 1 0
a 48 1 0 1 0
a 49 1 0 1 0
a 50 1 0 1 0
a 51 1 0 1 0
a 52 1 0 1 0
a 53 1 0 1 0
a 54 1 0 1 0
a 55 1 0 1 0
a 56 1 0 1 0
a 57 1 0 1 0
a 58 1 0 1 0
a 59 1 0 1 0
a 60 1 0 1 0
a 61 1 0 1 0
a 62 1 0 1 0
a 63 1 0 1 0
a 64 1 0 1 0
a 65 1 0 1 0
a 66 1 0 1 0
a 67 1 0 1 0
a 68 1 0 1 0
a 69 1 0 1 0
a 70 1 0 1 0
a 71 1 0 1 0
a 72 1 0 1 0
a 73 1 0 1 0
a 74 1 0 1 0
a 75 1 0 1 0
a 76 1 0 1 0
a 77 1 0 1 0
a 78 1 0 1 0
a 79 1 0 1 0
a 80 1 0 1 0
